5522.0500 1.29531646
5522.1000 1.34612554
5522.1500 1.39693463
5522.2000 1.44774372
5522.2500 1.49855281
5522.3000 1.52673166
5522.3500 1.54688879
5522.4000 1.56704593
5522.4500 1.58720307
5522.5000 1.60736021
5522.5500 1.60797891
5522.6000 1.58886428
5522.6500 1.56974965
5522.7000 1.55063502
5522.7500 1.53152038
5522.8000 1.53183621
5522.8500 1.58801096
5522.9000 1.64418572
5522.9500 1.70036047
5523.0000 1.75653522
5523.0500 1.81161269
5523.1000 1.81284559
5523.1500 1.81407848
5523.2000 1.81531138
5523.2500 1.81654427
5523.3000 1.81777717
5523.3500 1.86057589
5523.4000 1.91488034
5523.4500 1.96918479
5523.5000 2.02348923
5523.5500 2.07779368
5523.6000 2.05823608
5523.6500 1.97769985
5523.7000 1.89716363
5523.7500 1.81662741
5523.8000 1.73609119
5523.8500 1.67787684
5523.9000 1.66850196
5523.9500 1.65912708
5524.0000 1.6497522
5524.0500 1.64037732
5524.1000 1.63585338
5524.1500 1.68642227
5524.2000 1.73699115
5524.2500 1.78756003
5524.3000 1.83812892
5524.3500 1.8886978
5524.4000 1.90192329
5524.4500 1.90853335
5524.5000 1.91514341
5524.5500 1.92175347
5524.6000 1.92836353
5524.6500 1.95724107
5524.7000 1.99979939
5524.7500 2.04235772
5524.8000 2.08491604
5524.8500 2.12747436
5524.9000 2.13074162
5524.9500 2.0727323
5525.0000 2.01472298
5525.0500 1.95671366
5525.1000 1.89870434
5525.1500 1.84849646
5525.2000 1.83826245
5525.2500 1.82802845
5525.3000 1.81779444
5525.3500 1.80756043
5525.4000 1.79732642
5525.4500 1.7392638
5525.5000 1.67799822
5525.5500 1.61673264
5525.6000 1.55546706
5525.6500 1.49420148
5525.7000 1.54735649
5525.7500 1.64667725
5525.8000 1.74599801
5525.8500 1.84531878
5525.9000 1.94463954
5525.9500 1.97530624
5526.0000 1.93427038
5526.0500 1.89323452
5526.1000 1.85219866
5526.1500 1.8111628
5526.2000 1.77882809
5526.2500 1.77036813
5526.3000 1.76190817
5526.3500 1.75344821
5526.4000 1.74498824
5526.4500 1.73488264
5526.5000 1.69096299
5526.5500 1.64704335
5526.6000 1.60312371
5526.6500 1.55920407
5526.7000 1.51528442
5526.7500 1.55595562
5526.8000 1.61431542
5526.8500 1.67267523
5526.9000 1.73103504
5526.9500 1.78939485
5527.0000 1.783126
5527.0500 1.7353711
5527.1000 1.6876162
5527.1500 1.63986131
5527.2000 1.59210641
5527.2500 1.56354352
5527.3000 1.56470077
5527.3500 1.56585801
5527.4000 1.56701525
5527.4500 1.5681725
5527.5000 1.56469054
5527.5500 1.53964529
5527.6000 1.51460004
5527.6500 1.4895548
5527.7000 1.46450955
5527.7500 1.4394643
5527.8000 1.50616439
5527.8500 1.57638255
5527.9000 1.6466007
5527.9500 1.71681886
5528.0000 1.78703701
5528.0500 1.75460758
5528.1000 1.6880411
5528.1500 1.62147462
5528.2000 1.55490813
5528.2500 1.48834165
5528.3000 1.46525798
5528.3500 1.47934395
5528.4000 1.49342993
5528.4500 1.5075159
5528.5000 1.52160188
5528.5500 1.52678283
5528.6000 1.51381737
5528.6500 1.5008519
5528.7000 1.48788643
5528.7500 1.47492097
5528.8000 1.47213482
5528.8500 1.54358624
5528.9000 1.61503766
5528.9500 1.68648909
5529.0000 1.75794051
5529.0500 1.82939194
5529.1000 1.78070379
5529.1500 1.72061423
5529.2000 1.66052468
5529.2500 1.60043513
5529.3000 1.54034558
5529.3500 1.53148065
5529.4000 1.54380256
5529.4500 1.55612447
5529.5000 1.56844639
5529.5500 1.5807683
5529.6000 1.59777449
5529.6500 1.61941201
5529.7000 1.64104952
5529.7500 1.66268703
5529.8000 1.68432455
5529.8500 1.70299044
5529.9000 1.71471001
5529.9500 1.72642959
5530.0000 1.73814916
5530.0500 1.74986874
5530.1000 1.75349387
5530.1500 1.68240234
5530.2000 1.61131081
5530.2500 1.54021928
5530.3000 1.46912774
5530.3500 1.39803621
5530.4000 1.43314943
5530.4500 1.48042908
5530.5000 1.52770873
5530.5500 1.57498838
5530.6000 1.62226802
5530.6500 1.64466628
5530.7000 1.65630115
5530.7500 1.66793602
5530.8000 1.67957089
5530.8500 1.69120576
5530.9000 1.7046463
5530.9500 1.71989104
5531.0000 1.73513577
5531.0500 1.75038051
5531.1000 1.76562524
5531.1500 1.75586311
5531.2000 1.68877265
5531.2500 1.6216822
5531.3000 1.55459174
5531.3500 1.48750129
5531.4000 1.43870661
5531.4500 1.5401097
5531.5000 1.64151279
5531.5500 1.74291588
5531.6000 1.84431896
5531.6500 1.94572205
5531.7000 1.91532964
5531.7500 1.87266204
5531.8000 1.82999444
5531.8500 1.78732684
5531.9000 1.74465924
5531.9500 1.74178659
5532.0000 1.75420921
5532.0500 1.76663183
5532.1000 1.77905445
5532.1500 1.79147706
5532.2000 1.7736915
5532.2500 1.72925398
5532.3000 1.68481647
5532.3500 1.64037895
5532.4000 1.59594143
5532.4500 1.56941447
5532.5000 1.5774185
5532.5500 1.58542254
5532.6000 1.59342657
5532.6500 1.6014306
5532.7000 1.61710658
5532.7500 1.67520625
5532.8000 1.73330592
5532.8500 1.79140558
5532.9000 1.84950525
5532.9500 1.90760491
5533.0000 1.93303407
5533.0500 1.95731716
5533.1000 1.98160024
5533.1500 2.00588333
5533.2000 2.03016641
5533.2500 1.95066236
5533.3000 1.84195721
5533.3500 1.73325206
5533.4000 1.62454691
5533.4500 1.51584176
5533.5000 1.50115818
5533.5500 1.55018369
5533.6000 1.59920921
5533.6500 1.64823473
5533.7000 1.69726025
5533.7500 1.71895844
5533.8000 1.70183324
5533.8500 1.68470805
5533.9000 1.66758285
5533.9500 1.65045765
5534.0000 1.63381645
5534.0500 1.61878216
5534.1000 1.60374786
5534.1500 1.58871357
5534.2000 1.57367927
5534.2500 1.55919658
5534.3000 1.55493592
5534.3500 1.55067525
5534.4000 1.54641459
5534.4500 1.54215392
5534.5000 1.53789326
5534.5500 1.56686561
5534.6000 1.60070419
5534.6500 1.63454277
5534.7000 1.66838135
5534.7500 1.70221993
5534.8000 1.72312893
5534.8500 1.73835588
5534.9000 1.75358283
5534.9500 1.76880977
5535.0000 1.78403672
5535.0500 1.79671611
5535.1000 1.80702961
5535.1500 1.81734311
5535.2000 1.82765661
5535.2500 1.83797011
5535.3000 1.82475292
5535.3500 1.76658832
5535.4000 1.70842371
5535.4500 1.65025911
5535.5000 1.5920945
5535.5500 1.54818152
5535.6000 1.57379338
5535.6500 1.59940525
5535.7000 1.62501711
5535.7500 1.65062898
5535.8000 1.67624084
5535.8500 1.6871386
5535.9000 1.69800629
5535.9500 1.70887398
5536.0000 1.71974167
5536.0500 1.73060936
5536.1000 1.73691105
5536.1500 1.74225867
5536.2000 1.74760629
5536.2500 1.75295391
5536.3000 1.75830153
5536.3500 1.75536987
5536.4000 1.74812963
5536.4500 1.74088939
5536.5000 1.73364916
5536.5500 1.72640892
5536.6000 1.71533328
5536.6500 1.70025982
5536.7000 1.68518636
5536.7500 1.6701129
5536.8000 1.65503943
5536.8500 1.6616113
5536.9000 1.71357168
5536.9500 1.76553207
5537.0000 1.81749245
5537.0500 1.86945284
5537.1000 1.90528369
5537.1500 1.85485219
5537.2000 1.80442069
5537.2500 1.75398918
5537.3000 1.70355768
5537.3500 1.65312618
5537.4000 1.63764908
5537.4500 1.62240029
5537.5000 1.60715151
5537.5500 1.59190273
5537.6000 1.57665395
5537.6500 1.54653326
5537.7000 1.51338488
5537.7500 1.4802365
5537.8000 1.44708812
5537.8500 1.41393974
5537.9000 1.43747452
5537.9500 1.48898483
5538.0000 1.54049514
5538.0500 1.59200546
5538.1000 1.64351577
5538.1500 1.67837509
5538.2000 1.69721114
5538.2500 1.71604719
5538.3000 1.73488323
5538.3500 1.75371928
5538.4000 1.76410553
5538.4500 1.75886949
5538.5000 1.75363346
5538.5500 1.74839742
5538.6000 1.74316139
5538.6500 1.73162113
5538.7000 1.69385465
5538.7500 1.65608818
5538.8000 1.61832171
5538.8500 1.58055523
5538.9000 1.54384262
5538.9500 1.53386204
5539.0000 1.52388146
5539.0500 1.51390087
5539.1000 1.50392029
5539.1500 1.49393971
5539.2000 1.56157027
5539.2500 1.63944266
5539.3000 1.71731505
5539.3500 1.79518744
5539.4000 1.87305983
5539.4500 1.87593275
5539.5000 1.85110466
5539.5500 1.82627658
5539.6000 1.80144849
5539.6500 1.7766204
5539.7000 1.7865016
5539.7500 1.82167363
5539.8000 1.85684565
5539.8500 1.89201767
5539.9000 1.92718969
5539.9500 1.95004001
5540.0000 1.95642711
5540.0500 1.96281421
5540.1000 1.96920131
5540.1500 1.97558841
5540.2000 1.98894916
5540.2500 2.02033177
5540.3000 2.05171437
5540.3500 2.08309698
5540.4000 2.11447958
5540.4500 2.13090157
5540.5000 2.0483361
5540.5500 1.96577064
5540.6000 1.88320517
5540.6500 1.80063971
5540.7000 1.71807424
5540.7500 1.70722989
5540.8000 1.69748129
5540.8500 1.68773269
5540.9000 1.67798409
5540.9500 1.66823549
5541.0000 1.73224531
5541.0500 1.81030718
5541.1000 1.88836906
5541.1500 1.96643093
5541.2000 2.0444928
5541.2500 2.02601786
5541.3000 1.96544841
5541.3500 1.90487896
5541.4000 1.84430952
5541.4500 1.78374007
5541.5000 1.75343416
5541.5500 1.74748187
5541.6000 1.74152959
5541.6500 1.7355773
5541.7000 1.72962502
5541.7500 1.73418237
5541.8000 1.75366403
5541.8500 1.7731457
5541.9000 1.79262736
5541.9500 1.81210902
5542.0000 1.81282993
5542.0500 1.76376327
5542.1000 1.71469662
5542.1500 1.66562996
5542.2000 1.6165633
5542.2500 1.57255189
5542.3000 1.56078659
5542.3500 1.54902129
5542.4000 1.53725599
5542.4500 1.52549069
5542.5000 1.51372539
5542.5500 1.56154915
5542.6000 1.60944889
5542.6500 1.65734863
5542.7000 1.70524837
5542.7500 1.75314812
5542.8000 1.73466352
5542.8500 1.70566669
5542.9000 1.67666985
5542.9500 1.64767301
5543.0000 1.61867617
5543.0500 1.61297995
5543.1000 1.61593566
5543.1500 1.61889136
5543.2000 1.62184706
5543.2500 1.62480277
5543.3000 1.63434216
5543.3500 1.64833462
5543.4000 1.66232707
5543.4500 1.67631953
5543.5000 1.69031199
5543.5500 1.71189217
5543.6000 1.74219573
5543.6500 1.77249928
5543.7000 1.80280284
5543.7500 1.8331064
5543.8000 1.83073575
5543.8500 1.76356774
5543.9000 1.69639972
5543.9500 1.6292317
5544.0000 1.56206368
5544.0500 1.518503
5544.1000 1.56559283
5544.1500 1.61268265
5544.2000 1.65977247
5544.2500 1.70686229
5544.3000 1.74801717
5544.3500 1.72033932
5544.4000 1.69266147
5544.4500 1.66498362
5544.5000 1.63730577
5544.5500 1.60962792
5544.6000 1.58597099
5544.6500 1.56251012
5544.7000 1.53904924
5544.7500 1.51558837
5544.8000 1.49212749
5544.8500 1.51446858
5544.9000 1.54625676
5544.9500 1.57804495
5545.0000 1.60983313
5545.0500 1.64162131
5545.1000 1.64484272
5545.1500 1.63616096
5545.2000 1.62747919
5545.2500 1.61879743
5545.3000 1.61011567
5545.3500 1.59486139
5545.4000 1.57492749
5545.4500 1.55499358
5545.5000 1.53505968
5545.5500 1.51512577
5545.6000 1.52477261
5545.6500 1.56862924
5545.7000 1.61248587
5545.7500 1.65634251
5545.8000 1.70019914
5545.8500 1.71635294
5545.9000 1.67983948
5545.9500 1.64332602
5546.0000 1.60681256
5546.0500 1.5702991
5546.1000 1.55207699
5546.1500 1.59612993
5546.2000 1.64018288
5546.2500 1.68423582
5546.3000 1.72828877
5546.3500 1.76335641
5546.4000 1.72627659
5546.4500 1.68919677
5546.5000 1.65211695
5546.5500 1.61503713
5546.6000 1.57795731
5546.6500 1.5738869
5546.7000 1.56995463
5546.7500 1.56602237
5546.8000 1.56209011
5546.8500 1.55815784
5546.9000 1.57103763
5546.9500 1.58616046
5547.0000 1.60128328
5547.0500 1.61640611
5547.1000 1.63152893
5547.1500 1.63587746
5547.2000 1.63700976
5547.2500 1.63814205
5547.3000 1.63927434
5547.3500 1.64040663
5547.4000 1.65733956
5547.4500 1.68243725
5547.5000 1.70753495
5547.5500 1.73263264
5547.6000 1.75773033
5547.6500 1.75750318
5547.7000 1.73654562
5547.7500 1.71558805
5547.8000 1.69463048
5547.8500 1.67367292
5547.9000 1.66393799
5547.9500 1.6683813
5548.0000 1.6728246
5548.0500 1.67726791
5548.1000 1.68171121
5548.1500 1.68014899
5548.2000 1.66667257
5548.2500 1.65319615
5548.3000 1.63971974
5548.3500 1.62624332
5548.4000 1.61087944
5548.4500 1.58919033
5548.5000 1.56750122
5548.5500 1.54581211
5548.6000 1.52412301
5548.6500 1.51047462
5548.7000 1.55266032
5548.7500 1.59484602
5548.8000 1.63703171
5548.8500 1.67921741
5548.9000 1.71960234
5548.9500 1.68455702
5549.0000 1.6495117
5549.0500 1.61446639
5549.1000 1.57942107
5549.1500 1.54437575
5549.2000 1.53700491
5549.2500 1.53197123
5549.3000 1.52693755
5549.3500 1.52190387
5549.4000 1.51687018
5549.4500 1.52968364
5549.5000 1.54635369
5549.5500 1.56302374
5549.6000 1.57969379
5549.6500 1.59636384
5549.7000 1.59479887
5549.7500 1.58627773
5549.8000 1.57775659
5549.8500 1.56923544
5549.9000 1.5607143
5549.9500 1.57297874
5550.0000 1.59761915
5550.0500 1.62225957
5550.1000 1.64689998
5550.1500 1.6715404
5550.2000 1.67150744
5550.2500 1.64969123
5550.3000 1.62787501
5550.3500 1.6060588
5550.4000 1.58424259
5550.4500 1.563657
5550.5000 1.54465822
5550.5500 1.52565944
5550.6000 1.50666066
5550.6500 1.48766187
5550.7000 1.48924624
5550.7500 1.5301083
5550.8000 1.57097035
5550.8500 1.61183241
5550.9000 1.65269447
5550.9500 1.67888706
5551.0000 1.66160317
5551.0500 1.64431927
5551.1000 1.62703537
5551.1500 1.60975148
5551.2000 1.59887839
5551.2500 1.62114275
5551.3000 1.64340711
5551.3500 1.66567147
5551.4000 1.68793582
5551.4500 1.70889801
5551.5000 1.71339551
5551.5500 1.71789302
5551.6000 1.72239052
5551.6500 1.72688803
5551.7000 1.73138553
5551.7500 1.71780624
5551.8000 1.7039677
5551.8500 1.69012916
5551.9000 1.67629062
5551.9500 1.66245208
5552.0000 1.64852314
5552.0500 1.63458412
5552.1000 1.62064511
5552.1500 1.60670609
5552.2000 1.59276708
5552.2500 1.59987349
5552.3000 1.61175284
5552.3500 1.62363218
5552.4000 1.63551152
5552.4500 1.64739086
5552.5000 1.63744124
5552.5500 1.61949303
5552.6000 1.60154482
5552.6500 1.58359662
5552.7000 1.56564841
5552.7500 1.5585873
5552.8000 1.55739047
5552.8500 1.55619363
5552.9000 1.5549968
5552.9500 1.55379996
5553.0000 1.55301909
5553.0500 1.55255281
5553.1000 1.55208652
5553.1500 1.55162023
5553.2000 1.55115394
5553.2500 1.56023544
5553.3000 1.57924529
5553.3500 1.59825513
5553.4000 1.61726498
5553.4500 1.63627483
5553.5000 1.65478517
5553.5500 1.67258395
5553.6000 1.69038273
5553.6500 1.70818151
5553.7000 1.72598029
5553.7500 1.72545902
5553.8000 1.68874325
5553.8500 1.65202748
5553.9000 1.61531171
5553.9500 1.57859595
5554.0000 1.55575944
5554.0500 1.57221207
5554.1000 1.58866469
5554.1500 1.60511732
5554.2000 1.62156994
5554.2500 1.63075027
5554.3000 1.60839879
5554.3500 1.58604731
5554.4000 1.56369583
5554.4500 1.54134435
5554.5000 1.52318254
5554.5500 1.53721255
5554.6000 1.55124257
5554.6500 1.56527259
5554.7000 1.5793026
5554.7500 1.5926357
5554.8000 1.59093046
5554.8500 1.58922522
5554.9000 1.58751999
5554.9500 1.58581475
5555.0000 1.58410951
5555.0500 1.56751196
5555.1000 1.55052947
5555.1500 1.53354699
5555.2000 1.51656451
5555.2500 1.49958203
5555.3000 1.50425099
5555.3500 1.5111479
5555.4000 1.51804481
5555.4500 1.52494173
5555.5000 1.53183864
5555.5500 1.53789784
5555.6000 1.54379746
5555.6500 1.54969708
5555.7000 1.5555967
5555.7500 1.56149632
5555.8000 1.58050467
5555.8500 1.60332657
5555.9000 1.62614848
5555.9500 1.64897039
5556.0000 1.67179229
5556.0500 1.66017661
5556.1000 1.63454199
5556.1500 1.60890737
5556.2000 1.58327275
5556.2500 1.55763813
5556.3000 1.54587435
5556.3500 1.54164132
5556.4000 1.53740829
5556.4500 1.53317526
5556.5000 1.52894224
5556.5500 1.53651372
5556.6000 1.55239271
5556.6500 1.5682717
5556.7000 1.58415069
5556.7500 1.60002968
5556.8000 1.59491511
5556.8500 1.57096872
5556.9000 1.54702232
5556.9500 1.52307593
5557.0000 1.49912954
5557.0500 1.49597499
5557.1000 1.51638671
5557.1500 1.53679842
5557.2000 1.55721014
5557.2500 1.57762186
5557.3000 1.58860005
5557.3500 1.5860982
5557.4000 1.58359634
5557.4500 1.58109449
5557.5000 1.57859263
5557.5500 1.5727514
5557.6000 1.56087085
5557.6500 1.54899029
5557.7000 1.53710973
5557.7500 1.52522918
5557.8000 1.52429686
5557.8500 1.54869218
5557.9000 1.5730875
5557.9500 1.59748283
5558.0000 1.62187815
5558.0500 1.63083163
5558.1000 1.59319594
5558.1500 1.55556026
5558.2000 1.51792457
5558.2500 1.48028888
5558.3000 1.45624422
5558.3500 1.48743869
5558.4000 1.51863317
5558.4500 1.54982764
5558.5000 1.58102211
5558.5500 1.60558605
5558.6000 1.59178656
5558.6500 1.57798707
5558.7000 1.56418758
5558.7500 1.55038809
5558.8000 1.53974776
5558.8500 1.55796869
5558.9000 1.57618961
5558.9500 1.59441054
5559.0000 1.61263146
5559.0500 1.62897292
5559.1000 1.61058915
5559.1500 1.59220538
5559.2000 1.57382161
5559.2500 1.55543784
5559.3000 1.53732684
5559.3500 1.56928885
5559.4000 1.60125086
5559.4500 1.63321287
5559.5000 1.66517488
5559.5500 1.69713688
5559.6000 1.68384746
5559.6500 1.66871572
5559.7000 1.65358399
5559.7500 1.63845225
5559.8000 1.62332052
5559.8500 1.61830077
5559.9000 1.61418749
5559.9500 1.61007422
5560.0000 1.60596094
5560.0500 1.60184766
5560.1000 1.58113995
5560.1500 1.55808267
5560.2000 1.53502539
5560.2500 1.51196811
5560.3000 1.48891083
5560.3500 1.50705619
5560.4000 1.53330768
5560.4500 1.55955917
5560.5000 1.58581066
5560.5500 1.61206215
5560.6000 1.63150341
5560.6500 1.64920607
5560.7000 1.66690874
5560.7500 1.6846114
5560.8000 1.70231407
5560.8500 1.67558408
5560.9000 1.63474883
5560.9500 1.59391358
5561.0000 1.55307833
5561.0500 1.51224309
5561.1000 1.51654995
5561.1500 1.53816529
5561.2000 1.55978062
5561.2500 1.58139596
5561.3000 1.60301129
5561.3500 1.60244658
5561.4000 1.59182543
5561.4500 1.58120428
5561.5000 1.57058313
5561.5500 1.55996199
5561.6000 1.55414848
5561.6500 1.55087138
5561.7000 1.54759428
5561.7500 1.54431718
5561.8000 1.54104008
5561.8500 1.53636781
5561.9000 1.53084987
5561.9500 1.52533193
5562.0000 1.51981399
5562.0500 1.51429605
5562.1000 1.51012805
5562.1500 1.50689047
5562.2000 1.50365289
5562.2500 1.50041531
5562.3000 1.49717773
5562.3500 1.49724611
5562.4000 1.49988315
5562.4500 1.5025202
5562.5000 1.50515724
5562.5500 1.50779428
5562.6000 1.5132276
5562.6500 1.52109217
5562.7000 1.52895674
5562.7500 1.53682131
5562.8000 1.54468588
5562.8500 1.54763773
5562.9000 1.54584048
5562.9500 1.54404323
5563.0000 1.54224599
5563.0500 1.54044874
5563.1000 1.55779761
5563.1500 1.59560623
5563.2000 1.63341486
5563.2500 1.67122348
5563.3000 1.7090321
5563.3500 1.70965713
5563.4000 1.6665896
5563.4500 1.62352207
5563.5000 1.58045454
5563.5500 1.537387
5563.6000 1.5122339
5563.6500 1.51011381
5563.7000 1.50799372
5563.7500 1.50587362
5563.8000 1.50375353
5563.8500 1.50129963
5563.9000 1.49837835
5563.9500 1.49545707
5564.0000 1.49253579
5564.0500 1.48961451
5564.1000 1.48747436
5564.1500 1.48651986
5564.2000 1.48556537
5564.2500 1.48461088
5564.3000 1.48365638
5564.3500 1.48219111
5564.4000 1.47988924
5564.4500 1.47758737
5564.5000 1.47528549
5564.5500 1.47298362
5564.6000 1.46790528
5564.6500 1.45794229
5564.7000 1.4479793
5564.7500 1.43801631
5564.8000 1.42805332
5564.8500 1.42489137
5564.9000 1.43452062
5564.9500 1.44414988
5565.0000 1.45377914
5565.0500 1.4634084
5565.1000 1.4713304
5565.1500 1.47583653
5565.2000 1.48034266
5565.2500 1.4848488
5565.3000 1.48935493
5565.3500 1.49457072
5565.4000 1.5012893
5565.4500 1.50800787
5565.5000 1.51472644
5565.5500 1.52144502
5565.6000 1.53070722
5565.6500 1.54563977
5565.7000 1.56057231
5565.7500 1.57550485
5565.8000 1.59043739
5565.8500 1.59078117
5565.9000 1.55708153
5565.9500 1.52338188
5566.0000 1.48968224
5566.0500 1.45598259
5566.1000 1.44054247
5566.1500 1.46944178
5566.2000 1.49834109
5566.2500 1.5272404
5566.3000 1.55613971
5566.3500 1.56938678
5566.4000 1.54332709
5566.4500 1.51726741
5566.5000 1.49120772
5566.5500 1.46514803
5566.6000 1.4484416
5566.6500 1.45586942
5566.7000 1.46329724
5566.7500 1.47072506
5566.8000 1.47815288
5566.8500 1.49014654
5566.9000 1.51416456
5566.9500 1.53818259
5567.0000 1.56220062
5567.0500 1.58621864
5567.1000 1.59601968
5567.1500 1.56786918
5567.2000 1.53971869
5567.2500 1.51156819
5567.3000 1.4834177
5567.3500 1.46488633
5567.4000 1.47220089
5567.4500 1.47951545
5567.5000 1.48683002
5567.5500 1.49414458
5567.6000 1.49610706
5567.6500 1.48369682
5567.7000 1.47128658
5567.7500 1.45887633
5567.8000 1.44646609
5567.8500 1.44315759
5567.9000 1.46410574
5567.9500 1.48505389
5568.0000 1.50600204
5568.0500 1.5269502
5568.1000 1.54162179
5568.1500 1.53980892
5568.2000 1.53799606
5568.2500 1.53618319
5568.3000 1.53437032
5568.3500 1.52742613
5568.4000 1.50729187
5568.4500 1.48715761
5568.5000 1.46702335
5568.5500 1.44688909
5568.6000 1.44559142
5568.6500 1.49136807
5568.7000 1.53714473
5568.7500 1.58292139
5568.8000 1.62869804
5568.8500 1.65085805
5568.9000 1.61600632
5568.9500 1.58115459
5569.0000 1.54630286
5569.0500 1.51145113
5569.1000 1.49041921
5569.1500 1.50141509
5569.2000 1.51241097
5569.2500 1.52340685
5569.3000 1.53440273
5569.3500 1.54182165
5569.4000 1.54132914
5569.4500 1.54083663
5569.5000 1.54034412
5569.5500 1.5398516
5569.6000 1.53889639
5569.6500 1.53696997
5569.7000 1.53504354
5569.7500 1.53311712
5569.8000 1.53119069
5569.8500 1.52813126
5569.9000 1.52282694
5569.9500 1.51752262
5570.0000 1.5122183
5570.0500 1.50691398
5570.1000 1.50238622
5570.1500 1.49930347
5570.2000 1.49622072
5570.2500 1.49313797
5570.3000 1.49005521
5570.3500 1.49577465
5570.4000 1.51680105
5570.4500 1.53782745
5570.5000 1.55885384
5570.5500 1.57988024
5570.6000 1.57935789
5570.6500 1.54398063
5570.7000 1.50860338
5570.7500 1.47322613
5570.8000 1.43784887
5570.8500 1.43063727
5570.9000 1.46560395
5570.9500 1.50057064
5571.0000 1.53553733
5571.0500 1.57050401
5571.1000 1.58319382
5571.1500 1.56514036
5571.2000 1.5470869
5571.2500 1.52903344
5571.3000 1.51097997
5571.3500 1.50550886
5571.4000 1.5159658
5571.4500 1.52642274
5571.5000 1.53687969
5571.5500 1.54733663
5571.6000 1.54688213
5571.6500 1.53381785
5571.7000 1.52075357
5571.7500 1.50768929
5571.8000 1.494625
5571.8500 1.49867453
5571.9000 1.52068835
5571.9500 1.54270217
5572.0000 1.56471599
5572.0500 1.58672981
5572.1000 1.59500417
5572.1500 1.59024922
5572.2000 1.58549428
5572.2500 1.58073933
5572.3000 1.57598439
5572.3500 1.56236129
5572.4000 1.54118567
5572.4500 1.52001005
5572.5000 1.49883444
5572.5500 1.47765882
5572.6000 1.46017995
5572.6500 1.44550969
5572.7000 1.43083943
5572.7500 1.41616917
5572.8000 1.40149891
5572.8500 1.41352255
5572.9000 1.44350022
5572.9500 1.47347789
5573.0000 1.50345556
5573.0500 1.53343323
5573.1000 1.54943844
5573.1500 1.55719868
5573.2000 1.56495891
5573.2500 1.57271915
5573.3000 1.58047938
5573.3500 1.55437778
5573.4000 1.51093512
5573.4500 1.46749245
5573.5000 1.42404978
5573.5500 1.38060712
5573.6000 1.3992839
5573.6500 1.44520034
5573.7000 1.49111678
5573.7500 1.53703322
5573.8000 1.58294966
5573.8500 1.60035401
5573.9000 1.60723505
5573.9500 1.61411609
5574.0000 1.62099712
5574.0500 1.62787816
5574.1000 1.60791501
5574.1500 1.5798006
5574.2000 1.55168619
5574.2500 1.52357178
5574.3000 1.49545737
5574.3500 1.49477188
5574.4000 1.50072442
5574.4500 1.50667696
5574.5000 1.5126295
5574.5500 1.51858204
5574.6000 1.5180209
5574.6500 1.51626157
5574.7000 1.51450223
5574.7500 1.5127429
5574.8000 1.51098357
5574.8500 1.52074418
5574.9000 1.53199404
5574.9500 1.54324389
5575.0000 1.55449375
5575.0500 1.56574361
5575.1000 1.56940671
5575.1500 1.57247967
5575.2000 1.57555264
5575.2500 1.5786256
5575.3000 1.58169856
5575.3500 1.57050921
5575.4000 1.55890215
5575.4500 1.5472951
5575.5000 1.53568805
5575.5500 1.52419582
5575.6000 1.51947317
5575.6500 1.51475053
5575.7000 1.51002789
5575.7500 1.50530524
5575.8000 1.50077061
5575.8500 1.49902189
5575.9000 1.49727317
5575.9500 1.49552444
5576.0000 1.49377572
5576.0500 1.49137249
5576.1000 1.48373674
5576.1500 1.476101
5576.2000 1.46846525
5576.2500 1.4608295
5576.3000 1.45562943
5576.3500 1.46316477
5576.4000 1.47070011
5576.4500 1.47823545
5576.5000 1.48577079
5576.5500 1.49051358
5576.6000 1.48483489
5576.6500 1.47915621
5576.7000 1.47347752
5576.7500 1.46779883
5576.8000 1.47066016
5576.8500 1.49738765
5576.9000 1.52411514
5576.9500 1.55084263
5577.0000 1.57757012
5577.0500 1.59586781
5577.1000 1.5960149
5577.1500 1.596162
5577.2000 1.59630909
5577.2500 1.59645619
5577.3000 1.59091228
5577.3500 1.57576806
5577.4000 1.56062385
5577.4500 1.54547964
5577.5000 1.53033543
5577.5500 1.53079396
5577.6000 1.5520523
5577.6500 1.57331064
5577.7000 1.59456898
5577.7500 1.61582732
5577.8000 1.62345196
5577.8500 1.61668491
5577.9000 1.60991787
5577.9500 1.60315082
5578.0000 1.59638378
5578.0500 1.5879932
5578.1000 1.57825131
5578.1500 1.56850941
5578.2000 1.55876752
5578.2500 1.54902563
5578.3000 1.54013419
5578.3500 1.53179466
5578.4000 1.52345514
5578.4500 1.51511561
5578.5000 1.50677608
5578.5500 1.50899305
5578.6000 1.51644351
5578.6500 1.52389398
5578.7000 1.53134445
5578.7500 1.53879492
5578.8000 1.53124754
5578.8500 1.51821146
5578.9000 1.50517537
5578.9500 1.49213929
5579.0000 1.47910321
5579.0500 1.48234076
5579.1000 1.48972258
5579.1500 1.4971044
5579.2000 1.50448622
5579.2500 1.51186804
5579.3000 1.5361729
5579.3500 1.5631554
5579.4000 1.5901379
5579.4500 1.6171204
5579.5000 1.64410289
5579.5500 1.62729183
5579.6000 1.60724373
5579.6500 1.58719563
5579.7000 1.56714753
5579.7500 1.54711015
5579.8000 1.55589016
5579.8500 1.56467016
5579.9000 1.57345017
5579.9500 1.58223017
5580.0000 1.5890097
5580.0500 1.56961047
5580.1000 1.55021124
5580.1500 1.53081201
5580.2000 1.51141278
5580.2500 1.49626791
5580.3000 1.50661322
5580.3500 1.51695854
5580.4000 1.52730385
5580.4500 1.53764917
5580.5000 1.5421775
5580.5500 1.5256531
5580.6000 1.5091287
5580.6500 1.4926043
5580.7000 1.47607991
5580.7500 1.47095346
5580.8000 1.49354791
5580.8500 1.51614235
5580.9000 1.5387368
5580.9500 1.56133124
5581.0000 1.56752494
5581.0500 1.54551174
5581.1000 1.52349854
5581.1500 1.50148534
5581.2000 1.47947214
5581.2500 1.47733169
5581.3000 1.49993753
5581.3500 1.52254336
5581.4000 1.54514919
5581.4500 1.56775502
5581.5000 1.5719995
5581.5500 1.55959993
5581.6000 1.54720036
5581.6500 1.53480079
5581.7000 1.52240121
5581.7500 1.52079465
5581.8000 1.52623204
5581.8500 1.53166943
5581.9000 1.53710682
5581.9500 1.54254422
5582.0000 1.5541135
5582.0500 1.56847549
5582.1000 1.58283748
5582.1500 1.59719947
5582.2000 1.61156146
5582.2500 1.59616
5582.3000 1.57189256
5582.3500 1.54762511
5582.4000 1.52335766
5582.4500 1.49909021
5582.5000 1.49879693
5582.5500 1.50255905
5582.6000 1.50632118
5582.6500 1.51008331
5582.7000 1.51384543
5582.7500 1.53073801
5582.8000 1.5484454
5582.8500 1.5661528
5582.9000 1.58386019
5582.9500 1.60103315
5583.0000 1.60046838
5583.0500 1.5999036
5583.1000 1.59933883
5583.1500 1.59877405
5583.2000 1.59386687
5583.2500 1.55661068
5583.3000 1.5193545
5583.3500 1.48209831
5583.4000 1.44484213
5583.4500 1.42094778
5583.5000 1.4476621
5583.5500 1.47437643
5583.6000 1.50109075
5583.6500 1.52780507
5583.7000 1.54047842
5583.7500 1.52051785
5583.8000 1.50055728
5583.8500 1.48059672
5583.9000 1.46063615
5583.9500 1.44717876
5584.0000 1.44371533
5584.0500 1.4402519
5584.1000 1.43678846
5584.1500 1.43332503
5584.2000 1.44233454
5584.2500 1.46437812
5584.3000 1.4864217
5584.3500 1.50846527
5584.4000 1.53050885
5584.4500 1.53451442
5584.5000 1.52573575
5584.5500 1.51695708
5584.6000 1.50817842
5584.6500 1.49939975
5584.7000 1.49970329
5584.7500 1.50422449
5584.8000 1.50874569
5584.8500 1.5132669
5584.9000 1.5177881
5584.9500 1.5119721
5585.0000 1.50327366
5585.0500 1.49457521
5585.1000 1.48587677
5585.1500 1.47717833
5585.2000 1.47524547
5585.2500 1.47421372
5585.3000 1.47318197
5585.3500 1.47215023
5585.4000 1.47111848
5585.4500 1.47236092
5585.5000 1.47363941
5585.5500 1.4749179
5585.6000 1.47619639
5585.6500 1.477064
5585.7000 1.47366035
5585.7500 1.4702567
5585.8000 1.46685305
5585.8500 1.4634494
5585.9000 1.46271358
5585.9500 1.47316564
5586.0000 1.48361769
5586.0500 1.49406975
5586.1000 1.5045218
5586.1500 1.50579829
5586.2000 1.48553818
5586.2500 1.46527807
5586.3000 1.44501797
5586.3500 1.42475786
5586.4000 1.4263334
5586.4500 1.45980211
5586.5000 1.49327081
5586.5500 1.52673951
5586.6000 1.56020822
5586.6500 1.57331157
5586.7000 1.56727261
5586.7500 1.56123365
5586.8000 1.5551947
5586.8500 1.54915574
5586.9000 1.54344132
5586.9500 1.5379208
5587.0000 1.53240029
5587.0500 1.52687977
5587.1000 1.52135925
5587.1500 1.51581646
5587.2000 1.51026577
5587.2500 1.50471507
5587.3000 1.49916437
5587.3500 1.49361367
5587.4000 1.50219941
5587.4500 1.51325485
5587.5000 1.5243103
5587.5500 1.53536575
5587.6000 1.5464212
5587.6500 1.53166412
5587.7000 1.51600049
5587.7500 1.50033687
5587.8000 1.48467324
5587.8500 1.47006894
5587.9000 1.46727756
5587.9500 1.46448618
5588.0000 1.46169481
5588.0500 1.45890343
5588.1000 1.45773424
5588.1500 1.4630558
5588.2000 1.46837736
5588.2500 1.47369893
5588.3000 1.47902049
5588.3500 1.48575895
5588.4000 1.49552168
5588.4500 1.50528441
5588.5000 1.51504714
5588.5500 1.52480987
5588.6000 1.5204295
5588.6500 1.49801632
5588.7000 1.47560313
5588.7500 1.45318995
5588.8000 1.43077677
5588.8500 1.41940908
5588.9000 1.41666706
5588.9500 1.41392504
5589.0000 1.41118302
5589.0500 1.408441
5589.1000 1.39678305
5589.1500 1.38102298
5589.2000 1.36526292
5589.2500 1.34950285
5589.3000 1.33374278
5589.3500 1.34994245
5589.4000 1.37365315
5589.4500 1.39736385
5589.5000 1.42107455
5589.5500 1.44478524
5589.6000 1.44230377
5589.6500 1.43803008
5589.7000 1.43375638
5589.7500 1.42948269
5589.8000 1.42740895
5589.8500 1.45770424
5589.9000 1.48799952
5589.9500 1.5182948
5590.0000 1.54859009
5590.0500 1.56521579
5590.1000 1.52459505
5590.1500 1.48397432
5590.2000 1.44335358
5590.2500 1.40273285
5590.3000 1.37489254
5590.3500 1.37380185
5590.4000 1.37271116
5590.4500 1.37162047
5590.5000 1.37052978
5590.5500 1.37969821
5590.6000 1.4011404
5590.6500 1.42258258
5590.7000 1.44402477
5590.7500 1.46546695
5590.8000 1.46839108
5590.8500 1.45837838
5590.9000 1.44836567
5590.9500 1.43835297
5591.0000 1.42834026
5591.0500 1.44230493
5591.1000 1.46542957
5591.1500 1.48855422
5591.2000 1.51167887
5591.2500 1.53480352
5591.3000 1.53130421
5591.3500 1.52346603
5591.4000 1.51562784
5591.4500 1.50778966
5591.5000 1.49995148
5591.5500 1.49149885
5591.6000 1.48304474
5591.6500 1.47459063
5591.7000 1.46613652
5591.7500 1.45917447
5591.8000 1.46163013
5591.8500 1.46408578
5591.9000 1.46654144
5591.9500 1.46899709
5592.0000 1.47282379
5592.0500 1.4802225
5592.1000 1.48762121
5592.1500 1.49501991
5592.2000 1.50241862
5592.2500 1.50783336
5592.3000 1.51050163
5592.3500 1.5131699
5592.4000 1.51583818
5592.4500 1.51850645
5592.5000 1.52332188
5592.5500 1.52980469
5592.6000 1.53628751
5592.6500 1.54277033
5592.7000 1.54925314
5592.7500 1.54510255
5592.8000 1.53656221
5592.8500 1.52802187
5592.9000 1.51948153
5592.9500 1.51094119
5593.0000 1.51192867
5593.0500 1.514543
5593.1000 1.51715734
5593.1500 1.51977167
5593.2000 1.52240691
5593.2500 1.53575132
5593.3000 1.54909572
5593.3500 1.56244013
5593.4000 1.57578454
5593.4500 1.58591246
5593.5000 1.57798123
5593.5500 1.57004999
5593.6000 1.56211875
5593.6500 1.55418751
5593.7000 1.54448594
5593.7500 1.5306898
5593.8000 1.51689367
5593.8500 1.50309754
5593.9000 1.4893014
5593.9500 1.48731639
5594.0000 1.49953795
5594.0500 1.51175951
5594.1000 1.52398107
5594.1500 1.53620263
5594.2000 1.55043395
5594.2500 1.56596367
5594.3000 1.58149338
5594.3500 1.5970231
5594.4000 1.61255281
5594.4500 1.61530408
5594.5000 1.61407537
5594.5500 1.61284666
5594.6000 1.61161795
5594.6500 1.61038925
5594.7000 1.59684401
5594.7500 1.58221236
5594.8000 1.56758072
5594.8500 1.55294907
5594.9000 1.54055914
5594.9500 1.55510995
5595.0000 1.56966076
5595.0500 1.58421156
5595.1000 1.59876237
5595.1500 1.60829884
5595.2000 1.60161452
5595.2500 1.5949302
5595.3000 1.58824587
5595.3500 1.58156155
5595.4000 1.57429846
5595.4500 1.56615589
5595.5000 1.55801333
5595.5500 1.54987076
5595.6000 1.54172819
5595.6500 1.53981441
5595.7000 1.54281272
5595.7500 1.54581103
5595.8000 1.54880935
5595.8500 1.55180766
5595.9000 1.56562105
5595.9500 1.58358343
5596.0000 1.60154581
5596.0500 1.61950819
5596.1000 1.63747057
5596.1500 1.62393714
5596.2000 1.60642419
5596.2500 1.58891124
5596.3000 1.57139829
5596.3500 1.5544044
5596.4000 1.54644121
5596.4500 1.53847803
5596.5000 1.53051484
5596.5500 1.52255165
5596.6000 1.51727418
5596.6500 1.52139098
5596.7000 1.52550777
5596.7500 1.52962457
5596.8000 1.53374137
5596.8500 1.53099117
5596.9000 1.51757871
5596.9500 1.50416626
5597.0000 1.4907538
5597.0500 1.47734135
5597.1000 1.47408331
5597.1500 1.47871968
5597.2000 1.48335606
5597.2500 1.48799243
5597.3000 1.4926288
5597.3500 1.49846089
5597.4000 1.50472428
5597.4500 1.51098767
5597.5000 1.51725105
5597.5500 1.52351444
5597.6000 1.53731356
5597.6500 1.55187011
5597.7000 1.56642665
5597.7500 1.5809832
5597.8000 1.59413739
5597.8500 1.59197273
5597.9000 1.58980807
5597.9500 1.58764341
5598.0000 1.58547875
5598.0500 1.58537432
5598.1000 1.59111806
5598.1500 1.59686181
5598.2000 1.60260555
5598.2500 1.60834929
5598.3000 1.60573665
5598.3500 1.5924281
5598.4000 1.57911955
5598.4500 1.565811
5598.5000 1.55250246
5598.5500 1.54717372
5598.6000 1.54677456
5598.6500 1.54637539
5598.7000 1.54597623
5598.7500 1.54557707
5598.8000 1.53849536
5598.8500 1.52973386
5598.9000 1.52097237
5598.9500 1.51221088
5599.0000 1.50344939
5599.0500 1.53256619
5599.1000 1.5623947
5599.1500 1.59222321
5599.2000 1.62205171
5599.2500 1.6472304
5599.3000 1.64895267
5599.3500 1.65067494
5599.4000 1.65239721
5599.4500 1.65411948
5599.5000 1.64672492
5599.5500 1.62245593
5599.6000 1.59818695
5599.6500 1.57391797
5599.7000 1.54964899
5599.7500 1.531647
5599.8000 1.51903663
5599.8500 1.50642625
5599.9000 1.49381588
5599.9500 1.48120551
5600.0000 1.4821962
5600.0500 1.48832607
5600.1000 1.49445593
5600.1500 1.5005858
5600.2000 1.50671567
5600.2500 1.52352506
5600.3000 1.54132089
5600.3500 1.55911672
5600.4000 1.57691255
5600.4500 1.58901623
5600.5000 1.55339831
5600.5500 1.51778039
5600.6000 1.48216248
5600.6500 1.44654456
5600.7000 1.42599057
5600.7500 1.44072979
5600.8000 1.45546902
5600.8500 1.47020824
5600.9000 1.48494746
5600.9500 1.49843563
5601.0000 1.51063808
5601.0500 1.52284052
5601.1000 1.53504296
5601.1500 1.54724541
5601.2000 1.55118952
5601.2500 1.55139976
5601.3000 1.55161001
5601.3500 1.55182026
5601.4000 1.5520305
5601.4500 1.5564699
5601.5000 1.56145577
5601.5500 1.56644165
5601.6000 1.57142752
5601.6500 1.57458734
5601.7000 1.55782069
5601.7500 1.54105403
5601.8000 1.52428738
5601.8500 1.50752072
5601.9000 1.50091454
5601.9500 1.51995237
5602.0000 1.53899019
5602.0500 1.55802802
5602.1000 1.57706584
5602.1500 1.58737438
5602.2000 1.58841584
5602.2500 1.58945731
5602.3000 1.59049877
5602.3500 1.59154024
5602.4000 1.58462987
5602.4500 1.57410996
5602.5000 1.56359004
5602.5500 1.55307013
5602.6000 1.54255022
5602.6500 1.51941201
5602.7000 1.49474573
5602.7500 1.47007944
5602.8000 1.44541315
5602.8500 1.42533933
5602.9000 1.44771698
5602.9500 1.47009462
5603.0000 1.49247227
5603.0500 1.51484991
5603.1000 1.52649453
5603.1500 1.51364899
5603.2000 1.50080346
5603.2500 1.48795792
5603.3000 1.47511239
5603.3500 1.47392347
5603.4000 1.48378873
5603.4500 1.493654
5603.5000 1.50351926
5603.5500 1.51338453
5603.6000 1.50559313
5603.6500 1.49104598
5603.7000 1.47649883
5603.7500 1.46195168
5603.8000 1.44740453
5603.8500 1.47122249
5603.9000 1.49771971
5603.9500 1.52421694
5604.0000 1.55071416
5604.0500 1.57232598
5604.1000 1.56573207
5604.1500 1.55913816
5604.2000 1.55254425
5604.2500 1.54595034
5604.3000 1.54361345
5604.3500 1.54877919
5604.4000 1.55394493
5604.4500 1.55911067
5604.5000 1.56427641
5604.5500 1.56502156
5604.6000 1.5625369
5604.6500 1.56005224
5604.7000 1.55756758
5604.7500 1.55508291
5604.8000 1.55186192
5604.8500 1.54845117
5604.9000 1.54504043
5604.9500 1.54162968
5605.0000 1.53826853
5605.0500 1.53844126
5605.1000 1.53861398
5605.1500 1.5387867
5605.2000 1.53895942
5605.2500 1.54181327
5605.3000 1.55344218
5605.3500 1.56507109
5605.4000 1.5767
5605.4500 1.58832891
5605.5000 1.59140075
5605.5500 1.58425113
5605.6000 1.57710151
5605.6500 1.56995188
5605.7000 1.56280226
5605.7500 1.57249764
5605.8000 1.5901642
5605.8500 1.60783077
5605.9000 1.62549733
5605.9500 1.64316389
5606.0000 1.61670806
5606.0500 1.58553189
5606.1000 1.55435573
5606.1500 1.52317956
5606.2000 1.49639523
5606.2500 1.49916435
5606.3000 1.50193347
5606.3500 1.50470258
5606.4000 1.5074717
5606.4500 1.51732226
5606.5000 1.53993499
5606.5500 1.56254773
5606.6000 1.58516047
5606.6500 1.6077732
5606.7000 1.61448961
5606.7500 1.60996641
5606.8000 1.60544322
5606.8500 1.60092002
5606.9000 1.59639682
5606.9500 1.5882756
5607.0000 1.57934416
5607.0500 1.57041272
5607.1000 1.56148127
5607.1500 1.55341049
5607.2000 1.56238539
5607.2500 1.57136028
5607.3000 1.58033517
5607.3500 1.58931006
5607.4000 1.59387449
5607.4500 1.58717529
5607.5000 1.58047608
5607.5500 1.57377688
5607.6000 1.56707768
5607.6500 1.56865237
5607.7000 1.57798269
5607.7500 1.58731301
5607.8000 1.59664334
5607.8500 1.60597366
5607.9000 1.62288289
5607.9500 1.64228608
5608.0000 1.66168928
5608.0500 1.68109247
5608.1000 1.70049566
5608.1500 1.6908747
5608.2000 1.68096385
5608.2500 1.67105299
5608.3000 1.66114214
5608.3500 1.65442359
5608.4000 1.65843624
5608.4500 1.66244888
5608.5000 1.66646153
5608.5500 1.67047417
5608.6000 1.6632104
5608.6500 1.64322564
5608.7000 1.62324088
5608.7500 1.60325611
5608.8000 1.58327135
5608.8500 1.57163378
5608.9000 1.56337277
5608.9500 1.55511176
5609.0000 1.54685075
5609.0500 1.53858974
5609.1000 1.54717797
5609.1500 1.55655016
5609.2000 1.56592234
5609.2500 1.57529453
5609.3000 1.58126508
5609.3500 1.57367614
5609.4000 1.5660872
5609.4500 1.55849827
5609.5000 1.55090933
5609.5500 1.55817459
5609.6000 1.58381412
5609.6500 1.60945364
5609.7000 1.63509317
5609.7500 1.66073269
5609.8000 1.67121617
5609.8500 1.67504761
5609.9000 1.67887904
5609.9500 1.68271048
5610.0000 1.68654191
5610.0500 1.66286944
5610.1000 1.63757706
5610.1500 1.61228468
5610.2000 1.5869923
5610.2500 1.5682601
5610.3000 1.57656695
5610.3500 1.58487379
5610.4000 1.59318063
5610.4500 1.60148747
5610.5000 1.60288113
5610.5500 1.59574235
5610.6000 1.58860358
5610.6500 1.58146481
5610.7000 1.57432604
5610.7500 1.58239783
5610.8000 1.59694564
5610.8500 1.61149344
5610.9000 1.62604124
5610.9500 1.64058904
5611.0000 1.64072566
5611.0500 1.6402092
5611.1000 1.63969273
5611.1500 1.63917627
5611.2000 1.63702703
5611.2500 1.6288585
5611.3000 1.62068997
5611.3500 1.61252144
5611.4000 1.60435291
5611.4500 1.5958411
5611.5000 1.58694462
5611.5500 1.57804813
5611.6000 1.56915165
5611.6500 1.56025517
5611.7000 1.558482
5611.7500 1.55932696
5611.8000 1.56017193
5611.8500 1.56101689
5611.9000 1.56186186
5611.9500 1.56666931
5612.0000 1.57150724
5612.0500 1.57634517
5612.1000 1.5811831
5612.1500 1.58863416
5612.2000 1.60372106
5612.2500 1.61880796
5612.3000 1.63389486
5612.3500 1.64898177
5612.4000 1.64742762
5612.4500 1.63045277
5612.5000 1.61347792
5612.5500 1.59650306
5612.6000 1.57952821
5612.6500 1.58259185
5612.7000 1.59115792
5612.7500 1.59972398
5612.8000 1.60829005
5612.8500 1.61625496
5612.9000 1.61316289
5612.9500 1.61007082
5613.0000 1.60697875
5613.0500 1.60388668
5613.1000 1.60528841
5613.1500 1.61623786
5613.2000 1.62718732
5613.2500 1.63813678
5613.3000 1.64908624
5613.3500 1.6434102
5613.4000 1.62617968
5613.4500 1.60894917
5613.5000 1.59171866
5613.5500 1.57448815
5613.6000 1.58652925
5613.6500 1.60328079
5613.7000 1.62003233
5613.7500 1.63678387
5613.8000 1.6500083
5613.8500 1.64048977
5613.9000 1.63097124
5613.9500 1.62145271
5614.0000 1.61193418
5614.0500 1.61046726
5614.1000 1.62065352
5614.1500 1.63083978
5614.2000 1.64102604
5614.2500 1.65121229
5614.3000 1.62628423
5614.3500 1.58516612
5614.4000 1.544048
5614.4500 1.50292989
5614.5000 1.46181177
5614.5500 1.49641552
5614.6000 1.53403315
5614.6500 1.57165078
5614.7000 1.60926841
5614.7500 1.63454878
5614.8000 1.6208644
5614.8500 1.60718002
5614.9000 1.59349563
5614.9500 1.57981125
5615.0000 1.55989712
5615.0500 1.53424894
5615.1000 1.50860076
5615.1500 1.48295258
5615.2000 1.45730439
5615.2500 1.46643551
5615.3000 1.48413029
5615.3500 1.50182508
5615.4000 1.51951986
5615.4500 1.5370129
5615.5000 1.55235093
5615.5500 1.56768895
5615.6000 1.58302697
5615.6500 1.59836499
5615.7000 1.60245083
5615.7500 1.58739792
5615.8000 1.57234501
5615.8500 1.55729211
5615.9000 1.5422392
5615.9500 1.55129591
5616.0000 1.57297469
5616.0500 1.59465348
5616.1000 1.61633227
5616.1500 1.63801106
5616.2000 1.6042779
5616.2500 1.56725557
5616.3000 1.53023324
5616.3500 1.4932109
5616.4000 1.47010906
5616.4500 1.49282175
5616.5000 1.51553444
5616.5500 1.53824713
5616.6000 1.56095981
5616.6500 1.56316182
5616.7000 1.5467007
5616.7500 1.53023958
5616.8000 1.51377846
5616.8500 1.49731734
5616.9000 1.48965423
5616.9500 1.48398028
5617.0000 1.47830632
5617.0500 1.47263237
5617.1000 1.46776655
5617.1500 1.46950035
5617.2000 1.47123415
5617.2500 1.47296795
5617.3000 1.47470175
5617.3500 1.48363426
5617.4000 1.50318391
5617.4500 1.52273356
5617.5000 1.54228321
5617.5500 1.56183286
5617.6000 1.55068303
5617.6500 1.52640799
5617.7000 1.50213294
5617.7500 1.4778579
5617.8000 1.45358285
5617.8500 1.45970005
5617.9000 1.46586515
5617.9500 1.47203024
5618.0000 1.47819534
5618.0500 1.48308631
5618.1000 1.48497328
5618.1500 1.48686025
5618.2000 1.48874722
5618.2500 1.49063418
5618.3000 1.48995785
5618.3500 1.48756334
5618.4000 1.48516883
5618.4500 1.48277433
5618.5000 1.48037982
5618.5500 1.48539112
5618.6000 1.49121574
5618.6500 1.49704037
5618.7000 1.50286499
5618.7500 1.50746648
5618.8000 1.50732088
5618.8500 1.50717529
5618.9000 1.50702969
5618.9500 1.5068841
5619.0000 1.50990154
5619.0500 1.51595582
5619.1000 1.52201009
5619.1500 1.52806437
5619.2000 1.53411865
5619.2500 1.5362271
5619.3000 1.53745148
5619.3500 1.53867587
5619.4000 1.53990026
5619.4500 1.54003525
5619.5000 1.53255988
5619.5500 1.52508452
5619.6000 1.51760916
5619.6500 1.5101338
5619.7000 1.50692421
5619.7500 1.50925607
5619.8000 1.51158793
5619.8500 1.51391979
5619.9000 1.51625165
5619.9500 1.51995321
5620.0000 1.52412067
5620.0500 1.52828814
5620.1000 1.53245561
5620.1500 1.53682537
5620.2000 1.54442849
5620.2500 1.55203161
5620.3000 1.55963473
5620.3500 1.56723785
5620.4000 1.5788354
5620.4500 1.59714578
5620.5000 1.61545617
5620.5500 1.63376655
5620.6000 1.65207694
5620.6500 1.64849402
5620.7000 1.63501588
5620.7500 1.62153774
5620.8000 1.6080596
5620.8500 1.59452652
5620.9000 1.57166716
5620.9500 1.5488078
5621.0000 1.52594844
5621.0500 1.50308908
5621.1000 1.48831518
5621.1500 1.49037428
5621.2000 1.49243337
5621.2500 1.49449247
5621.3000 1.49655157
5621.3500 1.51361094
5621.4000 1.53894151
5621.4500 1.56427207
5621.5000 1.58960264
5621.5500 1.6149332
5621.6000 1.60525853
5621.6500 1.59435783
5621.7000 1.58345712
5621.7500 1.57255642
5621.8000 1.56488168
5621.8500 1.56513473
5621.9000 1.56538778
5621.9500 1.56564083
5622.0000 1.56589388
5622.0500 1.55290044
5622.1000 1.53157143
5622.1500 1.51024243
5622.2000 1.48891342
5622.2500 1.46758442
5622.3000 1.50140382
5622.3500 1.53875558
5622.4000 1.57610734
5622.4500 1.6134591
5622.5000 1.63289173
5622.5500 1.60321018
5622.6000 1.57352863
5622.6500 1.54384708
5622.7000 1.51416554
5622.7500 1.51066541
5622.8000 1.52488933
5622.8500 1.53911325
5622.9000 1.55333718
5622.9500 1.5675611
5623.0000 1.55677329
5623.0500 1.54400984
5623.1000 1.53124639
5623.1500 1.51848294
5623.2000 1.51070104
5623.2500 1.51718937
5623.3000 1.52367769
5623.3500 1.53016602
5623.4000 1.53665435
5623.4500 1.5374547
5623.5000 1.53433833
5623.5500 1.53122196
5623.6000 1.52810559
5623.6500 1.52498922
5623.7000 1.53629575
5623.7500 1.54873571
5623.8000 1.56117566
5623.8500 1.57361562
5623.9000 1.58216473
5623.9500 1.57984202
5624.0000 1.57751932
5624.0500 1.57519661
5624.1000 1.57287391
5624.1500 1.56819677
5624.2000 1.56195958
5624.2500 1.55572239
5624.3000 1.5494852
5624.3500 1.543248
5624.4000 1.51194894
5624.4500 1.47907441
5624.5000 1.44619989
5624.5500 1.41332536
5624.6000 1.3957928
5624.6500 1.41737419
5624.7000 1.43895558
5624.7500 1.46053697
5624.8000 1.48211836
5624.8500 1.49583874
5624.9000 1.50482427
5624.9500 1.51380981
5625.0000 1.52279534
5625.0500 1.53178088
5625.1000 1.54326571
5625.1500 1.5548333
5625.2000 1.56640089
5625.2500 1.57796848
5625.3000 1.58048998
5625.3500 1.56318246
5625.4000 1.54587495
5625.4500 1.52856743
5625.5000 1.51125992
5625.5500 1.50609933
5625.6000 1.50719322
5625.6500 1.50828711
5625.7000 1.509381
5625.7500 1.51059274
5625.8000 1.52567856
5625.8500 1.54076439
5625.9000 1.55585022
5625.9500 1.57093604
5626.0000 1.5747426
5626.0500 1.5583418
5626.1000 1.54194101
5626.1500 1.52554022
5626.2000 1.50913943
5626.2500 1.51485563
5626.3000 1.52962683
5626.3500 1.54439803
5626.4000 1.55916922
5626.4500 1.57257315
5626.5000 1.56539598
5626.5500 1.55821882
5626.6000 1.55104166
5626.6500 1.54386449
5626.7000 1.541979
5626.7500 1.54750497
5626.8000 1.55303094
5626.8500 1.55855691
5626.9000 1.56408288
5626.9500 1.55222595
5627.0000 1.53524464
5627.0500 1.51826332
5627.1000 1.50128201
5627.1500 1.48735646
5627.2000 1.49395849
5627.2500 1.50056052
5627.3000 1.50716255
5627.3500 1.51376458
5627.4000 1.52023416
5627.4500 1.52656496
5627.5000 1.53289576
5627.5500 1.53922656
5627.6000 1.54555736
5627.6500 1.5408194
5627.7000 1.53410578
5627.7500 1.52739217
5627.8000 1.52067855
5627.8500 1.51869493
5627.9000 1.53447661
5627.9500 1.55025829
5628.0000 1.56603998
5628.0500 1.58182166
5628.1000 1.5854335
5628.1500 1.57999414
5628.2000 1.57455478
5628.2500 1.56911542
5628.3000 1.56367606
5628.3500 1.54798921
5628.4000 1.53162718
5628.4500 1.51526515
5628.5000 1.49890312
5628.5500 1.48670046
5628.6000 1.48400334
5628.6500 1.48130621
5628.7000 1.47860908
5628.7500 1.47591195
5628.8000 1.48003871
5628.8500 1.48749506
5628.9000 1.4949514
5628.9500 1.50240774
5629.0000 1.50939943
5629.0500 1.50559369
5629.1000 1.50178795
5629.1500 1.49798221
5629.2000 1.49417648
5629.2500 1.4984598
5629.3000 1.51429078
5629.3500 1.53012175
5629.4000 1.54595273
5629.4500 1.56178371
5629.5000 1.56504053
5629.5500 1.56483524
5629.6000 1.56462995
5629.6500 1.56442466
5629.7000 1.56758119
5629.7500 1.58868398
5629.8000 1.60978677
5629.8500 1.63088956
5629.9000 1.65199235
5629.9500 1.66042948
5630.0000 1.65776626
5630.0500 1.65510304
5630.1000 1.65243982
5630.1500 1.6497766
5630.2000 1.63939173
5630.2500 1.62823932
5630.3000 1.61708691
5630.3500 1.6059345
5630.4000 1.59746114
5630.4500 1.59561953
5630.5000 1.59377793
5630.5500 1.59193632
5630.6000 1.59009471
5630.6500 1.57651461
5630.7000 1.55708413
5630.7500 1.53765364
5630.8000 1.51822316
5630.8500 1.50029586
5630.9000 1.51184446
5630.9500 1.52339305
5631.0000 1.53494165
5631.0500 1.54649025
5631.1000 1.55241664
5631.1500 1.55092553
5631.2000 1.54943442
5631.2500 1.54794332
5631.3000 1.54645221
5631.3500 1.55458125
5631.4000 1.56488974
5631.4500 1.57519824
5631.5000 1.58550673
5631.5500 1.59498459
5631.6000 1.60115903
5631.6500 1.60733348
5631.7000 1.61350792
5631.7500 1.61968237
5631.8000 1.6287608
5631.8500 1.63987355
5631.9000 1.6509863
5631.9500 1.66209904
5632.0000 1.67321179
5632.0500 1.66224477
5632.1000 1.65075057
5632.1500 1.63925636
5632.2000 1.62776216
5632.2500 1.61630431
5632.3000 1.60490922
5632.3500 1.59351412
5632.4000 1.58211903
5632.4500 1.57072394
5632.5000 1.56673695
5632.5500 1.56510956
5632.6000 1.56348218
5632.6500 1.5618548
5632.7000 1.55842091
5632.7500 1.54487323
5632.8000 1.53132555
5632.8500 1.51777787
5632.9000 1.50423019
5632.9500 1.50636606
5633.0000 1.52153393
5633.0500 1.5367018
5633.1000 1.55186967
5633.1500 1.56703754
5633.2000 1.57380354
5633.2500 1.58005497
5633.3000 1.5863064
5633.3500 1.59255782
5633.4000 1.59246453
5633.4500 1.58005001
5633.5000 1.5676355
5633.5500 1.55522099
5633.6000 1.54280647
5633.6500 1.53856495
5633.7000 1.53720952
5633.7500 1.5358541
5633.8000 1.53449867
5633.8500 1.53227333
5633.9000 1.52468858
5633.9500 1.51710384
5634.0000 1.50951909
5634.0500 1.50193434
5634.1000 1.49793831
5634.1500 1.4969776
5634.2000 1.49601688
5634.2500 1.49505617
5634.3000 1.49409546
5634.3500 1.50477156
5634.4000 1.5161198
5634.4500 1.52746803
5634.5000 1.53881627
5634.5500 1.54333771
5634.6000 1.53520964
5634.6500 1.52708158
5634.7000 1.51895351
5634.7500 1.51082545
5634.8000 1.50299641
5634.8500 1.49526328
5634.9000 1.48753016
5634.9500 1.47979703
5635.0000 1.47579544
5635.0500 1.49064023
5635.1000 1.50548503
5635.1500 1.52032983
5635.2000 1.53517462
5635.2500 1.5409654
5635.3000 1.54006146
5635.3500 1.53915753
5635.4000 1.53825359
5635.4500 1.53734966
5635.5000 1.53634231
5635.5500 1.5353335
5635.6000 1.53432469
5635.6500 1.53331588
5635.7000 1.5386259
5635.7500 1.55346657
5635.8000 1.56830725
5635.8500 1.58314792
5635.9000 1.59798859
5635.9500 1.5911301
5636.0000 1.57927458
5636.0500 1.56741907
5636.1000 1.55556355
5636.1500 1.5445983
5636.2000 1.53663953
5636.2500 1.52868077
5636.3000 1.52072201
5636.3500 1.51276325
5636.4000 1.49799293
5636.4500 1.47948367
5636.5000 1.46097441
5636.5500 1.44246515
5636.6000 1.42705524
5636.6500 1.45677041
5636.7000 1.48648559
5636.7500 1.51620076
5636.8000 1.54591594
5636.8500 1.5546167
5636.9000 1.54095216
5636.9500 1.52728762
5637.0000 1.51362308
5637.0500 1.49995854
5637.1000 1.48399097
5637.1500 1.46778472
5637.2000 1.45157847
5637.2500 1.43537223
5637.3000 1.43044327
5637.3500 1.44848676
5637.4000 1.46653024
5637.4500 1.48457373
5637.5000 1.50261722
5637.5500 1.49609052
5637.6000 1.48154514
5637.6500 1.46699977
5637.7000 1.4524544
5637.7500 1.44022471
5637.8000 1.43853504
5637.8500 1.43684537
5637.9000 1.4351557
5637.9500 1.43346603
5638.0000 1.43810683
5638.0500 1.44683219
5638.1000 1.45555756
5638.1500 1.46428292
5638.2000 1.47186085
5638.2500 1.44959017
5638.3000 1.42731948
5638.3500 1.40504879
5638.4000 1.3827781
5638.4500 1.37796108
5638.5000 1.39300648
5638.5500 1.40805189
5638.6000 1.4230973
5638.6500 1.43814271
5638.7000 1.4347736
5638.7500 1.42935705
5638.8000 1.4239405
5638.8500 1.41852394
5638.9000 1.42143505
5638.9500 1.44097686
5639.0000 1.46051868
5639.0500 1.48006049
5639.1000 1.4996023
5639.1500 1.48663141
5639.2000 1.46388814
5639.2500 1.44114488
5639.3000 1.41840161
5639.3500 1.40392129
5639.4000 1.42136078
5639.4500 1.43880028
5639.5000 1.45623978
5639.5500 1.47367928
5639.6000 1.48543578
5639.6500 1.49404915
5639.7000 1.50266252
5639.7500 1.51127589
5639.8000 1.51756704
5639.8500 1.49841714
5639.9000 1.47926724
5639.9500 1.46011733
5640.0000 1.44096743
5640.0500 1.43183625
5640.1000 1.43177278
5640.1500 1.43170931
5640.2000 1.43164585
5640.2500 1.43158238
5640.3000 1.44987309
5640.3500 1.46877656
5640.4000 1.48768002
5640.4500 1.50658349
5640.5000 1.52142431
5640.5500 1.53046665
5640.6000 1.53950898
5640.6500 1.54855131
5640.7000 1.55759364
5640.7500 1.53681855
5640.8000 1.51110002
5640.8500 1.48538149
5640.9000 1.45966296
5640.9500 1.43985971
5641.0000 1.43352907
5641.0500 1.42719844
5641.1000 1.4208678
5641.1500 1.41453717
5641.2000 1.42279809
5641.2500 1.43582152
5641.3000 1.44884494
5641.3500 1.46186837
5641.4000 1.47440985
5641.4500 1.48507389
5641.5000 1.49573794
5641.5500 1.50640198
5641.6000 1.51706602
5641.6500 1.5159364
5641.7000 1.50862549
5641.7500 1.50131458
5641.8000 1.49400367
5641.8500 1.48706171
5641.9000 1.48312081
5641.9500 1.47917992
5642.0000 1.47523902
5642.0500 1.47129812
5642.1000 1.46685969
5642.1500 1.4620372
5642.2000 1.45721471
5642.2500 1.45239222
5642.3000 1.44776427
5642.3500 1.45231823
5642.4000 1.4568722
5642.4500 1.46142616
5642.5000 1.46598012
5642.5500 1.46274347
5642.6000 1.45102131
5642.6500 1.43929915
5642.7000 1.42757699
5642.7500 1.41585483
5642.8000 1.43012957
5642.8500 1.44612053
5642.9000 1.46211148
5642.9500 1.47810243
5643.0000 1.4870668
5643.0500 1.48544754
5643.1000 1.48382829
5643.1500 1.48220904
5643.2000 1.48058979
5643.2500 1.47181153
5643.3000 1.46188191
5643.3500 1.4519523
5643.4000 1.44202269
5643.4500 1.44026916
5643.5000 1.45546423
5643.5500 1.47065929
5643.6000 1.48585436
5643.6500 1.50104943
5643.7000 1.49413983
5643.7500 1.48138619
5643.8000 1.46863255
5643.8500 1.45587891
5643.9000 1.4526511
5643.9500 1.47683397
5644.0000 1.50101684
5644.0500 1.5251997
5644.1000 1.54938257
5644.1500 1.53242382
5644.2000 1.49996983
5644.2500 1.46751585
5644.3000 1.43506186
5644.3500 1.40867867
5644.4000 1.4071286
5644.4500 1.40557853
5644.5000 1.40402846
5644.5500 1.40247838
5644.6000 1.41489878
5644.6500 1.43426295
5644.7000 1.45362713
5644.7500 1.4729913
5644.8000 1.48914254
5644.8500 1.4857286
5644.9000 1.48231466
5644.9500 1.47890072
5645.0000 1.47548677
5645.0500 1.48986776
5645.1000 1.51535876
5645.1500 1.54084976
5645.2000 1.56634076
5645.2500 1.58544519
5645.3000 1.54131807
5645.3500 1.49719096
5645.4000 1.45306384
5645.4500 1.40893672
5645.5000 1.40534333
5645.5500 1.43240829
5645.6000 1.45947326
5645.6500 1.48653823
5645.7000 1.51304757
5645.7500 1.52865531
5645.8000 1.54426305
5645.8500 1.55987079
5645.9000 1.57547854
5645.9500 1.57290186
5646.0000 1.55414455
5646.0500 1.53538723
5646.1000 1.51662991
5646.1500 1.49820302
5646.2000 1.50860382
5646.2500 1.51900462
5646.3000 1.52940542
5646.3500 1.53980622
5646.4000 1.54278088
5646.4500 1.53818029
5646.5000 1.5335797
5646.5500 1.52897911
5646.6000 1.52437852
5646.6500 1.51145591
5646.7000 1.49836562
5646.7500 1.48527533
5646.8000 1.47218504
5646.8500 1.46936456
5646.9000 1.47826587
5646.9500 1.48716718
5647.0000 1.49606849
5647.0500 1.5049698
5647.1000 1.48891793
5647.1500 1.47169705
5647.2000 1.45447617
5647.2500 1.43725529
5647.3000 1.43448107
5647.3500 1.44972239
5647.4000 1.46496371
5647.4500 1.48020503
5647.5000 1.49544636
5647.5500 1.48866755
5647.6000 1.48039147
5647.6500 1.4721154
5647.7000 1.46383932
5647.7500 1.46269953
5647.8000 1.47105196
5647.8500 1.47940438
5647.9000 1.48775681
5647.9500 1.49610923
5648.0000 1.49093746
5648.0500 1.48464551
5648.1000 1.47835356
5648.1500 1.47206161
5648.2000 1.4739169
5648.2500 1.48705183
5648.3000 1.50018675
5648.3500 1.51332168
5648.4000 1.52645661
5648.4500 1.50906996
5648.5000 1.48891252
5648.5500 1.46875508
5648.6000 1.44859764
5648.6500 1.4548482
5648.7000 1.49821849
5648.7500 1.54158877
5648.8000 1.58495906
5648.8500 1.62832934
5648.9000 1.60736163
5648.9500 1.58050427
5649.0000 1.5536469
5649.0500 1.52678953
5649.1000 1.50712213
5649.1500 1.49746146
5649.2000 1.4878008
5649.2500 1.47814014
5649.3000 1.46847948
5649.3500 1.47605843
5649.4000 1.48510409
5649.4500 1.49414975
5649.5000 1.50319541
5649.5500 1.50862469
5649.6000 1.50919329
5649.6500 1.50976189
5649.7000 1.51033049
5649.7500 1.51089909
5649.8000 1.51015741
5649.8500 1.50932187
5649.9000 1.50848633
5649.9500 1.50765079
5650.0000 1.51044996
5650.0500 1.51785232
5650.1000 1.52525469
5650.1500 1.53265706
5650.2000 1.54005943
5650.2500 1.54425654
5650.3000 1.54828784
5650.3500 1.55231913
5650.4000 1.55635043
5650.4500 1.54393716
5650.5000 1.51236883
5650.5500 1.4808005
5650.6000 1.44923217
5650.6500 1.41766385
5650.7000 1.4324773
5650.7500 1.44850063
5650.8000 1.46452397
5650.8500 1.4805473
5650.9000 1.50159377
5650.9500 1.52789459
5651.0000 1.5541954
5651.0500 1.58049621
5651.1000 1.60661381
5651.1500 1.59176963
5651.2000 1.57692545
5651.2500 1.56208127
5651.3000 1.54723709
5651.3500 1.5354389
5651.4000 1.52643349
5651.4500 1.51742808
5651.5000 1.50842267
5651.5500 1.49966631
5651.6000 1.49681966
5651.6500 1.49397301
5651.7000 1.49112635
5651.7500 1.4882797
5651.8000 1.48598273
5651.8500 1.48411639
5651.9000 1.48225004
5651.9500 1.4803837
5652.0000 1.478162
5652.0500 1.47199041
5652.1000 1.46581882
5652.1500 1.45964724
5652.2000 1.45347565
5652.2500 1.45106141
5652.3000 1.45109125
5652.3500 1.45112108
5652.4000 1.45115091
5652.4500 1.4520587
5652.5000 1.45880288
5652.5500 1.46554706
5652.6000 1.47229124
5652.6500 1.47903541
5652.7000 1.47394001
5652.7500 1.46266797
5652.8000 1.45139592
5652.8500 1.44012387
5652.9000 1.43594727
5652.9500 1.46300908
5653.0000 1.49007089
5653.0500 1.5171327
5653.1000 1.5441945
5653.1500 1.53820689
5653.2000 1.51901733
5653.2500 1.49982776
5653.3000 1.4806382
5653.3500 1.46459932
5653.4000 1.45824056
5653.4500 1.4518818
5653.5000 1.44552304
5653.5500 1.43916428
5653.6000 1.44121306
5653.6500 1.44565976
5653.7000 1.45010645
5653.7500 1.45455314
5653.8000 1.4488522
5653.8500 1.42078931
5653.9000 1.39272642
5653.9500 1.36466353
5654.0000 1.33660064
5654.0500 1.34820031
5654.1000 1.36692401
5654.1500 1.3856477
5654.2000 1.4043714
5654.2500 1.41166555
5654.3000 1.40069108
5654.3500 1.38971661
5654.4000 1.37874215
5654.4500 1.36776768
5654.5000 1.35526803
5654.5500 1.34264206
5654.6000 1.33001609
5654.6500 1.31739012
5654.7000 1.3290818
5654.7500 1.36889816
5654.8000 1.40871452
5654.8500 1.44853088
5654.9000 1.48825149
5654.9500 1.51042157
5655.0000 1.53259164
5655.0500 1.55476172
5655.1000 1.57693179
5655.1500 1.55217806
5655.2000 1.48882724
5655.2500 1.42547642
5655.3000 1.3621256
5655.3500 1.30615975
5655.4000 1.32181504
5655.4500 1.33747034
5655.5000 1.35312564
5655.5500 1.36878093
5655.6000 1.37975733
5655.6500 1.38809956
5655.7000 1.39644179
5655.7500 1.40478401
5655.8000 1.41205759
5655.8500 1.41470519
5655.9000 1.41735279
5655.9500 1.42000039
5656.0000 1.42264799
5656.0500 1.43232625
5656.1000 1.4445127
5656.1500 1.45669914
5656.2000 1.46888559
5656.2500 1.47634903
5656.3000 1.47213538
5656.3500 1.46792173
5656.4000 1.46370807
5656.4500 1.45949442
5656.5000 1.4302619
5656.5500 1.39627996
5656.6000 1.36229801
5656.6500 1.32831607
5656.7000 1.31363758
5656.7500 1.3285924
5656.8000 1.34354722
5656.8500 1.35850204
5656.9000 1.37345686
5656.9500 1.36974294
5657.0000 1.36504641
5657.0500 1.36034987
5657.1000 1.35565334
5657.1500 1.35527888
5657.2000 1.35910591
5657.2500 1.36293295
5657.3000 1.36675998
5657.3500 1.3697593
5657.4000 1.36098594
5657.4500 1.35221258
5657.5000 1.34343923
5657.5500 1.33466587
5657.6000 1.34249596
5657.6500 1.3602524
5657.7000 1.37800883
5657.7500 1.39576527
5657.8000 1.4116634
5657.8500 1.41951056
5657.9000 1.42735773
5657.9500 1.4352049
5658.0000 1.44305207
5658.0500 1.419559
5658.1000 1.38566157
5658.1500 1.35176413
5658.2000 1.31786669
5658.2500 1.29950701
5658.3000 1.31485314
5658.3500 1.33019926
5658.4000 1.34554538
5658.4500 1.36089151
5658.5000 1.35157157
5658.5500 1.33894643
5658.6000 1.32632129
5658.6500 1.31369615
5658.7000 1.30106874
5658.7500 1.28843854
5658.8000 1.27580835
5658.8500 1.26317816
5658.9000 1.25124485
5658.9500 1.27516163
5659.0000 1.29907841
5659.0500 1.32299519
5659.1000 1.34691197
5659.1500 1.37072252
5659.2000 1.39445924
5659.2500 1.41819596
5659.3000 1.44193268
5659.3500 1.4606002
5659.4000 1.45313453
5659.4500 1.44566885
5659.5000 1.43820317
5659.5500 1.43073749
5659.6000 1.41313305
5659.6500 1.39190067
5659.7000 1.37066829
5659.7500 1.34943591
5659.8000 1.3429597
5659.8500 1.36901991
5659.9000 1.39508013
5659.9500 1.42114034
5660.0000 1.44720056
5660.0500 1.4168833
5660.1000 1.37953458
5660.1500 1.34218585
5660.2000 1.30483713
5660.2500 1.29326523
5660.3000 1.31102559
5660.3500 1.32878595
5660.4000 1.34654632
5660.4500 1.36376845
5660.5000 1.37029617
5660.5500 1.3768239
5660.6000 1.38335163
5660.6500 1.38987935
5660.7000 1.39610701
5660.7500 1.40215816
5660.8000 1.40820931
5660.8500 1.41426046
5660.9000 1.41400363
5660.9500 1.39042527
5661.0000 1.36684691
5661.0500 1.34326855
5661.1000 1.31969019
5661.1500 1.3154407
5661.2000 1.31609312
5661.2500 1.31674554
5661.3000 1.31739797
5661.3500 1.32067004
5661.4000 1.32814366
5661.4500 1.33561727
5661.5000 1.34309088
5661.5500 1.3505645
5661.6000 1.3687544
5661.6500 1.38725369
5661.7000 1.40575299
5661.7500 1.42425229
5661.8000 1.4286323
5661.8500 1.4219803
5661.9000 1.41532831
5661.9500 1.40867632
5662.0000 1.39809167
5662.0500 1.3656273
5662.1000 1.33316292
5662.1500 1.30069854
5662.2000 1.26823417
5662.2500 1.28163761
5662.3000 1.31075057
5662.3500 1.33986353
5662.4000 1.36897649
5662.4500 1.38834654
5662.5000 1.3887154
5662.5500 1.38908425
5662.6000 1.3894531
5662.6500 1.38982195
5662.7000 1.39955333
5662.7500 1.40994017
5662.8000 1.42032701
5662.8500 1.43071386
5662.9000 1.41748059
5662.9500 1.38344652
5663.0000 1.34941244
5663.0500 1.31537837
5663.1000 1.28889354
5663.1500 1.31273291
5663.2000 1.33657228
5663.2500 1.36041165
5663.3000 1.38425103
5663.3500 1.38863755
5663.4000 1.38585474
5663.4500 1.38307193
5663.5000 1.38028912
5663.5500 1.37863925
5663.6000 1.37926373
5663.6500 1.3798882
5663.7000 1.38051268
5663.7500 1.38113715
5663.8000 1.37573753
5663.8500 1.36992502
5663.9000 1.3641125
5663.9500 1.35829999
5664.0000 1.36494048
5664.0500 1.38215684
5664.1000 1.39937319
5664.1500 1.41658955
5664.2000 1.4243132
5664.2500 1.37704302
5664.3000 1.32977284
5664.3500 1.28250266
5664.4000 1.23523248
5664.4500 1.25014852
5664.5000 1.28522229
5664.5500 1.32029607
5664.6000 1.35536984
5664.6500 1.37951355
5664.7000 1.38462113
5664.7500 1.38972871
5664.8000 1.39483629
5664.8500 1.39994387
5664.9000 1.39960995
5664.9500 1.39914132
5665.0000 1.39867269
5665.0500 1.39820405
5665.1000 1.39620191
5665.1500 1.39312742
5665.2000 1.39005293
5665.2500 1.38697844
5665.3000 1.30300984
5665.3500 0.90081392
5665.4000 0.49861799
5665.4500 0.09642206
5665.5000 -0.30577386
5665.5500 -0.04320822
5665.6000 0.36684038
5665.6500 0.77688899
5665.7000 1.1869376
5665.7500 1.41996928
5665.8000 1.42375594
5665.8500 1.42754259
5665.9000 1.43132924
5665.9500 1.43373602
5666.0000 1.4122355
5666.0500 1.39073498
5666.1000 1.36923445
5666.1500 1.34773393
5666.2000 1.35249752
5666.2500 1.36990874
5666.3000 1.38731996
5666.3500 1.40473118
5666.4000 1.4075104
5666.4500 1.37564171
5666.5000 1.34377303
5666.5500 1.31190434
5666.6000 1.28003565
5666.6500 1.300821
5666.7000 1.32615895
5666.7500 1.35149689
5666.8000 1.37683484
5666.8500 1.38266565
5666.9000 1.37224172
5666.9500 1.36181779
5667.0000 1.35139387
5667.0500 1.34683969
5667.1000 1.37052624
5667.1500 1.3942128
5667.2000 1.41789935
5667.2500 1.44158591
5667.3000 1.45097434
5667.3500 1.45679363
5667.4000 1.46261291
5667.4500 1.4684322
5667.5000 1.45764694
5667.5500 1.42484699
5667.6000 1.39204704
5667.6500 1.35924709
5667.7000 1.32934561
5667.7500 1.34388796
5667.8000 1.35843031
5667.8500 1.37297267
5667.9000 1.38751502
5667.9500 1.40964559
5668.0000 1.43512124
5668.0500 1.4605969
5668.1000 1.48607255
5668.1500 1.49687365
5668.2000 1.47766741
5668.2500 1.45846117
5668.3000 1.43925493
5668.3500 1.4200487
5668.4000 1.42779376
5668.4500 1.43653503
5668.5000 1.44527629
5668.5500 1.45401755
5668.6000 1.43111765
5668.6500 1.38728504
5668.7000 1.34345243
5668.7500 1.29961982
5668.8000 1.28867907
5668.8500 1.38139246
5668.9000 1.47410585
5668.9500 1.56681924
5669.0000 1.65953263
5669.0500 1.63514173
5669.1000 1.59500605
5669.1500 1.55487037
5669.2000 1.51473469
5669.2500 1.48853685
5669.3000 1.47501847
5669.3500 1.46150008
5669.4000 1.44798169
5669.4500 1.43427122
5669.5000 1.419605
5669.5500 1.40493877
5669.6000 1.39027255
5669.6500 1.37560633
5669.7000 1.36923108
5669.7500 1.36476763
5669.8000 1.36030418
5669.8500 1.35584073
5669.9000 1.37335198
5669.9500 1.4167172
5670.0000 1.46008243
5670.0500 1.50344766
5670.1000 1.53650073
5670.1500 1.48423257
5670.2000 1.43196441
5670.2500 1.37969624
5670.3000 1.32742808
5670.3500 1.33646388
5670.4000 1.36509597
5670.4500 1.39372807
5670.5000 1.42236016
5670.5500 1.43984374
5670.6000 1.44123602
5670.6500 1.4426283
5670.7000 1.44402058
5670.7500 1.4471579
5670.8000 1.47654605
5670.8500 1.5059342
5670.9000 1.53532235
5670.9500 1.5647105
5671.0000 1.55217558
5671.0500 1.52308958
5671.1000 1.49400359
5671.1500 1.46491759
5671.2000 1.45161037
5671.2500 1.46481212
5671.3000 1.47801388
5671.3500 1.49121563
5671.4000 1.50309324
5671.4500 1.47339607
5671.5000 1.4436989
5671.5500 1.41400173
5671.6000 1.38430455
5671.6500 1.39473805
5671.7000 1.42318739
5671.7500 1.45163673
5671.8000 1.48008607
5671.8500 1.508681
5671.9000 1.53754511
5671.9500 1.56640922
5672.0000 1.59527333
5672.0500 1.62466023
5672.1000 1.69241402
5672.1500 1.7601678
5672.2000 1.82792159
5672.2500 1.89567538
5672.3000 1.85771385
5672.3500 1.76941267
5672.4000 1.68111149
5672.4500 1.59281031
5672.5000 1.53278018
5672.5500 1.52691007
5672.6000 1.52103997
5672.6500 1.51516986
5672.7000 1.50928892
5672.7500 1.50234392
5672.8000 1.49539891
5672.8500 1.48845391
5672.9000 1.4815089
5672.9500 1.48426615
5673.0000 1.49161573
5673.0500 1.4989653
5673.1000 1.50631488
5673.1500 1.4913517
5673.2000 1.43476168
5673.2500 1.37817166
5673.3000 1.32158164
5673.3500 1.26678955
5673.4000 1.29681243
5673.4500 1.3268353
5673.5000 1.35685818
5673.5500 1.38688105
5673.6000 1.41215259
5673.6500 1.43533027
5673.7000 1.45850796
5673.7500 1.48168564
5673.8000 1.48607762
5673.8500 1.45835009
5673.9000 1.43062257
5673.9500 1.40289504
5674.0000 1.37723535
5674.0500 1.39493832
5674.1000 1.41264128
5674.1500 1.43034425
5674.2000 1.44804721
5674.2500 1.44742647
5674.3000 1.43980519
5674.3500 1.43218391
5674.4000 1.42456263
5674.4500 1.42691137
5674.5000 1.44401875
5674.5500 1.46112612
5674.6000 1.4782335
5674.6500 1.48991109
5674.7000 1.44264943
5674.7500 1.39538777
5674.8000 1.34812611
5674.8500 1.30086445
5674.9000 1.3097297
5674.9500 1.33563599
5675.0000 1.36154228
5675.0500 1.38744858
5675.1000 1.41174164
5675.1500 1.43407415
5675.2000 1.45640667
5675.2500 1.47873918
5675.3000 1.49600898
5675.3500 1.48146295
5675.4000 1.46691693
5675.4500 1.4523709
5675.5000 1.43782487
5675.5500 1.41692589
5675.6000 1.39467671
5675.6500 1.37242753
5675.7000 1.35017835
5675.7500 1.34521637
5675.8000 1.35661753
5675.8500 1.3680187
5675.9000 1.37941987
5675.9500 1.38896975
5676.0000 1.39130955
5676.0500 1.39364935
5676.1000 1.39598915
5676.1500 1.39832894
5676.2000 1.38310354
5676.2500 1.36584912
5676.3000 1.34859471
5676.3500 1.33134029
5676.4000 1.34263553
5676.4500 1.3737573
5676.5000 1.40487908
5676.5500 1.43600085
5676.6000 1.4844685
5676.6500 1.57635954
5676.7000 1.66825057
5676.7500 1.76014161
5676.8000 1.85203264
5676.8500 1.73700564
5676.9000 1.61824716
5676.9500 1.49948868
5677.0000 1.3807302
5677.0500 1.33813583
5677.1000 1.33126781
5677.1500 1.32439978
5677.2000 1.31753176
5677.2500 1.30972416
5677.3000 1.30038801
5677.3500 1.29105186
5677.4000 1.28171571
5677.4500 1.27593152
5677.5000 1.3097836
5677.5500 1.34363569
5677.6000 1.37748777
5677.6500 1.41133985
5677.7000 1.44658759
5677.7500 1.48221674
5677.8000 1.51784589
5677.8500 1.55347504
5677.9000 1.54408223
5677.9500 1.48784197
5678.0000 1.4316017
5678.0500 1.37536144
5678.1000 1.33507488
5678.1500 1.36009381
5678.2000 1.38511273
5678.2500 1.41013165
5678.3000 1.43515058
5678.3500 1.41421928
5678.4000 1.38841779
5678.4500 1.36261631
5678.5000 1.33681482
5678.5500 1.35121219
5678.6000 1.39092623
5678.6500 1.43064028
5678.7000 1.47035433
5678.7500 1.48915882
5678.8000 1.46444814
5678.8500 1.43973746
5678.9000 1.41502679
5678.9500 1.39184415
5679.0000 1.40830889
5679.0500 1.42477363
5679.1000 1.44123837
5679.1500 1.45770311
5679.2000 1.47265204
5679.2500 1.48709904
5679.3000 1.50154603
5679.3500 1.51599303
5679.4000 1.49910633
5679.4500 1.44644802
5679.5000 1.39378972
5679.5500 1.34113142
5679.6000 1.31076148
5679.6500 1.37910135
5679.7000 1.44744123
5679.7500 1.51578111
5679.8000 1.58412098
5679.8500 1.54014353
5679.9000 1.48410765
5679.9500 1.42807178
5680.0000 1.3720359
5680.0500 1.37199036
5680.1000 1.40575934
5680.1500 1.43952832
5680.2000 1.47329731
5680.2500 1.50305292
5680.3000 1.52520438
5680.3500 1.54735585
5680.4000 1.56950732
5680.4500 1.58829121
5680.5000 1.56165542
5680.5500 1.53501964
5680.6000 1.50838385
5680.6500 1.48174806
5680.7000 1.49014081
5680.7500 1.50761226
5680.8000 1.52508372
5680.8500 1.54255517
5680.9000 1.54203611
5680.9500 1.52496915
5681.0000 1.50790219
5681.0500 1.49083523
5681.1000 1.47454411
5681.1500 1.46059073
5681.2000 1.44663735
5681.2500 1.43268398
5681.3000 1.4187306
5681.3500 1.46385447
5681.4000 1.5102428
5681.4500 1.55663112
5681.5000 1.60301945
5681.5500 1.58376945
5681.6000 1.53777312
5681.6500 1.49177679
5681.7000 1.44578046
5681.7500 1.43823509
5681.8000 1.47893559
5681.8500 1.51963609
5681.9000 1.56033658
5681.9500 1.58948951
5682.0000 1.56535558
5682.0500 1.54122166
5682.1000 1.51708774
5682.1500 1.49295382
5682.2000 1.50818422
5682.2500 1.5271051
5682.3000 1.54602599
5682.3500 1.56494687
5682.4000 1.60429281
5682.4500 1.6545387
5682.5000 1.70478458
5682.5500 1.75503046
5682.6000 1.76175846
5682.6500 1.70081011
5682.7000 1.63986176
5682.7500 1.57891341
5682.8000 1.52655605
5682.8500 1.53055443
5682.9000 1.53455281
5682.9500 1.53855119
5683.0000 1.54254958
5683.0500 1.54479643
5683.1000 1.54679254
5683.1500 1.54878864
5683.2000 1.55078475
5683.2500 1.58046507
5683.3000 1.62719736
5683.3500 1.67392965
5683.4000 1.72066195
5683.4500 1.75455573
5683.5000 1.76606375
5683.5500 1.77757176
5683.6000 1.78907978
5683.6500 1.78947946
5683.7000 1.70154413
5683.7500 1.61360879
5683.8000 1.52567346
5683.8500 1.43773813
5683.9000 1.44828308
5683.9500 1.47479165
5684.0000 1.50130022
5684.0500 1.52780879
5684.1000 1.5429853
5684.1500 1.55094403
5684.2000 1.55890276
5684.2500 1.56686149
5684.3000 1.57890457
5684.3500 1.59811914
5684.4000 1.61733371
5684.4500 1.63654828
5684.5000 1.6510771
5684.5500 1.63004096
5684.6000 1.60900481
5684.6500 1.58796867
5684.7000 1.56693252
5684.7500 1.57930996
5684.8000 1.59661221
5684.8500 1.61391445
5684.9000 1.63121669
5684.9500 1.58745433
5685.0000 1.50755953
5685.0500 1.42766474
5685.1000 1.34776995
5685.1500 1.31316452
5685.2000 1.35043281
5685.2500 1.38770109
5685.3000 1.42496938
5685.3500 1.46435352
5685.4000 1.51607177
5685.4500 1.56779002
5685.5000 1.61950828
5685.5500 1.67122653
5685.6000 1.64156717
5685.6500 1.60365121
5685.7000 1.56573525
5685.7500 1.52781929
5685.8000 1.50222369
5685.8500 1.48267089
5685.9000 1.46311809
5685.9500 1.44356529
5686.0000 1.43173993
5686.0500 1.42992878
5686.1000 1.42811762
5686.1500 1.42630647
5686.2000 1.42337672
5686.2500 1.41602154
5686.3000 1.40866635
5686.3500 1.40131117
5686.4000 1.39395598
5686.4500 1.4355326
5686.5000 1.47864555
5686.5500 1.52175851
5686.6000 1.56487146
5686.6500 1.55655676
5686.7000 1.53007293
5686.7500 1.5035891
5686.8000 1.47710527
5686.8500 1.4865396
5686.9000 1.53049722
5686.9500 1.57445484
5687.0000 1.61841245
5687.0500 1.64403776
5687.1000 1.62309073
5687.1500 1.6021437
5687.2000 1.58119667
5687.2500 1.56164929
5687.3000 1.56543776
5687.3500 1.56922623
5687.4000 1.5730147
5687.4500 1.57680317
5687.5000 1.61142096
5687.5500 1.65225031
5687.6000 1.69307966
5687.6500 1.733909
5687.7000 1.71169168
5687.7500 1.6491001
5687.8000 1.58650851
5687.8500 1.52391692
5687.9000 1.53108946
5687.9500 1.64806818
5688.0000 1.7650469
5688.0500 1.88202562
5688.1000 1.95904855
5688.1500 1.83958366
5688.2000 1.72011877
5688.2500 1.60065388
5688.3000 1.48118899
5688.3500 1.54285422
5688.4000 1.61384119
5688.4500 1.68482817
5688.5000 1.75581514
5688.5500 1.76956932
5688.6000 1.76265784
5688.6500 1.75574637
5688.7000 1.74883489
5688.7500 1.72638488
5688.8000 1.68958897
5688.8500 1.65279306
5688.9000 1.61599715
5688.9500 1.58508321
5689.0000 1.56746018
5689.0500 1.54983715
5689.1000 1.53221413
5689.1500 1.51569223
5689.2000 1.50963487
5689.2500 1.5035775
5689.3000 1.49752014
5689.3500 1.49146278
5689.4000 1.52448024
5689.4500 1.56256439
5689.5000 1.60064854
5689.5500 1.63873268
5689.6000 1.64212129
5689.6500 1.62894261
5689.7000 1.61576394
5689.7500 1.60258526
5689.8000 1.59733609
5689.8500 1.60102849
5689.9000 1.60472088
5689.9500 1.60841327
5690.0000 1.6043562
5690.0500 1.57878162
5690.1000 1.55320704
5690.1500 1.52763247
5690.2000 1.50603333
5690.2500 1.54546406
5690.3000 1.5848948
5690.3500 1.62432554
5690.4000 1.66375628
5690.4500 1.68408409
5690.5000 1.70127927
5690.5500 1.71847445
5690.6000 1.73566963
5690.6500 1.69106836
5690.7000 1.61444324
5690.7500 1.53781811
5690.8000 1.46119298
5690.8500 1.40816862
5690.9000 1.3828705
5690.9500 1.35757238
5691.0000 1.33227426
5691.0500 1.32759271
5691.1000 1.38081984
5691.1500 1.43404696
5691.2000 1.48727408
5691.2500 1.53520404
5691.3000 1.50922086
5691.3500 1.48323768
5691.4000 1.45725449
5691.4500 1.43127131
5691.5000 1.46772821
5691.5500 1.51328542
5691.6000 1.55884264
5691.6500 1.60439985
5691.7000 1.58367033
5691.7500 1.53179114
5691.8000 1.47991196
5691.8500 1.42803277
5691.9000 1.4134849
5691.9500 1.43788329
5692.0000 1.46228167
5692.0500 1.48668006
5692.1000 1.50396328
5692.1500 1.50465345
5692.2000 1.50534363
5692.2500 1.5060338
5692.3000 1.50830087
5692.3500 1.52301938
5692.4000 1.53773789
5692.4500 1.5524564
5692.5000 1.56717491
5692.5500 1.59457903
5692.6000 1.62299254
5692.6500 1.65140604
5692.7000 1.67981954
5692.7500 1.63373655
5692.8000 1.56172051
5692.8500 1.48970448
5692.9000 1.41768845
5692.9500 1.40363238
5693.0000 1.43532805
5693.0500 1.46702373
5693.1000 1.49871941
5693.1500 1.52269325
5693.2000 1.53393532
5693.2500 1.54517739
5693.3000 1.55641947
5693.3500 1.57933497
5693.4000 1.64959384
5693.4500 1.71985271
5693.5000 1.79011159
5693.5500 1.85652408
5693.6000 1.73117072
5693.6500 1.60581736
5693.7000 1.48046399
5693.7500 1.35511063
5693.8000 1.36238948
5693.8500 1.39434648
5693.9000 1.42630348
5693.9500 1.45826048
5694.0000 1.45851472
5694.0500 1.44302545
5694.1000 1.42753618
5694.1500 1.41204692
5694.2000 1.37729239
5694.2500 1.32287061
5694.3000 1.26844882
5694.3500 1.21402704
5694.4000 1.19786537
5694.4500 1.26186303
5694.5000 1.32586068
5694.5500 1.38985834
5694.6000 1.44006894
5694.6500 1.41391971
5694.7000 1.38777047
5694.7500 1.36162123
5694.8000 1.33547199
5694.8500 1.34706263
5694.9000 1.3592518
5694.9500 1.37144098
5695.0000 1.38363015
5695.0500 1.38188069
5695.1000 1.37701819
5695.1500 1.37215569
5695.2000 1.36729319
5695.2500 1.35809259
5695.3000 1.34657737
5695.3500 1.33506216
5695.4000 1.32354695
5695.4500 1.31773218
5695.5000 1.31789043
5695.5500 1.31804867
5695.6000 1.31820692
5695.6500 1.32257123
5695.7000 1.33562482
5695.7500 1.34867842
5695.8000 1.36173201
5695.8500 1.38038223
5695.9000 1.42722918
5695.9500 1.47407614
5696.0000 1.52092309
5696.0500 1.56708284
5696.1000 1.51070177
5696.1500 1.4543207
5696.2000 1.39793963
5696.2500 1.34155855
5696.3000 1.33178864
5696.3500 1.3302893
5696.4000 1.32878996
5696.4500 1.32729062
5696.5000 1.33081646
5696.5500 1.33656274
5696.6000 1.34230902
5696.6500 1.3480553
5696.7000 1.37083921
5696.7500 1.40817211
5696.8000 1.445505
5696.8500 1.48283789
5696.9000 1.49778356
5696.9500 1.47724476
5697.0000 1.45670596
5697.0500 1.43616716
5697.1000 1.41962328
5697.1500 1.41601983
5697.2000 1.41241637
5697.2500 1.40881292
5697.3000 1.40889877
5697.3500 1.44792411
5697.4000 1.48694945
5697.4500 1.52597479
5697.5000 1.56500013
5697.5500 1.55646939
5697.6000 1.54483848
5697.6500 1.53320758
5697.7000 1.52157667
5697.7500 1.51022014
5697.8000 1.49893539
5697.8500 1.48765063
5697.9000 1.47636587
5697.9500 1.4602374
5698.0000 1.44147916
5698.0500 1.42272091
5698.1000 1.40396266
5698.1500 1.37731875
5698.2000 1.342951
5698.2500 1.30858326
5698.3000 1.27421551
5698.3500 1.2730491
5698.4000 1.32993069
5698.4500 1.38681229
5698.5000 1.44369388
5698.5500 1.46610462
5698.6000 1.36918504
5698.6500 1.27226547
5698.7000 1.17534589
5698.7500 1.08992706
5698.8000 1.12673107
5698.8500 1.16353507
5698.9000 1.20033908
5698.9500 1.23714308
5699.0000 1.29698491
5699.0500 1.35805237
5699.1000 1.41911983
5699.1500 1.48018728
5699.2000 1.46520206
5699.2500 1.43290466
5699.3000 1.40060726
5699.3500 1.36830985
5699.4000 1.35413588
5699.4500 1.34844094
5699.5000 1.342746
5699.5500 1.33705107
5699.6000 1.35476479
5699.6500 1.39166445
5699.7000 1.42856411
5699.7500 1.46546377
5699.8000 1.46574942
5699.8500 1.41536378
5699.9000 1.36497814
5699.9500 1.31459251
5700.0000 1.28835861
5700.0500 1.32097202
5700.1000 1.35358543
5700.1500 1.38619884
5700.2000 1.41796768
5700.2500 1.44543467
5700.3000 1.47290165
5700.3500 1.50036863
5700.4000 1.52695782
5700.4500 1.53182218
5700.5000 1.53668654
5700.5500 1.5415509
5700.6000 1.54641526
5700.6500 1.53525909
5700.7000 1.52261795
5700.7500 1.50997681
5700.8000 1.49733567
5700.8500 1.48205707
5700.9000 1.46609049
5700.9500 1.45012391
5701.0000 1.43415732
5701.0500 1.42710886
5701.1000 1.42440014
5701.1500 1.42169142
5701.2000 1.4189827
5701.2500 1.42868793
5701.3000 1.44839406
5701.3500 1.46810019
5701.4000 1.48780632
5701.4500 1.49541695
5701.5000 1.48741906
5701.5500 1.47942117
5701.6000 1.47142328
5701.6500 1.46215718
5701.7000 1.45020822
5701.7500 1.43825926
5701.8000 1.42631029
5701.8500 1.40478964
5701.9000 1.34659299
5701.9500 1.28839633
5702.0000 1.23019968
5702.0500 1.17687104
5702.1000 1.17015243
5702.1500 1.16343382
5702.2000 1.1567152
5702.2500 1.14999659
5702.3000 1.24392617
5702.3500 1.33951572
5702.4000 1.43510526
5702.4500 1.5306948
5702.5000 1.44014587
5702.5500 1.32290739
5702.6000 1.20566891
5702.6500 1.08843043
5702.7000 1.048648
5702.7500 1.0323916
5702.8000 1.01613519
5702.8500 0.99987879
5702.9000 1.05622376
5702.9500 1.14979118
5703.0000 1.24335861
5703.0500 1.33692603
5703.1000 1.35952529
5703.1500 1.32561872
5703.2000 1.29171214
5703.2500 1.25780557
5703.3000 1.2313439
5703.3500 1.213836
5703.4000 1.1963281
5703.4500 1.1788202
5703.5000 1.15865281
5703.5500 1.13360825
5703.6000 1.10856369
5703.6500 1.08351913
5703.7000 1.06801402
5703.7500 1.08062004
5703.8000 1.09322606
5703.8500 1.10583208
5703.9000 1.10592722
5703.9500 1.03806408
5704.0000 0.97020094
5704.0500 0.90233781
5704.1000 0.84594079
5704.1500 0.97178062
5704.2000 1.09762046
5704.2500 1.22346029
5704.3000 1.34930013
5704.3500 1.31804486
5704.4000 1.28101224
5704.4500 1.24397962
5704.5000 1.20694701
5704.5500 1.20448517
5704.6000 1.20712174
5704.6500 1.20975831
5704.7000 1.21239489
5704.7500 1.2510939
5704.8000 1.29996201
5704.8500 1.34883012
5704.9000 1.39769823
5704.9500 1.43505982
5705.0000 1.46725708
5705.0500 1.49945434
5705.1000 1.5316516
5705.1500 1.50853774
5705.2000 1.44885777
5705.2500 1.38917781
5705.3000 1.32949784
5705.3500 1.29697529
5705.4000 1.28998518
5705.4500 1.28299507
5705.5000 1.27600496
5705.5500 1.27205994
5705.6000 1.27214411
5705.6500 1.27222829
5705.7000 1.27231246
5705.7500 1.25628765
5705.8000 1.20995984
5705.8500 1.16363203
5705.9000 1.11730422
5705.9500 1.09044594
5706.0000 1.11749254
5706.0500 1.14453914
5706.1000 1.17158574
5706.1500 1.19956164
5706.2000 1.23162552
5706.2500 1.26368939
5706.3000 1.29575327
5706.3500 1.3229319
5706.4000 1.30921642
5706.4500 1.29550093
5706.5000 1.28178545
5706.5500 1.26759367
5706.6000 1.23790764
5706.6500 1.20822161
5706.7000 1.17853559
5706.7500 1.14884956
5706.8000 1.19463035
5706.8500 1.24400428
5706.9000 1.29337822
5706.9500 1.34275215
5707.0000 1.36888976
5707.0500 1.39188571
5707.1000 1.41488166
5707.1500 1.43787762
5707.2000 1.30957398
5707.2500 1.14551806
5707.3000 0.98146214
5707.3500 0.81740622
5707.4000 0.83335097
5707.4500 0.91305003
5707.5000 0.9927491
5707.5500 1.07244816
5707.6000 1.07324249
5707.6500 1.03511233
5707.7000 0.99698217
5707.7500 0.95885201
5707.8000 0.94276311
5707.8500 0.94121733
5707.9000 0.93967155
5707.9500 0.93812577
5708.0000 0.99511865
5708.0500 1.10259929
5708.1000 1.21007993
5708.1500 1.31756056
5708.2000 1.28835134
5708.2500 1.10683882
5708.3000 0.9253263
5708.3500 0.74381377
5708.4000 0.69045082
5708.4500 0.82098668
5708.5000 0.95152255
5708.5500 1.08205841
5708.6000 1.13481619
5708.6500 1.04311551
5708.7000 0.95141483
5708.7500 0.85971415
5708.8000 0.82639133
5708.8500 0.93536589
5708.9000 1.04434045
5708.9500 1.153315
5709.0000 1.23844956
5709.0500 1.24530693
5709.1000 1.2521643
5709.1500 1.25902167
5709.2000 1.27127502
5709.2500 1.30851004
5709.3000 1.34574506
5709.3500 1.38298008
5709.4000 1.42176939
5709.4500 1.4715975
5709.5000 1.52142561
5709.5500 1.57125372
5709.6000 1.61534168
5709.6500 1.58414264
5709.7000 1.55294361
5709.7500 1.52174458
5709.8000 1.4911298
5709.8500 1.48931498
5709.9000 1.48750016
5709.9500 1.48568534
5710.0000 1.48387052
5710.0500 1.40582681
5710.1000 1.32546989
5710.1500 1.24511297
5710.2000 1.16475604
5710.2500 1.25170333
5710.3000 1.35263983
5710.3500 1.45357633
5710.4000 1.55451283
5710.4500 1.52543868
5710.5000 1.47808806
5710.5500 1.43073745
5710.6000 1.38338684
5710.6500 1.37189264
5710.7000 1.36762382
5710.7500 1.36335499
5710.8000 1.35908617
5710.8500 1.34879011
5710.9000 1.33688656
5710.9500 1.32498301
5711.0000 1.31307946
5711.0500 1.26602331
5711.1000 1.2071392
5711.1500 1.14825508
5711.2000 1.08937097
5711.2500 1.14495745
5711.3000 1.24760656
5711.3500 1.35025568
5711.4000 1.45290479
5711.4500 1.41945404
5711.5000 1.31917793
5711.5500 1.21890182
5711.6000 1.11862571
5711.6500 1.15218017
5711.7000 1.26287501
5711.7500 1.37356986
5711.8000 1.48426471
5711.8500 1.47969517
5711.9000 1.39816985
5711.9500 1.31664454
5712.0000 1.23511922
5712.0500 1.20769837
5712.1000 1.22166831
5712.1500 1.23563824
5712.2000 1.24960818
5712.2500 1.31471985
5712.3000 1.42426148
5712.3500 1.53380311
5712.4000 1.64334474
5712.4500 1.65805536
5712.5000 1.5799199
5712.5500 1.50178444
5712.6000 1.42364897
5712.6500 1.41917914
5712.7000 1.49544964
5712.7500 1.57172015
5712.8000 1.64799065
5712.8500 1.64157857
5712.9000 1.53432265
5712.9500 1.42706673
5713.0000 1.31981082
5713.0500 1.23980531
5713.1000 1.19658049
5713.1500 1.15335567
5713.2000 1.11013084
5713.2500 1.10276211
5713.3000 1.14867177
5713.3500 1.19458143
5713.4000 1.24049109
5713.4500 1.24529456
5713.5000 1.18319704
5713.5500 1.12109951
5713.6000 1.05900199
5713.6500 1.01123375
5713.7000 0.9888807
5713.7500 0.96652765
5713.8000 0.9441746
5713.8500 1.0179389
5713.9000 1.2765378
5713.9500 1.5351367
5714.0000 1.79373561
5714.0500 1.88747097
5714.1000 1.63929863
5714.1500 1.39112629
5714.2000 1.14295394
5714.2500 0.99323338
5714.3000 1.0624831
5714.3500 1.13173282
5714.4000 1.20098255
5714.4500 1.25618489
5714.5000 1.27807814
5714.5500 1.2999714
5714.6000 1.32186465
5714.6500 1.35282439
5714.7000 1.40655978
5714.7500 1.46029518
5714.8000 1.51403057
5714.8500 1.53960684
5714.9000 1.49074609
5714.9500 1.44188535
5715.0000 1.39302461
5715.0500 1.34444453
5715.1000 1.29663962
5715.1500 1.2488347
5715.2000 1.20102978
5715.2500 1.16070476
5715.3000 1.1417988
5715.3500 1.12289284
5715.4000 1.10398688
5715.4500 1.07041774
5715.5000 0.99365981
5715.5500 0.91690188
5715.6000 0.84014395
5715.6500 0.785356
5715.7000 0.79657497
5715.7500 0.80779395
5715.8000 0.81901292
5715.8500 0.83979365
5715.9000 0.88962696
5715.9500 0.93946027
5716.0000 0.98929358
5716.0500 1.05710267
5716.1000 1.17966721
5716.1500 1.30223175
5716.2000 1.42479629
5716.2500 1.51288701
5716.3000 1.49662284
5716.3500 1.48035866
5716.4000 1.46409449
5716.4500 1.47547252
5716.5000 1.56928431
5716.5500 1.66309611
5716.6000 1.7569079
5716.6500 1.78732129
5716.7000 1.63305119
5716.7500 1.47878109
5716.8000 1.32451099
5716.8500 1.25089148
5716.9000 1.4048897
5716.9500 1.55888792
5717.0000 1.71288614
5717.0500 1.79940777
5717.1000 1.70287148
5717.1500 1.60633518
5717.2000 1.50979889
5717.2500 1.45188773
5717.3000 1.49395559
5717.3500 1.53602345
5717.4000 1.57809132
5717.4500 1.68038354
5717.5000 1.93037235
5717.5500 2.18036116
5717.6000 2.43034996
5717.6500 2.95167965
5717.7000 4.09936083
5717.7500 5.24704201
5717.8000 6.3947232
5717.8500 9.0851119
5717.9000 15.10681385
5717.9500 21.12851579
5718.0000 27.15021774
5718.0500 29.2021019
5718.1000 23.2810973
5718.1500 17.36009271
5718.2000 11.43908811
5718.2500 7.37435084
5718.3000 6.75800366
5718.3500 6.14165647
5718.4000 5.52530929
5718.4500 4.86797651
5718.5000 4.14058612
5718.5500 3.41319573
5718.6000 2.68580535
5718.6500 2.09151419
5718.7000 1.7054926
5718.7500 1.31947101
5718.8000 0.93344942
5718.8500 0.82476912
5718.9000 1.11135103
5718.9500 1.39793294
5719.0000 1.68451485
5719.0500 1.84662214
5719.1000 1.8479867
5719.1500 1.84935126
5719.2000 1.85071582
5719.2500 0
5719.3000 0
5719.3500 0
5719.4000 0
