4256.0500 0.24987271
4256.1000 0.21167757
4256.1500 0.16712945
4256.2000 0.12258134
4256.2500 0.07803323
4256.3000 0.04081534
4256.3500 0.00438612
4256.4000 -0.03204309
4256.4500 -0.0684723
4256.5000 0.00834367
4256.5500 0.09755801
4256.6000 0.18677234
4256.6500 0.27598667
4256.7000 0.24371471
4256.7500 0.1980868
4256.8000 0.1524589
4256.8500 0.10683099
4256.9000 0.1494366
4256.9500 0.20165576
4257.0000 0.25387493
4257.0500 0.30609409
4257.1000 0.26812723
4257.1500 0.22055165
4257.2000 0.17297606
4257.2500 0.12540047
4257.3000 0.26542741
4257.3500 0.42472485
4257.4000 0.5840223
4257.4500 0.74331974
4257.5000 0.70187821
4257.5500 0.64086177
4257.6000 0.57984534
4257.6500 0.5188289
4257.7000 0.3390592
4257.7500 0.14848701
4257.8000 -0.04208519
4257.8500 -0.23265738
4257.9000 0.03141462
4257.9500 0.33327826
4258.0000 0.6351419
4258.0500 0.93700554
4258.1000 0.93661287
4258.1500 0.91383976
4258.2000 0.89106664
4258.2500 0.86829352
4258.3000 0.766154
4258.3500 0.65895141
4258.4000 0.55174881
4258.4500 0.44454622
4258.5000 0.41056503
4258.5500 0.3804237
4258.6000 0.35028236
4258.6500 0.32014103
4258.7000 0.30280086
4258.7500 0.28597357
4258.8000 0.26914628
4258.8500 0.252319
4258.9000 0.03942845
4258.9500 -0.17870556
4259.0000 -0.39683956
4259.0500 -0.61497356
4259.1000 -0.37814228
4259.1500 -0.13559616
4259.2000 0.10694995
4259.2500 0.34868502
4259.3000 0.25387153
4259.3500 0.15905804
4259.4000 0.06424454
4259.4500 -0.02689576
4259.5000 0.07812999
4259.5500 0.18315573
4259.6000 0.28818148
4259.6500 0.39039391
4259.7000 0.41622645
4259.7500 0.44205899
4259.8000 0.46789154
4259.8500 0.49045098
4259.9000 0.45548589
4259.9500 0.4205208
4260.0000 0.38555572
4260.0500 0.35093547
4260.1000 0.32067395
4260.1500 0.29041243
4260.2000 0.2601509
4260.2500 0.22620516
4260.3000 0.15673319
4260.3500 0.08726121
4260.4000 0.01778924
4260.4500 -0.04136226
4260.5000 -0.02169014
4260.5500 -0.00201802
4260.6000 0.0176541
4260.6500 0.05115636
4260.7000 0.170503
4260.7500 0.28984965
4260.8000 0.4091963
4260.8500 0.5086112
4260.9000 0.50560219
4260.9500 0.50259318
4261.0000 0.49958417
4261.0500 0.47693232
4261.1000 0.36955897
4261.1500 0.26218563
4261.2000 0.15481229
4261.2500 0.09189578
4261.3000 0.1915919
4261.3500 0.29128802
4261.4000 0.39098414
4261.4500 0.47313863
4261.5000 0.50045137
4261.5500 0.52776411
4261.6000 0.55507685
4261.6500 0.56818008
4261.7000 0.54308981
4261.7500 0.51799955
4261.8000 0.49290929
4261.8500 0.45208228
4261.9000 0.37473484
4261.9500 0.29738739
4262.0000 0.22003995
4262.0500 0.15667777
4262.1000 0.12141802
4262.1500 0.08615826
4262.2000 0.0508985
4262.2500 0.04364671
4262.3000 0.08520433
4262.3500 0.12676196
4262.4000 0.16831958
4262.4500 0.17350413
4262.5000 0.12369202
4262.5500 0.07387992
4262.6000 0.02406782
4262.6500 0.01713332
4262.7000 0.06640617
4262.7500 0.11567901
4262.8000 0.16495186
4262.8500 0.16676049
4262.9000 0.11473344
4262.9500 0.0627064
4263.0000 0.01067936
4263.0500 0.03402936
4263.1000 0.13110614
4263.1500 0.22818293
4263.2000 0.32525972
4263.2500 0.36216838
4263.3000 0.34857748
4263.3500 0.33498658
4263.4000 0.32139569
4263.4500 0.29064724
4263.5000 0.24762651
4263.5500 0.20460577
4263.6000 0.16158504
4263.6500 0.19742634
4263.7000 0.28089237
4263.7500 0.36435839
4263.8000 0.44782442
4263.8500 0.44146071
4263.9000 0.38987063
4263.9500 0.33828055
4264.0000 0.28669047
4264.0500 0.25912853
4264.1000 0.24147918
4264.1500 0.22382984
4264.2000 0.20618049
4264.2500 0.24423402
4264.3000 0.30066498
4264.3500 0.35709595
4264.4000 0.41352691
4264.4500 0.36104457
4264.5000 0.28083403
4264.5500 0.20062348
4264.6000 0.12041293
4264.6500 0.17595468
4264.7000 0.2567049
4264.7500 0.33745513
4264.8000 0.41820535
4264.8500 0.35065078
4264.9000 0.26492874
4264.9500 0.1792067
4265.0000 0.09348466
4265.0500 0.13393843
4265.1000 0.18251534
4265.1500 0.23109225
4265.2000 0.27966916
4265.2500 0.31378964
4265.3000 0.34775417
4265.3500 0.3817187
4265.4000 0.41368504
4265.4500 0.39807481
4265.5000 0.38246457
4265.5500 0.36685434
4265.6000 0.35671715
4265.6500 0.40030585
4265.7000 0.44389456
4265.7500 0.48748327
4265.8000 0.51795857
4265.8500 0.47158327
4265.9000 0.42520797
4265.9500 0.37883268
4266.0000 0.33907683
4266.0500 0.32575907
4266.1000 0.31244131
4266.1500 0.29912355
4266.2000 0.30478198
4266.2500 0.36562367
4266.3000 0.42646537
4266.3500 0.48730706
4266.4000 0.50703016
4266.4500 0.4363735
4266.5000 0.36571684
4266.5500 0.29506019
4266.6000 0.25900084
4266.6500 0.28168191
4266.7000 0.30436298
4266.7500 0.32704404
4266.8000 0.30018462
4266.8500 0.20760412
4266.9000 0.11502361
4266.9500 0.02244311
4267.0000 -0.01346023
4267.0500 0.00959953
4267.1000 0.03265929
4267.1500 0.05571905
4267.2000 0.06697327
4267.2500 0.06863024
4267.3000 0.07028721
4267.3500 0.07194418
4267.4000 0.12138063
4267.4500 0.20082551
4267.5000 0.28027039
4267.5500 0.35971527
4267.6000 0.37623635
4267.6500 0.36287762
4267.7000 0.34951888
4267.7500 0.33616015
4267.8000 0.28683642
4267.8500 0.2250727
4267.9000 0.16330897
4267.9500 0.10154524
4268.0000 0.15188053
4268.0500 0.22865819
4268.1000 0.30543584
4268.1500 0.3822135
4268.2000 0.33940245
4268.2500 0.27973165
4268.3000 0.22006086
4268.3500 0.16039006
4268.4000 0.15104491
4268.4500 0.14463409
4268.5000 0.13822328
4268.5500 0.13282843
4268.6000 0.19630236
4268.6500 0.25977629
4268.7000 0.32325023
4268.7500 0.3750634
4268.8000 0.30189154
4268.8500 0.22871967
4268.9000 0.1555478
4268.9500 0.09939128
4269.0000 0.13439154
4269.0500 0.16939179
4269.1000 0.20439205
4269.1500 0.22864626
4269.2000 0.21701129
4269.2500 0.20537631
4269.3000 0.19374134
4269.3500 0.20755865
4269.4000 0.27945005
4269.4500 0.35134145
4269.5000 0.42323286
4269.5500 0.47065281
4269.6000 0.47817631
4269.6500 0.48569981
4269.7000 0.49322332
4269.7500 0.46544121
4269.8000 0.39567666
4269.8500 0.32591212
4269.9000 0.25614758
4269.9500 0.22778242
4270.0000 0.23545846
4270.0500 0.2431345
4270.1000 0.25081054
4270.1500 0.23928154
4270.2000 0.21565611
4270.2500 0.19203069
4270.3000 0.16840526
4270.3500 0.18489039
4270.4000 0.21908859
4270.4500 0.25328678
4270.5000 0.28748497
4270.5500 0.24681129
4270.6000 0.18439516
4270.6500 0.12197904
4270.7000 0.05956291
4270.7500 0.0764992
4270.8000 0.10663241
4270.8500 0.13676562
4270.9000 0.16689883
4270.9500 0.27443006
4271.0000 0.38681215
4271.0500 0.49919425
4271.1000 0.60692412
4271.1500 0.53900664
4271.2000 0.47108917
4271.2500 0.40317169
4271.3000 0.34837385
4271.3500 0.39785992
4271.4000 0.44734598
4271.4500 0.49683205
4271.5000 0.52405506
4271.5500 0.46158689
4271.6000 0.39911871
4271.6500 0.33665054
4271.7000 0.28725681
4271.7500 0.27032294
4271.8000 0.25338907
4271.8500 0.2364552
4271.9000 0.21444855
4271.9500 0.1840438
4272.0000 0.15363905
4272.0500 0.1232343
4272.1000 0.09486183
4272.1500 0.06880717
4272.2000 0.04275252
4272.2500 0.01669787
4272.3000 0.05184561
4272.3500 0.13528653
4272.4000 0.21872746
4272.4500 0.30216838
4272.5000 0.34236669
4272.5500 0.35947265
4272.6000 0.37657862
4272.6500 0.39368459
4272.7000 0.39902937
4272.7500 0.4003693
4272.8000 0.40170923
4272.8500 0.40304915
4272.9000 0.3781765
4272.9500 0.34835717
4273.0000 0.31853785
4273.0500 0.28871853
4273.1000 0.27412986
4273.1500 0.26055355
4273.2000 0.24697725
4273.2500 0.23324189
4273.3000 0.21515548
4273.3500 0.19706907
4273.4000 0.17898266
4273.4500 0.17242486
4273.5000 0.24035741
4273.5500 0.30828997
4273.6000 0.37622252
4273.6500 0.42104425
4273.7000 0.39018974
4273.7500 0.35933524
4273.8000 0.32848073
4273.8500 0.31647756
4273.9000 0.34189029
4273.9500 0.36730303
4274.0000 0.39271576
4274.0500 0.36565899
4274.1000 0.27108182
4274.1500 0.17650464
4274.2000 0.08192747
4274.2500 0.08049431
4274.3000 0.15818351
4274.3500 0.2358727
4274.4000 0.31356189
4274.4500 0.30021808
4274.5000 0.2368314
4274.5500 0.17344472
4274.6000 0.11005804
4274.6500 0.11464605
4274.7000 0.14176914
4274.7500 0.16889223
4274.8000 0.19601533
4274.8500 0.18664498
4274.9000 0.17123136
4274.9500 0.15581775
4275.0000 0.14040413
4275.0500 0.22618653
4275.1000 0.31553068
4275.1500 0.40487483
4275.2000 0.48518792
4275.2500 0.45449593
4275.3000 0.42380393
4275.3500 0.39311193
4275.4000 0.36239924
4275.4500 0.33159577
4275.5000 0.3007923
4275.5500 0.26998883
4275.6000 0.25919679
4275.6500 0.29572638
4275.7000 0.33225598
4275.7500 0.36878557
4275.8000 0.3652947
4275.8500 0.30419644
4275.9000 0.24309818
4275.9500 0.18199993
4276.0000 0.17254086
4276.0500 0.21002436
4276.1000 0.24750787
4276.1500 0.28499137
4276.2000 0.29761437
4276.2500 0.29618506
4276.3000 0.29475576
4276.3500 0.29332645
4276.4000 0.29343647
4276.4500 0.29404574
4276.5000 0.29465501
4276.5500 0.29526428
4276.6000 0.28896875
4276.6500 0.28166402
4276.7000 0.2743593
4276.7500 0.26705458
4276.8000 0.24752309
4276.8500 0.22788092
4276.9000 0.20823875
4276.9500 0.19740242
4277.0000 0.25727828
4277.0500 0.31715413
4277.1000 0.37702999
4277.1500 0.41886112
4277.2000 0.40082882
4277.2500 0.38279651
4277.3000 0.36476421
4277.3500 0.33386607
4277.4000 0.27945405
4277.4500 0.22504203
4277.5000 0.17063001
4277.5500 0.12057505
4277.6000 0.07530008
4277.6500 0.0300251
4277.7000 -0.01524988
4277.7500 0.02676117
4277.8000 0.12666702
4277.8500 0.22657287
4277.9000 0.32647872
4277.9500 0.36067081
4278.0000 0.37015555
4278.0500 0.3796403
4278.1000 0.38912504
4278.1500 0.35060764
4278.2000 0.30384728
4278.2500 0.25708692
4278.3000 0.21032656
4278.3500 0.24726116
4278.4000 0.28579049
4278.4500 0.32431981
4278.5000 0.36007945
4278.5500 0.3735033
4278.6000 0.38692715
4278.6500 0.40035101
4278.7000 0.39725637
4278.7500 0.34199793
4278.8000 0.28673949
4278.8500 0.23148104
4278.9000 0.21011156
4278.9500 0.24598857
4279.0000 0.28186557
4279.0500 0.31774258
4279.1000 0.32646602
4279.1500 0.30850565
4279.2000 0.29054529
4279.2500 0.27258492
4279.3000 0.31848716
4279.3500 0.40061923
4279.4000 0.48275131
4279.4500 0.56488339
4279.5000 0.50355117
4279.5500 0.40005854
4279.6000 0.2965659
4279.6500 0.19307327
4279.7000 0.18688186
4279.7500 0.19044628
4279.8000 0.19401071
4279.8500 0.19696815
4279.9000 0.18734744
4279.9500 0.17772673
4280.0000 0.16810603
4280.0500 0.1664072
4280.1000 0.19975574
4280.1500 0.23310428
4280.2000 0.26645282
4280.2500 0.30043482
4280.3000 0.3357394
4280.3500 0.37104398
4280.4000 0.40634856
4280.4500 0.40583985
4280.5000 0.36404415
4280.5500 0.32224845
4280.6000 0.28045275
4280.6500 0.29658552
4280.7000 0.35033125
4280.7500 0.40407697
4280.8000 0.4578227
4280.8500 0.465296
4280.9000 0.45728718
4280.9500 0.44927837
4281.0000 0.44126955
4281.0500 0.40421514
4281.1000 0.36369637
4281.1500 0.3231776
4281.2000 0.28545619
4281.2500 0.31714532
4281.3000 0.34883445
4281.3500 0.38052358
4281.4000 0.38789254
4281.4500 0.28826825
4281.5000 0.18864395
4281.5500 0.08901965
4281.6000 0.04095512
4281.6500 0.09624112
4281.7000 0.15152713
4281.7500 0.20681314
4281.8000 0.23597686
4281.8500 0.23702544
4281.9000 0.23807401
4281.9500 0.23912259
4282.0000 0.23904703
4282.0500 0.23831573
4282.1000 0.23758443
4282.1500 0.23685313
4282.2000 0.24439483
4282.2500 0.25423335
4282.3000 0.26407187
4282.3500 0.27391039
4282.4000 0.32685248
4282.4500 0.38279205
4282.5000 0.43873162
4282.5500 0.48410514
4282.6000 0.42054988
4282.6500 0.35699462
4282.7000 0.29343937
4282.7500 0.24916829
4282.8000 0.26496281
4282.8500 0.28075733
4282.9000 0.29655185
4282.9500 0.29605511
4283.0000 0.27099843
4283.0500 0.24594176
4283.1000 0.22088508
4283.1500 0.21961939
4283.2000 0.23737344
4283.2500 0.25512749
4283.3000 0.27288153
4283.3500 0.26720692
4283.4000 0.2521393
4283.4500 0.23707169
4283.5000 0.22200408
4283.5500 0.25166032
4283.6000 0.28781857
4283.6500 0.32397682
4283.7000 0.3580856
4283.7500 0.33304482
4283.8000 0.30800404
4283.8500 0.28296326
4283.9000 0.25789977
4283.9500 0.23274259
4284.0000 0.20758541
4284.0500 0.18242823
4284.1000 0.17417838
4284.1500 0.19627361
4284.2000 0.21836884
4284.2500 0.24046406
4284.3000 0.26183228
4284.3500 0.28253401
4284.4000 0.30323574
4284.4500 0.32393746
4284.5000 0.33026367
4284.5500 0.33003357
4284.6000 0.32980347
4284.6500 0.32957338
4284.7000 0.27996028
4284.7500 0.22183726
4284.8000 0.16371424
4284.8500 0.10745255
4284.9000 0.14059093
4284.9500 0.17372931
4285.0000 0.2068677
4285.0500 0.23538367
4285.1000 0.24405803
4285.1500 0.2527324
4285.2000 0.26140676
4285.2500 0.26955427
4285.3000 0.27675971
4285.3500 0.28396514
4285.4000 0.29117057
4285.4500 0.29123251
4285.5000 0.28494785
4285.5500 0.2786632
4285.6000 0.27237854
4285.6500 0.24500614
4285.7000 0.20866372
4285.7500 0.1723213
4285.8000 0.13597889
4285.8500 0.1381259
4285.9000 0.14578282
4285.9500 0.15343973
4286.0000 0.16100378
4286.0500 0.16677076
4286.1000 0.17253775
4286.1500 0.17830473
4286.2000 0.18423183
4286.2500 0.19071151
4286.3000 0.1971912
4286.3500 0.20367088
4286.4000 0.20548644
4286.4500 0.20034479
4286.5000 0.19520315
4286.5500 0.1900615
4286.6000 0.198547
4286.6500 0.21693338
4286.7000 0.23531976
4286.7500 0.25370615
4286.8000 0.25691165
4286.8500 0.25527565
4286.9000 0.25363965
4286.9500 0.25200365
4287.0000 0.24044475
4287.0500 0.22823409
4287.1000 0.21602342
4287.1500 0.20496911
4287.2000 0.20241922
4287.2500 0.19986933
4287.3000 0.19731944
4287.3500 0.19782777
4287.4000 0.20539814
4287.4500 0.2129685
4287.5000 0.22053887
4287.5500 0.2335774
4287.6000 0.2524028
4287.6500 0.2712282
4287.7000 0.29005361
4287.7500 0.30971207
4287.8000 0.32977963
4287.8500 0.34984718
4287.9000 0.36991474
4287.9500 0.33836435
4288.0000 0.29817515
4288.0500 0.25798595
4288.1000 0.22024796
4288.1500 0.23605925
4288.2000 0.25187054
4288.2500 0.26768183
4288.3000 0.2751463
4288.3500 0.25499086
4288.4000 0.23483542
4288.4500 0.21467997
4288.5000 0.2007237
4288.5500 0.19527458
4288.6000 0.18982546
4288.6500 0.18437635
4288.7000 0.20398845
4288.7500 0.23947887
4288.8000 0.27496929
4288.8500 0.31045971
4288.9000 0.30733233
4288.9500 0.29478677
4289.0000 0.2822412
4289.0500 0.26969564
4289.1000 0.26317836
4289.1500 0.25667996
4289.2000 0.25018157
4289.2500 0.24314327
4289.3000 0.23381795
4289.3500 0.22449263
4289.4000 0.21516731
4289.4500 0.20444602
4289.5000 0.19150655
4289.5500 0.17856709
4289.6000 0.16562762
4289.6500 0.16587731
4289.7000 0.17557336
4289.7500 0.1852694
4289.8000 0.19496544
4289.8500 0.22468247
4289.9000 0.26003777
4289.9500 0.29539307
4290.0000 0.33074837
4290.0500 0.27835907
4290.1000 0.2240887
4290.1500 0.16981833
4290.2000 0.12935181
4290.2500 0.15223189
4290.3000 0.17511196
4290.3500 0.19799204
4290.4000 0.21734616
4290.4500 0.23094721
4290.5000 0.24454825
4290.5500 0.2581493
4290.6000 0.38888602
4290.6500 0.60367425
4290.7000 0.81846248
4290.7500 1.03325071
4290.8000 0.91017586
4290.8500 0.69490157
4290.9000 0.47962728
4290.9500 0.264353
4291.0000 0.27790747
4291.0500 0.29373456
4291.1000 0.30956165
4291.1500 0.31606186
4291.2000 0.28427344
4291.2500 0.25248502
4291.3000 0.22069659
4291.3500 0.2092666
4291.4000 0.22802642
4291.4500 0.24678624
4291.5000 0.26554606
4291.5500 0.25634592
4291.6000 0.22932875
4291.6500 0.20231159
4291.7000 0.17529443
4291.7500 0.20838071
4291.8000 0.25466215
4291.8500 0.30094358
4291.9000 0.34439641
4291.9500 0.29743427
4292.0000 0.25047212
4292.0500 0.20350998
4292.1000 0.17280957
4292.1500 0.19308607
4292.2000 0.21336257
4292.2500 0.23363907
4292.3000 0.23356645
4292.3500 0.20907303
4292.4000 0.18457961
4292.4500 0.16008619
4292.5000 0.1705504
4292.5500 0.19836037
4292.6000 0.22617034
4292.6500 0.25398032
4292.7000 0.26139207
4292.7500 0.26611039
4292.8000 0.2708287
4292.8500 0.27649973
4292.9000 0.29079157
4292.9500 0.30508342
4293.0000 0.31937526
4293.0500 0.33066141
4293.1000 0.33546652
4293.1500 0.34027163
4293.2000 0.34507674
4293.2500 0.3353886
4293.3000 0.31311912
4293.3500 0.29084964
4293.4000 0.26858016
4293.4500 0.26666713
4293.5000 0.27136179
4293.5500 0.27605644
4293.6000 0.2807511
4293.6500 0.27505671
4293.7000 0.26910405
4293.7500 0.26315138
4293.8000 0.25689408
4293.8500 0.24940051
4293.9000 0.24190694
4293.9500 0.23441337
4294.0000 0.23182358
4294.0500 0.23598304
4294.1000 0.2401425
4294.1500 0.24430196
4294.2000 0.24722495
4294.2500 0.24946768
4294.3000 0.25171041
4294.3500 0.25395314
4294.4000 0.25632227
4294.4500 0.25871019
4294.5000 0.26109812
4294.5500 0.26484076
4294.6000 0.28117682
4294.6500 0.29751287
4294.7000 0.31384892
4294.7500 0.31427285
4294.8000 0.2816307
4294.8500 0.24898855
4294.9000 0.2163464
4294.9500 0.20343949
4295.0000 0.20643354
4295.0500 0.2094276
4295.1000 0.21242165
4295.1500 0.21972266
4295.2000 0.22821118
4295.2500 0.2366997
4295.3000 0.24517422
4295.3500 0.25273595
4295.4000 0.26029768
4295.4500 0.26785941
4295.5000 0.27492487
4295.5500 0.28048149
4295.6000 0.28603811
4295.6500 0.29159473
4295.7000 0.28248051
4295.7500 0.25754009
4295.8000 0.23259968
4295.8500 0.20765926
4295.9000 0.20457225
4295.9500 0.21016306
4296.0000 0.21575387
4296.0500 0.22134468
4296.1000 0.22082681
4296.1500 0.21999853
4296.2000 0.21917026
4296.2500 0.21640669
4296.3000 0.20532126
4296.3500 0.19423582
4296.4000 0.18315039
4296.4500 0.18001112
4296.5000 0.18754061
4296.5500 0.1950701
4296.6000 0.20259959
4296.6500 0.21199481
4296.7000 0.22232476
4296.7500 0.23265472
4296.8000 0.24298467
4296.8500 0.26808783
4296.9000 0.29471058
4296.9500 0.32133333
4297.0000 0.34036461
4297.0500 0.31583298
4297.1000 0.29130135
4297.1500 0.26676972
4297.2000 0.2518115
4297.2500 0.25174974
4297.3000 0.25168799
4297.3500 0.25162623
4297.4000 0.25089709
4297.4500 0.24978469
4297.5000 0.24867229
4297.5500 0.2475599
4297.6000 0.26064914
4297.6500 0.27566822
4297.7000 0.2906873
4297.7500 0.30136751
4297.8000 0.28213472
4297.8500 0.26290193
4297.9000 0.24366913
4297.9500 0.22196255
4298.0000 0.19611782
4298.0500 0.17027309
4298.1000 0.14442837
4298.1500 0.15868611
4298.2000 0.19723556
4298.2500 0.23578502
4298.3000 0.27433447
4298.3500 0.29335315
4298.4000 0.30951901
4298.4500 0.32568488
4298.5000 0.33860973
4298.5500 0.32853081
4298.6000 0.31845189
4298.6500 0.30837297
4298.7000 0.29527809
4298.7500 0.2771693
4298.8000 0.2590605
4298.8500 0.24095171
4298.9000 0.23790377
4298.9500 0.2437447
4299.0000 0.24958563
4299.0500 0.25542656
4299.1000 0.24847507
4299.1500 0.239833
4299.2000 0.23119094
4299.2500 0.22127264
4299.3000 0.20343908
4299.3500 0.18560553
4299.4000 0.16777197
4299.4500 0.16222237
4299.5000 0.17544138
4299.5500 0.18866038
4299.6000 0.20187939
4299.6500 0.22122918
4299.7000 0.24382992
4299.7500 0.26643065
4299.8000 0.28903139
4299.8500 0.27304041
4299.9000 0.25335044
4299.9500 0.23366048
4300.0000 0.21756222
4300.0500 0.21866407
4300.1000 0.21976593
4300.1500 0.22086778
4300.2000 0.20660097
4300.2500 0.17230069
4300.3000 0.13800041
4300.3500 0.10370013
4300.4000 0.10762335
4300.4500 0.12819099
4300.5000 0.14875862
4300.5500 0.16932626
4300.6000 0.17453099
4300.6500 0.17910114
4300.7000 0.1836713
4300.7500 0.18951375
4300.8000 0.19973406
4300.8500 0.20995437
4300.9000 0.22017468
4300.9500 0.23348917
4301.0000 0.25000893
4301.0500 0.26652868
4301.1000 0.28304843
4301.1500 0.27441886
4301.2000 0.25777517
4301.2500 0.24113148
4301.3000 0.2244728
4301.3500 0.20726682
4301.4000 0.19006085
4301.4500 0.17285487
4301.5000 0.16593428
4301.5500 0.18345931
4301.6000 0.20098434
4301.6500 0.21850937
4301.7000 0.22833999
4301.7500 0.2322894
4301.8000 0.2362388
4301.8500 0.2401882
4301.9000 0.23387999
4301.9500 0.22559721
4302.0000 0.21731443
4302.0500 0.21033735
4302.1000 0.21376187
4302.1500 0.21718639
4302.2000 0.22061091
4302.2500 0.21941125
4302.3000 0.21084486
4302.3500 0.20227846
4302.4000 0.19371207
4302.4500 0.19208458
4302.5000 0.19401722
4302.5500 0.19594986
4302.6000 0.1978825
4302.6500 0.19861305
4302.7000 0.19926323
4302.7500 0.19991341
4302.8000 0.20421954
4302.8500 0.22188047
4302.9000 0.23954139
4302.9500 0.25720232
4303.0000 0.25769158
4303.0500 0.24056826
4303.1000 0.22344495
4303.1500 0.20632164
4303.2000 0.21416539
4303.2500 0.22931752
4303.3000 0.24446964
4303.3500 0.25745937
4303.4000 0.23302227
4303.4500 0.20858517
4303.5000 0.18414808
4303.5500 0.17490001
4303.6000 0.19555615
4303.6500 0.21621229
4303.7000 0.23686843
4303.7500 0.24733254
4303.8000 0.25155547
4303.8500 0.2557784
4303.9000 0.26000134
4303.9500 0.25522654
4304.0000 0.24950437
4304.0500 0.2437822
4304.1000 0.23529634
4304.1500 0.21506112
4304.2000 0.1948259
4304.2500 0.17459068
4304.3000 0.17120761
4304.3500 0.18628154
4304.4000 0.20135547
4304.4500 0.2164294
4304.5000 0.21405724
4304.5500 0.20633409
4304.6000 0.19861095
4304.6500 0.19102683
4304.7000 0.18585745
4304.7500 0.18068806
4304.8000 0.17551867
4304.8500 0.18103729
4304.9000 0.20686951
4304.9500 0.23270174
4305.0000 0.25853397
4305.0500 0.25683056
4305.1000 0.23938352
4305.1500 0.22193648
4305.2000 0.20448945
4305.2500 0.19407405
4305.3000 0.18419715
4305.3500 0.17432025
4305.4000 0.17184302
4305.4500 0.19520001
4305.5000 0.21855701
4305.5500 0.241914
4305.6000 0.24834214
4305.6500 0.23899274
4305.7000 0.22964335
4305.7500 0.22029395
4305.8000 0.21842811
4305.8500 0.21827559
4305.9000 0.21812308
4305.9500 0.21953041
4306.0000 0.2334348
4306.0500 0.24733918
4306.1000 0.26124357
4306.1500 0.27342787
4306.2000 0.28313061
4306.2500 0.29283335
4306.3000 0.30253609
4306.3500 0.27947914
4306.4000 0.24297377
4306.4500 0.2064684
4306.5000 0.17045681
4306.5500 0.18489791
4306.6000 0.19933902
4306.6500 0.21378012
4306.7000 0.23570742
4306.7500 0.274175
4306.8000 0.31264258
4306.8500 0.35111017
4306.9000 0.34149105
4306.9500 0.30172146
4307.0000 0.26195187
4307.0500 0.22218228
4307.1000 0.2384085
4307.1500 0.25958143
4307.2000 0.28075436
4307.2500 0.29284025
4307.3000 0.27348031
4307.3500 0.25412036
4307.4000 0.23476041
4307.4500 0.23431966
4307.5000 0.25060885
4307.5500 0.26689804
4307.6000 0.28318723
4307.6500 0.27338402
4307.7000 0.25855076
4307.7500 0.2437175
4307.8000 0.22957125
4307.8500 0.21940498
4307.9000 0.2092387
4307.9500 0.19907243
4308.0000 0.19192119
4308.0500 0.18834957
4308.1000 0.18477795
4308.1500 0.18120632
4308.2000 0.193623
4308.2500 0.21086034
4308.3000 0.22809769
4308.3500 0.24430992
4308.4000 0.24883438
4308.4500 0.25335884
4308.5000 0.25788329
4308.5500 0.25591973
4308.6000 0.24398094
4308.6500 0.23204215
4308.7000 0.22010336
4308.7500 0.22021905
4308.8000 0.22528947
4308.8500 0.23035988
4308.9000 0.23564798
4308.9500 0.24961362
4309.0000 0.26357926
4309.0500 0.2775449
4309.1000 0.28262544
4309.1500 0.27056529
4309.2000 0.25850514
4309.2500 0.246445
4309.3000 0.23053761
4309.3500 0.2126437
4309.4000 0.19474978
4309.4500 0.17685587
4309.5000 0.18067472
4309.5500 0.18496581
4309.6000 0.18925689
4309.6500 0.19278601
4309.7000 0.19452963
4309.7500 0.19627325
4309.8000 0.19801687
4309.8500 0.20337547
4309.9000 0.21094354
4309.9500 0.21851161
4310.0000 0.22607968
4310.0500 0.23335091
4310.1000 0.24060431
4310.1500 0.24785771
4310.2000 0.24781167
4310.2500 0.22774915
4310.3000 0.20768663
4310.3500 0.18762411
4310.4000 0.18586803
4310.4500 0.19671599
4310.5000 0.20756395
4310.5500 0.21841191
4310.6000 0.22646022
4310.6500 0.23425983
4310.7000 0.24205944
4310.7500 0.24637438
4310.8000 0.23999384
4310.8500 0.23361331
4310.9000 0.22723278
4310.9500 0.23384715
4311.0000 0.25009684
4311.0500 0.26634653
4311.1000 0.28259621
4311.1500 0.28846835
4311.2000 0.29323678
4311.2500 0.29800521
4311.3000 0.29512015
4311.3500 0.26727412
4311.4000 0.23942808
4311.4500 0.21158205
4311.5000 0.20615828
4311.5500 0.21788439
4311.6000 0.2296105
4311.6500 0.2413366
4311.7000 0.2384915
4311.7500 0.23402244
4311.8000 0.22955337
4311.8500 0.22167643
4311.9000 0.20264308
4311.9500 0.18360974
4312.0000 0.16457639
4312.0500 0.16868564
4312.1000 0.19029556
4312.1500 0.21190548
4312.2000 0.23351539
4312.2500 0.22814866
4312.3000 0.21998245
4312.3500 0.21181624
4312.4000 0.20775754
4312.4500 0.21644525
4312.5000 0.22513295
4312.5500 0.23382066
4312.6000 0.23436486
4312.6500 0.22907466
4312.7000 0.22378445
4312.7500 0.21849424
4312.8000 0.21205284
4312.8500 0.20551491
4312.9000 0.19897698
4312.9500 0.19651826
4313.0000 0.20544156
4313.0500 0.21436486
4313.1000 0.22328816
4313.1500 0.22760111
4313.2000 0.2289189
4313.2500 0.2302367
4313.3000 0.23155449
4313.3500 0.22491922
4313.4000 0.21786267
4313.4500 0.21080611
4313.5000 0.2099173
4313.5500 0.22381418
4313.6000 0.23771106
4313.6500 0.25160794
4313.7000 0.25725223
4313.7500 0.2582579
4313.8000 0.25926357
4313.8500 0.26026924
4313.9000 0.24329404
4313.9500 0.22608466
4314.0000 0.20887528
4314.0500 0.20768867
4314.1000 0.23826984
4314.1500 0.26885101
4314.2000 0.29943219
4314.2500 0.29183779
4314.3000 0.26665177
4314.3500 0.24146576
4314.4000 0.21740529
4314.4500 0.22438713
4314.5000 0.23136896
4314.5500 0.2383508
4314.6000 0.24300136
4314.6500 0.24395271
4314.7000 0.24490407
4314.7500 0.24585542
4314.8000 0.24679188
4314.8500 0.24772309
4314.9000 0.2486543
4314.9500 0.24761255
4315.0000 0.22738141
4315.0500 0.20715026
4315.1000 0.18691911
4315.1500 0.19163443
4315.2000 0.2270518
4315.2500 0.26246918
4315.3000 0.29788655
4315.3500 0.29400252
4315.4000 0.28056776
4315.4500 0.26713299
4315.5000 0.25476855
4315.5500 0.24794629
4315.6000 0.24112404
4315.6500 0.23430178
4315.7000 0.24038188
4315.7500 0.25835359
4315.8000 0.27632529
4315.8500 0.29429699
4315.9000 0.2838506
4315.9500 0.26953114
4316.0000 0.25521168
4316.0500 0.24331068
4316.1000 0.23903102
4316.1500 0.23475136
4316.2000 0.2304717
4316.2500 0.24020409
4316.3000 0.25916663
4316.3500 0.27812917
4316.4000 0.29709171
4316.4500 0.27940324
4316.5000 0.26042514
4316.5500 0.24144704
4316.6000 0.23256476
4316.6500 0.24415205
4316.7000 0.25573934
4316.7500 0.26732664
4316.8000 0.26779105
4316.8500 0.26339144
4316.9000 0.25899182
4316.9500 0.25380005
4317.0000 0.23669552
4317.0500 0.219591
4317.1000 0.20248647
4317.1500 0.20384066
4317.2000 0.22965281
4317.2500 0.25546495
4317.3000 0.2812771
4317.3500 0.27703841
4317.4000 0.26524072
4317.4500 0.25344304
4317.5000 0.24543677
4317.5500 0.25606302
4317.6000 0.26668927
4317.6500 0.27731552
4317.7000 0.26816516
4317.7500 0.24218819
4317.8000 0.21621123
4317.8500 0.19023426
4317.9000 0.20175713
4317.9500 0.21686827
4318.0000 0.2319794
4318.0500 0.24245401
4318.1000 0.24136455
4318.1500 0.24027509
4318.2000 0.23918563
4318.2500 0.23651259
4318.3000 0.23302696
4318.3500 0.22954132
4318.4000 0.22560444
4318.4500 0.20982618
4318.5000 0.19404793
4318.5500 0.17826967
4318.6000 0.17484345
4318.6500 0.18892291
4318.7000 0.20300238
4318.7500 0.21708184
4318.8000 0.21783797
4318.8500 0.21509159
4318.9000 0.21234521
4318.9500 0.21306928
4319.0000 0.23060213
4319.0500 0.24813498
4319.1000 0.26566783
4319.1500 0.26487316
4319.2000 0.24917883
4319.2500 0.2334845
4319.3000 0.21779017
4319.3500 0.22768301
4319.4000 0.23940789
4319.4500 0.25113276
4319.5000 0.25909838
4319.5500 0.25892469
4319.6000 0.258751
4319.6500 0.25857731
4319.7000 0.26273857
4319.7500 0.26875898
4319.8000 0.2747794
4319.8500 0.28033377
4319.9000 0.28086578
4319.9500 0.28139778
4320.0000 0.28192979
4320.0500 0.27936638
4320.1000 0.2733282
4320.1500 0.26729001
4320.2000 0.26125183
4320.2500 0.2561576
4320.3000 0.25121895
4320.3500 0.2462803
4320.4000 0.24759667
4320.4500 0.26797945
4320.5000 0.28836223
4320.5500 0.30874501
4320.6000 0.31602804
4320.6500 0.31583642
4320.7000 0.3156448
4320.7500 0.31815717
4320.8000 0.41617971
4320.8500 0.51420225
4320.9000 0.61222479
4320.9500 0.66969102
4321.0000 0.67103929
4321.0500 0.67238755
4321.1000 0.67373581
4321.1500 1.18957843
4321.2000 1.82403239
4321.2500 2.45848635
4321.3000 2.8372731
4321.3500 2.23626967
4321.4000 1.63526623
4321.4500 1.0342628
4321.5000 0.88098275
4321.5500 1.02323156
4321.6000 1.16548037
4321.6500 1.30772919
4321.7000 1.14127706
4321.7500 0.97450974
4321.8000 0.80774243
4321.8500 0.7263021
4321.9000 0.77461113
4321.9500 0.82292016
4322.0000 0.87122919
4322.0500 0.91906163
4322.1000 0.96677165
4322.1500 1.01448167
4322.2000 1.07957578
4322.2500 1.21612272
4322.3000 1.35266966
4322.3500 1.4892166
4322.4000 1.51641957
4322.4500 1.46977789
4322.5000 1.42313621
4322.5500 1.37649453
4322.6000 1.33043865
4322.6500 1.2843832
4322.7000 1.23832776
4322.7500 1.22116577
4322.8000 1.24684785
4322.8500 1.27252994
4322.9000 1.29821203
4322.9500 1.33363426
4323.0000 1.37137947
4323.0500 1.40912468
4323.1000 1.38655449
4323.1500 1.14146138
4323.2000 0.89636828
4323.2500 0.65127517
4323.3000 0.60156334
4323.3500 0.67148877
4323.4000 0.74141421
4323.4500 0.80499435
4323.5000 0.65106094
4323.5500 0.49712754
4323.6000 0.34319413
4323.6500 0.25412522
4323.7000 0.24841248
4323.7500 0.24269974
4323.8000 0.23698699
4323.8500 0.2344741
4323.9000 0.23253455
4323.9500 0.23059499
4324.0000 0.22924865
4324.0500 0.22959393
4324.1000 0.2299392
4324.1500 0.23028448
4324.2000 0.2373847
4324.2500 0.24777653
4324.3000 0.25816836
4324.3500 0.26629161
4324.4000 0.25038109
4324.4500 0.23447057
4324.5000 0.21856004
4324.5500 0.20304809
4324.6000 0.18793266
4324.6500 0.17281723
4324.7000 0.1577018
4324.7500 0.18149563
4324.8000 0.20878914
4324.8500 0.23608265
4324.9000 0.25010937
4324.9500 0.23777922
4325.0000 0.22544907
4325.0500 0.21311892
4325.1000 0.21735578
4325.1500 0.2270178
4325.2000 0.23667981
4325.2500 0.2390625
4325.3000 0.20663799
4325.3500 0.17421347
4325.4000 0.14178896
4325.4500 0.13360312
4325.5000 0.142001
4325.5500 0.15039887
4325.6000 0.15888215
4325.6500 0.17271596
4325.7000 0.18654977
4325.7500 0.20038359
4325.8000 0.20667247
4325.8500 0.2033123
4325.9000 0.19995213
4325.9500 0.19659196
4326.0000 0.18442966
4326.0500 0.17087081
4326.1000 0.15731197
4326.1500 0.15116264
4326.2000 0.16328912
4326.2500 0.17541561
4326.3000 0.1875421
4326.3500 0.19283202
4326.4000 0.19539727
4326.4500 0.19796252
4326.5000 0.2007805
4326.5500 0.20511632
4326.6000 0.20945213
4326.6500 0.21378795
4326.7000 0.21070543
4326.7500 0.20206307
4326.8000 0.19342072
4326.8500 0.1847824
4326.9000 0.17864291
4326.9500 0.17250342
4327.0000 0.16636393
4327.0500 0.16272881
4327.1000 0.16237604
4327.1500 0.16202328
4327.2000 0.16167052
4327.2500 0.1732575
4327.3000 0.1867064
4327.3500 0.20015531
4327.4000 0.21031867
4327.4500 0.21276303
4327.5000 0.21520739
4327.5500 0.21765175
4327.6000 0.22227465
4327.6500 0.22769037
4327.7000 0.23310608
4327.7500 0.23549965
4327.8000 0.22302768
4327.8500 0.2105557
4327.9000 0.19808372
4327.9500 0.19997903
4328.0000 0.21122042
4328.0500 0.2224618
4328.1000 0.23353259
4328.1500 0.24089185
4328.2000 0.24825111
4328.2500 0.25561037
4328.3000 0.2640625
4328.3500 0.27368363
4328.4000 0.28330476
4328.4500 0.29292589
4328.5000 0.27072537
4328.5500 0.24589051
4328.6000 0.22105566
4328.6500 0.20537048
4328.7000 0.20559831
4328.7500 0.20582615
4328.8000 0.20605398
4328.8500 0.20638985
4328.9000 0.20675143
4328.9500 0.20711301
4329.0000 0.2093109
4329.0500 0.21697164
4329.1000 0.22463238
4329.1500 0.23229312
4329.2000 0.23541785
4329.2500 0.23656654
4329.3000 0.23771523
4329.3500 0.23881296
4329.4000 0.23960452
4329.4500 0.24039608
4329.5000 0.24118764
4329.5500 0.2360746
4329.6000 0.22685784
4329.6500 0.21764107
4329.7000 0.20889715
4329.7500 0.21199347
4329.8000 0.21508978
4329.8500 0.21818609
4329.9000 0.21433793
4329.9500 0.2032033
4330.0000 0.19206868
4330.0500 0.18093405
4330.1000 0.17117271
4330.1500 0.16150102
4330.2000 0.15182933
4330.2500 0.15356552
4330.3000 0.17309968
4330.3500 0.19263383
4330.4000 0.21216799
4330.4500 0.22900293
4330.5000 0.2453376
4330.5500 0.26167227
4330.6000 0.27411892
4330.6500 0.27739885
4330.7000 0.28067878
4330.7500 0.2839587
4330.8000 0.26125109
4330.8500 0.23002633
4330.9000 0.19880157
4330.9500 0.1792381
4331.0000 0.20363682
4331.0500 0.22803554
4331.1000 0.25243427
4331.1500 0.25341886
4331.2000 0.24272887
4331.2500 0.23203888
4331.3000 0.22240678
4331.3500 0.22010806
4331.4000 0.21780933
4331.4500 0.21551061
4331.5000 0.21483426
4331.5500 0.21530406
4331.6000 0.21577386
4331.6500 0.21630254
4331.7000 0.21802245
4331.7500 0.21974236
4331.8000 0.22146227
4331.8500 0.22507383
4331.9000 0.23050772
4331.9500 0.2359416
4332.0000 0.24137548
4332.0500 0.22103694
4332.1000 0.19997574
4332.1500 0.17891454
4332.2000 0.17653447
4332.2500 0.19819608
4332.3000 0.2198577
4332.3500 0.24151932
4332.4000 0.22978386
4332.4500 0.21445895
4332.5000 0.19913404
4332.5500 0.18396004
4332.6000 0.16904323
4332.6500 0.15412641
4332.7000 0.1392096
4332.7500 0.16982109
4332.8000 0.20924824
4332.8500 0.24867539
4332.9000 0.27032436
4332.9500 0.25182689
4333.0000 0.23332943
4333.0500 0.21483197
4333.1000 0.20239653
4333.1500 0.19169881
4333.2000 0.18100108
4333.2500 0.17096515
4333.3000 0.16292896
4333.3500 0.15489278
4333.4000 0.1468566
4333.4500 0.15963966
4333.5000 0.18046958
4333.5500 0.20129949
4333.6000 0.21684504
4333.6500 0.21057191
4333.7000 0.20429878
4333.7500 0.19802565
4333.8000 0.19525057
4333.8500 0.19419951
4333.9000 0.19314844
4333.9500 0.19381355
4334.0000 0.20452535
4334.0500 0.21523715
4334.1000 0.22594894
4334.1500 0.22788874
4334.2000 0.22452222
4334.2500 0.22115569
4334.3000 0.217158
4334.3500 0.20756826
4334.4000 0.19797852
4334.4500 0.18838878
4334.5000 0.1879939
4334.5500 0.19423255
4334.6000 0.20047121
4334.6500 0.20617827
4334.7000 0.20377927
4334.7500 0.20138026
4334.8000 0.19898126
4334.8500 0.19753977
4334.9000 0.19690306
4334.9500 0.19626636
4335.0000 0.19644734
4335.0500 0.2269446
4335.1000 0.25744187
4335.1500 0.28793914
4335.2000 0.28526201
4335.2500 0.25075569
4335.3000 0.21624937
4335.3500 0.18174305
4335.4000 0.18827778
4335.4500 0.19499471
4335.5000 0.20171165
4335.5500 0.20908891
4335.6000 0.21717593
4335.6500 0.22526295
4335.7000 0.23334997
4335.7500 0.22637639
4335.8000 0.2189289
4335.8500 0.21148141
4335.9000 0.20773838
4335.9500 0.20837616
4336.0000 0.20901394
4336.0500 0.20965172
4336.1000 0.18463567
4336.1500 0.15821253
4336.2000 0.13178938
4336.2500 0.13108861
4336.3000 0.16326106
4336.3500 0.19543352
4336.4000 0.22760598
4336.4500 0.19981839
4336.5000 0.16759443
4336.5500 0.13537047
4336.6000 0.12372118
4336.6500 0.13997841
4336.7000 0.15623564
4336.7500 0.17249287
4336.8000 0.16467337
4336.8500 0.15472633
4336.9000 0.14477929
4336.9500 0.14084548
4337.0000 0.14540973
4337.0500 0.14997397
4337.1000 0.15453822
4337.1500 0.16546281
4337.2000 0.17700796
4337.2500 0.18855311
4337.3000 0.19302755
4337.3500 0.18728391
4337.4000 0.18154027
4337.4500 0.17579664
4337.5000 0.15657289
4337.5500 0.13598327
4337.6000 0.11539365
4337.6500 0.10834996
4337.7000 0.12094771
4337.7500 0.13354546
4337.8000 0.14614321
4337.8500 0.15191028
4337.9000 0.15699752
4337.9500 0.16208476
4338.0000 0.17427022
4338.0500 0.19658833
4338.1000 0.21890644
4338.1500 0.24122454
4338.2000 0.22110313
4338.2500 0.1970677
4338.3000 0.17303226
4338.3500 0.15437342
4338.4000 0.14312954
4338.4500 0.13188566
4338.5000 0.12064178
4338.5500 0.14080194
4338.6000 0.16346311
4338.6500 0.18612429
4338.7000 0.19311407
4338.7500 0.17960714
4338.8000 0.16610021
4338.8500 0.15259329
4338.9000 0.15760313
4338.9500 0.16376351
4339.0000 0.16992389
4339.0500 0.17307747
4339.1000 0.17256876
4339.1500 0.17206005
4339.2000 0.17155134
4339.2500 0.17957638
4339.3000 0.18794442
4339.3500 0.19631247
4339.4000 0.19195632
4339.4500 0.17342392
4339.5000 0.15489152
4339.5500 0.13635912
4339.6000 0.12301763
4339.6500 0.10975086
4339.7000 0.09648409
4339.7500 0.09504823
4339.8000 0.10545475
4339.8500 0.11586127
4339.9000 0.12620535
4339.9500 0.1324077
4340.0000 0.13861005
4340.0500 0.1448124
4340.1000 0.14281001
4340.1500 0.13356367
4340.2000 0.12431733
4340.2500 0.11578013
4340.3000 0.12115916
4340.3500 0.12653818
4340.4000 0.13191721
4340.4500 0.13633183
4340.5000 0.14001005
4340.5500 0.14368828
4340.6000 0.14488036
4340.6500 0.11988757
4340.7000 0.09489479
4340.7500 0.069902
4340.8000 0.05913257
4340.8500 0.05755089
4340.9000 0.05596921
4340.9500 0.05423203
4341.0000 0.05144983
4341.0500 0.04866762
4341.1000 0.04588542
4341.1500 0.05616346
4341.2000 0.0733921
4341.2500 0.09062073
4341.3000 0.1050247
4341.3500 0.10628893
4341.4000 0.10755315
4341.4500 0.10881738
4341.5000 0.09921661
4341.5500 0.08501155
4341.6000 0.0708065
4341.6500 0.06622494
4341.7000 0.09405651
4341.7500 0.12188808
4341.8000 0.14971965
4341.8500 0.15527087
4341.9000 0.15365642
4341.9500 0.15204197
4342.0000 0.14979961
4342.0500 0.14598595
4342.1000 0.14217228
4342.1500 0.13835862
4342.2000 0.13934454
4342.2500 0.1414161
4342.3000 0.14348767
4342.3500 0.13810742
4342.4000 0.11868492
4342.4500 0.09926242
4342.5000 0.07983993
4342.5500 0.06194423
4342.6000 0.0442587
4342.6500 0.02657317
4342.7000 0.03094755
4342.7500 0.06674643
4342.8000 0.10254531
4342.8500 0.13834418
4342.9000 0.14358913
4342.9500 0.14712605
4343.0000 0.15066296
4343.0500 0.14415606
4343.1000 0.12688999
4343.1500 0.10962392
4343.2000 0.092515
4343.2500 0.08322483
4343.3000 0.07393467
4343.3500 0.0646445
4343.4000 0.06571221
4343.4500 0.07499302
4343.5000 0.08427383
4343.5500 0.09318488
4343.6000 0.09865119
4343.6500 0.1041175
4343.7000 0.1095838
4343.7500 0.11578261
4343.8000 0.12239835
4343.8500 0.12901409
4343.9000 0.13001422
4343.9500 0.10521501
4344.0000 0.08041581
4344.0500 0.05561661
4344.1000 0.07836861
4344.1500 0.11948585
4344.2000 0.16060309
4344.2500 0.18820158
4344.3000 0.178336
4344.3500 0.16847042
4344.4000 0.15860483
4344.4500 0.16047064
4344.5000 0.16508671
4344.5500 0.16970278
4344.6000 0.17046669
4344.6500 0.1642668
4344.7000 0.15806691
4344.7500 0.15186703
4344.8000 0.15468732
4344.8500 0.15847244
4344.9000 0.16225756
4344.9500 0.16669743
4345.0000 0.17193194
4345.0500 0.17716646
4345.1000 0.1823834
4345.1500 0.17348804
4345.2000 0.16459269
4345.2500 0.15569734
4345.3000 0.15218307
4345.3500 0.15303782
4345.4000 0.15389256
4345.4500 0.15517993
4345.5000 0.16020639
4345.5500 0.16523285
4345.6000 0.17025931
4345.6500 0.16405701
4345.7000 0.1519834
4345.7500 0.13990978
4345.8000 0.13535491
4345.8500 0.15895842
4345.9000 0.18256192
4345.9500 0.20616543
4346.0000 0.19837486
4346.0500 0.18099309
4346.1000 0.16361132
4346.1500 0.15613738
4346.2000 0.16948992
4346.2500 0.18284245
4346.3000 0.19619498
4346.3500 0.19476878
4346.4000 0.19132545
4346.4500 0.18788211
4346.5000 0.19208034
4346.5500 0.20606039
4346.6000 0.22004043
4346.6500 0.23402048
4346.7000 0.24274396
4346.7500 0.25145905
4346.8000 0.26017414
4346.8500 0.25952087
4346.9000 0.25148808
4346.9500 0.24345528
4347.0000 0.23459786
4347.0500 0.21977759
4347.1000 0.20495731
4347.1500 0.19013703
4347.2000 0.18070788
4347.2500 0.17376071
4347.3000 0.16681353
4347.3500 0.16334231
4347.4000 0.17034577
4347.4500 0.17734923
4347.5000 0.18435269
4347.5500 0.19183994
4347.6000 0.19943722
4347.6500 0.20703451
4347.7000 0.20639146
4347.7500 0.19238393
4347.8000 0.17837641
4347.8500 0.16436888
4347.9000 0.18120434
4347.9500 0.19968856
4348.0000 0.21817278
4348.0500 0.22194515
4348.1000 0.21204159
4348.1500 0.20213804
4348.2000 0.19459853
4348.2500 0.21144335
4348.3000 0.22828816
4348.3500 0.24513297
4348.4000 0.25577305
4348.4500 0.26321192
4348.5000 0.2706508
4348.5500 0.26956358
4348.6000 0.24026588
4348.6500 0.21096818
4348.7000 0.18167049
4348.7500 0.18488552
4348.8000 0.19594331
4348.8500 0.20700111
4348.9000 0.20974025
4348.9500 0.19892838
4349.0000 0.18811652
4349.0500 0.17730466
4349.1000 0.19068676
4349.1500 0.20517615
4349.2000 0.21966554
4349.2500 0.21241456
4349.3000 0.1861338
4349.3500 0.15985305
4349.4000 0.13713327
4349.4500 0.14281989
4349.5000 0.14850651
4349.5500 0.15419313
4349.6000 0.15268643
4349.6500 0.14795839
4349.7000 0.14323035
4349.7500 0.14712363
4349.8000 0.17419309
4349.8500 0.20126256
4349.9000 0.22833202
4349.9500 0.23274436
4350.0000 0.23324337
4350.0500 0.23374238
4350.1000 0.23995336
4350.1500 0.25356976
4350.2000 0.26718616
4350.2500 0.28053231
4350.3000 0.28016549
4350.3500 0.27979868
4350.4000 0.27943186
4350.4500 0.26606926
4350.5000 0.2441986
4350.5500 0.22232795
4350.6000 0.20471075
4350.6500 0.20516647
4350.7000 0.20562218
4350.7500 0.20607789
4350.8000 0.21281669
4350.8500 0.22135019
4350.9000 0.22988368
4350.9500 0.231103
4351.0000 0.21966761
4351.0500 0.20823222
4351.1000 0.19679682
4351.1500 0.19023221
4351.2000 0.18389243
4351.2500 0.17755266
4351.3000 0.15412894
4351.3500 0.11653547
4351.4000 0.078942
4351.4500 0.05309715
4351.5000 0.10032523
4351.5500 0.14755331
4351.6000 0.19478139
4351.6500 0.21279498
4351.7000 0.22008759
4351.7500 0.2273802
4351.8000 0.22334285
4351.8500 0.19585103
4351.9000 0.16835922
4351.9500 0.14086741
4352.0000 0.15243966
4352.0500 0.1673608
4352.1000 0.18228195
4352.1500 0.1909176
4352.2000 0.19369303
4352.2500 0.19646845
4352.3000 0.20046537
4352.3500 0.21385174
4352.4000 0.22723812
4352.4500 0.24062449
4352.5000 0.21653059
4352.5500 0.17741401
4352.6000 0.13829744
4352.6500 0.11946432
4352.7000 0.14499253
4352.7500 0.17052075
4352.8000 0.19604896
4352.8500 0.21039452
4352.9000 0.22369871
4352.9500 0.2370029
4353.0000 0.23318163
4353.0500 0.21336086
4353.1000 0.19354009
4353.1500 0.17659433
4353.2000 0.18066724
4353.2500 0.18474015
4353.3000 0.18881306
4353.3500 0.19439198
4353.4000 0.20054271
4353.4500 0.20669344
4353.5000 0.20371605
4353.5500 0.18224068
4353.6000 0.16076531
4353.6500 0.13928995
4353.7000 0.13897619
4353.7500 0.14008097
4353.8000 0.14118576
4353.8500 0.14540998
4353.9000 0.15223763
4353.9500 0.15906529
4354.0000 0.16462404
4354.0500 0.16321911
4354.1000 0.16181417
4354.1500 0.16040923
4354.2000 0.16906235
4354.2500 0.18081684
4354.3000 0.19257133
4354.3500 0.19870483
4354.4000 0.19549627
4354.4500 0.19228771
4354.5000 0.18907916
4354.5500 0.2055628
4354.6000 0.22228285
4354.6500 0.2390029
4354.7000 0.25520876
4354.7500 0.27107435
4354.8000 0.28693993
4354.8500 0.29391326
4354.9000 0.26871097
4354.9500 0.24350867
4355.0000 0.21830638
4355.0500 0.17582022
4355.1000 0.1298549
4355.1500 0.08388958
4355.2000 0.07682051
4355.2500 0.11738984
4355.3000 0.15795918
4355.3500 0.19497779
4355.4000 0.18308624
4355.4500 0.1711947
4355.5000 0.15930315
4355.5500 0.15400041
4355.6000 0.15169924
4355.6500 0.14939807
4355.7000 0.15188044
4355.7500 0.16513533
4355.8000 0.17839022
4355.8500 0.19164511
4355.9000 0.2074749
4355.9500 0.22350109
4356.0000 0.23952729
4356.0500 0.24800594
4356.1000 0.25035649
4356.1500 0.25270705
4356.2000 0.24934767
4356.2500 0.21921993
4356.3000 0.1890922
4356.3500 0.15896446
4356.4000 0.15075344
4356.4500 0.14799215
4356.5000 0.14523086
4356.5500 0.16191077
4356.6000 0.20467307
4356.6500 0.24743537
4356.7000 0.28682866
4356.7500 0.2676576
4356.8000 0.24848654
4356.8500 0.22931548
4356.9000 0.22043275
4356.9500 0.21632779
4357.0000 0.21222283
4357.0500 0.21465535
4357.1000 0.23147006
4357.1500 0.24828477
4357.2000 0.26509948
4357.2500 0.2499514
4357.3000 0.23288107
4357.3500 0.21581073
4357.4000 0.21691407
4357.4500 0.23144014
4357.5000 0.24596622
4357.5500 0.25171819
4357.6000 0.22410843
4357.6500 0.19649866
4357.7000 0.16888889
4357.7500 0.19484954
4357.8000 0.23083023
4357.8500 0.26681091
4357.9000 0.31153001
4357.9500 0.36580086
4358.0000 0.42007171
4358.0500 0.4667681
4358.1000 0.45473918
4358.1500 0.44271026
4358.2000 0.43068135
4358.2500 0.46051798
4358.3000 0.50417116
4358.3500 0.54782434
4358.4000 0.5677794
4358.4500 0.55076644
4358.5000 0.53375348
4358.5500 0.51565602
4358.6000 0.46312985
4358.6500 0.41060367
4358.7000 0.3580775
4358.7500 0.32637829
4358.8000 0.3048637
4358.8500 0.28334911
4358.9000 0.26854489
4358.9500 0.26841611
4359.0000 0.26828733
4359.0500 0.26815854
4359.1000 0.25343115
4359.1500 0.23804955
4359.2000 0.22266796
4359.2500 0.21512214
4359.3000 0.21276578
4359.3500 0.21040943
4359.4000 0.20644469
4359.4500 0.19758196
4359.5000 0.18871922
4359.5500 0.17985648
4359.6000 0.18377545
4359.6500 0.18921058
4359.7000 0.19464571
4359.7500 0.19871511
4359.8000 0.20162981
4359.8500 0.2045445
4359.9000 0.20532659
4359.9500 0.19707
4360.0000 0.18881341
4360.0500 0.18055682
4360.1000 0.16623398
4360.1500 0.15076499
4360.2000 0.13529599
4360.2500 0.12845655
4360.3000 0.13051272
4360.3500 0.13256889
4360.4000 0.13272262
4360.4500 0.12164724
4360.5000 0.11057187
4360.5500 0.09949649
4360.6000 0.12948433
4360.6500 0.1698354
4360.7000 0.21018647
4360.7500 0.22336586
4360.8000 0.20376631
4360.8500 0.18416676
4360.9000 0.16707032
4360.9500 0.17040869
4361.0000 0.17374705
4361.0500 0.17708541
4361.1000 0.1989607
4361.1500 0.22649372
4361.2000 0.25402675
4361.2500 0.26516015
4361.3000 0.25404508
4361.3500 0.24293001
4361.4000 0.2322585
4361.4500 0.22644616
4361.5000 0.22063383
4361.5500 0.2148215
4361.6000 0.22373123
4361.6500 0.23770386
4361.7000 0.2516765
4361.7500 0.24680076
4361.8000 0.21431458
4361.8500 0.18182839
4361.9000 0.15173463
4361.9500 0.15420534
4362.0000 0.15667606
4362.0500 0.15914677
4362.1000 0.183685
4362.1500 0.21628947
4362.2000 0.24889395
4362.2500 0.26033054
4362.3000 0.23966096
4362.3500 0.21899137
4362.4000 0.19969703
4362.4500 0.2006845
4362.5000 0.20167197
4362.5500 0.20265944
4362.6000 0.20175437
4362.6500 0.20015218
4362.7000 0.19854998
4362.7500 0.20600876
4362.8000 0.22710175
4362.8500 0.24819474
4362.9000 0.26694324
4362.9500 0.25397452
4363.0000 0.24100581
4363.0500 0.22803709
4363.1000 0.24340086
4363.1500 0.26874233
4363.2000 0.2940838
4363.2500 0.29956709
4363.3000 0.2766412
4363.3500 0.25371531
4363.4000 0.23508715
4363.4500 0.26306632
4363.5000 0.2910455
4363.5500 0.31902467
4363.6000 0.2931215
4363.6500 0.25006945
4363.7000 0.20701739
4363.7500 0.19511401
4363.8000 0.2238563
4363.8500 0.25259859
4363.9000 0.27503617
4363.9500 0.24661214
4364.0000 0.21818812
4364.0500 0.18976409
4364.1000 0.20863193
4364.1500 0.24023401
4364.2000 0.27183609
4364.2500 0.27991593
4364.3000 0.261102
4364.3500 0.24228807
4364.4000 0.23024861
4364.4500 0.25770478
4364.5000 0.28516095
4364.5500 0.31261712
4364.6000 0.28841153
4364.6500 0.253429
4364.7000 0.21844647
4364.7500 0.19922505
4364.8000 0.19517526
4364.8500 0.19112546
4364.9000 0.19418318
4364.9500 0.22699861
4365.0000 0.25981403
4365.0500 0.29262945
4365.1000 0.28088318
4365.1500 0.26289904
4365.2000 0.24491489
4365.2500 0.20075599
4365.3000 0.13626004
4365.3500 0.07176409
4365.4000 0.04395364
4365.4500 0.12652687
4365.5000 0.20910011
4365.5500 0.29167335
4365.6000 0.26725168
4365.6500 0.23566931
4365.7000 0.20408694
4365.7500 0.16722441
4365.8000 0.12721054
4365.8500 0.08719666
4365.9000 0.06656757
4365.9500 0.08783023
4366.0000 0.10909289
4366.0500 0.1301638
4366.1000 0.12618773
4366.1500 0.12221165
4366.2000 0.11823558
4366.2500 0.10651923
4366.3000 0.09148538
4366.3500 0.07645154
4366.4000 0.09971815
4366.4500 0.18201415
4366.5000 0.26431014
4366.5500 0.33577861
4366.6000 0.29528398
4366.6500 0.25478935
4366.7000 0.21429472
4366.7500 0.23535466
4366.8000 0.27337502
4366.8500 0.31139537
4366.9000 0.3217462
4366.9500 0.30223328
4367.0000 0.28272036
4367.0500 0.26019468
4367.1000 0.22385223
4367.1500 0.18750978
4367.2000 0.15116733
4367.2500 0.14665741
4367.3000 0.14656077
4367.3500 0.14646413
4367.4000 0.16150682
4367.4500 0.18757544
4367.5000 0.21364406
4367.5500 0.2231279
4367.6000 0.18998773
4367.6500 0.15684757
4367.7000 0.12370741
4367.7500 0.12117143
4367.8000 0.11917269
4367.8500 0.11717394
4367.9000 0.11446634
4367.9500 0.11143508
4368.0000 0.10840382
4368.0500 0.10536804
4368.1000 0.10232522
4368.1500 0.0992824
4368.2000 0.09750598
4368.2500 0.10745057
4368.3000 0.11739517
4368.3500 0.12733977
4368.4000 0.13203387
4368.4500 0.13545374
4368.5000 0.13887361
4368.5500 0.15037156
4368.6000 0.16953681
4368.6500 0.18870207
4368.7000 0.20264687
4368.7500 0.19835153
4368.8000 0.19405619
4368.8500 0.18976085
4368.9000 0.21436356
4368.9500 0.24103699
4369.0000 0.26771043
4369.0500 0.27614646
4369.1000 0.27453994
4369.1500 0.27293341
4369.2000 0.25010195
4369.2500 0.18917143
4369.3000 0.1282409
4369.3500 0.07480675
4369.4000 0.11826716
4369.4500 0.16172757
4369.5000 0.20518798
4369.5500 0.23466549
4369.6000 0.26035809
4369.6500 0.28605069
4369.7000 0.27881862
4369.7500 0.23909197
4369.8000 0.19936531
4369.8500 0.15518917
4369.9000 0.09530474
4369.9500 0.03542031
4370.0000 -0.02446412
4370.0500 0.06437317
4370.1000 0.1628183
4370.1500 0.26126342
4370.2000 0.28311011
4370.2500 0.26532799
4370.3000 0.24754587
4370.3500 0.25097997
4370.4000 0.28904451
4370.4500 0.32710906
4370.5000 0.35775141
4370.5500 0.3229782
4370.6000 0.28820499
4370.6500 0.25343178
4370.7000 0.24125
4370.7500 0.23385908
4370.8000 0.22646817
4370.8500 0.19991459
4370.9000 0.15763888
4370.9500 0.11536317
4371.0000 0.10216494
4371.0500 0.1657308
4371.1000 0.22929667
4371.1500 0.29272279
4371.2000 0.24693011
4371.2500 0.20113743
4371.3000 0.15534476
4371.3500 0.26429532
4371.4000 0.43078005
4371.4500 0.59726477
4371.5000 0.65446675
4371.5500 0.58223565
4371.6000 0.51000455
4371.6500 0.44128285
4371.7000 0.38774274
4371.7500 0.33420262
4371.8000 0.2806625
4371.8500 0.2647536
4371.9000 0.25216764
4371.9500 0.23958168
4372.0000 0.20067975
4372.0500 0.14767623
4372.1000 0.09467272
4372.1500 0.06857479
4372.2000 0.08555034
4372.2500 0.10252589
4372.3000 0.12689883
4372.3500 0.20603923
4372.4000 0.28517963
4372.4500 0.36432003
4372.5000 0.29804273
4372.5500 0.20703418
4372.6000 0.11602563
4372.6500 0.11236301
4372.7000 0.16903794
4372.7500 0.22571288
4372.8000 0.26443101
4372.8500 0.26658702
4372.9000 0.26874302
4372.9500 0.26895873
4373.0000 0.24276166
4373.0500 0.2165646
4373.1000 0.19036754
4373.1500 0.24836492
4373.2000 0.32628691
4373.2500 0.4042089
4373.3000 0.39520017
4373.3500 0.31505949
4373.4000 0.23491882
4373.4500 0.18885563
4373.5000 0.22523774
4373.5500 0.26161985
4373.6000 0.29621543
4373.6500 0.28306472
4373.7000 0.269914
4373.7500 0.25676329
4373.8000 0.23766694
4373.8500 0.21690161
4373.9000 0.19613628
4373.9500 0.2082775
4374.0000 0.2499881
4374.0500 0.2916987
4374.1000 0.29826331
4374.1500 0.21157868
4374.2000 0.12489405
4374.2500 0.04256086
4374.3000 0.15461677
4374.3500 0.26667267
4374.4000 0.37872857
4374.4500 0.34373331
4374.5000 0.26510938
4374.5500 0.18648545
4374.6000 0.14443974
4374.6500 0.13593872
4374.7000 0.12743771
4374.7500 0.13089633
4374.8000 0.16617105
4374.8500 0.20144576
4374.9000 0.23733176
4374.9500 0.29619738
4375.0000 0.35506299
4375.0500 0.4139286
4375.1000 0.40128707
4375.1500 0.36844837
4375.2000 0.33560968
4375.2500 0.32063765
4375.3000 0.3212108
4375.3500 0.32178395
4375.4000 0.31690314
4375.4500 0.29872507
4375.5000 0.280547
4375.5500 0.26529052
4375.6000 0.30783387
4375.6500 0.35037722
4375.7000 0.39292057
4375.7500 0.28522509
4375.8000 0.14148493
4375.8500 -0.00225522
4375.9000 -0.04108334
4375.9500 0.00052214
4376.0000 0.04212762
4376.0500 0.08683979
4376.1000 0.13795462
4376.1500 0.18906944
4376.2000 0.23285225
4376.2500 0.20111905
4376.3000 0.16938584
4376.3500 0.13765263
4376.4000 0.1447413
4376.4500 0.15860385
4376.5000 0.1724664
4376.5500 0.19717978
4376.6000 0.22867137
4376.6500 0.26016295
4376.7000 0.28350669
4376.7500 0.293597
4376.8000 0.30368731
4376.8500 0.30734302
4376.9000 0.27367923
4376.9500 0.24001544
4377.0000 0.20635166
4377.0500 0.13389258
4377.1000 0.05780842
4377.1500 -0.01827574
4377.2000 -0.00836011
4377.2500 0.0414409
4377.3000 0.09124191
4377.3500 0.10799414
4377.4000 0.08482578
4377.4500 0.06165742
4377.5000 0.05600882
4377.5500 0.1111231
4377.6000 0.16623739
4377.6500 0.22135168
4377.7000 0.22467906
4377.7500 0.22778935
4377.8000 0.23089963
4377.8500 0.18089666
4377.9000 0.11493764
4377.9500 0.04897862
4378.0000 0.03581964
4378.0500 0.06704812
4378.1000 0.0982766
4378.1500 0.11609383
4378.2000 0.10524265
4378.2500 0.09439147
4378.3000 0.08459686
4378.3500 0.08483509
4378.4000 0.08507332
4378.4500 0.08531155
4378.5000 0.10549715
4378.5500 0.12858515
4378.6000 0.15167315
4378.6500 0.1442816
4378.7000 0.12060859
4378.7500 0.09693558
4378.8000 0.1159397
4378.8500 0.19110485
4378.9000 0.26627001
4378.9500 0.32180467
4379.0000 0.30476258
4379.0500 0.28772049
4379.1000 0.27067841
4379.1500 0.25896685
4379.2000 0.24728134
4379.2500 0.23559582
4379.3000 0.22882583
4379.3500 0.22345428
4379.4000 0.21808272
4379.4500 0.23010039
4379.5000 0.25561398
4379.5500 0.28112756
4379.6000 0.23979089
4379.6500 0.07357885
4379.7000 -0.09263319
4379.7500 -0.22728511
4379.8000 -0.16051144
4379.8500 -0.09373776
4379.9000 -0.02696409
4379.9500 0.0746795
4380.0000 0.17921664
4380.0500 0.28375377
4380.1000 0.36015349
4380.1500 0.42519561
4380.2000 0.49023774
4380.2500 0.48446754
4380.3000 0.40862243
4380.3500 0.33277733
4380.4000 0.27557125
4380.4500 0.2631373
4380.5000 0.25070335
4380.5500 0.23830487
4380.6000 0.22628143
4380.6500 0.21425799
4380.7000 0.20223454
4380.7500 0.22116921
4380.8000 0.24432595
4380.8500 0.2674827
4380.9000 0.29796534
4380.9500 0.3319799
4381.0000 0.36599445
4381.0500 0.33659097
4381.1000 0.23583792
4381.1500 0.13508487
4381.2000 0.05719875
4381.2500 0.04190785
4381.3000 0.02661695
4381.3500 0.01460934
4381.4000 0.04929469
4381.4500 0.08398005
4381.5000 0.1186654
4381.5500 0.12663218
4381.6000 0.13042761
4381.6500 0.13422304
4381.7000 0.16436946
4381.7500 0.2077691
4381.8000 0.25116874
4381.8500 0.2733676
4381.9000 0.27135875
4381.9500 0.26934989
4382.0000 0.27441308
4382.0500 0.29864009
4382.1000 0.3228671
4382.1500 0.34356634
4382.2000 0.31970241
4382.2500 0.29583847
4382.3000 0.27197453
4382.3500 0.25915022
4382.4000 0.24785573
4382.4500 0.23656125
4382.5000 0.29559917
4382.5500 0.38707598
4382.6000 0.47855279
4382.6500 0.47438708
4382.7000 0.37129469
4382.7500 0.2682023
4382.8000 0.19201694
4382.8500 0.17864565
4382.9000 0.16527435
4382.9500 0.18364157
4383.0000 0.46047502
4383.0500 0.73730848
4383.1000 1.01414194
4383.1500 0.7150446
4383.2000 0.36584538
4383.2500 0.01664616
4383.3000 -0.04733843
4383.3500 -0.00674375
4383.4000 0.03385094
4383.4500 0.10878363
4383.5000 0.21243278
4383.5500 0.31608193
4383.6000 0.35265418
4383.6500 0.26924126
4383.7000 0.18582834
4383.7500 0.12205694
4383.8000 0.15170914
4383.8500 0.18136133
4383.9000 0.21101353
4383.9500 0.21408295
4384.0000 0.21688358
4384.0500 0.21968421
4384.1000 0.2865011
4384.1500 0.36858922
4384.2000 0.45067734
4384.2500 0.38800641
4384.3000 0.23882489
4384.3500 0.08964338
4384.4000 0.08406953
4384.4500 0.25716516
4384.5000 0.43026079
4384.5500 0
4384.6000 0
4384.6500 0
