4804.0500 1.10870251
4804.1000 1.10705054
4804.1500 1.10539856
4804.2000 1.10726341
4804.2500 1.12813814
4804.3000 1.14901286
4804.3500 1.16988759
4804.4000 1.19076231
4804.4500 1.24488391
4804.5000 1.32022549
4804.5500 1.39556707
4804.6000 1.47090864
4804.6500 1.5364712
4804.7000 1.46328411
4804.7500 1.39009702
4804.8000 1.31690993
4804.8500 1.24372284
4804.9000 1.22070978
4804.9500 1.24356439
4805.0000 1.26641901
4805.0500 1.28927362
4805.1000 1.31212824
4805.1500 1.28791421
4805.2000 1.26274675
4805.2500 1.23757928
4805.3000 1.21241182
4805.3500 1.21727947
4805.4000 1.26052605
4805.4500 1.30377264
4805.5000 1.34701922
4805.5500 1.39026581
4805.6000 1.35207014
4805.6500 1.30472881
4805.7000 1.25738748
4805.7500 1.21004615
4805.8000 1.17221982
4805.8500 1.15129363
4805.9000 1.13036744
4805.9500 1.10944126
4806.0000 1.08851507
4806.0500 1.01781941
4806.1000 0.93638526
4806.1500 0.85495111
4806.2000 0.77351696
4806.2500 0.76255074
4806.3000 0.92751344
4806.3500 1.09247613
4806.4000 1.25743883
4806.4500 1.42240153
4806.5000 1.45986699
4806.5500 1.45497121
4806.6000 1.45007544
4806.6500 1.44517967
4806.7000 1.46054317
4806.7500 1.54927869
4806.8000 1.63801421
4806.8500 1.72674973
4806.9000 1.81548525
4806.9500 1.76520859
4807.0000 1.65049788
4807.0500 1.53578717
4807.1000 1.42107646
4807.1500 1.2998549
4807.2000 1.14212611
4807.2500 0.98439731
4807.3000 0.82666852
4807.3500 0.66893972
4807.4000 0.76113936
4807.4500 1.0061534
4807.5000 1.25116745
4807.5500 1.49618149
4807.6000 1.70342517
4807.6500 1.53306618
4807.7000 1.36270719
4807.7500 1.1923482
4807.8000 1.02198921
4807.8500 0.98563411
4807.9000 1.05352638
4807.9500 1.12141864
4808.0000 1.18931091
4808.0500 1.252545
4808.1000 1.1877859
4808.1500 1.12302681
4808.2000 1.05826772
4808.2500 0.99350863
4808.3000 0.9831991
4808.3500 1.02542705
4808.4000 1.067655
4808.4500 1.10988295
4808.5000 1.1521109
4808.5500 1.11000765
4808.6000 1.06652517
4808.6500 1.0230427
4808.7000 0.97956022
4808.7500 0.9678511
4808.8000 0.99343613
4808.8500 1.01902116
4808.9000 1.04460619
4808.9500 1.07019122
4809.0000 1.11398137
4809.0500 1.1589891
4809.1000 1.20399683
4809.1500 1.24900456
4809.2000 1.29220758
4809.2500 1.33287439
4809.3000 1.37354121
4809.3500 1.41420802
4809.4000 1.45487483
4809.4500 1.41930933
4809.5000 1.37483157
4809.5500 1.33035382
4809.6000 1.28587607
4809.6500 1.25031031
4809.7000 1.2295304
4809.7500 1.20875049
4809.8000 1.18797058
4809.8500 1.16719067
4809.9000 1.14786672
4809.9500 1.12878382
4810.0000 1.10970091
4810.0500 1.090618
4810.1000 1.08479809
4810.1500 1.10460848
4810.2000 1.12441887
4810.2500 1.14422926
4810.3000 1.16403965
4810.3500 1.10403075
4810.4000 1.02711555
4810.4500 0.95020035
4810.5000 0.87328515
4810.5500 0.84275227
4810.6000 0.91518125
4810.6500 0.98761023
4810.7000 1.0600392
4810.7500 1.13246818
4810.8000 1.22499538
4810.8500 1.32263888
4810.9000 1.42028239
4810.9500 1.51792589
4811.0000 1.57215231
4811.0500 1.51732709
4811.1000 1.46250188
4811.1500 1.40767666
4811.2000 1.35285145
4811.2500 1.27513768
4811.3000 1.190725
4811.3500 1.10631231
4811.4000 1.02189962
4811.4500 1.00672919
4811.5000 1.18502093
4811.5500 1.36331267
4811.6000 1.54160442
4811.6500 1.71989616
4811.7000 1.67937516
4811.7500 1.56774031
4811.8000 1.45610547
4811.8500 1.34447062
4811.9000 1.25981054
4811.9500 1.25737703
4812.0000 1.25494352
4812.0500 1.25251
4812.1000 1.25007649
4812.1500 1.26728551
4812.2000 1.29137884
4812.2500 1.31547216
4812.3000 1.33956549
4812.3500 1.35920995
4812.4000 1.3643796
4812.4500 1.36954925
4812.5000 1.3747189
4812.5500 1.37988855
4812.6000 1.32402457
4812.6500 1.24568622
4812.7000 1.16734787
4812.7500 1.08900952
4812.8000 1.02691
4812.8500 1.01985481
4812.9000 1.01279962
4812.9500 1.00574442
4813.0000 0.99868923
4813.0500 1.02878964
4813.1000 1.07291982
4813.1500 1.11705001
4813.2000 1.16118019
4813.2500 1.20538046
4813.3000 1.24982189
4813.3500 1.29426332
4813.4000 1.33870476
4813.4500 1.38314619
4813.5000 1.3265179
4813.5500 1.23166307
4813.6000 1.13680824
4813.6500 1.04195342
4813.7000 0.98097107
4813.7500 1.03523542
4813.8000 1.08949978
4813.8500 1.14376413
4813.9000 1.19802848
4813.9500 1.22155255
4814.0000 1.23370046
4814.0500 1.24584837
4814.1000 1.25799628
4814.1500 1.26580971
4814.2000 1.25941734
4814.2500 1.25302496
4814.3000 1.24663258
4814.3500 1.2402402
4814.4000 1.19733666
4814.4500 1.14152794
4814.5000 1.08571923
4814.5500 1.02991052
4814.6000 0.97725569
4814.6500 0.93431622
4814.7000 0.89137674
4814.7500 0.84843727
4814.8000 0.8054978
4814.8500 0.87979276
4814.9000 0.99265546
4814.9500 1.10551816
4815.0000 1.21838086
4815.0500 1.28613504
4815.1000 1.22617196
4815.1500 1.16620888
4815.2000 1.1062458
4815.2500 1.04628272
4815.3000 1.05278187
4815.3500 1.07905299
4815.4000 1.10532412
4815.4500 1.13159524
4815.5000 1.1382319
4815.5500 1.09477673
4815.6000 1.05132156
4815.6500 1.00786639
4815.7000 0.96441122
4815.7500 0.97856708
4815.8000 1.00770341
4815.8500 1.03683975
4815.9000 1.06597608
4815.9500 1.08596339
4816.0000 1.08528254
4816.0500 1.08460169
4816.1000 1.08392083
4816.1500 1.08323998
4816.2000 1.05356558
4816.2500 1.01757868
4816.3000 0.98159177
4816.3500 0.94560487
4816.4000 0.93389354
4816.4500 0.96999653
4816.5000 1.00609952
4816.5500 1.04220251
4816.6000 1.0783055
4816.6500 1.10771457
4816.7000 1.13597409
4816.7500 1.16423362
4816.8000 1.19249314
4816.8500 1.23202711
4816.9000 1.29065096
4816.9500 1.34927481
4817.0000 1.40789866
4817.0500 1.46652251
4817.1000 1.43086677
4817.1500 1.38359862
4817.2000 1.33633046
4817.2500 1.28906231
4817.3000 1.25174167
4817.3500 1.22870412
4817.4000 1.20566656
4817.4500 1.182629
4817.5000 1.15959144
4817.5500 1.14019541
4817.6000 1.12106549
4817.6500 1.10193557
4817.7000 1.08280564
4817.7500 1.08930791
4817.8000 1.12658269
4817.8500 1.16385747
4817.9000 1.20113224
4817.9500 1.23840702
4818.0000 1.26963955
4818.0500 1.30073701
4818.1000 1.33183447
4818.1500 1.36293193
4818.2000 1.37782884
4818.2500 1.3767186
4818.3000 1.37560837
4818.3500 1.37449813
4818.4000 1.37275509
4818.4500 1.3498534
4818.5000 1.32695172
4818.5500 1.30405004
4818.6000 1.28114836
4818.6500 1.28386402
4818.7000 1.30701638
4818.7500 1.33016875
4818.8000 1.35332111
4818.8500 1.37215741
4818.9000 1.34430469
4818.9500 1.31645197
4819.0000 1.28859925
4819.0500 1.26074653
4819.1000 1.29108092
4819.1500 1.35797007
4819.2000 1.42485921
4819.2500 1.49174836
4819.3000 1.54165044
4819.3500 1.49128975
4819.4000 1.44092907
4819.4500 1.39056838
4819.5000 1.34020769
4819.5500 1.28736024
4819.6000 1.23332507
4819.6500 1.1792899
4819.7000 1.12525473
4819.7500 1.08691168
4819.8000 1.10766523
4819.8500 1.12841878
4819.9000 1.14917233
4819.9500 1.16992588
4820.0000 1.16977811
4820.0500 1.16244022
4820.1000 1.15510233
4820.1500 1.14776444
4820.2000 1.12964105
4820.2500 1.08370677
4820.3000 1.03777248
4820.3500 0.9918382
4820.4000 0.94590392
4820.4500 0.96991185
4820.5000 1.0096897
4820.5500 1.04946754
4820.6000 1.08924539
4820.6500 1.12222754
4820.7000 1.14279518
4820.7500 1.16336282
4820.8000 1.18393046
4820.8500 1.2044981
4820.9000 1.2096364
4820.9500 1.21291953
4821.0000 1.21620266
4821.0500 1.21948579
4821.1000 1.20318748
4821.1500 1.16122237
4821.2000 1.11925725
4821.2500 1.07729214
4821.3000 1.03532703
4821.3500 1.05639132
4821.4000 1.07913706
4821.4500 1.1018828
4821.5000 1.12462854
4821.5500 1.14920252
4821.6000 1.17548827
4821.6500 1.20177402
4821.7000 1.22805977
4821.7500 1.24963277
4821.8000 1.19744774
4821.8500 1.14526271
4821.9000 1.09307768
4821.9500 1.04089266
4822.0000 1.05403948
4822.0500 1.10986965
4822.1000 1.16569982
4822.1500 1.22152999
4822.2000 1.2687969
4822.2500 1.26784005
4822.3000 1.26688319
4822.3500 1.26592634
4822.4000 1.26496949
4822.4500 1.22921269
4822.5000 1.17839403
4822.5500 1.12757537
4822.6000 1.07675671
4822.6500 1.02994066
4822.7000 0.99537723
4822.7500 0.96081381
4822.8000 0.92625038
4822.8500 0.89168696
4822.9000 0.9613879
4822.9500 1.05785628
4823.0000 1.15432466
4823.0500 1.25079304
4823.1000 1.29908285
4823.1500 1.25645841
4823.2000 1.21383398
4823.2500 1.17120954
4823.3000 1.12858511
4823.3500 1.08874929
4823.4000 1.04922949
4823.4500 1.00970969
4823.5000 0.97018989
4823.5500 0.97293765
4823.6000 1.02709073
4823.6500 1.0812438
4823.7000 1.13539687
4823.7500 1.18937106
4823.8000 1.21048756
4823.8500 1.23160406
4823.9000 1.25272056
4823.9500 1.27383707
4824.0000 1.2599836
4824.0500 1.21874085
4824.1000 1.1774981
4824.1500 1.13625535
4824.2000 1.10842589
4824.2500 1.18150651
4824.3000 1.25458713
4824.3500 1.32766776
4824.4000 1.40074838
4824.4500 1.39001988
4824.5000 1.33894826
4824.5500 1.28787665
4824.6000 1.23680503
4824.6500 1.1953249
4824.7000 1.18525066
4824.7500 1.17517641
4824.8000 1.16510217
4824.8500 1.15502793
4824.9000 1.16063012
4824.9500 1.17029862
4825.0000 1.17996712
4825.0500 1.18963563
4825.1000 1.20280519
4825.1500 1.22232763
4825.2000 1.24185007
4825.2500 1.26137251
4825.3000 1.28089495
4825.3500 1.1968996
4825.4000 1.10362519
4825.4500 1.01035079
4825.5000 0.91707639
4825.5500 0.90522472
4825.6000 0.98110265
4825.6500 1.05698058
4825.7000 1.1328585
4825.7500 1.20604969
4825.8000 1.22372112
4825.8500 1.24139255
4825.9000 1.25906398
4825.9500 1.2767354
4826.0000 1.24473834
4826.0500 1.1812708
4826.1000 1.11780326
4826.1500 1.05433573
4826.2000 1.01287912
4826.2500 1.07216872
4826.3000 1.13145832
4826.3500 1.19074792
4826.4000 1.25003752
4826.4500 1.27243644
4826.5000 1.28238385
4826.5500 1.29233126
4826.6000 1.30227868
4826.6500 1.28700419
4826.7000 1.21743167
4826.7500 1.14785914
4826.8000 1.07828662
4826.8500 1.00871409
4826.9000 1.00981263
4826.9500 1.01983481
4827.0000 1.02985699
4827.0500 1.03987917
4827.1000 1.04211583
4827.1500 1.03520481
4827.2000 1.0282938
4827.2500 1.02138279
4827.3000 1.01335206
4827.3500 0.97235957
4827.4000 0.93136708
4827.4500 0.89037459
4827.5000 0.8493821
4827.5500 0.85833894
4827.6000 0.89961998
4827.6500 0.94090102
4827.7000 0.98218206
4827.7500 1.01443962
4827.8000 1.00629198
4827.8500 0.99814434
4827.9000 0.9899967
4827.9500 0.98184905
4828.0000 0.95232285
4828.0500 0.91601522
4828.1000 0.87970759
4828.1500 0.84339996
4828.2000 0.82342614
4828.2500 0.83558767
4828.3000 0.84774919
4828.3500 0.85991072
4828.4000 0.87207224
4828.4500 0.890379
4828.5000 0.90924936
4828.5500 0.92811972
4828.6000 0.94699008
4828.6500 0.96041434
4828.7000 0.96830847
4828.7500 0.97620259
4828.8000 0.98409671
4828.8500 0.99304705
4828.9000 1.01456288
4828.9500 1.03607871
4829.0000 1.05759454
4829.0500 1.07911037
4829.1000 1.09863992
4829.1500 1.11714665
4829.2000 1.13565339
4829.2500 1.15416013
4829.3000 1.16123738
4829.3500 1.13286967
4829.4000 1.10450197
4829.4500 1.07613427
4829.5000 1.04776656
4829.5500 1.06707016
4829.6000 1.09622381
4829.6500 1.12537747
4829.7000 1.15453112
4829.7500 1.1702118
4829.8000 1.16689041
4829.8500 1.16356902
4829.9000 1.16024763
4829.9500 1.15685645
4830.0000 1.12141346
4830.0500 1.08597047
4830.1000 1.05052749
4830.1500 1.0150845
4830.2000 1.0062367
4830.2500 1.01581981
4830.3000 1.02540293
4830.3500 1.03498604
4830.4000 1.04628127
4830.4500 1.06535826
4830.5000 1.08443526
4830.5500 1.10351225
4830.6000 1.12258924
4830.6500 1.10474098
4830.7000 1.07593798
4830.7500 1.04713498
4830.8000 1.01833198
4830.8500 0.99500738
4830.9000 0.98128563
4830.9500 0.96756388
4831.0000 0.95384213
4831.0500 0.94012038
4831.1000 0.95732021
4831.1500 0.97592622
4831.2000 0.99453223
4831.2500 1.01313824
4831.3000 1.02250221
4831.3500 1.02433305
4831.4000 1.0261639
4831.4500 1.02799474
4831.5000 1.03297784
4831.5500 1.05631703
4831.6000 1.07965621
4831.6500 1.1029954
4831.7000 1.12633459
4831.7500 1.11243164
4831.8000 1.085672
4831.8500 1.05891237
4831.9000 1.03215274
4831.9500 1.01236512
4832.0000 1.00602862
4832.0500 0.99969211
4832.1000 0.99335561
4832.1500 0.98701911
4832.2000 0.97529589
4832.2500 0.96323234
4832.3000 0.95116878
4832.3500 0.93910522
4832.4000 0.94075376
4832.4500 0.95403785
4832.5000 0.96732194
4832.5500 0.98060603
4832.6000 0.99381402
4832.6500 1.00656428
4832.7000 1.01931453
4832.7500 1.03206479
4832.8000 1.04481505
4832.8500 1.05007001
4832.9000 1.05276369
4832.9500 1.05545737
4833.0000 1.05815105
4833.0500 1.0509116
4833.1000 1.02516607
4833.1500 0.99942054
4833.2000 0.973675
4833.2500 0.94792947
4833.3000 0.97941909
4833.3500 1.01364127
4833.4000 1.04786344
4833.4500 1.08208562
4833.5000 1.09567983
4833.5500 1.09311776
4833.6000 1.0905557
4833.6500 1.08799364
4833.7000 1.08295743
4833.7500 1.06569686
4833.8000 1.04843628
4833.8500 1.03117571
4833.9000 1.01391514
4833.9500 1.04235603
4834.0000 1.08390839
4834.0500 1.12546074
4834.1000 1.1670131
4834.1500 1.19658641
4834.2000 1.20718494
4834.2500 1.21778347
4834.3000 1.22838199
4834.3500 1.23898052
4834.4000 1.20898445
4834.4500 1.17891209
4834.5000 1.14883973
4834.5500 1.11876737
4834.6000 1.08312935
4834.6500 1.04393963
4834.7000 1.00474992
4834.7500 0.9655602
4834.8000 0.94374745
4834.8500 0.98214585
4834.9000 1.02054425
4834.9500 1.05894265
4835.0000 1.09734105
4835.0500 1.10409223
4835.1000 1.10475597
4835.1500 1.10541972
4835.2000 1.10608346
4835.2500 1.10007051
4835.3000 1.08604691
4835.3500 1.0720233
4835.4000 1.05799969
4835.4500 1.04473451
4835.5000 1.04128949
4835.5500 1.03784447
4835.6000 1.03439946
4835.6500 1.03095444
4835.7000 1.04286259
4835.7500 1.06166861
4835.8000 1.08047463
4835.8500 1.09928065
4835.9000 1.11880365
4835.9500 1.13992624
4836.0000 1.16104883
4836.0500 1.18217142
4836.1000 1.20329401
4836.1500 1.16440973
4836.2000 1.12102245
4836.2500 1.07763517
4836.3000 1.0342479
4836.3500 1.01955106
4836.4000 1.02813046
4836.4500 1.03670985
4836.5000 1.04528924
4836.5500 1.05249475
4836.6000 1.05323178
4836.6500 1.05396881
4836.7000 1.05470584
4836.7500 1.05544288
4836.8000 1.03930386
4836.8500 1.01893217
4836.9000 0.99856047
4836.9500 0.97818878
4837.0000 0.98404289
4837.0500 1.02538268
4837.1000 1.06672246
4837.1500 1.10806225
4837.2000 1.14424775
4837.2500 1.08582774
4837.3000 1.02740772
4837.3500 0.96898771
4837.4000 0.91056769
4837.4500 0.89998932
4837.5000 0.91197033
4837.5500 0.92395134
4837.6000 0.93593235
4837.6500 0.94914565
4837.7000 0.96511916
4837.7500 0.98109266
4837.8000 0.99706617
4837.8500 1.01303968
4837.9000 1.02356812
4837.9500 1.03374249
4838.0000 1.04391687
4838.0500 1.05409124
4838.1000 1.03087267
4838.1500 0.98250796
4838.2000 0.93414324
4838.2500 0.88577853
4838.3000 0.85349069
4838.3500 0.88427026
4838.4000 0.91504982
4838.4500 0.94582939
4838.5000 0.97660895
4838.5500 0.97940793
4838.6000 0.97675912
4838.6500 0.9741103
4838.7000 0.97146148
4838.7500 0.97268027
4838.8000 0.97822327
4838.8500 0.98376628
4838.9000 0.98930929
4838.9500 0.99829476
4839.0000 1.03558564
4839.0500 1.07287653
4839.1000 1.11016741
4839.1500 1.1474583
4839.2000 1.14694799
4839.2500 1.13356264
4839.3000 1.12017729
4839.3500 1.10679194
4839.4000 1.08781686
4839.4500 1.05989924
4839.5000 1.03198162
4839.5500 1.004064
4839.6000 0.97737707
4839.6500 0.9995814
4839.7000 1.02178573
4839.7500 1.04399006
4839.8000 1.06619439
4839.8500 1.07294787
4839.9000 1.07194117
4839.9500 1.07093447
4840.0000 1.06992777
4840.0500 1.07459214
4840.1000 1.09199873
4840.1500 1.10940533
4840.2000 1.12681192
4840.2500 1.14421852
4840.3000 1.12911773
4840.3500 1.11236036
4840.4000 1.095603
4840.4500 1.07884564
4840.5000 1.05612261
4840.5500 1.02935976
4840.6000 1.00259691
4840.6500 0.97583405
4840.7000 0.95185111
4840.7500 0.93656723
4840.8000 0.92128336
4840.8500 0.90599948
4840.9000 0.89071561
4840.9500 0.91667176
4841.0000 0.94776079
4841.0500 0.97884982
4841.1000 1.00993884
4841.1500 1.02056199
4841.2000 1.0135862
4841.2500 1.0066104
4841.3000 0.99963461
4841.3500 0.99345844
4841.4000 0.99075387
4841.4500 0.98804931
4841.5000 0.98534474
4841.5500 0.98264018
4841.6000 0.99369833
4841.6500 1.00741764
4841.7000 1.02113696
4841.7500 1.03485627
4841.8000 1.02823434
4841.8500 1.00043544
4841.9000 0.97263654
4841.9500 0.94483764
4842.0000 0.92653738
4842.0500 0.96511193
4842.1000 1.00368648
4842.1500 1.04226103
4842.2000 1.08083558
4842.2500 1.05898407
4842.3000 1.02178836
4842.3500 0.98459265
4842.4000 0.94739694
4842.4500 0.92700469
4842.5000 0.92689616
4842.5500 0.92678763
4842.6000 0.9266791
4842.6500 0.92788618
4842.7000 0.93975104
4842.7500 0.95161589
4842.8000 0.96348074
4842.8500 0.9753456
4842.9000 0.97143949
4842.9500 0.96276618
4843.0000 0.95409286
4843.0500 0.94541955
4843.1000 0.94859967
4843.1500 0.96767953
4843.2000 0.9867594
4843.2500 1.00583926
4843.3000 1.02271158
4843.3500 1.01657041
4843.4000 1.01042925
4843.4500 1.00428809
4843.5000 0.99814693
4843.5500 1.00147803
4843.6000 1.00798064
4843.6500 1.01448325
4843.7000 1.02098586
4843.7500 1.02055972
4843.8000 1.01024541
4843.8500 0.99993111
4843.9000 0.9896168
4843.9500 0.98009634
4844.0000 0.980218
4844.0500 0.98033965
4844.1000 0.98046131
4844.1500 0.98058296
4844.2000 0.95365456
4844.2500 0.91728798
4844.3000 0.88092141
4844.3500 0.84455484
4844.4000 0.84597696
4844.4500 0.90227135
4844.5000 0.95856574
4844.5500 1.01486012
4844.6000 1.06392144
4844.6500 1.0244246
4844.7000 0.98492776
4844.7500 0.94543091
4844.8000 0.90593407
4844.8500 0.90379632
4844.9000 0.91448547
4844.9500 0.92517461
4845.0000 0.93586376
4845.0500 0.94952108
4845.1000 0.96737056
4845.1500 0.98522004
4845.2000 1.00306952
4845.2500 1.01884212
4845.3000 1.0125022
4845.3500 1.00616228
4845.4000 0.99982236
4845.4500 0.99348244
4845.5000 0.9887328
4845.5500 0.98448976
4845.6000 0.98024672
4845.6500 0.97600368
4845.7000 0.97331258
4845.7500 0.97266066
4845.8000 0.97200874
4845.8500 0.97135683
4845.9000 0.97210293
4845.9500 0.98450085
4846.0000 0.99689877
4846.0500 1.0092967
4846.1000 1.02169462
4846.1500 1.02378291
4846.2000 1.02301928
4846.2500 1.02225566
4846.3000 1.02149204
4846.3500 1.01718991
4846.4000 1.00874581
4846.4500 1.00030171
4846.5000 0.99185761
4846.5500 0.98637159
4846.6000 0.99915828
4846.6500 1.01194498
4846.7000 1.02473167
4846.7500 1.03751836
4846.8000 1.02228403
4846.8500 1.0008637
4846.9000 0.97944337
4846.9500 0.95802304
4847.0000 0.95106699
4847.0500 0.95856328
4847.1000 0.96605957
4847.1500 0.97355586
4847.2000 0.97514263
4847.2500 0.95025251
4847.3000 0.92536239
4847.3500 0.90047227
4847.4000 0.87558215
4847.4500 0.87799566
4847.5000 0.88463586
4847.5500 0.89127606
4847.6000 0.89791626
4847.6500 0.91096618
4847.7000 0.92924677
4847.7500 0.94752736
4847.8000 0.96580794
4847.8500 0.98430094
4847.9000 1.00347943
4847.9500 1.02265791
4848.0000 1.0418364
4848.0500 1.06101489
4848.1000 1.04580829
4848.1500 1.02776094
4848.2000 1.00971359
4848.2500 0.99166624
4848.3000 0.98944035
4848.3500 0.99724344
4848.4000 1.00504653
4848.4500 1.01284963
4848.5000 1.01568525
4848.5500 1.00701823
4848.6000 0.99835122
4848.6500 0.9896842
4848.7000 0.98101719
4848.7500 0.96393243
4848.8000 0.94678313
4848.8500 0.92963384
4848.9000 0.91248455
4848.9500 0.90418102
4849.0000 0.89995663
4849.0500 0.89573224
4849.1000 0.89150785
4849.1500 0.89197891
4849.2000 0.90018878
4849.2500 0.90839865
4849.3000 0.91660852
4849.3500 0.92429242
4849.4000 0.92520398
4849.4500 0.92611553
4849.5000 0.92702709
4849.5500 0.92793865
4849.6000 0.92445169
4849.6500 0.91963401
4849.7000 0.91481633
4849.7500 0.90999866
4849.8000 0.91763787
4849.8500 0.93963127
4849.9000 0.96162467
4849.9500 0.98361807
4850.0000 0.99990238
4850.0500 0.98681124
4850.1000 0.97372009
4850.1500 0.96062894
4850.2000 0.9475378
4850.2500 0.93893756
4850.3000 0.93105598
4850.3500 0.92317439
4850.4000 0.91529281
4850.4500 0.9146216
4850.5000 0.91955616
4850.5500 0.92449073
4850.6000 0.92942529
4850.6500 0.93459715
4850.7000 0.94042929
4850.7500 0.94626143
4850.8000 0.95209357
4850.8500 0.95792571
4850.9000 0.93852908
4850.9500 0.91828137
4851.0000 0.89803365
4851.0500 0.87778593
4851.1000 0.87710428
4851.1500 0.88599085
4851.2000 0.89487741
4851.2500 0.90376398
4851.3000 0.90245647
4851.3500 0.88430463
4851.4000 0.86615278
4851.4500 0.84800093
4851.5000 0.83348304
4851.5500 0.85875547
4851.6000 0.8840279
4851.6500 0.90930033
4851.7000 0.93457276
4851.7500 0.9448679
4851.8000 0.95121938
4851.8500 0.95757087
4851.9000 0.96392235
4851.9500 0.97088004
4852.0000 0.97844227
4852.0500 0.9860045
4852.1000 0.99356673
4852.1500 0.99723902
4852.2000 0.9863671
4852.2500 0.97549517
4852.3000 0.96462325
4852.3500 0.95375133
4852.4000 0.94798057
4852.4500 0.94263789
4852.5000 0.93729521
4852.5500 0.93195253
4852.6000 0.92497735
4852.6500 0.91706528
4852.7000 0.90915322
4852.7500 0.90124115
4852.8000 0.89460554
4852.8500 0.89034698
4852.9000 0.88608843
4852.9500 0.88182987
4853.0000 0.87852733
4853.0500 0.88906454
4853.1000 0.89960175
4853.1500 0.91013896
4853.2000 0.92067617
4853.2500 0.90724825
4853.3000 0.88710333
4853.3500 0.8669584
4853.4000 0.84681347
4853.4500 0.83583851
4853.5000 0.83407882
4853.5500 0.83231913
4853.6000 0.83055944
4853.6500 0.83643868
4853.7000 0.86977056
4853.7500 0.90310244
4853.8000 0.93643431
4853.8500 0.96976619
4853.9000 0.94227949
4853.9500 0.91076109
4854.0000 0.87924269
4854.0500 0.84772428
4854.1000 0.84344632
4854.1500 0.85325118
4854.2000 0.86305603
4854.2500 0.87286088
4854.3000 0.87721815
4854.3500 0.87275499
4854.4000 0.86829183
4854.4500 0.86382868
4854.5000 0.85892822
4854.5500 0.85032534
4854.6000 0.84172246
4854.6500 0.83311957
4854.7000 0.82451669
4854.7500 0.83105177
4854.8000 0.84067219
4854.8500 0.8502926
4854.9000 0.85991302
4854.9500 0.8596987
4855.0000 0.85166188
4855.0500 0.84362505
4855.1000 0.83558823
4855.1500 0.82819583
4855.2000 0.82242416
4855.2500 0.81665249
4855.3000 0.81088082
4855.3500 0.80533771
4855.4000 0.8168227
4855.4500 0.8283077
4855.5000 0.83979269
4855.5500 0.85127768
4855.6000 0.856251
4855.6500 0.85897458
4855.7000 0.86169816
4855.7500 0.86442175
4855.8000 0.86259205
4855.8500 0.85571827
4855.9000 0.84884449
4855.9500 0.84197072
4856.0000 0.83200927
4856.0500 0.81020985
4856.1000 0.78841043
4856.1500 0.76661101
4856.2000 0.74481158
4856.2500 0.75259845
4856.3000 0.7622557
4856.3500 0.77191296
4856.4000 0.78157021
4856.4500 0.7933863
4856.5000 0.80623974
4856.5500 0.81909317
4856.6000 0.83194661
4856.6500 0.83274312
4856.7000 0.81630219
4856.7500 0.79986126
4856.8000 0.78342034
4856.8500 0.77022439
4856.9000 0.77556987
4856.9500 0.78091535
4857.0000 0.78626082
4857.0500 0.7916063
4857.1000 0.77315934
4857.1500 0.75169782
4857.2000 0.73023629
4857.2500 0.70877476
4857.3000 0.7215468
4857.3500 0.75465129
4857.4000 0.78775578
4857.4500 0.82086027
4857.5000 0.83943712
4857.5500 0.83311211
4857.6000 0.8267871
4857.6500 0.82046209
4857.7000 0.81242126
4857.7500 0.7906031
4857.8000 0.76878494
4857.8500 0.74696678
4857.9000 0.72514862
4857.9500 0.75337993
4858.0000 0.79014838
4858.0500 0.82691682
4858.1000 0.86368526
4858.1500 0.86225619
4858.2000 0.83526134
4858.2500 0.80826648
4858.3000 0.78127162
4858.3500 0.76514137
4858.4000 0.76963299
4858.4500 0.77412461
4858.5000 0.77861622
4858.5500 0.78285945
4858.6000 0.78465985
4858.6500 0.78646025
4858.7000 0.78826065
4858.7500 0.79006105
4858.8000 0.77965139
4858.8500 0.76692936
4858.9000 0.75420733
4858.9500 0.7414853
4859.0000 0.73362404
4859.0500 0.72913385
4859.1000 0.72464366
4859.1500 0.72015347
4859.2000 0.71992123
4859.2500 0.72790185
4859.3000 0.73588247
4859.3500 0.74386309
4859.4000 0.74882054
4859.4500 0.72450895
4859.5000 0.70019735
4859.5500 0.67588576
4859.6000 0.65157416
4859.6500 0.66998964
4859.7000 0.69612076
4859.7500 0.72225188
4859.8000 0.74838301
4859.8500 0.74669211
4859.9000 0.72658436
4859.9500 0.7064766
4860.0000 0.68636884
4860.0500 0.67487907
4860.1000 0.67887085
4860.1500 0.68286263
4860.2000 0.68685441
4860.2500 0.69020176
4860.3000 0.68857695
4860.3500 0.68695213
4860.4000 0.68532732
4860.4500 0.6837025
4860.5000 0.66873087
4860.5500 0.65181956
4860.6000 0.63490824
4860.6500 0.61799693
4860.7000 0.60345087
4860.7500 0.59027776
4860.8000 0.57710465
4860.8500 0.56393154
4860.9000 0.55685808
4860.9500 0.55918291
4861.0000 0.56150774
4861.0500 0.56383257
4861.1000 0.56314941
4861.1500 0.54615161
4861.2000 0.52915381
4861.2500 0.51215601
4861.3000 0.49515821
4861.3500 0.51355384
4861.4000 0.53506882
4861.4500 0.5565838
4861.5000 0.57809878
4861.5500 0.57049195
4861.6000 0.54940492
4861.6500 0.5283179
4861.7000 0.50723088
4861.7500 0.49494842
4861.8000 0.49345352
4861.8500 0.49195861
4861.9000 0.49046371
4861.9500 0.49009092
4862.0000 0.49378021
4862.0500 0.4974695
4862.1000 0.5011588
4862.1500 0.50484809
4862.2000 0.48656567
4862.2500 0.46794289
4862.3000 0.44932011
4862.3500 0.43069733
4862.4000 0.43804184
4862.4500 0.45384544
4862.5000 0.46964904
4862.5500 0.48545264
4862.6000 0.49456647
4862.6500 0.49762924
4862.7000 0.50069201
4862.7500 0.50375478
4862.8000 0.50451254
4862.8500 0.49981666
4862.9000 0.49512079
4862.9500 0.49042491
4863.0000 0.48663405
4863.0500 0.49480148
4863.1000 0.50296891
4863.1500 0.51113635
4863.2000 0.51930378
4863.2500 0.52171497
4863.3000 0.52306921
4863.3500 0.52442345
4863.4000 0.52577769
4863.4500 0.51395346
4863.5000 0.49407336
4863.5500 0.47419325
4863.6000 0.45431315
4863.6500 0.44472635
4863.7000 0.45073365
4863.7500 0.45674096
4863.8000 0.46274826
4863.8500 0.47094829
4863.9000 0.48942414
4863.9500 0.50789999
4864.0000 0.52637585
4864.0500 0.5448517
4864.1000 0.53758333
4864.1500 0.52911169
4864.2000 0.52064005
4864.2500 0.51216841
4864.3000 0.51193023
4864.3500 0.51464414
4864.4000 0.51735805
4864.4500 0.52007196
4864.5000 0.53227681
4864.5500 0.55331098
4864.6000 0.57434514
4864.6500 0.5953793
4864.7000 0.60975114
4864.7500 0.60867196
4864.8000 0.60759278
4864.8500 0.60651361
4864.9000 0.60583937
4864.9500 0.60948249
4865.0000 0.61312561
4865.0500 0.61676873
4865.1000 0.62041185
4865.1500 0.61124705
4865.2000 0.60019321
4865.2500 0.58913936
4865.3000 0.57808552
4865.3500 0.58674156
4865.4000 0.60562239
4865.4500 0.62450323
4865.5000 0.64338406
4865.5500 0.65618622
4865.6000 0.66145728
4865.6500 0.66672835
4865.7000 0.67199942
4865.7500 0.67372567
4865.8000 0.66398264
4865.8500 0.65423961
4865.9000 0.64449658
4865.9500 0.63581874
4866.0000 0.66581479
4866.0500 0.69581084
4866.1000 0.72580688
4866.1500 0.75580293
4866.2000 0.75181462
4866.2500 0.74030352
4866.3000 0.72879242
4866.3500 0.71728133
4866.4000 0.71769486
4866.4500 0.72566966
4866.5000 0.73364445
4866.5500 0.74161925
4866.6000 0.75144386
4866.6500 0.76397019
4866.7000 0.77649653
4866.7500 0.78902287
4866.8000 0.80428148
4866.8500 0.83032609
4866.9000 0.85637071
4866.9500 0.88241532
4867.0000 0.90845993
4867.0500 0.86200106
4867.1000 0.81547456
4867.1500 0.76894806
4867.2000 0.72242156
4867.2500 0.73344867
4867.3000 0.75911053
4867.3500 0.7847724
4867.4000 0.81043426
4867.4500 0.82332459
4867.5000 0.82758364
4867.5500 0.83184269
4867.6000 0.83610173
4867.6500 0.834958
4867.7000 0.82562258
4867.7500 0.81628716
4867.8000 0.80695174
4867.8500 0.80007199
4867.9000 0.80305312
4867.9500 0.80603425
4868.0000 0.80901538
4868.0500 0.812003
4868.1000 0.81749489
4868.1500 0.82298679
4868.2000 0.82847868
4868.2500 0.83397058
4868.3000 0.84298824
4868.3500 0.85284889
4868.4000 0.86270953
4868.4500 0.87257017
4868.5000 0.87478394
4868.5500 0.87216506
4868.6000 0.86954618
4868.6500 0.8669273
4868.7000 0.86731464
4868.7500 0.87185826
4868.8000 0.87640188
4868.8500 0.8809455
4868.9000 0.88917527
4868.9500 0.909891
4869.0000 0.93060672
4869.0500 0.95132245
4869.1000 0.97027816
4869.1500 0.94393706
4869.2000 0.91759596
4869.2500 0.89125486
4869.3000 0.86491376
4869.3500 0.86694484
4869.4000 0.87405656
4869.4500 0.88116828
4869.5000 0.88828
4869.5500 0.89095687
4869.6000 0.89135018
4869.6500 0.89174348
4869.7000 0.89213678
4869.7500 0.8946166
4869.8000 0.89941803
4869.8500 0.90421946
4869.9000 0.90902089
4869.9500 0.90706381
4870.0000 0.88838361
4870.0500 0.8697034
4870.1000 0.8510232
4870.1500 0.83460308
4870.2000 0.83774632
4870.2500 0.84088957
4870.3000 0.84403281
4870.3500 0.84717605
4870.4000 0.83696079
4870.4500 0.82559274
4870.5000 0.8142247
4870.5500 0.80285665
4870.6000 0.80870813
4870.6500 0.8206471
4870.7000 0.83258608
4870.7500 0.84452505
4870.8000 0.8483106
4870.8500 0.84564616
4870.9000 0.84298172
4870.9500 0.84031728
4871.0000 0.83886173
4871.0500 0.83938623
4871.1000 0.83991073
4871.1500 0.84043522
4871.2000 0.84333247
4871.2500 0.8556551
4871.3000 0.86797773
4871.3500 0.88030036
4871.4000 0.89194386
4871.4500 0.87642434
4871.5000 0.86090482
4871.5500 0.84538529
4871.6000 0.82986577
4871.6500 0.82691297
4871.7000 0.82619646
4871.7500 0.82547995
4871.8000 0.82476343
4871.8500 0.81964255
4871.9000 0.81239839
4871.9500 0.80515423
4872.0000 0.79791008
4872.0500 0.80248431
4872.1000 0.81879303
4872.1500 0.83510175
4872.2000 0.85141047
4872.2500 0.87253972
4872.3000 0.9034519
4872.3500 0.93436408
4872.4000 0.96527626
4872.4500 0.988799
4872.5000 0.97343099
4872.5500 0.95806297
4872.6000 0.94269495
4872.6500 0.92732694
4872.7000 0.89053306
4872.7500 0.85353368
4872.8000 0.81653429
4872.8500 0.77953491
4872.9000 0.78871339
4872.9500 0.80785105
4873.0000 0.82698872
4873.0500 0.84612638
4873.1000 0.86228227
4873.1500 0.87687415
4873.2000 0.89146604
4873.2500 0.90605792
4873.3000 0.90379478
4873.3500 0.88402769
4873.4000 0.8642606
4873.4500 0.8444935
4873.5000 0.83120959
4873.5500 0.83130332
4873.6000 0.83139706
4873.6500 0.8314908
4873.7000 0.83161404
4873.7500 0.83188813
4873.8000 0.83216223
4873.8500 0.83243633
4873.9000 0.83277376
4873.9500 0.86532647
4874.0000 0.89787918
4874.0500 0.93043189
4874.1000 0.9629846
4874.1500 0.9512417
4874.2000 0.93116309
4874.2500 0.91108447
4874.3000 0.89100586
4874.3500 0.87557154
4874.4000 0.86229733
4874.4500 0.84902313
4874.5000 0.83574892
4874.5500 0.82560617
4874.6000 0.81829974
4874.6500 0.81099331
4874.7000 0.80368689
4874.7500 0.80859757
4874.8000 0.83447429
4874.8500 0.860351
4874.9000 0.88622771
4874.9500 0.90472851
4875.0000 0.89595746
4875.0500 0.8871864
4875.1000 0.87841534
4875.1500 0.87137701
4875.2000 0.89204562
4875.2500 0.91271423
4875.3000 0.93338285
4875.3500 0.95405146
4875.4000 0.93154222
4875.4500 0.90455817
4875.5000 0.87757412
4875.5500 0.85059007
4875.6000 0.84465015
4875.6500 0.84555397
4875.7000 0.84645779
4875.7500 0.84736161
4875.8000 0.84812712
4875.8500 0.84880209
4875.9000 0.84947706
4875.9500 0.85015203
4876.0000 0.8504747
4876.0500 0.85037605
4876.1000 0.8502774
4876.1500 0.85017876
4876.2000 0.85264199
4876.2500 0.86086932
4876.3000 0.86909664
4876.3500 0.87732397
4876.4000 0.88392648
4876.4500 0.88207818
4876.5000 0.88022987
4876.5500 0.87838157
4876.6000 0.87652655
4876.6500 0.87426132
4876.7000 0.87199609
4876.7500 0.86973085
4876.8000 0.86746562
4876.8500 0.87268886
4876.9000 0.87900946
4876.9500 0.88533006
4877.0000 0.89165065
4877.0500 0.88821051
4877.1000 0.88115207
4877.1500 0.87409363
4877.2000 0.86703519
4877.2500 0.8878241
4877.3000 0.92811006
4877.3500 0.96839603
4877.4000 1.00868199
4877.4500 1.01307371
4877.5000 0.97325399
4877.5500 0.93343427
4877.6000 0.89361455
4877.6500 0.86693993
4877.7000 0.86962602
4877.7500 0.87231212
4877.8000 0.87499821
4877.8500 0.87835227
4877.9000 0.88492889
4877.9500 0.89150552
4878.0000 0.89808215
4878.0500 0.9045333
4878.1000 0.90756503
4878.1500 0.91059677
4878.2000 0.9136285
4878.2500 0.91666023
4878.3000 0.90765423
4878.3500 0.89731619
4878.4000 0.88697816
4878.4500 0.87664012
4878.5000 0.88316029
4878.5500 0.89481274
4878.6000 0.90646519
4878.6500 0.91811765
4878.7000 0.92289265
4878.7500 0.92369956
4878.8000 0.92450647
4878.8500 0.92531338
4878.9000 0.9208267
4878.9500 0.91110772
4879.0000 0.90138873
4879.0500 0.89166975
4879.1000 0.8924397
4879.1500 0.91084379
4879.2000 0.92924789
4879.2500 0.94765198
4879.3000 0.95700978
4879.3500 0.9383831
4879.4000 0.91975641
4879.4500 0.90112973
4879.5000 0.88505238
4879.5500 0.88823576
4879.6000 0.89141915
4879.6500 0.89460253
4879.7000 0.89778592
4879.7500 0.92343425
4879.8000 0.94929216
4879.8500 0.97515008
4879.9000 1.001008
4879.9500 0.98989587
4880.0000 0.97305813
4880.0500 0.95622039
4880.1000 0.93938265
4880.1500 0.9428333
4880.2000 0.95332699
4880.2500 0.96382067
4880.3000 0.97431436
4880.3500 0.97861971
4880.4000 0.97913214
4880.4500 0.97964457
4880.5000 0.980157
4880.5500 0.97815138
4880.6000 0.97361715
4880.6500 0.96908293
4880.7000 0.9645487
4880.7500 0.95623594
4880.8000 0.9417369
4880.8500 0.92723786
4880.9000 0.91273882
4880.9500 0.90477857
4881.0000 0.91536184
4881.0500 0.92594511
4881.1000 0.93652838
4881.1500 0.94500837
4881.2000 0.94093192
4881.2500 0.93685548
4881.3000 0.93277903
4881.3500 0.92904024
4881.4000 0.93722926
4881.4500 0.94541828
4881.5000 0.9536073
4881.5500 0.96179633
4881.6000 0.95940759
4881.6500 0.95600909
4881.7000 0.95261059
4881.7500 0.94921209
4881.8000 0.94736373
4881.8500 0.94590422
4881.9000 0.9444447
4881.9500 0.94298518
4882.0000 0.9442455
4882.0500 0.94674301
4882.1000 0.94924052
4882.1500 0.95173803
4882.2000 0.94668023
4882.2500 0.93607227
4882.3000 0.92546431
4882.3500 0.91485635
4882.4000 0.91009672
4882.4500 0.91201373
4882.5000 0.91393074
4882.5500 0.91584776
4882.6000 0.92607786
4882.6500 0.95117415
4882.7000 0.97627043
4882.7500 1.00136672
4882.8000 1.01874434
4882.8500 1.013166
4882.9000 1.00758765
4882.9500 1.0020093
4883.0000 0.99534449
4883.0500 0.98231922
4883.1000 0.96929394
4883.1500 0.95626867
4883.2000 0.94389142
4883.2500 0.94650521
4883.3000 0.94911901
4883.3500 0.9517328
4883.4000 0.9543466
4883.4500 0.94441218
4883.5000 0.933652
4883.5500 0.92289181
4883.6000 0.91213163
4883.6500 0.90076471
4883.7000 0.88927907
4883.7500 0.87779344
4883.8000 0.8663078
4883.8500 0.87852966
4883.9000 0.89926703
4883.9500 0.92000441
4884.0000 0.94074178
4884.0500 0.94885166
4884.1000 0.9497466
4884.1500 0.95064154
4884.2000 0.95153649
4884.2500 0.95346981
4884.3000 0.95629367
4884.3500 0.95911754
4884.4000 0.9619414
4884.4500 0.96449125
4884.5000 0.96669453
4884.5500 0.9688978
4884.6000 0.97110108
4884.6500 0.96712312
4884.7000 0.95146342
4884.7500 0.93580372
4884.8000 0.92014403
4884.8500 0.91021603
4884.9000 0.91731799
4884.9500 0.92441995
4885.0000 0.93152191
4885.0500 0.93546193
4885.1000 0.92266135
4885.1500 0.90986076
4885.2000 0.89706018
4885.2500 0.88520872
4885.3000 0.88652981
4885.3500 0.88785089
4885.4000 0.88917198
4885.4500 0.89049307
4885.5000 0.88041976
4885.5500 0.87007621
4885.6000 0.85973265
4885.6500 0.8493891
4885.7000 0.85346981
4885.7500 0.85937465
4885.8000 0.8652795
4885.8500 0.87118434
4885.9000 0.88956717
4885.9500 0.91107105
4886.0000 0.93257493
4886.0500 0.95407881
4886.1000 0.95061384
4886.1500 0.93711733
4886.2000 0.92362082
4886.2500 0.91012431
4886.3000 0.91014873
4886.3500 0.91817758
4886.4000 0.92620643
4886.4500 0.93423528
4886.5000 0.94187016
4886.5500 0.94917504
4886.6000 0.95647991
4886.6500 0.96378478
4886.7000 0.95625182
4886.7500 0.93140484
4886.8000 0.90655786
4886.8500 0.88171088
4886.9000 0.8761043
4886.9500 0.90187729
4887.0000 0.92765027
4887.0500 0.95342326
4887.1000 0.96677052
4887.1500 0.95112194
4887.2000 0.93547337
4887.2500 0.91982479
4887.3000 0.90896378
4887.3500 0.91496329
4887.4000 0.92096279
4887.4500 0.92696229
4887.5000 0.93224698
4887.5500 0.93326905
4887.6000 0.93429112
4887.6500 0.93531319
4887.7000 0.93590959
4887.7500 0.93061187
4887.8000 0.92531415
4887.8500 0.92001643
4887.9000 0.91471872
4887.9500 0.91973663
4888.0000 0.92483372
4888.0500 0.92993081
4888.1000 0.9350279
4888.1500 0.93992684
4888.2000 0.94480824
4888.2500 0.94968963
4888.3000 0.95457103
4888.3500 0.94202401
4888.4000 0.92631177
4888.4500 0.91059953
4888.5000 0.89488728
4888.5500 0.89599167
4888.6000 0.90197299
4888.6500 0.90795431
4888.7000 0.91393563
4888.7500 0.91848339
4888.8000 0.92243236
4888.8500 0.92638133
4888.9000 0.9303303
4888.9500 0.92792818
4889.0000 0.92190419
4889.0500 0.9158802
4889.1000 0.90985621
4889.1500 0.90961617
4889.2000 0.91374688
4889.2500 0.9178776
4889.3000 0.92200831
4889.3500 0.93289171
4889.4000 0.95043062
4889.4500 0.96796954
4889.5000 0.98550845
4889.5500 0.98990853
4889.6000 0.97751525
4889.6500 0.96512197
4889.7000 0.95272869
4889.7500 0.94333359
4889.8000 0.93892329
4889.8500 0.93451299
4889.9000 0.93010268
4889.9500 0.92089246
4890.0000 0.90117044
4890.0500 0.88144843
4890.1000 0.86172641
4890.1500 0.85641567
4890.2000 0.89372771
4890.2500 0.93103975
4890.3000 0.9683518
4890.3500 0.99549602
4890.4000 0.98017056
4890.4500 0.96484509
4890.5000 0.94951962
4890.5500 0.93519128
4890.6000 0.92725488
4890.6500 0.91931848
4890.7000 0.91138208
4890.7500 0.90460072
4890.8000 0.91146955
4890.8500 0.91833837
4890.9000 0.9252072
4890.9500 0.93196529
4891.0000 0.93388569
4891.0500 0.93580609
4891.1000 0.93772649
4891.1500 0.93964689
4891.2000 0.92132495
4891.2500 0.90233449
4891.3000 0.88334402
4891.3500 0.86435356
4891.4000 0.86512239
4891.4500 0.86772737
4891.5000 0.87033235
4891.5500 0.87293733
4891.6000 0.88631214
4891.6500 0.90139357
4891.7000 0.91647501
4891.7500 0.93155645
4891.8000 0.93581116
4891.8500 0.93757138
4891.9000 0.93933159
4891.9500 0.94109181
4892.0000 0.93364691
4892.0500 0.92335168
4892.1000 0.91305646
4892.1500 0.90276124
4892.2000 0.91421093
4892.2500 0.93429916
4892.3000 0.9543874
4892.3500 0.97447564
4892.4000 0.96656362
4892.4500 0.94480375
4892.5000 0.92304388
4892.5500 0.90128402
4892.6000 0.89124177
4892.6500 0.88826624
4892.7000 0.88529071
4892.7500 0.88231518
4892.8000 0.89678032
4892.8500 0.92388546
4892.9000 0.95099061
4892.9500 0.97809575
4893.0000 0.97119659
4893.0500 0.93498967
4893.1000 0.89878276
4893.1500 0.86257584
4893.2000 0.84632346
4893.2500 0.85037345
4893.3000 0.85442344
4893.3500 0.85847344
4893.4000 0.86511698
4893.4500 0.87486001
4893.5000 0.88460304
4893.5500 0.89434608
4893.6000 0.89665981
4893.6500 0.88857587
4893.7000 0.88049193
4893.7500 0.87240799
4893.8000 0.87247269
4893.8500 0.88587649
4893.9000 0.89928029
4893.9500 0.91268409
4894.0000 0.92127999
4894.0500 0.92066643
4894.1000 0.92005286
4894.1500 0.9194393
4894.2000 0.9172064
4894.2500 0.91133639
4894.3000 0.90546637
4894.3500 0.89959636
4894.4000 0.89933588
4894.4500 0.91390616
4894.5000 0.92847644
4894.5500 0.94304672
4894.6000 0.95179711
4894.6500 0.94232825
4894.7000 0.93285938
4894.7500 0.92339051
4894.8000 0.92056703
4894.8500 0.94258329
4894.9000 0.96459955
4894.9500 0.9866158
4895.0000 1.00355802
4895.0500 0.99759139
4895.1000 0.99162477
4895.1500 0.98565814
4895.2000 0.98148011
4895.2500 0.98721227
4895.3000 0.99294442
4895.3500 0.99867658
4895.4000 1.00277986
4895.4500 0.99555851
4895.5000 0.98833716
4895.5500 0.98111581
4895.6000 0.97457375
4895.6500 0.97415162
4895.7000 0.97372948
4895.7500 0.97330735
4895.8000 0.9718295
4895.8500 0.95739971
4895.9000 0.94296993
4895.9500 0.92854014
4896.0000 0.91606669
4896.0500 0.9391671
4896.1000 0.96226752
4896.1500 0.98536794
4896.2000 1.00775682
4896.2500 1.00728644
4896.3000 1.00681606
4896.3500 1.00634568
4896.4000 1.00575685
4896.4500 0.99288116
4896.5000 0.98000546
4896.5500 0.96712977
4896.6000 0.95425407
4896.6500 0.96865343
4896.7000 0.98332243
4896.7500 0.99799143
4896.8000 1.01266042
4896.8500 1.01134583
4896.9000 1.00957377
4896.9500 1.0078017
4897.0000 1.00602964
4897.0500 0.989467
4897.1000 0.97221457
4897.1500 0.95496215
4897.2000 0.93770973
4897.2500 0.93847849
4897.3000 0.94039736
4897.3500 0.94231622
4897.4000 0.94423508
4897.4500 0.95179488
4897.5000 0.95980625
4897.5500 0.96781763
4897.6000 0.975829
4897.6500 0.98367019
4897.7000 0.99149517
4897.7500 0.99932015
4897.8000 1.00714513
4897.8500 1.01022076
4897.9000 1.01277766
4897.9500 1.01533455
4898.0000 1.01789145
4898.0500 1.0115692
4898.1000 1.00416423
4898.1500 0.99675927
4898.2000 0.9893543
4898.2500 0.97272919
4898.3000 0.95487526
4898.3500 0.93702134
4898.4000 0.91916742
4898.4500 0.92284572
4898.5000 0.929606
4898.5500 0.93636627
4898.6000 0.94312654
4898.6500 0.94396474
4898.7000 0.94390614
4898.7500 0.94384754
4898.8000 0.94378894
4898.8500 0.9458909
4898.9000 0.94833443
4898.9500 0.95077796
4899.0000 0.9532215
4899.0500 0.96048701
4899.1000 0.96853887
4899.1500 0.97659074
4899.2000 0.9846426
4899.2500 0.97877547
4899.3000 0.97059339
4899.3500 0.9624113
4899.4000 0.95422922
4899.4500 0.96304245
4899.5000 0.97470734
4899.5500 0.98637222
4899.6000 0.99803711
4899.6500 0.99461091
4899.7000 0.98865719
4899.7500 0.98270346
4899.8000 0.97674973
4899.8500 0.95976499
4899.9000 0.94095571
4899.9500 0.92214642
4900.0000 0.90333713
4900.0500 0.90913039
4900.1000 0.91889842
4900.1500 0.92866646
4900.2000 0.9384345
4900.2500 0.93710086
4900.3000 0.93403544
4900.3500 0.93097003
4900.4000 0.92790461
4900.4500 0.92212455
4900.5000 0.91594067
4900.5500 0.9097568
4900.6000 0.90357293
4900.6500 0.92152127
4900.7000 0.94284557
4900.7500 0.96416988
4900.8000 0.98549419
4900.8500 0.98976024
4900.9000 0.9918172
4900.9500 0.99387416
4901.0000 0.99593112
4901.0500 0.98233729
4901.1000 0.96690198
4901.1500 0.95146666
4901.2000 0.93603134
4901.2500 0.94210492
4901.3000 0.95042544
4901.3500 0.95874596
4901.4000 0.96706648
4901.4500 0.9557221
4901.5000 0.94260749
4901.5500 0.92949288
4901.6000 0.91637827
4901.6500 0.93825324
4901.7000 0.96273258
4901.7500 0.98721191
4901.8000 1.01169125
4901.8500 0.98285887
4901.9000 0.95094422
4901.9500 0.91902957
4902.0000 0.88711492
4902.0500 0.90279484
4902.1000 0.92039212
4902.1500 0.9379894
4902.2000 0.95558668
4902.2500 0.9569173
4902.3000 0.95789079
4902.3500 0.95886427
4902.4000 0.95983776
4902.4500 0.95834868
4902.5000 0.95685237
4902.5500 0.95535606
4902.6000 0.9539335
4902.6500 0.95679212
4902.7000 0.95965074
4902.7500 0.96250937
4902.8000 0.96531557
4902.8500 0.96679876
4902.9000 0.96828195
4902.9500 0.96976514
4903.0000 0.97048447
4903.0500 0.95936354
4903.1000 0.94824261
4903.1500 0.93712168
4903.2000 0.9269711
4903.2500 0.92734614
4903.3000 0.92772119
4903.3500 0.92809623
4903.4000 0.92661757
4903.4500 0.91006761
4903.5000 0.89351765
4903.5500 0.8769677
4903.6000 0.86615343
4903.6500 0.89179161
4903.7000 0.9174298
4903.7500 0.94306798
4903.8000 0.96424517
4903.8500 0.96263225
4903.9000 0.96101932
4903.9500 0.95940639
4904.0000 0.95549075
4904.0500 0.94193167
4904.1000 0.9283726
4904.1500 0.91481353
4904.2000 0.90410934
4904.2500 0.90334486
4904.3000 0.90258039
4904.3500 0.90181592
4904.4000 0.90975172
4904.4500 0.94313003
4904.5000 0.97650833
4904.5500 1.00988664
4904.6000 1.0313539
4904.6500 1.0233492
4904.7000 1.0153445
4904.7500 1.0073398
4904.8000 0.99644989
4904.8500 0.97948891
4904.9000 0.96252794
4904.9500 0.94556696
4905.0000 0.93384227
4905.0500 0.93151677
4905.1000 0.92919127
4905.1500 0.92686577
4905.2000 0.92719526
4905.2500 0.9315958
4905.3000 0.93599634
4905.3500 0.94039688
4905.4000 0.95861407
4905.4500 0.99492352
4905.5000 1.03123298
4905.5500 1.06754243
4905.6000 1.07257767
4905.6500 1.04271079
4905.7000 1.01284391
4905.7500 0.98297704
4905.8000 0.9677885
4905.8500 0.96650687
4905.9000 0.96522525
4905.9500 0.96394362
4906.0000 0.96295641
4906.0500 0.96220457
4906.1000 0.96145273
4906.1500 0.9607009
4906.2000 0.95214845
4906.2500 0.93837946
4906.3000 0.92461047
4906.3500 0.91084147
4906.4000 0.91444908
4906.4500 0.92765755
4906.5000 0.94086603
4906.5500 0.95407451
4906.6000 0.95983883
4906.6500 0.96226326
4906.7000 0.96468769
4906.7500 0.96711212
4906.8000 0.9709133
4906.8500 0.97520378
4906.9000 0.97949426
4906.9500 0.98378473
4907.0000 0.96285355
4907.0500 0.9350802
4907.1000 0.90730684
4907.1500 0.87953348
4907.2000 0.88558263
4907.2500 0.8982308
4907.3000 0.91087897
4907.3500 0.92352714
4907.4000 0.93335156
4907.4500 0.94282055
4907.5000 0.95228954
4907.5500 0.96175853
4907.6000 0.96487302
4907.6500 0.96758894
4907.7000 0.97030486
4907.7500 0.97302079
4907.8000 0.99911047
4907.8500 1.02531572
4907.9000 1.05152097
4907.9500 1.07481626
4908.0000 1.04339955
4908.0500 1.01198283
4908.1000 0.98056611
4908.1500 0.9536777
4908.2000 0.96448551
4908.2500 0.97529331
4908.3000 0.98610112
4908.3500 0.99863526
4908.4000 1.01988618
4908.4500 1.0411371
4908.5000 1.06238802
4908.5500 1.07613659
4908.6000 1.06399855
4908.6500 1.0518605
4908.7000 1.03972246
4908.7500 1.02900269
4908.8000 1.02183397
4908.8500 1.01466524
4908.9000 1.00749652
4908.9500 1.00449416
4909.0000 1.00931708
4909.0500 1.01413999
4909.1000 1.01896291
4909.1500 1.02021965
4909.2000 1.01636145
4909.2500 1.01250324
4909.3000 1.00864504
4909.3500 1.0021426
4909.4000 0.99272317
4909.4500 0.98330374
4909.5000 0.97388431
4909.5500 0.97714823
4909.6000 0.99115219
4909.6500 1.00515615
4909.7000 1.01916011
4909.7500 1.01300322
4909.8000 0.99389214
4909.8500 0.97478106
4909.9000 0.95566998
4909.9500 0.9536127
4910.0000 0.9596745
4910.0500 0.96573631
4910.1000 0.97179812
4910.1500 0.96374951
4910.2000 0.95093317
4910.2500 0.93811683
4910.3000 0.9253005
4910.3500 0.93526665
4910.4000 0.95027614
4910.4500 0.96528563
4910.5000 0.98029512
4910.5500 0.94972558
4910.6000 0.91360226
4910.6500 0.87747894
4910.7000 0.84135562
4910.7500 0.86893747
4910.8000 0.89880638
4910.8500 0.92867529
4910.9000 0.95697464
4910.9500 0.94821156
4911.0000 0.93944847
4911.0500 0.93068539
4911.1000 0.92210898
4911.1500 0.91493821
4911.2000 0.90776743
4911.2500 0.90059665
4911.3000 0.89619564
4911.3500 0.90321567
4911.4000 0.91023571
4911.4500 0.91725574
4911.5000 0.916924
4911.5500 0.89715652
4911.6000 0.87738904
4911.6500 0.85762156
4911.7000 0.84461513
4911.7500 0.84389051
4911.8000 0.84316589
4911.8500 0.84244127
4911.9000 0.84447969
4911.9500 0.85007826
4912.0000 0.85567683
4912.0500 0.8612754
4912.1000 0.86756987
4912.1500 0.87450615
4912.2000 0.88144243
4912.2500 0.88837871
4912.3000 0.88238783
4912.3500 0.86794993
4912.4000 0.85351204
4912.4500 0.83907414
4912.5000 0.83671757
4912.5500 0.83977071
4912.6000 0.84282386
4912.6500 0.845877
4912.7000 0.85419109
4912.7500 0.86400676
4912.8000 0.87382242
4912.8500 0.88363809
4912.9000 0.87876302
4912.9500 0.87162513
4913.0000 0.86448725
4913.0500 0.85734937
4913.1000 0.86084818
4913.1500 0.86483152
4913.2000 0.86881487
4913.2500 0.87332819
4913.3000 0.88843009
4913.3500 0.90353199
4913.4000 0.91863388
4913.4500 0.93163608
4913.5000 0.9317647
4913.5500 0.93189332
4913.6000 0.93202195
4913.6500 0.92737343
4913.7000 0.90709799
4913.7500 0.88682255
4913.8000 0.8665471
4913.8500 0.8601475
4913.9000 0.88200236
4913.9500 0.90385722
4914.0000 0.92571207
4914.0500 0.93425706
4914.1000 0.92486197
4914.1500 0.91546688
4914.2000 0.90607179
4914.2500 0.90658779
4914.3000 0.91611385
4914.3500 0.9256399
4914.4000 0.93516595
4914.4500 0.93073804
4914.5000 0.91786742
4914.5500 0.9049968
4914.6000 0.89212618
4914.6500 0.90466838
4914.7000 0.92691785
4914.7500 0.94916732
4914.8000 0.97141679
4914.8500 0.97867072
4914.9000 0.98275461
4914.9500 0.98683851
4915.0000 0.99092241
4915.0500 0.97894348
4915.1000 0.96573172
4915.1500 0.95251997
4915.2000 0.94018063
4915.2500 0.95318061
4915.3000 0.96618059
4915.3500 0.97918057
4915.4000 0.98821313
4915.4500 0.97270769
4915.5000 0.95720225
4915.5500 0.94169681
4915.6000 0.92930855
4915.6500 0.92645325
4915.7000 0.92359795
4915.7500 0.92074265
4915.8000 0.91869503
4915.8500 0.91811502
4915.9000 0.917535
4915.9500 0.91695498
4916.0000 0.9137938
4916.0500 0.90766154
4916.1000 0.90152928
4916.1500 0.89539702
4916.2000 0.91440697
4916.2500 0.9519147
4916.3000 0.98942243
4916.3500 1.02693016
4916.4000 1.02839203
4916.4500 1.01356117
4916.5000 0.9987303
4916.5500 0.98389943
4916.6000 1.00429094
4916.6500 1.03334436
4916.7000 1.06239777
4916.7500 1.09145118
4916.8000 1.0451825
4916.8500 0.99217419
4916.9000 0.93916587
4916.9500 0.88946645
4917.0000 0.93247813
4917.0500 0.97548981
4917.1000 1.0185015
4917.1500 1.05186638
4917.2000 1.03157381
4917.2500 1.01128123
4917.3000 0.99098865
4917.3500 0.97911791
4917.4000 0.98982745
4917.4500 1.00053698
4917.5000 1.01124652
4917.5500 1.01195013
4917.6000 0.99715115
4917.6500 0.98235217
4917.7000 0.96755318
4917.7500 0.95239233
4917.8000 0.93688959
4917.8500 0.92138685
4917.9000 0.90588411
4917.9500 0.90542081
4918.0000 0.91350993
4918.0500 0.92159904
4918.1000 0.92968816
4918.1500 0.93696209
4918.2000 0.94398157
4918.2500 0.95100105
4918.3000 0.95802052
4918.3500 0.93443033
4918.4000 0.90698219
4918.4500 0.87953405
4918.5000 0.85263873
4918.5500 0.86115048
4918.6000 0.86966222
4918.6500 0.87817396
4918.7000 0.88875542
4918.7500 0.91163841
4918.8000 0.9345214
4918.8500 0.95740439
4918.9000 0.96287106
4918.9500 0.92219156
4919.0000 0.88151206
4919.0500 0.84083256
4919.1000 0.82716779
4919.1500 0.85313699
4919.2000 0.8791062
4919.2500 0.9050754
4919.3000 0.91598194
4919.3500 0.91395357
4919.4000 0.9119252
4919.4500 0.90989683
4919.5000 0.90854204
4919.5500 0.90751602
4919.6000 0.90648999
4919.6500 0.90546397
4919.7000 0.89590299
4919.7500 0.88430558
4919.8000 0.87270817
4919.8500 0.86111076
4919.9000 0.84259267
4919.9500 0.82366451
4920.0000 0.80473635
4920.0500 0.78748372
4920.1000 0.78896387
4920.1500 0.79044403
4920.2000 0.79192418
4920.2500 0.79286307
4920.3000 0.79189944
4920.3500 0.79093582
4920.4000 0.78997219
4920.4500 0.78921372
4920.5000 0.7888165
4920.5500 0.78841928
4920.6000 0.78802206
4920.6500 0.79043565
4920.7000 0.79561231
4920.7500 0.80078897
4920.8000 0.80596563
4920.8500 0.81361416
4920.9000 0.82260719
4920.9500 0.83160023
4921.0000 0.84059326
4921.0500 0.84952833
4921.1000 0.85844823
4921.1500 0.86736812
4921.2000 0.87628801
4921.2500 0.85052092
4921.3000 0.82248351
4921.3500 0.7944461
4921.4000 0.77060334
4921.4500 0.79132833
4921.5000 0.81205332
4921.5500 0.83277831
4921.6000 0.84529931
4921.6500 0.83108711
4921.7000 0.81687491
4921.7500 0.80266271
4921.8000 0.80955148
4921.8500 0.85015175
4921.9000 0.89075202
4921.9500 0.93135229
4922.0000 0.94551175
4922.0500 0.93682435
4922.1000 0.92813694
4922.1500 0.91944954
4922.2000 0.89149509
4922.2500 0.85485602
4922.3000 0.81821694
4922.3500 0.78157787
4922.4000 0.77746869
4922.4500 0.77939567
4922.5000 0.78132265
4922.5500 0.78324963
4922.6000 0.79120217
4922.6500 0.79916063
4922.7000 0.80711909
4922.7500 0.81283163
4922.8000 0.80638424
4922.8500 0.79993684
4922.9000 0.79348945
4922.9500 0.79854297
4923.0000 0.82870699
4923.0500 0.858871
4923.1000 0.88903502
4923.1500 0.91023481
4923.2000 0.92147558
4923.2500 0.93271635
4923.3000 0.94395713
4923.3500 0.92136161
4923.4000 0.87928709
4923.4500 0.83721256
4923.5000 0.79513804
4923.5500 0.7909012
4923.6000 0.79630631
4923.6500 0.80171141
4923.7000 0.80711652
4923.7500 0.83058955
4923.8000 0.85480455
4923.8500 0.87901956
4923.9000 0.90228776
4923.9500 0.91896051
4924.0000 0.93563326
4924.0500 0.95230601
4924.1000 0.95406863
4924.1500 0.91965552
4924.2000 0.88524241
4924.2500 0.8508293
4924.3000 0.83256411
4924.3500 0.83328991
4924.4000 0.8340157
4924.4500 0.83474149
4924.5000 0.82212143
4924.5500 0.80161541
4924.6000 0.78110938
4924.6500 0.76060336
4924.7000 0.78447573
4924.7500 0.81951472
4924.8000 0.85455371
4924.8500 0.8895927
4924.9000 0.87140929
4924.9500 0.85161935
4925.0000 0.83182941
4925.0500 0.81754528
4925.1000 0.83604642
4925.1500 0.85454756
4925.2000 0.8730487
4925.2500 0.88465779
4925.3000 0.88150148
4925.3500 0.87834518
4925.4000 0.87518887
4925.4500 0.8724519
4925.5000 0.87014442
4925.5500 0.86783694
4925.6000 0.86552946
4925.6500 0.87239419
4925.7000 0.88375266
4925.7500 0.89511113
4925.8000 0.9064696
4925.8500 0.89183706
4925.9000 0.87260619
4925.9500 0.85337533
4926.0000 0.83493221
4926.0500 0.84237579
4926.1000 0.84981937
4926.1500 0.85726295
4926.2000 0.8532612
4926.2500 0.80639529
4926.3000 0.75952937
4926.3500 0.71266345
4926.4000 0.70027467
4926.4500 0.74106801
4926.5000 0.78186136
4926.5500 0.82265471
4926.6000 0.846621
4926.6500 0.85826293
4926.7000 0.86990487
4926.7500 0.88154681
4926.8000 0.90766363
4926.8500 0.93828887
4926.9000 0.96891411
4926.9500 0.99953935
4927.0000 0.94232947
4927.0500 0.88041278
4927.1000 0.81849609
4927.1500 0.7685453
4927.2000 0.79388987
4927.2500 0.81923445
4927.3000 0.84457902
4927.3500 0.8465976
4927.4000 0.80049366
4927.4500 0.75438972
4927.5000 0.70828579
4927.5500 0.71961587
4927.6000 0.78456527
4927.6500 0.84951467
4927.7000 0.91446408
4927.7500 0.92849273
4927.8000 0.92164541
4927.8500 0.91479808
4927.9000 0.90795075
4927.9500 0.90576212
4928.0000 0.90407591
4928.0500 0.90238971
4928.1000 0.90143931
4928.1500 0.90730553
4928.2000 0.91317174
4928.2500 0.91903795
4928.3000 0.92365519
4928.3500 0.92526687
4928.4000 0.92687855
4928.4500 0.92849023
4928.5000 0.9182974
4928.5500 0.89586997
4928.6000 0.87344253
4928.6500 0.8510151
4928.7000 0.87650732
4928.7500 0.92353818
4928.8000 0.97056904
4928.8500 1.01759989
4928.9000 1.00568371
4928.9500 0.9864906
4929.0000 0.9672975
4929.0500 0.9486045
4929.1000 0.93486584
4929.1500 0.92112718
4929.2000 0.90738852
4929.2500 0.90801445
4929.3000 0.9430324
4929.3500 0.97805036
4929.4000 1.01306831
4929.4500 1.0154447
4929.5000 0.98503687
4929.5500 0.95462904
4929.6000 0.92422121
4929.6500 0.91882793
4929.7000 0.9239238
4929.7500 0.92901968
4929.8000 0.93411555
4929.8500 0.94629983
4929.9000 0.9591717
4929.9500 0.97204357
4930.0000 0.9834561
4930.0500 0.98416172
4930.1000 0.98486735
4930.1500 0.98557297
4930.2000 0.97650534
4930.2500 0.94756691
4930.3000 0.91862849
4930.3500 0.88969006
4930.4000 0.87970868
4930.4500 0.88582488
4930.5000 0.89194107
4930.5500 0.89805727
4930.6000 0.92254561
4930.6500 0.95305239
4930.7000 0.98355916
4930.7500 1.01406594
4930.8000 0.99878649
4930.8500 0.98194807
4930.9000 0.96510964
4930.9500 0.95006229
4931.0000 0.94305088
4931.0500 0.93603947
4931.1000 0.92902805
4931.1500 0.91694348
4931.2000 0.89721138
4931.2500 0.87747927
4931.3000 0.85774716
4931.3500 0.86400377
4931.4000 0.88641142
4931.4500 0.90881906
4931.5000 0.93122671
4931.5500 0.97075928
4931.6000 1.01365112
4931.6500 1.05654296
4931.7000 1.0947902
4931.7500 1.05569562
4931.8000 1.01660104
4931.8500 0.97750645
4931.9000 0.9509366
4931.9500 0.95678823
4932.0000 0.96263986
4932.0500 0.96849149
4932.1000 0.95840959
4932.1500 0.93252332
4932.2000 0.90663706
4932.2500 0.8807508
4932.3000 0.8659648
4932.3500 0.85535183
4932.4000 0.84473886
4932.4500 0.83412589
4932.5000 0.82974569
4932.5500 0.82567369
4932.6000 0.82160169
4932.6500 0.82038068
4932.7000 0.83211634
4932.7500 0.843852
4932.8000 0.85558766
4932.8500 0.86470207
4932.9000 0.87003187
4932.9500 0.87536167
4933.0000 0.88069147
4933.0500 0.90493719
4933.1000 0.93985079
4933.1500 0.97476439
4933.2000 1.00967798
4933.2500 0.99437501
4933.3000 0.97163309
4933.3500 0.94889117
4933.4000 0.92573305
4933.4500 0.89898596
4933.5000 0.87223888
4933.5500 0.84549179
4933.6000 0.83489717
4933.6500 0.85590617
4933.7000 0.87691516
4933.7500 0.89792416
4933.8000 0.90589035
4933.8500 0.90417301
4933.9000 0.90245567
4933.9500 0.90073833
4934.0000 0.89285321
4934.0500 0.8835303
4934.1000 0.87420738
4934.1500 0.86642706
4934.2000 0.88834883
4934.2500 0.91027059
4934.3000 0.93219236
4934.3500 0.94473201
4934.4000 0.93420749
4934.4500 0.92368296
4934.5000 0.91315843
4934.5500 0.89054723
4934.6000 0.85723118
4934.6500 0.82391512
4934.7000 0.79059907
4934.7500 0.77633842
4934.8000 0.76767866
4934.8500 0.75901891
4934.9000 0.75149502
4934.9500 0.81069563
4935.0000 0.86989625
4935.0500 0.92909687
4935.1000 0.95423993
4935.1500 0.88345305
4935.2000 0.81266616
4935.2500 0.74187928
4935.3000 0.69953378
4935.3500 0.68466279
4935.4000 0.6697918
4935.4500 0.65492081
4935.5000 0.67853868
4935.5500 0.71453468
4935.6000 0.75053068
4935.6500 0.78623565
4935.7000 0.77404955
4935.7500 0.76186345
4935.8000 0.74967735
4935.8500 0.75485345
4935.9000 0.81027835
4935.9500 0.86570326
4936.0000 0.92112816
4936.0500 0.94185614
4936.1000 0.92910395
4936.1500 0.91635177
4936.2000 0.90359958
4936.2500 0.8840497
4936.3000 0.86238163
4936.3500 0.84071356
4936.4000 0.81967577
4936.4500 0.8344412
4936.5000 0.84920664
4936.5500 0.86397208
4936.6000 0.87251738
4936.6500 0.86454406
4936.7000 0.85657073
4936.7500 0.84859741
4936.8000 0.83055152
4936.8500 0.80361522
4936.9000 0.77667891
4936.9500 0.74974261
4937.0000 0.76621664
4937.0500 0.79421852
4937.1000 0.82222041
4937.1500 0.84809118
4937.2000 0.83392502
4937.2500 0.81975887
4937.3000 0.80559271
4937.3500 0.79511979
4937.4000 0.79278011
4937.4500 0.79044043
4937.5000 0.78810075
4937.5500 0.79078498
4937.6000 0.79717635
4937.6500 0.80356772
4937.7000 0.80995909
4937.7500 0.80375055
4937.8000 0.79514035
4937.8500 0.78653014
4937.9000 0.78392821
4937.9500 0.83211773
4938.0000 0.88030724
4938.0500 0.92849676
4938.1000 0.94456921
4938.1500 0.90666107
4938.2000 0.86875293
4938.2500 0.83084479
4938.3000 0.84245005
4938.3500 0.88170664
4938.4000 0.92096323
4938.4500 0.96021982
4938.5000 0.91353226
4938.5500 0.85851703
4938.6000 0.8035018
4938.6500 0.76776597
4938.7000 0.81807633
4938.7500 0.86838669
4938.8000 0.91869705
4938.8500 0.92696102
4938.9000 0.88502517
4938.9500 0.84308931
4939.0000 0.80115345
4939.0500 0.78038906
4939.1000 0.7674574
4939.1500 0.75452574
4939.2000 0.74186197
4939.2500 0.77797531
4939.3000 0.81408865
4939.3500 0.85020199
4939.4000 0.88149141
4939.4500 0.90052035
4939.5000 0.91954928
4939.5500 0.93857821
4939.6000 0.93790708
4939.6500 0.9217971
4939.7000 0.90568713
4939.7500 0.88957715
4939.8000 0.87416113
4939.8500 0.858877
4939.9000 0.84359288
4939.9500 0.82981701
4940.0000 0.82696449
4940.0500 0.82411196
4940.1000 0.82125944
4940.1500 0.81868678
4940.2000 0.81652743
4940.2500 0.81436808
4940.3000 0.81220874
4940.3500 0.83744479
4940.4000 0.87513121
4940.4500 0.91281762
4940.5000 0.95050403
4940.5500 0.90363343
4940.6000 0.85439083
4940.6500 0.80514824
4940.7000 0.77543687
4940.7500 0.80152523
4940.8000 0.82761359
4940.8500 0.85370194
4940.9000 0.837088
4940.9500 0.78514035
4941.0000 0.7331927
4941.0500 0.68124506
4941.1000 0.72076068
4941.1500 0.77814884
4941.2000 0.835537
4941.2500 0.88313257
4941.3000 0.86355939
4941.3500 0.8439862
4941.4000 0.82441302
4941.4500 0.8155268
4941.5000 0.82143954
4941.5500 0.82735229
4941.6000 0.83326504
4941.6500 0.84032867
4941.7000 0.84785601
4941.7500 0.85538336
4941.8000 0.86249753
4941.8500 0.81603999
4941.9000 0.76958244
4941.9500 0.7231249
4942.0000 0.68708552
4942.0500 0.67491046
4942.1000 0.6627354
4942.1500 0.65056034
4942.2000 0.66421956
4942.2500 0.69499326
4942.3000 0.72576695
4942.3500 0.75654064
4942.4000 0.75073268
4942.4500 0.74088362
4942.5000 0.73103457
4942.5500 0.72419875
4942.6000 0.72934737
4942.6500 0.734496
4942.7000 0.73964462
4942.7500 0.76918246
4942.8000 0.82284845
4942.8500 0.87651445
4942.9000 0.93018044
4942.9500 0.91098692
4943.0000 0.87424
4943.0500 0.83749308
4943.1000 0.79822387
4943.1500 0.73863049
4943.2000 0.6790371
4943.2500 0.61944372
4943.3000 0.61818373
4943.3500 0.69870158
4943.4000 0.77921942
4943.4500 0.85973727
4943.5000 0.89643492
4943.5500 0.91639901
4943.6000 0.9363631
4943.6500 0.95626783
4943.7000 0.97439764
4943.7500 0.99252745
4943.8000 1.01065725
4943.8500 1.00019288
4943.9000 0.93482676
4943.9500 0.86946065
4944.0000 0.80409454
4944.0500 0.79290957
4944.1000 0.81039615
4944.1500 0.82788274
4944.2000 0.84536933
4944.2500 0.82639449
4944.3000 0.80616821
4944.3500 0.78594193
4944.4000 0.78900664
4944.4500 0.85164388
4944.5000 0.91428112
4944.5500 0.97691836
4944.6000 0.95509161
4944.6500 0.87618293
4944.7000 0.79727424
4944.7500 0.71836556
4944.8000 0.7589515
4944.8500 0.8108149
4944.9000 0.86267831
4944.9500 0.90310296
4945.0000 0.90570162
4945.0500 0.90830027
4945.1000 0.91089892
4945.1500 0.90434156
4945.2000 0.89035341
4945.2500 0.87636526
4945.3000 0.8623771
4945.3500 0.8014191
4945.4000 0.73364125
4945.4500 0.66586339
4945.5000 0.63376098
4945.5500 0.74817754
4945.6000 0.8625941
4945.6500 0.97701066
4945.7000 1.00847053
4945.7500 0.96329289
4945.8000 0.91811525
4945.8500 0.87293761
4945.9000 0.84694754
4945.9500 0.82447233
4946.0000 0.80199713
4946.0500 0.78327616
4946.1000 0.78263455
4946.1500 0.78199294
4946.2000 0.78135133
4946.2500 0.77517336
4946.3000 0.76346147
4946.3500 0.75174957
4946.4000 0.74003767
4946.4500 0.74066561
4946.5000 0.743827
4946.5500 0.74698839
4946.6000 0.74474042
4946.6500 0.71422196
4946.7000 0.6837035
4946.7500 0.65318503
4946.8000 0.65664224
4946.8500 0.69504682
4946.9000 0.7334514
4946.9500 0.77185598
4947.0000 0.78024826
4947.0500 0.7823484
4947.1000 0.78444853
4947.1500 0.78277306
4947.2000 0.76153967
4947.2500 0.74030629
4947.3000 0.7190729
4947.3500 0.70484879
4947.4000 0.69768089
4947.4500 0.69051299
4947.5000 0.6833451
4947.5500 0.67081848
4947.6000 0.6572425
4947.6500 0.64366653
4947.7000 0.63912976
4947.7500 0.67704305
4947.8000 0.71495634
4947.8500 0.75286963
4947.9000 0.77222378
4947.9500 0.77418783
4948.0000 0.77615188
4948.0500 0.77811593
4948.1000 0.78145134
4948.1500 0.78501305
4948.2000 0.78857476
4948.2500 0.79350398
4948.3000 0.80384046
4948.3500 0.81417694
4948.4000 0.82451343
4948.4500 0.79887179
4948.5000 0.74340413
4948.5500 0.68793647
4948.6000 0.63246881
4948.6500 0.70288942
4948.7000 0.78838886
4948.7500 0.87388831
4948.8000 0.9492324
4948.8500 0.99254391
4948.9000 1.03585541
4948.9500 1.07916692
4949.0000 1.04572557
4949.0500 0.95890301
4949.1000 0.87208044
4949.1500 0.78525787
4949.2000 0.84762312
4949.2500 0.91946426
4949.3000 0.9913054
4949.3500 1.01554951
4949.4000 0.92447256
4949.4500 0.83339561
4949.5000 0.74231867
4949.5500 0.74397641
4949.6000 0.79657893
4949.6500 0.84918146
4949.7000 0.90178053
4949.7500 0.91996369
4949.8000 0.93814684
4949.8500 0.95632999
4949.9000 0.94490684
4949.9500 0.87996631
4950.0000 0.81502579
4950.0500 0.75008526
4950.1000 0.70317855
4950.1500 0.66350812
4950.2000 0.6238377
4950.2500 0.58915115
4950.3000 0.61821227
4950.3500 0.64727339
4950.4000 0.67633452
4950.4500 0.70052746
4950.5000 0.71834003
4950.5500 0.73615259
4950.6000 0.75396516
4950.6500 0.78680731
4950.7000 0.82353805
4950.7500 0.86026879
4950.8000 0.88922916
4950.8500 0.87663126
4950.9000 0.86403337
4950.9500 0.85143547
4951.0000 0.85056006
4951.0500 0.86041932
4951.1000 0.87027858
4951.1500 0.88013784
4951.2000 0.84691961
4951.2500 0.80826087
4951.3000 0.76960212
4951.3500 0.7610928
4951.4000 0.84060215
4951.4500 0.92011151
4951.5000 0.99962086
4951.5500 1.03141452
4951.6000 1.03443383
4951.6500 1.03745314
4951.7000 1.04047246
4951.7500 0.87850374
4951.8000 0.7155214
4951.8500 0.55253905
4951.9000 0.50562269
4951.9500 0.66030347
4952.0000 0.81498426
4952.0500 0.96966504
4952.1000 0.9176534
4952.1500 0.79236098
4952.2000 0.66706856
4952.2500 0.55738524
4952.3000 0.5707854
4952.3500 0.58418556
4952.4000 0.59758573
4952.4500 0.64080137
4952.5000 0.71526945
4952.5500 0.78973753
4952.6000 0.8642056
4952.6500 0.89698203
4952.7000 0.92327001
4952.7500 0.94955798
4952.8000 0.95862208
4952.8500 0.91427049
4952.9000 0.8699189
4952.9500 0.82556731
4953.0000 0.78982476
4953.0500 0.75927565
4953.1000 0.72872653
4953.1500 0.69831497
4953.2000 0.69506212
4953.2500 0.69180928
4953.3000 0.68855644
4953.3500 0.70877038
4953.4000 0.76603758
4953.4500 0.82330478
4953.5000 0.88057197
4953.5500 0.84092114
4953.6000 0.77262593
4953.6500 0.70433071
4953.7000 0.66241478
4953.7500 0.7617172
4953.8000 0.86101962
4953.8500 0.96032203
4953.9000 0.96168022
4953.9500 0.88104657
4954.0000 0.80041292
4954.0500 0.71977928
4954.1000 0.75783864
4954.1500 0.80446705
4954.2000 0.85109546
4954.2500 0.86063868
4954.3000 0.79224267
4954.3500 0.72384665
4954.4000 0.65545063
4954.4500 0.64398232
4954.5000 0.6553657
4954.5500 0.66674909
4954.6000 0.68477179
4954.6500 0.75871691
4954.7000 0.83266204
4954.7500 0.90660716
4954.8000 0.95501139
4954.8500 0.9778842
4954.9000 1.00075701
4954.9500 1.02362982
4955.0000 0.90481516
4955.0500 0.76946096
4955.1000 0.63410676
4955.1500 0.57264098
4955.2000 0.69010836
4955.2500 0.80757575
4955.3000 0.92504314
4955.3500 0.91878606
4955.4000 0.85705947
4955.4500 0.79533288
4955.5000 0.73043306
4955.5500 0.63346959
4955.6000 0.53650611
4955.6500 0.43954264
4955.7000 0.43899379
4955.7500 0.53836686
4955.8000 0.63773993
4955.8500 0.73711301
4955.9000 0.77923302
4955.9500 0.81452824
4956.0000 0.84982347
4956.0500 0.86742216
4956.1000 0.84319862
4956.1500 0.81897507
4956.2000 0.79475153
4956.2500 0.81056961
4956.3000 0.84333893
4956.3500 0.87610825
4956.4000 0.89729383
4956.4500 0.82401327
4956.5000 0.7507327
4956.5500 0.67745214
4956.6000 0.67923214
4956.6500 0.75105295
4956.7000 0.82287375
4956.7500 0.89469456
4956.8000 0.9432258
4956.8500 0.98991699
4956.9000 1.03660818
4956.9500 1.01795896
4957.0000 0.87114633
4957.0500 0.7243337
4957.1000 0.57752107
4957.1500 0.53536402
4957.2000 0.52809685
4957.2500 0.52082968
4957.3000 0.53280308
4957.3500 0.64307679
4957.4000 0.75335049
4957.4500 0.8636242
4957.5000 0.87239701
4957.5500 0.80731353
4957.6000 0.74223006
4957.6500 0.67714658
4957.7000 0.68791801
4957.7500 0.6990424
4957.8000 0.71016679
4957.8500 0.72624968
4957.9000 0.74937062
4957.9500 0.77249155
4958.0000 0.79561249
4958.0500 0.82992015
4958.1000 0.86647538
4958.1500 0.9030306
4958.2000 0.92278581
4958.2500 0.89306552
4958.3000 0.86334524
4958.3500 0.83362495
4958.4000 0.74486669
4958.4500 0.62777205
4958.5000 0.51067741
4958.5500 0.40822777
4958.6000 0.43860374
4958.6500 0.46897972
4958.7000 0.4993557
4958.7500 0.4817783
4958.8000 0.42069979
4958.8500 0.35962127
4958.9000 0.29854276
4958.9500 0.33934352
4959.0000 0.38541713
4959.0500 0.43149075
4959.1000 0.47327236
4959.1500 0.50801116
4959.2000 0.54274996
4959.2500 0.57748876
4959.3000 0.67982845
4959.3500 0.79823799
4959.4000 0.91664753
4959.4500 0.97949682
4959.5000 0.86508513
4959.5500 0.75067345
4959.6000 0.63626177
4959.6500 0.6515569
4959.7000 0.73051923
4959.7500 0.80948157
4959.8000 0.86160994
4959.8500 0.6832732
4959.9000 0.50493647
4959.9500 0.32659974
4960.0000 0.31937271
4960.0500 0.45835015
4960.1000 0.59732759
4960.1500 0.73630503
4960.2000 0.6768876
4960.2500 0.61251141
4960.3000 0.54813523
4960.3500 0.50753115
4960.4000 0.50065814
4960.4500 0.49378513
4960.5000 0.48691212
4960.5500 0.55156782
4960.6000 0.62858821
4960.6500 0.70560859
4960.7000 0.77739974
4960.7500 0.83658768
4960.8000 0.89577562
4960.8500 0.95496356
4960.9000 0.896806
4960.9500 0.79640349
4961.0000 0.69600098
4961.0500 0.60689775
4961.1000 0.56970449
4961.1500 0.53251124
4961.2000 0.49531798
4961.2500 0.50144243
4961.3000 0.53370764
4961.3500 0.56597284
4961.4000 0.58960959
4961.4500 0.49853901
4961.5000 0.40746843
4961.5500 0.31639785
4961.6000 0.31376457
4961.6500 0.39352458
4961.7000 0.47328459
4961.7500 0.5530446
4961.8000 0.53680682
4961.8500 0.51727685
4961.9000 0.49774689
4961.9500 0.45404501
4962.0000 0.37660676
4962.0500 0.29916851
4962.1000 0.22173026
4962.1500 0.43795668
4962.2000 0.69829157
4962.2500 0.95862646
4962.3000 1.12214074
4962.3500 1.08256652
4962.4000 1.04299229
4962.4500 1.00341807
4962.5000 1.01427008
4962.5500 1.03953812
4962.6000 1.06480617
4962.6500 1.07804645
4962.7000 1.05190075
4962.7500 1.02575504
4962.8000 0.99960934
4962.8500 0.80267643
4962.9000 0.52959626
4962.9500 0.25651609
4963.0000 0.07266449
4963.0500 0.39151117
4963.1000 0.71035784
4963.1500 1.02920452
4963.2000 1.18336147
4963.2500 1.23279023
4963.3000 1.28221898
4963.3500 1.31972819
4963.4000 1.206414
4963.4500 1.09309981
4963.5000 0.97978562
4963.5500 0.92680208
4963.6000 0.92591328
4963.6500 0.92502448
4963.7000 0.92408224
4963.7500 0.88609398
4963.8000 0.84810573
4963.8500 0.81011747
4963.9000 0.89739932
4963.9500 1.12726647
4964.0000 1.35713362
4964.0500 1.58700077
4964.1000 1.37450483
4964.1500 1.13142927
4964.2000 0.8883537
4964.2500 0.76972449
4964.3000 0.83435554
4964.3500 0.8989866
4964.4000 0.96361765
4964.4500 0.82297132
4964.5000 0.65298586
4964.5500 0.48300039
4964.6000 0
4964.6500 0
4964.7000 0
4964.7500 0
