5256.0500 2.21086866
5256.1000 2.2233031
5256.1500 2.23573753
5256.2000 2.24817196
5256.2500 2.21278127
5256.3000 2.06760056
5256.3500 1.92241986
5256.4000 1.77723915
5256.4500 1.63205845
5256.5000 1.54531283
5256.5500 1.5949988
5256.6000 1.64468477
5256.6500 1.69437074
5256.7000 1.74405671
5256.7500 1.78351704
5256.8000 1.79883559
5256.8500 1.81415414
5256.9000 1.82947269
5256.9500 1.84479124
5257.0000 1.84179551
5257.0500 1.79533135
5257.1000 1.74886719
5257.1500 1.70240303
5257.2000 1.65593887
5257.2500 1.66139576
5257.3000 1.79001679
5257.3500 1.91863781
5257.4000 2.04725884
5257.4500 2.17587987
5257.5000 2.22458225
5257.5500 2.0849209
5257.6000 1.94525955
5257.6500 1.8055982
5257.7000 1.66593685
5257.7500 1.61055022
5257.8000 1.75137546
5257.8500 1.89220069
5257.9000 2.03302593
5257.9500 2.17385117
5258.0000 2.24380457
5258.0500 2.15169391
5258.1000 2.05958324
5258.1500 1.96747258
5258.2000 1.87536191
5258.2500 1.77502238
5258.3000 1.65630496
5258.3500 1.53758754
5258.4000 1.41887013
5258.4500 1.30015271
5258.5000 1.2607181
5258.5500 1.39327089
5258.6000 1.52582369
5258.6500 1.65837648
5258.7000 1.79092928
5258.7500 1.89801581
5258.8000 1.95172737
5258.8500 2.00543892
5258.9000 2.05915047
5258.9500 2.11286202
5259.0000 2.14583514
5259.0500 2.13702772
5259.1000 2.1282203
5259.1500 2.11941288
5259.2000 2.11060546
5259.2500 2.06699327
5259.3000 1.95631344
5259.3500 1.84563361
5259.4000 1.73495377
5259.4500 1.62427394
5259.5000 1.56717725
5259.5500 1.60836988
5259.6000 1.64956251
5259.6500 1.69075514
5259.7000 1.73194777
5259.7500 1.77646367
5259.8000 1.82675581
5259.8500 1.87704796
5259.9000 1.9273401
5259.9500 1.97763225
5260.0000 1.9691923
5260.0500 1.8644528
5260.1000 1.75971331
5260.1500 1.65497381
5260.2000 1.55023431
5260.2500 1.51044512
5260.3000 1.57068099
5260.3500 1.63091686
5260.4000 1.69115273
5260.4500 1.75138859
5260.5000 1.80926085
5260.5500 1.8637288
5260.6000 1.91819674
5260.6500 1.97266469
5260.7000 2.02713264
5260.7500 2.01447297
5260.8000 1.91177283
5260.8500 1.8090727
5260.9000 1.70637256
5260.9500 1.60367243
5261.0000 1.60089335
5261.0500 1.72240204
5261.1000 1.84391073
5261.1500 1.96541942
5261.2000 2.08692811
5261.2500 2.09694296
5261.3000 1.97891028
5261.3500 1.86087759
5261.4000 1.74284491
5261.4500 1.62481223
5261.5000 1.52648287
5261.5500 1.44895312
5261.6000 1.37142337
5261.6500 1.29389362
5261.7000 1.21636387
5261.7500 1.20934547
5261.8000 1.27042102
5261.8500 1.33149657
5261.9000 1.39257212
5261.9500 1.45364767
5262.0000 1.51174354
5262.0500 1.56722039
5262.1000 1.62269724
5262.1500 1.67817408
5262.2000 1.73365093
5262.2500 1.77503028
5262.3000 1.8051943
5262.3500 1.83535832
5262.4000 1.86552234
5262.4500 1.89568637
5262.5000 1.90099122
5262.5500 1.88850705
5262.6000 1.87602289
5262.6500 1.86353872
5262.7000 1.85105456
5262.7500 1.76964163
5262.8000 1.64417485
5262.8500 1.51870807
5262.9000 1.3932413
5262.9500 1.26777452
5263.0000 1.32122606
5263.0500 1.47597022
5263.1000 1.63071439
5263.1500 1.78545855
5263.2000 1.94020271
5263.2500 2.16154106
5263.3000 2.41595031
5263.3500 2.67035956
5263.4000 2.92476881
5263.4500 3.17917806
5263.5000 3.01135603
5263.5500 2.66178696
5263.6000 2.31221789
5263.6500 1.96264882
5263.7000 1.61307975
5263.7500 1.54063029
5263.8000 1.57004116
5263.8500 1.59945203
5263.9000 1.6288629
5263.9500 1.65827377
5264.0000 1.61181659
5264.0500 1.54200226
5264.1000 1.47218793
5264.1500 1.4023736
5264.2000 1.33255927
5264.2500 1.42169176
5264.3000 1.55075415
5264.3500 1.67981655
5264.4000 1.80887894
5264.4500 1.93794134
5264.5000 1.84581733
5264.5500 1.71001125
5264.6000 1.57420517
5264.6500 1.43839909
5264.7000 1.30259301
5264.7500 1.27314816
5264.8000 1.25929122
5264.8500 1.24543428
5264.9000 1.23157734
5264.9500 1.2177204
5265.0000 1.32174052
5265.0500 1.43734571
5265.1000 1.55295091
5265.1500 1.6685561
5265.2000 1.7841613
5265.2500 1.7100616
5265.3000 1.62599657
5265.3500 1.54193155
5265.4000 1.45786652
5265.4500 1.3738015
5265.5000 1.35860955
5265.5500 1.34404944
5265.6000 1.32948934
5265.6500 1.31492923
5265.7000 1.30415077
5265.7500 1.40429333
5265.8000 1.50443589
5265.8500 1.60457845
5265.9000 1.704721
5265.9500 1.79076612
5266.0000 1.70607442
5266.0500 1.62138271
5266.1000 1.53669101
5266.1500 1.4519993
5266.2000 1.35560206
5266.2500 1.17402208
5266.3000 0.99244209
5266.3500 0.8108621
5266.4000 0.62928211
5266.4500 0.50467682
5266.5000 0.66507862
5266.5500 0.82548043
5266.6000 0.98588223
5266.6500 1.14628403
5266.7000 1.27947434
5266.7500 1.31250042
5266.8000 1.3455265
5266.8500 1.37855258
5266.9000 1.41157866
5266.9500 1.44452128
5267.0000 1.47722871
5267.0500 1.50993614
5267.1000 1.54264356
5267.1500 1.57535099
5267.2000 1.59497559
5267.2500 1.5856733
5267.3000 1.57637102
5267.3500 1.56706873
5267.4000 1.55776645
5267.4500 1.52758566
5267.5000 1.46063774
5267.5500 1.39368982
5267.6000 1.3267419
5267.6500 1.25979399
5267.7000 1.26369609
5267.7500 1.36780282
5267.8000 1.47190955
5267.8500 1.57601629
5267.9000 1.68012302
5267.9500 1.70986394
5268.0000 1.65488213
5268.0500 1.59990032
5268.1000 1.54491851
5268.1500 1.4899367
5268.2000 1.47214351
5268.2500 1.4884112
5268.3000 1.50467889
5268.3500 1.52094658
5268.4000 1.53721427
5268.4500 1.56397286
5268.5000 1.59840044
5268.5500 1.63282802
5268.6000 1.66725561
5268.6500 1.70168319
5268.7000 1.68206907
5268.7500 1.63135003
5268.8000 1.58063098
5268.8500 1.52991194
5268.9000 1.4791929
5268.9500 1.49964526
5269.0000 1.55163683
5269.0500 1.60362841
5269.1000 1.65561998
5269.1500 1.70761155
5269.2000 1.72093543
5269.2500 1.72153596
5269.3000 1.72213649
5269.3500 1.72273702
5269.4000 1.72333755
5269.4500 1.67269183
5269.5000 1.61027116
5269.5500 1.54785049
5269.6000 1.48542982
5269.6500 1.42300915
5269.7000 1.43272978
5269.7500 1.45274255
5269.8000 1.47275532
5269.8500 1.4927681
5269.9000 1.51278087
5269.9500 1.62974234
5270.0000 1.75306981
5270.0500 1.87639727
5270.1000 1.99972473
5270.1500 2.12245277
5270.2000 2.03684981
5270.2500 1.95124685
5270.3000 1.86564389
5270.3500 1.78004093
5270.4000 1.69506725
5270.4500 1.61863667
5270.5000 1.54220609
5270.5500 1.4657755
5270.6000 1.38934492
5270.6500 1.3283129
5270.7000 1.36544619
5270.7500 1.40257949
5270.8000 1.43971279
5270.8500 1.47684608
5270.9000 1.5056847
5270.9500 1.50212449
5271.0000 1.49856427
5271.0500 1.49500406
5271.1000 1.49144385
5271.1500 1.46746684
5271.2000 1.3892085
5271.2500 1.31095017
5271.3000 1.23269183
5271.3500 1.15443349
5271.4000 1.11495485
5271.4500 1.14940609
5271.5000 1.18385733
5271.5500 1.21830858
5271.6000 1.25275982
5271.6500 1.30161836
5271.7000 1.37069722
5271.7500 1.43977609
5271.8000 1.50885496
5271.8500 1.57793382
5271.9000 1.5922537
5271.9500 1.54942261
5272.0000 1.50659153
5272.0500 1.46376045
5272.1000 1.42092936
5272.1500 1.42055309
5272.2000 1.45302104
5272.2500 1.48548899
5272.3000 1.51795693
5272.3500 1.55042488
5272.4000 1.55667447
5272.4500 1.54814893
5272.5000 1.53962338
5272.5500 1.53109784
5272.6000 1.52257229
5272.6500 1.49841532
5272.7000 1.468076
5272.7500 1.43773669
5272.8000 1.40739738
5272.8500 1.37705806
5272.9000 1.37618085
5272.9500 1.38290763
5273.0000 1.38963442
5273.0500 1.3963612
5273.1000 1.40308799
5273.1500 1.37258678
5273.2000 1.3367369
5273.2500 1.30088702
5273.3000 1.26503714
5273.3500 1.22918726
5273.4000 1.24432073
5273.4500 1.2618479
5273.5000 1.27937507
5273.5500 1.29690224
5273.6000 1.31304141
5273.6500 1.29324698
5273.7000 1.27345255
5273.7500 1.25365811
5273.8000 1.23386368
5273.8500 1.22148498
5273.9000 1.26324069
5273.9500 1.3049964
5274.0000 1.34675211
5274.0500 1.38850782
5274.1000 1.43146651
5274.1500 1.47908948
5274.2000 1.52671246
5274.2500 1.57433543
5274.3000 1.6219584
5274.3500 1.65280065
5274.4000 1.64272639
5274.4500 1.63265213
5274.5000 1.62257786
5274.5500 1.6125036
5274.6000 1.59772535
5274.6500 1.57520364
5274.7000 1.55268193
5274.7500 1.53016021
5274.8000 1.5076385
5274.8500 1.47908446
5274.9000 1.4436243
5274.9500 1.40816414
5275.0000 1.37270399
5275.0500 1.33724383
5275.1000 1.33193291
5275.1500 1.35071577
5275.2000 1.36949862
5275.2500 1.38828147
5275.3000 1.40706433
5275.3500 1.37612729
5275.4000 1.31802325
5275.4500 1.25991921
5275.5000 1.20181516
5275.5500 1.14371112
5275.6000 1.18268391
5275.6500 1.25598355
5275.7000 1.3292832
5275.7500 1.40258284
5275.8000 1.47588249
5275.8500 1.46482885
5275.9000 1.43675865
5275.9500 1.40868846
5276.0000 1.38061826
5276.0500 1.35254806
5276.1000 1.32262739
5276.1500 1.29256047
5276.2000 1.26249355
5276.2500 1.23242664
5276.3000 1.20416086
5276.3500 1.25361351
5276.4000 1.30306616
5276.4500 1.35251881
5276.5000 1.40197146
5276.5500 1.44560641
5276.6000 1.44649795
5276.6500 1.44738948
5276.7000 1.44828102
5276.7500 1.44917255
5276.8000 1.43544548
5276.8500 1.3693454
5276.9000 1.30324532
5276.9500 1.23714524
5277.0000 1.17104516
5277.0500 1.15115699
5277.1000 1.23042642
5277.1500 1.30969585
5277.2000 1.38896529
5277.2500 1.46823472
5277.3000 1.51308281
5277.3500 1.51016843
5277.4000 1.50725405
5277.4500 1.50433968
5277.5000 1.5014253
5277.5500 1.48733681
5277.6000 1.4629766
5277.6500 1.43861639
5277.7000 1.41425617
5277.7500 1.38989596
5277.8000 1.3430961
5277.8500 1.28280419
5277.9000 1.22251227
5277.9500 1.16222035
5278.0000 1.10192844
5278.0500 1.14238214
5278.1000 1.22024122
5278.1500 1.29810029
5278.2000 1.37595936
5278.2500 1.45381844
5278.3000 1.43843074
5278.3500 1.40464953
5278.4000 1.37086831
5278.4500 1.3370871
5278.5000 1.30330589
5278.5500 1.36601339
5278.6000 1.43460646
5278.6500 1.50319952
5278.7000 1.57179259
5278.7500 1.63180659
5278.8000 1.5323212
5278.8500 1.43283582
5278.9000 1.33335044
5278.9500 1.23386506
5279.0000 1.15497727
5279.0500 1.1835531
5279.1000 1.21212893
5279.1500 1.24070476
5279.2000 1.26928059
5279.2500 1.29665931
5279.3000 1.32083251
5279.3500 1.34500571
5279.4000 1.3691789
5279.4500 1.3933521
5279.5000 1.4173764
5279.5500 1.44116209
5279.6000 1.46494778
5279.6500 1.48873347
5279.7000 1.51251916
5279.7500 1.50897806
5279.8000 1.47787386
5279.8500 1.44676965
5279.9000 1.41566545
5279.9500 1.38456125
5280.0000 1.45192894
5280.0500 1.58153755
5280.1000 1.71114616
5280.1500 1.84075476
5280.2000 1.97036337
5280.2500 1.93764665
5280.3000 1.84454438
5280.3500 1.75144211
5280.4000 1.65833984
5280.4500 1.56523757
5280.5000 1.55104159
5280.5500 1.55117912
5280.6000 1.55131666
5280.6500 1.55145419
5280.7000 1.55159172
5280.7500 1.48869056
5280.8000 1.42349992
5280.8500 1.35830929
5280.9000 1.29311866
5280.9500 1.23577833
5281.0000 1.2630458
5281.0500 1.29031327
5281.1000 1.31758074
5281.1500 1.34484821
5281.2000 1.37436734
5281.2500 1.41255826
5281.3000 1.45074918
5281.3500 1.4889401
5281.4000 1.52713102
5281.4500 1.54086273
5281.5000 1.50462484
5281.5500 1.46838695
5281.6000 1.43214906
5281.6500 1.39591117
5281.7000 1.38248478
5281.7500 1.39667096
5281.8000 1.41085714
5281.8500 1.42504332
5281.9000 1.4392295
5281.9500 1.42274616
5282.0000 1.3838188
5282.0500 1.34489143
5282.1000 1.30596407
5282.1500 1.2670367
5282.2000 1.28576643
5282.2500 1.32876787
5282.3000 1.3717693
5282.3500 1.41477074
5282.4000 1.45777217
5282.4500 1.43961299
5282.5000 1.40904509
5282.5500 1.37847719
5282.6000 1.3479093
5282.6500 1.3173414
5282.7000 1.31957291
5282.7500 1.32316417
5282.8000 1.32675543
5282.8500 1.33034669
5282.9000 1.32859193
5282.9500 1.27299937
5283.0000 1.2174068
5283.0500 1.16181424
5283.1000 1.10622167
5283.1500 1.0827024
5283.2000 1.17175397
5283.2500 1.26080553
5283.3000 1.34985709
5283.3500 1.43890865
5283.4000 1.49437091
5283.4500 1.48865123
5283.5000 1.48293156
5283.5500 1.47721189
5283.6000 1.47149221
5283.6500 1.4719845
5283.7000 1.47898416
5283.7500 1.48598383
5283.8000 1.4929835
5283.8500 1.49998317
5283.9000 1.50575094
5283.9500 1.51077521
5284.0000 1.51579948
5284.0500 1.52082375
5284.1000 1.52584802
5284.1500 1.51130047
5284.2000 1.49057707
5284.2500 1.46985367
5284.3000 1.44913027
5284.3500 1.42840688
5284.4000 1.4202656
5284.4500 1.41355454
5284.5000 1.40684347
5284.5500 1.40013241
5284.6000 1.39415854
5284.6500 1.40737061
5284.7000 1.42058268
5284.7500 1.43379475
5284.8000 1.44700682
5284.8500 1.45729656
5284.9000 1.45403089
5284.9500 1.45076522
5285.0000 1.44749955
5285.0500 1.44423388
5285.1000 1.43409824
5285.1500 1.40929509
5285.2000 1.38449194
5285.2500 1.35968879
5285.3000 1.33488564
5285.3500 1.3241501
5285.4000 1.32980399
5285.4500 1.33545787
5285.5000 1.34111176
5285.5500 1.34676565
5285.6000 1.33407764
5285.6500 1.30946786
5285.7000 1.28485808
5285.7500 1.26024829
5285.8000 1.23563851
5285.8500 1.25245634
5285.9000 1.28297048
5285.9500 1.31348463
5286.0000 1.34399877
5286.0500 1.37451292
5286.1000 1.37062307
5286.1500 1.36283748
5286.2000 1.35505189
5286.2500 1.34726629
5286.3000 1.34109801
5286.3500 1.36823556
5286.4000 1.39537312
5286.4500 1.42251067
5286.5000 1.44964822
5286.5500 1.4652831
5286.6000 1.43361958
5286.6500 1.40195606
5286.7000 1.37029253
5286.7500 1.33862901
5286.8000 1.30432605
5286.8500 1.26503874
5286.9000 1.22575144
5286.9500 1.18646413
5287.0000 1.14717683
5287.0500 1.15681582
5287.1000 1.21575718
5287.1500 1.27469855
5287.2000 1.33363991
5287.2500 1.39258128
5287.3000 1.44257212
5287.3500 1.48776972
5287.4000 1.53296732
5287.4500 1.57816492
5287.5000 1.62336252
5287.5500 1.60388842
5287.6000 1.56881662
5287.6500 1.53374482
5287.7000 1.49867302
5287.7500 1.46360121
5287.8000 1.44988863
5287.8500 1.43703343
5287.9000 1.42417823
5287.9500 1.41132304
5288.0000 1.40069833
5288.0500 1.40667909
5288.1000 1.41265985
5288.1500 1.41864061
5288.2000 1.42462137
5288.2500 1.43203109
5288.3000 1.44317599
5288.3500 1.45432088
5288.4000 1.46546577
5288.4500 1.47661066
5288.5000 1.49084362
5288.5500 1.50906655
5288.6000 1.52728947
5288.6500 1.5455124
5288.7000 1.56373532
5288.7500 1.54748867
5288.8000 1.50798851
5288.8500 1.46848835
5288.9000 1.42898818
5288.9500 1.38948802
5289.0000 1.39312003
5289.0500 1.41042466
5289.1000 1.42772929
5289.1500 1.44503392
5289.2000 1.46233855
5289.2500 1.49013542
5289.3000 1.51881076
5289.3500 1.5474861
5289.4000 1.57616145
5289.4500 1.60303668
5289.5000 1.61113183
5289.5500 1.61922698
5289.6000 1.62732213
5289.6500 1.63541728
5289.7000 1.63542683
5289.7500 1.61162369
5289.8000 1.58782055
5289.8500 1.56401741
5289.9000 1.54021427
5289.9500 1.52291351
5290.0000 1.51456344
5290.0500 1.50621337
5290.1000 1.4978633
5290.1500 1.48951323
5290.2000 1.48284026
5290.2500 1.47733577
5290.3000 1.47183128
5290.3500 1.46632679
5290.4000 1.4608223
5290.4500 1.46154535
5290.5000 1.46424309
5290.5500 1.46694082
5290.6000 1.46963856
5290.6500 1.47233629
5290.7000 1.43953867
5290.7500 1.40408652
5290.8000 1.36863437
5290.8500 1.33318222
5290.9000 1.30314952
5290.9500 1.32037635
5291.0000 1.33760319
5291.0500 1.35483003
5291.1000 1.37205686
5291.1500 1.38251256
5291.2000 1.37526177
5291.2500 1.36801099
5291.3000 1.36076021
5291.3500 1.35350942
5291.4000 1.36157813
5291.4500 1.38824513
5291.5000 1.41491213
5291.5500 1.44157913
5291.6000 1.46824613
5291.6500 1.45326573
5291.7000 1.41361488
5291.7500 1.37396404
5291.8000 1.33431319
5291.8500 1.29466235
5291.9000 1.32907856
5291.9500 1.38136568
5292.0000 1.43365279
5292.0500 1.4859399
5292.1000 1.53822701
5292.1500 1.53474201
5292.2000 1.53038098
5292.2500 1.52601996
5292.3000 1.52165893
5292.3500 1.52049645
5292.4000 1.53555064
5292.4500 1.55060483
5292.5000 1.56565903
5292.5500 1.58071322
5292.6000 1.58434291
5292.6500 1.56640175
5292.7000 1.5484606
5292.7500 1.53051944
5292.8000 1.51257829
5292.8500 1.48865386
5292.9000 1.45940306
5292.9500 1.43015225
5293.0000 1.40090145
5293.0500 1.37165064
5293.1000 1.38800054
5293.1500 1.42269404
5293.2000 1.45738754
5293.2500 1.49208104
5293.3000 1.52677454
5293.3500 1.51491806
5293.4000 1.49780395
5293.4500 1.48068984
5293.5000 1.46357573
5293.5500 1.44471717
5293.6000 1.40712734
5293.6500 1.36953752
5293.7000 1.3319477
5293.7500 1.29435788
5293.8000 1.28862547
5293.8500 1.3676562
5293.9000 1.44668693
5293.9500 1.52571765
5294.0000 1.60474838
5294.0500 1.60915798
5294.1000 1.52682592
5294.1500 1.44449386
5294.2000 1.3621618
5294.2500 1.27982974
5294.3000 1.27546267
5294.3500 1.31252359
5294.4000 1.34958451
5294.4500 1.38664543
5294.5000 1.42370634
5294.5500 1.42448068
5294.6000 1.41859264
5294.6500 1.4127046
5294.7000 1.40681656
5294.7500 1.40179033
5294.8000 1.41855754
5294.8500 1.43532474
5294.9000 1.45209194
5294.9500 1.46885915
5295.0000 1.47786932
5295.0500 1.46127308
5295.1000 1.44467685
5295.1500 1.42808061
5295.2000 1.41148437
5295.2500 1.40859472
5295.3000 1.42400375
5295.3500 1.43941278
5295.4000 1.45482181
5295.4500 1.47023084
5295.5000 1.47417039
5295.5500 1.47123762
5295.6000 1.46830485
5295.6500 1.46537207
5295.7000 1.4624393
5295.7500 1.46373643
5295.8000 1.46593906
5295.8500 1.46814168
5295.9000 1.4703443
5295.9500 1.47130674
5296.0000 1.42036172
5296.0500 1.3694167
5296.1000 1.31847168
5296.1500 1.26752667
5296.2000 1.22741189
5296.2500 1.224753
5296.3000 1.22209412
5296.3500 1.21943523
5296.4000 1.21677634
5296.4500 1.23261677
5296.5000 1.27332728
5296.5500 1.3140378
5296.6000 1.35474832
5296.6500 1.39545884
5296.7000 1.40460079
5296.7500 1.39521142
5296.8000 1.38582204
5296.8500 1.37643267
5296.9000 1.3670433
5296.9500 1.37207633
5297.0000 1.37995981
5297.0500 1.38784329
5297.1000 1.39572678
5297.1500 1.40383059
5297.2000 1.41706976
5297.2500 1.43030893
5297.3000 1.44354811
5297.3500 1.45678728
5297.4000 1.45644185
5297.4500 1.41503803
5297.5000 1.3736342
5297.5500 1.33223037
5297.6000 1.29082655
5297.6500 1.28316704
5297.7000 1.31554118
5297.7500 1.34791531
5297.8000 1.38028945
5297.8500 1.41266358
5297.9000 1.41821026
5297.9500 1.41039048
5298.0000 1.40257071
5298.0500 1.39475093
5298.1000 1.38693116
5298.1500 1.36271752
5298.2000 1.33624353
5298.2500 1.30976954
5298.3000 1.28329556
5298.3500 1.25992711
5298.4000 1.26738908
5298.4500 1.27485105
5298.5000 1.28231302
5298.5500 1.28977499
5298.6000 1.30336439
5298.6500 1.33088344
5298.7000 1.3584025
5298.7500 1.38592156
5298.8000 1.41344061
5298.8500 1.42792945
5298.9000 1.43042855
5298.9500 1.43292765
5299.0000 1.43542675
5299.0500 1.43792584
5299.1000 1.42069396
5299.1500 1.39643528
5299.2000 1.3721766
5299.2500 1.34791792
5299.3000 1.32365924
5299.3500 1.35014693
5299.4000 1.3790092
5299.4500 1.40787148
5299.5000 1.43673376
5299.5500 1.45446619
5299.6000 1.41955127
5299.6500 1.38463634
5299.7000 1.34972141
5299.7500 1.31480648
5299.8000 1.29607114
5299.8500 1.30211392
5299.9000 1.3081567
5299.9500 1.31419947
5300.0000 1.32024225
5300.0500 1.3111952
5300.1000 1.29277564
5300.1500 1.27435608
5300.2000 1.25593652
5300.2500 1.23751697
5300.3000 1.2509473
5300.3500 1.27044446
5300.4000 1.28994161
5300.4500 1.30943876
5300.5000 1.32835779
5300.5500 1.33888363
5300.6000 1.34940948
5300.6500 1.35993533
5300.7000 1.37046117
5300.7500 1.37676638
5300.8000 1.37274813
5300.8500 1.36872988
5300.9000 1.36471164
5300.9500 1.36069339
5301.0000 1.36340672
5301.0500 1.37240236
5301.1000 1.38139801
5301.1500 1.39039366
5301.2000 1.39938931
5301.2500 1.37340701
5301.3000 1.3354924
5301.3500 1.29757779
5301.4000 1.25966318
5301.4500 1.22174857
5301.5000 1.23520934
5301.5500 1.24997011
5301.6000 1.26473088
5301.6500 1.27949164
5301.7000 1.2938909
5301.7500 1.30689946
5301.8000 1.31990802
5301.8500 1.33291658
5301.9000 1.34592514
5301.9500 1.3455525
5302.0000 1.32805395
5302.0500 1.3105554
5302.1000 1.29305684
5302.1500 1.27555829
5302.2000 1.29102376
5302.2500 1.32256088
5302.3000 1.354098
5302.3500 1.38563512
5302.4000 1.41717224
5302.4500 1.42579416
5302.5000 1.43207142
5302.5500 1.43834868
5302.6000 1.44462594
5302.6500 1.44583342
5302.7000 1.41676263
5302.7500 1.38769184
5302.8000 1.35862104
5302.8500 1.32955025
5302.9000 1.32047608
5302.9500 1.34389209
5303.0000 1.36730811
5303.0500 1.39072412
5303.1000 1.41414014
5303.1500 1.40026412
5303.2000 1.36351783
5303.2500 1.32677155
5303.3000 1.29002527
5303.3500 1.25327898
5303.4000 1.26381855
5303.4500 1.28205293
5303.5000 1.30028731
5303.5500 1.31852169
5303.6000 1.33774698
5303.6500 1.3657394
5303.7000 1.39373182
5303.7500 1.42172424
5303.8000 1.44971666
5303.8500 1.45236685
5303.9000 1.40676829
5303.9500 1.36116972
5304.0000 1.31557116
5304.0500 1.26997259
5304.1000 1.26032474
5304.1500 1.27581491
5304.2000 1.29130508
5304.2500 1.30679525
5304.3000 1.32228542
5304.3500 1.32946402
5304.4000 1.33498768
5304.4500 1.34051134
5304.5000 1.346035
5304.5500 1.35084055
5304.6000 1.34746767
5304.6500 1.34409479
5304.7000 1.34072191
5304.7500 1.33734903
5304.8000 1.34408323
5304.8500 1.37144948
5304.9000 1.39881573
5304.9500 1.42618198
5305.0000 1.45354823
5305.0500 1.44941468
5305.1000 1.42230221
5305.1500 1.39518974
5305.2000 1.36807727
5305.2500 1.3409648
5305.3000 1.33378611
5305.3500 1.33072141
5305.4000 1.32765671
5305.4500 1.32459201
5305.5000 1.3223051
5305.5500 1.3288471
5305.6000 1.33538909
5305.6500 1.34193108
5305.7000 1.34847308
5305.7500 1.3622774
5305.8000 1.39054202
5305.8500 1.41880664
5305.9000 1.44707126
5305.9500 1.47533587
5306.0000 1.47434997
5306.0500 1.45295316
5306.1000 1.43155636
5306.1500 1.41015955
5306.2000 1.38876275
5306.2500 1.37741792
5306.3000 1.367917
5306.3500 1.35841607
5306.4000 1.34891515
5306.4500 1.33886096
5306.5000 1.3239525
5306.5500 1.30904405
5306.6000 1.2941356
5306.6500 1.27922715
5306.7000 1.27857423
5306.7500 1.30315981
5306.8000 1.32774539
5306.8500 1.35233097
5306.9000 1.37691654
5306.9500 1.39072034
5307.0000 1.39794158
5307.0500 1.40516283
5307.1000 1.41238407
5307.1500 1.41960531
5307.2000 1.40723197
5307.2500 1.39224211
5307.3000 1.37725225
5307.3500 1.3622624
5307.4000 1.3503788
5307.4500 1.35684057
5307.5000 1.36330234
5307.5500 1.36976412
5307.6000 1.37622589
5307.6500 1.3851615
5307.7000 1.39767576
5307.7500 1.41019001
5307.8000 1.42270427
5307.8500 1.43521853
5307.9000 1.44238515
5307.9500 1.44696503
5308.0000 1.45154491
5308.0500 1.45612478
5308.1000 1.46070466
5308.1500 1.44951314
5308.2000 1.43732488
5308.2500 1.42513662
5308.3000 1.41294835
5308.3500 1.40363222
5308.4000 1.40522198
5308.4500 1.40681174
5308.5000 1.4084015
5308.5500 1.40999127
5308.6000 1.39828078
5308.6500 1.37202717
5308.7000 1.34577357
5308.7500 1.31951996
5308.8000 1.29326636
5308.8500 1.30221226
5308.9000 1.32300233
5308.9500 1.34379239
5309.0000 1.36458246
5309.0500 1.38509904
5309.1000 1.39228684
5309.1500 1.39947465
5309.2000 1.40666245
5309.2500 1.41385026
5309.3000 1.42000016
5309.3500 1.42364934
5309.4000 1.42729852
5309.4500 1.43094771
5309.5000 1.43459689
5309.5500 1.42680373
5309.6000 1.41030209
5309.6500 1.39380044
5309.7000 1.3772988
5309.7500 1.36079715
5309.8000 1.356553
5309.8500 1.35457979
5309.9000 1.35260657
5309.9500 1.35063336
5310.0000 1.34967371
5310.0500 1.35608585
5310.1000 1.36249799
5310.1500 1.36891014
5310.2000 1.37532228
5310.2500 1.37773062
5310.3000 1.37411776
5310.3500 1.37050491
5310.4000 1.36689206
5310.4500 1.36327921
5310.5000 1.36063717
5310.5500 1.35845362
5310.6000 1.35627006
5310.6500 1.35408651
5310.7000 1.35190295
5310.7500 1.34970672
5310.8000 1.34750996
5310.8500 1.3453132
5310.9000 1.34311644
5310.9500 1.34202775
5311.0000 1.34439308
5311.0500 1.34675841
5311.1000 1.34912374
5311.1500 1.35148907
5311.2000 1.36154099
5311.2500 1.37849978
5311.3000 1.39545857
5311.3500 1.41241736
5311.4000 1.42937615
5311.4500 1.43300628
5311.5000 1.43354788
5311.5500 1.43408948
5311.6000 1.43463108
5311.6500 1.43279793
5311.7000 1.40919629
5311.7500 1.38559464
5311.8000 1.361993
5311.8500 1.33839135
5311.9000 1.33147204
5311.9500 1.3510687
5312.0000 1.37066535
5312.0500 1.390262
5312.1000 1.40985865
5312.1500 1.40455996
5312.2000 1.38729273
5312.2500 1.37002551
5312.3000 1.35275829
5312.3500 1.33549106
5312.4000 1.35824316
5312.4500 1.38241171
5312.5000 1.40658027
5312.5500 1.43074882
5312.6000 1.4416248
5312.6500 1.41419812
5312.7000 1.38677145
5312.7500 1.35934478
5312.8000 1.33191811
5312.8500 1.32223871
5312.9000 1.32703401
5312.9500 1.33182931
5313.0000 1.3366246
5313.0500 1.3414199
5313.1000 1.3641313
5313.1500 1.39012244
5313.2000 1.41611357
5313.2500 1.44210471
5313.3000 1.46379179
5313.3500 1.45927544
5313.4000 1.4547591
5313.4500 1.45024275
5313.5000 1.4457264
5313.5500 1.43139242
5313.6000 1.40447334
5313.6500 1.37755426
5313.7000 1.35063518
5313.7500 1.3237161
5313.8000 1.32065381
5313.8500 1.32611712
5313.9000 1.33158043
5313.9500 1.33704374
5314.0000 1.34319211
5314.0500 1.36740171
5314.1000 1.39161131
5314.1500 1.41582091
5314.2000 1.44003051
5314.2500 1.45488829
5314.3000 1.45140535
5314.3500 1.4479224
5314.4000 1.44443945
5314.4500 1.4409565
5314.5000 1.44925059
5314.5500 1.4641636
5314.6000 1.47907661
5314.6500 1.49398962
5314.7000 1.50890263
5314.7500 1.48935346
5314.8000 1.46776102
5314.8500 1.44616858
5314.9000 1.42457614
5314.9500 1.40489804
5315.0000 1.39098764
5315.0500 1.37707724
5315.1000 1.36316684
5315.1500 1.34925644
5315.2000 1.34161993
5315.2500 1.3389995
5315.3000 1.33637908
5315.3500 1.33375865
5315.4000 1.33113823
5315.4500 1.32327851
5315.5000 1.31459091
5315.5500 1.30590332
5315.6000 1.29721573
5315.6500 1.29255381
5315.7000 1.30717192
5315.7500 1.32179003
5315.8000 1.33640814
5315.8500 1.35102625
5315.9000 1.35601889
5315.9500 1.35071907
5316.0000 1.34541926
5316.0500 1.34011944
5316.1000 1.33481962
5316.1500 1.33805556
5316.2000 1.34349093
5316.2500 1.34892629
5316.3000 1.35436166
5316.3500 1.36309068
5316.4000 1.398932
5316.4500 1.43477333
5316.5000 1.47061466
5316.5500 1.50645599
5316.6000 1.50633044
5316.6500 1.45711679
5316.7000 1.40790313
5316.7500 1.35868948
5316.8000 1.30947583
5316.8500 1.29808074
5316.9000 1.30005967
5316.9500 1.3020386
5317.0000 1.30401753
5317.0500 1.30533093
5317.1000 1.2954206
5317.1500 1.28551028
5317.2000 1.27559995
5317.2500 1.26568962
5317.3000 1.26290804
5317.3500 1.27203078
5317.4000 1.28115353
5317.4500 1.29027627
5317.5000 1.29939901
5317.5500 1.29951025
5317.6000 1.29565665
5317.6500 1.29180306
5317.7000 1.28794946
5317.7500 1.28425475
5317.8000 1.29051489
5317.8500 1.29677503
5317.9000 1.30303517
5317.9500 1.30929532
5318.0000 1.31106053
5318.0500 1.30403414
5318.1000 1.29700775
5318.1500 1.28998136
5318.2000 1.28295498
5318.2500 1.29080114
5318.3000 1.30623241
5318.3500 1.32166367
5318.4000 1.33709494
5318.4500 1.35252621
5318.5000 1.33394661
5318.5500 1.31493768
5318.6000 1.29592876
5318.6500 1.27691983
5318.7000 1.27258256
5318.7500 1.30027421
5318.8000 1.32796586
5318.8500 1.3556575
5318.9000 1.38334915
5318.9500 1.3825345
5319.0000 1.3658335
5319.0500 1.34913249
5319.1000 1.33243149
5319.1500 1.31573048
5319.2000 1.30310359
5319.2500 1.29059638
5319.3000 1.27808916
5319.3500 1.26558195
5319.4000 1.25928039
5319.4500 1.2673129
5319.5000 1.2753454
5319.5500 1.28337791
5319.6000 1.29141042
5319.6500 1.29386828
5319.7000 1.29310996
5319.7500 1.29235164
5319.8000 1.29159332
5319.8500 1.29083499
5319.9000 1.30009033
5319.9500 1.30968199
5320.0000 1.31927365
5320.0500 1.32886531
5320.1000 1.33372548
5320.1500 1.32766106
5320.2000 1.32159663
5320.2500 1.3155322
5320.3000 1.30946778
5320.3500 1.3105478
5320.4000 1.31567682
5320.4500 1.32080584
5320.5000 1.32593486
5320.5500 1.33106388
5320.6000 1.33834409
5320.6500 1.34567792
5320.7000 1.35301176
5320.7500 1.3603456
5320.8000 1.36559513
5320.8500 1.36630017
5320.9000 1.36700521
5320.9500 1.36771025
5321.0000 1.36841529
5321.0500 1.36783929
5321.1000 1.36658715
5321.1500 1.36533502
5321.2000 1.36408288
5321.2500 1.36283074
5321.3000 1.36731061
5321.3500 1.37181356
5321.4000 1.37631651
5321.4500 1.38081946
5321.5000 1.38958215
5321.5500 1.40665834
5321.6000 1.42373454
5321.6500 1.44081073
5321.7000 1.45788692
5321.7500 1.4589551
5321.8000 1.45259179
5321.8500 1.44622848
5321.9000 1.43986517
5321.9500 1.43376377
5322.0000 1.4366045
5322.0500 1.43944523
5322.1000 1.44228596
5322.1500 1.44512668
5322.2000 1.44457541
5322.2500 1.4383784
5322.3000 1.4321814
5322.3500 1.42598439
5322.4000 1.41978739
5322.4500 1.43286456
5322.5000 1.45330679
5322.5500 1.47374901
5322.6000 1.49419124
5322.6500 1.51212588
5322.7000 1.49825997
5322.7500 1.48439405
5322.8000 1.47052814
5322.8500 1.45666223
5322.9000 1.44535406
5322.9500 1.43752046
5323.0000 1.42968687
5323.0500 1.42185327
5323.1000 1.41401968
5323.1500 1.39693274
5323.2000 1.37717901
5323.2500 1.35742528
5323.3000 1.33767154
5323.3500 1.32160563
5323.4000 1.33024117
5323.4500 1.33887671
5323.5000 1.34751225
5323.5500 1.35614779
5323.6000 1.36092754
5323.6500 1.36161106
5323.7000 1.36229457
5323.7500 1.36297809
5323.8000 1.36366161
5323.8500 1.37168492
5323.9000 1.38109366
5323.9500 1.3905024
5324.0000 1.39991114
5324.0500 1.40969388
5324.1000 1.42098294
5324.1500 1.43227199
5324.2000 1.44356104
5324.2500 1.4548501
5324.3000 1.45511545
5324.3500 1.44664706
5324.4000 1.43817867
5324.4500 1.42971028
5324.5000 1.42124189
5324.5500 1.42710324
5324.6000 1.43423857
5324.6500 1.4413739
5324.7000 1.44850923
5324.7500 1.45310236
5324.8000 1.45116212
5324.8500 1.44922188
5324.9000 1.44728164
5324.9500 1.4453414
5325.0000 1.42993188
5325.0500 1.40705158
5325.1000 1.38417129
5325.1500 1.36129099
5325.2000 1.3386662
5325.2500 1.34894741
5325.3000 1.35922863
5325.3500 1.36950985
5325.4000 1.37979106
5325.4500 1.38446344
5325.5000 1.3797292
5325.5500 1.37499495
5325.6000 1.37026071
5325.6500 1.36552647
5325.7000 1.36905623
5325.7500 1.37547854
5325.8000 1.38190086
5325.8500 1.38832318
5325.9000 1.39331248
5325.9500 1.38662161
5326.0000 1.37993074
5326.0500 1.37323986
5326.1000 1.36654899
5326.1500 1.36576478
5326.2000 1.37140022
5326.2500 1.37703566
5326.3000 1.38267111
5326.3500 1.38830655
5326.4000 1.37744991
5326.4500 1.36369345
5326.5000 1.34993699
5326.5500 1.33618053
5326.6000 1.33049235
5326.6500 1.35290131
5326.7000 1.37531028
5326.7500 1.39771924
5326.8000 1.4201282
5326.8500 1.42356132
5326.9000 1.41418955
5326.9500 1.40481778
5327.0000 1.39544601
5327.0500 1.38607424
5327.1000 1.3649717
5327.1500 1.34353671
5327.2000 1.32210171
5327.2500 1.30066672
5327.3000 1.29017986
5327.3500 1.30010075
5327.4000 1.31002165
5327.4500 1.31994254
5327.5000 1.32986343
5327.5500 1.32826117
5327.6000 1.32233694
5327.6500 1.3164127
5327.7000 1.31048847
5327.7500 1.30597645
5327.8000 1.3132903
5327.8500 1.32060416
5327.9000 1.32791801
5327.9500 1.33523187
5328.0000 1.33174674
5328.0500 1.31690807
5328.1000 1.30206941
5328.1500 1.28723074
5328.2000 1.27239207
5328.2500 1.29163092
5328.3000 1.31597747
5328.3500 1.34032401
5328.4000 1.36467056
5328.4500 1.37726562
5328.5000 1.35519775
5328.5500 1.33312988
5328.6000 1.31106201
5328.6500 1.28899414
5328.7000 1.28744834
5328.7500 1.29754247
5328.8000 1.30763659
5328.8500 1.31773072
5328.9000 1.32751114
5328.9500 1.32472113
5329.0000 1.32193112
5329.0500 1.3191411
5329.1000 1.31635109
5329.1500 1.31001777
5329.2000 1.29862701
5329.2500 1.28723625
5329.3000 1.27584549
5329.3500 1.26445473
5329.4000 1.26463006
5329.4500 1.26767934
5329.5000 1.27072862
5329.5500 1.2737779
5329.6000 1.27521247
5329.6500 1.26982261
5329.7000 1.26443274
5329.7500 1.25904288
5329.8000 1.25365302
5329.8500 1.26035193
5329.9000 1.27569519
5329.9500 1.29103845
5330.0000 1.30638171
5330.0500 1.32172498
5330.1000 1.33725944
5330.1500 1.35279858
5330.2000 1.36833771
5330.2500 1.38387684
5330.3000 1.37981054
5330.3500 1.34245181
5330.4000 1.30509307
5330.4500 1.26773434
5330.5000 1.23037561
5330.5500 1.22974046
5330.6000 1.24029486
5330.6500 1.25084925
5330.7000 1.26140364
5330.7500 1.27215156
5330.8000 1.28388845
5330.8500 1.29562534
5330.9000 1.30736223
5330.9500 1.31909911
5331.0000 1.33596754
5331.0500 1.35683142
5331.1000 1.37769531
5331.1500 1.39855919
5331.2000 1.41942308
5331.2500 1.38370122
5331.3000 1.34575516
5331.3500 1.30780909
5331.4000 1.26986303
5331.4500 1.25133929
5331.5000 1.26682577
5331.5500 1.28231224
5331.6000 1.29779871
5331.6500 1.31328519
5331.7000 1.32601599
5331.7500 1.33790581
5331.8000 1.34979563
5331.8500 1.36168544
5331.9000 1.37042517
5331.9500 1.36381021
5332.0000 1.35719525
5332.0500 1.35058029
5332.1000 1.34396533
5332.1500 1.34494152
5332.2000 1.35151347
5332.2500 1.35808543
5332.3000 1.36465738
5332.3500 1.37122933
5332.4000 1.39213554
5332.4500 1.4132977
5332.5000 1.43445987
5332.5500 1.45562203
5332.6000 1.46342188
5332.6500 1.45037685
5332.7000 1.43733183
5332.7500 1.4242868
5332.8000 1.41124178
5332.8500 1.41232388
5332.9000 1.41693393
5332.9500 1.42154398
5333.0000 1.42615403
5333.0500 1.43205945
5333.1000 1.44280598
5333.1500 1.45355251
5333.2000 1.46429905
5333.2500 1.47504558
5333.3000 1.46255301
5333.3500 1.43602068
5333.4000 1.40948835
5333.4500 1.38295602
5333.5000 1.35807567
5333.5500 1.37612783
5333.6000 1.39417999
5333.6500 1.41223215
5333.7000 1.43028431
5333.7500 1.42556949
5333.8000 1.39326284
5333.8500 1.36095619
5333.9000 1.32864954
5333.9500 1.29634289
5334.0000 1.30139603
5334.0500 1.31210518
5334.1000 1.32281433
5334.1500 1.33352347
5334.2000 1.34487556
5334.2500 1.35783032
5334.3000 1.37078509
5334.3500 1.38373985
5334.4000 1.39669462
5334.4500 1.40920767
5334.5000 1.42153631
5334.5500 1.43386495
5334.6000 1.44619359
5334.6500 1.45564907
5334.7000 1.44517932
5334.7500 1.43470958
5334.8000 1.42423983
5334.8500 1.41377009
5334.9000 1.4158647
5334.9500 1.4283247
5335.0000 1.44078471
5335.0500 1.45324472
5335.1000 1.46570473
5335.1500 1.45221546
5335.2000 1.43795813
5335.2500 1.4237008
5335.3000 1.40944346
5335.3500 1.40494936
5335.4000 1.4153508
5335.4500 1.42575224
5335.5000 1.43615367
5335.5500 1.44655511
5335.6000 1.45345463
5335.6500 1.45959579
5335.7000 1.46573695
5335.7500 1.47187811
5335.8000 1.47492949
5335.8500 1.46868337
5335.9000 1.46243725
5335.9500 1.45619112
5336.0000 1.449945
5336.0500 1.43157829
5336.1000 1.4074618
5336.1500 1.3833453
5336.2000 1.3592288
5336.2500 1.34030022
5336.3000 1.36402114
5336.3500 1.38774205
5336.4000 1.41146297
5336.4500 1.43518388
5336.5000 1.43099626
5336.5500 1.4030374
5336.6000 1.37507855
5336.6500 1.34711969
5336.7000 1.31916084
5336.7500 1.33090902
5336.8000 1.34375952
5336.8500 1.35661001
5336.9000 1.36946051
5336.9500 1.37546763
5337.0000 1.37151758
5337.0500 1.36756753
5337.1000 1.36361749
5337.1500 1.35966744
5337.2000 1.37594219
5337.2500 1.39598204
5337.3000 1.41602189
5337.3500 1.43606174
5337.4000 1.44526281
5337.4500 1.42661503
5337.5000 1.40796724
5337.5500 1.38931945
5337.6000 1.37067166
5337.6500 1.38517084
5337.7000 1.41264696
5337.7500 1.44012307
5337.8000 1.46759919
5337.8500 1.48780852
5337.9000 1.46944418
5337.9500 1.45107985
5338.0000 1.43271551
5338.0500 1.41435117
5338.1000 1.41136517
5338.1500 1.41864078
5338.2000 1.4259164
5338.2500 1.43319202
5338.3000 1.43940366
5338.3500 1.42159788
5338.4000 1.40379211
5338.4500 1.38598633
5338.5000 1.36818056
5338.5500 1.36131152
5338.6000 1.36598864
5338.6500 1.37066576
5338.7000 1.37534288
5338.7500 1.38002001
5338.8000 1.35223603
5338.8500 1.32207833
5338.9000 1.29192063
5338.9500 1.26176294
5339.0000 1.24925447
5339.0500 1.26570714
5339.1000 1.28215981
5339.1500 1.29861248
5339.2000 1.31506515
5339.2500 1.3210709
5339.3000 1.32488877
5339.3500 1.32870665
5339.4000 1.33252453
5339.4500 1.33553894
5339.5000 1.33645002
5339.5500 1.3373611
5339.6000 1.33827218
5339.6500 1.33918325
5339.7000 1.34228506
5339.7500 1.34620801
5339.8000 1.35013096
5339.8500 1.35405391
5339.9000 1.35682214
5339.9500 1.35431955
5340.0000 1.35181695
5340.0500 1.34931436
5340.1000 1.34681176
5340.1500 1.34661548
5340.2000 1.34775383
5340.2500 1.34889217
5340.3000 1.35003051
5340.3500 1.35027678
5340.4000 1.3413422
5340.4500 1.33240762
5340.5000 1.32347304
5340.5500 1.31453846
5340.6000 1.30481638
5340.6500 1.29443705
5340.7000 1.28405771
5340.7500 1.27367837
5340.8000 1.26339794
5340.8500 1.28631717
5340.9000 1.3092364
5340.9500 1.33215563
5341.0000 1.35507486
5341.0500 1.36144864
5341.1000 1.3485753
5341.1500 1.33570196
5341.2000 1.32282862
5341.2500 1.30995528
5341.3000 1.3290052
5341.3500 1.35072056
5341.4000 1.37243593
5341.4500 1.39415129
5341.5000 1.40241515
5341.5500 1.38919239
5341.6000 1.37596963
5341.6500 1.36274687
5341.7000 1.34952411
5341.7500 1.33829535
5341.8000 1.32742269
5341.8500 1.31655004
5341.9000 1.30567738
5341.9500 1.2997438
5342.0000 1.30463461
5342.0500 1.30952542
5342.1000 1.31441622
5342.1500 1.31930703
5342.2000 1.34212099
5342.2500 1.37000289
5342.3000 1.39788479
5342.3500 1.42576668
5342.4000 1.44251458
5342.4500 1.42535742
5342.5000 1.40820026
5342.5500 1.3910431
5342.6000 1.37388594
5342.6500 1.36216663
5342.7000 1.3526017
5342.7500 1.34303678
5342.8000 1.33347185
5342.8500 1.32891202
5342.9000 1.34616053
5342.9500 1.36340903
5343.0000 1.38065754
5343.0500 1.39790604
5343.1000 1.40584403
5343.1500 1.40895317
5343.2000 1.41206232
5343.2500 1.41517147
5343.3000 1.41766506
5343.3500 1.41610014
5343.4000 1.41453522
5343.4500 1.4129703
5343.5000 1.41140538
5343.5500 1.40232682
5343.6000 1.38836938
5343.6500 1.37441194
5343.7000 1.36045449
5343.7500 1.34843018
5343.8000 1.35795914
5343.8500 1.36748811
5343.9000 1.37701707
5343.9500 1.38654604
5344.0000 1.38414818
5344.0500 1.37236813
5344.1000 1.36058809
5344.1500 1.34880804
5344.2000 1.33830186
5344.2500 1.35960556
5344.3000 1.38090926
5344.3500 1.40221296
5344.4000 1.42351666
5344.4500 1.43042845
5344.5000 1.42398588
5344.5500 1.4175433
5344.6000 1.41110073
5344.6500 1.40465841
5344.7000 1.39911251
5344.7500 1.39356662
5344.8000 1.38802072
5344.8500 1.38247482
5344.9000 1.38319231
5344.9500 1.3906067
5345.0000 1.39802109
5345.0500 1.40543548
5345.1000 1.41284987
5345.1500 1.43976956
5345.2000 1.46734109
5345.2500 1.49491263
5345.3000 1.52248417
5345.3500 1.52251829
5345.4000 1.48936066
5345.4500 1.45620302
5345.5000 1.42304539
5345.5500 1.38988776
5345.6000 1.37967932
5345.6500 1.37091937
5345.7000 1.36215942
5345.7500 1.35339946
5345.8000 1.3538979
5345.8500 1.36670852
5345.9000 1.37951914
5345.9500 1.39232976
5346.0000 1.40514038
5346.0500 1.40545831
5346.1000 1.40467806
5346.1500 1.40389782
5346.2000 1.40311758
5346.2500 1.39982779
5346.3000 1.39293537
5346.3500 1.38604296
5346.4000 1.37915055
5346.4500 1.37225813
5346.5000 1.38155858
5346.5500 1.39259118
5346.6000 1.40362378
5346.6500 1.41465638
5346.7000 1.42402449
5346.7500 1.43087025
5346.8000 1.43771602
5346.8500 1.44456178
5346.9000 1.45140755
5346.9500 1.45337098
5347.0000 1.45475028
5347.0500 1.45612958
5347.1000 1.45750887
5347.1500 1.45392557
5347.2000 1.44258458
5347.2500 1.43124358
5347.3000 1.41990259
5347.3500 1.4085616
5347.4000 1.42716265
5347.4500 1.44952019
5347.5000 1.47187774
5347.5500 1.49423528
5347.6000 1.49663439
5347.6500 1.46759555
5347.7000 1.43855671
5347.7500 1.40951787
5347.8000 1.38047903
5347.8500 1.40536683
5347.9000 1.43695211
5347.9500 1.46853739
5348.0000 1.50012267
5348.0500 1.51549935
5348.1000 1.50574978
5348.1500 1.49600022
5348.2000 1.48625066
5348.2500 1.4765011
5348.3000 1.50473177
5348.3500 1.53736427
5348.4000 1.56999678
5348.4500 1.60262929
5348.5000 1.61479427
5348.5500 1.59645594
5348.6000 1.57811762
5348.6500 1.5597793
5348.7000 1.54144098
5348.7500 1.53667404
5348.8000 1.53327601
5348.8500 1.52987798
5348.9000 1.52647995
5348.9500 1.51867212
5349.0000 1.5046889
5349.0500 1.49070568
5349.1000 1.47672246
5349.1500 1.46273924
5349.2000 1.47561245
5349.2500 1.49062453
5349.3000 1.50563661
5349.3500 1.5206487
5349.4000 1.53097745
5349.4500 1.53527923
5349.5000 1.53958102
5349.5500 1.5438828
5349.6000 1.54818458
5349.6500 1.53058807
5349.7000 1.51183225
5349.7500 1.49307643
5349.8000 1.4743206
5349.8500 1.46163425
5349.9000 1.45597113
5349.9500 1.45030802
5350.0000 1.4446449
5350.0500 1.43898178
5350.1000 1.4222151
5350.1500 1.4052084
5350.2000 1.38820169
5350.2500 1.37119499
5350.3000 1.36280087
5350.3500 1.36317532
5350.4000 1.36354977
5350.4500 1.36392421
5350.5000 1.36434791
5350.5500 1.36834549
5350.6000 1.37234306
5350.6500 1.37634063
5350.7000 1.3803382
5350.7500 1.38507608
5350.8000 1.39046236
5350.8500 1.39584863
5350.9000 1.40123491
5350.9500 1.40613634
5351.0000 1.40254191
5351.0500 1.39894748
5351.1000 1.39535305
5351.1500 1.39175862
5351.2000 1.40000844
5351.2500 1.41696621
5351.3000 1.43392397
5351.3500 1.45088174
5351.4000 1.46519941
5351.4500 1.45576275
5351.5000 1.44632609
5351.5500 1.43688943
5351.6000 1.42745277
5351.6500 1.43842402
5351.7000 1.46163165
5351.7500 1.48483929
5351.8000 1.50804693
5351.8500 1.52465807
5351.9000 1.50438394
5351.9500 1.4841098
5352.0000 1.46383567
5352.0500 1.44356153
5352.1000 1.43528337
5352.1500 1.43265901
5352.2000 1.43003465
5352.2500 1.42741029
5352.3000 1.42864211
5352.3500 1.44446484
5352.4000 1.46028757
5352.4500 1.4761103
5352.5000 1.49193302
5352.5500 1.49004984
5352.6000 1.48194004
5352.6500 1.47383024
5352.7000 1.46572044
5352.7500 1.45863756
5352.8000 1.45430286
5352.8500 1.44996816
5352.9000 1.44563346
5352.9500 1.44129876
5353.0000 1.43970127
5353.0500 1.43876414
5353.1000 1.43782701
5353.1500 1.43688987
5353.2000 1.44102098
5353.2500 1.45496111
5353.3000 1.46890124
5353.3500 1.48284137
5353.4000 1.4967815
5353.4500 1.50664348
5353.5000 1.51593411
5353.5500 1.52522474
5353.6000 1.53451537
5353.6500 1.53202085
5353.7000 1.51291186
5353.7500 1.49380286
5353.8000 1.47469387
5353.8500 1.45558487
5353.9000 1.45684461
5353.9500 1.45908084
5354.0000 1.46131707
5354.0500 1.4635533
5354.1000 1.46115661
5354.1500 1.45403239
5354.2000 1.44690816
5354.2500 1.43978394
5354.3000 1.43347555
5354.3500 1.44836757
5354.4000 1.46325959
5354.4500 1.47815162
5354.5000 1.49304364
5354.5500 1.49747827
5354.6000 1.49435844
5354.6500 1.49123862
5354.7000 1.48811879
5354.7500 1.48428205
5354.8000 1.47545113
5354.8500 1.4666202
5354.9000 1.45778928
5354.9500 1.44895835
5355.0000 1.4459561
5355.0500 1.44580016
5355.1000 1.44564421
5355.1500 1.44548827
5355.2000 1.44762391
5355.2500 1.4578995
5355.3000 1.46817509
5355.3500 1.47845068
5355.4000 1.48872626
5355.4500 1.49360938
5355.5000 1.49687158
5355.5500 1.50013378
5355.6000 1.50339597
5355.6500 1.50910195
5355.7000 1.5200128
5355.7500 1.53092366
5355.8000 1.54183451
5355.8500 1.55274536
5355.9000 1.57202057
5355.9500 1.59252856
5356.0000 1.61303655
5356.0500 1.63354453
5356.1000 1.63110267
5356.1500 1.59761255
5356.2000 1.56412244
5356.2500 1.53063233
5356.3000 1.49714222
5356.3500 1.49113264
5356.4000 1.48568682
5356.4500 1.480241
5356.5000 1.47479518
5356.5500 1.46947571
5356.6000 1.46426551
5356.6500 1.45905532
5356.7000 1.45384513
5356.7500 1.45017363
5356.8000 1.46134404
5356.8500 1.47251445
5356.9000 1.48368485
5356.9500 1.49485526
5357.0000 1.48999976
5357.0500 1.47663144
5357.1000 1.46326312
5357.1500 1.4498948
5357.2000 1.44234398
5357.2500 1.45620329
5357.3000 1.47006261
5357.3500 1.48392192
5357.4000 1.49778124
5357.4500 1.50560156
5357.5000 1.51167525
5357.5500 1.51774894
5357.6000 1.52382264
5357.6500 1.52335776
5357.7000 1.51014837
5357.7500 1.49693897
5357.8000 1.48372958
5357.8500 1.47052018
5357.9000 1.46444588
5357.9500 1.45912991
5358.0000 1.45381393
5358.0500 1.44849795
5358.1000 1.4499285
5358.1500 1.45896065
5358.2000 1.4679928
5358.2500 1.47702495
5358.3000 1.48621337
5358.3500 1.49936863
5358.4000 1.51252389
5358.4500 1.52567916
5358.5000 1.53883442
5358.5500 1.52697991
5358.6000 1.49893453
5358.6500 1.47088915
5358.7000 1.44284377
5358.7500 1.42271873
5358.8000 1.43927641
5358.8500 1.45583409
5358.9000 1.47239177
5358.9500 1.48894945
5359.0000 1.48916406
5359.0500 1.48391792
5359.1000 1.47867178
5359.1500 1.47342564
5359.2000 1.46539556
5359.2500 1.4515292
5359.3000 1.43766284
5359.3500 1.42379648
5359.4000 1.40993011
5359.4500 1.42872866
5359.5000 1.45124612
5359.5500 1.47376359
5359.6000 1.49628106
5359.6500 1.50315722
5359.7000 1.49267937
5359.7500 1.48220151
5359.8000 1.47172366
5359.8500 1.46130452
5359.9000 1.45196157
5359.9500 1.44261862
5360.0000 1.43327567
5360.0500 1.42393272
5360.1000 1.41981783
5360.1500 1.41876218
5360.2000 1.41770653
5360.2500 1.41665087
5360.3000 1.42327873
5360.3500 1.45856897
5360.4000 1.49385922
5360.4500 1.52914946
5360.5000 1.56443971
5360.5500 1.56655923
5360.6000 1.56003994
5360.6500 1.55352065
5360.7000 1.54700136
5360.7500 1.53710396
5360.8000 1.52161903
5360.8500 1.50613411
5360.9000 1.49064918
5360.9500 1.47516426
5361.0000 1.45364972
5361.0500 1.43189454
5361.1000 1.41013936
5361.1500 1.38838419
5361.2000 1.38161064
5361.2500 1.38719953
5361.3000 1.39278842
5361.3500 1.39837731
5361.4000 1.40672853
5361.4500 1.43268934
5361.5000 1.45865016
5361.5500 1.48461097
5361.6000 1.51057178
5361.6500 1.51180616
5361.7000 1.50364883
5361.7500 1.4954915
5361.8000 1.48733416
5361.8500 1.47552777
5361.9000 1.45579702
5361.9500 1.43606627
5362.0000 1.41633552
5362.0500 1.39660476
5362.1000 1.41532122
5362.1500 1.43796603
5362.2000 1.46061083
5362.2500 1.48325564
5362.3000 1.4804234
5362.3500 1.45218851
5362.4000 1.42395361
5362.4500 1.39571872
5362.5000 1.37115921
5362.5500 1.38137019
5362.6000 1.39158118
5362.6500 1.40179217
5362.7000 1.41200315
5362.7500 1.41663291
5362.8000 1.41877739
5362.8500 1.42092186
5362.9000 1.42306634
5362.9500 1.42408038
5363.0000 1.42232191
5363.0500 1.42056345
5363.1000 1.41880499
5363.1500 1.41704653
5363.2000 1.43591878
5363.2500 1.45737186
5363.3000 1.47882494
5363.3500 1.50027802
5363.4000 1.50458862
5363.4500 1.49101577
5363.5000 1.47744292
5363.5500 1.46387008
5363.6000 1.45225944
5363.6500 1.4601389
5363.7000 1.46801836
5363.7500 1.47589781
5363.8000 1.48377727
5363.8500 1.48213205
5363.9000 1.47630597
5363.9500 1.47047989
5364.0000 1.46465381
5364.0500 1.45054373
5364.1000 1.41709244
5364.1500 1.38364115
5364.2000 1.35018986
5364.2500 1.31673857
5364.3000 1.32497211
5364.3500 1.33751893
5364.4000 1.35006574
5364.4500 1.36261255
5364.5000 1.36937171
5364.5500 1.37065905
5364.6000 1.3719464
5364.6500 1.37323374
5364.7000 1.37506772
5364.7500 1.38078985
5364.8000 1.38651198
5364.8500 1.39223412
5364.9000 1.39795625
5364.9500 1.38607488
5365.0000 1.3678119
5365.0500 1.34954893
5365.1000 1.33128596
5365.1500 1.32435243
5365.2000 1.33882892
5365.2500 1.3533054
5365.3000 1.36778189
5365.3500 1.38225837
5365.4000 1.37602516
5365.4500 1.36892012
5365.5000 1.36181508
5365.5500 1.35471004
5365.6000 1.3338042
5365.6500 1.30268095
5365.7000 1.2715577
5365.7500 1.24043445
5365.8000 1.2198777
5365.8500 1.24406684
5365.9000 1.26825597
5365.9500 1.29244511
5366.0000 1.31663424
5366.0500 1.3176924
5366.1000 1.31328631
5366.1500 1.30888022
5366.2000 1.30447414
5366.2500 1.30404177
5366.3000 1.3089151
5366.3500 1.31378843
5366.4000 1.31866176
5366.4500 1.32372612
5366.5000 1.33249886
5366.5500 1.3412716
5366.6000 1.35004434
5366.6500 1.35881707
5366.7000 1.36973218
5366.7500 1.3816968
5366.8000 1.39366141
5366.8500 1.40562603
5366.9000 1.41113507
5366.9500 1.40120479
5367.0000 1.39127452
5367.0500 1.38134424
5367.1000 1.37141397
5367.1500 1.37929886
5367.2000 1.38873425
5367.2500 1.39816965
5367.3000 1.40760505
5367.3500 1.40323656
5367.4000 1.3874119
5367.4500 1.37158725
5367.5000 1.3557626
5367.5500 1.339948
5367.6000 1.32418096
5367.6500 1.30841392
5367.7000 1.29264689
5367.7500 1.27687985
5367.8000 1.29645198
5367.8500 1.32464582
5367.9000 1.35283966
5367.9500 1.3810335
5368.0000 1.39304032
5368.0500 1.38400114
5368.1000 1.37496195
5368.1500 1.36592277
5368.2000 1.35706264
5368.2500 1.3506932
5368.3000 1.34432376
5368.3500 1.33795432
5368.4000 1.33158489
5368.4500 1.34624609
5368.5000 1.36988481
5368.5500 1.39352353
5368.6000 1.41716226
5368.6500 1.42672975
5368.7000 1.40849505
5368.7500 1.39026035
5368.8000 1.37202565
5368.8500 1.35379095
5368.9000 1.39286814
5368.9500 1.43355381
5369.0000 1.47423949
5369.0500 1.51492516
5369.1000 1.50890937
5369.1500 1.47313642
5369.2000 1.43736347
5369.2500 1.40159052
5369.3000 1.37331819
5369.3500 1.36750436
5369.4000 1.36169052
5369.4500 1.35587669
5369.5000 1.35006286
5369.5500 1.35331569
5369.6000 1.35767351
5369.6500 1.36203134
5369.7000 1.36638916
5369.7500 1.3702451
5369.8000 1.37366274
5369.8500 1.37708038
5369.9000 1.38049802
5369.9500 1.38102134
5370.0000 1.36815331
5370.0500 1.35528529
5370.1000 1.34241726
5370.1500 1.32954924
5370.2000 1.31473882
5370.2500 1.29951087
5370.3000 1.28428292
5370.3500 1.26905498
5370.4000 1.2718969
5370.4500 1.29512543
5370.5000 1.31835395
5370.5500 1.34158248
5370.6000 1.35849119
5370.6500 1.32822246
5370.7000 1.29795372
5370.7500 1.26768499
5370.8000 1.23741625
5370.8500 1.24059529
5370.9000 1.25388741
5370.9500 1.26717954
5371.0000 1.28047166
5371.0500 1.29876035
5371.1000 1.32397749
5371.1500 1.34919463
5371.2000 1.37441178
5371.2500 1.39714681
5371.3000 1.38770223
5371.3500 1.37825764
5371.4000 1.36881306
5371.4500 1.35936848
5371.5000 1.33965549
5371.5500 1.31606073
5371.6000 1.29246598
5371.6500 1.26887122
5371.7000 1.25556076
5371.7500 1.25894537
5371.8000 1.26232998
5371.8500 1.26571459
5371.9000 1.26858631
5371.9500 1.25853117
5372.0000 1.24847603
5372.0500 1.23842088
5372.1000 1.22836574
5372.1500 1.23456174
5372.2000 1.24783623
5372.2500 1.26111072
5372.3000 1.27438521
5372.3500 1.27481517
5372.4000 1.25205697
5372.4500 1.22929877
5372.5000 1.20654057
5372.5500 1.18462194
5372.6000 1.20901949
5372.6500 1.23341704
5372.7000 1.25781459
5372.7500 1.28221214
5372.8000 1.29310988
5372.8500 1.29767214
5372.9000 1.3022344
5372.9500 1.30679667
5373.0000 1.30910029
5373.0500 1.30711282
5373.1000 1.30512535
5373.1500 1.30313787
5373.2000 1.30126365
5373.2500 1.31001235
5373.3000 1.31876105
5373.3500 1.32750975
5373.4000 1.33625845
5373.4500 1.32973205
5373.5000 1.31594145
5373.5500 1.30215085
5373.6000 1.28836025
5373.6500 1.28192309
5373.7000 1.28936507
5373.7500 1.29680706
5373.8000 1.30424904
5373.8500 1.31146875
5373.9000 1.30536184
5373.9500 1.29925492
5374.0000 1.29314801
5374.0500 1.28704109
5374.1000 1.29125291
5374.1500 1.30014544
5374.2000 1.30903798
5374.2500 1.31793052
5374.3000 1.32451013
5374.3500 1.32699454
5374.4000 1.32947894
5374.4500 1.33196335
5374.5000 1.33423843
5374.5500 1.33080786
5374.6000 1.32737729
5374.6500 1.32394672
5374.7000 1.32051615
5374.7500 1.3358327
5374.8000 1.35875818
5374.8500 1.38168366
5374.9000 1.40460914
5374.9500 1.42303375
5375.0000 1.43437922
5375.0500 1.4457247
5375.1000 1.45707017
5375.1500 1.46553748
5375.2000 1.43425024
5375.2500 1.402963
5375.3000 1.37167576
5375.3500 1.34038853
5375.4000 1.34037678
5375.4500 1.3509125
5375.5000 1.36144822
5375.5500 1.37198394
5375.6000 1.38331931
5375.6500 1.39571657
5375.7000 1.40811384
5375.7500 1.4205111
5375.8000 1.43149205
5375.8500 1.43133152
5375.9000 1.43117099
5375.9500 1.43101046
5376.0000 1.43084993
5376.0500 1.42372062
5376.1000 1.41482145
5376.1500 1.40592227
5376.2000 1.39702309
5376.2500 1.38466435
5376.3000 1.36861158
5376.3500 1.35255881
5376.4000 1.33650604
5376.4500 1.32726228
5376.5000 1.35097705
5376.5500 1.37469182
5376.6000 1.39840659
5376.6500 1.42212136
5376.7000 1.4216566
5376.7500 1.4172652
5376.8000 1.41287381
5376.8500 1.40848241
5376.9000 1.42284794
5376.9500 1.45250865
5377.0000 1.48216936
5377.0500 1.51183006
5377.1000 1.5222741
5377.1500 1.47279917
5377.2000 1.42332424
5377.2500 1.37384931
5377.3000 1.32437439
5377.3500 1.34956957
5377.4000 1.3798449
5377.4500 1.41012022
5377.5000 1.44039554
5377.5500 1.44050856
5377.6000 1.42300068
5377.6500 1.40549281
5377.7000 1.38798493
5377.7500 1.38424762
5377.8000 1.40877032
5377.8500 1.43329301
5377.9000 1.45781571
5377.9500 1.48100332
5378.0000 1.45316552
5378.0500 1.42532773
5378.1000 1.39748993
5378.1500 1.36965213
5378.2000 1.36860663
5378.2500 1.37773233
5378.3000 1.38685802
5378.3500 1.39598372
5378.4000 1.39858851
5378.4500 1.39239371
5378.5000 1.3861989
5378.5500 1.38000409
5378.6000 1.37790844
5378.6500 1.40376313
5378.7000 1.42961782
5378.7500 1.45547251
5378.8000 1.4813272
5378.8500 1.47557525
5378.9000 1.46342468
5378.9500 1.4512741
5379.0000 1.43912353
5379.0500 1.4341692
5379.1000 1.43542331
5379.1500 1.43667743
5379.2000 1.43793155
5379.2500 1.44050674
5379.3000 1.44718576
5379.3500 1.45386478
5379.4000 1.4605438
5379.4500 1.46722281
5379.5000 1.44993127
5379.5500 1.43142231
5379.6000 1.41291334
5379.6500 1.39440438
5379.7000 1.38628036
5379.7500 1.38347563
5379.8000 1.38067091
5379.8500 1.37786618
5379.9000 1.38119777
5379.9500 1.39487214
5380.0000 1.40854651
5380.0500 1.42222088
5380.1000 1.43261947
5380.1500 1.40772243
5380.2000 1.3828254
5380.2500 1.35792837
5380.3000 1.33303134
5380.3500 1.31736672
5380.4000 1.30402526
5380.4500 1.29068381
5380.5000 1.27734235
5380.5500 1.27538555
5380.6000 1.28417343
5380.6500 1.29296131
5380.7000 1.30174919
5380.7500 1.30831714
5380.8000 1.30751301
5380.8500 1.30670888
5380.9000 1.30590475
5380.9500 1.30510062
5381.0000 1.34417464
5381.0500 1.3853527
5381.1000 1.42653076
5381.1500 1.46770882
5381.2000 1.45678047
5381.2500 1.42016501
5381.3000 1.38354955
5381.3500 1.34693409
5381.4000 1.33863956
5381.4500 1.37441925
5381.5000 1.41019893
5381.5500 1.44597861
5381.6000 1.47337057
5381.6500 1.43561843
5381.7000 1.39786629
5381.7500 1.36011416
5381.8000 1.32236202
5381.8500 1.3158417
5381.9000 1.31534063
5381.9500 1.31483956
5382.0000 1.31433848
5382.0500 1.31436761
5382.1000 1.31480621
5382.1500 1.31524482
5382.2000 1.31568342
5382.2500 1.31616828
5382.3000 1.31676556
5382.3500 1.31736284
5382.4000 1.31796012
5382.4500 1.31862268
5382.5000 1.3224351
5382.5500 1.32624753
5382.6000 1.33005995
5382.6500 1.33387237
5382.7000 1.34992226
5382.7500 1.3700393
5382.8000 1.39015635
5382.8500 1.4102734
5382.9000 1.40361636
5382.9500 1.36821752
5383.0000 1.33281868
5383.0500 1.29741984
5383.1000 1.26960053
5383.1500 1.26937649
5383.2000 1.26915245
5383.2500 1.26892841
5383.3000 1.26870438
5383.3500 1.27360543
5383.4000 1.2787753
5383.4500 1.28394517
5383.5000 1.28911503
5383.5500 1.29512253
5383.6000 1.30151286
5383.6500 1.30790319
5383.7000 1.31429352
5383.7500 1.32479482
5383.8000 1.34088166
5383.8500 1.3569685
5383.9000 1.37305534
5383.9500 1.38143737
5384.0000 1.35027949
5384.0500 1.31912161
5384.1000 1.28796373
5384.1500 1.25680586
5384.2000 1.25696159
5384.2500 1.26045484
5384.3000 1.26394809
5384.3500 1.26744134
5384.4000 1.27716044
5384.4500 1.29029479
5384.5000 1.30342914
5384.5500 1.31656348
5384.6000 1.32656654
5384.6500 1.33165795
5384.7000 1.33674936
5384.7500 1.34184077
5384.8000 1.34049067
5384.8500 1.29764114
5384.9000 1.25479162
5384.9500 1.21194209
5385.0000 1.16909257
5385.0500 1.19042757
5385.1000 1.22044158
5385.1500 1.25045559
5385.2000 1.2804696
5385.2500 1.29547793
5385.3000 1.30163146
5385.3500 1.30778498
5385.4000 1.31393851
5385.4500 1.32147829
5385.5000 1.3312955
5385.5500 1.3411127
5385.6000 1.3509299
5385.6500 1.35918768
5385.7000 1.35694928
5385.7500 1.35471088
5385.8000 1.35247247
5385.8500 1.35023407
5385.9000 1.35517847
5385.9500 1.36108561
5386.0000 1.36699275
5386.0500 1.37289989
5386.1000 1.3628867
5386.1500 1.34375189
5386.2000 1.32461708
5386.2500 1.30548226
5386.3000 1.29819801
5386.3500 1.30935838
5386.4000 1.32051876
5386.4500 1.33167913
5386.5000 1.34090496
5386.5500 1.33900098
5386.6000 1.337097
5386.6500 1.33519302
5386.7000 1.33328904
5386.7500 1.32421578
5386.8000 1.31440281
5386.8500 1.30458983
5386.9000 1.29477686
5386.9500 1.27770132
5387.0000 1.25698933
5387.0500 1.23627735
5387.1000 1.21556537
5387.1500 1.21920962
5387.2000 1.25544227
5387.2500 1.29167492
5387.3000 1.32790757
5387.3500 1.35471696
5387.4000 1.34150201
5387.4500 1.32828707
5387.5000 1.31507213
5387.5500 1.30185718
5387.6000 1.3095912
5387.6500 1.31831439
5387.7000 1.32703759
5387.7500 1.33576078
5387.8000 1.34426879
5387.8500 1.35269342
5387.9000 1.36111806
5387.9500 1.36954269
5388.0000 1.38613999
5388.0500 1.41131001
5388.1000 1.43648004
5388.1500 1.46165007
5388.2000 1.47055562
5388.2500 1.43240499
5388.3000 1.39425435
5388.3500 1.35610371
5388.4000 1.31903921
5388.4500 1.32089038
5388.5000 1.32274155
5388.5500 1.32459271
5388.6000 1.32644388
5388.6500 1.33665615
5388.7000 1.34897263
5388.7500 1.3612891
5388.8000 1.37360558
5388.8500 1.37872065
5388.9000 1.37845185
5388.9500 1.37818304
5389.0000 1.37791424
5389.0500 1.37849391
5389.1000 1.38067047
5389.1500 1.38284704
5389.2000 1.3850236
5389.2500 1.38701768
5389.3000 1.38771339
5389.3500 1.38840909
5389.4000 1.38910479
5389.4500 1.38980049
5389.5000 1.37023431
5389.5500 1.34844109
5389.6000 1.32664787
5389.6500 1.30485465
5389.7000 1.30234542
5389.7500 1.30890229
5389.8000 1.31545916
5389.8500 1.32201603
5389.9000 1.32958699
5389.9500 1.33834394
5390.0000 1.34710088
5390.0500 1.35585783
5390.1000 1.35503369
5390.1500 1.32438849
5390.2000 1.29374329
5390.2500 1.26309809
5390.3000 1.23383932
5390.3500 1.25477867
5390.4000 1.27571801
5390.4500 1.29665736
5390.5000 1.3175967
5390.5500 1.33218377
5390.6000 1.34530094
5390.6500 1.3584181
5390.7000 1.37153527
5390.7500 1.36930966
5390.8000 1.35680383
5390.8500 1.34429799
5390.9000 1.33179215
5390.9500 1.33069852
5391.0000 1.34768258
5391.0500 1.36466664
5391.1000 1.38165071
5391.1500 1.38778197
5391.2000 1.34333955
5391.2500 1.29889713
5391.3000 1.25445471
5391.3500 1.21001229
5391.4000 1.20537825
5391.4500 1.20206581
5391.5000 1.19875337
5391.5500 1.19544093
5391.6000 1.20908872
5391.6500 1.22807619
5391.7000 1.24706365
5391.7500 1.26605111
5391.8000 1.28298407
5391.8500 1.29826794
5391.9000 1.31355181
5391.9500 1.32883568
5392.0000 1.33310883
5392.0500 1.31697023
5392.1000 1.30083163
5392.1500 1.28469303
5392.2000 1.27152882
5392.2500 1.27554422
5392.3000 1.27955962
5392.3500 1.28357502
5392.4000 1.28759042
5392.4500 1.28224868
5392.5000 1.27637547
5392.5500 1.27050227
5392.6000 1.26462906
5392.6500 1.2522603
5392.7000 1.23768489
5392.7500 1.22310947
5392.8000 1.20853405
5392.8500 1.21501074
5392.9000 1.23884498
5392.9500 1.26267922
5393.0000 1.28651346
5393.0500 1.29922871
5393.1000 1.29140855
5393.1500 1.2835884
5393.2000 1.27576824
5393.2500 1.26716418
5393.3000 1.25431667
5393.3500 1.24146917
5393.4000 1.22862167
5393.4500 1.21577416
5393.5000 1.2187007
5393.5500 1.22224868
5393.6000 1.22579667
5393.6500 1.22934465
5393.7000 1.24009747
5393.7500 1.25300525
5393.8000 1.26591303
5393.8500 1.2788208
5393.9000 1.26541401
5393.9500 1.23286822
5394.0000 1.20032243
5394.0500 1.16777664
5394.1000 1.16964613
5394.1500 1.22543456
5394.2000 1.28122299
5394.2500 1.33701141
5394.3000 1.37306599
5394.3500 1.33105305
5394.4000 1.28904011
5394.4500 1.24702717
5394.5000 1.20574691
5394.5500 1.21116044
5394.6000 1.21657398
5394.6500 1.22198751
5394.7000 1.22740105
5394.7500 1.2645235
5394.8000 1.30811179
5394.8500 1.35170007
5394.9000 1.39528835
5394.9500 1.37849979
5395.0000 1.32881394
5395.0500 1.27912809
5395.1000 1.22944224
5395.1500 1.20225611
5395.2000 1.20090592
5395.2500 1.19955574
5395.3000 1.19820555
5395.3500 1.20564541
5395.4000 1.23511842
5395.4500 1.26459143
5395.5000 1.29406443
5395.5500 1.32035217
5395.6000 1.3198795
5395.6500 1.31940683
5395.7000 1.31893416
5395.7500 1.31846149
5395.8000 1.30780186
5395.8500 1.29636445
5395.9000 1.28492704
5395.9500 1.27348963
5396.0000 1.25600382
5396.0500 1.23653686
5396.1000 1.2170699
5396.1500 1.19760294
5396.2000 1.19885826
5396.2500 1.21518255
5396.3000 1.23150685
5396.3500 1.24783115
5396.4000 1.26015574
5396.4500 1.26663318
5396.5000 1.27311061
5396.5500 1.27958805
5396.6000 1.28089869
5396.6500 1.26538155
5396.7000 1.24986441
5396.7500 1.23434726
5396.8000 1.22036874
5396.8500 1.22847147
5396.9000 1.2365742
5396.9500 1.24467693
5397.0000 1.25277966
5397.0500 1.25158466
5397.1000 1.2493206
5397.1500 1.24705654
5397.2000 1.24479248
5397.2500 1.23999357
5397.3000 1.2342577
5397.3500 1.22852183
5397.4000 1.22278595
5397.4500 1.21881598
5397.5000 1.21620629
5397.5500 1.21359659
5397.6000 1.2109869
5397.6500 1.21696298
5397.7000 1.23575688
5397.7500 1.25455079
5397.8000 1.27334469
5397.8500 1.2790932
5397.9000 1.2432829
5397.9500 1.20747259
5398.0000 1.17166229
5398.0500 1.13919625
5398.1000 1.14615713
5398.1500 1.153118
5398.2000 1.16007888
5398.2500 1.16703975
5398.3000 1.19427555
5398.3500 1.22329881
5398.4000 1.25232206
5398.4500 1.28134531
5398.5000 1.2873804
5398.5500 1.28620711
5398.6000 1.28503382
5398.6500 1.28386053
5398.7000 1.28805495
5398.7500 1.29575244
5398.8000 1.30344994
5398.8500 1.31114744
5398.9000 1.30182652
5398.9500 1.271741
5399.0000 1.24165548
5399.0500 1.21156995
5399.1000 1.18992941
5399.1500 1.188253
5399.2000 1.18657659
5399.2500 1.18490018
5399.3000 1.18673934
5399.3500 1.20920598
5399.4000 1.23167262
5399.4500 1.25413926
5399.5000 1.2766059
5399.5500 1.25867705
5399.6000 1.2405647
5399.6500 1.22245235
5399.7000 1.20434
5399.7500 1.21951592
5399.8000 1.24071165
5399.8500 1.26190739
5399.9000 1.28310313
5399.9500 1.2607217
5400.0000 1.21964186
5400.0500 1.17856201
5400.1000 1.13748217
5400.1500 1.13851275
5400.2000 1.17342347
5400.2500 1.20833419
5400.3000 1.24324491
5400.3500 1.26004107
5400.4000 1.25077795
5400.4500 1.24151483
5400.5000 1.23225171
5400.5500 1.22940935
5400.6000 1.2441481
5400.6500 1.25888686
5400.7000 1.27362562
5400.7500 1.28609614
5400.8000 1.28289897
5400.8500 1.2797018
5400.9000 1.27650463
5400.9500 1.27330746
5401.0000 1.3095394
5401.0500 1.34629343
5401.1000 1.38304746
5401.1500 1.41980149
5401.2000 1.40597206
5401.2500 1.38314024
5401.3000 1.36030842
5401.3500 1.3374766
5401.4000 1.30290744
5401.4500 1.26360032
5401.5000 1.22429319
5401.5500 1.18498607
5401.6000 1.19774453
5401.6500 1.24860361
5401.7000 1.29946269
5401.7500 1.35032177
5401.8000 1.36798919
5401.8500 1.34408865
5401.9000 1.32018811
5401.9500 1.29628758
5402.0000 1.28450562
5402.0500 1.29944225
5402.1000 1.31437888
5402.1500 1.32931552
5402.2000 1.33537122
5402.2500 1.30140719
5402.3000 1.26744316
5402.3500 1.23347912
5402.4000 1.20299312
5402.4500 1.23501722
5402.5000 1.26704132
5402.5500 1.29906542
5402.6000 1.33108951
5402.6500 1.34027718
5402.7000 1.34762184
5402.7500 1.35496651
5402.8000 1.36231117
5402.8500 1.35053299
5402.9000 1.33395789
5402.9500 1.31738279
5403.0000 1.30080769
5403.0500 1.29731666
5403.1000 1.30012207
5403.1500 1.30292749
5403.2000 1.3057329
5403.2500 1.29708344
5403.3000 1.27914827
5403.3500 1.26121311
5403.4000 1.24327794
5403.4500 1.23864407
5403.5000 1.2515709
5403.5500 1.26449774
5403.6000 1.27742457
5403.6500 1.28109277
5403.7000 1.26426958
5403.7500 1.24744639
5403.8000 1.2306232
5403.8500 1.21754024
5403.9000 1.2201006
5403.9500 1.22266097
5404.0000 1.22522134
5404.0500 1.22701357
5404.1000 1.21949695
5404.1500 1.21198033
5404.2000 1.20446371
5404.2500 1.19694709
5404.3000 1.1727929
5404.3500 1.14796383
5404.4000 1.12313475
5404.4500 1.09830568
5404.5000 1.11605637
5404.5500 1.14147881
5404.6000 1.16690125
5404.6500 1.19232369
5404.7000 1.18834013
5404.7500 1.17376379
5404.8000 1.15918746
5404.8500 1.14461112
5404.9000 1.13452505
5404.9500 1.12713846
5405.0000 1.11975188
5405.0500 1.11236529
5405.1000 1.11261044
5405.1500 1.12003048
5405.2000 1.12745052
5405.2500 1.13487056
5405.3000 1.14090549
5405.3500 1.14492934
5405.4000 1.14895319
5405.4500 1.15297703
5405.5000 1.14739377
5405.5500 1.11958333
5405.6000 1.09177288
5405.6500 1.06396243
5405.7000 1.05025476
5405.7500 1.09394003
5405.8000 1.13762529
5405.8500 1.18131056
5405.9000 1.22154118
5405.9500 1.22857214
5406.0000 1.23560311
5406.0500 1.24263408
5406.1000 1.24966504
5406.1500 1.26137572
5406.2000 1.27312046
5406.2500 1.28486521
5406.3000 1.29660995
5406.3500 1.23183218
5406.4000 1.15786858
5406.4500 1.08390498
5406.5000 1.00994138
5406.5500 1.02003306
5406.6000 1.0518786
5406.6500 1.08372415
5406.7000 1.11556969
5406.7500 1.12832876
5406.8000 1.13281072
5406.8500 1.13729268
5406.9000 1.14177465
5406.9500 1.15988849
5407.0000 1.18700903
5407.0500 1.21412957
5407.1000 1.24125012
5407.1500 1.24661528
5407.2000 1.23093732
5407.2500 1.21525935
5407.3000 1.19958139
5407.3500 1.17939128
5407.4000 1.15286733
5407.4500 1.12634338
5407.5000 1.09981943
5407.5500 1.09575329
5407.6000 1.13827734
5407.6500 1.18080139
5407.7000 1.22332544
5407.7500 1.24945086
5407.8000 1.22249213
5407.8500 1.1955334
5407.9000 1.16857467
5407.9500 1.1483866
5408.0000 1.16708224
5408.0500 1.18577787
5408.1000 1.2044735
5408.1500 1.22279446
5408.2000 1.23545918
5408.2500 1.24812391
5408.3000 1.26078864
5408.3500 1.27345337
5408.4000 1.22694055
5408.4500 1.17906463
5408.5000 1.13118871
5408.5500 1.08331279
5408.6000 1.11388439
5408.6500 1.15372059
5408.7000 1.19355679
5408.7500 1.23339299
5408.8000 1.24444758
5408.8500 1.24887328
5408.9000 1.25329898
5408.9500 1.25772468
5409.0000 1.25260441
5409.0500 1.24400264
5409.1000 1.23540086
5409.1500 1.22679908
5409.2000 1.21609842
5409.2500 1.20428857
5409.3000 1.19247871
5409.3500 1.18066885
5409.4000 1.16226544
5409.4500 1.13903374
5409.5000 1.11580204
5409.5500 1.09257033
5409.6000 1.10392139
5409.6500 1.14960187
5409.7000 1.19528235
5409.7500 1.24096283
5409.8000 1.23966808
5409.8500 1.175577
5409.9000 1.11148591
5409.9500 1.04739483
5410.0000 1.01445734
5410.0500 1.03798205
5410.1000 1.06150676
5410.1500 1.08503148
5410.2000 1.10499313
5410.2500 1.11600453
5410.3000 1.12701593
5410.3500 1.13802733
5410.4000 1.14822379
5410.4500 1.15545271
5410.5000 1.16268163
5410.5500 1.16991054
5410.6000 1.17587739
5410.6500 1.17456122
5410.7000 1.17324506
5410.7500 1.17192889
5410.8000 1.17063574
5410.8500 1.16960196
5410.9000 1.16856817
5410.9500 1.16753439
5411.0000 1.16695841
5411.0500 1.19317251
5411.1000 1.21938662
5411.1500 1.24560072
5411.2000 1.27181482
5411.2500 1.28072234
5411.3000 1.28878894
5411.3500 1.29685554
5411.4000 1.30492215
5411.4500 1.31909023
5411.5000 1.33399657
5411.5500 1.34890291
5411.6000 1.36380925
5411.6500 1.30697012
5411.7000 1.23564426
5411.7500 1.16431839
5411.8000 1.09299253
5411.8500 1.10523729
5411.9000 1.14195587
5411.9500 1.17867446
5412.0000 1.21539304
5412.0500 1.21228987
5412.1000 1.19343069
5412.1500 1.1745715
5412.2000 1.15571232
5412.2500 1.16601717
5412.3000 1.19127455
5412.3500 1.21653194
5412.4000 1.24178932
5412.4500 1.2439399
5412.5000 1.23114083
5412.5500 1.21834177
5412.6000 1.2055427
5412.6500 1.24616638
5412.7000 1.3296561
5412.7500 1.41314582
5412.8000 1.49663555
5412.8500 1.49127598
5412.9000 1.39847974
5412.9500 1.30568351
5413.0000 1.21288728
5413.0500 1.13284294
5413.1000 1.06808898
5413.1500 1.00333501
5413.2000 0.93858104
5413.2500 0.90908854
5413.3000 0.9309692
5413.3500 0.95284986
5413.4000 0.97473052
5413.4500 1.00576614
5413.5000 1.05301857
5413.5500 1.100271
5413.6000 1.14752344
5413.6500 1.18197658
5413.7000 1.18875004
5413.7500 1.1955235
5413.8000 1.20229696
5413.8500 1.2007686
5413.9000 1.1771441
5413.9500 1.1535196
5414.0000 1.1298951
5414.0500 1.11109215
5414.1000 1.10828993
5414.1500 1.10548771
5414.2000 1.10268549
5414.2500 1.10743026
5414.3000 1.14402627
5414.3500 1.18062229
5414.4000 1.2172183
5414.4500 1.24619389
5414.5000 1.2330164
5414.5500 1.21983892
5414.6000 1.20666143
5414.6500 1.19975286
5414.7000 1.24052765
5414.7500 1.28130244
5414.8000 1.32207723
5414.8500 1.3500164
5414.9000 1.23199871
5414.9500 1.11398103
5415.0000 0.99596334
5415.0500 0.88767351
5415.1000 0.97654766
5415.1500 1.06542181
5415.2000 1.15429595
5415.2500 1.2410571
5415.3000 1.18670985
5415.3500 1.13236261
5415.4000 1.07801536
5415.4500 1.02366812
5415.5000 1.08934088
5415.5500 1.15696071
5415.6000 1.22458053
5415.6500 1.29220036
5415.7000 1.2734201
5415.7500 1.25055609
5415.8000 1.22769209
5415.8500 1.20482808
5415.9000 1.21887193
5415.9500 1.23581156
5416.0000 1.25275119
5416.0500 1.26969082
5416.1000 1.28937822
5416.1500 1.30936694
5416.2000 1.32935566
5416.2500 1.34934437
5416.3000 1.31998425
5416.3500 1.28368108
5416.4000 1.24737791
5416.4500 1.21107475
5416.5000 1.2387668
5416.5500 1.27742658
5416.6000 1.31608637
5416.6500 1.35474615
5416.7000 1.3443595
5416.7500 1.32408865
5416.8000 1.30381781
5416.8500 1.28354696
5416.9000 1.27817482
5416.9500 1.27624292
5417.0000 1.27431101
5417.0500 1.27237911
5417.1000 1.22968337
5417.1500 1.17641771
5417.2000 1.12315206
5417.2500 1.0698864
5417.3000 1.11810798
5417.3500 1.19540061
5417.4000 1.27269325
5417.4500 1.34998589
5417.5000 1.37188473
5417.5500 1.37649394
5417.6000 1.38110315
5417.6500 1.38571235
5417.7000 1.34492895
5417.7500 1.28889088
5417.8000 1.23285281
5417.8500 1.17681473
5417.9000 1.16426913
5417.9500 1.16729458
5418.0000 1.17032004
5418.0500 1.17334549
5418.1000 1.16397686
5418.1500 1.14992634
5418.2000 1.13587583
5418.2500 1.12182532
5418.3000 1.14921774
5418.3500 1.19298156
5418.4000 1.23674539
5418.4500 1.28050921
5418.5000 1.24716636
5418.5500 1.18223596
5418.6000 1.11730555
5418.6500 1.05237515
5418.7000 1.06035702
5418.7500 1.09906748
5418.8000 1.13777794
5418.8500 1.17648839
5418.9000 1.19151081
5418.9500 1.19634169
5419.0000 1.20117257
5419.0500 1.20600344
5419.1000 1.23483346
5419.1500 1.27412534
5419.2000 1.31341722
5419.2500 1.3527091
5419.3000 1.36452432
5419.3500 1.36429292
5419.4000 1.36406153
5419.4500 1.36383013
5419.5000 1.33158833
5419.5500 1.28533503
5419.6000 1.23908174
5419.6500 1.19282845
5419.7000 1.21265821
5419.7500 1.2611544
5419.8000 1.30965058
5419.8500 1.35814677
5419.9000 1.3267075
5419.9500 1.26115871
5420.0000 1.19560993
5420.0500 1.13006114
5420.1000 1.14048598
5420.1500 1.18255897
5420.2000 1.22463195
5420.2500 1.26670494
5420.3000 1.24444444
5420.3500 1.19622624
5420.4000 1.14800804
5420.4500 1.09978984
5420.5000 1.12062116
5420.5500 1.16821855
5420.6000 1.21581594
5420.6500 1.26341334
5420.7000 1.26218734
5420.7500 1.24293536
5420.8000 1.22368338
5420.8500 1.2044314
5420.9000 1.20278881
5420.9500 1.20728167
5421.0000 1.21177453
5421.0500 1.21626739
5421.1000 1.18652609
5421.1500 1.1456414
5421.2000 1.10475671
5421.2500 1.06387202
5421.3000 1.06033487
5421.3500 1.06802845
5421.4000 1.07572204
5421.4500 1.08341562
5421.5000 1.12294782
5421.5500 1.17121278
5421.6000 1.21947775
5421.6500 1.26774272
5421.7000 1.26200436
5421.7500 1.24295549
5421.8000 1.22390662
5421.8500 1.20485775
5421.9000 1.24607703
5421.9500 1.30040681
5422.0000 1.35473658
5422.0500 1.40906636
5422.1000 1.36008065
5422.1500 1.29170262
5422.2000 1.22332458
5422.2500 1.15494654
5422.3000 1.14389602
5422.3500 1.14185705
5422.4000 1.13981807
5422.4500 1.1377791
5422.5000 1.16053127
5422.5500 1.18641277
5422.6000 1.21229428
5422.6500 1.23817578
5422.7000 1.21979913
5422.7500 1.19721808
5422.8000 1.17463704
5422.8500 1.15205599
5422.9000 1.14389944
5422.9500 1.13666142
5423.0000 1.12942339
5423.0500 1.12218537
5423.1000 1.12421163
5423.1500 1.12653832
5423.2000 1.12886501
5423.2500 1.1311917
5423.3000 1.14864233
5423.3500 1.16611399
5423.4000 1.18358565
5423.4500 1.19955083
5423.5000 1.16713647
5423.5500 1.13472211
5423.6000 1.10230775
5423.6500 1.07332891
5423.7000 1.09514266
5423.7500 1.11695641
5423.8000 1.13877016
5423.8500 1.16177935
5423.9000 1.19578211
5423.9500 1.22978487
5424.0000 1.26378763
5424.0500 1.28348978
5424.1000 1.21106101
5424.1500 1.13863225
5424.2000 1.06620349
5424.2500 1.01223528
5424.3000 1.04699683
5424.3500 1.08175837
5424.4000 1.11651992
5424.4500 1.1418438
5424.5000 1.13201414
5424.5500 1.12218449
5424.6000 1.11235483
5424.6500 1.12099879
5424.7000 1.1842902
5424.7500 1.24758162
5424.8000 1.31087304
5424.8500 1.34236999
5424.9000 1.29795994
5424.9500 1.25354989
5425.0000 1.20913984
5425.0500 1.19868995
5425.1000 1.25435579
5425.1500 1.31002162
5425.2000 1.36568745
5425.2500 1.38740979
5425.3000 1.35492208
5425.3500 1.32243437
5425.4000 1.28994665
5425.4500 1.25900424
5425.5000 1.2300909
5425.5500 1.20117756
5425.6000 1.17226423
5425.6500 1.1442451
5425.7000 1.11719014
5425.7500 1.09013519
5425.8000 1.06308024
5425.8500 1.08056549
5425.9000 1.1372968
5425.9500 1.19402812
5426.0000 1.25075943
5426.0500 1.28270687
5426.1000 1.29696985
5426.1500 1.31123282
5426.2000 1.32549579
5426.2500 1.32767275
5426.3000 1.32296682
5426.3500 1.31826089
5426.4000 1.31355496
5426.4500 1.34305368
5426.5000 1.38775598
5426.5500 1.43245827
5426.6000 1.47716057
5426.6500 1.38023753
5426.7000 1.23585333
5426.7500 1.09146914
5426.8000 0.94708494
5426.8500 0.93619229
5426.9000 0.9571672
5426.9500 0.9781421
5427.0000 0.999117
5427.0500 1.09032104
5427.1000 1.19228511
5427.1500 1.29424918
5427.2000 1.39621325
5427.2500 1.30911065
5427.3000 1.20746562
5427.3500 1.1058206
5427.4000 1.00417557
5427.4500 1.09252983
5427.5000 1.18249619
5427.5500 1.27246256
5427.6000 1.35529827
5427.6500 1.31832216
5427.7000 1.28134606
5427.7500 1.24436995
5427.8000 1.20342988
5427.8500 1.13405102
5427.9000 1.06467217
5427.9500 0.99529331
5428.0000 0.95685078
5428.0500 1.05023224
5428.1000 1.1436137
5428.1500 1.23699516
5428.2000 1.28345318
5428.2500 1.19593458
5428.3000 1.10841598
5428.3500 1.02089737
5428.4000 0.95613739
5428.4500 0.93752539
5428.5000 0.91891339
5428.5500 0.90030139
5428.6000 0.93216724
5428.6500 1.03888706
5428.7000 1.14560688
5428.7500 1.2523267
5428.8000 1.29834995
5428.8500 1.2777709
5428.9000 1.25719186
5428.9500 1.23661281
5429.0000 1.21699568
5429.0500 1.19815785
5429.1000 1.17932003
5429.1500 1.16048221
5429.2000 1.16854147
5429.2500 1.19242179
5429.3000 1.2163021
5429.3500 1.24018241
5429.4000 1.25622736
5429.4500 1.26904748
5429.5000 1.2818676
5429.5500 1.29468772
5429.6000 1.31112097
5429.6500 1.32852164
5429.7000 1.34592232
5429.7500 1.36332299
5429.8000 1.3149401
5429.8500 1.25679235
5429.9000 1.19864459
5429.9500 1.14049684
5430.0000 1.06700589
5430.0500 0.9927798
5430.1000 0.91855372
5430.1500 0.84959036
5430.2000 0.90897128
5430.2500 0.96835219
5430.3000 1.02773311
5430.3500 1.07947952
5430.4000 1.07830942
5430.4500 1.07713933
5430.5000 1.07596924
5430.5500 1.07516228
5430.6000 1.07568618
5430.6500 1.07621008
5430.7000 1.07673399
5430.7500 1.07637981
5430.8000 1.07401736
5430.8500 1.07165491
5430.9000 1.06929247
5430.9500 1.06760905
5431.0000 1.06696277
5431.0500 1.0663165
5431.1000 1.06567022
5431.1500 1.05869335
5431.2000 1.04509287
5431.2500 1.0314924
5431.3000 1.01789192
5431.3500 0.98561138
5431.4000 0.93998622
5431.4500 0.89436106
5431.5000 0.8487359
5431.5500 0.91396365
5431.6000 1.03147783
5431.6500 1.14899202
5431.7000 1.26650621
5431.7500 1.32272488
5431.8000 1.36138005
5431.8500 1.40003521
5431.9000 1.43869038
5431.9500 1.39056378
5432.0000 1.33022609
5432.0500 1.26988841
5432.1000 1.20955072
5432.1500 1.23454915
5432.2000 1.26150289
5432.2500 1.28845664
5432.3000 1.31786804
5432.3500 1.3754889
5432.4000 1.43310975
5432.4500 1.4907306
5432.5000 1.52437386
5432.5500 1.45187033
5432.6000 1.37936681
5432.6500 1.30686328
5432.7000 1.25339425
5432.7500 1.24653122
5432.8000 1.23966818
5432.8500 1.23280515
5432.9000 1.22448917
5432.9500 1.21396893
5433.0000 1.20344869
5433.0500 1.19292846
5433.1000 1.22329928
5433.1500 1.29356365
5433.2000 1.36382803
5433.2500 1.43409241
5433.3000 1.43332304
5433.3500 1.38839506
5433.4000 1.34346708
5433.4500 1.2985391
5433.5000 0
5433.5500 0
5433.6000 0
5433.6500 0
