4256.0500 1.04869806
4256.1000 0.81251649
4256.1500 0.57633492
4256.2000 0.34015336
4256.2500 0.47825587
4256.3000 0.93083852
4256.3500 1.38342117
4256.4000 1.83600382
4256.4500 1.79814956
4256.5000 1.3575383
4256.5500 0.91692704
4256.6000 0.47631577
4256.6500 0.46286215
4256.7000 0.79068834
4256.7500 1.11851454
4256.8000 1.44634073
4256.8500 1.55390978
4256.9000 1.49107192
4256.9500 1.42823406
4257.0000 1.36539619
4257.0500 1.21799635
4257.1000 1.00754311
4257.1500 0.79708987
4257.2000 0.58663663
4257.2500 0.61194186
4257.3000 0.80585436
4257.3500 0.99976685
4257.4000 1.19367935
4257.4500 1.25689738
4257.5000 1.23091138
4257.5500 1.20492539
4257.6000 1.17893939
4257.6500 1.09754325
4257.7000 0.98023817
4257.7500 0.86293309
4257.8000 0.745628
4257.8500 0.70742139
4257.9000 0.71762494
4257.9500 0.72782849
4258.0000 0.73803204
4258.0500 0.87381937
4258.1000 1.08178356
4258.1500 1.28974775
4258.2000 1.49771194
4258.2500 1.57624137
4258.3000 1.5853347
4258.3500 1.59442802
4258.4000 1.60352135
4258.4500 1.53908555
4258.5000 1.43807163
4258.5500 1.33705771
4258.6000 1.23604378
4258.6500 1.2043779
4258.7000 1.20447348
4258.7500 1.20456906
4258.8000 1.20466464
4258.8500 1.06643638
4258.9000 0.87034857
4258.9500 0.67426076
4259.0000 0.47817295
4259.0500 0.55767902
4259.1000 0.74150807
4259.1500 0.92533712
4259.2000 1.10916617
4259.2500 1.19620452
4259.3000 1.25043771
4259.3500 1.3046709
4259.4000 1.35890408
4259.4500 1.23683429
4259.5000 1.06194006
4259.5500 0.88704582
4259.6000 0.71215158
4259.6500 0.77369529
4259.7000 0.89689331
4259.7500 1.02009133
4259.8000 1.14328936
4259.8500 1.08658013
4259.9000 0.98984674
4259.9500 0.89311335
4260.0000 0.79637995
4260.0500 0.9046617
4260.1000 1.05084055
4260.1500 1.1970194
4260.2000 1.34319825
4260.2500 1.21095118
4260.3000 1.03750079
4260.3500 0.86405039
4260.4000 0.69059999
4260.4500 0.62901563
4260.5000 0.57995474
4260.5500 0.53089385
4260.6000 0.48183296
4260.6500 0.66882882
4260.7000 0.87395339
4260.7500 1.07907795
4260.8000 1.28420252
4260.8500 1.04007149
4260.9000 0.77681485
4260.9500 0.51355821
4261.0000 0.25030157
4261.0500 0.66758215
4261.1000 1.09119391
4261.1500 1.51480567
4261.2000 1.91961556
4261.2500 1.5440715
4261.3000 1.16852743
4261.3500 0.79298337
4261.4000 0.46009041
4261.4500 0.82759054
4261.5000 1.19509067
4261.5500 1.5625908
4261.6000 1.87371108
4261.6500 1.63105664
4261.7000 1.3884022
4261.7500 1.14574776
4261.8000 0.92974666
4261.8500 0.89445721
4261.9000 0.85916777
4261.9500 0.82387833
4262.0000 0.78958509
4262.0500 0.76030437
4262.1000 0.73102364
4262.1500 0.70174292
4262.2000 0.66809931
4262.2500 0.61745094
4262.3000 0.56680256
4262.3500 0.51615419
4262.4000 0.48815649
4262.4500 0.53045334
4262.5000 0.57275019
4262.5500 0.61504704
4262.6000 0.65458754
4262.6500 0.68719072
4262.7000 0.71979391
4262.7500 0.75239709
4262.8000 0.75687765
4262.8500 0.70324712
4262.9000 0.64961658
4262.9500 0.59598605
4263.0000 0.58345857
4263.0500 0.64121076
4263.1000 0.69896295
4263.1500 0.75671514
4263.2000 0.7938298
4263.2500 0.8016193
4263.3000 0.80940879
4263.3500 0.81719829
4263.4000 0.79061157
4263.4500 0.7233801
4263.5000 0.65614864
4263.5500 0.58891717
4263.6000 0.55530418
4263.6500 0.55470817
4263.7000 0.55411216
4263.7500 0.55351615
4263.8000 0.64968334
4263.8500 0.82440385
4263.9000 0.99912436
4263.9500 1.17384486
4264.0000 1.15295003
4264.0500 1.00190805
4264.1000 0.85086606
4264.1500 0.69982408
4264.2000 0.67978355
4264.2500 0.73023143
4264.3000 0.7806793
4264.3500 0.83112718
4264.4000 0.45418677
4264.4500 -0.10507265
4264.5000 -0.66433208
4264.5500 -1.22359151
4264.6000 -0.72741146
4264.6500 0.11514074
4264.7000 0.95769293
4264.7500 1.80024512
4264.8000 1.72493099
4264.8500 1.42866108
4264.9000 1.13239117
4264.9500 0.83612125
4265.0000 0.83315465
4265.0500 0.87786543
4265.1000 0.92257621
4265.1500 0.96728699
4265.2000 1.06628683
4265.2500 1.17029737
4265.3000 1.27430791
4265.3500 1.37831845
4265.4000 1.16233467
4265.4500 0.93711883
4265.5000 0.71190298
4265.5500 0.49295308
4265.6000 0.47982628
4265.6500 0.46669949
4265.7000 0.45357269
4265.7500 0.44450904
4265.8000 0.47741885
4265.8500 0.51032865
4265.9000 0.54323846
4265.9500 0.57985661
4266.0000 0.63780521
4266.0500 0.69575381
4266.1000 0.7537024
4266.1500 0.76741849
4266.2000 0.61380788
4266.2500 0.46019727
4266.3000 0.30658666
4266.3500 0.23567392
4266.4000 0.3870157
4266.4500 0.53835747
4266.5000 0.68969925
4266.5500 0.78765291
4266.6000 0.77934936
4266.6500 0.7710458
4266.7000 0.76274225
4266.7500 0.71021352
4266.8000 0.59100903
4266.8500 0.47180454
4266.9000 0.35260004
4266.9500 0.36494695
4267.0000 0.5290907
4267.0500 0.69323444
4267.1000 0.85737819
4267.1500 0.89132819
4267.2000 0.81023899
4267.2500 0.7291498
4267.3000 0.6480606
4267.3500 0.66473687
4267.4000 0.74695704
4267.4500 0.82917721
4267.5000 0.91139738
4267.5500 0.94108368
4267.6000 0.94460559
4267.6500 0.9481275
4267.7000 0.95164941
4267.7500 0.93658648
4267.8000 0.91491028
4267.8500 0.89323408
4267.9000 0.87155788
4267.9500 0.87069788
4268.0000 0.87476224
4268.0500 0.8788266
4268.1000 0.88289096
4268.1500 0.89055247
4268.2000 0.89870002
4268.2500 0.90684757
4268.3000 0.91499512
4268.3500 0.77951981
4268.4000 0.63717769
4268.4500 0.49483556
4268.5000 0.35881066
4268.5500 0.43502557
4268.6000 0.51124047
4268.6500 0.58745537
4268.7000 0.67365823
4268.7500 0.84538897
4268.8000 1.0171197
4268.8500 1.18885044
4268.9000 1.30051786
4268.9500 1.14107134
4269.0000 0.98162482
4269.0500 0.82217829
4269.1000 0.71402954
4269.1500 0.75242399
4269.2000 0.79081845
4269.2500 0.8292129
4269.3000 0.82389908
4269.3500 0.73311023
4269.4000 0.64232139
4269.4500 0.55153254
4269.5000 0.53390073
4269.5500 0.61790767
4269.6000 0.70191461
4269.6500 0.78592155
4269.7000 0.748011
4269.7500 0.58810713
4269.8000 0.42820326
4269.8500 0.26829938
4269.9000 0.26049502
4269.9500 0.3617999
4270.0000 0.46310479
4270.0500 0.56440967
4270.1000 0.61859179
4270.1500 0.64912775
4270.2000 0.67966371
4270.2500 0.71019967
4270.3000 0.61194431
4270.3500 0.47089017
4270.4000 0.32983602
4270.4500 0.18878187
4270.5000 0.20689342
4270.5500 0.25613475
4270.6000 0.30537607
4270.6500 0.3546174
4270.7000 0.37066271
4270.7500 0.38395358
4270.8000 0.39724445
4270.8500 0.41219916
4270.9000 0.57040533
4270.9500 0.72861151
4271.0000 0.88681769
4271.0500 1.0241834
4271.1000 0.97545737
4271.1500 0.92673134
4271.2000 0.87800532
4271.2500 0.84753015
4271.3000 0.89432221
4271.3500 0.94111428
4271.4000 0.98790634
4271.4500 1.00126856
4271.5000 0.92975167
4271.5500 0.85823478
4271.6000 0.78671789
4271.6500 0.73483074
4271.7000 0.71563381
4271.7500 0.69643687
4271.8000 0.67723994
4271.8500 0.69541119
4271.9000 0.75590082
4271.9500 0.81639044
4272.0000 0.87688007
4272.0500 0.90563025
4272.1000 0.90982667
4272.1500 0.91402309
4272.2000 0.91821951
4272.2500 0.89222587
4272.3000 0.85066859
4272.3500 0.80911132
4272.4000 0.76755404
4272.4500 0.71844734
4272.5000 0.66691705
4272.5500 0.61538676
4272.6000 0.56385646
4272.6500 0.61528622
4272.7000 0.68414014
4272.7500 0.75299405
4272.8000 0.82184796
4272.8500 0.80713607
4272.9000 0.78845629
4272.9500 0.76977652
4273.0000 0.75036448
4273.0500 0.71842124
4273.1000 0.68647801
4273.1500 0.65453477
4273.2000 0.62571781
4273.2500 0.61370233
4273.3000 0.60168686
4273.3500 0.58967138
4273.4000 0.60161235
4273.4500 0.68184998
4273.5000 0.76208761
4273.5500 0.84232525
4273.6000 0.88492608
4273.6500 0.86165628
4273.7000 0.83838649
4273.7500 0.81511669
4273.8000 0.79119891
4273.8500 0.76654653
4273.9000 0.74189415
4273.9500 0.71724177
4274.0000 0.68946141
4274.0500 0.65936788
4274.1000 0.62927435
4274.1500 0.59918082
4274.2000 0.58041249
4274.2500 0.56691993
4274.3000 0.55342737
4274.3500 0.53993482
4274.4000 0.50835123
4274.4500 0.47197772
4274.5000 0.43560422
4274.5500 0.39923071
4274.6000 0.49655983
4274.6500 0.6087038
4274.7000 0.72084777
4274.7500 0.83210003
4274.8000 0.86295385
4274.8500 0.89380768
4274.9000 0.92466151
4274.9500 0.94433936
4275.0000 0.88419992
4275.0500 0.82406048
4275.1000 0.76392105
4275.1500 0.71309393
4275.2000 0.69244593
4275.2500 0.67179793
4275.3000 0.65114993
4275.3500 0.61136462
4275.4000 0.53602636
4275.4500 0.4606881
4275.5000 0.38534984
4275.5500 0.37850334
4275.6000 0.45040568
4275.6500 0.52230801
4275.7000 0.59421035
4275.7500 0.56550669
4275.8000 0.46441212
4275.8500 0.36331754
4275.9000 0.26222296
4275.9500 0.30551742
4276.0000 0.41097068
4276.0500 0.51642395
4276.1000 0.62187721
4276.1500 0.65257667
4276.2000 0.66661043
4276.2500 0.6806442
4276.3000 0.69467796
4276.3500 0.65761617
4276.4000 0.61714655
4276.4500 0.57667693
4276.5000 0.53791083
4276.5500 0.52662045
4276.6000 0.51533008
4276.6500 0.50403971
4276.7000 0.49513883
4276.7500 0.49709262
4276.8000 0.49904641
4276.8500 0.5010002
4276.9000 0.51340546
4276.9500 0.54978571
4277.0000 0.58616595
4277.0500 0.6225462
4277.1000 0.66101831
4277.1500 0.70228736
4277.2000 0.7435564
4277.2500 0.78482544
4277.3000 0.8247078
4277.3500 0.86347074
4277.4000 0.90223368
4277.4500 0.94099661
4277.5000 0.87992109
4277.5500 0.77183889
4277.6000 0.66375669
4277.6500 0.55567449
4277.7000 0.54243593
4277.7500 0.55179448
4277.8000 0.56115302
4277.8500 0.57051157
4277.9000 0.59688451
4277.9500 0.62441272
4278.0000 0.65194094
4278.0500 0.68040438
4278.1000 0.72202172
4278.1500 0.76363906
4278.2000 0.8052564
4278.2500 0.84302069
4278.3000 0.86512626
4278.3500 0.88723183
4278.4000 0.9093374
4278.4500 0.91775943
4278.5000 0.89836189
4278.5500 0.87896436
4278.6000 0.85956682
4278.6500 0.83420145
4278.7000 0.80191602
4278.7500 0.76963059
4278.8000 0.73734516
4278.8500 0.74606947
4278.9000 0.78241401
4278.9500 0.81875854
4279.0000 0.85510308
4279.0500 0.80682246
4279.1000 0.72774363
4279.1500 0.64866481
4279.2000 0.56958598
4279.2500 0.60420882
4279.3000 0.65583248
4279.3500 0.70745614
4279.4000 0.75858813
4279.4500 0.74730035
4279.5000 0.73601256
4279.5500 0.72472478
4279.6000 0.72195922
4279.6500 0.76871066
4279.7000 0.81546209
4279.7500 0.86221352
4279.8000 0.89094725
4279.8500 0.87491674
4279.9000 0.85888623
4279.9500 0.84285571
4280.0000 0.80936087
4280.0500 0.75255196
4280.1000 0.69574305
4280.1500 0.63893414
4280.2000 0.59833537
4280.2500 0.56993082
4280.3000 0.54152627
4280.3500 0.51312173
4280.4000 0.53735615
4280.4500 0.58265063
4280.5000 0.62794511
4280.5500 0.67323959
4280.6000 0.68237994
4280.6500 0.68558215
4280.7000 0.68878435
4280.7500 0.69213001
4280.8000 0.72558594
4280.8500 0.75904187
4280.9000 0.79249781
4280.9500 0.81177633
4281.0000 0.75176922
4281.0500 0.69176212
4281.1000 0.63175502
4281.1500 0.61535892
4281.2000 0.70083269
4281.2500 0.78630647
4281.3000 0.87178024
4281.3500 0.88145218
4281.4000 0.79809682
4281.4500 0.71474145
4281.5000 0.63138609
4281.5500 0.63201761
4281.6000 0.6887963
4281.6500 0.74557499
4281.7000 0.80235368
4281.7500 0.78829656
4281.8000 0.75072969
4281.8500 0.71316282
4281.9000 0.67559595
4281.9500 0.6958079
4282.0000 0.72219634
4282.0500 0.74858477
4282.1000 0.77523859
4282.1500 0.80626912
4282.2000 0.83729965
4282.2500 0.86833018
4282.3000 0.88912945
4282.3500 0.87191055
4282.4000 0.85469166
4282.4500 0.83747276
4282.5000 0.81725092
4282.5500 0.79187318
4282.6000 0.76649545
4282.6500 0.74111771
4282.7000 0.74324135
4282.7500 0.77022664
4282.8000 0.79721193
4282.8500 0.82419722
4282.9000 0.79056018
4282.9500 0.72884939
4283.0000 0.6671386
4283.0500 0.60542781
4283.1000 0.61209938
4283.1500 0.63151658
4283.2000 0.65093378
4283.2500 0.67025394
4283.3000 0.66145502
4283.3500 0.6526561
4283.4000 0.64385718
4283.4500 0.63648064
4283.5000 0.63629612
4283.5500 0.63611159
4283.6000 0.63592706
4283.6500 0.62743925
4283.7000 0.60193419
4283.7500 0.57642914
4283.8000 0.55092409
4283.8500 0.52840745
4283.9000 0.50897799
4283.9500 0.48954853
4284.0000 0.47011908
4284.0500 0.48551084
4284.1000 0.51908589
4284.1500 0.55266093
4284.2000 0.58623597
4284.2500 0.59262315
4284.3000 0.59316951
4284.3500 0.59371586
4284.4000 0.59426222
4284.4500 0.57788994
4284.5000 0.56135544
4284.5500 0.54482094
4284.6000 0.53790682
4284.6500 0.58188523
4284.7000 0.62586363
4284.7500 0.66984204
4284.8000 0.6908966
4284.8500 0.66511109
4284.9000 0.63932559
4284.9500 0.61354008
4285.0000 0.59784544
4285.0500 0.59226851
4285.1000 0.58669158
4285.1500 0.58111464
4285.2000 0.60487822
4285.2500 0.64301388
4285.3000 0.68114953
4285.3500 0.71928519
4285.4000 0.746733
4285.4500 0.77220873
4285.5000 0.79768445
4285.5500 0.8212257
4285.6000 0.74140312
4285.6500 0.66158054
4285.7000 0.58175796
4285.7500 0.51728757
4285.8000 0.51674281
4285.8500 0.51619806
4285.9000 0.51565331
4285.9500 0.50984241
4286.0000 0.49506726
4286.0500 0.48029211
4286.1000 0.46551696
4286.1500 0.4789224
4286.2000 0.51560832
4286.2500 0.55229425
4286.3000 0.58898018
4286.3500 0.59348598
4286.4000 0.58586436
4286.4500 0.57824274
4286.5000 0.57062112
4286.5500 0.56573732
4286.6000 0.56113724
4286.6500 0.55653715
4286.7000 0.54793173
4286.7500 0.49732091
4286.8000 0.44671008
4286.8500 0.39609926
4286.9000 0.37730982
4286.9500 0.44493526
4287.0000 0.51256069
4287.0500 0.58018613
4287.1000 0.61851036
4287.1500 0.62136025
4287.2000 0.62421014
4287.2500 0.62706003
4287.3000 0.60155354
4287.3500 0.55986693
4287.4000 0.51818031
4287.4500 0.47649369
4287.5000 0.43329847
4287.5500 0.38977697
4287.6000 0.34625548
4287.6500 0.30412837
4287.7000 0.41903704
4287.7500 0.53394571
4287.8000 0.64885438
4287.8500 0.73236118
4287.9000 0.68750718
4287.9500 0.64265318
4288.0000 0.59779918
4288.0500 0.58539742
4288.1000 0.62473885
4288.1500 0.66408028
4288.2000 0.70342172
4288.2500 0.67376523
4288.3000 0.59320614
4288.3500 0.51264704
4288.4000 0.43208795
4288.4500 0.4390234
4288.5000 0.47259545
4288.5500 0.5061675
4288.6000 0.53973954
4288.6500 0.54714723
4288.7000 0.55343355
4288.7500 0.55971988
4288.8000 0.56822207
4288.8500 0.58905528
4288.9000 0.6098885
4288.9500 0.63072171
4289.0000 0.64403532
4289.0500 0.64319092
4289.1000 0.64234651
4289.1500 0.64150211
4289.2000 0.64215826
4289.2500 0.64407947
4289.3000 0.64600068
4289.3500 0.64792189
4289.4000 0.60530592
4289.4500 0.546993
4289.5000 0.48868007
4289.5500 0.43036715
4289.6000 0.41859151
4289.6500 0.40992569
4289.7000 0.40125986
4289.7500 0.40752921
4289.8000 0.50831336
4289.8500 0.60909751
4289.9000 0.70988166
4289.9500 0.7515114
4290.0000 0.67659948
4290.0500 0.60168756
4290.1000 0.52677565
4290.1500 0.49859673
4290.2000 0.51054104
4290.2500 0.52248535
4290.3000 0.53442965
4290.3500 0.53283478
4290.4000 0.52649645
4290.4500 0.52015813
4290.5000 0.5138198
4290.5500 0.56813288
4290.6000 0.62603153
4290.6500 0.68393019
4290.7000 0.73296205
4290.7500 0.73133202
4290.8000 0.729702
4290.8500 0.72807197
4290.9000 0.70533634
4290.9500 0.6442292
4291.0000 0.58312206
4291.0500 0.52201493
4291.1000 0.50205433
4291.1500 0.51417602
4291.2000 0.52629772
4291.2500 0.53841941
4291.3000 0.5308681
4291.3500 0.5174425
4291.4000 0.5040169
4291.4500 0.4905913
4291.5000 0.48796135
4291.5500 0.48555882
4291.6000 0.48315629
4291.6500 0.47736358
4291.7000 0.4571002
4291.7500 0.43683683
4291.8000 0.41657346
4291.8500 0.41661018
4291.9000 0.44692164
4291.9500 0.47723311
4292.0000 0.50754457
4292.0500 0.53205035
4292.1000 0.55290782
4292.1500 0.57376529
4292.2000 0.59462275
4292.2500 0.5879724
4292.3000 0.57560567
4292.3500 0.56323893
4292.4000 0.55252711
4292.4500 0.57871201
4292.5000 0.60489692
4292.5500 0.63108183
4292.6000 0.64437054
4292.6500 0.62077153
4292.7000 0.59717252
4292.7500 0.57357352
4292.8000 0.55111021
4292.8500 0.52989564
4292.9000 0.50868107
4292.9500 0.48746651
4293.0000 0.46625094
4293.0500 0.44503493
4293.1000 0.42381891
4293.1500 0.4026029
4293.2000 0.460809
4293.2500 0.52646873
4293.3000 0.59212845
4293.3500 0.64525542
4293.4000 0.61798406
4293.4500 0.5907127
4293.5000 0.56344134
4293.5500 0.54864631
4293.6000 0.55635667
4293.6500 0.56406702
4293.7000 0.57177738
4293.7500 0.56039743
4293.8000 0.53516963
4293.8500 0.50994184
4293.9000 0.48471405
4293.9500 0.5093854
4294.0000 0.54624876
4294.0500 0.58311213
4294.1000 0.61878567
4294.1500 0.6143949
4294.2000 0.61000413
4294.2500 0.60561336
4294.3000 0.60140339
4294.3500 0.59772113
4294.4000 0.59403888
4294.4500 0.59035662
4294.5000 0.59605386
4294.5500 0.61180519
4294.6000 0.62755652
4294.6500 0.64330785
4294.7000 0.64286506
4294.7500 0.63584778
4294.8000 0.62883051
4294.8500 0.62181324
4294.9000 0.60768475
4294.9500 0.59311029
4295.0000 0.57853583
4295.0500 0.56593592
4295.1000 0.56285052
4295.1500 0.55976512
4295.2000 0.55667972
4295.2500 0.55746159
4295.3000 0.56395165
4295.3500 0.5704417
4295.4000 0.57693176
4295.4500 0.5882264
4295.5000 0.60225874
4295.5500 0.61629108
4295.6000 0.63032342
4295.6500 0.62005934
4295.7000 0.60620651
4295.7500 0.59235368
4295.8000 0.57985522
4295.8500 0.57869332
4295.9000 0.57753142
4295.9500 0.57636951
4296.0000 0.58742098
4296.0500 0.62183818
4296.1000 0.65625539
4296.1500 0.69067259
4296.2000 0.69900209
4296.2500 0.68851501
4296.3000 0.67802793
4296.3500 0.66754085
4296.4000 0.65928796
4296.4500 0.65152621
4296.5000 0.64376445
4296.5500 0.63760999
4296.6000 0.65674916
4296.6500 0.67588833
4296.7000 0.6950275
4296.7500 0.69713454
4296.8000 0.65965936
4296.8500 0.62218419
4296.9000 0.58470901
4296.9500 0.57993764
4297.0000 0.60268192
4297.0500 0.62542619
4297.1000 0.64817046
4297.1500 0.64513839
4297.2000 0.6351069
4297.2500 0.62507541
4297.3000 0.61513554
4297.3500 0.60806413
4297.4000 0.60099272
4297.4500 0.59392131
4297.5000 0.59140958
4297.5500 0.60082349
4297.6000 0.61023741
4297.6500 0.61965132
4297.7000 0.62609247
4297.7500 0.62982631
4297.8000 0.63356014
4297.8500 0.63729398
4297.9000 0.61662041
4297.9500 0.58870888
4298.0000 0.56079735
4298.0500 0.53404772
4298.1000 0.56329643
4298.1500 0.59254515
4298.2000 0.62179386
4298.2500 0.62706121
4298.3000 0.56765809
4298.3500 0.50825496
4298.4000 0.44885184
4298.4500 0.44237405
4298.5000 0.48439302
4298.5500 0.52641198
4298.6000 0.56843095
4298.6500 0.59185179
4298.7000 0.60985116
4298.7500 0.62785053
4298.8000 0.64422206
4298.8500 0.60383925
4298.9000 0.56345644
4298.9500 0.52307363
4299.0000 0.5110347
4299.0500 0.57094445
4299.1000 0.6308542
4299.1500 0.69076395
4299.2000 0.70419896
4299.2500 0.67780109
4299.3000 0.65140322
4299.3500 0.62500534
4299.4000 0.58236312
4299.4500 0.53554443
4299.5000 0.48872574
4299.5500 0.44620262
4299.6000 0.47949775
4299.6500 0.51279289
4299.7000 0.54608802
4299.7500 0.56603147
4299.8000 0.55665492
4299.8500 0.54727838
4299.9000 0.53790183
4299.9500 0.54234915
4300.0000 0.55708522
4300.0500 0.57182128
4300.1000 0.58655734
4300.1500 0.55906779
4300.2000 0.52322531
4300.2500 0.48738284
4300.3000 0.45376179
4300.3500 0.44069454
4300.4000 0.42762728
4300.4500 0.41456003
4300.5000 0.41786366
4300.5500 0.45010024
4300.6000 0.48233681
4300.6500 0.51457338
4300.7000 0.53379201
4300.7500 0.54524362
4300.8000 0.55669522
4300.8500 0.56814683
4300.9000 0.55043772
4300.9500 0.52921293
4301.0000 0.50798815
4301.0500 0.49168206
4301.1000 0.50126833
4301.1500 0.51085461
4301.2000 0.52044088
4301.2500 0.52628362
4301.3000 0.52712348
4301.3500 0.52796333
4301.4000 0.52880319
4301.4500 0.53292765
4301.5000 0.53847653
4301.5500 0.54402542
4301.6000 0.54957431
4301.6500 0.5303257
4301.7000 0.5102614
4301.7500 0.49019709
4301.8000 0.47506938
4301.8500 0.4755801
4301.9000 0.47609082
4301.9500 0.47660154
4302.0000 0.48891205
4302.0500 0.51243123
4302.1000 0.53595041
4302.1500 0.55946958
4302.2000 0.5604498
4302.2500 0.55532617
4302.3000 0.55020254
4302.3500 0.54595899
4302.4000 0.55501065
4302.4500 0.56406231
4302.5000 0.57311396
4302.5500 0.5649981
4302.6000 0.52332007
4302.6500 0.48164203
4302.7000 0.43996399
4302.7500 0.43458431
4302.8000 0.45184424
4302.8500 0.46910416
4302.9000 0.48636409
4302.9500 0.48910243
4303.0000 0.49012758
4303.0500 0.49115272
4303.1000 0.49344521
4303.1500 0.50174519
4303.2000 0.51004516
4303.2500 0.51834514
4303.3000 0.51903462
4303.3500 0.51061132
4303.4000 0.50218802
4303.4500 0.49376471
4303.5000 0.48186321
4303.5500 0.4687211
4303.6000 0.455579
4303.6500 0.44301651
4303.7000 0.45850784
4303.7500 0.47399917
4303.8000 0.4894905
4303.8500 0.49545353
4303.9000 0.47965612
4303.9500 0.4638587
4304.0000 0.44806128
4304.0500 0.47072642
4304.1000 0.52012528
4304.1500 0.56952414
4304.2000 0.618923
4304.2500 0.61998153
4304.3000 0.61422948
4304.3500 0.60847743
4304.4000 0.60265138
4304.4500 0.5964487
4304.5000 0.59024602
4304.5500 0.58404334
4304.6000 0.57135285
4304.6500 0.55082961
4304.7000 0.53030638
4304.7500 0.50978314
4304.8000 0.53521834
4304.8500 0.57654925
4304.9000 0.61788016
4304.9500 0.65710262
4305.0000 0.63664269
4305.0500 0.61618277
4305.1000 0.59572284
4305.1500 0.57962656
4305.2000 0.57253692
4305.2500 0.56544728
4305.3000 0.55835764
4305.3500 0.56048618
4305.4000 0.56827048
4305.4500 0.57605478
4305.5000 0.58383908
4305.5500 0.58322201
4305.6000 0.58181719
4305.6500 0.58041237
4305.7000 0.5789137
4305.7500 0.57706187
4305.8000 0.57521004
4305.8500 0.57335821
4305.9000 0.57290816
4305.9500 0.57382264
4306.0000 0.57473712
4306.0500 0.57565161
4306.1000 0.56044961
4306.1500 0.54133529
4306.2000 0.52222096
4306.2500 0.50389378
4306.3000 0.49236725
4306.3500 0.48084072
4306.4000 0.46931419
4306.4500 0.47977974
4306.5000 0.52269621
4306.5500 0.56561268
4306.6000 0.60852915
4306.6500 0.61829988
4306.7000 0.61422075
4306.7500 0.61014161
4306.8000 0.60582909
4306.8500 0.57175077
4306.9000 0.53767244
4306.9500 0.50359411
4307.0000 0.48625887
4307.0500 0.50594719
4307.1000 0.5256355
4307.1500 0.54532382
4307.2000 0.54370585
4307.2500 0.52881521
4307.3000 0.51392458
4307.3500 0.49903394
4307.4000 0.50969348
4307.4500 0.52251266
4307.5000 0.53533183
4307.5500 0.54942194
4307.6000 0.56778861
4307.6500 0.58615528
4307.7000 0.60452195
4307.7500 0.59413883
4307.8000 0.55899499
4307.8500 0.52385116
4307.9000 0.48870733
4307.9500 0.5221673
4308.0000 0.56805926
4308.0500 0.61395123
4308.1000 0.64679844
4308.1500 0.6096224
4308.2000 0.57244636
4308.2500 0.53527033
4308.3000 0.53358531
4308.3500 0.57214353
4308.4000 0.61070176
4308.4500 0.64925998
4308.5000 0.63811488
4308.5500 0.61306121
4308.6000 0.58800753
4308.6500 0.56361732
4308.7000 0.54553148
4308.7500 0.52744564
4308.8000 0.5093598
4308.8500 0.50397011
4308.9000 0.51683385
4308.9500 0.52969758
4309.0000 0.54256132
4309.0500 0.54317197
4309.1000 0.53916658
4309.1500 0.53516119
4309.2000 0.53129182
4309.2500 0.53040303
4309.3000 0.52951425
4309.3500 0.52862546
4309.4000 0.53417602
4309.4500 0.5510726
4309.5000 0.56796917
4309.5500 0.58486574
4309.6000 0.59341327
4309.6500 0.59806093
4309.7000 0.60270859
4309.7500 0.60721686
4309.8000 0.55149859
4309.8500 0.49578031
4309.9000 0.44006204
4309.9500 0.42206936
4310.0000 0.48273721
4310.0500 0.54340506
4310.1000 0.60407291
4310.1500 0.62792472
4310.2000 0.63169978
4310.2500 0.63547484
4310.3000 0.6392499
4310.3500 0.58845101
4310.4000 0.53603507
4310.4500 0.48361913
4310.5000 0.45146889
4310.5500 0.46740957
4310.6000 0.48335025
4310.6500 0.49929093
4310.7000 0.50151235
4310.7500 0.49542669
4310.8000 0.48934102
4310.8500 0.48325536
4310.9000 0.50313588
4310.9500 0.52437207
4311.0000 0.54560826
4311.0500 0.56246678
4311.1000 0.56801493
4311.1500 0.57356309
4311.2000 0.57911124
4311.2500 0.58874015
4311.3000 0.60099072
4311.3500 0.6132413
4311.4000 0.62549188
4311.4500 0.62441036
4311.5000 0.62247466
4311.5500 0.62053896
4311.6000 0.62090611
4311.6500 0.62744089
4311.7000 0.63397567
4311.7500 0.64051045
4311.8000 0.6405836
4311.8500 0.63643951
4311.9000 0.63229542
4311.9500 0.62815133
4312.0000 0.6260945
4312.0500 0.62417221
4312.1000 0.62224992
4312.1500 0.62003099
4312.2000 0.61702977
4312.2500 0.61402854
4312.3000 0.61102732
4312.3500 0.60025491
4312.4000 0.5845468
4312.4500 0.5688387
4312.5000 0.55313059
4312.5500 0.55557219
4312.6000 0.55898219
4312.6500 0.5623922
4312.7000 0.56748581
4312.7500 0.57673643
4312.8000 0.58598705
4312.8500 0.59523766
4312.9000 0.61705892
4312.9500 0.64631662
4313.0000 0.67557432
4313.0500 0.70483202
4313.1000 0.6613443
4313.1500 0.61556798
4313.2000 0.56979166
4313.2500 0.54483855
4313.3000 0.56584007
4313.3500 0.58684159
4313.4000 0.60784312
4313.4500 0.62035982
4313.5000 0.62841328
4313.5500 0.63646674
4313.6000 0.64452019
4313.6500 0.63859786
4313.7000 0.63267418
4313.7500 0.62675049
4313.8000 0.62060555
4313.8500 0.61404173
4313.9000 0.60747791
4313.9500 0.60091409
4314.0000 0.5909862
4314.0500 0.57956476
4314.1000 0.56814331
4314.1500 0.5582686
4314.2000 0.58498257
4314.2500 0.61169654
4314.3000 0.6384105
4314.3500 0.65214583
4314.4000 0.64555753
4314.4500 0.63896924
4314.5000 0.63238094
4314.5500 0.61095573
4314.6000 0.58431823
4314.6500 0.55768074
4314.7000 0.5349896
4314.7500 0.55149709
4314.8000 0.56800457
4314.8500 0.58451206
4314.9000 0.58526004
4314.9500 0.56627701
4315.0000 0.54729399
4315.0500 0.52831096
4315.1000 0.51876902
4315.1500 0.51162036
4315.2000 0.50447169
4315.2500 0.50066233
4315.3000 0.51539226
4315.3500 0.53012219
4315.4000 0.54485211
4315.4500 0.55523736
4315.5000 0.56142533
4315.5500 0.5676133
4315.6000 0.57380127
4315.6500 0.58970373
4315.7000 0.60711237
4315.7500 0.62452101
4315.8000 0.63327507
4315.8500 0.61205503
4315.9000 0.59083499
4315.9500 0.56961495
4316.0000 0.56366652
4316.0500 0.56862055
4316.1000 0.57357458
4316.1500 0.57852861
4316.2000 0.58796141
4316.2500 0.5976598
4316.3000 0.60735819
4316.3500 0.61480672
4316.4000 0.61714582
4316.4500 0.61948491
4316.5000 0.62182401
4316.5500 0.58180991
4316.6000 0.52079849
4316.6500 0.45978707
4316.7000 0.40238735
4316.7500 0.4524049
4316.8000 0.50242246
4316.8500 0.55244002
4316.9000 0.57315284
4316.9500 0.54947464
4317.0000 0.52579645
4317.0500 0.50211825
4317.1000 0.4940383
4317.1500 0.49077933
4317.2000 0.48752036
4317.2500 0.48942057
4317.3000 0.5254562
4317.3500 0.56149182
4317.4000 0.59752745
4317.4500 0.62359071
4317.5000 0.63967483
4317.5500 0.65575895
4317.6000 0.67184307
4317.6500 0.65398812
4317.7000 0.63103958
4317.7500 0.60809103
4317.8000 0.5931555
4317.8500 0.60355017
4317.9000 0.61394484
4317.9500 0.62433952
4318.0000 0.61945813
4318.0500 0.60490305
4318.1000 0.59034797
4318.1500 0.57579289
4318.2000 0.55027255
4318.2500 0.52458938
4318.3000 0.49890621
4318.3500 0.48994314
4318.4000 0.51075621
4318.4500 0.53156929
4318.5000 0.55238236
4318.5500 0.574348
4318.6000 0.59672923
4318.6500 0.61911047
4318.7000 0.63925963
4318.7500 0.64162028
4318.8000 0.64398093
4318.8500 0.64634158
4318.9000 0.64212263
4318.9500 0.63103199
4319.0000 0.61994135
4319.0500 0.60885071
4319.1000 0.6171767
4319.1500 0.62845708
4319.2000 0.63973747
4319.2500 0.6416824
4319.3000 0.61530026
4319.3500 0.58891811
4319.4000 0.56253597
4319.4500 0.55669424
4319.5000 0.56297061
4319.5500 0.56924698
4319.6000 0.57573932
4319.6500 0.60136936
4319.7000 0.6269994
4319.7500 0.65262944
4319.8000 0.66317325
4319.8500 0.65056326
4319.9000 0.63795327
4319.9500 0.62534328
4320.0000 0.61890878
4320.0500 0.61422615
4320.1000 0.60954353
4320.1500 0.60573746
4320.2000 0.6063788
4320.2500 0.60702014
4320.3000 0.60766149
4320.3500 0.59814172
4320.4000 0.58035586
4320.4500 0.56257
4320.5000 0.54478414
4320.5500 0.5260295
4320.6000 0.5072123
4320.6500 0.48839511
4320.7000 0.49551672
4320.7500 0.55568723
4320.8000 0.61585775
4320.8500 0.67602827
4320.9000 0.66221564
4320.9500 0.61942968
4321.0000 0.57664372
4321.0500 0.54151119
4321.1000 0.56835038
4321.1500 0.59518957
4321.2000 0.62202876
4321.2500 0.61461311
4321.3000 0.57326998
4321.3500 0.53192685
4321.4000 0.49058371
4321.4500 0.49063296
4321.5000 0.49548575
4321.5500 0.50033854
4321.6000 0.51784629
4321.6500 0.5662204
4321.7000 0.6145945
4321.7500 0.66296861
4321.8000 0.65040257
4321.8500 0.61002996
4321.9000 0.56965735
4321.9500 0.53281576
4322.0000 0.53462264
4322.0500 0.53642952
4322.1000 0.5382364
4322.1500 0.54219048
4322.2000 0.5484531
4322.2500 0.55471573
4322.3000 0.56097836
4322.3500 0.58919884
4322.4000 0.62037919
4322.4500 0.65155953
4322.5000 0.65999721
4322.5500 0.61043694
4322.6000 0.56087666
4322.6500 0.51131639
4322.7000 0.51418042
4322.7500 0.54134489
4322.8000 0.56850935
4322.8500 0.59127102
4322.9000 0.56725211
4322.9500 0.5432332
4323.0000 0.51921429
4323.0500 0.52278922
4323.1000 0.55509536
4323.1500 0.5874015
4323.2000 0.61970763
4323.2500 0.63235692
4323.3000 0.64269831
4323.3500 0.65303971
4323.4000 0.64825956
4323.4500 0.60837871
4323.5000 0.56849787
4323.5500 0.52861703
4323.6000 0.52841968
4323.6500 0.54455743
4323.7000 0.56069518
4323.7500 0.57656289
4323.8000 0.59038964
4323.8500 0.60421638
4323.9000 0.61804313
4323.9500 0.61468166
4324.0000 0.59585808
4324.0500 0.5770345
4324.1000 0.55821092
4324.1500 0.55328029
4324.2000 0.54928121
4324.2500 0.54528214
4324.3000 0.55220078
4324.3500 0.57948174
4324.4000 0.60676271
4324.4500 0.63404367
4324.5000 0.6218533
4324.5500 0.59733749
4324.6000 0.57282167
4324.6500 0.55498262
4324.7000 0.56836119
4324.7500 0.58173975
4324.8000 0.59511832
4324.8500 0.57548952
4324.9000 0.53306403
4324.9500 0.49063854
4325.0000 0.44874701
4325.0500 0.47373417
4325.1000 0.49872134
4325.1500 0.5237085
4325.2000 0.54834913
4325.2500 0.57252188
4325.3000 0.59669463
4325.3500 0.62086738
4325.4000 0.6237667
4325.4500 0.6227403
4325.5000 0.62171391
4325.5500 0.61095868
4325.6000 0.57309038
4325.6500 0.53522208
4325.7000 0.49735377
4325.7500 0.50339798
4325.8000 0.5296291
4325.8500 0.55586022
4325.9000 0.57886613
4325.9500 0.57501379
4326.0000 0.57116145
4326.0500 0.56730912
4326.1000 0.56343285
4326.1500 0.5595354
4326.2000 0.55563796
4326.2500 0.55174051
4326.3000 0.54118237
4326.3500 0.53030974
4326.4000 0.51943711
4326.4500 0.50913162
4326.5000 0.4997496
4326.5500 0.49036758
4326.6000 0.48098556
4326.6500 0.49646151
4326.7000 0.51787546
4326.7500 0.5392894
4326.8000 0.55338922
4326.8500 0.54368316
4326.9000 0.5339771
4326.9500 0.52427104
4327.0000 0.51751811
4327.0500 0.5122594
4327.1000 0.50700069
4327.1500 0.50205588
4327.2000 0.50013117
4327.2500 0.49820647
4327.3000 0.49628177
4327.3500 0.50208947
4327.4000 0.51488137
4327.4500 0.52767328
4327.5000 0.54046518
4327.5500 0.5160285
4327.6000 0.48995289
4327.6500 0.46387727
4327.7000 0.4559811
4327.7500 0.47635418
4327.8000 0.49672727
4327.8500 0.51710035
4327.9000 0.51199763
4327.9500 0.50153146
4328.0000 0.4910653
4328.0500 0.48599807
4328.1000 0.49614466
4328.1500 0.50629126
4328.2000 0.51643786
4328.2500 0.54691107
4328.3000 0.58614133
4328.3500 0.62537159
4328.4000 0.65091724
4328.4500 0.59027669
4328.5000 0.52963613
4328.5500 0.46899558
4328.6000 0.45525768
4328.6500 0.47600489
4328.7000 0.49675211
4328.7500 0.51711768
4328.8000 0.51500035
4328.8500 0.51288302
4328.9000 0.51076569
4328.9500 0.51264859
4329.0000 0.51926085
4329.0500 0.52587311
4329.1000 0.53248537
4329.1500 0.51628685
4329.2000 0.49757986
4329.2500 0.47887288
4329.3000 0.47688234
4329.3500 0.50666291
4329.4000 0.53644347
4329.4500 0.56622404
4329.5000 0.57097053
4329.5500 0.56905157
4329.6000 0.5671326
4329.6500 0.56012147
4329.7000 0.53661132
4329.7500 0.51310117
4329.8000 0.48959102
4329.8500 0.48424406
4329.9000 0.48732324
4329.9500 0.49040242
4330.0000 0.49220667
4330.0500 0.48559048
4330.1000 0.4789743
4330.1500 0.47235812
4330.2000 0.49328113
4330.2500 0.53406134
4330.3000 0.57484155
4330.3500 0.61351138
4330.4000 0.58776492
4330.4500 0.56201845
4330.5000 0.53627199
4330.5500 0.53200017
4330.6000 0.55066437
4330.6500 0.56932858
4330.7000 0.58799278
4330.7500 0.5917117
4330.8000 0.59441749
4330.8500 0.59712328
4330.9000 0.59636779
4330.9500 0.59021266
4331.0000 0.58405752
4331.0500 0.57790239
4331.1000 0.57917833
4331.1500 0.58180829
4331.2000 0.58443824
4331.2500 0.58356176
4331.3000 0.57459126
4331.3500 0.56562076
4331.4000 0.55665026
4331.4500 0.55101211
4331.5000 0.54642741
4331.5500 0.54184272
4331.6000 0.53795462
4331.6500 0.53655828
4331.7000 0.53516194
4331.7500 0.5337656
4331.8000 0.52443476
4331.8500 0.51134082
4331.9000 0.49824688
4331.9500 0.48642641
4332.0000 0.48247675
4332.0500 0.47852709
4332.1000 0.47457743
4332.1500 0.49845401
4332.2000 0.54077581
4332.2500 0.5830976
4332.3000 0.61845951
4332.3500 0.55307132
4332.4000 0.48768312
4332.4500 0.42229493
4332.5000 0.40164372
4332.5500 0.42082342
4332.6000 0.44000312
4332.6500 0.45918282
4332.7000 0.52636068
4332.7500 0.5938021
4332.8000 0.66124351
4332.8500 0.66126478
4332.9000 0.58252652
4332.9500 0.50378827
4333.0000 0.42505001
4333.0500 0.43933305
4333.1000 0.46072195
4333.1500 0.48211084
4333.2000 0.49062907
4333.2500 0.47967893
4333.3000 0.4687288
4333.3500 0.45777867
4333.4000 0.47785338
4333.4500 0.50264227
4333.5000 0.52743117
4333.5500 0.5408343
4333.6000 0.53207052
4333.6500 0.52330675
4333.7000 0.51454297
4333.7500 0.50734933
4333.8000 0.50051988
4333.8500 0.49369043
4333.9000 0.49137959
4333.9500 0.50039059
4334.0000 0.50940158
4334.0500 0.51841257
4334.1000 0.54101977
4334.1500 0.56792213
4334.2000 0.59482448
4334.2500 0.60769289
4334.3000 0.57506588
4334.3500 0.54243886
4334.4000 0.50981184
4334.4500 0.52100416
4334.5000 0.54986011
4334.5500 0.57871605
4334.6000 0.59634868
4334.6500 0.56638489
4334.7000 0.5364211
4334.7500 0.50645731
4334.8000 0.49693576
4334.8500 0.49748035
4334.9000 0.49802494
4334.9500 0.50223008
4335.0000 0.5271068
4335.0500 0.55198351
4335.1000 0.57686022
4335.1500 0.57954659
4335.2000 0.56931041
4335.2500 0.55907423
4335.3000 0.54729824
4335.3500 0.52363096
4335.4000 0.49996369
4335.4500 0.47629641
4335.5000 0.49005157
4335.5500 0.52891539
4335.6000 0.56777922
4335.6500 0.60175198
4335.7000 0.58198438
4335.7500 0.56221678
4335.8000 0.54244917
4335.8500 0.51947553
4335.9000 0.49407859
4335.9500 0.46868165
4336.0000 0.4456918
4336.0500 0.46269698
4336.1000 0.47970215
4336.1500 0.49670732
4336.2000 0.49800446
4336.2500 0.48619587
4336.3000 0.47438727
4336.3500 0.46368835
4336.4000 0.48386952
4336.4500 0.50405069
4336.5000 0.52423185
4336.5500 0.53497511
4336.6000 0.53719174
4336.6500 0.53940837
4336.7000 0.54114618
4336.7500 0.51549461
4336.8000 0.48984305
4336.8500 0.46419148
4336.9000 0.45919742
4336.9500 0.47403943
4337.0000 0.48888144
4337.0500 0.50348524
4337.1000 0.46224055
4337.1500 0.42099587
4337.2000 0.37975118
4337.2500 0.39086636
4337.3000 0.45444728
4337.3500 0.51802821
4337.4000 0.58160913
4337.4500 0.5555453
4337.5000 0.52911115
4337.5500 0.50267701
4337.6000 0.49154287
4337.6500 0.49611677
4337.7000 0.50069067
4337.7500 0.50526458
4337.8000 0.49216619
4337.8500 0.47892705
4337.9000 0.46568791
4337.9500 0.4505369
4338.0000 0.43341121
4338.0500 0.41628552
4338.1000 0.39915983
4338.1500 0.42956567
4338.2000 0.46031216
4338.2500 0.49105866
4338.3000 0.48208724
4338.3500 0.43259425
4338.4000 0.38310125
4338.4500 0.33360826
4338.5000 0.35346897
4338.5500 0.3734517
4338.6000 0.39343444
4338.6500 0.40109516
4338.7000 0.39656326
4338.7500 0.39203135
4338.8000 0.38737281
4338.8500 0.36735441
4338.9000 0.347336
4338.9500 0.3273176
4339.0000 0.32620351
4339.0500 0.3429025
4339.1000 0.3596015
4339.1500 0.37585061
4339.2000 0.37271838
4339.2500 0.36958615
4339.3000 0.36645392
4339.3500 0.3622166
4339.4000 0.35700579
4339.4500 0.35179498
4339.5000 0.34690248
4339.5500 0.34931248
4339.6000 0.35172248
4339.6500 0.35413249
4339.7000 0.33927341
4339.7500 0.31045682
4339.8000 0.28164023
4339.8500 0.25531014
4339.9000 0.26449859
4339.9500 0.27368704
4340.0000 0.2828755
4340.0500 0.31452459
4340.1000 0.36250719
4340.1500 0.4104898
4340.2000 0.45356958
4340.2500 0.44920397
4340.3000 0.44483836
4340.3500 0.44047275
4340.4000 0.40350179
4340.4500 0.34564005
4340.5000 0.2877783
4340.5500 0.24089963
4340.6000 0.26988428
4340.6500 0.29886894
4340.7000 0.3278536
4340.7500 0.31597861
4340.8000 0.28157422
4340.8500 0.24716983
4340.9000 0.22394586
4340.9500 0.25777775
4341.0000 0.29160964
4341.0500 0.32544153
4341.1000 0.31299588
4341.1500 0.27919588
4341.2000 0.24539588
4341.2500 0.2162426
4341.3000 0.20502054
4341.3500 0.19379848
4341.4000 0.18257642
4341.4500 0.19510777
4341.5000 0.21649148
4341.5500 0.23787519
4341.6000 0.24800457
4341.6500 0.22478886
4341.7000 0.20157315
4341.7500 0.17835744
4341.8000 0.19648993
4341.8500 0.22646708
4341.9000 0.25644423
4341.9500 0.2707878
4342.0000 0.24924615
4342.0500 0.2277045
4342.1000 0.20616284
4342.1500 0.24701285
4342.2000 0.30057623
4342.2500 0.35413961
4342.3000 0.38632787
4342.3500 0.38037396
4342.4000 0.37442005
4342.4500 0.36846615
4342.5000 0.33765074
4342.5500 0.30372173
4342.6000 0.26979273
4342.6500 0.26175241
4342.7000 0.28955048
4342.7500 0.31734855
4342.8000 0.34514662
4342.8500 0.36224509
4342.9000 0.37879527
4342.9500 0.39534545
4343.0000 0.37188434
4343.0500 0.3058087
4343.1000 0.23973307
4343.1500 0.17556748
4343.2000 0.21338916
4343.2500 0.25121084
4343.3000 0.28903252
4343.3500 0.28885426
4343.4000 0.25804254
4343.4500 0.22723081
4343.5000 0.20427527
4343.5500 0.26066636
4343.6000 0.31705745
4343.6500 0.37344854
4343.7000 0.40005468
4343.7500 0.40899188
4343.8000 0.41792908
4343.8500 0.42142142
4343.9000 0.39763226
4343.9500 0.37384311
4344.0000 0.35005395
4344.0500 0.34798498
4344.1000 0.35495076
4344.1500 0.36191653
4344.2000 0.37228103
4344.2500 0.39299363
4344.3000 0.41370623
4344.3500 0.43441882
4344.4000 0.43559705
4344.4500 0.43156335
4344.5000 0.42752965
4344.5500 0.42060321
4344.6000 0.4078742
4344.6500 0.39514519
4344.7000 0.38241618
4344.7500 0.40533532
4344.8000 0.43324881
4344.8500 0.46116231
4344.9000 0.47733853
4344.9500 0.47748441
4345.0000 0.47763028
4345.0500 0.47777616
4345.1000 0.44979059
4345.1500 0.42091771
4345.2000 0.39204482
4345.2500 0.35378633
4345.3000 0.30676977
4345.3500 0.25975321
4345.4000 0.22040877
4345.4500 0.28909514
4345.5000 0.35778151
4345.5500 0.42646788
4345.6000 0.44537917
4345.6500 0.4333233
4345.7000 0.42126744
4345.7500 0.40865421
4345.8000 0.39327624
4345.8500 0.37789828
4345.9000 0.36252031
4345.9500 0.37648658
4346.0000 0.40185184
4346.0500 0.4272171
4346.1000 0.45338632
4346.1500 0.4816877
4346.2000 0.50998908
4346.2500 0.53829047
4346.3000 0.5524126
4346.3500 0.5636008
4346.4000 0.574789
4346.4500 0.56684205
4346.5000 0.52825628
4346.5500 0.48967052
4346.6000 0.45108475
4346.6500 0.47577399
4346.7000 0.50439695
4346.7500 0.5330199
4346.8000 0.54643129
4346.8500 0.54460943
4346.9000 0.54278758
4346.9500 0.53948062
4347.0000 0.51247175
4347.0500 0.48546287
4347.1000 0.458454
4347.1500 0.46647658
4347.2000 0.49602239
4347.2500 0.5255682
4347.3000 0.54955589
4347.3500 0.54839983
4347.4000 0.54724376
4347.4500 0.54608769
4347.5000 0.54912177
4347.5500 0.55359922
4347.6000 0.55807668
4347.6500 0.53956957
4347.7000 0.46934603
4347.7500 0.3991225
4347.8000 0.32889896
4347.8500 0.33865882
4347.9000 0.36008251
4347.9500 0.38150619
4348.0000 0.40958696
4348.0500 0.44617761
4348.1000 0.48276825
4348.1500 0.51903385
4348.2000 0.50365393
4348.2500 0.488274
4348.3000 0.47289407
4348.3500 0.45375516
4348.4000 0.43183484
4348.4500 0.40991452
4348.5000 0.39673717
4348.5500 0.43538139
4348.6000 0.47402562
4348.6500 0.51266984
4348.7000 0.51753915
4348.7500 0.50895414
4348.8000 0.50036912
4348.8500 0.49085479
4348.9000 0.47903221
4348.9500 0.46720962
4349.0000 0.45538704
4349.0500 0.47818807
4349.1000 0.50662073
4349.1500 0.53505338
4349.2000 0.54839535
4349.2500 0.54208146
4349.3000 0.53576757
4349.3500 0.52903054
4349.4000 0.47890566
4349.4500 0.42878079
4349.5000 0.37865592
4349.5500 0.38882109
4349.6000 0.44155315
4349.6500 0.49428521
4349.7000 0.53906776
4349.7500 0.54326678
4349.8000 0.54746579
4349.8500 0.55166481
4349.9000 0.60185102
4349.9500 0.66797877
4350.0000 0.73410651
4350.0500 0.7511313
4350.1000 0.6650089
4350.1500 0.57888649
4350.2000 0.49276409
4350.2500 0.49816441
4350.3000 0.51332959
4350.3500 0.52849477
4350.4000 0.53430789
4350.4500 0.53022289
4350.5000 0.52613788
4350.5500 0.52415879
4350.6000 0.55051289
4350.6500 0.57686699
4350.7000 0.60322109
4350.7500 0.60865668
4350.8000 0.60301056
4350.8500 0.59736445
4350.9000 0.59460356
4350.9500 0.60101145
4351.0000 0.60741934
4351.0500 0.61382723
4351.1000 0.60766363
4351.1500 0.59885482
4351.2000 0.59004602
4351.2500 0.5633334
4351.3000 0.51129074
4351.3500 0.45924808
4351.4000 0.40747018
4351.4500 0.43784304
4351.5000 0.46821591
4351.5500 0.49858877
4351.6000 0.48617211
4351.6500 0.44444257
4351.7000 0.40271303
4351.7500 0.37558822
4351.8000 0.41287014
4351.8500 0.45015206
4351.9000 0.48743399
4351.9500 0.52366188
4352.0000 0.55958792
4352.0500 0.59551396
4352.1000 0.60485877
4352.1500 0.56914828
4352.2000 0.53343778
4352.2500 0.49772728
4352.3000 0.5233938
4352.3500 0.55122832
4352.4000 0.57906284
4352.4500 0.59142653
4352.5000 0.59172571
4352.5500 0.59202489
4352.6000 0.5876857
4352.6500 0.5588074
4352.7000 0.52992909
4352.7500 0.50105079
4352.8000 0.51237195
4352.8500 0.53658088
4352.9000 0.56078982
4352.9500 0.56662908
4353.0000 0.53933085
4353.0500 0.51203262
4353.1000 0.48473438
4353.1500 0.48623125
4353.2000 0.48901572
4353.2500 0.49180019
4353.3000 0.47557194
4353.3500 0.44433822
4353.4000 0.41310451
4353.4500 0.39317405
4353.5000 0.43182323
4353.5500 0.47047241
4353.6000 0.50912159
4353.6500 0.52344132
4353.7000 0.53031798
4353.7500 0.53719463
4353.8000 0.53697117
4353.8500 0.52470374
4353.9000 0.51243631
4353.9500 0.50016887
4354.0000 0.46187952
4354.0500 0.422982
4354.1000 0.38408449
4354.1500 0.3634597
4354.2000 0.35581931
4354.2500 0.34817891
4354.3000 0.35806662
4354.3500 0.44116494
4354.4000 0.52426325
4354.4500 0.60736156
4354.5000 0.61312339
4354.5500 0.59989961
4354.6000 0.58667583
4354.6500 0.57826034
4354.7000 0.57665738
4354.7500 0.57505443
4354.8000 0.57380041
4354.8500 0.58573225
4354.9000 0.59766408
4354.9500 0.60959592
4355.0000 0.58668288
4355.0500 0.54407944
4355.1000 0.501476
4355.1500 0.47584358
4355.2000 0.50025295
4355.2500 0.52466231
4355.3000 0.54907168
4355.3500 0.56511891
4355.4000 0.5799023
4355.4500 0.5946857
4355.5000 0.59188937
4355.5500 0.57044879
4355.6000 0.54900821
4355.6500 0.52620963
4355.7000 0.4915915
4355.7500 0.45697337
4355.8000 0.42235524
4355.8500 0.45876997
4355.9000 0.5225425
4355.9500 0.58631504
4356.0000 0.59694186
4356.0500 0.50531179
4356.1000 0.41368172
4356.1500 0.32205165
4356.2000 0.37784707
4356.2500 0.43927919
4356.3000 0.50071131
4356.3500 0.5167202
4356.4000 0.50057297
4356.4500 0.48442575
4356.5000 0.4808039
4356.5500 0.52459065
4356.6000 0.5683774
4356.6500 0.61216415
4356.7000 0.54902814
4356.7500 0.46455052
4356.8000 0.38007291
4356.8500 0.35983086
4356.9000 0.4151828
4356.9500 0.47053474
4357.0000 0.52147834
4357.0500 0.52575098
4357.1000 0.53002362
4357.1500 0.53429627
4357.2000 0.51963951
4357.2500 0.4974141
4357.3000 0.47518869
4357.3500 0.46479343
4357.4000 0.47699985
4357.4500 0.48920627
4357.5000 0.50141268
4357.5500 0.52236126
4357.6000 0.54354374
4357.6500 0.56472623
4357.7000 0.58001126
4357.7500 0.59145309
4357.8000 0.60289491
4357.8500 0.61127088
4357.9000 0.60983627
4357.9500 0.60840167
4358.0000 0.60696707
4358.0500 0.61042
4358.1000 0.61459103
4358.1500 0.61876206
4358.2000 0.65129789
4358.2500 0.71143253
4358.3000 0.77156718
4358.3500 0.82435286
4358.4000 0.83307324
4358.4500 0.84179362
4358.5000 0.850514
4358.5500 0.80151074
4358.6000 0.73624311
4358.6500 0.67097549
4358.7000 0.62162673
4358.7500 0.5943914
4358.8000 0.56715607
4358.8500 0.54335203
4358.9000 0.57518011
4358.9500 0.60700819
4359.0000 0.63883626
4359.0500 0.62614233
4359.1000 0.59425604
4359.1500 0.56236974
4359.2000 0.53636795
4359.2500 0.52175844
4359.3000 0.50714893
4359.3500 0.49253942
4359.4000 0.51616432
4359.4500 0.54042767
4359.5000 0.56469103
4359.5500 0.58352838
4359.6000 0.59914741
4359.6500 0.61476645
4359.7000 0.62347101
4359.7500 0.61375902
4359.8000 0.60404702
4359.8500 0.59433502
4359.9000 0.55541342
4359.9500 0.51393041
4360.0000 0.4724474
4360.0500 0.49251664
4360.1000 0.55960266
4360.1500 0.62668868
4360.2000 0.65941608
4360.2500 0.56717633
4360.3000 0.47493659
4360.3500 0.38269684
4360.4000 0.39550174
4360.4500 0.42462987
4360.5000 0.453758
4360.5500 0.48393344
4360.6000 0.51508923
4360.6500 0.54624502
4360.7000 0.56844382
4360.7500 0.54649268
4360.8000 0.52454155
4360.8500 0.50259041
4360.9000 0.48144039
4360.9500 0.46046389
4361.0000 0.43948739
4361.0500 0.43065339
4361.1000 0.43516482
4361.1500 0.43967624
4361.2000 0.44706099
4361.2500 0.47334106
4361.3000 0.49962113
4361.3500 0.5259012
4361.4000 0.54416932
4361.4500 0.56029138
4361.5000 0.57641345
4361.5500 0.56944614
4361.6000 0.53387011
4361.6500 0.49829408
4361.7000 0.46659653
4361.7500 0.46772998
4361.8000 0.46886342
4361.8500 0.46999687
4361.9000 0.441365
4361.9500 0.40363193
4362.0000 0.36589886
4362.0500 0.38171521
4362.1000 0.46934279
4362.1500 0.55697038
4362.2000 0.63424987
4362.2500 0.6064354
4362.3000 0.57862093
4362.3500 0.55080645
4362.4000 0.53639701
4362.4500 0.52637849
4362.5000 0.51635998
4362.5500 0.4859014
4362.6000 0.42698703
4362.6500 0.36807266
4362.7000 0.31460417
4362.7500 0.32055961
4362.8000 0.32651504
4362.8500 0.33247048
4362.9000 0.38119843
4362.9500 0.44410668
4363.0000 0.50701493
4363.0500 0.55347121
4363.1000 0.57713613
4363.1500 0.60080106
4363.2000 0.62062867
4363.2500 0.60097847
4363.3000 0.58132827
4363.3500 0.56167807
4363.4000 0.61122355
4363.4500 0.68272836
4363.5000 0.75423316
4363.5500 0.76345106
4363.6000 0.69035649
4363.6500 0.61726192
4363.7000 0.55332169
4363.7500 0.56862492
4363.8000 0.58392815
4363.8500 0.59923138
4363.9000 0.58908574
4363.9500 0.57165771
4364.0000 0.55422968
4364.0500 0.5407303
4364.1000 0.53198228
4364.1500 0.52323425
4364.2000 0.51386587
4364.2500 0.50030342
4364.3000 0.48674097
4364.3500 0.47317852
4364.4000 0.47952341
4364.4500 0.49065224
4364.5000 0.50178107
4364.5500 0.52081102
4364.6000 0.54823783
4364.6500 0.57566464
4364.7000 0.60008161
4364.7500 0.60920948
4364.8000 0.61833734
4364.8500 0.62746521
4364.9000 0.58284136
4364.9500 0.52838174
4365.0000 0.47392212
4365.0500 0.46914563
4365.1000 0.50890697
4365.1500 0.5486683
4365.2000 0.57817919
4365.2500 0.56923037
4365.3000 0.56028156
4365.3500 0.55133274
4365.4000 0.56115495
4365.4500 0.57318593
4365.5000 0.58521691
4365.5500 0.59697022
4365.6000 0.60852258
4365.6500 0.62007494
4365.7000 0.62902846
4365.7500 0.63083732
4365.8000 0.63264617
4365.8500 0.63445503
4365.9000 0.59769753
4365.9500 0.55909949
4366.0000 0.52050146
4366.0500 0.55021491
4366.1000 0.61780226
4366.1500 0.6853896
4366.2000 0.71906776
4366.2500 0.68493077
4366.3000 0.65079378
4366.3500 0.61709111
4366.4000 0.6006723
4366.4500 0.58425348
4366.5000 0.56783467
4366.5500 0.50989332
4366.6000 0.43554927
4366.6500 0.36120522
4366.7000 0.35164488
4366.7500 0.43519625
4366.8000 0.51874762
4366.8500 0.58937665
4366.9000 0.5497505
4366.9500 0.51012434
4367.0000 0.47049819
4367.0500 0.47342598
4367.1000 0.48694778
4367.1500 0.50046957
4367.2000 0.48981521
4367.2500 0.45474944
4367.3000 0.41968367
4367.3500 0.40997475
4367.4000 0.50452079
4367.4500 0.59906683
4367.5000 0.69361287
4367.5500 0.58216319
4367.6000 0.44650597
4367.6500 0.31084876
4367.7000 0.31575051
4367.7500 0.41624868
4367.8000 0.51674685
4367.8500 0.56946698
4367.9000 0.50893331
4367.9500 0.44839964
4368.0000 0.38786597
4368.0500 0.3405619
4368.1000 0.29326642
4368.1500 0.24597095
4368.2000 0.26341623
4368.2500 0.30819335
4368.3000 0.35297047
4368.3500 0.38613743
4368.4000 0.40246501
4368.4500 0.41879259
4368.5000 0.43905469
4368.5500 0.48983754
4368.6000 0.54062039
4368.6500 0.59140323
4368.7000 0.58900403
4368.7500 0.57504411
4368.8000 0.56108418
4368.8500 0.56367569
4368.9000 0.58095499
4368.9500 0.59823429
4369.0000 0.61365478
4369.0500 0.62316866
4369.1000 0.63268255
4369.1500 0.64219643
4369.2000 0.69703947
4369.2500 0.7542653
4369.3000 0.81149113
4369.3500 0.79981305
4369.4000 0.75293821
4369.4500 0.70606336
4369.5000 0.67438514
4369.5500 0.66804725
4369.6000 0.66170936
4369.6500 0.65115852
4369.7000 0.59749374
4369.7500 0.54382896
4369.8000 0.49016418
4369.8500 0.48818708
4369.9000 0.49878637
4369.9500 0.50938566
4370.0000 0.47921311
4370.0500 0.41151549
4370.1000 0.34381786
4370.1500 0.31297151
4370.2000 0.39990703
4370.2500 0.48684256
4370.3000 0.57377808
4370.3500 0.55411055
4370.4000 0.52965819
4370.4500 0.50520582
4370.5000 0.53371912
4370.5500 0.58751167
4370.6000 0.64130423
4370.6500 0.68945902
4370.7000 0.72908447
4370.7500 0.76870992
4370.8000 0.8031301
4370.8500 0.79942287
4370.9000 0.79571564
4370.9500 0.79200841
4371.0000 0.72173526
4371.0500 0.63910678
4371.1000 0.5564783
4371.1500 0.51567671
4371.2000 0.50669746
4371.2500 0.49771821
4371.3000 0.46597818
4371.3500 0.37946046
4371.4000 0.29294274
4371.4500 0.21115908
4371.5000 0.35770644
4371.5500 0.5042538
4371.6000 0.65080117
4371.6500 0.66887842
4371.7000 0.6437274
4371.7500 0.61857638
4371.8000 0.64546403
4371.8500 0.72934032
4371.9000 0.81321661
4371.9500 0.84272269
4372.0000 0.66459461
4372.0500 0.48646652
4372.1000 0.30833844
4372.1500 0.41090409
4372.2000 0.53174186
4372.2500 0.65257964
4372.3000 0.68237702
4372.3500 0.66761634
4372.4000 0.65285566
4372.4500 0.61812371
4372.5000 0.55405865
4372.5500 0.48999359
4372.6000 0.46249987
4372.6500 0.6598951
4372.7000 0.85729033
4372.7500 1.05468556
4372.8000 0.96005627
4372.8500 0.8240274
4372.9000 0.68799854
4372.9500 0.66142455
4373.0000 0.70396754
4373.0500 0.74651053
4373.1000 0.76698392
4373.1500 0.74668738
4373.2000 0.72639084
4373.2500 0.69926545
4373.3000 0.60360732
4373.3500 0.50794919
4373.4000 0.41229105
4373.4500 0.51228731
4373.5000 0.65202486
4373.5500 0.79176242
4373.6000 0.81394324
4373.6500 0.74847749
4373.7000 0.68301175
4373.7500 0.64843347
4373.8000 0.68079472
4373.8500 0.71315597
4373.9000 0.74014607
4373.9500 0.68260004
4374.0000 0.62505401
4374.0500 0.56750798
4374.1000 0.59154356
4374.1500 0.63535431
4374.2000 0.67916506
4374.2500 0.62955041
4374.3000 0.50386637
4374.3500 0.37818234
4374.4000 0.30458048
4374.4500 0.35328715
4374.5000 0.40199382
4374.5500 0.45016368
4374.6000 0.48751043
4374.6500 0.52485717
4374.7000 0.56220391
4374.7500 0.41639588
4374.8000 0.22393914
4374.8500 0.03148239
4374.9000 0.08597327
4374.9500 0.34422743
4375.0000 0.60248158
4375.0500 0.74937058
4375.1000 0.63635448
4375.1500 0.52333839
4375.2000 0.42451715
4375.2500 0.57853915
4375.3000 0.73256114
4375.3500 0.88658314
4375.4000 0.82007278
4375.4500 0.70099159
4375.5000 0.5819104
4375.5500 0.50527313
4375.6000 0.46158026
4375.6500 0.41788738
4375.7000 0.41486972
4375.7500 0.49842536
4375.8000 0.58198101
4375.8500 0.65419879
4375.9000 0.59136288
4375.9500 0.52852697
4376.0000 0.46569106
4376.0500 0.44080319
4376.1000 0.42333819
4376.1500 0.40587319
4376.2000 0.35359385
4376.2500 0.27776369
4376.3000 0.20193352
4376.3500 0.15909848
4376.4000 0.17550103
4376.4500 0.19190358
4376.5000 0.21067907
4376.5500 0.24683421
4376.6000 0.28298934
4376.6500 0.31914448
4376.7000 0.30451974
4376.7500 0.28321064
4376.8000 0.26190154
4376.8500 0.29149425
4376.9000 0.34869222
4376.9500 0.4058902
4377.0000 0.45068087
4377.0500 0.47792517
4377.1000 0.50516947
4377.1500 0.53656873
4377.2000 0.58674201
4377.2500 0.63691529
4377.3000 0.68708857
4377.3500 0.70741664
4377.4000 0.72615251
4377.4500 0.74488839
4377.5000 0.70122783
4377.5500 0.63313876
4377.6000 0.56504969
4377.6500 0.51544714
4377.7000 0.48515591
4377.7500 0.45486467
4377.8000 0.43343283
4377.8500 0.43712707
4377.9000 0.44082131
4377.9500 0.44796072
4378.0000 0.55472987
4378.0500 0.66149903
4378.1000 0.76826819
4378.1500 0.69285749
4378.2000 0.57396551
4378.2500 0.45507352
4378.3000 0.4574556
4378.3500 0.54681022
4378.4000 0.63616484
4378.4500 0.63387215
4378.5000 0.46762106
4378.5500 0.30136997
4378.6000 0.18315135
4378.6500 0.37036316
4378.7000 0.55757496
4378.7500 0.74478677
4378.8000 0.65211771
4378.8500 0.53324223
4378.9000 0.41436676
4378.9500 0.48029995
4379.0000 0.62771025
4379.0500 0.77512055
4379.1000 0.82566239
4379.1500 0.76905968
4379.2000 0.71245697
4379.2500 0.69911809
4379.3000 0.81101695
4379.3500 0.92291581
4379.4000 1.02572131
4379.4500 0.90941546
4379.5000 0.79310961
4379.5500 0.67680376
4379.6000 0.72023226
4379.6500 0.79775794
4379.7000 0.87528362
4379.7500 0.92183274
4379.8000 0.94853381
4379.8500 0.97523488
4379.9000 0.91205982
4379.9500 0.71181292
4380.0000 0.51156603
4380.0500 0.38712421
4380.1000 0.599507
4380.1500 0.81188979
4380.2000 1.02427258
4380.2500 0.77244312
4380.3000 0.50751308
4380.3500 0.24258303
4380.4000 0.28460864
4380.4500 0.42221969
4380.5000 0.55983074
4380.5500 0.54397848
4380.6000 0.40442307
4380.6500 0.26486766
4380.7000 0.17965971
4380.7500 0.19718776
4380.8000 0.21471581
4380.8500 0.24513982
4380.9000 0.35516506
4380.9500 0.46519029
4381.0000 0.57521552
4381.0500 0.74473308
4381.1000 0.91845377
4381.1500 1.09217447
4381.2000 0.93181223
4381.2500 0.64773108
4381.3000 0.36364993
4381.3500 0.40786363
4381.4000 0.7471504
4381.4500 1.08643716
4381.5000 1.22400595
4381.5500 0.94202909
4381.6000 0.66005223
4381.6500 0.43399002
4381.7000 0.60336384
4381.7500 0.77273767
4381.8000 0.94211149
4381.8500 0.83471158
4381.9000 0.70462008
4381.9500 0.57452858
4382.0000 0.64123559
4382.0500 0.78232097
4382.1000 0.92340636
4382.1500 0.90657355
4382.2000 0.74877759
4382.2500 0.59098163
4382.3000 0.44797388
4382.3500 0.33469945
4382.4000 0.22142502
4382.4500 0.12191939
4382.5000 0.10907126
4382.5500 0.09622313
4382.6000 0.083375
4382.6500 0.14795501
4382.7000 0.21719788
4382.7500 0.28644075
4382.8000 0.33340893
4382.8500 0.37296981
4382.9000 0.41253068
4382.9500 0.406201
4383.0000 0.36364448
4383.0500 0.32108795
4383.1000 0.35445706
4383.1500 0.51800318
4383.2000 0.68154929
4383.2500 0.80953151
4383.3000 0.77449063
4383.3500 0.73944974
4383.4000 0.70440886
4383.4500 0.51040138
4383.5000 0.31493928
4383.5500 0.11947719
4383.6000 0.14151425
4383.6500 0.21659679
4383.7000 0.29167933
4383.7500 0.3628987
4383.8000 0.43173096
4383.8500 0.50056321
4383.9000 0.60993854
4383.9500 0.77232182
4384.0000 0.93470511
4384.0500 1.01555806
4384.1000 0.85159716
4384.1500 0.68763627
4384.2000 0.51597991
4384.2500 0.23789389
4384.3000 -0.04019212
4384.3500 -0.31827814
4384.4000 -0.07666837
4384.4500 0.23168959
4384.5000 0.54004754
4384.5500 0
4384.6000 0
4384.6500 0
