4804.0500 3.31397903
4804.1000 3.38307916
4804.1500 3.60719197
4804.2000 3.91172839
4804.2500 4.21626481
4804.3000 4.52080123
4804.3500 4.74282726
4804.4000 4.32543893
4804.4500 3.9080506
4804.5000 3.49066226
4804.5500 3.07327393
4804.6000 2.86188849
4804.6500 2.80508148
4804.7000 2.74827448
4804.7500 2.69146748
4804.8000 2.64225054
4804.8500 2.84314597
4804.9000 3.0440414
4804.9500 3.24493683
4805.0000 3.44583226
4805.0500 3.4698759
4805.1000 3.30891
4805.1500 3.14794409
4805.2000 2.98697818
4805.2500 2.82601227
4805.3000 2.76723875
4805.3500 2.71394195
4805.4000 2.66064515
4805.4500 2.60734834
4805.5000 2.76610693
4805.5500 3.2291742
4805.6000 3.69224146
4805.6500 4.15530873
4805.7000 4.61837599
4805.7500 4.33543371
4805.8000 3.9442963
4805.8500 3.55315888
4805.9000 3.16202146
4805.9500 2.88906664
4806.0000 2.84847617
4806.0500 2.8078857
4806.1000 2.76729523
4806.1500 2.72670475
4806.2000 2.80549762
4806.2500 2.9137513
4806.3000 3.02200498
4806.3500 3.13025866
4806.4000 3.25140507
4806.4500 3.40774202
4806.5000 3.56407898
4806.5500 3.72041593
4806.6000 3.87675288
4806.6500 3.89422737
4806.7000 3.86172074
4806.7500 3.82921411
4806.8000 3.79670747
4806.8500 3.768155
4806.9000 3.75506379
4806.9500 3.74197258
4807.0000 3.72888137
4807.0500 3.71579016
4807.1000 3.6745066
4807.1500 3.61953261
4807.2000 3.56455862
4807.2500 3.50958463
4807.3000 3.47266693
4807.3500 3.54332531
4807.4000 3.6139837
4807.4500 3.68464209
4807.5000 3.75530048
4807.5500 3.71218066
4807.6000 3.5979709
4807.6500 3.48376113
4807.7000 3.36955137
4807.7500 3.25315492
4807.8000 3.11418748
4807.8500 2.97522003
4807.9000 2.83625259
4807.9500 2.69728514
4808.0000 2.77429197
4808.0500 3.01939713
4808.1000 3.2645023
4808.1500 3.50960746
4808.2000 3.73771995
4808.2500 3.52926899
4808.3000 3.32081802
4808.3500 3.11236706
4808.4000 2.9039161
4808.4500 2.79909851
4808.5000 2.79237081
4808.5500 2.78564311
4808.6000 2.77891541
4808.6500 2.77218771
4808.7000 2.95122843
4808.7500 3.13192754
4808.8000 3.31262664
4808.8500 3.49332575
4808.9000 3.55067218
4808.9500 3.46875129
4809.0000 3.3868304
4809.0500 3.30490951
4809.1000 3.22298862
4809.1500 3.1871235
4809.2000 3.15371372
4809.2500 3.12030394
4809.3000 3.08689415
4809.3500 3.00866519
4809.4000 2.87107553
4809.4500 2.73348588
4809.5000 2.59589622
4809.5500 2.45830656
4809.6000 2.67990758
4809.6500 2.93609338
4809.7000 3.19227919
4809.7500 3.44846499
4809.8000 3.54699577
4809.8500 3.40432918
4809.9000 3.26166259
4809.9500 3.118996
4810.0000 2.97632942
4810.0500 2.99098321
4810.1000 3.0271892
4810.1500 3.06339519
4810.2000 3.09960117
4810.2500 3.11684148
4810.3000 3.10107099
4810.3500 3.0853005
4810.4000 3.06953001
4810.4500 3.05375951
4810.5000 3.02860569
4810.5500 3.00181424
4810.6000 2.97502279
4810.6500 2.94823134
4810.7000 2.95054695
4810.7500 3.00960016
4810.8000 3.06865336
4810.8500 3.12770657
4810.9000 3.18675977
4810.9500 3.20263921
4811.0000 3.20954175
4811.0500 3.21644429
4811.1000 3.22334682
4811.1500 3.18139176
4811.2000 3.03456037
4811.2500 2.88772899
4811.3000 2.74089761
4811.3500 2.59406623
4811.4000 2.56266237
4811.4500 2.55853002
4811.5000 2.55439767
4811.5500 2.55026532
4811.6000 2.60205795
4811.6500 2.78365411
4811.7000 2.96525028
4811.7500 3.14684644
4811.8000 3.3284426
4811.8500 3.4048132
4811.9000 3.45396307
4811.9500 3.50311294
4812.0000 3.5522628
4812.0500 3.54931789
4812.1000 3.41819998
4812.1500 3.28708207
4812.2000 3.15596417
4812.2500 3.02484626
4812.3000 3.0721256
4812.3500 3.16837049
4812.4000 3.26461538
4812.4500 3.36086027
4812.5000 3.44428882
4812.5500 3.49499396
4812.6000 3.54569909
4812.6500 3.59640423
4812.7000 3.64710936
4812.7500 3.56865467
4812.8000 3.45363653
4812.8500 3.33861838
4812.9000 3.22360023
4812.9500 3.15508344
4813.0000 3.20706406
4813.0500 3.25904468
4813.1000 3.3110253
4813.1500 3.36300592
4813.2000 3.32667502
4813.2500 3.26524394
4813.3000 3.20381285
4813.3500 3.14238177
4813.4000 3.10733489
4813.4500 3.14011513
4813.5000 3.17289536
4813.5500 3.2056756
4813.6000 3.23845584
4813.6500 3.24484123
4813.7000 3.24389312
4813.7500 3.24294501
4813.8000 3.24199691
4813.8500 3.28697347
4813.9000 3.44646907
4813.9500 3.60596467
4814.0000 3.76546027
4814.0500 3.92495587
4814.1000 3.92871324
4814.1500 3.8913324
4814.2000 3.85395156
4814.2500 3.81657072
4814.3000 3.75186233
4814.3500 3.62247029
4814.4000 3.49307824
4814.4500 3.3636862
4814.5000 3.23429415
4814.5500 3.31878539
4814.6000 3.45538214
4814.6500 3.5919789
4814.7000 3.72857566
4814.7500 3.77848152
4814.8000 3.63754105
4814.8500 3.49660058
4814.9000 3.3556601
4814.9500 3.21471963
4815.0000 3.15793032
4815.0500 3.1193938
4815.1000 3.08085729
4815.1500 3.04232077
4815.2000 3.0146081
4815.2500 3.00864366
4815.3000 3.00267923
4815.3500 2.9967148
4815.4000 2.99075036
4815.4500 3.09731104
4815.5000 3.22467008
4815.5500 3.35202911
4815.6000 3.47938815
4815.6500 3.52845513
4815.7000 3.43641411
4815.7500 3.3443731
4815.8000 3.25233209
4815.8500 3.16029107
4815.9000 3.17717265
4815.9500 3.2102091
4816.0000 3.24324556
4816.0500 3.27628202
4816.1000 3.29287722
4816.1500 3.28331815
4816.2000 3.27375908
4816.2500 3.26420002
4816.3000 3.25464095
4816.3500 3.38435362
4816.4000 3.52914977
4816.4500 3.67394593
4816.5000 3.81874208
4816.5500 3.79094429
4816.6000 3.52453468
4816.6500 3.25812506
4816.7000 2.99171544
4816.7500 2.72530583
4816.8000 2.85060613
4816.8500 3.0016538
4816.9000 3.15270148
4816.9500 3.30374916
4817.0000 3.36608655
4817.0500 3.32347396
4817.1000 3.28086136
4817.1500 3.23824876
4817.2000 3.19563616
4817.2500 3.23088171
4817.3000 3.26779962
4817.3500 3.30471753
4817.4000 3.34163544
4817.4500 3.33424691
4817.5000 3.28273316
4817.5500 3.23121942
4817.6000 3.17970567
4817.6500 3.13072276
4817.7000 3.18365989
4817.7500 3.23659701
4817.8000 3.28953414
4817.8500 3.34247126
4817.9000 3.3526407
4817.9500 3.32761832
4818.0000 3.30259594
4818.0500 3.27757356
4818.1000 3.25359791
4818.1500 3.24270131
4818.2000 3.23180472
4818.2500 3.22090813
4818.3000 3.21001154
4818.3500 3.19288712
4818.4000 3.17162404
4818.4500 3.15036096
4818.5000 3.12909789
4818.5500 3.112475
4818.6000 3.12729801
4818.6500 3.14212101
4818.7000 3.15694402
4818.7500 3.17176703
4818.8000 3.2095575
4818.8500 3.25930873
4818.9000 3.30905996
4818.9500 3.35881119
4819.0000 3.41494186
4819.0500 3.49868198
4819.1000 3.58242209
4819.1500 3.6661622
4819.2000 3.74990232
4819.2500 3.72667408
4819.3000 3.66163578
4819.3500 3.59659749
4819.4000 3.53155919
4819.4500 3.47654938
4819.5000 3.45139856
4819.5500 3.42624774
4819.6000 3.40109692
4819.6500 3.37594609
4819.7000 3.27025052
4819.7500 3.14249718
4819.8000 3.01474384
4819.8500 2.88699051
4819.9000 2.8310411
4819.9500 2.92783493
4820.0000 3.02462875
4820.0500 3.12142257
4820.1000 3.21821639
4820.1500 3.15383151
4820.2000 3.06226296
4820.2500 2.97069441
4820.3000 2.87912586
4820.3500 2.87701439
4820.4000 3.01321475
4820.4500 3.1494151
4820.5000 3.28561546
4820.5500 3.42181581
4820.6000 3.42938392
4820.6500 3.4274158
4820.7000 3.42544769
4820.7500 3.42347957
4820.8000 3.41871663
4820.8500 3.41080672
4820.9000 3.40289681
4820.9500 3.39498689
4821.0000 3.38674821
4821.0500 3.34870854
4821.1000 3.31066887
4821.1500 3.27262921
4821.2000 3.23458954
4821.2500 3.21881712
4821.3000 3.22107172
4821.3500 3.22332632
4821.4000 3.22558092
4821.4500 3.22345148
4821.5000 3.17978989
4821.5500 3.1361283
4821.6000 3.09246672
4821.6500 3.04880513
4821.7000 3.06714193
4821.7500 3.12042819
4821.8000 3.17371445
4821.8500 3.2270007
4821.9000 3.27137315
4821.9500 3.27639486
4822.0000 3.28141657
4822.0500 3.28643828
4822.1000 3.29145999
4822.1500 3.26132866
4822.2000 3.21826344
4822.2500 3.17519821
4822.3000 3.13213298
4822.3500 3.11694902
4822.4000 3.17398282
4822.4500 3.23101662
4822.5000 3.28805042
4822.5500 3.34508422
4822.6000 3.26901286
4822.6500 3.16513699
4822.7000 3.06126112
4822.7500 2.95738526
4822.8000 2.9131855
4822.8500 2.96758754
4822.9000 3.02198959
4822.9500 3.07639164
4823.0000 3.13079369
4823.0500 3.03088062
4823.1000 2.9189994
4823.1500 2.80711818
4823.2000 2.69523696
4823.2500 2.70131167
4823.3000 2.83507976
4823.3500 2.96884785
4823.4000 3.10261595
4823.4500 3.23116042
4823.5000 3.2089906
4823.5500 3.18682077
4823.6000 3.16465095
4823.6500 3.14248112
4823.7000 3.07151738
4823.7500 2.96636182
4823.8000 2.86120625
4823.8500 2.75605068
4823.9000 2.69488001
4823.9500 2.8959726
4824.0000 3.09706519
4824.0500 3.29815779
4824.1000 3.49925038
4824.1500 3.46674643
4824.2000 3.33433689
4824.2500 3.20192735
4824.3000 3.06951782
4824.3500 2.95604568
4824.4000 2.89692056
4824.4500 2.83779544
4824.5000 2.77867032
4824.5500 2.7195452
4824.6000 2.78292357
4824.6500 2.87364073
4824.7000 2.96435788
4824.7500 3.05507503
4824.8000 3.08546623
4824.8500 3.01652976
4824.9000 2.94759329
4824.9500 2.87865682
4825.0000 2.80972035
4825.0500 2.86950039
4825.1000 2.9375945
4825.1500 3.00568861
4825.2000 3.07378273
4825.2500 3.08747731
4825.3000 3.04719825
4825.3500 3.0069192
4825.4000 2.96664014
4825.4500 2.93230824
4825.5000 2.98245294
4825.5500 3.03259764
4825.6000 3.08274233
4825.6500 3.13288703
4825.7000 3.13435482
4825.7500 3.10732547
4825.8000 3.08029611
4825.8500 3.05326676
4825.9000 3.03719652
4825.9500 3.06583061
4826.0000 3.09446469
4826.0500 3.12309877
4826.1000 3.15173285
4826.1500 3.08791873
4826.2000 2.99557733
4826.2500 2.90323593
4826.3000 2.81089452
4826.3500 2.75010702
4826.4000 2.75261725
4826.4500 2.75512747
4826.5000 2.75763769
4826.5500 2.76014792
4826.6000 2.8592745
4826.6500 2.96886128
4826.7000 3.07844805
4826.7500 3.18803483
4826.8000 3.24923377
4826.8500 3.2565478
4826.9000 3.26386182
4826.9500 3.27117585
4827.0000 3.27282104
4827.0500 3.15446659
4827.1000 3.03611214
4827.1500 2.91775768
4827.2000 2.79940323
4827.2500 2.76400318
4827.3000 2.77982193
4827.3500 2.79564068
4827.4000 2.81145943
4827.4500 2.81592196
4827.5000 2.77277431
4827.5500 2.72962666
4827.6000 2.68647901
4827.6500 2.64333136
4827.7000 2.71289051
4827.7500 2.81648054
4827.8000 2.92007056
4827.8500 3.02366059
4827.9000 3.06493868
4827.9500 2.98778356
4828.0000 2.91062844
4828.0500 2.83347331
4828.1000 2.75631819
4828.1500 2.80064353
4828.2000 2.85516191
4828.2500 2.90968029
4828.3000 2.96419867
4828.3500 2.97062787
4828.4000 2.9292745
4828.4500 2.88792112
4828.5000 2.84656775
4828.5500 2.80618243
4828.6000 2.77666615
4828.6500 2.74714987
4828.7000 2.71763359
4828.7500 2.68811731
4828.8000 2.6603419
4828.8500 2.63345083
4828.9000 2.60655975
4828.9500 2.57966868
4829.0000 2.57995708
4829.0500 2.66370157
4829.1000 2.74744606
4829.1500 2.83119056
4829.2000 2.91493505
4829.2500 2.89426448
4829.3000 2.85211206
4829.3500 2.80995964
4829.4000 2.76780721
4829.4500 2.77394368
4829.5000 2.84836174
4829.5500 2.92277981
4829.6000 2.99719787
4829.6500 3.0715565
4829.7000 2.94622155
4829.7500 2.8208866
4829.8000 2.69555166
4829.8500 2.57021671
4829.9000 2.54397737
4829.9500 2.58730899
4830.0000 2.6306406
4830.0500 2.67397221
4830.1000 2.70553875
4830.1500 2.6819949
4830.2000 2.65845105
4830.2500 2.6349072
4830.3000 2.61136334
4830.3500 2.57041914
4830.4000 2.52414466
4830.4500 2.47787018
4830.5000 2.4315957
4830.5500 2.43167107
4830.6000 2.5154994
4830.6500 2.59932773
4830.7000 2.68315606
4830.7500 2.76698439
4830.8000 2.8443904
4830.8500 2.92144546
4830.9000 2.99850051
4830.9500 3.07555557
4831.0000 3.06886111
4831.0500 2.99119466
4831.1000 2.9135282
4831.1500 2.83586175
4831.2000 2.77325142
4831.2500 2.80663814
4831.3000 2.84002486
4831.3500 2.87341158
4831.4000 2.90679831
4831.4500 2.94760297
4831.5000 2.99113683
4831.5500 3.03467069
4831.6000 3.07820456
4831.6500 3.08898675
4831.7000 3.03256962
4831.7500 2.97615248
4831.8000 2.91973535
4831.8500 2.86331821
4831.9000 2.8760304
4831.9500 2.89430766
4832.0000 2.91258492
4832.0500 2.93086218
4832.1000 2.94999363
4832.1500 2.96989947
4832.2000 2.98980532
4832.2500 3.00971117
4832.3000 3.02500619
4832.3500 3.00792745
4832.4000 2.99084872
4832.4500 2.97376998
4832.5000 2.95669125
4832.5500 2.92569878
4832.6000 2.88945579
4832.6500 2.85321281
4832.7000 2.81696982
4832.7500 2.78318794
4832.8000 2.75443549
4832.8500 2.72568304
4832.9000 2.6969306
4832.9500 2.66817815
4833.0000 2.75278575
4833.0500 2.84562796
4833.1000 2.93847018
4833.1500 3.03131239
4833.2000 3.03283026
4833.2500 2.95566416
4833.3000 2.87849806
4833.3500 2.80133197
4833.4000 2.7420608
4833.4500 2.78981154
4833.5000 2.83756228
4833.5500 2.88531301
4833.6000 2.93306375
4833.6500 2.94987326
4833.7000 2.95639737
4833.7500 2.96292147
4833.8000 2.96944558
4833.8500 2.93999082
4833.9000 2.84628359
4833.9500 2.75257637
4834.0000 2.65886915
4834.0500 2.56516192
4834.1000 2.63462752
4834.1500 2.70938569
4834.2000 2.78414387
4834.2500 2.85890204
4834.3000 2.90430795
4834.3500 2.92840565
4834.4000 2.95250335
4834.4500 2.97660105
4834.5000 2.97361014
4834.5500 2.85616676
4834.6000 2.73872338
4834.6500 2.62128
4834.7000 2.50383662
4834.7500 2.56141928
4834.8000 2.66151881
4834.8500 2.76161834
4834.9000 2.86171786
4834.9500 2.91292127
4835.0000 2.89630079
4835.0500 2.87968031
4835.1000 2.86305982
4835.1500 2.84626144
4835.2000 2.82447876
4835.2500 2.80269608
4835.3000 2.7809134
4835.3500 2.75913072
4835.4000 2.76246249
4835.4500 2.77924676
4835.5000 2.79603104
4835.5500 2.81281531
4835.6000 2.82769128
4835.6500 2.83738427
4835.7000 2.84707726
4835.7500 2.85677026
4835.8000 2.86646325
4835.8500 2.84350635
4835.9000 2.81643993
4835.9500 2.78937351
4836.0000 2.76230709
4836.0500 2.7623919
4836.1000 2.78872116
4836.1500 2.81505042
4836.2000 2.84137968
4836.2500 2.85523481
4836.3000 2.78558231
4836.3500 2.71592981
4836.4000 2.6462773
4836.4500 2.5766248
4836.5000 2.61372392
4836.5500 2.68591084
4836.6000 2.75809776
4836.6500 2.83028469
4836.7000 2.86427309
4836.7500 2.83499502
4836.8000 2.80571694
4836.8500 2.77643887
4836.9000 2.74717794
4836.9500 2.72929655
4837.0000 2.71141517
4837.0500 2.69353378
4837.1000 2.67565239
4837.1500 2.68450101
4837.2000 2.70920183
4837.2500 2.73390265
4837.3000 2.75860347
4837.3500 2.78615884
4837.4000 2.82204789
4837.4500 2.85793693
4837.5000 2.89382598
4837.5500 2.92971503
4837.6000 2.89526429
4837.6500 2.8515599
4837.7000 2.80785551
4837.7500 2.76415112
4837.8000 2.70677744
4837.8500 2.63645465
4837.9000 2.56613187
4837.9500 2.49580908
4838.0000 2.44541607
4838.0500 2.51300867
4838.1000 2.58060126
4838.1500 2.64819385
4838.2000 2.71578644
4838.2500 2.70058307
4838.3000 2.6615728
4838.3500 2.62256252
4838.4000 2.58355224
4838.4500 2.55439377
4838.5000 2.53941011
4838.5500 2.52442646
4838.6000 2.50944281
4838.6500 2.49767759
4838.7000 2.55487638
4838.7500 2.61207517
4838.8000 2.66927396
4838.8500 2.72647275
4838.9000 2.71310137
4838.9500 2.66657077
4839.0000 2.62004017
4839.0500 2.57350958
4839.1000 2.54684513
4839.1500 2.56293169
4839.2000 2.57901825
4839.2500 2.59510481
4839.3000 2.61119137
4839.3500 2.60947139
4839.4000 2.60691996
4839.4500 2.60436853
4839.5000 2.6018171
4839.5500 2.58559532
4839.6000 2.56005724
4839.6500 2.53451915
4839.7000 2.50898107
4839.7500 2.50483799
4839.8000 2.57025737
4839.8500 2.63567674
4839.9000 2.70109612
4839.9500 2.7665155
4840.0000 2.78932329
4840.0500 2.80615061
4840.1000 2.82297793
4840.1500 2.83980525
4840.2000 2.8287639
4840.2500 2.79197941
4840.3000 2.75519493
4840.3500 2.71841045
4840.4000 2.68894152
4840.4500 2.69678681
4840.5000 2.70463211
4840.5500 2.71247741
4840.6000 2.7203227
4840.6500 2.73558908
4840.7000 2.75260521
4840.7500 2.76962135
4840.8000 2.78663749
4840.8500 2.77056119
4840.9000 2.71495617
4840.9500 2.65935115
4841.0000 2.60374613
4841.0500 2.55601266
4841.1000 2.57656166
4841.1500 2.59711067
4841.2000 2.61765967
4841.2500 2.63820867
4841.3000 2.65245247
4841.3500 2.66461952
4841.4000 2.67678658
4841.4500 2.68895364
4841.5000 2.70499023
4841.5500 2.72677568
4841.6000 2.74856112
4841.6500 2.77034656
4841.7000 2.79036377
4841.7500 2.77914285
4841.8000 2.76792192
4841.8500 2.75670099
4841.9000 2.74548007
4841.9500 2.76045793
4842.0000 2.78634389
4842.0500 2.81222985
4842.1000 2.83811581
4842.1500 2.84635178
4842.2000 2.82316854
4842.2500 2.7999853
4842.3000 2.77680207
4842.3500 2.75391919
4842.4000 2.75137368
4842.4500 2.74882816
4842.5000 2.74628264
4842.5500 2.74373712
4842.6000 2.71823678
4842.6500 2.68146152
4842.7000 2.64468626
4842.7500 2.60791099
4842.8000 2.57275362
4842.8500 2.54091296
4842.9000 2.5090723
4842.9500 2.47723164
4843.0000 2.44539098
4843.0500 2.44631972
4843.1000 2.447703
4843.1500 2.44908629
4843.2000 2.45046957
4843.2500 2.4620262
4843.3000 2.47915839
4843.3500 2.49629058
4843.4000 2.51342276
4843.4500 2.52662384
4843.5000 2.53094379
4843.5500 2.53526374
4843.6000 2.53958369
4843.6500 2.54390364
4843.7000 2.55202611
4843.7500 2.56027073
4843.8000 2.56851534
4843.8500 2.57675995
4843.9000 2.58536614
4843.9500 2.59418274
4844.0000 2.60299934
4844.0500 2.61181594
4844.1000 2.6083817
4844.1500 2.57589211
4844.2000 2.54340251
4844.2500 2.51091292
4844.3000 2.47842332
4844.3500 2.47786124
4844.4000 2.47855198
4844.4500 2.47924273
4844.5000 2.47993347
4844.5500 2.53195343
4844.6000 2.61423573
4844.6500 2.69651804
4844.7000 2.77880034
4844.7500 2.81567346
4844.8000 2.74514485
4844.8500 2.67461624
4844.9000 2.60408764
4844.9500 2.53355903
4845.0000 2.50715071
4845.0500 2.48227536
4845.1000 2.4574
4845.1500 2.43252465
4845.2000 2.46774529
4845.2500 2.53722892
4845.3000 2.60671254
4845.3500 2.67619617
4845.4000 2.71756753
4845.4500 2.6959419
4845.5000 2.67431627
4845.5500 2.65269064
4845.6000 2.631065
4845.6500 2.64797648
4845.7000 2.66561721
4845.7500 2.68325794
4845.8000 2.70089867
4845.8500 2.71711213
4845.9000 2.73257549
4845.9500 2.74803884
4846.0000 2.7635022
4846.0500 2.74771718
4846.1000 2.66871333
4846.1500 2.58970948
4846.2000 2.51070563
4846.2500 2.43249777
4846.3000 2.46296117
4846.3500 2.49342456
4846.4000 2.52388796
4846.4500 2.55435135
4846.5000 2.57213298
4846.5500 2.58408184
4846.6000 2.5960307
4846.6500 2.60797956
4846.7000 2.6101564
4846.7500 2.59524871
4846.8000 2.58034102
4846.8500 2.56543333
4846.9000 2.55063284
4846.9500 2.53816363
4847.0000 2.52569442
4847.0500 2.51322521
4847.1000 2.500756
4847.1500 2.54728667
4847.2000 2.61616599
4847.2500 2.68504531
4847.3000 2.75392462
4847.3500 2.78007164
4847.4000 2.74416093
4847.4500 2.70825021
4847.5000 2.6723395
4847.5500 2.6395384
4847.6000 2.63760745
4847.6500 2.6356765
4847.7000 2.63374555
4847.7500 2.6318146
4847.8000 2.62997503
4847.8500 2.62816178
4847.9000 2.62634853
4847.9500 2.62453527
4848.0000 2.62800303
4848.0500 2.63760607
4848.1000 2.64720911
4848.1500 2.65681215
4848.2000 2.65872313
4848.2500 2.61702326
4848.3000 2.57532339
4848.3500 2.53362352
4848.4000 2.49192365
4848.4500 2.46140239
4848.5000 2.43303433
4848.5500 2.40466627
4848.6000 2.37629821
4848.6500 2.40522933
4848.7000 2.48532935
4848.7500 2.56542938
4848.8000 2.64552941
4848.8500 2.692958
4848.9000 2.62403324
4848.9500 2.55510848
4849.0000 2.48618372
4849.0500 2.41725896
4849.1000 2.41865155
4849.1500 2.42687806
4849.2000 2.43510458
4849.2500 2.4433311
4849.3000 2.45263778
4849.3500 2.46265021
4849.4000 2.47266265
4849.4500 2.48267509
4849.5000 2.47224071
4849.5500 2.41396668
4849.6000 2.35569264
4849.6500 2.29741861
4849.7000 2.23914457
4849.7500 2.3008845
4849.8000 2.36319764
4849.8500 2.42551078
4849.9000 2.48782391
4849.9500 2.5093901
4850.0000 2.51284398
4850.0500 2.51629787
4850.1000 2.51975175
4850.1500 2.53430808
4850.2000 2.56619177
4850.2500 2.59807547
4850.3000 2.62995917
4850.3500 2.65460903
4850.4000 2.60609629
4850.4500 2.55758354
4850.5000 2.5090708
4850.5500 2.46055806
4850.6000 2.44630746
4850.6500 2.4411291
4850.7000 2.43595074
4850.7500 2.43077238
4850.8000 2.42776195
4850.8500 2.42698524
4850.9000 2.42620853
4850.9500 2.42543182
4851.0000 2.42606731
4851.0500 2.4325096
4851.1000 2.43895188
4851.1500 2.44539417
4851.2000 2.45183646
4851.2500 2.42793301
4851.3000 2.40065534
4851.3500 2.37337767
4851.4000 2.3461
4851.4500 2.36685814
4851.5000 2.41891835
4851.5500 2.47097857
4851.6000 2.52303878
4851.6500 2.54682109
4851.7000 2.50830451
4851.7500 2.46978793
4851.8000 2.43127135
4851.8500 2.39370951
4851.9000 2.40256778
4851.9500 2.41142605
4852.0000 2.42028432
4852.0500 2.42914259
4852.1000 2.43507626
4852.1500 2.43992452
4852.2000 2.44477278
4852.2500 2.44962104
4852.3000 2.46585411
4852.3500 2.496594
4852.4000 2.52733389
4852.4500 2.55807379
4852.5000 2.57833307
4852.5500 2.53980874
4852.6000 2.50128441
4852.6500 2.46276008
4852.7000 2.42423575
4852.7500 2.43867701
4852.8000 2.46144598
4852.8500 2.48421495
4852.9000 2.50698391
4852.9500 2.50517297
4853.0000 2.48542871
4853.0500 2.46568445
4853.1000 2.44594019
4853.1500 2.43307062
4853.2000 2.43675537
4853.2500 2.44044013
4853.3000 2.44412488
4853.3500 2.44779249
4853.4000 2.44974471
4853.4500 2.45169693
4853.5000 2.45364916
4853.5500 2.45560138
4853.6000 2.45558321
4853.6500 2.45482733
4853.7000 2.45407145
4853.7500 2.45331558
4853.8000 2.45078311
4853.8500 2.44604831
4853.9000 2.44131352
4853.9500 2.43657873
4854.0000 2.4244069
4854.0500 2.37504059
4854.1000 2.32567429
4854.1500 2.27630799
4854.2000 2.22694169
4854.2500 2.24276714
4854.3000 2.26681647
4854.3500 2.29086581
4854.4000 2.31491514
4854.4500 2.32690168
4854.5000 2.33119381
4854.5500 2.33548595
4854.6000 2.33977808
4854.6500 2.3432305
4854.7000 2.34501111
4854.7500 2.34679172
4854.8000 2.34857233
4854.8500 2.34795885
4854.9000 2.30940344
4854.9500 2.27084803
4855.0000 2.23229262
4855.0500 2.19373721
4855.1000 2.20603045
4855.1500 2.23220205
4855.2000 2.25837366
4855.2500 2.28454527
4855.3000 2.30563637
4855.3500 2.32190524
4855.4000 2.33817411
4855.4500 2.35444298
4855.5000 2.36203779
4855.5500 2.34242142
4855.6000 2.32280505
4855.6500 2.30318868
4855.7000 2.28357231
4855.7500 2.29925845
4855.8000 2.31597591
4855.8500 2.33269336
4855.9000 2.34941082
4855.9500 2.32804847
4856.0000 2.29057813
4856.0500 2.25310778
4856.1000 2.21563744
4856.1500 2.19315171
4856.2000 2.19012219
4856.2500 2.18709267
4856.3000 2.18406315
4856.3500 2.17938283
4856.4000 2.16656502
4856.4500 2.15374721
4856.5000 2.1409294
4856.5500 2.1281116
4856.6000 2.09449513
4856.6500 2.05865582
4856.7000 2.0228165
4856.7500 1.98697718
4856.8000 1.994895
4856.8500 2.02748375
4856.9000 2.06007249
4856.9500 2.09266124
4857.0000 2.11860502
4857.0500 2.13355401
4857.1000 2.148503
4857.1500 2.16345199
4857.2000 2.17381474
4857.2500 2.14894287
4857.3000 2.124071
4857.3500 2.09919913
4857.4000 2.07432726
4857.4500 2.07499708
4857.5000 2.08000325
4857.5500 2.08500942
4857.6000 2.09001559
4857.6500 2.09597607
4857.7000 2.10258403
4857.7500 2.10919198
4857.8000 2.11579993
4857.8500 2.11567172
4857.9000 2.10234607
4857.9500 2.08902041
4858.0000 2.07569476
4858.0500 2.06225137
4858.1000 2.0474776
4858.1500 2.03270382
4858.2000 2.01793005
4858.2500 2.00315628
4858.3000 1.97889257
4858.3500 1.95262841
4858.4000 1.92636426
4858.4500 1.90010011
4858.5000 1.8968478
4858.5500 1.9108331
4858.6000 1.9248184
4858.6500 1.9388037
4858.7000 1.94302075
4858.7500 1.92636409
4858.8000 1.90970742
4858.8500 1.89305075
4858.9000 1.87936825
4858.9500 1.90705539
4859.0000 1.93474252
4859.0500 1.96242965
4859.1000 1.99011679
4859.1500 1.99395341
4859.2000 1.99243288
4859.2500 1.99091235
4859.3000 1.98939182
4859.3500 1.98224305
4859.4000 1.97080189
4859.4500 1.95936072
4859.5000 1.94791956
4859.5500 1.9359215
4859.6000 1.92273622
4859.6500 1.90955094
4859.7000 1.89636566
4859.7500 1.88396508
4859.8000 1.88160317
4859.8500 1.87924126
4859.9000 1.87687935
4859.9500 1.87451744
4860.0000 1.84040455
4860.0500 1.79964655
4860.1000 1.75888856
4860.1500 1.71813056
4860.2000 1.72204372
4860.2500 1.7579617
4860.3000 1.79387967
4860.3500 1.82979765
4860.4000 1.84071022
4860.4500 1.80297261
4860.5000 1.76523501
4860.5500 1.7274974
4860.6000 1.69548517
4860.6500 1.71639862
4860.7000 1.73731208
4860.7500 1.75822554
4860.8000 1.779139
4860.8500 1.78498962
4860.9000 1.78832636
4860.9500 1.79166309
4861.0000 1.79499982
4861.0500 1.74504522
4861.1000 1.66208953
4861.1500 1.57913384
4861.2000 1.49617814
4861.2500 1.4382171
4861.3000 1.42114247
4861.3500 1.40406785
4861.4000 1.38699322
4861.4500 1.37537695
4861.5000 1.39662071
4861.5500 1.41786448
4861.6000 1.43910825
4861.6500 1.46035202
4861.7000 1.46888775
4861.7500 1.4761164
4861.8000 1.48334506
4861.8500 1.49057371
4861.9000 1.47817732
4861.9500 1.45621345
4862.0000 1.43424958
4862.0500 1.41228571
4862.1000 1.40646707
4862.1500 1.42127866
4862.2000 1.43609026
4862.2500 1.45090185
4862.3000 1.45867194
4862.3500 1.43946917
4862.4000 1.4202664
4862.4500 1.40106363
4862.5000 1.38186086
4862.5500 1.3704561
4862.6000 1.35924109
4862.6500 1.34802608
4862.7000 1.33681107
4862.7500 1.32912297
4862.8000 1.32263123
4862.8500 1.31613948
4862.9000 1.30964774
4862.9500 1.3006815
4863.0000 1.28941652
4863.0500 1.27815155
4863.1000 1.26688657
4863.1500 1.26769131
4863.2000 1.29785355
4863.2500 1.32801579
4863.3000 1.35817803
4863.3500 1.38622151
4863.4000 1.38404694
4863.4500 1.38187237
4863.5000 1.3796978
4863.5500 1.37752323
4863.6000 1.38098039
4863.6500 1.38550284
4863.7000 1.39002528
4863.7500 1.39454772
4863.8000 1.40425913
4863.8500 1.41718364
4863.9000 1.43010815
4863.9500 1.44303267
4864.0000 1.4486068
4864.0500 1.44294479
4864.1000 1.43728279
4864.1500 1.43162078
4864.2000 1.4325758
4864.2500 1.46481328
4864.3000 1.49705076
4864.3500 1.52928825
4864.4000 1.56152573
4864.4500 1.55474125
4864.5000 1.54611625
4864.5500 1.53749125
4864.6000 1.52886625
4864.6500 1.52073079
4864.7000 1.51277042
4864.7500 1.50481005
4864.8000 1.49684968
4864.8500 1.50316255
4864.9000 1.5226822
4864.9500 1.54220185
4865.0000 1.5617215
4865.0500 1.57990464
4865.1000 1.59502046
4865.1500 1.61013627
4865.2000 1.62525209
4865.2500 1.64196709
4865.3000 1.67508964
4865.3500 1.70821218
4865.4000 1.74133473
4865.4500 1.77445727
4865.5000 1.78458855
4865.5500 1.7914466
4865.6000 1.79830465
4865.6500 1.8051627
4865.7000 1.81860885
4865.7500 1.83540099
4865.8000 1.85219314
4865.8500 1.86898529
4865.9000 1.8913397
4865.9500 1.92043156
4866.0000 1.94952342
4866.0500 1.97861528
4866.1000 1.99463228
4866.1500 1.96981061
4866.2000 1.94498894
4866.2500 1.92016727
4866.3000 1.89712568
4866.3500 1.92458734
4866.4000 1.952049
4866.4500 1.97951066
4866.5000 2.00697232
4866.5500 2.00284499
4866.6000 1.99210129
4866.6500 1.98135759
4866.7000 1.97061388
4866.7500 1.97331026
4866.8000 1.98421484
4866.8500 1.99511943
4866.9000 2.00602401
4866.9500 2.0168026
4867.0000 2.0274044
4867.0500 2.0380062
4867.1000 2.048608
4867.1500 2.06083159
4867.2000 2.0790616
4867.2500 2.09729161
4867.3000 2.11552162
4867.3500 2.13370576
4867.4000 2.14750557
4867.4500 2.16130537
4867.5000 2.17510518
4867.5500 2.18890499
4867.6000 2.1845855
4867.6500 2.17599775
4867.7000 2.16741
4867.7500 2.15882224
4867.8000 2.14759098
4867.8500 2.13466665
4867.9000 2.12174232
4867.9500 2.10881799
4868.0000 2.10308539
4868.0500 2.10765623
4868.1000 2.11222706
4868.1500 2.11679789
4868.2000 2.12702609
4868.2500 2.15805789
4868.3000 2.18908969
4868.3500 2.22012149
4868.4000 2.25078455
4868.4500 2.26107349
4868.5000 2.27136244
4868.5500 2.28165139
4868.6000 2.29194034
4868.6500 2.27854938
4868.7000 2.26006569
4868.7500 2.241582
4868.8000 2.22309831
4868.8500 2.21810328
4868.9000 2.22104814
4868.9500 2.223993
4869.0000 2.22693786
4869.0500 2.24193583
4869.1000 2.27245021
4869.1500 2.30296459
4869.2000 2.33347896
4869.2500 2.36093597
4869.3000 2.37902986
4869.3500 2.39712376
4869.4000 2.41521765
4869.4500 2.43036692
4869.5000 2.39622365
4869.5500 2.36208038
4869.6000 2.32793712
4869.6500 2.29379385
4869.7000 2.29514173
4869.7500 2.30189472
4869.8000 2.30864771
4869.8500 2.3154007
4869.9000 2.30397393
4869.9500 2.28401342
4870.0000 2.26405292
4870.0500 2.24409241
4870.1000 2.24370091
4870.1500 2.26331311
4870.2000 2.2829253
4870.2500 2.30253749
4870.3000 2.32410936
4870.3500 2.3500488
4870.4000 2.37598825
4870.4500 2.40192769
4870.5000 2.42409118
4870.5500 2.42010589
4870.6000 2.4161206
4870.6500 2.41213532
4870.7000 2.40815003
4870.7500 2.36214763
4870.8000 2.31364771
4870.8500 2.26514779
4870.9000 2.21664787
4870.9500 2.22689708
4871.0000 2.25540903
4871.0500 2.28392098
4871.1000 2.31243293
4871.1500 2.34399659
4871.2000 2.37774238
4871.2500 2.41148817
4871.3000 2.44523397
4871.3500 2.44543422
4871.4000 2.39625752
4871.4500 2.34708082
4871.5000 2.29790411
4871.5500 2.25355642
4871.6000 2.22562849
4871.6500 2.19770056
4871.7000 2.16977264
4871.7500 2.14511826
4871.8000 2.18108616
4871.8500 2.21705407
4871.9000 2.25302197
4871.9500 2.28898987
4872.0000 2.28909771
4872.0500 2.28415085
4872.1000 2.27920399
4872.1500 2.27425713
4872.2000 2.28606896
4872.2500 2.30496307
4872.3000 2.32385718
4872.3500 2.34275128
4872.4000 2.37230077
4872.4500 2.41127401
4872.5000 2.45024725
4872.5500 2.48922049
4872.6000 2.50207802
4872.6500 2.46843828
4872.7000 2.43479854
4872.7500 2.4011588
4872.8000 2.37098933
4872.8500 2.35562401
4872.9000 2.34025869
4872.9500 2.32489337
4873.0000 2.31003364
4873.0500 2.31829992
4873.1000 2.32656621
4873.1500 2.33483249
4873.2000 2.34309878
4873.2500 2.34777348
4873.3000 2.35183488
4873.3500 2.35589629
4873.4000 2.35995769
4873.4500 2.32348919
4873.5000 2.26865408
4873.5500 2.21381898
4873.6000 2.15898387
4873.6500 2.14537208
4873.7000 2.1692948
4873.7500 2.19321752
4873.8000 2.21714024
4873.8500 2.24913736
4873.9000 2.29549273
4873.9500 2.3418481
4874.0000 2.38820347
4874.0500 2.41780454
4874.1000 2.37942129
4874.1500 2.34103804
4874.2000 2.3026548
4874.2500 2.26516618
4874.3000 2.25112502
4874.3500 2.23708385
4874.4000 2.22304269
4874.4500 2.20900152
4874.5000 2.24740717
4874.5500 2.2931654
4874.6000 2.33892364
4874.6500 2.38468187
4874.7000 2.38331141
4874.7500 2.36348534
4874.8000 2.34365928
4874.8500 2.32383321
4874.9000 2.31438439
4874.9500 2.31304269
4875.0000 2.31170099
4875.0500 2.31035928
4875.1000 2.32412792
4875.1500 2.36005188
4875.2000 2.39597584
4875.2500 2.4318998
4875.3000 2.4558194
4875.3500 2.44387994
4875.4000 2.43194047
4875.4500 2.420001
4875.5000 2.40955295
4875.5500 2.41292689
4875.6000 2.41630083
4875.6500 2.41967477
4875.7000 2.42304871
4875.7500 2.41999875
4875.8000 2.41657664
4875.8500 2.41315453
4875.9000 2.40973242
4875.9500 2.42000393
4876.0000 2.4338206
4876.0500 2.44763726
4876.1000 2.46145393
4876.1500 2.47937741
4876.2000 2.49956401
4876.2500 2.51975061
4876.3000 2.53993721
4876.3500 2.54735226
4876.4000 2.54180801
4876.4500 2.53626376
4876.5000 2.53071951
4876.5500 2.50908786
4876.6000 2.45748014
4876.6500 2.40587243
4876.7000 2.35426471
4876.7500 2.31765094
4876.8000 2.33975983
4876.8500 2.36186871
4876.9000 2.3839776
4876.9500 2.40689131
4877.0000 2.44268348
4877.0500 2.47847565
4877.1000 2.51426782
4877.1500 2.55005999
4877.2000 2.53416048
4877.2500 2.51348977
4877.3000 2.49281905
4877.3500 2.47214834
4877.4000 2.51174305
4877.4500 2.56899074
4877.5000 2.62623843
4877.5500 2.68348612
4877.6000 2.68224724
4877.6500 2.64704805
4877.7000 2.61184887
4877.7500 2.57664968
4877.8000 2.54213867
4877.8500 2.50833505
4877.9000 2.47453142
4877.9500 2.44072779
4878.0000 2.42829453
4878.0500 2.45471299
4878.1000 2.48113144
4878.1500 2.5075499
4878.2000 2.52416539
4878.2500 2.50558741
4878.3000 2.48700944
4878.3500 2.46843147
4878.4000 2.45487623
4878.4500 2.49745568
4878.5000 2.54003514
4878.5500 2.58261459
4878.6000 2.62519405
4878.6500 2.59861383
4878.7000 2.56821393
4878.7500 2.53781402
4878.8000 2.50741411
4878.8500 2.49202785
4878.9000 2.48006183
4878.9500 2.4680958
4879.0000 2.45612977
4879.0500 2.44800867
4879.1000 2.44167603
4879.1500 2.43534339
4879.2000 2.42901075
4879.2500 2.44579167
4879.3000 2.48134228
4879.3500 2.51689289
4879.4000 2.5524435
4879.4500 2.56403067
4879.5000 2.54285722
4879.5500 2.52168377
4879.6000 2.50051033
4879.6500 2.48577263
4879.7000 2.4864654
4879.7500 2.48715818
4879.8000 2.48785095
4879.8500 2.4884198
4879.9000 2.4883725
4879.9500 2.48832521
4880.0000 2.48827791
4880.0500 2.487826
4880.1000 2.47811348
4880.1500 2.46840096
4880.2000 2.45868844
4880.2500 2.44897592
4880.3000 2.46528141
4880.3500 2.48392529
4880.4000 2.50256918
4880.4500 2.52121306
4880.5000 2.52755826
4880.5500 2.53072194
4880.6000 2.53388561
4880.6500 2.53704928
4880.7000 2.52861475
4880.7500 2.51453687
4880.8000 2.500459
4880.8500 2.48638112
4880.9000 2.4894523
4880.9500 2.50643192
4881.0000 2.52341154
4881.0500 2.54039117
4881.1000 2.56888595
4881.1500 2.61246417
4881.2000 2.65604239
4881.2500 2.69962061
4881.3000 2.72595601
4881.3500 2.71478579
4881.4000 2.70361556
4881.4500 2.69244534
4881.5000 2.67952851
4881.5500 2.65954771
4881.6000 2.63956692
4881.6500 2.61958612
4881.7000 2.59932624
4881.7500 2.57597512
4881.8000 2.55262399
4881.8500 2.52927287
4881.9000 2.50592174
4881.9500 2.53564975
4882.0000 2.56709595
4882.0500 2.59854214
4882.1000 2.62998834
4882.1500 2.61156082
4882.2000 2.58472667
4882.2500 2.55789252
4882.3000 2.53105836
4882.3500 2.52866177
4882.4000 2.53466769
4882.4500 2.54067361
4882.5000 2.54667953
4882.5500 2.56515554
4882.6000 2.59083674
4882.6500 2.61651795
4882.7000 2.64219915
4882.7500 2.64849882
4882.8000 2.63724349
4882.8500 2.62598817
4882.9000 2.61473284
4882.9500 2.61380659
4883.0000 2.62732545
4883.0500 2.64084431
4883.1000 2.65436316
4883.1500 2.6683583
4883.2000 2.6834115
4883.2500 2.69846471
4883.3000 2.71351791
4883.3500 2.72559504
4883.4000 2.7261422
4883.4500 2.72668936
4883.5000 2.72723652
4883.5500 2.72189013
4883.6000 2.66419484
4883.6500 2.60649955
4883.7000 2.54880426
4883.7500 2.49110897
4883.8000 2.52144498
4883.8500 2.55191375
4883.9000 2.58238253
4883.9500 2.61285131
4884.0000 2.61607414
4884.0500 2.61617091
4884.1000 2.61626769
4884.1500 2.61636446
4884.2000 2.61991801
4884.2500 2.6243524
4884.3000 2.62878679
4884.3500 2.63322119
4884.4000 2.63751766
4884.4500 2.64175449
4884.5000 2.64599131
4884.5500 2.65022813
4884.6000 2.63716158
4884.6500 2.61258223
4884.7000 2.58800288
4884.7500 2.56342354
4884.8000 2.54370255
4884.8500 2.52875971
4884.9000 2.51381687
4884.9500 2.49887403
4885.0000 2.49245888
4885.0500 2.49835958
4885.1000 2.50426028
4885.1500 2.51016098
4885.2000 2.51362983
4885.2500 2.5118195
4885.3000 2.51000918
4885.3500 2.50819885
4885.4000 2.50626128
4885.4500 2.50388008
4885.5000 2.50149889
4885.5500 2.49911769
4885.6000 2.50143853
4885.6500 2.53476049
4885.7000 2.56808244
4885.7500 2.6014044
4885.8000 2.63150746
4885.8500 2.58778543
4885.9000 2.54406341
4885.9500 2.50034139
4886.0000 2.45661936
4886.0500 2.48565128
4886.1000 2.51825992
4886.1500 2.55086857
4886.2000 2.58347721
4886.2500 2.56554159
4886.3000 2.53977045
4886.3500 2.5139993
4886.4000 2.48822816
4886.4500 2.4831054
4886.5000 2.48381651
4886.5500 2.48452762
4886.6000 2.48523874
4886.6500 2.50219191
4886.7000 2.52627591
4886.7500 2.55035991
4886.8000 2.57444391
4886.8500 2.5847719
4886.9000 2.58635654
4886.9500 2.58794117
4887.0000 2.58952581
4887.0500 2.57669604
4887.1000 2.55104065
4887.1500 2.52538526
4887.2000 2.49972987
4887.2500 2.48255152
4887.3000 2.47580913
4887.3500 2.46906674
4887.4000 2.46232435
4887.4500 2.45511167
4887.5000 2.44709321
4887.5500 2.43907474
4887.6000 2.43105628
4887.6500 2.4340763
4887.7000 2.46410062
4887.7500 2.49412494
4887.8000 2.52414926
4887.8500 2.552649
4887.9000 2.57551766
4887.9500 2.59838631
4888.0000 2.62125496
4888.0500 2.6363185
4888.1000 2.60231554
4888.1500 2.56831257
4888.2000 2.53430961
4888.2500 2.50109557
4888.3000 2.47967347
4888.3500 2.45825138
4888.4000 2.43682928
4888.4500 2.41540719
4888.5000 2.4639294
4888.5500 2.51319674
4888.6000 2.56246407
4888.6500 2.61173141
4888.7000 2.59651276
4888.7500 2.57549532
4888.8000 2.55447788
4888.8500 2.53346044
4888.9000 2.52334875
4888.9500 2.51520982
4889.0000 2.50707089
4889.0500 2.49893196
4889.1000 2.52884193
4889.1500 2.56964519
4889.2000 2.61044845
4889.2500 2.6512517
4889.3000 2.64938139
4889.3500 2.63002337
4889.4000 2.61066535
4889.4500 2.59130734
4889.5000 2.56227058
4889.5500 2.52784839
4889.6000 2.4934262
4889.6500 2.45900401
4889.7000 2.45329961
4889.7500 2.46865106
4889.8000 2.48400251
4889.8500 2.49935396
4889.9000 2.51915271
4889.9500 2.54317805
4890.0000 2.56720339
4890.0500 2.59122873
4890.1000 2.61713001
4890.1500 2.64532627
4890.2000 2.67352253
4890.2500 2.70171879
4890.3000 2.71120439
4890.3500 2.69118932
4890.4000 2.67117425
4890.4500 2.65115918
4890.5000 2.63378093
4890.5500 2.62181191
4890.6000 2.60984289
4890.6500 2.59787386
4890.7000 2.59876012
4890.7500 2.63464698
4890.8000 2.67053384
4890.8500 2.7064207
4890.9000 2.72447297
4890.9500 2.67576462
4891.0000 2.62705628
4891.0500 2.57834794
4891.1000 2.53488437
4891.1500 2.52016443
4891.2000 2.5054445
4891.2500 2.49072457
4891.3000 2.47700367
4891.3500 2.47236594
4891.4000 2.46772822
4891.4500 2.4630905
4891.5000 2.45989139
4891.5500 2.48711182
4891.6000 2.51433225
4891.6500 2.54155268
4891.7000 2.56877311
4891.7500 2.53178975
4891.8000 2.49432227
4891.8500 2.45685478
4891.9000 2.4193873
4891.9500 2.43841887
4892.0000 2.46098226
4892.0500 2.48354566
4892.1000 2.50610905
4892.1500 2.51753978
4892.2000 2.52761014
4892.2500 2.53768049
4892.3000 2.54775085
4892.3500 2.55888761
4892.4000 2.57022397
4892.4500 2.58156033
4892.5000 2.59289668
4892.5500 2.58124293
4892.6000 2.56365621
4892.6500 2.54606948
4892.7000 2.52848275
4892.7500 2.54413802
4892.8000 2.5709515
4892.8500 2.59776497
4892.9000 2.62457845
4892.9500 2.62247706
4893.0000 2.60820683
4893.0500 2.5939366
4893.1000 2.57966636
4893.1500 2.55014827
4893.2000 2.51278257
4893.2500 2.47541688
4893.3000 2.43805119
4893.3500 2.4250442
4893.4000 2.42709954
4893.4500 2.42915489
4893.5000 2.43121023
4893.5500 2.44272708
4893.6000 2.46118281
4893.6500 2.47963855
4893.7000 2.49809429
4893.7500 2.52208025
4893.8000 2.55083055
4893.8500 2.57958086
4893.9000 2.60833117
4893.9500 2.62405627
4894.0000 2.62669258
4894.0500 2.62932889
4894.1000 2.63196521
4894.1500 2.60631667
4894.2000 2.54768577
4894.2500 2.48905487
4894.3000 2.43042397
4894.3500 2.40889492
4894.4000 2.4373901
4894.4500 2.46588528
4894.5000 2.49438046
4894.5500 2.52307032
4894.6000 2.55206301
4894.6500 2.5810557
4894.7000 2.61004838
4894.7500 2.61421599
4894.8000 2.57388134
4894.8500 2.53354669
4894.9000 2.49321204
4894.9500 2.47967378
4895.0000 2.52149812
4895.0500 2.56332245
4895.1000 2.60514679
4895.1500 2.63760903
4895.2000 2.6477531
4895.2500 2.65789717
4895.3000 2.66804124
4895.3500 2.66972015
4895.4000 2.648062
4895.4500 2.62640384
4895.5000 2.60474569
4895.5500 2.59178328
4895.6000 2.6066399
4895.6500 2.62149651
4895.7000 2.63635313
4895.7500 2.64232014
4895.8000 2.61512636
4895.8500 2.58793259
4895.9000 2.56073881
4895.9500 2.55126665
4896.0000 2.61936916
4896.0500 2.68747168
4896.1000 2.75557419
4896.1500 2.80918155
4896.2000 2.78770966
4896.2500 2.76623777
4896.3000 2.74476588
4896.3500 2.72687357
4896.4000 2.73115748
4896.4500 2.73544138
4896.5000 2.73972528
4896.5500 2.74344304
4896.6000 2.74290635
4896.6500 2.74236966
4896.7000 2.74183297
4896.7500 2.74048539
4896.8000 2.73160628
4896.8500 2.72272718
4896.9000 2.71384808
4896.9500 2.70148678
4897.0000 2.64811427
4897.0500 2.59474175
4897.1000 2.54136923
4897.1500 2.49441471
4897.2000 2.54690401
4897.2500 2.59939331
4897.3000 2.65188262
4897.3500 2.70314633
4897.4000 2.72796436
4897.4500 2.7527824
4897.5000 2.77760043
4897.5500 2.80038554
4897.6000 2.75572157
4897.6500 2.71105759
4897.7000 2.66639362
4897.7500 2.62281926
4897.8000 2.648325
4897.8500 2.67383074
4897.9000 2.69933648
4897.9500 2.7247767
4898.0000 2.72915487
4898.0500 2.73353304
4898.1000 2.73791122
4898.1500 2.74228939
4898.2000 2.72383107
4898.2500 2.70518807
4898.3000 2.68654507
4898.3500 2.66790206
4898.4000 2.63223233
4898.4500 2.59625329
4898.5000 2.56027425
4898.5500 2.52429521
4898.6000 2.56396036
4898.6500 2.60567325
4898.7000 2.64738614
4898.7500 2.68909904
4898.8000 2.69392081
4898.8500 2.69746121
4898.9000 2.70100162
4898.9500 2.70454202
4899.0000 2.69571967
4899.0500 2.68638926
4899.1000 2.67705885
4899.1500 2.66772844
4899.2000 2.67147719
4899.2500 2.67582896
4899.3000 2.68018073
4899.3500 2.68453251
4899.4000 2.66931776
4899.4500 2.65313011
4899.5000 2.63694246
4899.5500 2.62075481
4899.6000 2.65519165
4899.6500 2.69225685
4899.7000 2.72932205
4899.7500 2.76638724
4899.8000 2.72310034
4899.8500 2.67558104
4899.9000 2.62806175
4899.9500 2.58054246
4900.0000 2.57873162
4900.0500 2.57929672
4900.1000 2.57986182
4900.1500 2.58042692
4900.2000 2.62062901
4900.2500 2.66280682
4900.3000 2.70498463
4900.3500 2.74716244
4900.4000 2.72625523
4900.4500 2.70242809
4900.5000 2.67860095
4900.5500 2.65477381
4900.6000 2.63789514
4900.6500 2.62130364
4900.7000 2.60471214
4900.7500 2.58812064
4900.8000 2.59884851
4900.8500 2.61053301
4900.9000 2.6222175
4900.9500 2.633902
4901.0000 2.58637229
4901.0500 2.53722037
4901.1000 2.48806845
4901.1500 2.43891653
4901.2000 2.48158885
4901.2500 2.52596232
4901.3000 2.57033579
4901.3500 2.61470926
4901.4000 2.60712985
4901.4500 2.59911016
4901.5000 2.59109046
4901.5500 2.58309612
4901.6000 2.58449115
4901.6500 2.58588618
4901.7000 2.58728121
4901.7500 2.58870102
4901.8000 2.59173725
4901.8500 2.59477349
4901.9000 2.59780972
4901.9500 2.6009303
4902.0000 2.6068935
4902.0500 2.61285669
4902.1000 2.61881989
4902.1500 2.62489384
4902.2000 2.6333832
4902.2500 2.64187255
4902.3000 2.65036191
4902.3500 2.65766014
4902.4000 2.64635836
4902.4500 2.63505658
4902.5000 2.62375479
4902.5500 2.6150307
4902.6000 2.63684541
4902.6500 2.65866012
4902.7000 2.68047483
4902.7500 2.70336256
4902.8000 2.73626201
4902.8500 2.76916147
4902.9000 2.80206092
4902.9500 2.82700774
4903.0000 2.79198222
4903.0500 2.75695671
4903.1000 2.7219312
4903.1500 2.69110493
4903.2000 2.6863615
4903.2500 2.68161807
4903.3000 2.67687464
4903.3500 2.66457286
4903.4000 2.61305037
4903.4500 2.56152788
4903.5000 2.51000538
4903.5500 2.48287993
4903.6000 2.56266953
4903.6500 2.64245913
4903.7000 2.72224874
4903.7500 2.77673309
4903.8000 2.73677845
4903.8500 2.69682381
4903.9000 2.65686917
4903.9500 2.63795959
4904.0000 2.68636439
4904.0500 2.73476919
4904.1000 2.78317399
4904.1500 2.80975657
4904.2000 2.77622731
4904.2500 2.74269805
4904.3000 2.70916879
4904.3500 2.67953405
4904.4000 2.65917003
4904.4500 2.63880601
4904.5000 2.61844199
4904.5500 2.59635458
4904.6000 2.570714
4904.6500 2.54507342
4904.7000 2.51943284
4904.7500 2.51931
4904.8000 2.56480416
4904.8500 2.61029832
4904.9000 2.65579248
4904.9500 2.68549791
4905.0000 2.69073033
4905.0500 2.69596276
4905.1000 2.70119519
4905.1500 2.6821931
4905.2000 2.63065659
4905.2500 2.57912008
4905.3000 2.52758357
4905.3500 2.52882111
4905.4000 2.59127718
4905.4500 2.65373325
4905.5000 2.71618932
4905.5500 2.72165428
4905.6000 2.67020585
4905.6500 2.61875742
4905.7000 2.56730899
4905.7500 2.53998632
4905.8000 2.53329477
4905.8500 2.52660322
4905.9000 2.51991167
4905.9500 2.51640893
4906.0000 2.51522426
4906.0500 2.5140396
4906.1000 2.51285493
4906.1500 2.54326258
4906.2000 2.59300078
4906.2500 2.64273897
4906.3000 2.69247717
4906.3500 2.67014259
4906.4000 2.61118229
4906.4500 2.55222198
4906.5000 2.49326168
4906.5500 2.48793271
4906.6000 2.50482694
4906.6500 2.52172118
4906.7000 2.53861542
4906.7500 2.57932383
4906.8000 2.62787216
4906.8500 2.67642048
4906.9000 2.72496881
4906.9500 2.72052557
4907.0000 2.70274681
4907.0500 2.68496806
4907.1000 2.6671893
4907.1500 2.66704068
4907.2000 2.67007963
4907.2500 2.67311858
4907.3000 2.67615753
4907.3500 2.67205308
4907.4000 2.66712076
4907.4500 2.66218843
4907.5000 2.6572561
4907.5500 2.68226321
4907.6000 2.70895515
4907.6500 2.73564708
4907.7000 2.76233901
4907.7500 2.72842798
4907.8000 2.6944337
4907.8500 2.66043941
4907.9000 2.62845869
4907.9500 2.63329513
4908.0000 2.63813157
4908.0500 2.64296802
4908.1000 2.64712235
4908.1500 2.64554828
4908.2000 2.64397421
4908.2500 2.64240015
4908.3000 2.6333849
4908.3500 2.58595642
4908.4000 2.53852793
4908.4500 2.49109944
4908.5000 2.45873913
4908.5500 2.47996603
4908.6000 2.50119292
4908.6500 2.52241982
4908.7000 2.54529178
4908.7500 2.57243627
4908.8000 2.59958076
4908.8500 2.62672525
4908.9000 2.64788718
4908.9500 2.65732357
4909.0000 2.66675997
4909.0500 2.67619636
4909.1000 2.66741964
4909.1500 2.63121071
4909.2000 2.59500179
4909.2500 2.55879287
4909.3000 2.5432749
4909.3500 2.55189912
4909.4000 2.56052333
4909.4500 2.56914755
4909.5000 2.5940131
4909.5500 2.63355362
4909.6000 2.67309414
4909.6500 2.71263466
4909.7000 2.70983322
4909.7500 2.67766615
4909.8000 2.64549908
4909.8500 2.61333201
4909.9000 2.59150799
4909.9500 2.57508484
4910.0000 2.55866168
4910.0500 2.54223852
4910.1000 2.54754219
4910.1500 2.5610971
4910.2000 2.57465201
4910.2500 2.58820692
4910.3000 2.60512017
4910.3500 2.62290534
4910.4000 2.6406905
4910.4500 2.65847567
4910.5000 2.64006407
4910.5500 2.61597149
4910.6000 2.5918789
4910.6500 2.56778632
4910.7000 2.54488908
4910.7500 2.5220734
4910.8000 2.49925772
4910.8500 2.47704069
4910.9000 2.51900049
4910.9500 2.56096029
4911.0000 2.6029201
4911.0500 2.6159502
4911.1000 2.31220987
4911.1500 2.00846954
4911.2000 1.70472921
4911.2500 1.49537282
4911.3000 1.78354444
4911.3500 2.07171605
4911.4000 2.35988767
4911.4500 2.56570713
4911.5000 2.50575111
4911.5500 2.4457951
4911.6000 2.38583908
4911.6500 2.34033773
4911.7000 2.32627118
4911.7500 2.31220463
4911.8000 2.29813808
4911.8500 2.33111035
4911.9000 2.43620465
4911.9500 2.54129896
4912.0000 2.64639326
4912.0500 2.66956645
4912.1000 2.6025009
4912.1500 2.53543535
4912.2000 2.4683698
4912.2500 2.45069662
4912.3000 2.47210548
4912.3500 2.49351435
4912.4000 2.51492321
4912.4500 2.51252757
4912.5000 2.49685906
4912.5500 2.48119056
4912.6000 2.46552205
4912.6500 2.46292307
4912.7000 2.46522918
4912.7500 2.46753529
4912.8000 2.4698414
4912.8500 2.46808754
4912.9000 2.4654031
4912.9500 2.46271865
4913.0000 2.46003421
4913.0500 2.44149046
4913.1000 2.42120966
4913.1500 2.40092885
4913.2000 2.38064804
4913.2500 2.41626638
4913.3000 2.45242833
4913.3500 2.48859028
4913.4000 2.52328322
4913.4500 2.54126168
4913.5000 2.55924014
4913.5500 2.5772186
4913.6000 2.58204783
4913.6500 2.52381729
4913.7000 2.46558675
4913.7500 2.40735621
4913.8000 2.3653049
4913.8500 2.3679834
4913.9000 2.3706619
4913.9500 2.3733404
4914.0000 2.37348681
4914.0500 2.36913276
4914.1000 2.3647787
4914.1500 2.36042465
4914.2000 2.36921843
4914.2500 2.39370941
4914.3000 2.41820039
4914.3500 2.44269136
4914.4000 2.45977456
4914.4500 2.47086755
4914.5000 2.48196054
4914.5500 2.49305353
4914.6000 2.48101189
4914.6500 2.45658592
4914.7000 2.43215994
4914.7500 2.40773396
4914.8000 2.42970434
4914.8500 2.46704982
4914.9000 2.50439529
4914.9500 2.54174077
4915.0000 2.51897765
4915.0500 2.4857896
4915.1000 2.45260156
4915.1500 2.41941351
4915.2000 2.45632703
4915.2500 2.4965716
4915.3000 2.53681616
4915.3500 2.57513335
4915.4000 2.58238319
4915.4500 2.58963303
4915.5000 2.59688287
4915.5500 2.59800355
4915.6000 2.56777284
4915.6500 2.53754213
4915.7000 2.50731142
4915.7500 2.48904257
4915.8000 2.50311808
4915.8500 2.51719359
4915.9000 2.53126909
4915.9500 2.54772567
4916.0000 2.56810407
4916.0500 2.58848248
4916.1000 2.60886089
4916.1500 2.58246622
4916.2000 2.50678223
4916.2500 2.43109824
4916.3000 2.35541425
4916.3500 2.33540841
4916.4000 2.35292945
4916.4500 2.37045048
4916.5000 2.38797152
4916.5500 2.40807245
4916.6000 2.42923134
4916.6500 2.45039022
4916.7000 2.47154911
4916.7500 2.46524533
4916.8000 2.45300812
4916.8500 2.44077091
4916.9000 2.4285337
4916.9500 2.45235434
4917.0000 2.47860668
4917.0500 2.50485901
4917.1000 2.53077376
4917.1500 2.55061452
4917.2000 2.57045528
4917.2500 2.59029604
4917.3000 2.5987272
4917.3500 2.5513837
4917.4000 2.50404021
4917.4500 2.45669672
4917.5000 2.44209801
4917.5500 2.50831767
4917.6000 2.57453733
4917.6500 2.64075699
4917.7000 2.67790486
4917.7500 2.6729044
4917.8000 2.66790394
4917.8500 2.66290348
4917.9000 2.63283611
4917.9500 2.58048557
4918.0000 2.52813503
4918.0500 2.47578448
4918.1000 2.46133472
4918.1500 2.46711984
4918.2000 2.47290495
4918.2500 2.47869007
4918.3000 2.48566773
4918.3500 2.49298998
4918.4000 2.50031223
4918.4500 2.50763448
4918.5000 2.51198572
4918.5500 2.51601069
4918.6000 2.52003566
4918.6500 2.52312873
4918.7000 2.49341784
4918.7500 2.46370695
4918.8000 2.43399606
4918.8500 2.41391294
4918.9000 2.44610078
4918.9500 2.47828861
4919.0000 2.51047645
4919.0500 2.51422262
4919.1000 2.446546
4919.1500 2.37886939
4919.2000 2.31119277
4919.2500 2.29589025
4919.3000 2.35429169
4919.3500 2.41269313
4919.4000 2.47109457
4919.4500 2.50970165
4919.5000 2.53193996
4919.5500 2.55417827
4919.6000 2.57641657
4919.6500 2.54862809
4919.7000 2.49736915
4919.7500 2.4461102
4919.8000 2.39485125
4919.8500 2.34179112
4919.9000 2.28832296
4919.9500 2.23485481
4920.0000 2.18138665
4920.0500 2.21100358
4920.1000 2.24487393
4920.1500 2.27874429
4920.2000 2.30899766
4920.2500 2.30206215
4920.3000 2.29512664
4920.3500 2.28819113
4920.4000 2.27918756
4920.4500 2.26315471
4920.5000 2.24712185
4920.5500 2.231089
4920.6000 2.20553238
4920.6500 2.16357468
4920.7000 2.12161698
4920.7500 2.07965928
4920.8000 2.09348411
4920.8500 2.16117405
4920.9000 2.22886399
4920.9500 2.29655393
4921.0000 2.28338466
4921.0500 2.22695756
4921.1000 2.17053047
4921.1500 2.11410337
4921.2000 2.14485499
4921.2500 2.19800994
4921.3000 2.25116489
4921.3500 2.30431984
4921.4000 2.25743841
4921.4500 2.20428331
4921.5000 2.15112821
4921.5500 2.10015674
4921.6000 2.07188134
4921.6500 2.04360594
4921.7000 2.01533055
4921.7500 2.00348461
4921.8000 2.04485565
4921.8500 2.08622669
4921.9000 2.12759772
4921.9500 2.17485992
4922.0000 2.23151761
4922.0500 2.2881753
4922.1000 2.34483299
4922.1500 2.32546842
4922.2000 2.24034956
4922.2500 2.1552307
4922.3000 2.07011185
4922.3500 2.06927178
4922.4000 2.10658075
4922.4500 2.14388972
4922.5000 2.1811987
4922.5500 2.13306394
4922.6000 2.06888751
4922.6500 2.00471109
4922.7000 1.94053467
4922.7500 2.03534162
4922.8000 2.13065588
4922.8500 2.22597014
4922.9000 2.2969889
4922.9500 2.23357092
4923.0000 2.17015295
4923.0500 2.10673497
4923.1000 2.07867898
4923.1500 2.12909212
4923.2000 2.17950526
4923.2500 2.2299184
4923.3000 2.25225564
4923.3500 2.24288194
4923.4000 2.23350824
4923.4500 2.22413454
4923.5000 2.19666411
4923.5500 2.15856091
4923.6000 2.12045772
4923.6500 2.08235452
4923.7000 2.15014915
4923.7500 2.24583043
4923.8000 2.34151171
4923.8500 2.43719299
4923.9000 2.39352249
4923.9500 2.34321914
4924.0000 2.29291578
4924.0500 2.25075701
4924.1000 2.26893636
4924.1500 2.2871157
4924.2000 2.30529505
4924.2500 2.30034154
4924.3000 2.23725271
4924.3500 2.17416389
4924.4000 2.11107507
4924.4500 2.0830947
4924.5000 2.09772694
4924.5500 2.11235917
4924.6000 2.12699141
4924.6500 2.17015917
4924.7000 2.23080493
4924.7500 2.29145069
4924.8000 2.35209645
4924.8500 2.38525361
4924.9000 2.41110116
4924.9500 2.43694871
4925.0000 2.46279626
4925.0500 2.38919779
4925.1000 2.31157298
4925.1500 2.23394817
4925.2000 2.17279763
4925.2500 2.21849273
4925.3000 2.26418782
4925.3500 2.30988292
4925.4000 2.33763692
4925.4500 2.32497738
4925.5000 2.31231783
4925.5500 2.29965829
4925.6000 2.28191802
4925.6500 2.25873212
4925.7000 2.23554622
4925.7500 2.21236031
4925.8000 2.22627214
4925.8500 2.25935945
4925.9000 2.29244676
4925.9500 2.32553407
4926.0000 2.31933819
4926.0500 2.30550215
4926.1000 2.29166611
4926.1500 2.27733673
4926.2000 2.23355035
4926.2500 2.18976396
4926.3000 2.14597758
4926.3500 2.11865698
4926.4000 2.1584
4926.4500 2.19814302
4926.5000 2.23788604
4926.5500 2.25396606
4926.6000 2.23129668
4926.6500 2.2086273
4926.7000 2.18595791
4926.7500 2.19728749
4926.8000 2.23505929
4926.8500 2.27283109
4926.9000 2.31060288
4926.9500 2.31926669
4927.0000 2.3180849
4927.0500 2.31690311
4927.1000 2.31572132
4927.1500 2.32624038
4927.2000 2.33759508
4927.2500 2.34894978
4927.3000 2.35126785
4927.3500 2.28781677
4927.4000 2.22436569
4927.4500 2.16091461
4927.5000 2.13670142
4927.5500 2.19997934
4927.6000 2.26325727
4927.6500 2.32653519
4927.7000 2.33157058
4927.7500 2.27831728
4927.8000 2.22506399
4927.8500 2.17181069
4927.9000 2.1627327
4927.9500 2.17337692
4928.0000 2.18402115
4928.0500 2.19466537
4928.1000 2.18336334
4928.1500 2.1691886
4928.2000 2.15501385
4928.2500 2.14893474
4928.3000 2.23785724
4928.3500 2.32677975
4928.4000 2.41570225
4928.4500 2.46428959
4928.5000 2.4060887
4928.5500 2.3478878
4928.6000 2.28968691
4928.6500 2.26326005
4928.7000 2.27249739
4928.7500 2.28173473
4928.8000 2.29097207
4928.8500 2.31643481
4928.9000 2.3499065
4928.9500 2.38337818
4929.0000 2.41684986
4929.0500 2.45958316
4929.1000 2.50370958
4929.1500 2.54783599
4929.2000 2.58670858
4929.2500 2.55614641
4929.3000 2.52558424
4929.3500 2.49502207
4929.4000 2.46696282
4929.4500 2.44557546
4929.5000 2.42418811
4929.5500 2.40280075
4929.6000 2.38457525
4929.6500 2.3698217
4929.7000 2.35506815
4929.7500 2.3403146
4929.8000 2.32343808
4929.8500 2.30557086
4929.9000 2.28770364
4929.9500 2.26983641
4930.0000 2.28820742
4930.0500 2.31113157
4930.1000 2.33405572
4930.1500 2.35336699
4930.2000 2.33877664
4930.2500 2.3241863
4930.3000 2.30959596
4930.3500 2.31010349
4930.4000 2.3449171
4930.4500 2.37973071
4930.5000 2.41454433
4930.5500 2.42224254
4930.6000 2.40453369
4930.6500 2.38682484
4930.7000 2.36911599
4930.7500 2.36803329
4930.8000 2.37315335
4930.8500 2.37827341
4930.9000 2.38339347
4930.9500 2.37396567
4931.0000 2.3636371
4931.0500 2.35330854
4931.1000 2.34082459
4931.1500 2.31672023
4931.2000 2.29261587
4931.2500 2.26851151
4931.3000 2.25625229
4931.3500 2.26393834
4931.4000 2.2716244
4931.4500 2.27931046
4931.5000 2.30489772
4931.5500 2.34291918
4931.6000 2.38094064
4931.6500 2.4189621
4931.7000 2.39265429
4931.7500 2.35115758
4931.8000 2.30966086
4931.8500 2.27020661
4931.9000 2.29856656
4931.9500 2.32692651
4932.0000 2.35528646
4932.0500 2.37874307
4932.1000 2.38755678
4932.1500 2.39637049
4932.2000 2.40518419
4932.2500 2.37738897
4932.3000 2.30894442
4932.3500 2.24049987
4932.4000 2.17205532
4932.4500 2.2294809
4932.5000 2.34131032
4932.5500 2.45313973
4932.6000 2.56496914
4932.6500 2.4243241
4932.7000 2.26289875
4932.7500 2.1014734
4932.8000 1.97586041
4932.8500 2.05150551
4932.9000 2.12715061
4932.9500 2.20279571
4933.0000 2.26508496
4933.0500 2.30554095
4933.1000 2.34599693
4933.1500 2.38645292
4933.2000 2.35661402
4933.2500 2.28171919
4933.3000 2.20682437
4933.3500 2.13192954
4933.4000 2.15848875
4933.4500 2.2042819
4933.5000 2.25007506
4933.5500 2.29077006
4933.6000 2.26694985
4933.6500 2.24312963
4933.7000 2.21930942
4933.7500 2.2106711
4933.8000 2.23626887
4933.8500 2.26186663
4933.9000 2.2874644
4933.9500 2.30611589
4934.0000 2.31891106
4934.0500 2.33170624
4934.1000 2.34450142
4934.1500 2.3393834
4934.2000 2.32919224
4934.2500 2.31900108
4934.3000 2.30814136
4934.3500 2.25953294
4934.4000 2.21092452
4934.4500 2.16231609
4934.5000 2.1303505
4934.5500 2.14652942
4934.6000 2.16270834
4934.6500 2.17888726
4934.7000 2.1760969
4934.7500 2.15416515
4934.8000 2.1322334
4934.8500 2.11030164
4934.9000 2.11695137
4934.9500 2.13364445
4935.0000 2.15033752
4935.0500 2.16703059
4935.1000 2.11000651
4935.1500 2.05175249
4935.2000 1.99349847
4935.2500 1.96178368
4935.3000 2.01963472
4935.3500 2.07748576
4935.4000 2.1353368
4935.4500 2.14688947
4935.5000 2.1072595
4935.5500 2.06762952
4935.6000 2.02799955
4935.6500 1.95079299
4935.7000 1.85916789
4935.7500 1.76754278
4935.8000 1.67591767
4935.8500 1.77585625
4935.9000 1.88134965
4935.9500 1.98684304
4936.0000 2.06913933
4936.0500 2.07029393
4936.1000 2.07144852
4936.1500 2.07260312
4936.2000 2.10266804
4936.2500 2.16478795
4936.3000 2.22690785
4936.3500 2.28902776
4936.4000 2.33756369
4936.4500 2.38101081
4936.5000 2.42445793
4936.5500 2.46790504
4936.6000 2.43184095
4936.6500 2.39432924
4936.7000 2.35681753
4936.7500 2.31047927
4936.8000 2.2359038
4936.8500 2.16132833
4936.9000 2.08675286
4936.9500 2.11226214
4937.0000 2.23965282
4937.0500 2.36704351
4937.1000 2.4944342
4937.1500 2.40530181
4937.2000 2.24565632
4937.2500 2.08601083
4937.3000 1.9293826
4937.3500 1.97766076
4937.4000 2.02593892
4937.4500 2.07421708
4937.5000 2.10153173
4937.5500 2.07387289
4937.6000 2.04621404
4937.6500 2.01855519
4937.7000 2.05050293
4937.7500 2.1334314
4937.8000 2.21635987
4937.8500 2.29928833
4937.9000 2.23822483
4937.9500 2.14190702
4938.0000 2.04558921
4938.0500 1.96007844
4938.1000 2.02033538
4938.1500 2.08059231
4938.2000 2.14084924
4938.2500 2.15075872
4938.3000 2.06122021
4938.3500 1.9716817
4938.4000 1.88214318
4938.4500 1.87640465
4938.5000 1.92547504
4938.5500 1.97454542
4938.6000 2.02361581
4938.6500 1.98109907
4938.7000 1.9254307
4938.7500 1.86976232
4938.8000 1.82759456
4938.8500 1.86460281
4938.9000 1.90161106
4938.9500 1.93861931
4939.0000 1.97392631
4939.0500 2.0068675
4939.1000 2.03980869
4939.1500 2.07274988
4939.2000 2.11046265
4939.2500 2.15029609
4939.3000 2.19012953
4939.3500 2.22996296
4939.4000 2.2031693
4939.4500 2.17415245
4939.5000 2.14513559
4939.5500 2.10497491
4939.6000 2.03037898
4939.6500 1.95578305
4939.7000 1.88118711
4939.7500 1.88159319
4939.8000 1.95049623
4939.8500 2.01939927
4939.9000 2.08830231
4939.9500 2.08038422
4940.0000 2.05352713
4940.0500 2.02667005
4940.1000 2.00448045
4940.1500 2.0337422
4940.2000 2.06300396
4940.2500 2.09226571
4940.3000 2.09758551
4940.3500 2.06134368
4940.4000 2.02510185
4940.4500 1.98886001
4940.5000 1.97388866
4940.5500 1.97040948
4940.6000 1.96693031
4940.6500 1.96345113
4940.7000 1.9682948
4940.7500 1.97372334
4940.8000 1.97915188
4940.8500 1.99488616
4940.9000 2.04698017
4940.9500 2.09907417
4941.0000 2.15116818
4941.0500 2.1749414
4941.1000 2.17136627
4941.1500 2.16779115
4941.2000 2.16421602
4941.2500 2.12425484
4941.3000 2.07508405
4941.3500 2.02591325
4941.4000 1.98099194
4941.4500 1.97973665
4941.5000 1.97848135
4941.5500 1.97722605
4941.6000 2.02781969
4941.6500 2.16274027
4941.7000 2.29766086
4941.7500 2.43258144
4941.8000 2.41719214
4941.8500 2.32916835
4941.9000 2.24114456
4941.9500 2.15312076
4942.0000 2.07892496
4942.0500 2.00517082
4942.1000 1.93141668
4942.1500 1.88867914
4942.2000 1.93184247
4942.2500 1.9750058
4942.3000 2.01816912
4942.3500 2.03707175
4942.4000 2.03713683
4942.4500 2.0372019
4942.5000 2.03726697
4942.5500 2.03656685
4942.6000 2.03574417
4942.6500 2.03492149
4942.7000 2.0322396
4942.7500 2.01996536
4942.8000 2.00769111
4942.8500 1.99541686
4942.9000 2.00557894
4942.9500 2.04164186
4943.0000 2.07770477
4943.0500 2.11376768
4943.1000 2.04185545
4943.1500 1.93720963
4943.2000 1.83256381
4943.2500 1.74319181
4943.3000 1.85078935
4943.3500 1.9583869
4943.4000 2.06598444
4943.4500 2.11303676
4943.5000 2.06044301
4943.5500 2.00784926
4943.6000 1.95525551
4943.6500 1.98541728
4943.7000 2.05357408
4943.7500 2.12173087
4943.8000 2.18988767
4943.8500 2.13894703
4943.9000 2.08730262
4943.9500 2.03565821
4944.0000 2.00969369
4944.0500 2.0424383
4944.1000 2.0751829
4944.1500 2.1079275
4944.2000 2.12665723
4944.2500 2.13664593
4944.3000 2.14663463
4944.3500 2.15662332
4944.4000 2.08617173
4944.4500 2.00955838
4944.5000 1.93294502
4944.5500 1.90461414
4944.6000 2.02651612
4944.6500 2.14841811
4944.7000 2.27032009
4944.7500 2.29198823
4944.8000 2.23457568
4944.8500 2.17716313
4944.9000 2.11975059
4944.9500 2.09212241
4945.0000 2.06870459
4945.0500 2.04528678
4945.1000 2.02316219
4945.1500 2.00638625
4945.2000 1.98961031
4945.2500 1.97283437
4945.3000 2.02102135
4945.3500 2.13046835
4945.4000 2.23991536
4945.4500 2.34936236
4945.5000 2.37716572
4945.5500 2.38895601
4945.6000 2.40074631
4945.6500 2.40036986
4945.7000 2.33553622
4945.7500 2.27070259
4945.8000 2.20586896
4945.8500 2.19819942
4945.9000 2.25173191
4945.9500 2.3052644
4946.0000 2.35879689
4946.0500 2.24871473
4946.1000 2.09987928
4946.1500 1.95104384
4946.2000 1.84768476
4946.2500 2.03456924
4946.3000 2.22145373
4946.3500 2.40833821
4946.4000 2.42796699
4946.4500 2.25424549
4946.5000 2.08052398
4946.5500 1.90680248
4946.6000 1.95972006
4946.6500 2.07158973
4946.7000 2.18345939
4946.7500 2.27356955
4946.8000 2.21100132
4946.8500 2.14843308
4946.9000 2.08586485
4946.9500 2.01010078
4947.0000 1.91867688
4947.0500 1.82725297
4947.1000 1.73582906
4947.1500 1.73848024
4947.2000 1.76594746
4947.2500 1.79341467
4947.3000 1.82983206
4947.3500 1.92797346
4947.4000 2.02611486
4947.4500 2.12425627
4947.5000 2.16603944
4947.5500 2.14256507
4947.6000 2.1190907
4947.6500 2.09561633
4947.7000 1.98130763
4947.7500 1.84451527
4947.8000 1.70772291
4947.8500 1.60444173
4947.9000 1.70503555
4947.9500 1.80562937
4948.0000 1.90622319
4948.0500 2.00040022
4948.1000 2.08768537
4948.1500 2.17497051
4948.2000 2.26225566
4948.2500 2.21824004
4948.3000 2.14628389
4948.3500 2.07432774
4948.4000 2.01281668
4948.4500 2.00291059
4948.5000 1.9930045
4948.5500 1.98309842
4948.6000 1.99732219
4948.6500 2.03440411
4948.7000 2.07148604
4948.7500 2.10856797
4948.8000 2.02196198
4948.8500 1.91524366
4948.9000 1.80852533
4948.9500 1.74556997
4949.0000 1.84910096
4949.0500 1.95263195
4949.1000 2.05616294
4949.1500 2.11874052
4949.2000 2.1488211
4949.2500 2.17890167
4949.3000 2.20898225
4949.3500 2.16751901
4949.4000 2.11884066
4949.4500 2.07016231
4949.5000 2.06580715
4949.5500 2.1871959
4949.6000 2.30858465
4949.6500 2.4299734
4949.7000 2.39626693
4949.7500 2.26516509
4949.8000 2.13406325
4949.8500 2.00296141
4949.9000 2.06969816
4949.9500 2.14269902
4950.0000 2.21569988
4950.0500 2.25608086
4950.1000 2.22894865
4950.1500 2.20181644
4950.2000 2.17468423
4950.2500 2.10665137
4950.3000 2.01969056
4950.3500 1.93272974
4950.4000 1.85455273
4950.4500 1.97232097
4950.5000 2.0900892
4950.5500 2.20785744
4950.6000 2.26185625
4950.6500 2.22161843
4950.7000 2.18138061
4950.7500 2.1411428
4950.8000 2.14845342
4950.8500 2.17031502
4950.9000 2.19217663
4950.9500 2.19125125
4951.0000 2.03672511
4951.0500 1.88219896
4951.1000 1.72767281
4951.1500 1.67353828
4951.2000 1.72219209
4951.2500 1.77084591
4951.3000 1.81949972
4951.3500 1.96169393
4951.4000 2.11906151
4951.4500 2.27642909
4951.5000 2.38715551
4951.5500 2.34010562
4951.6000 2.29305574
4951.6500 2.24600586
4951.7000 2.13370913
4951.7500 1.97742588
4951.8000 1.82114263
4951.8500 1.66485938
4951.9000 1.72747965
4951.9500 1.79736486
4952.0000 1.86725007
4952.0500 1.90508456
4952.1000 1.88066216
4952.1500 1.85623976
4952.2000 1.83181737
4952.2500 1.93979993
4952.3000 2.101016
4952.3500 2.26223207
4952.4000 2.40686508
4952.4500 2.3797279
4952.5000 2.35259071
4952.5500 2.32545353
4952.6000 2.20904704
4952.6500 1.98962585
4952.7000 1.77020467
4952.7500 1.55078349
4952.8000 1.67238702
4952.8500 1.85803762
4952.9000 2.04368823
4952.9500 2.18694927
4953.0000 2.18073214
4953.0500 2.17451502
4953.1000 2.1682979
4953.1500 2.06046594
4953.2000 1.88528228
4953.2500 1.71009862
4953.3000 1.53491496
4953.3500 1.70345413
4953.4000 1.87784347
4953.4500 2.05223281
4953.5000 2.17217413
4953.5500 2.19802366
4953.6000 2.22387319
4953.6500 2.24972271
4953.7000 2.21402904
4953.7500 2.15795875
4953.8000 2.10188846
4953.8500 2.01467602
4953.9000 1.73192672
4953.9500 1.44917742
4954.0000 1.16642812
4954.0500 1.20026318
4954.1000 1.52061876
4954.1500 1.84097434
4954.2000 2.16132992
4954.2500 2.03385055
4954.3000 1.86416993
4954.3500 1.6944893
4954.4000 1.61889835
4954.4500 1.75846267
4954.5000 1.89802698
4954.5500 2.0375913
4954.6000 2.04520609
4954.6500 1.99520109
4954.7000 1.9451961
4954.7500 1.89251927
4954.8000 1.8125811
4954.8500 1.73264294
4954.9000 1.65270478
4954.9500 1.69855652
4955.0000 1.8785737
4955.0500 2.05859088
4955.1000 2.23860806
4955.1500 2.27995508
4955.2000 2.30238174
4955.2500 2.3248084
4955.3000 2.28149044
4955.3500 2.0669216
4955.4000 1.85235275
4955.4500 1.6377839
4955.5000 1.70221274
4955.5500 1.90018076
4955.6000 2.09814878
4955.6500 2.28305148
4955.7000 2.31046908
4955.7500 2.33788667
4955.8000 2.36530427
4955.8500 2.27486884
4955.9000 2.05590559
4955.9500 1.83694234
4956.0000 1.61797908
4956.0500 1.67598756
4956.1000 1.77123366
4956.1500 1.86647975
4956.2000 1.88835416
4956.2500 1.72711011
4956.3000 1.56586606
4956.3500 1.40462201
4956.4000 1.47009612
4956.4500 1.63645345
4956.5000 1.80281079
4956.5500 1.93974299
4956.6000 1.81028605
4956.6500 1.68082912
4956.7000 1.55137218
4956.7500 1.50981471
4956.8000 1.55328236
4956.8500 1.59675
4956.9000 1.64021765
4956.9500 1.7498179
4957.0000 1.86528045
4957.0500 1.980743
4957.1000 2.01824023
4957.1500 1.89762966
4957.2000 1.77701908
4957.2500 1.65640851
4957.3000 1.611103
4957.3500 1.59179484
4957.4000 1.57248669
4957.4500 1.56934562
4957.5000 1.65242392
4957.5500 1.73550222
4957.6000 1.81858052
4957.6500 1.76246015
4957.7000 1.60297327
4957.7500 1.44348638
4957.8000 1.28399949
4957.8500 1.56285142
4957.9000 1.84557531
4957.9500 2.12829919
4958.0000 2.3214523
4958.0500 2.38573893
4958.1000 2.45002557
4958.1500 2.5143122
4958.2000 2.24769375
4958.2500 1.91343731
4958.3000 1.57918088
4958.3500 1.34128924
4958.4000 1.38951287
4958.4500 1.4377365
4958.5000 1.48596012
4958.5500 1.60799917
4958.6000 1.76557347
4958.6500 1.92314777
4958.7000 2.05777422
4958.7500 1.98482737
4958.8000 1.91188053
4958.8500 1.83893368
4958.9000 1.7551825
4958.9500 1.6616751
4959.0000 1.5681677
4959.0500 1.4746603
4959.1000 1.64382034
4959.1500 1.82597596
4959.2000 2.00813159
4959.2500 2.15228179
4959.3000 2.23485645
4959.3500 2.31743111
4959.4000 2.40000576
4959.4500 2.28387559
4959.5000 2.12170316
4959.5500 1.95953073
4959.6000 1.84051516
4959.6500 1.85555513
4959.7000 1.8705951
4959.7500 1.88563508
4959.8000 1.7219526
4959.8500 1.47285037
4959.9000 1.22374813
4959.9500 1.017533
4960.0000 1.15436067
4960.0500 1.29118835
4960.1000 1.42801602
4960.1500 1.55528882
4960.2000 1.67465093
4960.2500 1.79401304
4960.3000 1.91337515
4960.3500 1.83562847
4960.4000 1.75476653
4960.4500 1.6739046
4960.5000 1.61335421
4960.5500 1.58048241
4960.6000 1.54761062
4960.6500 1.51473882
4960.7000 1.68143777
4960.7500 1.87969021
4960.8000 2.07794265
4960.8500 2.21120569
4960.9000 2.1964785
4960.9500 2.18175131
4961.0000 2.16702411
4961.0500 2.05624403
4961.1000 1.91314523
4961.1500 1.77004644
4961.2000 1.65818562
4961.2500 1.67713438
4961.3000 1.69608315
4961.3500 1.71503191
4961.4000 1.69444675
4961.4500 1.65150118
4961.5000 1.60855561
4961.5500 1.58717229
4961.6000 1.7945798
4961.6500 2.00198731
4961.7000 2.20939482
4961.7500 2.22693492
4961.8000 2.07942064
4961.8500 1.93190637
4961.9000 1.7843921
4961.9500 1.71252419
4962.0000 1.64179129
4962.0500 1.57105839
4962.1000 1.4871889
4962.1500 1.38638922
4962.2000 1.28558953
4962.2500 1.18478985
4962.3000 1.40890129
4962.3500 1.67315214
4962.4000 1.93740298
4962.4500 2.10827014
4962.5000 2.10153696
4962.5500 2.09480379
4962.6000 2.08807062
4962.6500 1.9531178
4962.7000 1.78623224
4962.7500 1.61934667
4962.8000 1.51566885
4962.8500 1.59373047
4962.9000 1.6717921
4962.9500 1.74985372
4963.0000 1.8746547
4963.0500 2.01791111
4963.1000 2.16116751
4963.1500 2.27681045
4963.2000 2.26425856
4963.2500 2.25170666
4963.3000 2.23915476
4963.3500 2.181277
4963.4000 2.09778957
4963.4500 2.01430214
4963.5000 1.91741876
4963.5500 1.70279769
4963.6000 1.48817661
4963.6500 1.27355554
4963.7000 1.27236318
4963.7500 1.43430909
4963.8000 1.596255
4963.8500 1.75315216
4963.9000 1.76132613
4963.9500 1.76950009
4964.0000 1.77767406
4964.0500 1.92922329
4964.1000 2.22395931
4964.1500 2.51869534
4964.2000 2.81343136
4964.2500 2.67838037
4964.3000 2.52970037
4964.3500 2.38102038
4964.4000 2.20507758
4964.4500 1.99438558
4964.5000 1.78369358
4964.5500 1.57300157
4964.6000 0
4964.6500 0
4964.7000 0
