6693.0500 0.23726052
6693.1000 0.23824263
6693.1500 0.24291586
6693.2000 0.2532121
6693.2500 0.26350834
6693.3000 0.27380458
6693.3500 0.28410082
6693.4000 0.29439706
6693.4500 0.30604164
6693.5000 0.32566865
6693.5500 0.34529566
6693.6000 0.36492267
6693.6500 0.38454968
6693.7000 0.40417669
6693.7500 0.4238037
6693.8000 0.40927933
6693.8500 0.39066206
6693.9000 0.37204479
6693.9500 0.35342752
6694.0000 0.33481025
6694.0500 0.31619298
6694.1000 0.30484179
6694.1500 0.2975473
6694.2000 0.29025281
6694.2500 0.28295831
6694.3000 0.27566382
6694.3500 0.26836933
6694.4000 0.25636243
6694.4500 0.2370076
6694.5000 0.21765277
6694.5500 0.19829794
6694.6000 0.17894311
6694.6500 0.15958827
6694.7000 0.14422849
6694.7500 0.15340434
6694.8000 0.1625802
6694.8500 0.17175605
6694.9000 0.1809319
6694.9500 0.19010776
6695.0000 0.19928361
6695.0500 0.20681965
6695.1000 0.21415219
6695.1500 0.22148472
6695.2000 0.22881725
6695.2500 0.23614978
6695.3000 0.24348232
6695.3500 0.24314551
6695.4000 0.23848444
6695.4500 0.23382337
6695.5000 0.22916231
6695.5500 0.22450124
6695.6000 0.21984017
6695.6500 0.22109529
6695.7000 0.23161955
6695.7500 0.2421438
6695.8000 0.25266806
6695.8500 0.26319231
6695.9000 0.27371657
6695.9500 0.28662212
6696.0000 0.31415095
6696.0500 0.34167978
6696.1000 0.36920861
6696.1500 0.39673744
6696.2000 0.42426627
6696.2500 0.4517951
6696.3000 0.4552378
6696.3500 0.45572717
6696.4000 0.45621654
6696.4500 0.45670592
6696.5000 0.45719529
6696.5500 0.45768467
6696.6000 0.44559319
6696.6500 0.42648069
6696.7000 0.40736819
6696.7500 0.3882557
6696.8000 0.3691432
6696.8500 0.35003071
6696.9000 0.33922159
6696.9500 0.34122822
6697.0000 0.34323485
6697.0500 0.34524148
6697.1000 0.34724811
6697.1500 0.34925475
6697.2000 0.3519448
6697.2500 0.35867023
6697.3000 0.36539565
6697.3500 0.37212108
6697.4000 0.3788465
6697.4500 0.38557193
6697.5000 0.39229735
6697.5500 0.39018418
6697.6000 0.38705399
6697.6500 0.3839238
6697.7000 0.38079361
6697.7500 0.37766343
6697.8000 0.37453324
6697.8500 0.36725781
6697.9000 0.35774156
6697.9500 0.34822532
6698.0000 0.33870908
6698.0500 0.32919283
6698.1000 0.31967659
6698.1500 0.30638792
6698.2000 0.28748133
6698.2500 0.26857473
6698.3000 0.24966813
6698.3500 0.23076154
6698.4000 0.21185494
6698.4500 0.19786002
6698.5000 0.21070536
6698.5500 0.22355071
6698.6000 0.23639606
6698.6500 0.24924141
6698.7000 0.26208675
6698.7500 0.2749321
6698.8000 0.27101158
6698.8500 0.26539188
6698.9000 0.25977219
6698.9500 0.25415249
6699.0000 0.24853279
6699.0500 0.2429131
6699.1000 0.25109231
6699.1500 0.26632923
6699.2000 0.28156615
6699.2500 0.29680306
6699.3000 0.31203998
6699.3500 0.3272769
6699.4000 0.33129931
6699.4500 0.3195511
6699.5000 0.30780288
6699.5500 0.29605467
6699.6000 0.28430646
6699.6500 0.27255825
6699.7000 0.26202377
6699.7500 0.25741927
6699.8000 0.25281478
6699.8500 0.24821028
6699.9000 0.24360579
6699.9500 0.23900129
6700.0000 0.2343968
6700.0500 0.24345813
6700.1000 0.25363429
6700.1500 0.26381044
6700.2000 0.27398659
6700.2500 0.28416274
6700.3000 0.29433889
6700.3500 0.30643933
6700.4000 0.31944696
6700.4500 0.33245459
6700.5000 0.34546222
6700.5500 0.35846985
6700.6000 0.37147748
6700.6500 0.3792624
6700.7000 0.38026377
6700.7500 0.38126515
6700.8000 0.38226653
6700.8500 0.38326791
6700.9000 0.38426929
6700.9500 0.38680972
6701.0000 0.39587918
6701.0500 0.40494865
6701.1000 0.41401812
6701.1500 0.42308758
6701.2000 0.43215705
6701.2500 0.44122651
6701.3000 0.44008009
6701.3500 0.43836063
6701.4000 0.43664118
6701.4500 0.43492172
6701.5000 0.43320227
6701.5500 0.43148281
6701.6000 0.42082729
6701.6500 0.40640359
6701.7000 0.39197989
6701.7500 0.37755618
6701.8000 0.36313248
6701.8500 0.34870878
6701.9000 0.35304958
6701.9500 0.37939384
6702.0000 0.40573809
6702.0500 0.43208235
6702.1000 0.4584266
6702.1500 0.48477086
6702.2000 0.49865624
6702.2500 0.46772995
6702.3000 0.43680365
6702.3500 0.40587736
6702.4000 0.37495107
6702.4500 0.34402477
6702.5000 0.31309848
6702.5500 0.31344167
6702.6000 0.31458004
6702.6500 0.31571841
6702.7000 0.31685677
6702.7500 0.31799514
6702.8000 0.31913351
6702.8500 0.3182674
6702.9000 0.31667207
6702.9500 0.31507675
6703.0000 0.31348142
6703.0500 0.3118861
6703.1000 0.31029077
6703.1500 0.30088827
6703.2000 0.28341496
6703.2500 0.26594164
6703.3000 0.24846833
6703.3500 0.23099502
6703.4000 0.21352171
6703.4500 0.20612715
6703.5000 0.22888064
6703.5500 0.25163413
6703.6000 0.27438762
6703.6500 0.29714111
6703.7000 0.3198946
6703.7500 0.3422113
6703.8000 0.32041392
6703.8500 0.29861654
6703.9000 0.27681916
6703.9500 0.25502178
6704.0000 0.2332244
6704.0500 0.21142702
6704.1000 0.21728809
6704.1500 0.23143543
6704.2000 0.24558277
6704.2500 0.25973011
6704.3000 0.27387745
6704.3500 0.28802479
6704.4000 0.29917452
6704.4500 0.30766122
6704.5000 0.31614793
6704.5500 0.32463463
6704.6000 0.33312133
6704.6500 0.34160804
6704.7000 0.35094069
6704.7500 0.36234387
6704.8000 0.37374705
6704.8500 0.38515023
6704.9000 0.39655341
6704.9500 0.40795659
6705.0000 0.41805155
6705.0500 0.40379617
6705.1000 0.38954079
6705.1500 0.37528541
6705.2000 0.36103003
6705.2500 0.34677465
6705.3000 0.33251927
6705.3500 0.32869601
6705.4000 0.32728267
6705.4500 0.32586932
6705.5000 0.32445597
6705.5500 0.32304262
6705.6000 0.32162928
6705.6500 0.32685221
6705.7000 0.33699766
6705.7500 0.3471431
6705.8000 0.35728855
6705.8500 0.367434
6705.9000 0.37757944
6705.9500 0.39128704
6706.0000 0.41202277
6706.0500 0.43275849
6706.1000 0.45349421
6706.1500 0.47422993
6706.2000 0.49496565
6706.2500 0.5104133
6706.3000 0.47775148
6706.3500 0.44508966
6706.4000 0.41242784
6706.4500 0.37976601
6706.5000 0.34710419
6706.5500 0.31444237
6706.6000 0.3199528
6706.6500 0.33156664
6706.7000 0.34318047
6706.7500 0.35479431
6706.8000 0.36640814
6706.8500 0.37802198
6706.9000 0.38059296
6706.9500 0.37775485
6707.0000 0.37491675
6707.0500 0.37207865
6707.1000 0.36924055
6707.1500 0.36640245
6707.2000 0.36307725
6707.2500 0.35898934
6707.3000 0.35490144
6707.3500 0.35081354
6707.4000 0.34672563
6707.4500 0.34263773
6707.5000 0.33806488
6707.5500 0.33083269
6707.6000 0.32360051
6707.6500 0.31636832
6707.7000 0.30913614
6707.7500 0.30190396
6707.8000 0.29467177
6707.8500 0.29387617
6707.9000 0.2936465
6707.9500 0.29341682
6708.0000 0.29318715
6708.0500 0.29295748
6708.1000 0.2927278
6708.1500 0.28633818
6708.2000 0.27711068
6708.2500 0.26788318
6708.3000 0.25865567
6708.3500 0.24942817
6708.4000 0.24020067
6708.4500 0.23827793
6708.5000 0.2452653
6708.5500 0.25225267
6708.6000 0.25924004
6708.6500 0.26622741
6708.7000 0.27321478
6708.7500 0.27838901
6708.8000 0.27701597
6708.8500 0.27564293
6708.9000 0.27426989
6708.9500 0.27289685
6709.0000 0.27152381
6709.0500 0.27015077
6709.1000 0.2847795
6709.1500 0.29967292
6709.2000 0.31456635
6709.2500 0.32945977
6709.3000 0.34435319
6709.3500 0.35924661
6709.4000 0.37505638
6709.4500 0.39116985
6709.5000 0.40728333
6709.5500 0.4233968
6709.6000 0.43951027
6709.6500 0.45562374
6709.7000 0.45473845
6709.7500 0.43809318
6709.8000 0.42144791
6709.8500 0.40480264
6709.9000 0.38815737
6709.9500 0.37151209
6710.0000 0.36055803
6710.0500 0.36372618
6710.1000 0.36689433
6710.1500 0.37006249
6710.2000 0.37323064
6710.2500 0.37639879
6710.3000 0.38001989
6710.3500 0.39126594
6710.4000 0.40251198
6710.4500 0.41375802
6710.5000 0.42500406
6710.5500 0.4362501
6710.6000 0.44749614
6710.6500 0.44834154
6710.7000 0.44698704
6710.7500 0.44563254
6710.8000 0.44427804
6710.8500 0.44292354
6710.9000 0.44156904
6710.9500 0.43111346
6711.0000 0.41446974
6711.0500 0.39782602
6711.1000 0.38118229
6711.1500 0.36453857
6711.2000 0.34789485
6711.2500 0.3373882
6711.3000 0.33752964
6711.3500 0.33767107
6711.4000 0.33781251
6711.4500 0.33795395
6711.5000 0.33809538
6711.5500 0.33965202
6711.6000 0.35016066
6711.6500 0.36066931
6711.7000 0.37117795
6711.7500 0.3816866
6711.8000 0.39219524
6711.8500 0.40270389
6711.9000 0.39519941
6711.9500 0.38586791
6712.0000 0.37653641
6712.0500 0.36720491
6712.1000 0.35787341
6712.1500 0.34854191
6712.2000 0.34189767
6712.2500 0.33651893
6712.3000 0.33114018
6712.3500 0.32576144
6712.4000 0.32038269
6712.4500 0.31500395
6712.5000 0.31855358
6712.5500 0.3329142
6712.6000 0.34727482
6712.6500 0.36163544
6712.7000 0.37599607
6712.7500 0.39035669
6712.8000 0.39739682
6712.8500 0.37926756
6712.9000 0.3611383
6712.9500 0.34300904
6713.0000 0.32487978
6713.0500 0.30675052
6713.1000 0.28862127
6713.1500 0.3032516
6713.2000 0.3179193
6713.2500 0.33258699
6713.3000 0.34725469
6713.3500 0.36192238
6713.4000 0.37659008
6713.4500 0.37183868
6713.5000 0.36138307
6713.5500 0.35092746
6713.6000 0.34047185
6713.6500 0.33001624
6713.7000 0.31956063
6713.7500 0.31429098
6713.8000 0.31330584
6713.8500 0.3123207
6713.9000 0.31133556
6713.9500 0.31035043
6714.0000 0.30936529
6714.0500 0.31056735
6714.1000 0.31635815
6714.1500 0.32214896
6714.2000 0.32793976
6714.2500 0.33373057
6714.3000 0.33952138
6714.3500 0.34489695
6714.4000 0.34647403
6714.4500 0.34805111
6714.5000 0.34962819
6714.5500 0.35120527
6714.6000 0.35278235
6714.6500 0.35435944
6714.7000 0.35598339
6714.7500 0.35761405
6714.8000 0.3592447
6714.8500 0.36087536
6714.9000 0.36250602
6714.9500 0.36413668
6715.0000 0.35041137
6715.0500 0.32848095
6715.1000 0.30655052
6715.1500 0.2846201
6715.2000 0.26268967
6715.2500 0.24075925
6715.3000 0.24250295
6715.3500 0.27572972
6715.4000 0.30895649
6715.4500 0.34218327
6715.5000 0.37541004
6715.5500 0.40863681
6715.6000 0.43559577
6715.6500 0.43857971
6715.7000 0.44156366
6715.7500 0.4445476
6715.8000 0.44753155
6715.8500 0.4505155
6715.9000 0.45349944
6715.9500 0.42464743
6716.0000 0.39533913
6716.0500 0.36603083
6716.1000 0.33672252
6716.1500 0.30741422
6716.2000 0.27810592
6716.2500 0.2888481
6716.3000 0.31188815
6716.3500 0.3349282
6716.4000 0.35796825
6716.4500 0.3810083
6716.5000 0.40404835
6716.5500 0.40630755
6716.6000 0.39120875
6716.6500 0.37610994
6716.7000 0.36101114
6716.7500 0.34591233
6716.8000 0.33081353
6716.8500 0.32029463
6716.9000 0.31927632
6716.9500 0.318258
6717.0000 0.31723968
6717.0500 0.31622136
6717.1000 0.31520305
6717.1500 0.31491159
6717.2000 0.3207338
6717.2500 0.326556
6717.3000 0.33237821
6717.3500 0.33820041
6717.4000 0.34402261
6717.4500 0.34984482
6717.5000 0.36066442
6717.5500 0.37211524
6717.6000 0.38356606
6717.6500 0.39501688
6717.7000 0.4064677
6717.7500 0.41791853
6717.8000 0.41276775
6717.8500 0.39944235
6717.9000 0.38611694
6717.9500 0.37279154
6718.0000 0.35946613
6718.0500 0.34614072
6718.1000 0.33270436
6718.1500 0.31913396
6718.2000 0.30556355
6718.2500 0.29199315
6718.3000 0.27842274
6718.3500 0.26485234
6718.4000 0.2511076
6718.4500 0.23679946
6718.5000 0.22249132
6718.5500 0.20818318
6718.6000 0.19387504
6718.6500 0.17956691
6718.7000 0.16585068
6718.7500 0.18059084
6718.8000 0.19533099
6718.8500 0.21007115
6718.9000 0.22481131
6718.9500 0.23955146
6719.0000 0.25429162
6719.0500 0.24732679
6719.1000 0.23510633
6719.1500 0.22288587
6719.2000 0.21066542
6719.2500 0.19844496
6719.3000 0.1862245
6719.3500 0.19206972
6719.4000 0.21044932
6719.4500 0.22882891
6719.5000 0.24720851
6719.5500 0.2655881
6719.6000 0.2839677
6719.6500 0.30000772
6719.7000 0.31217055
6719.7500 0.32433339
6719.8000 0.33649623
6719.8500 0.34865906
6719.9000 0.3608219
6719.9500 0.36897174
6720.0000 0.35650401
6720.0500 0.34403628
6720.1000 0.33156854
6720.1500 0.31910081
6720.2000 0.30663308
6720.2500 0.29416535
6720.3000 0.31304594
6720.3500 0.33357069
6720.4000 0.35409543
6720.4500 0.37462018
6720.5000 0.39514493
6720.5500 0.41566968
6720.6000 0.40714369
6720.6500 0.38830716
6720.7000 0.36947062
6720.7500 0.35063409
6720.8000 0.33179755
6720.8500 0.31296102
6720.9000 0.30189621
6720.9500 0.29781812
6721.0000 0.29374003
6721.0500 0.28966194
6721.1000 0.28558386
6721.1500 0.28150577
6721.2000 0.28285505
6721.2500 0.29596332
6721.3000 0.3090716
6721.3500 0.32217987
6721.4000 0.33528815
6721.4500 0.34839643
6721.5000 0.3599817
6721.5500 0.35867545
6721.6000 0.35736919
6721.6500 0.35606294
6721.7000 0.35475669
6721.7500 0.35345043
6721.8000 0.35214418
6721.8500 0.3536373
6721.9000 0.35545469
6721.9500 0.35727208
6722.0000 0.35908947
6722.0500 0.36090686
6722.1000 0.36272425
6722.1500 0.36306574
6722.2000 0.36273601
6722.2500 0.36240628
6722.3000 0.36207656
6722.3500 0.36174683
6722.4000 0.3614171
6722.4500 0.35592321
6722.5000 0.34481834
6722.5500 0.33371348
6722.6000 0.32260862
6722.6500 0.31150375
6722.7000 0.30039889
6722.7500 0.28849885
6722.8000 0.2744687
6722.8500 0.26043854
6722.9000 0.24640838
6722.9500 0.23237822
6723.0000 0.21834807
6723.0500 0.20591587
6723.1000 0.2164436
6723.1500 0.22697133
6723.2000 0.23749906
6723.2500 0.24802679
6723.3000 0.25855452
6723.3500 0.26908225
6723.4000 0.29831973
6723.4500 0.33062824
6723.5000 0.36293675
6723.5500 0.39524526
6723.6000 0.42755377
6723.6500 0.45986227
6723.7000 0.4626196
6723.7500 0.44971729
6723.8000 0.43681498
6723.8500 0.42391268
6723.9000 0.41101037
6723.9500 0.39810806
6724.0000 0.39171557
6724.0500 0.39331312
6724.1000 0.39491068
6724.1500 0.39650823
6724.2000 0.39810578
6724.2500 0.39970333
6724.3000 0.4021547
6724.3500 0.4072374
6724.4000 0.4123201
6724.4500 0.4174028
6724.5000 0.4224855
6724.5500 0.42756821
6724.6000 0.43202897
6724.6500 0.42220606
6724.7000 0.41238314
6724.7500 0.40256023
6724.8000 0.39273731
6724.8500 0.3829144
6724.9000 0.37309148
6724.9500 0.37775529
6725.0000 0.38519544
6725.0500 0.39263559
6725.1000 0.40007574
6725.1500 0.40751589
6725.2000 0.41495604
6725.2500 0.40665838
6725.3000 0.38940561
6725.3500 0.37215284
6725.4000 0.35490007
6725.4500 0.3376473
6725.5000 0.32039452
6725.5500 0.31296649
6725.6000 0.31823572
6725.6500 0.32350495
6725.7000 0.32877418
6725.7500 0.33404341
6725.8000 0.33931264
6725.8500 0.34315276
6725.9000 0.34236236
6725.9500 0.34157196
6726.0000 0.34078156
6726.0500 0.33999117
6726.1000 0.33920077
6726.1500 0.3387108
6726.2000 0.34622296
6726.2500 0.35373512
6726.3000 0.36124727
6726.3500 0.36875943
6726.4000 0.37627159
6726.4500 0.38378375
6726.5000 0.38293005
6726.5500 0.38045031
6726.6000 0.37797057
6726.6500 0.37549082
6726.7000 0.37301108
6726.7500 0.37053134
6726.8000 0.35992997
6726.8500 0.34474194
6726.9000 0.3295539
6726.9500 0.31436587
6727.0000 0.29917784
6727.0500 0.2839898
6727.1000 0.2778503
6727.1500 0.28315066
6727.2000 0.28845102
6727.2500 0.29375139
6727.3000 0.29905175
6727.3500 0.30435211
6727.4000 0.30907967
6727.4500 0.31204161
6727.5000 0.31500354
6727.5500 0.31796548
6727.6000 0.32092741
6727.6500 0.32388935
6727.7000 0.32688833
6727.7500 0.33060627
6727.8000 0.33432421
6727.8500 0.33804215
6727.9000 0.34176009
6727.9500 0.34547804
6728.0000 0.34919598
6728.0500 0.33563117
6728.1000 0.31910772
6728.1500 0.30258426
6728.2000 0.28606081
6728.2500 0.26953735
6728.3000 0.25301389
6728.3500 0.24456088
6728.4000 0.24027627
6728.4500 0.23599167
6728.5000 0.23170706
6728.5500 0.22742245
6728.6000 0.22313784
6728.6500 0.22077178
6728.7000 0.22060636
6728.7500 0.22044094
6728.8000 0.22027552
6728.8500 0.2201101
6728.9000 0.21994468
6728.9500 0.21853642
6729.0000 0.2138164
6729.0500 0.20909639
6729.1000 0.20437637
6729.1500 0.19965635
6729.2000 0.19493633
6729.2500 0.1908471
6729.3000 0.19393702
6729.3500 0.19702693
6729.4000 0.20011684
6729.4500 0.20320676
6729.5000 0.20629667
6729.5500 0.20938659
6729.6000 0.2182121
6729.6500 0.22775057
6729.7000 0.23728903
6729.7500 0.2468275
6729.8000 0.25636596
6729.8500 0.26590443
6729.9000 0.26317764
6729.9500 0.25516664
6730.0000 0.24715564
6730.0500 0.23914464
6730.1000 0.23113364
6730.1500 0.22312263
6730.2000 0.22113812
6730.2500 0.22496371
6730.3000 0.2287893
6730.3500 0.23261489
6730.4000 0.23644048
6730.4500 0.24026607
6730.5000 0.24662155
6730.5500 0.25834866
6730.6000 0.27007576
6730.6500 0.28180286
6730.7000 0.29352997
6730.7500 0.30525707
6730.8000 0.31377296
6730.8500 0.30117509
6730.9000 0.28857722
6730.9500 0.27597935
6731.0000 0.26338148
6731.0500 0.25078361
6731.1000 0.23818574
6731.1500 0.21324503
6731.2000 0.18758112
6731.2500 0.1619172
6731.3000 0.13625329
6731.3500 0.11058938
6731.4000 0.08492547
6731.4500 0.091502
6731.5000 0.10836638
6731.5500 0.12523077
6731.6000 0.14209515
6731.6500 0.15895953
6731.7000 0.17582392
6731.7500 0.20410819
6731.8000 0.24092524
6731.8500 0.27774229
6731.9000 0.31455934
6731.9500 0.35137639
6732.0000 0.38819344
6732.0500 0.40488065
6732.1000 0.38973889
6732.1500 0.37459713
6732.2000 0.35945536
6732.2500 0.3443136
6732.3000 0.32917183
6732.3500 0.31726826
6732.4000 0.31805388
6732.4500 0.3188395
6732.5000 0.31962512
6732.5500 0.32041075
6732.6000 0.32119637
6732.6500 0.32177586
6732.7000 0.31226732
6732.7500 0.30275878
6732.8000 0.29325024
6732.8500 0.28374171
6732.9000 0.27423317
6732.9500 0.26472463
6733.0000 0.25851541
6733.0500 0.25294603
6733.1000 0.24737665
6733.1500 0.24180728
6733.2000 0.2362379
6733.2500 0.23066852
6733.3000 0.2357082
6733.3500 0.24631251
6733.4000 0.25691682
6733.4500 0.26752113
6733.5000 0.27812544
6733.5500 0.28872975
6733.6000 0.30246855
6733.6500 0.31966955
6733.7000 0.33687055
6733.7500 0.35407154
6733.8000 0.37127254
6733.8500 0.38847354
6733.9000 0.39998031
6733.9500 0.39789309
6734.0000 0.39580588
6734.0500 0.39371867
6734.1000 0.39163146
6734.1500 0.38954424
6734.2000 0.38555167
6734.2500 0.36705635
6734.3000 0.34856102
6734.3500 0.3300657
6734.4000 0.31157038
6734.4500 0.29307505
6734.5000 0.27457973
6734.5500 0.28154171
6734.6000 0.29018987
6734.6500 0.29883802
6734.7000 0.30748618
6734.7500 0.31613433
6734.8000 0.32478248
6734.8500 0.32082915
6734.9000 0.31290712
6734.9500 0.30498509
6735.0000 0.29706305
6735.0500 0.28914102
6735.1000 0.28121899
6735.1500 0.28918175
6735.2000 0.30846138
6735.2500 0.32774102
6735.3000 0.34702065
6735.3500 0.36630028
6735.4000 0.38557992
6735.4500 0.38759348
6735.5000 0.36458556
6735.5500 0.34157763
6735.6000 0.31856971
6735.6500 0.29556179
6735.7000 0.27255386
6735.7500 0.25533181
6735.8000 0.2571019
6735.8500 0.25887199
6735.9000 0.26064207
6735.9500 0.26241216
6736.0000 0.26418225
6736.0500 0.2656024
6736.1000 0.26150008
6736.1500 0.25739776
6736.2000 0.25329544
6736.2500 0.24919312
6736.3000 0.2450908
6736.3500 0.24098848
6736.4000 0.23970371
6736.4500 0.23877949
6736.5000 0.23785527
6736.5500 0.23693106
6736.6000 0.23600684
6736.6500 0.23508262
6736.7000 0.22169341
6736.7500 0.20332077
6736.8000 0.18494812
6736.8500 0.16657548
6736.9000 0.14820283
6736.9500 0.12983019
6737.0000 0.13739449
6737.0500 0.16677732
6737.1000 0.19616015
6737.1500 0.22554297
6737.2000 0.2549258
6737.2500 0.28430862
6737.3000 0.3000254
6737.3500 0.29274459
6737.4000 0.28546378
6737.4500 0.27818297
6737.5000 0.27090216
6737.5500 0.26362135
6737.6000 0.25805227
6737.6500 0.25919291
6737.7000 0.26033355
6737.7500 0.26147419
6737.8000 0.26261483
6737.8500 0.26375547
6737.9000 0.26450622
6737.9500 0.25440345
6738.0000 0.24430068
6738.0500 0.23419791
6738.1000 0.22409514
6738.1500 0.21399237
6738.2000 0.20388961
6738.2500 0.22776388
6738.3000 0.25685025
6738.3500 0.28593662
6738.4000 0.31502299
6738.4500 0.34410935
6738.5000 0.37319572
6738.5500 0.3705979
6738.6000 0.35443635
6738.6500 0.3382748
6738.7000 0.32211325
6738.7500 0.3059517
6738.8000 0.28979015
6738.8500 0.28544696
6738.9000 0.29140127
6738.9500 0.29735559
6739.0000 0.30330991
6739.0500 0.30926423
6739.1000 0.31521855
6739.1500 0.31630545
6739.2000 0.30908502
6739.2500 0.30186459
6739.3000 0.29464416
6739.3500 0.28742373
6739.4000 0.2802033
6739.4500 0.27500513
6739.5000 0.27762818
6739.5500 0.28025123
6739.6000 0.28287428
6739.6500 0.28549733
6739.7000 0.28812039
6739.7500 0.29088068
6739.8000 0.29674367
6739.8500 0.30260667
6739.9000 0.30846966
6739.9500 0.31433265
6740.0000 0.32019565
6740.0500 0.32605864
6740.1000 0.33138316
6740.1500 0.33663439
6740.2000 0.34188563
6740.2500 0.34713686
6740.3000 0.3523881
6740.3500 0.35763933
6740.4000 0.36146338
6740.4500 0.36472966
6740.5000 0.36799593
6740.5500 0.3712622
6740.6000 0.37452847
6740.6500 0.37779474
6740.7000 0.36898097
6740.7500 0.35062648
6740.8000 0.33227198
6740.8500 0.31391749
6740.9000 0.295563
6740.9500 0.27720851
6741.0000 0.26579659
6741.0500 0.26482469
6741.1000 0.26385278
6741.1500 0.26288087
6741.2000 0.26190896
6741.2500 0.26093705
6741.3000 0.26197279
6741.3500 0.26933058
6741.4000 0.27668837
6741.4500 0.28404616
6741.5000 0.29140396
6741.5500 0.29876175
6741.6000 0.30534808
6741.6500 0.30347812
6741.7000 0.30160817
6741.7500 0.29973821
6741.8000 0.29786825
6741.8500 0.29599829
6741.9000 0.29412834
6741.9500 0.28181993
6742.0000 0.26869122
6742.0500 0.25556251
6742.1000 0.2424338
6742.1500 0.22930509
6742.2000 0.21617638
6742.2500 0.21293562
6742.3000 0.21262106
6742.3500 0.21230651
6742.4000 0.21199195
6742.4500 0.2116774
6742.5000 0.21136284
6742.5500 0.20375507
6742.6000 0.19162222
6742.6500 0.17948938
6742.7000 0.16735654
6742.7500 0.15522369
6742.8000 0.14309085
6742.8500 0.15017077
6742.9000 0.17948443
6742.9500 0.20879809
6743.0000 0.23811174
6743.0500 0.2674254
6743.1000 0.29673906
6743.1500 0.32069584
6743.2000 0.33278351
6743.2500 0.34487117
6743.3000 0.35695884
6743.3500 0.3690465
6743.4000 0.38113417
6743.4500 0.38920828
6743.5000 0.37611336
6743.5500 0.36301843
6743.6000 0.3499235
6743.6500 0.33682858
6743.7000 0.32373365
6743.7500 0.31069672
6743.8000 0.30421863
6743.8500 0.29774053
6743.9000 0.29126244
6743.9500 0.28478434
6744.0000 0.27830625
6744.0500 0.27182815
6744.1000 0.28226733
6744.1500 0.29548006
6744.2000 0.30869279
6744.2500 0.32190552
6744.3000 0.33511826
6744.3500 0.34833099
6744.4000 0.34667144
6744.4500 0.3389526
6744.5000 0.33123375
6744.5500 0.3235149
6744.6000 0.31579605
6744.6500 0.30807721
6744.7000 0.3066293
6744.7500 0.31005103
6744.8000 0.31347275
6744.8500 0.31689448
6744.9000 0.32031621
6744.9500 0.32373793
6745.0000 0.31702243
6745.0500 0.29609161
6745.1000 0.27516079
6745.1500 0.25422998
6745.2000 0.23329916
6745.2500 0.21236834
6745.3000 0.19674241
6745.3500 0.19541169
6745.4000 0.19408098
6745.4500 0.19275027
6745.5000 0.19141956
6745.5500 0.19008885
6745.6000 0.18965132
6745.6500 0.1954062
6745.7000 0.20116109
6745.7500 0.20691597
6745.8000 0.21267086
6745.8500 0.21842575
6745.9000 0.22418063
6745.9500 0.24081191
6746.0000 0.25763723
6746.0500 0.27446255
6746.1000 0.29128787
6746.1500 0.30811318
6746.2000 0.3249385
6746.2500 0.33372672
6746.3000 0.34098304
6746.3500 0.34823937
6746.4000 0.3554957
6746.4500 0.36275202
6746.5000 0.37000835
6746.5500 0.36566079
6746.6000 0.35630161
6746.6500 0.34694243
6746.7000 0.33758325
6746.7500 0.32822408
6746.8000 0.3188649
6746.8500 0.3141184
6746.9000 0.31302755
6746.9500 0.31193669
6747.0000 0.31084584
6747.0500 0.30975498
6747.1000 0.30866413
6747.1500 0.30678921
6747.2000 0.30382441
6747.2500 0.30085962
6747.3000 0.29789483
6747.3500 0.29493004
6747.4000 0.29196525
6747.4500 0.29006033
6747.5000 0.2908811
6747.5500 0.29170188
6747.6000 0.29252265
6747.6500 0.29334342
6747.7000 0.29416419
6747.7500 0.29356236
6747.8000 0.28440661
6747.8500 0.27525086
6747.9000 0.26609511
6747.9500 0.25693937
6748.0000 0.24778362
6748.0500 0.23858684
6748.1000 0.22287827
6748.1500 0.2071697
6748.2000 0.19146113
6748.2500 0.17575256
6748.3000 0.16004399
6748.3500 0.14433542
6748.4000 0.15865764
6748.4500 0.17742835
6748.5000 0.19619907
6748.5500 0.21496978
6748.6000 0.23374049
6748.6500 0.2525112
6748.7000 0.26545081
6748.7500 0.27630698
6748.8000 0.28716314
6748.8500 0.29801931
6748.9000 0.30887547
6748.9500 0.31973164
6749.0000 0.3227925
6749.0500 0.32073394
6749.1000 0.31867539
6749.1500 0.31661683
6749.2000 0.31455827
6749.2500 0.31249971
6749.3000 0.31023345
6749.3500 0.30773438
6749.4000 0.30523532
6749.4500 0.30273625
6749.5000 0.30023718
6749.5500 0.29773811
6749.6000 0.29192499
6749.6500 0.27969252
6749.7000 0.26746006
6749.7500 0.25522759
6749.8000 0.24299513
6749.8500 0.23076267
6749.9000 0.21811691
6749.9500 0.20392141
6750.0000 0.18972591
6750.0500 0.17553041
6750.1000 0.16133491
6750.1500 0.1471394
6750.2000 0.13462035
6750.2500 0.14095126
6750.3000 0.14728218
6750.3500 0.15361309
6750.4000 0.159944
6750.4500 0.16627491
6750.5000 0.17260583
6750.5500 0.19135527
6750.6000 0.21070499
6750.6500 0.2300547
6750.7000 0.24940441
6750.7500 0.26875413
6750.8000 0.28810384
6750.8500 0.28772339
6750.9000 0.2832214
6750.9500 0.27871942
6751.0000 0.27421743
6751.0500 0.26971544
6751.1000 0.26521346
6751.1500 0.26523413
6751.2000 0.26717831
6751.2500 0.26912249
6751.3000 0.27106667
6751.3500 0.27301085
6751.4000 0.27495503
6751.4500 0.28042401
6751.5000 0.28847591
6751.5500 0.29652781
6751.6000 0.30457972
6751.6500 0.31263162
6751.7000 0.32068352
6751.7500 0.32424775
6751.8000 0.3224086
6751.8500 0.32056946
6751.9000 0.31873031
6751.9500 0.31689117
6752.0000 0.31505202
6752.0500 0.30914339
6752.1000 0.29502539
6752.1500 0.28090739
6752.2000 0.2667894
6752.2500 0.2526714
6752.3000 0.2385534
6752.3500 0.22930038
6752.4000 0.23832176
6752.4500 0.24734315
6752.5000 0.25636454
6752.5500 0.26538593
6752.6000 0.27440732
6752.6500 0.28337783
6752.7000 0.29183517
6752.7500 0.30029251
6752.8000 0.30874985
6752.8500 0.31720718
6752.9000 0.32566452
6752.9500 0.33412186
6753.0000 0.31506195
6753.0500 0.29518743
6753.1000 0.2753129
6753.1500 0.25543837
6753.2000 0.23556385
6753.2500 0.21568932
6753.3000 0.21937124
6753.3500 0.22709868
6753.4000 0.23482613
6753.4500 0.24255357
6753.5000 0.25028102
6753.5500 0.25800846
6753.6000 0.27052021
6753.6500 0.28474146
6753.7000 0.2989627
6753.7500 0.31318394
6753.8000 0.32740518
6753.8500 0.34162643
6753.9000 0.34984516
6753.9500 0.35440362
6754.0000 0.35896209
6754.0500 0.36352056
6754.1000 0.36807902
6754.1500 0.37263749
6754.2000 0.37888889
6754.2500 0.38678787
6754.3000 0.39468685
6754.3500 0.40258583
6754.4000 0.41048481
6754.4500 0.41838378
6754.5000 0.42651825
6754.5500 0.43501563
6754.6000 0.44351301
6754.6500 0.4520104
6754.7000 0.46050778
6754.7500 0.46900516
6754.8000 0.4695491
6754.8500 0.44978286
6754.9000 0.43001661
6754.9500 0.41025036
6755.0000 0.39048412
6755.0500 0.37071787
6755.1000 0.35129235
6755.1500 0.33352531
6755.2000 0.31575826
6755.2500 0.29799122
6755.3000 0.28022417
6755.3500 0.26245713
6755.4000 0.24601439
6755.4500 0.25009206
6755.5000 0.25416972
6755.5500 0.25824738
6755.6000 0.26232505
6755.6500 0.26640271
6755.7000 0.27048037
6755.7500 0.27222773
6755.8000 0.27385754
6755.8500 0.27548734
6755.9000 0.27711714
6755.9500 0.27874695
6756.0000 0.28037675
6756.0500 0.28351164
6756.1000 0.28692368
6756.1500 0.29033572
6756.2000 0.29374777
6756.2500 0.29715981
6756.3000 0.30057185
6756.3500 0.28858159
6756.4000 0.27112831
6756.4500 0.25367503
6756.5000 0.23622175
6756.5500 0.21876847
6756.6000 0.2013152
6756.6500 0.20406342
6756.7000 0.21852212
6756.7500 0.23298081
6756.8000 0.2474395
6756.8500 0.2618982
6756.9000 0.27635689
6756.9500 0.28063455
6757.0000 0.27585031
6757.0500 0.27106606
6757.1000 0.26628182
6757.1500 0.26149757
6757.2000 0.25671333
6757.2500 0.25702748
6757.3000 0.26420279
6757.3500 0.2713781
6757.4000 0.27855341
6757.4500 0.28572872
6757.5000 0.29290404
6757.5500 0.29708329
6757.6000 0.29503189
6757.6500 0.29298049
6757.7000 0.29092909
6757.7500 0.28887769
6757.8000 0.28682629
6757.8500 0.28579873
6757.9000 0.28831154
6757.9500 0.29082435
6758.0000 0.29333715
6758.0500 0.29584996
6758.1000 0.29836277
6758.1500 0.30040569
6758.2000 0.29916308
6758.2500 0.29792048
6758.3000 0.29667787
6758.3500 0.29543526
6758.4000 0.29419265
6758.4500 0.29300614
6758.5000 0.29383144
6758.5500 0.29465674
6758.6000 0.29548204
6758.6500 0.29630734
6758.7000 0.29713264
6758.7500 0.29795795
6758.8000 0.28968654
6758.8500 0.28073398
6758.9000 0.27178142
6758.9500 0.26282886
6759.0000 0.25387629
6759.0500 0.24492373
6759.1000 0.24074711
6759.1500 0.2375159
6759.2000 0.23428469
6759.2500 0.23105349
6759.3000 0.22782228
6759.3500 0.22459107
6759.4000 0.22047528
6759.4500 0.21604932
6759.5000 0.21162336
6759.5500 0.2071974
6759.6000 0.20277145
6759.6500 0.19834549
6759.7000 0.19840719
6759.7500 0.20091468
6759.8000 0.20342217
6759.8500 0.20592967
6759.9000 0.20843716
6759.9500 0.21094465
6760.0000 0.21237054
6760.0500 0.21293034
6760.1000 0.21349015
6760.1500 0.21404995
6760.2000 0.21460975
6760.2500 0.21516956
6760.3000 0.22036535
6760.3500 0.23090286
6760.4000 0.24144036
6760.4500 0.25197787
6760.5000 0.26251538
6760.5500 0.27305288
6760.6000 0.27903155
6760.6500 0.27741784
6760.7000 0.27580414
6760.7500 0.27419044
6760.8000 0.27257674
6760.8500 0.27096304
6760.9000 0.27592497
6760.9500 0.29722651
6761.0000 0.31852804
6761.0500 0.33982958
6761.1000 0.36113111
6761.1500 0.38243265
6761.2000 0.39529365
6761.2500 0.37438722
6761.3000 0.35348079
6761.3500 0.33257437
6761.4000 0.31166794
6761.4500 0.29076151
6761.5000 0.27273129
6761.5500 0.2770013
6761.6000 0.28127131
6761.6500 0.28554131
6761.7000 0.28981132
6761.7500 0.29408132
6761.8000 0.29846296
6761.8500 0.30648406
6761.9000 0.31450515
6761.9500 0.32252625
6762.0000 0.33054735
6762.0500 0.33856844
6762.1000 0.34658954
6762.1500 0.34722388
6762.2000 0.34744098
6762.2500 0.34765808
6762.3000 0.34787518
6762.3500 0.34809227
6762.4000 0.34830937
6762.4500 0.33406399
6762.5000 0.3175531
6762.5500 0.30104221
6762.6000 0.28453131
6762.6500 0.26802042
6762.7000 0.25150952
6762.7500 0.25658466
6762.8000 0.2676117
6762.8500 0.27863874
6762.9000 0.28966578
6762.9500 0.30069282
6763.0000 0.31171986
6763.0500 0.31837649
6763.1000 0.32319938
6763.1500 0.32802227
6763.2000 0.33284515
6763.2500 0.33766804
6763.3000 0.34249093
6763.3500 0.46435884
6763.4000 0.65607319
6763.4500 0.84778754
6763.5000 1.03950188
6763.5500 1.23121623
6763.6000 1.42293057
6763.6500 1.39627927
6763.7000 1.19052512
6763.7500 0.98477097
6763.8000 0.77901682
6763.8500 0.57326266
6763.9000 0.36750851
6763.9500 0.26026645
6764.0000 0.26243501
6764.0500 0.26460357
6764.1000 0.26677212
6764.1500 0.26894068
6764.2000 0.27110924
6764.2500 0.2757343
6764.3000 0.28405211
6764.3500 0.29236993
6764.4000 0.30068774
6764.4500 0.30900555
6764.5000 0.31732337
6764.5500 0.32011808
6764.6000 0.31151766
6764.6500 0.30291723
6764.7000 0.29431681
6764.7500 0.28571638
6764.8000 0.27711596
6764.8500 0.26980138
6764.9000 0.26624877
6764.9500 0.26269615
6765.0000 0.25914354
6765.0500 0.25559093
6765.1000 0.25203831
6765.1500 0.24742571
6765.2000 0.23812195
6765.2500 0.22881819
6765.3000 0.21951443
6765.3500 0.21021067
6765.4000 0.20090691
6765.4500 0.19289139
6765.5000 0.19477135
6765.5500 0.19665131
6765.6000 0.19853127
6765.6500 0.20041122
6765.7000 0.20229118
6765.7500 0.2045508
6765.8000 0.2144441
6765.8500 0.2243374
6765.9000 0.2342307
6765.9500 0.244124
6766.0000 0.2540173
6766.0500 0.2639106
6766.1000 0.25848645
6766.1500 0.25276375
6766.2000 0.24704105
6766.2500 0.24131836
6766.3000 0.23559566
6766.3500 0.22987296
6766.4000 0.24883602
6766.4500 0.27007156
6766.5000 0.2913071
6766.5500 0.31254264
6766.6000 0.33377818
6766.6500 0.35501372
6766.7000 0.34254481
6766.7500 0.32421406
6766.8000 0.30588332
6766.8500 0.28755258
6766.9000 0.26922183
6766.9500 0.25089109
6767.0000 0.25870147
6767.0500 0.27348928
6767.1000 0.2882771
6767.1500 0.30306491
6767.2000 0.31785272
6767.2500 0.33264053
6767.3000 0.31906987
6767.3500 0.29491033
6767.4000 0.2707508
6767.4500 0.24659126
6767.5000 0.22243173
6767.5500 0.19827219
6767.6000 0.19986878
6767.6500 0.21425113
6767.7000 0.22863349
6767.7500 0.24301585
6767.8000 0.2573982
6767.8500 0.27178056
6767.9000 0.27397128
6767.9500 0.26835894
6768.0000 0.2627466
6768.0500 0.25713426
6768.1000 0.25152192
6768.1500 0.24590958
6768.2000 0.24529401
6768.2500 0.24872446
6768.3000 0.25215492
6768.3500 0.25558537
6768.4000 0.25901582
6768.4500 0.26244628
6768.5000 0.26832641
6768.5500 0.27668832
6768.6000 0.28505024
6768.6500 0.29341215
6768.7000 0.30177407
6768.7500 0.31013598
6768.8000 0.30955037
6768.8500 0.29768156
6768.9000 0.28581275
6768.9500 0.27394394
6769.0000 0.26207513
6769.0500 0.25020632
6769.1000 0.24281639
6769.1500 0.2424566
6769.2000 0.24209681
6769.2500 0.24173702
6769.3000 0.24137723
6769.3500 0.24101743
6769.4000 0.24040965
6769.4500 0.23931488
6769.5000 0.23822011
6769.5500 0.23712534
6769.6000 0.23603057
6769.6500 0.23493581
6769.7000 0.23180218
6769.7500 0.22360422
6769.8000 0.21540626
6769.8500 0.2072083
6769.9000 0.19901034
6769.9500 0.19081237
6770.0000 0.1851246
6770.0500 0.18747254
6770.1000 0.18982048
6770.1500 0.19216843
6770.2000 0.19451637
6770.2500 0.19686431
6770.3000 0.19890735
6770.3500 0.19965384
6770.4000 0.20040033
6770.4500 0.20114682
6770.5000 0.20189331
6770.5500 0.2026398
6770.6000 0.20382712
6770.6500 0.20763189
6770.7000 0.21143667
6770.7500 0.21524144
6770.8000 0.21904622
6770.8500 0.22285099
6770.9000 0.22661828
6770.9500 0.23004542
6771.0000 0.23347256
6771.0500 0.2368997
6771.1000 0.24032684
6771.1500 0.24375397
6771.2000 0.24737442
6771.2500 0.25426577
6771.3000 0.26115712
6771.3500 0.26804847
6771.4000 0.27493981
6771.4500 0.28183116
6771.5000 0.28871739
6771.5500 0.29523581
6771.6000 0.30175423
6771.6500 0.30827265
6771.7000 0.31479107
6771.7500 0.32130949
6771.8000 0.32782791
6771.8500 0.31980066
6771.9000 0.31137039
6771.9500 0.30294012
6772.0000 0.29450985
6772.0500 0.28607958
6772.1000 0.27764931
6772.1500 0.27624104
6772.2000 0.2753309
6772.2500 0.27442075
6772.3000 0.27351061
6772.3500 0.27260046
6772.4000 0.27169032
6772.4500 0.26892517
6772.5000 0.26594446
6772.5500 0.26296374
6772.6000 0.25998303
6772.6500 0.25700232
6772.7000 0.2540216
6772.7500 0.25780499
6772.8000 0.26269469
6772.8500 0.26758438
6772.9000 0.27247408
6772.9500 0.27736378
6773.0000 0.28225347
6773.0500 0.28768424
6773.1000 0.29323027
6773.1500 0.29877629
6773.2000 0.30432231
6773.2500 0.30986834
6773.3000 0.31541436
6773.3500 0.30750021
6773.4000 0.29602473
6773.4500 0.28454926
6773.5000 0.27307378
6773.5500 0.26159831
6773.6000 0.25012283
6773.6500 0.23963369
6773.7000 0.22945845
6773.7500 0.21928321
6773.8000 0.20910796
6773.8500 0.19893272
6773.9000 0.18875748
6773.9500 0.19020865
6774.0000 0.19600771
6774.0500 0.20180678
6774.1000 0.20760585
6774.1500 0.21340491
6774.2000 0.21920398
6774.2500 0.21959188
6774.3000 0.21764403
6774.3500 0.21569618
6774.4000 0.21374833
6774.4500 0.21180047
6774.5000 0.20985262
6774.5500 0.20920172
6774.6000 0.20918788
6774.6500 0.20917403
6774.7000 0.20916019
6774.7500 0.20914635
6774.8000 0.2091325
6774.8500 0.19734014
6774.9000 0.17904122
6774.9500 0.16074231
6775.0000 0.14244339
6775.0500 0.12414447
6775.1000 0.10584556
6775.1500 0.10461376
6775.2000 0.1138796
6775.2500 0.12314544
6775.3000 0.13241128
6775.3500 0.14167712
6775.4000 0.15094296
6775.4500 0.16181432
6775.5000 0.1737757
6775.5500 0.18573708
6775.6000 0.19769847
6775.6500 0.20965985
6775.7000 0.22162123
6775.7500 0.23025458
6775.8000 0.2364133
6775.8500 0.24257203
6775.9000 0.24873075
6775.9500 0.25488948
6776.0000 0.26104821
6776.0500 0.25959319
6776.1000 0.25198167
6776.1500 0.24437016
6776.2000 0.23675864
6776.2500 0.22914713
6776.3000 0.22153561
6776.3500 0.22243221
6776.4000 0.23076078
6776.4500 0.23908935
6776.5000 0.24741793
6776.5500 0.2557465
6776.6000 0.26407507
6776.6500 0.26672317
6776.7000 0.26404454
6776.7500 0.26136591
6776.8000 0.25868728
6776.8500 0.25600865
6776.9000 0.25333002
6776.9500 0.24558862
6777.0000 0.23278158
6777.0500 0.21997455
6777.1000 0.20716751
6777.1500 0.19436048
6777.2000 0.18155344
6777.2500 0.17545873
6777.3000 0.17648792
6777.3500 0.17751712
6777.4000 0.17854631
6777.4500 0.1795755
6777.5000 0.18060469
6777.5500 0.17940661
6777.6000 0.17571581
6777.6500 0.17202501
6777.7000 0.16833421
6777.7500 0.16464341
6777.8000 0.16095261
6777.8500 0.16430601
6777.9000 0.17592466
6777.9500 0.1875433
6778.0000 0.19916194
6778.0500 0.21078058
6778.1000 0.22239922
6778.1500 0.23269568
6778.2000 0.24137521
6778.2500 0.25005473
6778.3000 0.25873426
6778.3500 0.26741379
6778.4000 0.27609331
6778.4500 0.27410614
6778.5000 0.25860306
6778.5500 0.24309999
6778.6000 0.22759691
6778.6500 0.21209384
6778.7000 0.19659076
6778.7500 0.18979922
6778.8000 0.19437689
6778.8500 0.19895456
6778.9000 0.20353224
6778.9500 0.20810991
6779.0000 0.21268758
6779.0500 0.21440689
6779.1000 0.21230719
6779.1500 0.21020749
6779.2000 0.20810779
6779.2500 0.20600809
6779.3000 0.20390839
6779.3500 0.20339549
6779.4000 0.20503983
6779.4500 0.20668417
6779.5000 0.20832851
6779.5500 0.20997285
6779.6000 0.21161719
6779.6500 0.21331921
6779.7000 0.21510053
6779.7500 0.21688185
6779.8000 0.21866316
6779.8500 0.22044448
6779.9000 0.2222258
6779.9500 0.22480072
6780.0000 0.22847211
6780.0500 0.23214351
6780.1000 0.23581491
6780.1500 0.23948631
6780.2000 0.24315771
6780.2500 0.24177281
6780.3000 0.23341088
6780.3500 0.22504895
6780.4000 0.21668702
6780.4500 0.20832509
6780.5000 0.19996316
6780.5500 0.19604954
6780.6000 0.19822779
6780.6500 0.20040604
6780.7000 0.20258429
6780.7500 0.20476254
6780.8000 0.20694079
6780.8500 0.21252728
6780.9000 0.22271718
6780.9500 0.23290709
6781.0000 0.243097
6781.0500 0.2532869
6781.1000 0.26347681
6781.1500 0.26919816
6781.2000 0.26900392
6781.2500 0.26880968
6781.3000 0.26861543
6781.3500 0.26842119
6781.4000 0.26822695
6781.4500 0.2659333
6781.5000 0.26093253
6781.5500 0.25593176
6781.6000 0.25093098
6781.6500 0.24593021
6781.7000 0.24092943
6781.7500 0.22729999
6781.8000 0.2028996
6781.8500 0.17849922
6781.9000 0.15409883
6781.9500 0.12969845
6782.0000 0.10529806
6782.0500 0.09322799
6782.1000 0.09596648
6782.1500 0.09870497
6782.2000 0.10144346
6782.2500 0.10418195
6782.3000 0.10692044
6782.3500 0.11134238
6782.4000 0.11769768
6782.4500 0.12405297
6782.5000 0.13040826
6782.5500 0.13676356
6782.6000 0.14311885
6782.6500 0.15373403
6782.7000 0.16899888
6782.7500 0.18426374
6782.8000 0.19952859
6782.8500 0.21479344
6782.9000 0.23005829
6782.9500 0.24018709
6783.0000 0.24502048
6783.0500 0.24985387
6783.1000 0.25468727
6783.1500 0.25952066
6783.2000 0.26435406
6783.2500 0.26519696
6783.3000 0.26217768
6783.3500 0.2591584
6783.4000 0.25613912
6783.4500 0.25311984
6783.5000 0.25010056
6783.5500 0.24849045
6783.6000 0.24815249
6783.6500 0.24781453
6783.7000 0.24747658
6783.7500 0.24713862
6783.8000 0.24680066
6783.8500 0.25633757
6783.9000 0.27413496
6783.9500 0.29193235
6784.0000 0.30972974
6784.0500 0.32752713
6784.1000 0.34532452
6784.1500 0.34206104
6784.2000 0.32258598
6784.2500 0.30311092
6784.3000 0.28363585
6784.3500 0.26416079
6784.4000 0.24468573
6784.4500 0.23811717
6784.5000 0.24062255
6784.5500 0.24312792
6784.6000 0.2456333
6784.6500 0.24813867
6784.7000 0.25064405
6784.7500 0.25821486
6784.8000 0.26901196
6784.8500 0.27980906
6784.9000 0.29060616
6784.9500 0.30140326
6785.0000 0.31220036
6785.0500 0.31674876
6785.1000 0.31772427
6785.1500 0.31869977
6785.2000 0.31967528
6785.2500 0.32065079
6785.3000 0.3216263
6785.3500 0.31914519
6785.4000 0.31490819
6785.4500 0.3106712
6785.5000 0.3064342
6785.5500 0.3021972
6785.6000 0.29796021
6785.6500 0.29608484
6785.7000 0.29526226
6785.7500 0.29443967
6785.8000 0.29361709
6785.8500 0.29279451
6785.9000 0.29197192
6785.9500 0.28713293
6786.0000 0.28074591
6786.0500 0.27435888
6786.1000 0.26797185
6786.1500 0.26158482
6786.2000 0.25519779
6786.2500 0.25504119
6786.3000 0.2569223
6786.3500 0.25880341
6786.4000 0.26068452
6786.4500 0.26256563
6786.5000 0.26444674
6786.5500 0.26349972
6786.6000 0.26178688
6786.6500 0.26007404
6786.7000 0.25836119
6786.7500 0.25664835
6786.8000 0.25493551
6786.8500 0.24670524
6786.9000 0.23706272
6786.9500 0.22742021
6787.0000 0.2177777
6787.0500 0.20813519
6787.1000 0.19849268
6787.1500 0.18919682
6787.2000 0.17995808
6787.2500 0.17071935
6787.3000 0.16148061
6787.3500 0.15224188
6787.4000 0.14300314
6787.4500 0.14794017
6787.5000 0.15450896
6787.5500 0.16107774
6787.6000 0.16764652
6787.6500 0.1742153
6787.7000 0.18078408
6787.7500 0.18602325
6787.8000 0.1911725
6787.8500 0.19632175
6787.9000 0.201471
6787.9500 0.20662025
6788.0000 0.21176951
6788.0500 0.21297628
6788.1000 0.21409515
6788.1500 0.21521402
6788.2000 0.21633289
6788.2500 0.21745176
6788.3000 0.21868847
6788.3500 0.22532284
6788.4000 0.23195722
6788.4500 0.2385916
6788.5000 0.24522597
6788.5500 0.25186035
6788.6000 0.2582369
6788.6500 0.26097597
6788.7000 0.26371505
6788.7500 0.26645413
6788.8000 0.2691932
6788.8500 0.27193228
6788.9000 0.27363048
6788.9500 0.26713113
6789.0000 0.26063179
6789.0500 0.25413245
6789.1000 0.2476331
6789.1500 0.24113376
6789.2000 0.23669199
6789.2500 0.24298797
6789.3000 0.24928394
6789.3500 0.25557992
6789.4000 0.26187589
6789.4500 0.26817187
6789.5000 0.27318297
6789.5500 0.27337823
6789.6000 0.27357349
6789.6500 0.27376875
6789.7000 0.27396401
6789.7500 0.27415927
6789.8000 0.27558519
6789.8500 0.28047623
6789.9000 0.28536727
6789.9500 0.2902583
6790.0000 0.29514934
6790.0500 0.30004037
6790.1000 0.30404
6790.1500 0.30610317
6790.2000 0.30816634
6790.2500 0.31022951
6790.3000 0.31229268
6790.3500 0.31435585
6790.4000 0.31077381
6790.4500 0.29758141
6790.5000 0.28438902
6790.5500 0.27119663
6790.6000 0.25800423
6790.6500 0.24481184
6790.7000 0.23848353
6790.7500 0.24138344
6790.8000 0.24428334
6790.8500 0.24718325
6790.9000 0.25008316
6790.9500 0.25298306
6791.0000 0.26596231
6791.0500 0.28965585
6791.1000 0.31334938
6791.1500 0.33704292
6791.2000 0.36073645
6791.2500 0.38442999
6791.3000 0.3821344
6791.3500 0.35810737
6791.4000 0.33408034
6791.4500 0.31005331
6791.5000 0.28602628
6791.5500 0.26199924
6791.6000 0.26066896
6791.6500 0.27408394
6791.7000 0.28749892
6791.7500 0.3009139
6791.8000 0.31432887
6791.8500 0.32774385
6791.9000 0.32129648
6791.9500 0.3050421
6792.0000 0.28878772
6792.0500 0.27253334
6792.1000 0.25627896
6792.1500 0.24002458
6792.2000 0.23891372
6792.2500 0.24327865
6792.3000 0.24764358
6792.3500 0.2520085
6792.4000 0.25637343
6792.4500 0.26073836
6792.5000 0.24685593
6792.5500 0.22844352
6792.6000 0.21003112
6792.6500 0.19161872
6792.7000 0.17320631
6792.7500 0.15479391
6792.8000 0.14990148
6792.8500 0.1470379
6792.9000 0.14417431
6792.9500 0.14131073
6793.0000 0.13844715
6793.0500 0.13558357
6793.1000 0.11514118
6793.1500 0.09356945
6793.2000 0.07199772
6793.2500 0.05042599
6793.3000 0.02885426
6793.3500 0.00776741
6793.4000 0.02846467
6793.4500 0.04916193
6793.5000 0.06985919
6793.5500 0.09055645
6793.6000 0.1112537
6793.6500 0.13027948
6793.7000 0.13132055
6793.7500 0.13236162
6793.8000 0.13340269
6793.8500 0.13444376
6793.9000 0.13548482
6793.9500 0.13684188
6794.0000 0.13985379
6794.0500 0.1428657
6794.1000 0.14587761
6794.1500 0.14888952
6794.2000 0.15190143
6794.2500 0.1564655
6794.3000 0.16601662
6794.3500 0.17556774
6794.4000 0.18511886
6794.4500 0.19466998
6794.5000 0.20422109
6794.5500 0.21259112
6794.6000 0.21840615
6794.6500 0.22422119
6794.7000 0.23003622
6794.7500 0.23585125
6794.8000 0.24166629
6794.8500 0.24531698
6794.9000 0.24567544
6794.9500 0.24603389
6795.0000 0.24639234
6795.0500 0.24675079
6795.1000 0.24710924
6795.1500 0.24494116
6795.2000 0.24002401
6795.2500 0.23510686
6795.3000 0.23018972
6795.3500 0.22527257
6795.4000 0.22035542
6795.4500 0.21728409
6795.5000 0.2156459
6795.5500 0.21400771
6795.6000 0.21236952
6795.6500 0.21073133
6795.7000 0.20909314
6795.7500 0.21095907
6795.8000 0.21472263
6795.8500 0.21848618
6795.9000 0.22224974
6795.9500 0.22601329
6796.0000 0.22977685
6796.0500 0.23511319
6796.1000 0.24101299
6796.1500 0.24691279
6796.2000 0.25281259
6796.2500 0.25871239
6796.3000 0.26461219
6796.3500 0.27146426
6796.4000 0.27851757
6796.4500 0.28557088
6796.5000 0.29262419
6796.5500 0.2996775
6796.6000 0.30673081
6796.6500 0.30128155
6796.7000 0.29469496
6796.7500 0.28810837
6796.8000 0.28152178
6796.8500 0.27493519
6796.9000 0.26842111
6796.9500 0.26949266
6797.0000 0.2705642
6797.0500 0.27163574
6797.1000 0.27270729
6797.1500 0.27377883
6797.2000 0.27534904
6797.2500 0.28121089
6797.3000 0.28707274
6797.3500 0.29293458
6797.4000 0.29879643
6797.4500 0.30465827
6797.5000 0.30798941
6797.5500 0.30123022
6797.6000 0.29447104
6797.6500 0.28771186
6797.7000 0.28095267
6797.7500 0.27419349
6797.8000 0.26551676
6797.8500 0.25233838
6797.9000 0.23916
6797.9500 0.22598162
6798.0000 0.21280324
6798.0500 0.19962486
6798.1000 0.1967173
6798.1500 0.20929845
6798.2000 0.22187961
6798.2500 0.23446077
6798.3000 0.24704193
6798.3500 0.25962308
6798.4000 0.26451621
6798.4500 0.26173715
6798.5000 0.2589581
6798.5500 0.25617904
6798.6000 0.25339999
6798.6500 0.25062093
6798.7000 0.25837419
6798.7500 0.27302942
6798.8000 0.28768464
6798.8500 0.30233987
6798.9000 0.3169951
6798.9500 0.33165032
6799.0000 0.33141766
6799.0500 0.32508988
6799.1000 0.31876211
6799.1500 0.31243434
6799.2000 0.30610656
6799.2500 0.29977879
6799.3000 0.28965702
6799.3500 0.27868396
6799.4000 0.26771089
6799.4500 0.25673782
6799.5000 0.24576476
6799.5500 0.23479169
6799.6000 0.19035801
6799.6500 0.14324154
6799.7000 0.09612507
6799.7500 0.0490086
6799.8000 0.00189214
6799.8500 -0.04134207
6799.9000 0.01753131
6799.9500 0.07640469
6800.0000 0.13527807
6800.0500 0.19415144
6800.1000 0.25302482
6800.1500 0.30526837
6800.2000 0.3197381
6800.2500 0.33420782
6800.3000 0.34867755
6800.3500 0.36314728
6800.4000 0.37761701
6800.4500 0.38796571
6800.5000 0.38681467
6800.5500 0.38566364
6800.6000 0.3845126
6800.6500 0.38336157
6800.7000 0.38221053
6800.7500 0.37270615
6800.8000 0.34958193
6800.8500 0.32645771
6800.9000 0.30333348
6800.9500 0.28020926
6801.0000 0.25708504
6801.0500 0.24468384
6801.1000 0.24307699
6801.1500 0.24147013
6801.2000 0.23986328
6801.2500 0.23825643
6801.3000 0.23664957
6801.3500 0.23828167
6801.4000 0.24191273
6801.4500 0.24554379
6801.5000 0.24917484
6801.5500 0.2528059
6801.6000 0.25643696
6801.6500 0.26611807
6801.7000 0.27792223
6801.7500 0.28972639
6801.8000 0.30153055
6801.8500 0.31333471
6801.9000 0.32513886
6801.9500 0.32687622
6802.0000 0.32702849
6802.0500 0.32718076
6802.1000 0.32733303
6802.1500 0.3274853
6802.2000 0.32763757
6802.2500 0.32201016
6802.3000 0.31632168
6802.3500 0.3106332
6802.4000 0.30494472
6802.4500 0.29925624
6802.5000 0.29571446
6802.5500 0.30837615
6802.6000 0.32103783
6802.6500 0.33369951
6802.7000 0.34636119
6802.7500 0.35902287
6802.8000 0.36679321
6802.8500 0.35959497
6802.9000 0.35239673
6802.9500 0.3451985
6803.0000 0.33800026
6803.0500 0.33080202
6803.1000 0.32365729
6803.1500 0.31660078
6803.2000 0.30954427
6803.2500 0.30248776
6803.3000 0.29543125
6803.3500 0.28837474
6803.4000 0.29040144
6803.4500 0.30113702
6803.5000 0.31187259
6803.5500 0.32260817
6803.6000 0.33334374
6803.6500 0.34407932
6803.7000 0.34057019
6803.7500 0.32923635
6803.8000 0.31790251
6803.8500 0.30656867
6803.9000 0.29523483
6803.9500 0.28390099
6804.0000 0.2703763
6804.0500 0.25624181
6804.1000 0.24210733
6804.1500 0.22797284
6804.2000 0.21383835
6804.2500 0.19970386
6804.3000 0.19428675
6804.3500 0.18961777
6804.4000 0.18494878
6804.4500 0.18027979
6804.5000 0.17561081
6804.5500 0.17060126
6804.6000 0.16039984
6804.6500 0.15019842
6804.7000 0.139997
6804.7500 0.12979557
6804.8000 0.11959415
6804.8500 0.11268031
6804.9000 0.11859082
6804.9500 0.12450133
6805.0000 0.13041184
6805.0500 0.13632235
6805.1000 0.14223286
6805.1500 0.15342563
6805.2000 0.174496
6805.2500 0.19556637
6805.3000 0.21663674
6805.3500 0.23770711
6805.4000 0.25877747
6805.4500 0.27388194
6805.5000 0.28289352
6805.5500 0.29190511
6805.6000 0.30091669
6805.6500 0.30992827
6805.7000 0.31893985
6805.7500 0.32261218
6805.8000 0.32331934
6805.8500 0.32402651
6805.9000 0.32473368
6805.9500 0.32544084
6806.0000 0.32614801
6806.0500 0.31920377
6806.1000 0.31026301
6806.1500 0.30132226
6806.2000 0.29238151
6806.2500 0.28344076
6806.3000 0.2745
6806.3500 0.3001585
6806.4000 0.32782668
6806.4500 0.35549486
6806.5000 0.38316304
6806.5500 0.41083122
6806.6000 0.43343878
6806.6500 0.41002485
6806.7000 0.38661092
6806.7500 0.36319698
6806.8000 0.33978305
6806.8500 0.31636912
6806.9000 0.29906645
6806.9500 0.29962197
6807.0000 0.30017748
6807.0500 0.30073299
6807.1000 0.3012885
6807.1500 0.30184402
6807.2000 0.30421324
6807.2500 0.30916258
6807.3000 0.31411191
6807.3500 0.31906125
6807.4000 0.32401058
6807.4500 0.32895992
6807.5000 0.33501939
6807.5500 0.34190765
6807.6000 0.34879591
6807.6500 0.35568418
6807.7000 0.36257244
6807.7500 0.3694607
6807.8000 0.36279257
6807.8500 0.35121798
6807.9000 0.33964338
6807.9500 0.32806878
6808.0000 0.31649418
6808.0500 0.30491959
6808.1000 0.29776442
6808.1500 0.29111178
6808.2000 0.28445915
6808.2500 0.27780651
6808.3000 0.27115387
6808.3500 0.26570061
6808.4000 0.27793533
6808.4500 0.29017005
6808.5000 0.30240477
6808.5500 0.31463949
6808.6000 0.32687421
6808.6500 0.33686104
6808.7000 0.33936702
6808.7500 0.34187301
6808.8000 0.34437899
6808.8500 0.34688497
6808.9000 0.34939096
6808.9500 0.34781825
6809.0000 0.34014207
6809.0500 0.3324659
6809.1000 0.32478972
6809.1500 0.31711354
6809.2000 0.30943736
6809.2500 0.30062042
6809.3000 0.29095007
6809.3500 0.28127972
6809.4000 0.27160937
6809.4500 0.26193902
6809.5000 0.25226867
6809.5500 0.24933236
6809.6000 0.24869496
6809.6500 0.24805756
6809.7000 0.24742016
6809.7500 0.24678276
6809.8000 0.24614537
6809.8500 0.26395209
6809.9000 0.28334267
6809.9500 0.30273325
6810.0000 0.32212384
6810.0500 0.34151442
6810.1000 0.3592308
6810.1500 0.3615925
6810.2000 0.36395421
6810.2500 0.36631591
6810.3000 0.36867762
6810.3500 0.37103933
6810.4000 0.36683018
6810.4500 0.34552974
6810.5000 0.3242293
6810.5500 0.30292887
6810.6000 0.28162843
6810.6500 0.26032799
6810.7000 0.25332059
6810.7500 0.26315555
6810.8000 0.27299052
6810.8500 0.28282549
6810.9000 0.29266046
6810.9500 0.30249543
6811.0000 0.30939918
6811.0500 0.31467137
6811.1000 0.31994355
6811.1500 0.32521573
6811.2000 0.33048792
6811.2500 0.3357601
6811.3000 0.33373719
6811.3500 0.33019641
6811.4000 0.32665563
6811.4500 0.32311485
6811.5000 0.31957407
6811.5500 0.31571677
6811.6000 0.29124256
6811.6500 0.26676836
6811.7000 0.24229416
6811.7500 0.21781995
6811.8000 0.19334575
6811.8500 0.17460017
6811.9000 0.17814201
6811.9500 0.18168385
6812.0000 0.18522569
6812.0500 0.18876753
6812.1000 0.19230937
6812.1500 0.20009828
6812.2000 0.21436938
6812.2500 0.22864047
6812.3000 0.24291157
6812.3500 0.25718266
6812.4000 0.27145376
6812.4500 0.28561443
6812.5000 0.29969812
6812.5500 0.31378182
6812.6000 0.32786551
6812.6500 0.3419492
6812.7000 0.35603289
6812.7500 0.36045501
6812.8000 0.36222491
6812.8500 0.36399482
6812.9000 0.36576473
6812.9500 0.36753463
6813.0000 0.36930454
6813.0500 0.35343396
6813.1000 0.33724063
6813.1500 0.32104729
6813.2000 0.30485396
6813.2500 0.28866062
6813.3000 0.27830739
6813.3500 0.294295
6813.4000 0.31028262
6813.4500 0.32627024
6813.5000 0.34225785
6813.5500 0.35824547
6813.6000 0.36276474
6813.6500 0.34880519
6813.7000 0.33484565
6813.7500 0.3208861
6813.8000 0.30692655
6813.8500 0.29296701
6813.9000 0.29647104
6813.9500 0.31228926
6814.0000 0.32810748
6814.0500 0.34392569
6814.1000 0.35974391
6814.1500 0.37556213
6814.2000 0.37395388
6814.2500 0.3677694
6814.3000 0.36158492
6814.3500 0.35540044
6814.4000 0.34921596
6814.4500 0.34303148
6814.5000 0.32555609
6814.5500 0.30807631
6814.6000 0.29059653
6814.6500 0.27311675
6814.7000 0.25563697
6814.7500 0.24035544
6814.8000 0.23338071
6814.8500 0.22640598
6814.9000 0.21943124
6814.9500 0.21245651
6815.0000 0.20548178
6815.0500 0.19973472
6815.1000 0.19567638
6815.1500 0.19161803
6815.2000 0.18755969
6815.2500 0.18350135
6815.3000 0.17944301
6815.3500 0.17161139
6815.4000 0.16160817
6815.4500 0.15160495
6815.5000 0.14160174
6815.5500 0.13159852
6815.6000 0.12159531
6815.6500 0.14348692
6815.7000 0.17098363
6815.7500 0.19848033
6815.8000 0.22597703
6815.8500 0.25347373
6815.9000 0.27871969
6815.9500 0.27331884
6816.0000 0.26791799
6816.0500 0.26251714
6816.1000 0.2571163
6816.1500 0.25171545
6816.2000 0.2494314
6816.2500 0.25483874
6816.3000 0.26024607
6816.3500 0.2656534
6816.4000 0.27106073
6816.4500 0.27646807
6816.5000 0.28438198
6816.5500 0.29470024
6816.6000 0.3050185
6816.6500 0.31533676
6816.7000 0.32565502
6816.7500 0.33597328
6816.8000 0.34479789
6816.8500 0.35308266
6816.9000 0.36136742
6816.9500 0.36965219
6817.0000 0.37793695
6817.0500 0.38622172
6817.1000 0.37832626
6817.1500 0.36976928
6817.2000 0.3612123
6817.2500 0.35265533
6817.3000 0.34409835
6817.3500 0.3392723
6817.4000 0.35045475
6817.4500 0.3616372
6817.5000 0.37281965
6817.5500 0.3840021
6817.6000 0.39518455
6817.6500 0.39405868
6817.7000 0.37589307
6817.7500 0.35772746
6817.8000 0.33956186
6817.8500 0.32139625
6817.9000 0.30323064
6817.9500 0.31443315
6818.0000 0.3413195
6818.0500 0.36820585
6818.1000 0.3950922
6818.1500 0.42197855
6818.2000 0.4488649
6818.2500 0.45429777
6818.3000 0.45698269
6818.3500 0.45966761
6818.4000 0.46235253
6818.4500 0.46503746
6818.5000 0.46964681
6818.5500 0.487959
6818.6000 0.50627119
6818.6500 0.52458338
6818.7000 0.54289556
6818.7500 0.56120775
6818.8000 0.56268813
6818.8500 0.534497
6818.9000 0.50630588
6818.9500 0.47811475
6819.0000 0.44992363
6819.0500 0.4217325
6819.1000 0.40823608
6819.1500 0.40441965
6819.2000 0.40060322
6819.2500 0.39678679
6819.3000 0.39297036
6819.3500 0.38915393
6819.4000 0.39573215
6819.4500 0.40420388
6819.5000 0.41267562
6819.5500 0.42114735
6819.6000 0.42961908
6819.6500 0.43736507
6819.7000 0.4378678
6819.7500 0.43837052
6819.8000 0.43887325
6819.8500 0.43937598
6819.9000 0.43987871
6819.9500 0.43868246
6820.0000 0.43416406
6820.0500 0.42964567
6820.1000 0.42512727
6820.1500 0.42060888
6820.2000 0.41609048
6820.2500 0.41600485
6820.3000 0.41902779
6820.3500 0.42205074
6820.4000 0.42507369
6820.4500 0.42809663
6820.5000 0.43111958
6820.5500 0.41951326
6820.6000 0.40510716
6820.6500 0.39070106
6820.7000 0.37629496
6820.7500 0.36188885
6820.8000 0.34896922
6820.8500 0.35053423
6820.9000 0.35209925
6820.9500 0.35366427
6821.0000 0.35522928
6821.0500 0.3567943
6821.1000 0.36331008
6821.1500 0.37906353
6821.2000 0.39481697
6821.2500 0.41057042
6821.3000 0.42632386
6821.3500 0.44207731
6821.4000 0.44659603
6821.4500 0.44383905
6821.5000 0.44108206
6821.5500 0.43832508
6821.6000 0.43556809
6821.6500 0.4328111
6821.7000 0.42459517
6821.7500 0.41554259
6821.8000 0.40649
6821.8500 0.39743742
6821.9000 0.38838484
6821.9500 0.3806599
6822.0000 0.38186461
6822.0500 0.38306931
6822.1000 0.38427401
6822.1500 0.38547871
6822.2000 0.38668342
6822.2500 0.38377472
6822.3000 0.37453739
6822.3500 0.36530007
6822.4000 0.35606274
6822.4500 0.34682542
6822.5000 0.33758809
6822.5500 0.33582506
6822.6000 0.3379023
6822.6500 0.33997953
6822.7000 0.34205676
6822.7500 0.344134
6822.8000 0.34621123
6822.8500 0.33840984
6822.9000 0.32985837
6822.9500 0.32130689
6823.0000 0.31275542
6823.0500 0.30420394
6823.1000 0.30055694
6823.1500 0.31647343
6823.2000 0.33238991
6823.2500 0.3483064
6823.3000 0.36422288
6823.3500 0.38013937
6823.4000 0.38245139
6823.4500 0.36964498
6823.5000 0.35683857
6823.5500 0.34403215
6823.6000 0.33122574
6823.6500 0.31841933
6823.7000 0.33904662
6823.7500 0.37087603
6823.8000 0.40270543
6823.8500 0.43453484
6823.9000 0.46636424
6823.9500 0.49649652
6824.0000 0.46455636
6824.0500 0.43261621
6824.1000 0.40067605
6824.1500 0.3687359
6824.2000 0.33679574
6824.2500 0.31243361
6824.3000 0.30522665
6824.3500 0.29801969
6824.4000 0.29081273
6824.4500 0.28360576
6824.5000 0.2763988
6824.5500 0.27154453
6824.6000 0.26833622
6824.6500 0.26512791
6824.7000 0.26191961
6824.7500 0.2587113
6824.8000 0.25550299
6824.8500 0.2648796
6824.9000 0.27609439
6824.9500 0.28730917
6825.0000 0.29852395
6825.0500 0.30973873
6825.1000 0.31439369
6825.1500 0.28433844
6825.2000 0.25428319
6825.2500 0.22422794
6825.3000 0.19417269
6825.3500 0.16411744
6825.4000 0.14994658
6825.4500 0.15538254
6825.5000 0.16081851
6825.5500 0.16625447
6825.6000 0.17169043
6825.6500 0.17712639
6825.7000 0.17487033
6825.7500 0.16988897
6825.8000 0.16490761
6825.8500 0.15992625
6825.9000 0.15494489
6825.9500 0.15061375
6826.0000 0.16631369
6826.0500 0.18201363
6826.1000 0.19771357
6826.1500 0.21341351
6826.2000 0.22911345
6826.2500 0.24128629
6826.3000 0.24619078
6826.3500 0.25109527
6826.4000 0.25599975
6826.4500 0.26090424
6826.5000 0.26580873
6826.5500 0.27204686
6826.6000 0.27908778
6826.6500 0.28612871
6826.7000 0.29316964
6826.7500 0.30021057
6826.8000 0.3072515
6826.8500 0.31287373
6826.9000 0.31837924
6826.9500 0.32388476
6827.0000 0.32939028
6827.0500 0.3348958
6827.1000 0.33574466
6827.1500 0.32064347
6827.2000 0.30554227
6827.2500 0.29044107
6827.3000 0.27533987
6827.3500 0.26023868
6827.4000 0.24872669
6827.4500 0.24039484
6827.5000 0.23206299
6827.5500 0.22373113
6827.6000 0.21539928
6827.6500 0.20706743
6827.7000 0.20358989
6827.7500 0.20105975
6827.8000 0.19852962
6827.8500 0.19599948
6827.9000 0.19346934
6827.9500 0.19218228
6828.0000 0.19819866
6828.0500 0.20421504
6828.1000 0.21023142
6828.1500 0.2162478
6828.2000 0.22226419
6828.2500 0.22510571
6828.3000 0.22416659
6828.3500 0.22322748
6828.4000 0.22228836
6828.4500 0.22134924
6828.5000 0.22041013
6828.5500 0.23068116
6828.6000 0.24430597
6828.6500 0.25793078
6828.7000 0.27155559
6828.7500 0.2851804
6828.8000 0.29811719
6828.8500 0.30367207
6828.9000 0.30922695
6828.9500 0.31478183
6829.0000 0.32033672
6829.0500 0.3258916
6829.1000 0.32802597
6829.1500 0.32509464
6829.2000 0.3221633
6829.2500 0.31923197
6829.3000 0.31630063
6829.3500 0.3133693
6829.4000 0.30781553
6829.4500 0.30125782
6829.5000 0.29470011
6829.5500 0.28814239
6829.6000 0.28158468
6829.6500 0.27662911
6829.7000 0.30526652
6829.7500 0.33390394
6829.8000 0.36254135
6829.8500 0.39117877
6829.9000 0.41981618
6829.9500 0.43149069
6830.0000 0.41430435
6830.0500 0.39711801
6830.1000 0.37993167
6830.1500 0.36274532
6830.2000 0.34555898
6830.2500 0.34736198
6830.3000 0.35741521
6830.3500 0.36746844
6830.4000 0.37752167
6830.4500 0.3875749
6830.5000 0.39696607
6830.5500 0.38190751
6830.6000 0.36684896
6830.6500 0.3517904
6830.7000 0.33673184
6830.7500 0.32167328
6830.8000 0.30966449
6830.8500 0.30312707
6830.9000 0.29658964
6830.9500 0.29005222
6831.0000 0.28351479
6831.0500 0.27697737
6831.1000 0.29280327
6831.1500 0.31859438
6831.2000 0.3443855
6831.2500 0.37017661
6831.3000 0.39596773
6831.3500 0.42059214
6831.4000 0.4045751
6831.4500 0.38855805
6831.5000 0.37254101
6831.5500 0.35652397
6831.6000 0.34050693
6831.6500 0.34079357
6831.7000 0.36927661
6831.7500 0.39775966
6831.8000 0.4262427
6831.8500 0.45472575
6831.9000 0.48320879
6831.9500 0.46667797
6832.0000 0.43150655
6832.0500 0.39633512
6832.1000 0.3611637
6832.1500 0.32599228
6832.2000 0.29212616
6832.2500 0.28292201
6832.3000 0.27371786
6832.3500 0.26451371
6832.4000 0.25530956
6832.4500 0.24610542
6832.5000 0.2549856
6832.5500 0.29148338
6832.6000 0.32798116
6832.6500 0.36447894
6832.7000 0.40097672
6832.7500 0.4374745
6832.8000 0.43564655
6832.8500 0.42059436
6832.9000 0.40554218
6832.9500 0.39048999
6833.0000 0.37543781
6833.0500 0.36167817
6833.1000 0.36043976
6833.1500 0.35920135
6833.2000 0.35796293
6833.2500 0.35672452
6833.3000 0.35548611
6833.3500 0.35362538
6833.4000 0.35099167
6833.4500 0.34835796
6833.5000 0.34572425
6833.5500 0.34309054
6833.6000 0.34045683
6833.6500 0.34781191
6833.7000 0.35765176
6833.7500 0.36749161
6833.8000 0.37733147
6833.8500 0.38717132
6833.9000 0.39627481
6833.9500 0.40145212
6834.0000 0.40662944
6834.0500 0.41180675
6834.1000 0.41698407
6834.1500 0.42216139
6834.2000 0.41316103
6834.2500 0.3909377
6834.3000 0.36871437
6834.3500 0.34649104
6834.4000 0.3242677
6834.4500 0.30204437
6834.5000 0.29056374
6834.5500 0.28055819
6834.6000 0.27055263
6834.6500 0.26054707
6834.7000 0.25054152
6834.7500 0.24698011
6834.8000 0.26344167
6834.8500 0.27990323
6834.9000 0.29636479
6834.9500 0.31282634
6835.0000 0.3292879
6835.0500 0.34933495
6835.1000 0.37167385
6835.1500 0.39401274
6835.2000 0.41635163
6835.2500 0.43869053
6835.3000 0.46102942
6835.3500 0.43481715
6835.4000 0.40756353
6835.4500 0.38030992
6835.5000 0.3530563
6835.5500 0.32580269
6835.6000 0.31272782
6835.6500 0.32594721
6835.7000 0.33916661
6835.7500 0.352386
6835.8000 0.3656054
6835.8500 0.37882479
6835.9000 0.37528216
6835.9500 0.36535055
6836.0000 0.35541894
6836.0500 0.34548734
6836.1000 0.33555573
6836.1500 0.32907444
6836.2000 0.35360472
6836.2500 0.378135
6836.3000 0.40266528
6836.3500 0.42719556
6836.4000 0.45172584
6836.4500 0.44903428
6836.5000 0.41668633
6836.5500 0.38433838
6836.6000 0.35199043
6836.6500 0.31964248
6836.7000 0.28729453
6836.7500 0.31072623
6836.8000 0.34327825
6836.8500 0.37583027
6836.9000 0.40838229
6836.9500 0.44093432
6837.0000 0.46646628
6837.0500 0.47009849
6837.1000 0.47373069
6837.1500 0.47736289
6837.2000 0.4809951
6837.2500 0.4846273
6837.3000 0.48782934
6837.3500 0.49077702
6837.4000 0.49372471
6837.4500 0.49667239
6837.5000 0.49962007
6837.5500 0.50254776
6837.6000 0.50428337
6837.6500 0.50601898
6837.7000 0.50775459
6837.7500 0.50949019
6837.8000 0.5112258
6837.8500 0.50912117
6837.9000 0.50142106
6837.9500 0.49372094
6838.0000 0.48602083
6838.0500 0.47832072
6838.1000 0.4706206
6838.1500 0.47702466
6838.2000 0.486957
6838.2500 0.49688934
6838.3000 0.50682168
6838.3500 0.51675402
6838.4000 0.5164413
6838.4500 0.4738964
6838.5000 0.43135151
6838.5500 0.38880661
6838.6000 0.34626171
6838.6500 0.30371682
6838.7000 0.30182054
6838.7500 0.32782494
6838.8000 0.35382935
6838.8500 0.37983376
6838.9000 0.40583816
6838.9500 0.43184257
6839.0000 0.38692024
6839.0500 0.34151003
6839.1000 0.29609982
6839.1500 0.25068961
6839.2000 0.2052794
6839.2500 0.19238962
6839.3000 0.22914588
6839.3500 0.26590213
6839.4000 0.30265838
6839.4500 0.33941464
6839.5000 0.37617089
6839.5500 0.38190364
6839.6000 0.37992143
6839.6500 0.37793921
6839.7000 0.37595699
6839.7500 0.37397478
6839.8000 0.37538245
6839.8500 0.38967076
6839.9000 0.40395907
6839.9500 0.41824738
6840.0000 0.43253569
6840.0500 0.446824
6840.1000 0.45635779
6840.1500 0.46295636
6840.2000 0.46955493
6840.2500 0.4761535
6840.3000 0.48275207
6840.3500 0.48784108
6840.4000 0.44525833
6840.4500 0.40267558
6840.5000 0.36009283
6840.5500 0.31751008
6840.6000 0.27492733
6840.6500 0.25209369
6840.7000 0.25383612
6840.7500 0.25557855
6840.8000 0.25732098
6840.8500 0.25906341
6840.9000 0.26080584
6840.9500 0.26446125
6841.0000 0.26842069
6841.0500 0.27238012
6841.1000 0.27633955
6841.1500 0.28029899
6841.2000 0.28915824
6841.2500 0.31045286
6841.3000 0.33174748
6841.3500 0.3530421
6841.4000 0.37433673
6841.4500 0.39563135
6841.5000 0.3932236
6841.5500 0.38089329
6841.6000 0.36856299
6841.6500 0.35623268
6841.7000 0.34390238
6841.7500 0.3341357
6841.8000 0.34158153
6841.8500 0.34902735
6841.9000 0.35647317
6841.9500 0.36391899
6842.0000 0.37136481
6842.0500 0.3807719
6842.1000 0.39173987
6842.1500 0.40270784
6842.2000 0.41367581
6842.2500 0.42464378
6842.3000 0.43561175
6842.3500 0.40556094
6842.4000 0.37495002
6842.4500 0.3443391
6842.5000 0.31372819
6842.5500 0.28311727
6842.6000 0.28507588
6842.6500 0.33225093
6842.7000 0.37942598
6842.7500 0.42660103
6842.8000 0.47377608
6842.8500 0.52095113
6842.9000 0.51295178
6842.9500 0.49547265
6843.0000 0.47799351
6843.0500 0.46051438
6843.1000 0.44303524
6843.1500 0.42731498
6843.2000 0.41588957
6843.2500 0.40446416
6843.3000 0.39303876
6843.3500 0.38161335
6843.4000 0.37018794
6843.4500 0.3637418
6843.5000 0.35913531
6843.5500 0.35452883
6843.6000 0.34992234
6843.6500 0.34531586
6843.7000 0.344074
6843.7500 0.35898548
6843.8000 0.37389695
6843.8500 0.38880842
6843.9000 0.40371989
6843.9500 0.41863137
6844.0000 0.41674126
6844.0500 0.40442477
6844.1000 0.39210829
6844.1500 0.3797918
6844.2000 0.36747531
6844.2500 0.35776106
6844.3000 0.38593402
6844.3500 0.41410698
6844.4000 0.44227994
6844.4500 0.4704529
6844.5000 0.49862586
6844.5500 0.48279338
6844.6000 0.42535062
6844.6500 0.36790785
6844.7000 0.31046509
6844.7500 0.25302233
6844.8000 0.19557957
6844.8500 0.23979166
6844.9000 0.28755665
6844.9500 0.33532165
6845.0000 0.38308664
6845.0500 0.43085164
6845.1000 0.45945944
6845.1500 0.46172038
6845.2000 0.46398131
6845.2500 0.46624224
6845.3000 0.46850318
6845.3500 0.47076411
6845.4000 0.47345444
6845.4500 0.47620427
6845.5000 0.4789541
6845.5500 0.48170393
6845.6000 0.48445375
6845.6500 0.47669538
6845.7000 0.44836889
6845.7500 0.4200424
6845.8000 0.39171592
6845.8500 0.36338943
6845.9000 0.33506295
6845.9500 0.34526679
6846.0000 0.36507175
6846.0500 0.38487671
6846.1000 0.40468167
6846.1500 0.42448663
6846.2000 0.43165114
6846.2500 0.40383723
6846.3000 0.37602332
6846.3500 0.34820942
6846.4000 0.32039551
6846.4500 0.2925816
6846.5000 0.31814222
6846.5500 0.36315199
6846.6000 0.40816176
6846.6500 0.45317153
6846.7000 0.4981813
6846.7500 0.52577821
6846.8000 0.48499378
6846.8500 0.44420936
6846.9000 0.40342494
6846.9500 0.36264051
6847.0000 0.32185609
6847.0500 0.32002165
6847.1000 0.33689367
6847.1500 0.35376569
6847.2000 0.3706377
6847.2500 0.38750972
6847.3000 0.40275663
6847.3500 0.40884561
6847.4000 0.41493458
6847.4500 0.42102356
6847.5000 0.42711254
6847.5500 0.43320151
6847.6000 0.43591248
6847.6500 0.43662618
6847.7000 0.43733988
6847.7500 0.43805357
6847.8000 0.43876727
6847.8500 0.43910399
6847.9000 0.43635061
6847.9500 0.43359723
6848.0000 0.43084386
6848.0500 0.42809048
6848.1000 0.4253371
6848.1500 0.4209868
6848.2000 0.4155341
6848.2500 0.41008141
6848.3000 0.40462872
6848.3500 0.39917603
6848.4000 0.39321694
6848.4500 0.38119292
6848.5000 0.3691689
6848.5500 0.35714488
6848.6000 0.34512086
6848.6500 0.33309684
6848.7000 0.32369576
6848.7500 0.31631325
6848.8000 0.30893074
6848.8500 0.30154824
6848.9000 0.29416573
6848.9500 0.28842258
6849.0000 0.31045121
6849.0500 0.33247984
6849.1000 0.35450846
6849.1500 0.37653709
6849.2000 0.39856572
6849.2500 0.39937739
6849.3000 0.38275724
6849.3500 0.36613709
6849.4000 0.34951694
6849.4500 0.3328968
6849.5000 0.31786711
6849.5500 0.33675052
6849.6000 0.35563393
6849.6500 0.37451734
6849.7000 0.39340075
6849.7500 0.41228416
6849.8000 0.4157437
6849.8500 0.40623424
6849.9000 0.39672477
6849.9500 0.3872153
6850.0000 0.37770583
6850.0500 0.36914866
6850.1000 0.38114929
6850.1500 0.39314992
6850.2000 0.40515056
6850.2500 0.41715119
6850.3000 0.42915182
6850.3500 0.4330194
6850.4000 0.4301767
6850.4500 0.427334
6850.5000 0.4244913
6850.5500 0.4216486
6850.6000 0.41854348
6850.6500 0.41085913
6850.7000 0.40317478
6850.7500 0.39549043
6850.8000 0.38780608
6850.8500 0.38012173
6850.9000 0.3881748
6850.9500 0.40843862
6851.0000 0.42870243
6851.0500 0.44896625
6851.1000 0.46923006
6851.1500 0.48589959
6851.2000 0.45799182
6851.2500 0.43008406
6851.3000 0.40217629
6851.3500 0.37426852
6851.4000 0.34636075
6851.4500 0.33010487
6851.5000 0.32198745
6851.5500 0.31387002
6851.6000 0.3057526
6851.6500 0.29763517
6851.7000 0.2928395
6851.7500 0.31619184
6851.8000 0.33954418
6851.8500 0.36289651
6851.9000 0.38624885
6851.9500 0.40960119
6852.0000 0.41750122
6852.0500 0.41612915
6852.1000 0.41475708
6852.1500 0.41338501
6852.2000 0.41201293
6852.2500 0.40973178
6852.3000 0.40217776
6852.3500 0.39462374
6852.4000 0.38706971
6852.4500 0.37951569
6852.5000 0.37196167
6852.5500 0.37096606
6852.6000 0.37317487
6852.6500 0.37538367
6852.7000 0.37759247
6852.7500 0.37980127
6852.8000 0.38269704
6852.8500 0.38835536
6852.9000 0.39401368
6852.9500 0.399672
6853.0000 0.40533032
6853.0500 0.41098864
6853.1000 0.39526377
6853.1500 0.37159716
6853.2000 0.34793055
6853.2500 0.32426394
6853.3000 0.30059733
6853.3500 0.2870628
6853.4000 0.30208655
6853.4500 0.3171103
6853.5000 0.33213405
6853.5500 0.3471578
6853.6000 0.36218155
6853.6500 0.35109677
6853.7000 0.33337178
6853.7500 0.31564678
6853.8000 0.29792179
6853.8500 0.2801968
6853.9000 0.26587646
6853.9500 0.25830642
6854.0000 0.25073637
6854.0500 0.24316633
6854.1000 0.23559629
6854.1500 0.22802624
6854.2000 0.24267645
6854.2500 0.26047259
6854.3000 0.27826873
6854.3500 0.29606487
6854.4000 0.31386101
6854.4500 0.34782674
6854.5000 0.40417993
6854.5500 0.46053311
6854.6000 0.51688629
6854.6500 0.57323948
6854.7000 0.62959266
6854.7500 0.64127069
6854.8000 0.65134954
6854.8500 0.6614284
6854.9000 0.67150726
6854.9500 0.68158612
6855.0000 0.67545912
6855.0500 0.6540216
6855.1000 0.63258409
6855.1500 0.61114657
6855.2000 0.58970906
6855.2500 0.57028286
6855.3000 0.57947725
6855.3500 0.58867165
6855.4000 0.59786605
6855.4500 0.60706045
6855.5000 0.61625484
6855.5500 0.64544093
6855.6000 0.6868896
6855.6500 0.72833826
6855.7000 0.76978692
6855.7500 0.81123559
6855.8000 0.83577732
6855.8500 0.78152966
6855.9000 0.727282
6855.9500 0.67303434
6856.0000 0.61878667
6856.0500 0.56453901
6856.1000 0.54612476
6856.1500 0.54054811
6856.2000 0.53497147
6856.2500 0.52939483
6856.3000 0.52381819
6856.3500 0.52153
6856.4000 0.52696947
6856.4500 0.53240895
6856.5000 0.53784843
6856.5500 0.54328791
6856.6000 0.54872738
6856.6500 0.51488151
6856.7000 0.47482576
6856.7500 0.43477001
6856.8000 0.39471426
6856.8500 0.35465851
6856.9000 0.34079674
6856.9500 0.36148527
6857.0000 0.38217379
6857.0500 0.40286232
6857.1000 0.42355084
6857.1500 0.4441859
6857.2000 0.43255857
6857.2500 0.42093125
6857.3000 0.40930392
6857.3500 0.3976766
6857.4000 0.38604927
6857.4500 0.41315573
6857.5000 0.4689124
6857.5500 0.52466907
6857.6000 0.58042575
6857.6500 0.63618242
6857.7000 0.67314539
6857.7500 0.60421135
6857.8000 0.53527731
6857.8500 0.46634327
6857.9000 0.39740922
6857.9500 0.32847518
6858.0000 0.34355804
6858.0500 0.38981635
6858.1000 0.43607466
6858.1500 0.48233298
6858.2000 0.52859129
6858.2500 0.55385527
6858.3000 0.53255204
6858.3500 0.51124882
6858.4000 0.48994559
6858.4500 0.46864237
6858.5000 0.44733914
6858.5500 0.43660178
6858.6000 0.42710567
6858.6500 0.41760955
6858.7000 0.40811343
6858.7500 0.39861732
6858.8000 0.38512448
6858.8500 0.36733218
6858.9000 0.34953988
6858.9500 0.33174758
6859.0000 0.31395528
6859.0500 0.30221381
6859.1000 0.36917615
6859.1500 0.43613848
6859.2000 0.50310082
6859.2500 0.57006316
6859.3000 0.6370255
6859.3500 0.63201402
6859.4000 0.59054788
6859.4500 0.54908174
6859.5000 0.5076156
6859.5500 0.46614945
6859.6000 0.43877557
6859.6500 0.45172933
6859.7000 0.46468308
6859.7500 0.47763683
6859.8000 0.49059058
6859.8500 0.50354434
6859.9000 0.49116082
6859.9500 0.47454563
6860.0000 0.45793043
6860.0500 0.44131524
6860.1000 0.42470004
6860.1500 0.43165697
6860.2000 0.46655486
6860.2500 0.50145275
6860.3000 0.53635063
6860.3500 0.57124852
6860.4000 0.6038476
6860.4500 0.60111028
6860.5000 0.59837296
6860.5500 0.59563564
6860.6000 0.59289832
6860.6500 0.59016099
6860.7000 0.59829148
6860.7500 0.61183917
6860.8000 0.62538685
6860.8500 0.63893454
6860.9000 0.65248223
6860.9500 0.66532935
6861.0000 0.67634253
6861.0500 0.68735571
6861.1000 0.69836889
6861.1500 0.70938206
6861.2000 0.72039524
6861.2500 0.71104951
6861.3000 0.69914261
6861.3500 0.6872357
6861.4000 0.6753288
6861.4500 0.66342189
6861.5000 0.63978737
6861.5500 0.60456057
6861.6000 0.56933376
6861.6500 0.53410696
6861.7000 0.49888016
6861.7500 0.46727927
6861.8000 0.46218093
6861.8500 0.45708258
6861.9000 0.45198424
6861.9500 0.4468859
6862.0000 0.44178756
6862.0500 0.42373034
6862.1000 0.40113421
6862.1500 0.37853807
6862.2000 0.35594194
6862.2500 0.3333458
6862.3000 0.33710451
6862.3500 0.38697899
6862.4000 0.43685347
6862.4500 0.48672795
6862.5000 0.53660243
6862.5500 0.58647691
6862.6000 0.56232199
6862.6500 0.53738444
6862.7000 0.51244689
6862.7500 0.48750934
6862.8000 0.4625718
6862.8500 0.44415409
6862.9000 0.42976245
6862.9500 0.41537081
6863.0000 0.40097916
6863.0500 0.38658752
6863.1000 0.38774578
6863.1500 0.43561527
6863.2000 0.48348477
6863.2500 0.53135427
6863.3000 0.57922376
6863.3500 0.62709326
6863.4000 0.60467401
6863.4500 0.57304029
6863.5000 0.54140657
6863.5500 0.50977285
6863.6000 0.47813913
6863.6500 0.46099861
6863.7000 0.45716806
6863.7500 0.45333752
6863.8000 0.44950698
6863.8500 0.44567644
6863.9000 0.44400901
6863.9500 0.45358951
6864.0000 0.46317001
6864.0500 0.4727505
6864.1000 0.482331
6864.1500 0.4919115
6864.2000 0.51237834
6864.2500 0.53549652
6864.3000 0.5586147
6864.3500 0.58173289
6864.4000 0.60485107
6864.4500 0.63342488
6864.5000 0.66867062
6864.5500 0.70391637
6864.6000 0.73916211
6864.6500 0.77440785
6864.7000 0.80281806
6864.7500 0.76860156
6864.8000 0.73438506
6864.8500 0.70016856
6864.9000 0.66595206
6864.9500 0.63173556
6865.0000 0.59426468
6865.0500 0.55570794
6865.1000 0.51715119
6865.1500 0.47859445
6865.2000 0.4400377
6865.2500 0.41281341
6865.3000 0.40230168
6865.3500 0.39178994
6865.4000 0.38127821
6865.4500 0.37076647
6865.5000 0.36309962
6865.5500 0.39906446
6865.6000 0.4350293
6865.6500 0.47099414
6865.7000 0.50695898
6865.7500 0.54292382
6865.8000 0.54030392
6865.8500 0.52276873
6865.9000 0.50523354
6865.9500 0.48769834
6866.0000 0.47016315
6866.0500 0.46446258
6866.1000 0.47774024
6866.1500 0.4910179
6866.2000 0.50429555
6866.2500 0.51757321
6866.3000 0.52842091
6866.3500 0.49293238
6866.4000 0.45744384
6866.4500 0.42195531
6866.5000 0.38646678
6866.5500 0.35097824
6866.6000 0.34390944
6866.6500 0.34797746
6866.7000 0.35204548
6866.7500 0.3561135
6866.8000 0.36018152
6866.8500 0.37616531
6866.9000 0.41078863
6866.9500 0.44541196
6867.0000 0.48003528
6867.0500 0.51465861
6867.1000 0.54930785
6867.1500 0.58433372
6867.2000 0.61935959
6867.2500 0.65438547
6867.3000 0.68941134
6867.3500 0.72443721
6867.4000 0.67580304
6867.4500 0.59803099
6867.5000 0.52025894
6867.5500 0.44248689
6867.6000 0.36471484
6867.6500 0.35843501
6867.7000 0.45012356
6867.7500 0.54181211
6867.8000 0.63350067
6867.8500 0.72518922
6867.9000 0.80544176
6867.9500 0.78820058
6868.0000 0.7709594
6868.0500 0.75371822
6868.1000 0.73647705
6868.1500 0.71923587
6868.2000 0.69498185
6868.2500 0.66887485
6868.3000 0.64276786
6868.3500 0.61666086
6868.4000 0.59055387
6868.4500 0.58672434
6868.5000 0.60703617
6868.5500 0.627348
6868.6000 0.64765983
6868.6500 0.66797167
6868.7000 0.68309264
6868.7500 0.6731839
6868.8000 0.66327517
6868.8500 0.65336643
6868.9000 0.64345769
6868.9500 0.63354896
6869.0000 0.62376025
6869.0500 0.61399004
6869.1000 0.60421983
6869.1500 0.59444961
6869.2000 0.5846794
6869.2500 0.55527621
6869.3000 0.51070935
6869.3500 0.4661425
6869.4000 0.42157565
6869.4500 0.3770088
6869.5000 0.35643955
6869.5500 0.40248373
6869.6000 0.44852791
6869.6500 0.49457209
6869.7000 0.54061627
6869.7500 0.58666045
6869.8000 0.56127138
6869.8500 0.53355122
6869.9000 0.50583107
6869.9500 0.47811092
6870.0000 0.45039077
6870.0500 0.44518668
6870.1000 0.45082887
6870.1500 0.45647106
6870.2000 0.46211325
6870.2500 0.46775544
6870.3000 0.46113053
6870.3500 0.43485496
6870.4000 0.40857939
6870.4500 0.38230382
6870.5000 0.35602825
6870.5500 0.33555129
6870.6000 0.36922619
6870.6500 0.40290109
6870.7000 0.43657599
6870.7500 0.47025089
6870.8000 0.50392579
6870.8500 0.54620659
6870.9000 0.59047904
6870.9500 0.63475149
6871.0000 0.67902393
6871.0500 0.72329638
6871.1000 0.70576148
6871.1500 0.6334964
6871.2000 0.56123132
6871.2500 0.48896625
6871.3000 0.41670117
6871.3500 0.3740035
6871.4000 0.41924395
6871.4500 0.46448441
6871.5000 0.50972486
6871.5500 0.55496532
6871.6000 0.60020577
6871.6500 0.60902704
6871.7000 0.61694716
6871.7500 0.62486727
6871.8000 0.63278739
6871.8500 0.6407075
6871.9000 0.62112004
6871.9500 0.5899142
6872.0000 0.55870836
6872.0500 0.52750253
6872.1000 0.49629669
6872.1500 0.50080628
6872.2000 0.55204105
6872.2500 0.60327581
6872.3000 0.65451058
6872.3500 0.70574534
6872.4000 0.74035802
6872.4500 0.69168848
6872.5000 0.64301893
6872.5500 0.59434938
6872.6000 0.54567983
6872.6500 0.49701028
6872.7000 0.49982403
6872.7500 0.50819853
6872.8000 0.51657303
6872.8500 0.52494753
6872.9000 0.53332202
6872.9500 0.5255822
6873.0000 0.50884263
6873.0500 0.49210307
6873.1000 0.47536351
6873.1500 0.45862394
6873.2000 0.44405864
6873.2500 0.43298467
6873.3000 0.42191069
6873.3500 0.41083672
6873.4000 0.39976275
6873.4500 0.39526136
6873.5000 0.43518355
6873.5500 0.47510574
6873.6000 0.51502793
6873.6500 0.55495012
6873.7000 0.59487231
6873.7500 0.56894422
6873.8000 0.53378095
6873.8500 0.49861767
6873.9000 0.46345439
6873.9500 0.42829111
6874.0000 0.42183579
6874.0500 0.43237626
6874.1000 0.44291674
6874.1500 0.45345721
6874.2000 0.46399769
6874.2500 0.47959704
6874.3000 0.5033713
6874.3500 0.52714556
6874.4000 0.55091982
6874.4500 0.57469408
6874.5000 0.59451771
6874.5500 0.58995641
6874.6000 0.58539511
6874.6500 0.58083381
6874.7000 0.57627251
6874.7500 0.57171121
6874.8000 0.55551761
6874.8500 0.53802574
6874.9000 0.52053387
6874.9500 0.50304201
6875.0000 0.48555014
6875.0500 0.48809364
6875.1000 0.50083036
6875.1500 0.51356707
6875.2000 0.52630379
6875.2500 0.5390405
6875.3000 0.52560037
6875.3500 0.47732207
6875.4000 0.42904377
6875.4500 0.38076546
6875.5000 0.33248716
6875.5500 0.2932454
6875.6000 0.29054078
6875.6500 0.28783615
6875.7000 0.28513153
6875.7500 0.28242691
6875.8000 0.27972229
6875.8500 0.30955928
6875.9000 0.34038256
6875.9500 0.37120585
6876.0000 0.40202913
6876.0500 0.43285241
6876.1000 0.48413575
6876.1500 0.54238815
6876.2000 0.60064056
6876.2500 0.65889296
6876.3000 0.71714537
6876.3500 0.73911023
6876.4000 0.72815293
6876.4500 0.71719563
6876.5000 0.70623833
6876.5500 0.69528102
6876.6000 0.68124784
6876.6500 0.66023049
6876.7000 0.63921315
6876.7500 0.61819581
6876.8000 0.59717847
6876.8500 0.5738356
6876.9000 0.52705015
6876.9500 0.48026469
6877.0000 0.43347924
6877.0500 0.38669379
6877.1000 0.33990834
6877.1500 0.35745497
6877.2000 0.38395703
6877.2500 0.41045909
6877.3000 0.43696116
6877.3500 0.46346322
6877.4000 0.52290572
6877.4500 0.59868848
6877.5000 0.67447123
6877.5500 0.75025399
6877.6000 0.82603675
6877.6500 0.81369448
6877.7000 0.69877783
6877.7500 0.58386119
6877.8000 0.46894455
6877.8500 0.35402791
6877.9000 0.29145297
6877.9500 0.37872263
6878.0000 0.4659923
6878.0500 0.55326196
6878.1000 0.64053163
6878.1500 0.71857422
6878.2000 0.64870844
6878.2500 0.57884267
6878.3000 0.50897689
6878.3500 0.43911111
6878.4000 0.36924533
6878.4500 0.38279736
6878.5000 0.40974384
6878.5500 0.43669032
6878.6000 0.46363679
6878.6500 0.49058327
6878.7000 0.52900309
6878.7500 0.57313404
6878.8000 0.617265
6878.8500 0.66139595
6878.9000 0.70552691
6878.9500 0.71834675
6879.0000 0.69680295
6879.0500 0.67525914
6879.1000 0.65371534
6879.1500 0.63217153
6879.2000 0.61798792
6879.2500 0.62191548
6879.3000 0.62584304
6879.3500 0.6297706
6879.4000 0.63369816
6879.4500 0.63866028
6879.5000 0.65251079
6879.5500 0.6663613
6879.6000 0.68021181
6879.6500 0.69406232
6879.7000 0.70791283
6879.7500 0.65915362
6879.8000 0.60514662
6879.8500 0.55113963
6879.9000 0.49713263
6879.9500 0.44312563
6880.0000 0.45557465
6880.0500 0.49086877
6880.1000 0.52616289
6880.1500 0.56145701
6880.2000 0.59675113
6880.2500 0.64582585
6880.3000 0.70534714
6880.3500 0.76486843
6880.4000 0.82438973
6880.4500 0.88391102
6880.5000 0.91549313
6880.5500 0.90455957
6880.6000 0.89362602
6880.6500 0.88269246
6880.7000 0.8717589
6880.7500 0.8549588
6880.8000 0.81822965
6880.8500 0.78150051
6880.9000 0.74477136
6880.9500 0.70804221
6881.0000 0.67299743
6881.0500 0.66369157
6881.1000 0.6543857
6881.1500 0.64507983
6881.2000 0.63577397
6881.2500 0.6264681
6881.3000 0.65690146
6881.3500 0.69182153
6881.4000 0.7267416
6881.4500 0.76166167
6881.5000 0.79658174
6881.5500 0.79569234
6881.6000 0.78214364
6881.6500 0.76859494
6881.7000 0.75504624
6881.7500 0.74149754
6881.8000 0.71181348
6881.8500 0.67055134
6881.9000 0.6292892
6881.9500 0.58802707
6882.0000 0.54676493
6882.0500 0.53799215
6882.1000 0.57250291
6882.1500 0.60701367
6882.2000 0.64152443
6882.2500 0.6760352
6882.3000 0.70539496
6882.3500 0.72140849
6882.4000 0.73742201
6882.4500 0.75343553
6882.5000 0.76944905
6882.5500 0.78381318
6882.6000 0.78726739
6882.6500 0.7907216
6882.7000 0.79417582
6882.7500 0.79763003
6882.8000 0.80108425
6882.8500 0.77102756
6882.9000 0.74054128
6882.9500 0.710055
6883.0000 0.67956872
6883.0500 0.64908244
6883.1000 0.58401788
6883.1500 0.51268402
6883.2000 0.44135016
6883.2500 0.37001629
6883.3000 0.29868243
6883.3500 0.32393298
6883.4000 0.38885149
6883.4500 0.45377001
6883.5000 0.51868852
6883.5500 0.58360704
6883.6000 0.62448373
6883.6500 0.6475453
6883.7000 0.67060687
6883.7500 0.69366843
6883.8000 0.71673
6883.8500 0.76378335
6883.9000 0.84099345
6883.9500 0.91820354
6884.0000 0.99541363
6884.0500 1.07262373
6884.1000 1.10220838
6884.1500 1.02820149
6884.2000 0.95419459
6884.2500 0.88018769
6884.3000 0.80618079
6884.3500 0.74080077
6884.4000 0.71219673
6884.4500 0.6835927
6884.5000 0.65498866
6884.5500 0.62638463
6884.6000 0.60141364
6884.6500 0.62603588
6884.7000 0.65065812
6884.7500 0.67528036
6884.8000 0.6999026
6884.8500 0.72452484
6884.9000 0.66335065
6884.9500 0.59763236
6885.0000 0.53191408
6885.0500 0.46619579
6885.1000 0.4004775
6885.1500 0.52259823
6885.2000 0.68201399
6885.2500 0.84142974
6885.3000 1.0008455
6885.3500 1.16026126
6885.4000 1.11114527
6885.4500 0.98181148
6885.5000 0.85247769
6885.5500 0.7231439
6885.6000 0.59381012
6885.6500 0.55698538
6885.7000 0.57850383
6885.7500 0.60002229
6885.8000 0.62154074
6885.8500 0.64305919
6885.9000 0.64361827
6885.9500 0.62383816
6886.0000 0.60405806
6886.0500 0.58427795
6886.1000 0.56449785
6886.1500 0.54798876
6886.2000 0.53628541
6886.2500 0.52458206
6886.3000 0.51287871
6886.3500 0.50117536
6886.4000 0.51686264
6886.4500 0.59476032
6886.5000 0.67265799
6886.5500 0.75055566
6886.6000 0.82845334
6886.6500 0.87948055
6886.7000 0.82919488
6886.7500 0.77890921
6886.8000 0.72862355
6886.8500 0.67833788
6886.9000 0.64413355
6886.9500 0.73154829
6887.0000 0.81896303
6887.0500 0.90637777
6887.1000 0.99379252
6887.1500 1.07750489
6887.2000 1.02869992
6887.2500 0.97989495
6887.3000 0.93108997
6887.3500 0.882285
6887.4000 0.83348003
6887.4500 0.77402011
6887.5000 0.71388988
6887.5500 0.65375966
6887.6000 0.59362943
6887.6500 0.5334992
6887.7000 0.51013894
6887.7500 0.49287964
6887.8000 0.47562035
6887.8500 0.45836105
6887.9000 0.44110176
6887.9500 0.475569
6888.0000 0.52481208
6888.0500 0.57405517
6888.1000 0.62329825
6888.1500 0.67254134
6888.2000 0.69878137
6888.2500 0.71521883
6888.3000 0.73165629
6888.3500 0.74809374
6888.4000 0.7645312
6888.4500 0.7557549
6888.5000 0.73203198
6888.5500 0.70830906
6888.6000 0.68458615
6888.6500 0.66086323
6888.7000 0.67724246
6888.7500 0.72542296
6888.8000 0.77360345
6888.8500 0.82178395
6888.9000 0.86996445
6888.9500 0.90515484
6889.0000 0.92687265
6889.0500 0.94859046
6889.1000 0.97030826
6889.1500 0.99202607
6889.2000 0.98503855
6889.2500 0.93958048
6889.3000 0.89412241
6889.3500 0.84866434
6889.4000 0.80320627
6889.4500 0.74438683
6889.5000 0.66252405
6889.5500 0.58066126
6889.6000 0.49879848
6889.6500 0.41693569
6889.7000 0.35393888
6889.7500 0.3329323
6889.8000 0.31192572
6889.8500 0.29091913
6889.9000 0.26991255
6889.9500 0.29098722
6890.0000 0.43418164
6890.0500 0.57737606
6890.1000 0.72057047
6890.1500 0.86376489
6890.2000 0.96382753
6890.2500 0.89747858
6890.3000 0.83112962
6890.3500 0.76478066
6890.4000 0.69843171
6890.4500 0.65495231
6890.5000 0.73272011
6890.5500 0.81048791
6890.6000 0.88825571
6890.6500 0.96602351
6890.7000 1.01752506
6890.7500 0.86656372
6890.8000 0.71560239
6890.8500 0.56464105
6890.9000 0.41367971
6890.9500 0.28391446
6891.0000 0.41828735
6891.0500 0.55266024
6891.1000 0.68703314
6891.1500 0.82140603
6891.2000 0.95215778
6891.2500 0.98876958
6891.3000 1.02538139
6891.3500 1.06199319
6891.4000 1.09860499
6891.4500 1.13499024
6891.5000 1.09867949
6891.5500 1.06236874
6891.6000 1.02605799
6891.6500 0.98974724
6891.7000 0.9534365
6891.7500 0.83991401
6891.8000 0.72420718
6891.8500 0.60850035
6891.9000 0.49279351
6891.9500 0.37708668
6892.0000 0.49903613
6892.0500 0.63476724
6892.1000 0.77049836
6892.1500 0.90622948
6892.2000 1.0419606
6892.2500 0.97500313
6892.3000 0.8907107
6892.3500 0.80641828
6892.4000 0.72212585
6892.4500 0.63783343
6892.5000 0.62811983
6892.5500 0.62664068
6892.6000 0.62516152
6892.6500 0.62368237
6892.7000 0.62220321
6892.7500 0.63122238
6892.8000 0.64162921
6892.8500 0.65203604
6892.9000 0.66244286
6892.9500 0.67284969
6893.0000 0.71335782
6893.0500 0.75839268
6893.1000 0.80342754
6893.1500 0.84846241
6893.2000 0.89349727
6893.2500 -0.19678963
6893.3000 -1.47398696
6893.3500 -2.75118429
6893.4000 -4.02838161
6893.4500 -5.30557894
6893.5000 -4.46991776
6893.5500 -3.26534536
6893.6000 -2.06077296
6893.6500 -0.85620056
6893.7000 0.34837184
6893.7500 0.57417849
6893.8000 0.6237473
6893.8500 0.67331611
6893.9000 0.72288492
6893.9500 0.77245374
6894.0000 0.85190598
6894.0500 0.93676333
6894.1000 1.02162069
6894.1500 1.10647805
6894.2000 1.19133541
6894.2500 1.07507933
6894.3000 0.92322343
6894.3500 0.77136753
6894.4000 0.61951163
6894.4500 0.46765573
6894.5000 0.51553446
6894.5500 0.59708187
6894.6000 0.67862928
6894.6500 0.76017668
6894.7000 0.84172409
6894.7500 0.89350728
6894.8000 0.94065547
6894.8500 0.98780366
6894.9000 1.03495185
6894.9500 1.08210004
6895.0000 1.05395212
6895.0500 1.01535545
6895.1000 0.97675878
6895.1500 0.93816211
6895.2000 0.89956544
6895.2500 0.9148978
6895.3000 0.93659734
6895.3500 0.95829687
6895.4000 0.97999641
6895.4500 1.00169594
6895.5000 1.02177936
6895.5500 1.0417108
6895.6000 1.06164224
6895.6500 1.08157368
6895.7000 1.10150512
6895.7500 1.05289476
6895.8000 0.99968162
6895.8500 0.94646848
6895.9000 0.89325535
6895.9500 0.84004221
6896.0000 0.8327458
6896.0500 0.8271892
6896.1000 0.82163259
6896.1500 0.81607599
6896.2000 0.81051939
6896.2500 0.81491057
6896.3000 0.81936878
6896.3500 0.82382699
6896.4000 0.82828519
6896.4500 0.83443453
6896.5000 0.90265365
6896.5500 0.97087278
6896.6000 1.03909191
6896.6500 1.10731103
6896.7000 1.16802501
6896.7500 1.11738345
6896.8000 1.06674188
6896.8500 1.01610031
6896.9000 0.96545874
6896.9500 0.91159196
6897.0000 0.82968946
6897.0500 0.74778696
6897.1000 0.66588446
6897.1500 0.58398195
6897.2000 0.51332132
6897.2500 0.50809652
6897.3000 0.50287172
6897.3500 0.49764691
6897.4000 0.49242211
6897.4500 0.47467277
6897.5000 0.4047121
6897.5500 0.33475143
6897.6000 0.26479075
6897.6500 0.19483008
6897.7000 0.19511324
6897.7500 0.41332916
6897.8000 0.63154508
6897.8500 0.849761
6897.9000 1.06797692
6897.9500 1.18239051
6898.0000 1.05164508
6898.0500 0.92089965
6898.1000 0.79015422
6898.1500 0.6594088
6898.2000 0.58753122
6898.2500 0.62279776
6898.3000 0.65806429
6898.3500 0.69333082
6898.4000 0.72859735
6898.4500 0.73579852
6898.5000 0.70346615
6898.5500 0.67113378
6898.6000 0.63880141
6898.6500 0.60646904
6898.7000 0.56289059
6898.7500 0.50708928
6898.8000 0.45128798
6898.8500 0.39548667
6898.9000 0.33968536
6898.9500 0.26360941
6899.0000 0.17071916
6899.0500 0.07782891
6899.1000 -0.01506134
6899.1500 -0.10795159
6899.2000 0.02696231
6899.2500 0.30295116
6899.3000 0.57894002
6899.3500 0.85492888
6899.4000 1.13091773
6899.4500 1.12510845
6899.5000 0.99382727
6899.5500 0.8625461
6899.6000 0.73126493
6899.6500 0.59998376
6899.7000 0.56105522
6899.7500 0.54975312
6899.8000 0.53845103
6899.8500 0.52714893
6899.9000 0.51584683
6899.9500 0.5088683
6900.0000 0.50264666
6900.0500 0.49642501
6900.1000 0.49020336
6900.1500 0.48398171
6900.2000 0.5484082
6900.2500 0.6176838
6900.3000 0.68695941
6900.3500 0.75623502
6900.4000 0.82348425
6900.4500 0.80829712
6900.5000 0.79310999
6900.5500 0.77792286
6900.6000 0.76273573
6900.6500 0.74529545
6900.7000 0.71063219
6900.7500 0.67596893
6900.8000 0.64130567
6900.8500 0.60664241
6900.9000 0.56360548
6900.9500 0.489231
6901.0000 0.41485651
6901.0500 0.34048203
6901.1000 0.26610755
6901.1500 0.19483253
6901.2000 0.13047165
6901.2500 0.06611077
6901.3000 0.00174989
6901.3500 -0.06261099
6901.4000 -0.0477163
6901.4500 0.08044225
6901.5000 0.2086008
6901.5500 0.33675935
6901.6000 0.46491791
6901.6500 0.49761475
6901.7000 0.44124195
6901.7500 0.38486916
6901.8000 0.32849636
6901.8500 0.27212357
6901.9000 0.28775965
6901.9500 0.34633219
6902.0000 0.40490473
6902.0500 0.46347728
6902.1000 0.52204982
6902.1500 0.49240544
6902.2000 0.43162184
6902.2500 0.37083824
6902.3000 0.31005464
6902.3500 0.24927104
6902.4000 0.25372863
6902.4500 0.26922745
6902.5000 0.28472627
6902.5500 0.30022509
6902.6000 0.31572391
6902.6500 0.33963005
6902.7000 0.36375246
6902.7500 0.38787488
6902.8000 0.41199729
6902.8500 0.43863128
6902.9000 0.48835571
6902.9500 0.53808014
6903.0000 0.58780457
6903.0500 0.637529
6903.1000 0.66680601
6903.1500 0.6255725
6903.2000 0.58433898
6903.2500 0.54310547
6903.3000 0.50187196
6903.3500 0.49278062
6903.4000 0.5420819
6903.4500 0.59138318
6903.5000 0.64068446
6903.5500 0.68998575
6903.6000 0.7392978
6903.6500 0.78862111
6903.7000 0.83794442
6903.7500 0.88726773
6903.8000 0.93659104
6903.8500 0.84303021
6903.9000 0.66412868
6903.9500 0.48522715
6904.0000 0.30632562
6904.0500 0.12742409
6904.1000 0.14542877
6904.1500 0.22328542
6904.2000 0.30114206
6904.2500 0.37899871
6904.3000 0.45685535
6904.3500 0.48086852
6904.4000 0.4996385
6904.4500 0.51840847
6904.5000 0.53717844
6904.5500 0.55080856
6904.6000 0.48272549
6904.6500 0.41464242
6904.7000 0.34655935
6904.7500 0.27847628
6904.8000 0.26918893
6904.8500 0.48022604
6904.9000 0.69126314
6904.9500 0.90230025
6905.0000 1.11333735
6905.0500 1.22331948
6905.1000 1.15800144
6905.1500 1.0926834
6905.2000 1.02736536
6905.2500 0.96204732
6905.3000 0.91123333
6905.3500 0.87358132
6905.4000 0.8359293
6905.4500 0.79827728
6905.5000 0.76062526
6905.5500 0.74503428
6905.6000 0.73952224
6905.6500 0.7340102
6905.7000 0.72849815
6905.7500 0.72298611
6905.8000 0.72539552
6905.8500 0.72917959
6905.9000 0.73296366
6905.9500 0.73674774
6906.0000 0.74093239
6906.0500 0.76341981
6906.1000 0.78590723
6906.1500 0.80839465
6906.2000 0.83088206
6906.2500 0.83010896
6906.3000 0.73287543
6906.3500 0.6356419
6906.4000 0.53840837
6906.4500 0.44117484
6906.5000 0.41347509
6906.5500 0.50379343
6906.6000 0.59411177
6906.6500 0.68443011
6906.7000 0.77474845
6906.7500 0.7793756
6906.8000 0.71411422
6906.8500 0.64885284
6906.9000 0.58359146
6906.9500 0.51833009
6907.0000 0.51320661
6907.0500 0.52983008
6907.1000 0.54645355
6907.1500 0.56307702
6907.2000 0.57970049
6907.2500 0.48067432
6907.3000 0.37181681
6907.3500 0.2629593
6907.4000 0.15410179
6907.4500 0.07768072
6907.5000 0.25719317
6907.5500 0.43670562
6907.6000 0.61621808
6907.6500 0.79573053
6907.7000 0.90867782
6907.7500 0.87130806
6907.8000 0.83393829
6907.8500 0.79656852
6907.9000 0.75919876
6907.9500 0.78110555
6908.0000 0.86112332
6908.0500 0.94114109
6908.1000 1.02115887
6908.1500 1.10117664
6908.2000 0.94642196
6908.2500 0.69419499
6908.3000 0.44196801
6908.3500 0.18974104
6908.4000 -0.06248594
6908.4500 -0.00998501
6908.5000 0.07195464
6908.5500 0.15389429
6908.6000 0.23583394
6908.6500 0.31579099
6908.7000 0.3813192
6908.7500 0.44684741
6908.8000 0.51237562
6908.8500 0.57790383
6908.9000 0.62055186
6908.9500 0.61744007
6909.0000 0.61432827
6909.0500 0.61121647
6909.1000 0.60810467
6909.1500 0.59568729
6909.2000 0.57564077
6909.2500 0.55559426
6909.3000 0.53554774
6909.3500 0.51550123
6909.4000 0.46030197
6909.4500 0.39456078
6909.5000 0.32881958
6909.5500 0.26307838
6909.6000 0.19733718
6909.6500 0.30924814
6909.7000 0.42245912
6909.7500 0.5356701
6909.8000 0.64888108
6909.8500 0.75764841
6909.9000 0.85064443
6909.9500 0.94364045
6910.0000 1.03663647
6910.0500 1.1296325
6910.1000 1.15011986
6910.1500 1.08218392
6910.2000 1.01424798
6910.2500 0.94631204
6910.3000 0.8783761
6910.3500 13.25352663
6910.4000 31.35217278
6910.4500 49.45081892
6910.5000 67.54946507
6910.5500 85.64811121
6910.6000 70.18890118
6910.6500 51.92984109
6910.7000 33.670781
6910.7500 15.41172091
6910.8000 0.16736517
6910.8500 0.21222121
6910.9000 0.25707725
6910.9500 0.30193329
6911.0000 0.34678933
6911.0500 0.47205053
6911.1000 0.71297769
6911.1500 0.95390485
6911.2000 1.19483202
6911.2500 1.43575918
6911.3000 1.25570469
6911.3500 0.85794156
6911.4000 0.46017842
6911.4500 0.06241529
6911.5000 -0.33534784
6911.5500 -0.19461104
6911.6000 -0.00182339
6911.6500 0.19096426
6911.7000 0.38375191
6911.7500 0.53635431
6911.8000 0.49032705
6911.8500 0.44429979
6911.9000 0.39827253
6911.9500 0.35224528
6912.0000 0.35608862
6912.0500 0.42648246
6912.1000 0.49687629
6912.1500 0.56727012
6912.2000 0.63766395
6912.2500 0.59093792
6912.3000 0.49211974
6912.3500 0.39330155
6912.4000 0.29448337
6912.4500 0.19566519
6912.5000 0.2043804
6912.5500 0.2176196
6912.6000 0.23085881
6912.6500 0.24409802
6912.7000 0.24644398
6912.7500 0.21248663
6912.8000 0.17852928
6912.8500 0.14457193
6912.9000 0.11061457
6912.9500 0.10945432
6913.0000 0.14035341
6913.0500 0.1712525
6913.1000 0.20215159
6913.1500 0.23305068
6913.2000 0.21234581
6913.2500 0.17744678
6913.3000 0.14254776
6913.3500 0.10764873
6913.4000 0.07558839
6913.4500 0.08332563
6913.5000 0.09106288
6913.5500 0.09880012
6913.6000 0.10653736
6913.6500 0
6913.7000 0
6913.7500 0
6913.8000 0
6913.8500 0
