4510.0500 1.60897492
4510.1000 1.64398126
4510.1500 1.857371
4510.2000 2.12034502
4510.2500 2.38331905
4510.3000 2.64629307
4510.3500 2.64561631
4510.4000 2.40540895
4510.4500 2.1652016
4510.5000 1.92499425
4510.5500 1.79340215
4510.6000 1.96077079
4510.6500 2.12813943
4510.7000 2.29550807
4510.7500 2.45869441
4510.8000 2.21048931
4510.8500 1.96228422
4510.9000 1.71407913
4510.9500 1.46587403
4511.0000 1.42266325
4511.0500 1.44608622
4511.1000 1.46950918
4511.1500 1.49293215
4511.2000 1.51548239
4511.2500 1.53716115
4511.3000 1.55883992
4511.3500 1.58051869
4511.4000 1.58824361
4511.4500 1.55344912
4511.5000 1.51865462
4511.5500 1.48386013
4511.6000 1.44906563
4511.6500 1.76041118
4511.7000 2.07354339
4511.7500 2.3866756
4511.8000 2.6998078
4511.8500 2.55220996
4511.9000 2.24582662
4511.9500 1.93944328
4512.0000 1.63305995
4512.0500 1.53820171
4512.1000 1.66037488
4512.1500 1.78254806
4512.2000 1.90472123
4512.2500 2.01459495
4512.3000 2.08646574
4512.3500 2.15833652
4512.4000 2.2302073
4512.4500 2.30207809
4512.5000 2.2824188
4512.5500 2.26243783
4512.6000 2.24245685
4512.6500 2.22247588
4512.7000 2.25166736
4512.7500 2.29728997
4512.8000 2.34291259
4512.8500 2.38853521
4512.9000 2.34102081
4512.9500 2.20171349
4513.0000 2.06240617
4513.0500 1.92309884
4513.1000 1.83403346
4513.1500 1.88887268
4513.2000 1.94371191
4513.2500 1.99855113
4513.3000 2.05279896
4513.3500 2.06817938
4513.4000 2.08355981
4513.4500 2.09894024
4513.5000 2.11432066
4513.5500 2.16470042
4513.6000 2.22540227
4513.6500 2.28610411
4513.7000 2.34680595
4513.7500 2.39695023
4513.8000 2.43775324
4513.8500 2.47855626
4513.9000 2.51935927
4513.9500 2.49727097
4514.0000 2.32115704
4514.0500 2.14504311
4514.1000 1.96892917
4514.1500 1.8058966
4514.2000 1.889541
4514.2500 1.97318539
4514.3000 2.05682979
4514.3500 2.14047419
4514.4000 2.14410942
4514.4500 2.12920137
4514.5000 2.11429332
4514.5500 2.09938527
4514.6000 2.10207668
4514.6500 2.11780919
4514.7000 2.13354169
4514.7500 2.1492742
4514.8000 2.12914337
4514.8500 2.03876585
4514.9000 1.94838832
4514.9500 1.8580108
4515.0000 1.77487015
4515.0500 1.75500085
4515.1000 1.73513155
4515.1500 1.71526225
4515.2000 1.69539295
4515.2500 1.54277248
4515.3000 1.37002621
4515.3500 1.19727995
4515.4000 1.02453368
4515.4500 1.08623358
4515.5000 1.28262062
4515.5500 1.47900767
4515.6000 1.67539471
4515.6500 1.78459803
4515.7000 1.76462576
4515.7500 1.74465349
4515.8000 1.72468123
4515.8500 1.69237154
4515.9000 1.60060725
4515.9500 1.50884296
4516.0000 1.41707868
4516.0500 1.32531439
4516.1000 1.48841515
4516.1500 1.66726549
4516.2000 1.84611584
4516.2500 2.02496618
4516.3000 1.96123369
4516.3500 1.79976598
4516.4000 1.63829827
4516.4500 1.47683056
4516.5000 1.45726031
4516.5500 1.5884346
4516.6000 1.71960888
4516.6500 1.85078317
4516.7000 1.89742591
4516.7500 1.70098027
4516.8000 1.50453464
4516.8500 1.308089
4516.9000 1.12170158
4516.9500 1.23751185
4517.0000 1.35332211
4517.0500 1.46913237
4517.1000 1.58494263
4517.1500 1.75748203
4517.2000 1.94354792
4517.2500 2.12961381
4517.3000 2.3156797
4517.3500 2.24883266
4517.4000 2.00166956
4517.4500 1.75450646
4517.5000 1.50734335
4517.5500 1.42822224
4517.6000 1.64633475
4517.6500 1.86444727
4517.7000 2.08255979
4517.7500 2.27400581
4517.8000 2.30111157
4517.8500 2.32821733
4517.9000 2.35532309
4517.9500 2.38242885
4518.0000 2.34054178
4518.0500 2.29258329
4518.1000 2.24462481
4518.1500 2.19666632
4518.2000 2.03518622
4518.2500 1.82498166
4518.3000 1.61477709
4518.3500 1.40457253
4518.4000 1.41775906
4518.4500 1.67167369
4518.5000 1.92558832
4518.5500 2.17950295
4518.6000 2.34822478
4518.6500 2.27946618
4518.7000 2.21070759
4518.7500 2.14194899
4518.8000 2.07242466
4518.8500 1.98764173
4518.9000 1.9028588
4518.9500 1.81807588
4519.0000 1.73329295
4519.0500 1.64375161
4519.1000 1.55325366
4519.1500 1.46275572
4519.2000 1.37225777
4519.2500 1.41166056
4519.3000 1.53118451
4519.3500 1.65070846
4519.4000 1.77023242
4519.4500 1.88281889
4519.5000 1.9852332
4519.5500 2.0876475
4519.6000 2.1900618
4519.6500 2.26148439
4519.7000 2.20373393
4519.7500 2.14598346
4519.8000 2.08823299
4519.8500 2.03048252
4519.9000 1.91247517
4519.9500 1.79340037
4520.0000 1.67432557
4520.0500 1.55525076
4520.1000 1.45676846
4520.1500 1.36434183
4520.2000 1.2719152
4520.2500 1.17948857
4520.3000 1.19068965
4520.3500 1.28200539
4520.4000 1.37332113
4520.4500 1.46463687
4520.5000 1.51134966
4520.5500 1.47747498
4520.6000 1.44360031
4520.6500 1.40972563
4520.7000 1.39560439
4520.7500 1.49373063
4520.8000 1.59185687
4520.8500 1.68998311
4520.9000 1.78810935
4520.9500 1.69198949
4521.0000 1.58436409
4521.0500 1.4767387
4521.1000 1.3691133
4521.1500 1.45959902
4521.2000 1.61984203
4521.2500 1.78008504
4521.3000 1.94032805
4521.3500 1.92620109
4521.4000 1.76122202
4521.4500 1.59624296
4521.5000 1.4312639
4521.5500 1.35522832
4521.6000 1.45670714
4521.6500 1.55818596
4521.7000 1.65966479
4521.7500 1.76737455
4521.8000 1.91587488
4521.8500 2.06437521
4521.9000 2.21287554
4521.9500 2.36137587
4522.0000 2.13003646
4522.0500 1.87111295
4522.1000 1.61218944
4522.1500 1.35326593
4522.2000 1.3666226
4522.2500 1.47908247
4522.3000 1.59154234
4522.3500 1.70400221
4522.4000 1.7906858
4522.4500 1.85497269
4522.5000 1.91925958
4522.5500 1.98354647
4522.6000 1.96902888
4522.6500 1.80021868
4522.7000 1.63140849
4522.7500 1.4625983
4522.8000 1.32003761
4522.8500 1.33589281
4522.9000 1.351748
4522.9500 1.3676032
4523.0000 1.3834584
4523.0500 1.5310649
4523.1000 1.68600252
4523.1500 1.84094013
4523.2000 1.99587775
4523.2500 1.99302925
4523.3000 1.93856416
4523.3500 1.88409908
4523.4000 1.82963399
4523.4500 1.77609717
4523.5000 1.72328736
4523.5500 1.67047754
4523.6000 1.61766772
4523.6500 1.60012178
4523.7000 1.64283694
4523.7500 1.68555211
4523.8000 1.72826727
4523.8500 1.77421343
4523.9000 1.83501964
4523.9500 1.89582585
4524.0000 1.95663207
4524.0500 2.01743828
4524.1000 1.94099219
4524.1500 1.86303476
4524.2000 1.78507732
4524.2500 1.70711989
4524.3000 1.74536973
4524.3500 1.81254519
4524.4000 1.87972065
4524.4500 1.94689611
4524.5000 1.92410858
4524.5500 1.8446112
4524.6000 1.76511382
4524.6500 1.68561644
4524.7000 1.6793663
4524.7500 1.77136934
4524.8000 1.86337239
4524.8500 1.95537544
4524.9000 1.99794967
4524.9500 1.88562622
4525.0000 1.77330277
4525.0500 1.66097932
4525.1000 1.56156665
4525.1500 1.67260572
4525.2000 1.7836448
4525.2500 1.89468387
4525.3000 2.00572294
4525.3500 1.93450596
4525.4000 1.83719759
4525.4500 1.73988922
4525.5000 1.64258085
4525.5500 1.61633055
4525.6000 1.62158646
4525.6500 1.62684237
4525.7000 1.63209828
4525.7500 1.71458897
4525.8000 1.87071234
4525.8500 2.02683571
4525.9000 2.18295909
4525.9500 2.24517922
4526.0000 2.11857978
4526.0500 1.99198034
4526.1000 1.8653809
4526.1500 1.7654526
4526.2000 1.81269891
4526.2500 1.85994523
4526.3000 1.90719155
4526.3500 1.95443786
4526.4000 1.97475663
4526.4500 1.99440693
4526.5000 2.01405724
4526.5500 2.03370754
4526.6000 1.97031662
4526.6500 1.88606335
4526.7000 1.80181007
4526.7500 1.7175568
4526.8000 1.66563126
4526.8500 1.63320756
4526.9000 1.60078386
4526.9500 1.56836016
4527.0000 1.53164304
4527.0500 1.48966414
4527.1000 1.44768524
4527.1500 1.40570634
4527.2000 1.45501174
4527.2500 1.74376543
4527.3000 2.03251912
4527.3500 2.32127281
4527.4000 2.56210912
4527.4500 2.38907448
4527.5000 2.21603985
4527.5500 2.04300522
4527.6000 1.86997059
4527.6500 1.7588749
4527.7000 1.65225528
4527.7500 1.54563566
4527.8000 1.43901604
4527.8500 1.44458138
4527.9000 1.48508462
4527.9500 1.52558787
4528.0000 1.56609111
4528.0500 1.61780441
4528.1000 1.67719479
4528.1500 1.73658517
4528.2000 1.79597555
4528.2500 1.81484468
4528.3000 1.7790286
4528.3500 1.74321251
4528.4000 1.70739642
4528.4500 1.68034796
4528.5000 1.67841215
4528.5500 1.67647633
4528.6000 1.67454052
4528.6500 1.6648023
4528.7000 1.57900048
4528.7500 1.49319866
4528.8000 1.40739684
4528.8500 1.32159502
4528.9000 1.4584597
4528.9500 1.61250485
4529.0000 1.76654999
4529.0500 1.92059513
4529.1000 1.91414478
4529.1500 1.85833372
4529.2000 1.80252267
4529.2500 1.74671161
4529.3000 1.6952812
4529.3500 1.64674345
4529.4000 1.59820571
4529.4500 1.54966797
4529.5000 1.51855455
4529.5500 1.50953862
4529.6000 1.50052268
4529.6500 1.49150674
4529.7000 1.4992499
4529.7500 1.54997016
4529.8000 1.60069042
4529.8500 1.65141067
4529.9000 1.69214117
4529.9500 1.66051243
4530.0000 1.6288837
4530.0500 1.59725496
4530.1000 1.56562623
4530.1500 1.47666016
4530.2000 1.38550065
4530.2500 1.29434113
4530.3000 1.20318161
4530.3500 1.24850582
4530.4000 1.32666314
4530.4500 1.40482046
4530.5000 1.48297779
4530.5500 1.50052878
4530.6000 1.4854602
4530.6500 1.47039162
4530.7000 1.45532303
4530.7500 1.432099
4530.8000 1.40056161
4530.8500 1.36902421
4530.9000 1.33748682
4530.9500 1.33565684
4531.0000 1.39113656
4531.0500 1.44661628
4531.1000 1.502096
4531.1500 1.53687901
4531.2000 1.48266457
4531.2500 1.42845014
4531.3000 1.3742357
4531.3500 1.32575335
4531.4000 1.42627628
4531.4500 1.52679921
4531.5000 1.62732214
4531.5500 1.72784507
4531.6000 1.73991078
4531.6500 1.74065116
4531.7000 1.74139155
4531.7500 1.74213193
4531.8000 1.68444009
4531.8500 1.60590141
4531.9000 1.52736273
4531.9500 1.44882405
4532.0000 1.43760146
4532.0500 1.47341385
4532.1000 1.50922625
4532.1500 1.54503865
4532.2000 1.57165985
4532.2500 1.58664954
4532.3000 1.60163923
4532.3500 1.61662893
4532.4000 1.63033048
4532.4500 1.6409568
4532.5000 1.65158312
4532.5500 1.66220944
4532.6000 1.66548088
4532.6500 1.62711441
4532.7000 1.58874794
4532.7500 1.55038147
4532.8000 1.51223908
4532.8500 1.51050259
4532.9000 1.5087661
4532.9500 1.5070296
4533.0000 1.50529311
4533.0500 1.49769702
4533.1000 1.48917232
4533.1500 1.48064762
4533.2000 1.47212293
4533.2500 1.51554841
4533.3000 1.57903848
4533.3500 1.64252855
4533.4000 1.70601862
4533.4500 1.68784449
4533.5000 1.61069251
4533.5500 1.53354052
4533.6000 1.45638854
4533.6500 1.46121669
4533.7000 1.56995412
4533.7500 1.67869155
4533.8000 1.78742899
4533.8500 1.84170424
4533.9000 1.77038428
4533.9500 1.69906433
4534.0000 1.62774438
4534.0500 1.56637771
4534.1000 1.5553733
4534.1500 1.5443689
4534.2000 1.5333645
4534.2500 1.52272297
4534.3000 1.52437887
4534.3500 1.52603478
4534.4000 1.52769068
4534.4500 1.52934659
4534.5000 1.54468601
4534.5500 1.56165816
4534.6000 1.57863031
4534.6500 1.59560246
4534.7000 1.63255935
4534.7500 1.67585388
4534.8000 1.71914841
4534.8500 1.76244294
4534.9000 1.7209617
4534.9500 1.62886531
4535.0000 1.53676893
4535.0500 1.44467255
4535.1000 1.38517387
4535.1500 1.35904119
4535.2000 1.33290851
4535.2500 1.30677583
4535.3000 1.28636705
4535.3500 1.27598997
4535.4000 1.26561289
4535.4500 1.25523582
4535.5000 1.26284216
4535.5500 1.32948028
4535.6000 1.3961184
4535.6500 1.46275652
4535.7000 1.5151741
4535.7500 1.44613717
4535.8000 1.37710025
4535.8500 1.30806332
4535.9000 1.23902639
4535.9500 1.29057198
4536.0000 1.34492867
4536.0500 1.39928536
4536.1000 1.45364205
4536.1500 1.43969024
4536.2000 1.41375207
4536.2500 1.3878139
4536.3000 1.36187572
4536.3500 1.34403944
4536.4000 1.32927135
4536.4500 1.31450326
4536.5000 1.29973517
4536.5500 1.38172206
4536.6000 1.52793916
4536.6500 1.67415626
4536.7000 1.82037335
4536.7500 1.86211763
4536.8000 1.78968716
4536.8500 1.71725669
4536.9000 1.64482622
4536.9500 1.5962763
4537.0000 1.59098107
4537.0500 1.58568583
4537.1000 1.58039059
4537.1500 1.56898004
4537.2000 1.53762911
4537.2500 1.50627818
4537.3000 1.47492725
4537.3500 1.45279284
4537.4000 1.501729
4537.4500 1.55066516
4537.5000 1.59960132
4537.5500 1.64853748
4537.6000 1.68526963
4537.6500 1.7219526
4537.7000 1.75863558
4537.7500 1.79531856
4537.8000 1.85531608
4537.8500 1.91854474
4537.9000 1.98177341
4537.9500 2.04500207
4538.0000 1.98292365
4538.0500 1.88163678
4538.1000 1.78034991
4538.1500 1.67906304
4538.2000 1.59552696
4538.2500 1.52171096
4538.3000 1.44789496
4538.3500 1.37407897
4538.4000 1.4269415
4538.4500 1.59134907
4538.5000 1.75575664
4538.5500 1.92016421
4538.6000 1.95625006
4538.6500 1.81400575
4538.7000 1.67176145
4538.7500 1.52951714
4538.8000 1.44664145
4538.8500 1.49824745
4538.9000 1.54985346
4538.9500 1.60145947
4539.0000 1.65713362
4539.0500 1.72958462
4539.1000 1.80203561
4539.1500 1.8744866
4539.2000 1.93107085
4539.2500 1.81721994
4539.3000 1.70336903
4539.3500 1.58951812
4539.4000 1.47566721
4539.4500 1.55744539
4539.5000 1.64397767
4539.5500 1.73050996
4539.6000 1.81704224
4539.6500 1.81996026
4539.7000 1.81021673
4539.7500 1.8004732
4539.8000 1.79072966
4539.8500 1.81382782
4539.9000 1.8471948
4539.9500 1.88056177
4540.0000 1.91392875
4540.0500 1.92864424
4540.1000 1.93358873
4540.1500 1.93853322
4540.2000 1.94347771
4540.2500 1.94586638
4540.3000 1.94617866
4540.3500 1.94649094
4540.4000 1.94680321
4540.4500 1.90798647
4540.5000 1.82103081
4540.5500 1.73407514
4540.6000 1.64711948
4540.6500 1.57255599
4540.7000 1.52140408
4540.7500 1.47025217
4540.8000 1.41910027
4540.8500 1.38785961
4540.9000 1.4179929
4540.9500 1.44812618
4541.0000 1.47825947
4541.0500 1.50848577
4541.1000 1.53926097
4541.1500 1.57003617
4541.2000 1.60081136
4541.2500 1.63006854
4541.3000 1.62781329
4541.3500 1.62555805
4541.4000 1.6233028
4541.4500 1.62104756
4541.5000 1.72578234
4541.5500 1.83637144
4541.6000 1.94696054
4541.6500 2.05754964
4541.7000 1.98973892
4541.7500 1.89078851
4541.8000 1.79183811
4541.8500 1.6928877
4541.9000 1.68162002
4541.9500 1.69868777
4542.0000 1.71575552
4542.0500 1.73282327
4542.1000 1.69170803
4542.1500 1.62078679
4542.2000 1.54986555
4542.2500 1.4789443
4542.3000 1.46608534
4542.3500 1.4974139
4542.4000 1.52874247
4542.4500 1.56007104
4542.5000 1.58988528
4542.5500 1.61802948
4542.6000 1.64617369
4542.6500 1.6743179
4542.7000 1.68465527
4542.7500 1.66647137
4542.8000 1.64828747
4542.8500 1.63010357
4542.9000 1.60041658
4542.9500 1.54314457
4543.0000 1.48587256
4543.0500 1.42860055
4543.1000 1.40274901
4543.1500 1.4985094
4543.2000 1.59426978
4543.2500 1.69003016
4543.3000 1.76556224
4543.3500 1.68911206
4543.4000 1.61266188
4543.4500 1.53621169
4543.5000 1.46316366
4543.5500 1.49747088
4543.6000 1.53177811
4543.6500 1.56608533
4543.7000 1.60039256
4543.7500 1.61883553
4543.8000 1.63635666
4543.8500 1.65387778
4543.9000 1.67139891
4543.9500 1.66131074
4544.0000 1.64674894
4544.0500 1.63218714
4544.1000 1.61762534
4544.1500 1.61651937
4544.2000 1.61927189
4544.2500 1.62202441
4544.3000 1.62477693
4544.3500 1.59866988
4544.4000 1.55988902
4544.4500 1.52110816
4544.5000 1.4823273
4544.5500 1.47925155
4544.6000 1.4986538
4544.6500 1.51805605
4544.7000 1.5374583
4544.7500 1.55771658
4544.8000 1.57872309
4544.8500 1.59972961
4544.9000 1.62073612
4544.9500 1.65610024
4545.0000 1.70868702
4545.0500 1.7612738
4545.1000 1.81386058
4545.1500 1.83332368
4545.2000 1.79800136
4545.2500 1.76267905
4545.3000 1.72735674
4545.3500 1.7170162
4545.4000 1.76494831
4545.4500 1.81288042
4545.5000 1.86081253
4545.5500 1.87617777
4545.6000 1.77901425
4545.6500 1.68185074
4545.7000 1.58468722
4545.7500 1.50314564
4545.8000 1.51016184
4545.8500 1.51717804
4545.9000 1.52419424
4545.9500 1.53078684
4546.0000 1.53227059
4546.0500 1.53375435
4546.1000 1.53523811
4546.1500 1.53693281
4546.2000 1.58746582
4546.2500 1.63799883
4546.3000 1.68853184
4546.3500 1.73906485
4546.4000 1.69621919
4546.4500 1.64668392
4546.5000 1.59714865
4546.5500 1.54761337
4546.6000 1.58928491
4546.6500 1.64542131
4546.7000 1.70155771
4546.7500 1.75769412
4546.8000 1.76242564
4546.8500 1.7538365
4546.9000 1.74524736
4546.9500 1.73665822
4547.0000 1.72330887
4547.0500 1.70816657
4547.1000 1.69302427
4547.1500 1.67788196
4547.2000 1.63295801
4547.2500 1.57267257
4547.3000 1.51238713
4547.3500 1.45210169
4547.4000 1.44615955
4547.4500 1.47733765
4547.5000 1.50851575
4547.5500 1.53969385
4547.6000 1.54814701
4547.6500 1.53642421
4547.7000 1.52470142
4547.7500 1.51297862
4547.8000 1.49933811
4547.8500 1.4835034
4547.9000 1.4676687
4547.9500 1.45183399
4548.0000 1.46209042
4548.0500 1.51080962
4548.1000 1.55952882
4548.1500 1.60824801
4548.2000 1.63551586
4548.2500 1.62171099
4548.3000 1.60790612
4548.3500 1.59410124
4548.4000 1.57966629
4548.4500 1.56363596
4548.5000 1.54760562
4548.5500 1.53157528
4548.6000 1.52015989
4548.6500 1.52470644
4548.7000 1.52925299
4548.7500 1.53379954
4548.8000 1.54370021
4548.8500 1.58039334
4548.9000 1.61708648
4548.9500 1.65377961
4549.0000 1.68156001
4549.0500 1.63719146
4549.1000 1.59282291
4549.1500 1.54845436
4549.2000 1.50671725
4549.2500 1.51065965
4549.3000 1.51460206
4549.3500 1.51854447
4549.4000 1.52248771
4549.4500 1.53411059
4549.5000 1.54573346
4549.5500 1.55735634
4549.6000 1.56897921
4549.6500 1.59687612
4549.7000 1.62568614
4549.7500 1.65449615
4549.8000 1.68330617
4549.8500 1.65427532
4549.9000 1.61844128
4549.9500 1.58260723
4550.0000 1.54677319
4550.0500 1.55010435
4550.1000 1.5606873
4550.1500 1.57127024
4550.2000 1.58185318
4550.2500 1.55341517
4550.3000 1.51484729
4550.3500 1.4762794
4550.4000 1.43771151
4550.4500 1.41817936
4550.5000 1.40515734
4550.5500 1.39213531
4550.6000 1.37911328
4550.6500 1.35205447
4550.7000 1.31890921
4550.7500 1.28576396
4550.8000 1.2526187
4550.8500 1.26441533
4550.9000 1.30030011
4550.9500 1.33618489
4551.0000 1.37206968
4551.0500 1.39663289
4551.1000 1.41382536
4551.1500 1.43101782
4551.2000 1.44821029
4551.2500 1.46595806
4551.3000 1.48413961
4551.3500 1.50232116
4551.4000 1.5205027
4551.4500 1.50855072
4551.5000 1.4685955
4551.5500 1.42864027
4551.6000 1.38868505
4551.6500 1.37840734
4551.7000 1.40075647
4551.7500 1.4231056
4551.8000 1.44545473
4551.8500 1.4701885
4551.9000 1.49801367
4551.9500 1.52583885
4552.0000 1.55366402
4552.0500 1.55146342
4552.1000 1.50341459
4552.1500 1.45536576
4552.2000 1.40731693
4552.2500 1.38295697
4552.3000 1.40124057
4552.3500 1.41952416
4552.4000 1.43780775
4552.4500 1.45585108
4552.5000 1.47338302
4552.5500 1.49091495
4552.6000 1.50844689
4552.6500 1.51604278
4552.7000 1.49850105
4552.7500 1.48095932
4552.8000 1.46341759
4552.8500 1.45295092
4552.9000 1.4639299
4552.9500 1.47490889
4553.0000 1.48588788
4553.0500 1.49632544
4553.1000 1.5047741
4553.1500 1.51322275
4553.2000 1.52167141
4553.2500 1.53048515
4553.3000 1.54095077
4553.3500 1.55141639
4553.4000 1.56188201
4553.4500 1.5720521
4553.5000 1.58053657
4553.5500 1.58902104
4553.6000 1.59750551
4553.6500 1.60133519
4553.7000 1.57052812
4553.7500 1.53972104
4553.8000 1.50891397
4553.8500 1.47655701
4553.9000 1.42831467
4553.9500 1.38007234
4554.0000 1.33183
4554.0500 1.28926294
4554.1000 1.3349039
4554.1500 1.38054486
4554.2000 1.42618582
4554.2500 1.47093768
4554.3000 1.48974869
4554.3500 1.5085597
4554.4000 1.52737071
4554.4500 1.54599528
4554.5000 1.53801265
4554.5500 1.53003002
4554.6000 1.52204738
4554.6500 1.51406475
4554.7000 1.52648537
4554.7500 1.53928188
4554.8000 1.55207838
4554.8500 1.56487489
4554.9000 1.55455106
4554.9500 1.54321348
4555.0000 1.53187591
4555.0500 1.52053833
4555.1000 1.55203457
4555.1500 1.58649814
4555.2000 1.62096171
4555.2500 1.65542527
4555.3000 1.60551321
4555.3500 1.547618
4555.4000 1.48972278
4555.4500 1.43182756
4555.5000 1.44732098
4555.5500 1.47160345
4555.6000 1.49588592
4555.6500 1.52016839
4555.7000 1.55386534
4555.7500 1.58892363
4555.8000 1.62398192
4555.8500 1.65904022
4555.9000 1.61034118
4555.9500 1.5474858
4556.0000 1.48463042
4556.0500 1.42177504
4556.1000 1.41594726
4556.1500 1.4211189
4556.2000 1.42629054
4556.2500 1.43146218
4556.3000 1.45077087
4556.3500 1.47313394
4556.4000 1.49549701
4556.4500 1.51786008
4556.5000 1.49408871
4556.5500 1.45931865
4556.6000 1.4245486
4556.6500 1.38977854
4556.7000 1.37390338
4556.7500 1.36293686
4556.8000 1.35197035
4556.8500 1.34100383
4556.9000 1.36206646
4556.9500 1.39209903
4557.0000 1.42213159
4557.0500 1.45216416
4557.1000 1.46263774
4557.1500 1.4672619
4557.2000 1.47188607
4557.2500 1.47651023
4557.3000 1.47290205
4557.3500 1.4666869
4557.4000 1.46047175
4557.4500 1.4542566
4557.5000 1.454031
4557.5500 1.45579838
4557.6000 1.45756576
4557.6500 1.45933314
4557.7000 1.47013686
4557.7500 1.48407746
4557.8000 1.49801806
4557.8500 1.51195865
4557.9000 1.50089025
4557.9500 1.48082498
4558.0000 1.4607597
4558.0500 1.44069443
4558.1000 1.45676238
4558.1500 1.48621574
4558.2000 1.51566911
4558.2500 1.54512247
4558.3000 1.56856564
4558.3500 1.58973006
4558.4000 1.61089449
4558.4500 1.63205891
4558.5000 1.60368577
4558.5500 1.5562027
4558.6000 1.50871963
4558.6500 1.46123656
4558.7000 1.46303753
4558.7500 1.48407128
4558.8000 1.50510504
4558.8500 1.5261388
4558.9000 1.5347717
4558.9500 1.53853682
4559.0000 1.54230194
4559.0500 1.54606706
4559.1000 1.55372701
4559.1500 1.56291615
4559.2000 1.5721053
4559.2500 1.58129444
4559.3000 1.58500917
4559.3500 1.58658619
4559.4000 1.5881632
4559.4500 1.58974021
4559.5000 1.58867484
4559.5500 1.58658903
4559.6000 1.58450322
4559.6500 1.58241741
4559.7000 1.61800494
4559.7500 1.66789745
4559.8000 1.71778997
4559.8500 1.76768248
4559.9000 1.76588737
4559.9500 1.74490818
4560.0000 1.72392899
4560.0500 1.7029498
4560.1000 1.66819936
4560.1500 1.62848323
4560.2000 1.5887671
4560.2500 1.54905097
4560.3000 1.52267539
4560.3500 1.5009436
4560.4000 1.47921182
4560.4500 1.45748004
4560.5000 1.46086613
4560.5500 1.47263652
4560.6000 1.48440691
4560.6500 1.49617731
4560.7000 1.52272001
4560.7500 1.55395753
4560.8000 1.58519504
4560.8500 1.61643255
4560.9000 1.60240395
4560.9500 1.5747835
4561.0000 1.54716305
4561.0500 1.5195426
4561.1000 1.51863597
4561.1500 1.52524393
4561.2000 1.53185188
4561.2500 1.53845984
4561.3000 1.55286005
4561.3500 1.56929447
4561.4000 1.58572889
4561.4500 1.60216332
4561.5000 1.61339633
4561.5500 1.62338267
4561.6000 1.63336901
4561.6500 1.64335536
4561.7000 1.66075861
4561.7500 1.67977367
4561.8000 1.69878873
4561.8500 1.71780379
4561.9000 1.70723712
4561.9500 1.69092843
4562.0000 1.67461974
4562.0500 1.65831106
4562.1000 1.63970255
4562.1500 1.62070263
4562.2000 1.60170271
4562.2500 1.58270278
4562.3000 1.57225038
4562.3500 1.56304349
4562.4000 1.55383659
4562.4500 1.5446297
4562.5000 1.55880441
4562.5500 1.57580354
4562.6000 1.59280266
4562.6500 1.60980179
4562.7000 1.5912484
4562.7500 1.56929764
4562.8000 1.54734688
4562.8500 1.52539613
4562.9000 1.57933284
4562.9500 1.63859056
4563.0000 1.69784828
4563.0500 1.757106
4563.1000 1.73995686
4563.1500 1.71940185
4563.2000 1.69884684
4563.2500 1.67829184
4563.3000 1.63388897
4563.3500 1.58903227
4563.4000 1.54417557
4563.4500 1.49998209
4563.5000 1.55759692
4563.5500 1.61521176
4563.6000 1.67282659
4563.6500 1.72792691
4563.7000 1.70880685
4563.7500 1.68968679
4563.8000 1.67056672
4563.8500 1.65411696
4563.9000 1.6793427
4563.9500 1.70456844
4564.0000 1.72979418
4564.0500 1.7496374
4564.1000 1.71425726
4564.1500 1.67887712
4564.2000 1.64349698
4564.2500 1.61100521
4564.3000 1.59998736
4564.3500 1.58896951
4564.4000 1.57795166
4564.4500 1.56765918
4564.5000 1.56149471
4564.5500 1.55533025
4564.6000 1.54916578
4564.6500 1.55081934
4564.7000 1.58772778
4564.7500 1.62463622
4564.8000 1.66154466
4564.8500 1.69016605
4564.9000 1.68847768
4564.9500 1.6867893
4565.0000 1.68510093
4565.0500 1.6843068
4565.1000 1.68620889
4565.1500 1.68811098
4565.2000 1.69001307
4565.2500 1.68352581
4565.3000 1.65594684
4565.3500 1.62836787
4565.4000 1.60078891
4565.4500 1.58176437
4565.5000 1.58081598
4565.5500 1.57986759
4565.6000 1.5789192
4565.6500 1.58434488
4565.7000 1.60114966
4565.7500 1.61795444
4565.8000 1.63475922
4565.8500 1.6513532
4565.9000 1.66762833
4565.9500 1.68390346
4566.0000 1.70017859
4566.0500 1.7026038
4566.1000 1.68726701
4566.1500 1.67193022
4566.2000 1.65659343
4566.2500 1.62811302
4566.3000 1.58535924
4566.3500 1.54260547
4566.4000 1.4998517
4566.4500 1.47585624
4566.5000 1.46904994
4566.5500 1.46224363
4566.6000 1.45543733
4566.6500 1.47909841
4566.7000 1.52617759
4566.7500 1.57325677
4566.8000 1.62033595
4566.8500 1.63302837
4566.9000 1.62374962
4566.9500 1.61447087
4567.0000 1.60519211
4567.0500 1.61174502
4567.1000 1.62659825
4567.1500 1.64145148
4567.2000 1.65630471
4567.2500 1.63722914
4567.3000 1.60382612
4567.3500 1.5704231
4567.4000 1.53702009
4567.4500 1.52483027
4567.5000 1.5196624
4567.5500 1.51449453
4567.6000 1.50932666
4567.6500 1.52930695
4567.7000 1.55554796
4567.7500 1.58178898
4567.8000 1.60802999
4567.8500 1.60780287
4567.9000 1.60294856
4567.9500 1.59809425
4568.0000 1.59323994
4568.0500 1.59347379
4568.1000 1.59425501
4568.1500 1.59503622
4568.2000 1.59581743
4568.2500 1.60847602
4568.3000 1.621685
4568.3500 1.63489397
4568.4000 1.64813792
4568.4500 1.66494758
4568.5000 1.68175724
4568.5500 1.6985669
4568.6000 1.713804
4568.6500 1.70637106
4568.7000 1.69893812
4568.7500 1.69150519
4568.8000 1.67816413
4568.8500 1.62197767
4568.9000 1.56579122
4568.9500 1.50960476
4569.0000 1.47348367
4569.0500 1.52960805
4569.1000 1.58573244
4569.1500 1.64185682
4569.2000 1.67927803
4569.2500 1.65658416
4569.3000 1.63389029
4569.3500 1.61119642
4569.4000 1.60377045
4569.4500 1.6324678
4569.5000 1.66116516
4569.5500 1.68986251
4569.6000 1.68827973
4569.6500 1.63240722
4569.7000 1.5765347
4569.7500 1.52066218
4569.8000 1.50816211
4569.8500 1.55551623
4569.9000 1.60287034
4569.9500 1.65022445
4570.0000 1.66220069
4570.0500 1.63637651
4570.1000 1.61055232
4570.1500 1.58472814
4570.2000 1.56998425
4570.2500 1.56438364
4570.3000 1.55878304
4570.3500 1.55318244
4570.4000 1.56544879
4570.4500 1.58897145
4570.5000 1.6124941
4570.5500 1.63601676
4570.6000 1.63867592
4570.6500 1.6315288
4570.7000 1.62438167
4570.7500 1.61723454
4570.8000 1.64138743
4570.8500 1.67607447
4570.9000 1.71076151
4570.9500 1.74544856
4571.0000 1.71987009
4571.0500 1.68081863
4571.1000 1.64176718
4571.1500 1.60271572
4571.2000 1.59719229
4571.2500 1.59591697
4571.3000 1.59464164
4571.3500 1.59336632
4571.4000 1.60176412
4571.4500 1.61057581
4571.5000 1.6193875
4571.5500 1.62848405
4571.6000 1.64632311
4571.6500 1.66416217
4571.7000 1.68200122
4571.7500 1.69438818
4571.8000 1.66045397
4571.8500 1.62651977
4571.9000 1.59258556
4571.9500 1.56640493
4572.0000 1.57549232
4572.0500 1.58457971
4572.1000 1.59366709
4572.1500 1.5998071
4572.2000 1.59739514
4572.2500 1.59498319
4572.3000 1.59257123
4572.3500 1.59532301
4572.4000 1.60839176
4572.4500 1.62146052
4572.5000 1.63452928
4572.5500 1.62770529
4572.6000 1.59248776
4572.6500 1.55727023
4572.7000 1.52205271
4572.7500 1.50651826
4572.8000 1.51134289
4572.8500 1.51616753
4572.9000 1.52099216
4572.9500 1.51912492
4573.0000 1.5122568
4573.0500 1.50538868
4573.1000 1.49852056
4573.1500 1.50898388
4573.2000 1.52860718
4573.2500 1.54823048
4573.3000 1.56785378
4573.3500 1.55845903
4573.4000 1.53872598
4573.4500 1.51899292
4573.5000 1.49925986
4573.5500 1.49845974
4573.6000 1.50177149
4573.6500 1.50508324
4573.7000 1.50839498
4573.7500 1.49500627
4573.8000 1.47990506
4573.8500 1.46480386
4573.9000 1.44970265
4573.9500 1.4518044
4574.0000 1.45401715
4574.0500 1.4562299
4574.1000 1.45933027
4574.1500 1.47245383
4574.2000 1.4855774
4574.2500 1.49870096
4574.3000 1.50705064
4574.3500 1.49213958
4574.4000 1.47722853
4574.4500 1.46231747
4574.5000 1.45360403
4574.5500 1.46249433
4574.6000 1.47138464
4574.6500 1.48027494
4574.7000 1.50300074
4574.7500 1.55123399
4574.8000 1.59946724
4574.8500 1.64770049
4574.9000 1.64603371
4574.9500 1.58190725
4575.0000 1.51778078
4575.0500 1.45365432
4575.1000 1.44086046
4575.1500 1.47219621
4575.2000 1.50353195
4575.2500 1.5348677
4575.3000 1.55248655
4575.3500 1.56213607
4575.4000 1.57178559
4575.4500 1.58143511
4575.5000 1.59031148
4575.5500 1.59889968
4575.6000 1.60748787
4575.6500 1.61607607
4575.7000 1.60468253
4575.7500 1.58906841
4575.8000 1.57345429
4575.8500 1.55784017
4575.9000 1.52818874
4575.9500 1.49738141
4576.0000 1.46657408
4576.0500 1.43693514
4576.1000 1.45605667
4576.1500 1.47517821
4576.2000 1.49429975
4576.2500 1.5121913
4576.3000 1.52139807
4576.3500 1.53060483
4576.4000 1.5398116
4576.4500 1.5517031
4576.5000 1.57279525
4576.5500 1.59388741
4576.6000 1.61497956
4576.6500 1.62476087
4576.7000 1.61146193
4576.7500 1.59816299
4576.8000 1.58486405
4576.8500 1.58522375
4576.9000 1.60346409
4576.9500 1.62170443
4577.0000 1.63994477
4577.0500 1.63948664
4577.1000 1.62299868
4577.1500 1.60651072
4577.2000 1.59002276
4577.2500 1.59181584
4577.3000 1.60367269
4577.3500 1.61552955
4577.4000 1.6273864
4577.4500 1.62166106
4577.5000 1.61015777
4577.5500 1.59865449
4577.6000 1.5871512
4577.6500 1.57388035
4577.7000 1.56032545
4577.7500 1.54677054
4577.8000 1.53321563
4577.8500 1.54929421
4577.9000 1.56623899
4577.9500 1.58318376
4578.0000 1.59883909
4578.0500 1.6002178
4578.1000 1.60159652
4578.1500 1.60297523
4578.2000 1.60516598
4578.2500 1.61070358
4578.3000 1.61624119
4578.3500 1.6217788
4578.4000 1.61918491
4578.4500 1.59839367
4578.5000 1.57760244
4578.5500 1.5568112
4578.6000 1.54245711
4578.6500 1.53686162
4578.7000 1.53126612
4578.7500 1.52567063
4578.8000 1.53400318
4578.8500 1.55422115
4578.9000 1.57443913
4578.9500 1.59465711
4579.0000 1.6001183
4579.0500 1.59786492
4579.1000 1.59561155
4579.1500 1.59335818
4579.2000 1.5760478
4579.2500 1.55436609
4579.3000 1.53268438
4579.3500 1.51100267
4579.4000 1.53123409
4579.4500 1.55640934
4579.5000 1.58158459
4579.5500 1.60625812
4579.6000 1.59833778
4579.6500 1.59041745
4579.7000 1.58249711
4579.7500 1.56814757
4579.8000 1.51330204
4579.8500 1.4584565
4579.9000 1.40361097
4579.9500 1.37063444
4580.0000 1.39988745
4580.0500 1.42914046
4580.1000 1.45839346
4580.1500 1.48441956
4580.2000 1.50527468
4580.2500 1.52612979
4580.3000 1.54698491
4580.3500 1.56190617
4580.4000 1.57111822
4580.4500 1.58033028
4580.5000 1.58954233
4580.5500 1.58679149
4580.6000 1.57720056
4580.6500 1.56760963
4580.7000 1.55801869
4580.7500 1.54399118
4580.8000 1.52859307
4580.8500 1.51319495
4580.9000 1.49779684
4580.9500 1.49343178
4581.0000 1.49038976
4581.0500 1.48734774
4581.1000 1.48496686
4581.1500 1.5106082
4581.2000 1.53624954
4581.2500 1.56189088
4581.3000 1.57762516
4581.3500 1.53908427
4581.4000 1.50054338
4581.4500 1.46200249
4581.5000 1.44488887
4581.5500 1.48104608
4581.6000 1.51720329
4581.6500 1.5533605
4581.7000 1.57500809
4581.7500 1.57666208
4581.8000 1.57831607
4581.8500 1.57997006
4581.9000 1.55852358
4581.9500 1.51858449
4582.0000 1.4786454
4582.0500 1.43870631
4582.1000 1.44078402
4582.1500 1.46161204
4582.2000 1.48244005
4582.2500 1.50326807
4582.3000 1.4922174
4582.3500 1.47457589
4582.4000 1.45693438
4582.4500 1.43929287
4582.5000 1.44794991
4582.5500 1.4575018
4582.6000 1.46705368
4582.6500 1.47576443
4582.7000 1.47743307
4582.7500 1.47910171
4582.8000 1.48077034
4582.8500 1.47860257
4582.9000 1.46477008
4582.9500 1.45093759
4583.0000 1.4371051
4583.0500 1.43625311
4583.1000 1.45574903
4583.1500 1.47524495
4583.2000 1.49474088
4583.2500 1.49721975
4583.3000 1.48476717
4583.3500 1.47231459
4583.4000 1.45986202
4583.4500 1.4466273
4583.5000 1.43301942
4583.5500 1.41941154
4583.6000 1.40580366
4583.6500 1.39932965
4583.7000 1.39439475
4583.7500 1.38945986
4583.8000 1.38452496
4583.8500 1.37617821
4583.9000 1.3677233
4583.9500 1.35926839
4584.0000 1.352734
4584.0500 1.3606666
4584.1000 1.36859919
4584.1500 1.37653179
4584.2000 1.38710212
4584.2500 1.40493963
4584.3000 1.42277713
4584.3500 1.44061464
4584.4000 1.45002762
4584.4500 1.44764331
4584.5000 1.445259
4584.5500 1.4428747
4584.6000 1.43722702
4584.6500 1.42909832
4584.7000 1.42096963
4584.7500 1.41284094
4584.8000 1.41622103
4584.8500 1.42405947
4584.9000 1.43189791
4584.9500 1.43973635
4585.0000 1.43635817
4585.0500 1.43137252
4585.1000 1.42638686
4585.1500 1.42112499
4585.2000 1.40684407
4585.2500 1.39256314
4585.3000 1.37828222
4585.3500 1.36853421
4585.4000 1.37862738
4585.4500 1.38872055
4585.5000 1.39881373
4585.5500 1.40470882
4585.6000 1.40257769
4585.6500 1.40044655
4585.7000 1.39831542
4585.7500 1.39967584
4585.8000 1.40449915
4585.8500 1.40932247
4585.9000 1.41414578
4585.9500 1.40008013
4586.0000 1.37636572
4586.0500 1.35265131
4586.1000 1.3289369
4586.1500 1.32486224
4586.2000 1.32501373
4586.2500 1.32516522
4586.3000 1.3253167
4586.3500 1.3631485
4586.4000 1.40154861
4586.4500 1.43994872
4586.5000 1.47244214
4586.5500 1.47108156
4586.6000 1.46972099
4586.6500 1.46836042
4586.7000 1.46538048
4586.7500 1.45884896
4586.8000 1.45231744
4586.8500 1.44578591
4586.9000 1.44345706
4586.9500 1.44569997
4587.0000 1.44794288
4587.0500 1.45018579
4587.1000 1.44800582
4587.1500 1.44340182
4587.2000 1.43879782
4587.2500 1.43419381
4587.3000 1.44703955
4587.3500 1.46386832
4587.4000 1.48069709
4587.4500 1.49752586
4587.5000 1.47763804
4587.5500 1.4571362
4587.6000 1.43663435
4587.6500 1.42121897
4587.7000 1.43371655
4587.7500 1.44621412
4587.8000 1.4587117
4587.8500 1.47680811
4587.9000 1.50648419
4587.9500 1.53616026
4588.0000 1.56583633
4588.0500 1.57596032
4588.1000 1.56644611
4588.1500 1.55693189
4588.2000 1.54741768
4588.2500 1.54348836
4588.3000 1.54227166
4588.3500 1.54105497
4588.4000 1.53983828
4588.4500 1.53080525
4588.5000 1.52037612
4588.5500 1.50994699
4588.6000 1.4989877
4588.6500 1.46737596
4588.7000 1.43576422
4588.7500 1.40415248
4588.8000 1.38107985
4588.8500 1.39157409
4588.9000 1.40206833
4588.9500 1.41256257
4589.0000 1.42723303
4589.0500 1.44866635
4589.1000 1.47009967
4589.1500 1.49153298
4589.2000 1.49080846
4589.2500 1.47281095
4589.3000 1.45481344
4589.3500 1.43681593
4589.4000 1.46279856
4589.4500 1.50396884
4589.5000 1.54513912
4589.5500 1.5863094
4589.6000 1.56593049
4589.6500 1.54062452
4589.7000 1.51531856
4589.7500 1.49610293
4589.8000 1.52633874
4589.8500 1.55657455
4589.9000 1.58681036
4589.9500 1.60491122
4590.0000 1.59395922
4590.0500 1.58300722
4590.1000 1.57205522
4590.1500 1.5584924
4590.2000 1.54211021
4590.2500 1.52572803
4590.3000 1.50934584
4590.3500 1.49553319
4590.4000 1.48299662
4590.4500 1.47046005
4590.5000 1.45792348
4590.5500 1.4720786
4590.6000 1.49069667
4590.6500 1.50931474
4590.7000 1.52867795
4590.7500 1.56331102
4590.8000 1.5979441
4590.8500 1.63257717
4590.9000 1.6465561
4590.9500 1.59422758
4591.0000 1.54189905
4591.0500 1.48957053
4591.1000 1.47361206
4591.1500 1.5059254
4591.2000 1.53823875
4591.2500 1.57055209
4591.3000 1.5704224
4591.3500 1.55066705
4591.4000 1.53091171
4591.4500 1.51115637
4591.5000 1.53876208
4591.5500 1.57692845
4591.6000 1.61509482
4591.6500 1.65245043
4591.7000 1.63042616
4591.7500 1.6084019
4591.8000 1.58637763
4591.8500 1.56561399
4591.9000 1.54957928
4591.9500 1.53354457
4592.0000 1.51750987
4592.0500 1.50427182
4592.1000 1.49508031
4592.1500 1.48588881
4592.2000 1.47669731
4592.2500 1.48441485
4592.3000 1.50303025
4592.3500 1.52164565
4592.4000 1.54026105
4592.4500 1.50956944
4592.5000 1.46721452
4592.5500 1.42485959
4592.6000 1.38329694
4592.6500 1.4161948
4592.7000 1.44909266
4592.7500 1.48199053
4592.8000 1.51276883
4592.8500 1.5357417
4592.9000 1.55871457
4592.9500 1.58168744
4593.0000 1.58185914
4593.0500 1.55025694
4593.1000 1.51865473
4593.1500 1.48705252
4593.2000 1.48501647
4593.2500 1.5008538
4593.3000 1.51669114
4593.3500 1.53252848
4593.4000 1.52037299
4593.4500 1.50247955
4593.5000 1.48458611
4593.5500 1.46756665
4593.6000 1.47282506
4593.6500 1.47808347
4593.7000 1.48334188
4593.7500 1.48990513
4593.8000 1.5004502
4593.8500 1.51099528
4593.9000 1.52154036
4593.9500 1.52159195
4594.0000 1.5091801
4594.0500 1.49676825
4594.1000 1.4843564
4594.1500 1.46994375
4594.2000 1.4545393
4594.2500 1.43913484
4594.3000 1.42373038
4594.3500 1.41668224
4594.4000 1.41075986
4594.4500 1.40483747
4594.5000 1.40134542
4594.5500 1.42095677
4594.6000 1.44056812
4594.6500 1.46017946
4594.7000 1.47044208
4594.7500 1.45992511
4594.8000 1.44940814
4594.8500 1.43889116
4594.9000 1.44552375
4594.9500 1.46757189
4595.0000 1.48962003
4595.0500 1.51166817
4595.1000 1.5066977
4595.1500 1.49243837
4595.2000 1.47817905
4595.2500 1.46391972
4595.3000 1.47372613
4595.3500 1.48445951
4595.4000 1.49519289
4595.4500 1.4994771
4595.5000 1.47494422
4595.5500 1.45041135
4595.6000 1.42587848
4595.6500 1.41938451
4595.7000 1.43949752
4595.7500 1.45961053
4595.8000 1.47972353
4595.8500 1.49072553
4595.9000 1.4962942
4595.9500 1.50186286
4596.0000 1.50743152
4596.0500 1.52551718
4596.1000 1.54581122
4596.1500 1.56610527
4596.2000 1.58506927
4596.2500 1.58759145
4596.3000 1.59011364
4596.3500 1.59263582
4596.4000 1.59039571
4596.4500 1.57708928
4596.5000 1.56378285
4596.5500 1.55047642
4596.6000 1.53389087
4596.6500 1.5143752
4596.7000 1.49485954
4596.7500 1.47534388
4596.8000 1.47344131
4596.8500 1.47720615
4596.9000 1.480971
4596.9500 1.48473585
4597.0000 1.46865029
4597.0500 1.45228755
4597.1000 1.43592481
4597.1500 1.42811128
4597.2000 1.4511254
4597.2500 1.47413952
4597.3000 1.49715364
4597.3500 1.5203423
4597.4000 1.54374495
4597.4500 1.5671476
4597.5000 1.59055025
4597.5500 1.58915416
4597.6000 1.57622315
4597.6500 1.56329214
4597.7000 1.55036113
4597.7500 1.53360579
4597.8000 1.51650457
4597.8500 1.49940335
4597.9000 1.48234559
4597.9500 1.46552877
4598.0000 1.44871195
4598.0500 1.43189513
4598.1000 1.43289138
4598.1500 1.46177544
4598.2000 1.4906595
4598.2500 1.51954356
4598.3000 1.54829346
4598.3500 1.57696387
4598.4000 1.60563428
4598.4500 1.63430469
4598.5000 1.61295116
4598.5500 1.58394777
4598.6000 1.55494438
4598.6500 1.52578976
4598.7000 1.49538585
4598.7500 1.46498194
4598.8000 1.43457802
4598.8500 1.42570997
4598.9000 1.45686916
4598.9500 1.48802835
4599.0000 1.51918754
4599.0500 1.53102725
4599.1000 1.52960035
4599.1500 1.52817344
4599.2000 1.52674653
4599.2500 1.55158012
4599.3000 1.5815221
4599.3500 1.61146407
4599.4000 1.6344631
4599.4500 1.58039857
4599.5000 1.52633403
4599.5500 1.4722695
4599.6000 1.44652281
4599.6500 1.47843563
4599.7000 1.51034844
4599.7500 1.54226126
4599.8000 1.5676825
4599.8500 1.58835063
4599.9000 1.60901876
4599.9500 1.62968688
4600.0000 1.63958369
4600.0500 1.64721872
4600.1000 1.65485376
4600.1500 1.66062193
4600.2000 1.64396089
4600.2500 1.62729985
4600.3000 1.61063882
4600.3500 1.58847231
4600.4000 1.55504872
4600.4500 1.52162513
4600.5000 1.48820154
4600.5500 1.46917731
4600.6000 1.46052634
4600.6500 1.45187538
4600.7000 1.44322441
4600.7500 1.4249585
4600.8000 1.40479686
4600.8500 1.38463523
4600.9000 1.36904005
4600.9500 1.39929503
4601.0000 1.42955002
4601.0500 1.459805
4601.1000 1.48503647
4601.1500 1.50081719
4601.2000 1.51659791
4601.2500 1.53237863
4601.3000 1.52453762
4601.3500 1.50125995
4601.4000 1.47798228
4601.4500 1.45470461
4601.5000 1.43454743
4601.5500 1.41488263
4601.6000 1.39521782
4601.6500 1.38309308
4601.7000 1.42429352
4601.7500 1.46549395
4601.8000 1.50669439
4601.8500 1.53058076
4601.9000 1.52684098
4601.9500 1.5231012
4602.0000 1.51936142
4602.0500 1.51361801
4602.1000 1.50678564
4602.1500 1.49995326
4602.2000 1.49312089
4602.2500 1.47265904
4602.3000 1.45087746
4602.3500 1.42909588
4602.4000 1.4136374
4602.4500 1.42762345
4602.5000 1.4416095
4602.5500 1.45559555
4602.6000 1.46896854
4602.6500 1.48157092
4602.7000 1.4941733
4602.7500 1.50677567
4602.8000 1.48639894
4602.8500 1.45259036
4602.9000 1.41878178
4602.9500 1.3849732
4603.0000 1.38737745
4603.0500 1.39054594
4603.1000 1.39371442
4603.1500 1.39511435
4603.2000 1.39118884
4603.2500 1.38726332
4603.3000 1.38333781
4603.3500 1.38592102
4603.4000 1.39450025
4603.4500 1.40307948
4603.5000 1.41165871
4603.5500 1.45012653
4603.6000 1.49639976
4603.6500 1.54267299
4603.7000 1.58612754
4603.7500 1.59006678
4603.8000 1.59400603
4603.8500 1.59794528
4603.9000 1.58775303
4603.9500 1.55030744
4604.0000 1.51286185
4604.0500 1.47541626
4604.1000 1.46421028
4604.1500 1.46925261
4604.2000 1.47429494
4604.2500 1.47933727
4604.3000 1.50224655
4604.3500 1.52725373
4604.4000 1.55226091
4604.4500 1.57042357
4604.5000 1.55597943
4604.5500 1.54153528
4604.6000 1.52709114
4604.6500 1.51278896
4604.7000 1.49865799
4604.7500 1.48452702
4604.8000 1.47039606
4604.8500 1.47558533
4604.9000 1.48776445
4604.9500 1.49994357
4605.0000 1.51161783
4605.0500 1.49337046
4605.1000 1.47512308
4605.1500 1.45687571
4605.2000 1.44016767
4605.2500 1.42704991
4605.3000 1.41393216
4605.3500 1.4008144
4605.4000 1.41802668
4605.4500 1.45677148
4605.5000 1.49551628
4605.5500 1.53426108
4605.6000 1.51437442
4605.6500 1.48578673
4605.7000 1.45719905
4605.7500 1.43603554
4605.8000 1.45444594
4605.8500 1.47285633
4605.9000 1.49126672
4605.9500 1.49524722
4606.0000 1.48133206
4606.0500 1.4674169
4606.1000 1.45350174
4606.1500 1.45303519
4606.2000 1.45739133
4606.2500 1.46174747
4606.3000 1.46659059
4606.3500 1.48902075
4606.4000 1.51145091
4606.4500 1.53388107
4606.5000 1.53485466
4606.5500 1.4900375
4606.6000 1.44522035
4606.6500 1.4004032
4606.7000 1.40305612
4606.7500 1.43574994
4606.8000 1.46844375
4606.8500 1.50113756
4606.9000 1.48129781
4606.9500 1.45607314
4607.0000 1.43084847
4607.0500 1.41705118
4607.1000 1.44815881
4607.1500 1.47926644
4607.2000 1.51037407
4607.2500 1.51737288
4607.3000 1.50025545
4607.3500 1.48313802
4607.4000 1.46602059
4607.4500 1.45026256
4607.5000 1.43484815
4607.5500 1.41943374
4607.6000 1.40590159
4607.6500 1.40974025
4607.7000 1.4135789
4607.7500 1.41741756
4607.8000 1.42390571
4607.8500 1.43439239
4607.9000 1.44487906
4607.9500 1.45536574
4608.0000 1.45897814
4608.0500 1.45965215
4608.1000 1.46032615
4608.1500 1.46114429
4608.2000 1.49973301
4608.2500 1.53832173
4608.3000 1.57691045
4608.3500 1.59768978
4608.4000 1.57851002
4608.4500 1.55933027
4608.5000 1.54015051
4608.5500 1.53319912
4608.6000 1.53393479
4608.6500 1.53467046
4608.7000 1.53540613
4608.7500 1.51027924
4608.8000 1.48293332
4608.8500 1.45558741
4608.9000 1.4413305
4608.9500 1.4710962
4609.0000 1.50086191
4609.0500 1.53062762
4609.1000 1.54542734
4609.1500 1.54740755
4609.2000 1.54938775
4609.2500 1.55136796
4609.3000 1.54493628
4609.3500 1.53701209
4609.4000 1.52908789
4609.4500 1.52328701
4609.5000 1.52853223
4609.5500 1.53377744
4609.6000 1.53902265
4609.6500 1.54788218
4609.7000 1.56074621
4609.7500 1.57361024
4609.8000 1.58647426
4609.8500 1.57205327
4609.9000 1.55032664
4609.9500 1.52860002
4610.0000 1.51007197
4610.0500 1.51897054
4610.1000 1.52786912
4610.1500 1.5367677
4610.2000 1.54151367
4610.2500 1.54055628
4610.3000 1.53959889
4610.3500 1.53864151
4610.4000 1.51198675
4610.4500 1.47627774
4610.5000 1.44056873
4610.5500 1.40724868
4610.6000 1.41214828
4610.6500 1.41704787
4610.7000 1.42194747
4610.7500 1.43326965
4610.8000 1.45509562
4610.8500 1.4769216
4610.9000 1.49874757
4610.9500 1.49592282
4611.0000 1.48259872
4611.0500 1.46927462
4611.1000 1.45637294
4611.1500 1.46036139
4611.2000 1.46434984
4611.2500 1.46833829
4611.3000 1.4773036
4611.3500 1.49556286
4611.4000 1.51382212
4611.4500 1.53208138
4611.5000 1.55276468
4611.5500 1.57461865
4611.6000 1.59647263
4611.6500 1.61826217
4611.7000 1.58481039
4611.7500 1.55135861
4611.8000 1.51790682
4611.8500 1.49328641
4611.9000 1.48665787
4611.9500 1.48002933
4612.0000 1.47340079
4612.0500 1.48067397
4612.1000 1.49515451
4612.1500 1.50963505
4612.2000 1.52411558
4612.2500 1.52844062
4612.3000 1.53265411
4612.3500 1.5368676
4612.4000 1.52957547
4612.4500 1.49794035
4612.5000 1.46630522
4612.5500 1.4346701
4612.6000 1.43725701
4612.6500 1.4579482
4612.7000 1.4786394
4612.7500 1.49933059
4612.8000 1.50161942
4612.8500 1.50369077
4612.9000 1.50576212
4612.9500 1.51103745
4613.0000 1.52300145
4613.0500 1.53496544
4613.1000 1.54692944
4613.1500 1.57141158
4613.2000 1.60232298
4613.2500 1.63323437
4613.3000 1.66414577
4613.3500 1.61300784
4613.4000 1.56176558
4613.4500 1.51052333
4613.5000 1.46388076
4613.5500 1.42624585
4613.6000 1.38861093
4613.6500 1.35097602
4613.7000 1.36386493
4613.7500 1.40068546
4613.8000 1.437506
4613.8500 1.47310556
4613.9000 1.45000176
4613.9500 1.42689796
4614.0000 1.40379416
4614.0500 1.39622404
4614.1000 1.41586305
4614.1500 1.43550207
4614.2000 1.45514108
4614.2500 1.47021365
4614.3000 1.48340033
4614.3500 1.496587
4614.4000 1.50820844
4614.4500 1.49200977
4614.5000 1.4758111
4614.5500 1.45961243
4614.6000 1.43233801
4614.6500 1.38845435
4614.7000 1.34457068
4614.7500 1.30068701
4614.8000 1.33154705
4614.8500 1.38757323
4614.9000 1.44359942
4614.9500 1.49411532
4615.0000 1.49357437
4615.0500 1.49303342
4615.1000 1.49249247
4615.1500 1.4834879
4615.2000 1.46405337
4615.2500 1.44461883
4615.3000 1.4251843
4615.3500 1.44422526
4615.4000 1.47289914
4615.4500 1.50157302
4615.5000 1.52159784
4615.5500 1.49367634
4615.6000 1.46575483
4615.6500 1.43783332
4615.7000 1.43300851
4615.7500 1.45063081
4615.8000 1.4682531
4615.8500 1.4858754
4615.9000 1.52580791
4615.9500 1.5692913
4616.0000 1.6127747
4616.0500 1.63494641
4616.1000 1.58134199
4616.1500 1.52773756
4616.2000 1.47413314
4616.2500 1.43491567
4616.3000 1.40622031
4616.3500 1.37752494
4616.4000 1.34882957
4616.4500 1.38641401
4616.5000 1.42846214
4616.5500 1.47051026
4616.6000 1.50672221
4616.6500 1.52915174
4616.7000 1.55158127
4616.7500 1.57401079
4616.8000 1.54806874
4616.8500 1.49713196
4616.9000 1.44619517
4616.9500 1.39693487
4617.0000 1.42082359
4617.0500 1.44471231
4617.1000 1.46860103
4617.1500 1.47902753
4617.2000 1.46810769
4617.2500 1.45718785
4617.3000 1.44626801
4617.3500 1.44847956
4617.4000 1.4550135
4617.4500 1.46154745
4617.5000 1.46384017
4617.5500 1.4347964
4617.6000 1.40575263
4617.6500 1.37670886
4617.7000 1.36678115
4617.7500 1.37696389
4617.8000 1.38714663
4617.8500 1.39732938
4617.9000 1.39765073
4617.9500 1.39632253
4618.0000 1.39499432
4618.0500 1.39711382
4618.1000 1.41095183
4618.1500 1.42478984
4618.2000 1.43862785
4618.2500 1.45078026
4618.3000 1.46180524
4618.3500 1.47283023
4618.4000 1.48385522
4618.4500 1.49924956
4618.5000 1.5147681
4618.5500 1.53028663
4618.6000 1.52711321
4618.6500 1.48872831
4618.7000 1.45034342
4618.7500 1.41195852
4618.8000 1.43023996
4618.8500 1.47029335
4618.9000 1.51034674
4618.9500 1.54185335
4619.0000 1.4958853
4619.0500 1.44991726
4619.1000 1.40394922
4619.1500 1.36284877
4619.2000 1.32707378
4619.2500 1.29129879
4619.3000 1.25552379
4619.3500 1.2713743
4619.4000 1.29584015
4619.4500 1.32030599
4619.5000 1.33916858
4619.5500 1.34006065
4619.6000 1.34095272
4619.6500 1.3418448
4619.7000 1.36896259
4619.7500 1.41217765
4619.8000 1.45539271
4619.8500 1.49832819
4619.9000 1.44462015
4619.9500 1.39091211
4620.0000 1.33720407
4620.0500 1.31651046
4620.1000 1.34802863
4620.1500 1.3795468
4620.2000 1.41106497
4620.2500 1.40956697
4620.3000 1.39838037
4620.3500 1.38719376
4620.4000 1.38458637
4620.4500 1.42697284
4620.5000 1.46935931
4620.5500 1.51174578
4620.6000 1.50411726
4620.6500 1.45530502
4620.7000 1.40649278
4620.7500 1.35768053
4620.8000 1.38204731
4620.8500 1.41125454
4620.9000 1.44046177
4620.9500 1.46455157
4621.0000 1.4781931
4621.0500 1.49183462
4621.1000 1.50547614
4621.1500 1.46908121
4621.2000 1.41330781
4621.2500 1.3575344
4621.3000 1.30843078
4621.3500 1.31108005
4621.4000 1.31372932
4621.4500 1.31637858
4621.5000 1.33119505
4621.5500 1.35775963
4621.6000 1.38432422
4621.6500 1.4108888
4621.7000 1.45404914
4621.7500 1.49895919
4621.8000 1.54386924
4621.8500 1.55701838
4621.9000 1.49667395
4621.9500 1.43632952
4622.0000 1.37598509
4622.0500 1.38624123
4622.1000 1.42673344
4622.1500 1.46722566
4622.2000 1.50495203
4622.2500 1.51773283
4622.3000 1.53051363
4622.3500 1.54329443
4622.4000 1.51809204
4622.4500 1.45501814
4622.5000 1.39194424
4622.5500 1.32887034
4622.6000 1.33130808
4622.6500 1.34078864
4622.7000 1.3502692
4622.7500 1.3697521
4622.8000 1.41187817
4622.8500 1.45400423
4622.9000 1.4961303
4622.9500 1.48571493
4623.0000 1.45395579
4623.0500 1.42219664
4623.1000 1.39389834
4623.1500 1.39168864
4623.2000 1.38947894
4623.2500 1.38726925
4623.3000 1.39791049
4623.3500 1.42020738
4623.4000 1.44250428
4623.4500 1.46480117
4623.5000 1.43967527
4623.5500 1.41113964
4623.6000 1.38260402
4623.6500 1.36268551
4623.7000 1.35929267
4623.7500 1.35589983
4623.8000 1.35250699
4623.8500 1.38892461
4623.9000 1.43834469
4623.9500 1.48776476
4624.0000 1.52390543
4624.0500 1.49339944
4624.1000 1.46289345
4624.1500 1.43238746
4624.2000 1.42155329
4624.2500 1.42497822
4624.3000 1.42840314
4624.3500 1.43182806
4624.4000 1.41374553
4624.4500 1.39554724
4624.5000 1.37734895
4624.5500 1.38129672
4624.6000 1.41700754
4624.6500 1.45271835
4624.7000 1.48842917
4624.7500 1.4697496
4624.8000 1.43978995
4624.8500 1.40983031
4624.9000 1.39504141
4624.9500 1.42651856
4625.0000 1.45799571
4625.0500 1.48947286
4625.1000 1.50985171
4625.1500 1.52468737
4625.2000 1.53952303
4625.2500 1.55067274
4625.3000 1.52369417
4625.3500 1.4967156
4625.4000 1.46973703
4625.4500 1.48771314
4625.5000 1.54876554
4625.5500 1.60981794
4625.6000 1.67087034
4625.6500 1.57337591
4625.7000 1.46476165
4625.7500 1.35614739
4625.8000 1.32744836
4625.8500 1.44111335
4625.9000 1.55477833
4625.9500 1.66844332
4626.0000 1.64161178
4626.0500 1.57649753
4626.1000 1.51138328
4626.1500 1.47192805
4626.2000 1.5270076
4626.2500 1.58208716
4626.3000 1.63716672
4626.3500 1.60722897
4626.4000 1.52995899
4626.4500 1.45268901
4626.5000 1.38057403
4626.5500 1.37437426
4626.6000 1.3681745
4626.6500 1.36197473
4626.7000 1.35176903
4626.7500 1.33762059
4626.8000 1.32347214
4626.8500 1.3093237
4626.9000 1.33230686
4626.9500 1.3577997
4627.0000 1.38329255
4627.0500 1.40835443
4627.1000 1.43268466
4627.1500 1.45701489
4627.2000 1.48134512
4627.2500 1.42506142
4627.3000 1.34936841
4627.3500 1.2736754
4627.4000 1.2263853
4627.4500 1.2678185
4627.5000 1.30925169
4627.5500 1.35068489
4627.6000 1.39389886
4627.6500 1.43794961
4627.7000 1.48200036
4627.7500 1.52320614
4627.8000 1.54343453
4627.8500 1.56366292
4627.9000 1.58389132
4627.9500 1.55821948
4628.0000 1.49645451
4628.0500 1.43468953
4628.1000 1.37302407
4628.1500 1.37927713
4628.2000 1.38553019
4628.2500 1.39178326
4628.3000 1.40382561
4628.3500 1.42310586
4628.4000 1.44238611
4628.4500 1.46166636
4628.5000 1.45828302
4628.5500 1.45205894
4628.6000 1.44583487
4628.6500 1.43297035
4628.7000 1.40687152
4628.7500 1.38077269
4628.8000 1.35467387
4628.8500 1.37003598
4628.9000 1.39703151
4628.9500 1.42402703
4629.0000 1.46014651
4629.0500 1.52699347
4629.1000 1.59384044
4629.1500 1.6606874
4629.2000 1.61942068
4629.2500 1.52687552
4629.3000 1.43433036
4629.3500 1.36006107
4629.4000 1.40929146
4629.4500 1.45852185
4629.5000 1.50775224
4629.5500 1.54017061
4629.6000 1.56045509
4629.6500 1.58073957
4629.7000 1.59648654
4629.7500 1.48328106
4629.8000 1.37007558
4629.8500 1.25687011
4629.9000 1.21056158
4629.9500 1.23431177
4630.0000 1.25806196
4630.0500 1.28181215
4630.1000 1.23598117
4630.1500 1.18603851
4630.2000 1.13609585
4630.2500 1.15249402
4630.3000 1.26789224
4630.3500 1.38329046
4630.4000 1.49868868
4630.4500 1.46138154
4630.5000 1.39912273
4630.5500 1.33686393
4630.6000 1.32940945
4630.6500 1.43887022
4630.7000 1.54833099
4630.7500 1.65779176
4630.8000 1.6285696
4630.8500 1.56023929
4630.9000 1.49190898
4630.9500 1.45532355
4631.0000 1.51806175
4631.0500 1.58079995
4631.1000 1.64353815
4631.1500 1.61443707
4631.2000 1.54702736
4631.2500 1.47961765
4631.3000 1.42914985
4631.3500 1.46116981
4631.4000 1.49318977
4631.4500 1.52520973
4631.5000 1.46324072
4631.5500 1.34757552
4631.6000 1.23191031
4631.6500 1.13273732
4631.7000 1.17607301
4631.7500 1.21940871
4631.8000 1.26274441
4631.8500 1.32583923
4631.9000 1.40369953
4631.9500 1.48155983
4632.0000 1.55633553
4632.0500 1.56110602
4632.1000 1.56587651
4632.1500 1.570647
4632.2000 1.56031922
4632.2500 1.53567976
4632.3000 1.5110403
4632.3500 1.48640085
4632.4000 1.45785694
4632.4500 1.42925692
4632.5000 1.4006569
4632.5500 1.41741634
4632.6000 1.48751477
4632.6500 1.55761319
4632.7000 1.62771162
4632.7500 1.56366344
4632.8000 1.49022971
4632.8500 1.41679599
4632.9000 1.38313493
4632.9500 1.40648753
4633.0000 1.42984014
4633.0500 1.45319275
4633.1000 1.42287561
4633.1500 1.38582634
4633.2000 1.34877707
4633.2500 1.3443263
4633.3000 1.39599361
4633.3500 1.44766092
4633.4000 1.49932823
4633.4500 1.50468376
4633.5000 1.50171469
4633.5500 1.49874561
4633.6000 1.4909438
4633.6500 1.47329078
4633.7000 1.45563777
4633.7500 1.43798475
4633.8000 1.477594
4633.8500 1.53047068
4633.9000 1.58334735
4633.9500 1.60252499
4634.0000 1.54153484
4634.0500 1.48054469
4634.1000 1.41955453
4634.1500 1.38134041
4634.2000 1.34950153
4634.2500 1.31766264
4634.3000 1.30527188
4634.3500 1.34601405
4634.4000 1.38675622
4634.4500 1.42749838
4634.5000 1.49500001
4634.5500 1.57114353
4634.6000 1.64728705
4634.6500 1.70260988
4634.7000 1.69381184
4634.7500 1.6850138
4634.8000 1.67621576
4634.8500 1.61694072
4634.9000 1.53952629
4634.9500 1.46211187
4635.0000 1.40177401
4635.0500 1.39943588
4635.1000 1.39709775
4635.1500 1.39475962
4635.2000 1.40155912
4635.2500 1.41190219
4635.3000 1.42224525
4635.3500 1.42814098
4635.4000 1.41779571
4635.4500 1.40745045
4635.5000 1.39710518
4635.5500 1.39572632
4635.6000 1.39799794
4635.6500 1.40026957
4635.7000 1.3998845
4635.7500 1.38936253
4635.8000 1.37884057
4635.8500 1.3683186
4635.9000 1.35961009
4635.9500 1.35165695
4636.0000 1.34370381
4636.0500 1.33617326
4636.1000 1.33027621
4636.1500 1.32437916
4636.2000 1.31848211
4636.2500 1.35811374
4636.3000 1.41666785
4636.3500 1.47522196
4636.4000 1.51005542
4636.4500 1.45488513
4636.5000 1.39971483
4636.5500 1.34454454
4636.6000 1.35209308
4636.6500 1.38500474
4636.7000 1.4179164
4636.7500 1.44923402
4636.8000 1.47479375
4636.8500 1.50035348
4636.9000 1.52591321
4636.9500 1.50459048
4637.0000 1.4652954
4637.0500 1.42600033
4637.1000 1.42255477
4637.1500 1.53896075
4637.2000 1.65536673
4637.2500 1.7717727
4637.3000 1.76453447
4637.3500 1.71360636
4637.4000 1.66267825
4637.4500 1.61140809
4637.5000 1.55910556
4637.5500 1.50680302
4637.6000 1.45450049
4637.6500 1.50418046
4637.7000 1.5860438
4637.7500 1.66790714
4637.8000 1.7232683
4637.8500 1.70793982
4637.9000 1.69261133
4637.9500 1.67728285
4638.0000 1.63251062
4638.0500 1.57974737
4638.1000 1.52698413
4638.1500 1.49125715
4638.2000 1.49496319
4638.2500 1.49866922
4638.3000 1.50237525
4638.3500 1.5295862
4638.4000 1.56202168
4638.4500 1.59445715
4638.5000 1.59188516
4638.5500 1.52010184
4638.6000 1.44831852
4638.6500 1.3765352
4638.7000 1.4053101
4638.7500 1.45114407
4638.8000 1.49697804
4638.8500 1.51853346
4638.9000 1.49967983
4638.9500 1.48082621
4639.0000 1.46197258
4639.0500 1.41751399
4639.1000 1.37011464
4639.1500 1.32271529
4639.2000 1.3224541
4639.2500 1.38730368
4639.3000 1.45215325
4639.3500 1.51700282
4639.4000 1.49271729
4639.4500 1.4631649
4639.5000 1.43361252
4639.5500 1.43958428
4639.6000 1.48565124
4639.6500 1.5317182
4639.7000 1.57778515
4639.7500 1.56073911
4639.8000 1.54348074
4639.8500 1.52622237
4639.9000 1.517176
4639.9500 1.51556487
4640.0000 1.51395374
4640.0500 1.51736028
4640.1000 1.60815587
4640.1500 1.69895145
4640.2000 1.78974704
4640.2500 1.76862085
4640.3000 1.66812416
4640.3500 1.56762747
4640.4000 1.4689566
4640.4500 1.38404257
4640.5000 1.29912854
4640.5500 1.21421452
4640.6000 1.25469971
4640.6500 1.36254086
4640.7000 1.47038201
4640.7500 1.54281959
4640.8000 1.45955857
4640.8500 1.37629755
4640.9000 1.29303653
4640.9500 1.32419396
4641.0000 1.3995691
4641.0500 1.47494424
4641.1000 1.55265684
4641.1500 1.63707182
4641.2000 1.72148679
4641.2500 1.80590176
4641.3000 1.73918443
4641.3500 1.63401789
4641.4000 1.52885135
4641.4500 1.4982234
4641.5000 1.61416612
4641.5500 1.73010884
4641.6000 1.84605156
4641.6500 1.75436682
4641.7000 1.63392393
4641.7500 1.51348105
4641.8000 1.44672315
4641.8500 1.4538344
4641.9000 1.46094565
4641.9500 1.46805689
4642.0000 1.45856398
4642.0500 1.44846396
4642.1000 1.43836394
4642.1500 1.39001203
4642.2000 1.30489066
4642.2500 1.21976928
4642.3000 1.14699892
4642.3500 1.28108945
4642.4000 1.41517998
4642.4500 1.54927052
4642.5000 1.57771643
4642.5500 1.53693189
4642.6000 1.49614735
4642.6500 1.46030287
4642.7000 1.45176493
4642.7500 1.44322698
4642.8000 1.43468904
4642.8500 1.38700182
4642.9000 1.3228215
4642.9500 1.25864118
4643.0000 1.23531361
4643.0500 1.33115889
4643.1000 1.42700417
4643.1500 1.52284946
4643.2000 1.52233708
4643.2500 1.49897222
4643.3000 1.47560736
4643.3500 1.47377971
4643.4000 1.50980756
4643.4500 1.5458354
4643.5000 1.58186325
4643.5500 1.60406607
4643.6000 1.6250382
4643.6500 1.64601034
4643.7000 1.64268737
4643.7500 1.61253386
4643.8000 1.58238036
4643.8500 1.5523879
4643.9000 1.52704709
4643.9500 1.50170628
4644.0000 1.47636548
4644.0500 1.40730989
4644.1000 1.30825509
4644.1500 1.2092003
4644.2000 1.16843981
4644.2500 1.44812714
4644.3000 1.72781446
4644.3500 2.00750179
4644.4000 1.96538636
4644.4500 1.79569873
4644.5000 1.6260111
4644.5500 1.50333034
4644.6000 1.50175144
4644.6500 1.50017253
4644.7000 1.49859363
4644.7500 1.42671743
4644.8000 1.34189184
4644.8500 1.25706624
4644.9000 1.20943499
4644.9500 1.21519834
4645.0000 1.2209617
4645.0500 1.22672505
4645.1000 1.2216995
4645.1500 1.21643167
4645.2000 1.21116384
4645.2500 1.23341017
4645.3000 1.27846049
4645.3500 1.32351081
4645.4000 1.36383179
4645.4500 1.36842144
4645.5000 1.37301109
4645.5500 1.37760073
4645.6000 1.44029294
4645.6500 1.52929891
4645.7000 1.61830489
4645.7500 1.67984088
4645.8000 1.66359823
4645.8500 1.64735558
4645.9000 1.63111293
4645.9500 1.58333711
4646.0000 1.52933163
4646.0500 1.47532615
4646.1000 1.39247908
4646.1500 1.2681935
4646.2000 1.14390791
4646.2500 1.01962233
4646.3000 1.19217927
4646.3500 1.36863199
4646.4000 1.5450847
4646.4500 1.52453205
4646.5000 1.35232063
4646.5500 1.1801092
4646.6000 1.0490212
4646.6500 1.16173586
4646.7000 1.27445053
4646.7500 1.3871652
4646.8000 1.40712212
4646.8500 1.39188616
4646.9000 1.3766502
4646.9500 1.33166993
4647.0000 1.21951148
4647.0500 1.10735302
4647.1000 0.99519457
4647.1500 1.15325006
4647.2000 1.3446534
4647.2500 1.53605674
4647.3000 1.60045241
4647.3500 1.52431426
4647.4000 1.4481761
4647.4500 1.37159968
4647.5000 1.28823138
4647.5500 1.20486308
4647.6000 1.12149478
4647.6500 1.08615686
4647.7000 1.07692847
4647.7500 1.06770007
4647.8000 1.10190775
4647.8500 1.27644125
4647.9000 1.45097474
4647.9500 1.62550824
4648.0000 1.66478782
4648.0500 1.67562116
4648.1000 1.68645451
4648.1500 1.67688467
4648.2000 1.63883745
4648.2500 1.60079024
4648.3000 1.56259656
4648.3500 1.50976914
4648.4000 1.45694173
4648.4500 1.40411431
4648.5000 1.38753292
4648.5500 1.39474201
4648.6000 1.40195111
4648.6500 1.43918336
4648.7000 1.59735483
4648.7500 1.75552629
4648.8000 1.91369776
4648.8500 1.73290325
4648.9000 1.46488825
4648.9500 1.19687324
4649.0000 1.09628613
4649.0500 1.25414682
4649.1000 1.41200751
4649.1500 1.5698682
4649.2000 1.50784625
4649.2500 1.44410751
4649.3000 1.38036878
4649.3500 1.36310735
4649.4000 1.37778598
4649.4500 1.39246461
4649.5000 1.38980156
4649.5500 1.31529897
4649.6000 1.24079637
4649.6500 1.16629378
4649.7000 1.16284223
4649.7500 1.17742715
4649.8000 1.19201208
4649.8500 1.28679962
4649.9000 1.5009161
4649.9500 1.71503259
4650.0000 1.92645447
4650.0500 1.79027706
4650.1000 1.65409964
4650.1500 1.51792222
4650.2000 1.45677619
4650.2500 1.44264948
4650.3000 1.42852276
4650.3500 1.40419865
4650.4000 1.34437359
4650.4500 1.28454853
4650.5000 1.22472347
4650.5500 1.21735636
4650.6000 1.22051648
4650.6500 1.2236766
4650.7000 1.1502759
4650.7500 0.98096474
4650.8000 0.81165358
4650.8500 0.66917591
4650.9000 0.97669366
4650.9500 1.28421141
4651.0000 1.59172916
4651.0500 1.61368566
4651.1000 1.49497514
4651.1500 1.37626462
4651.2000 1.33377235
4651.2500 1.48249597
4651.3000 1.63121959
4651.3500 1.77994322
4651.4000 1.66258993
4651.4500 1.51611602
4651.5000 1.36964212
4651.5500 1.26990907
4651.6000 1.2134886
4651.6500 1.15706813
4651.7000 1.12060919
4651.7500 1.20878895
4651.8000 1.29696871
4651.8500 1.38514846
4651.9000 1.43106733
4651.9500 1.4635224
4652.0000 1.49597748
4652.0500 1.52413209
4652.1000 1.54527191
4652.1500 1.56641172
4652.2000 1.58703496
4652.2500 1.43930829
4652.3000 1.29158162
4652.3500 1.14385495
4652.4000 1.19679079
4652.4500 1.36890082
4652.5000 1.54101085
4652.5500 1.68987848
4652.6000 1.77014048
4652.6500 1.85040249
4652.7000 1.9306645
4652.7500 1.79367321
4652.8000 1.62706949
4652.8500 1.46046576
4652.9000 1.45351767
4652.9500 1.60096699
4653.0000 1.74841631
4653.0500 1.85030925
4653.1000 1.66770848
4653.1500 1.48510771
4653.2000 1.30250694
4653.2500 1.11114865
4653.3000 0.91715995
4653.3500 0.72317125
4653.4000 0.71472307
4653.4500 0.98303649
4653.5000 1.25134991
4653.5500 1.50443357
4653.6000 1.33755797
4653.6500 1.17068238
4653.7000 1.00380678
4653.7500 1.02942595
4653.8000 1.14986262
4653.8500 1.2702993
4653.9000 1.3432949
4653.9500 1.30885079
4654.0000 1.27440667
4654.0500 1.23996256
4654.1000 1.39016325
4654.1500 1.55132495
4654.2000 1.71248665
4654.2500 1.79928304
4654.3000 1.83287865
4654.3500 1.86647426
4654.4000 1.8538164
4654.4500 1.6802587
4654.5000 1.506701
4654.5500 1.33314331
4654.6000 1.30076979
4654.6500 1.29044156
4654.7000 1.28011333
4654.7500 1.18808679
4654.8000 1.01691615
4654.8500 0.84574551
4654.9000 0.67764253
4654.9500 0.52661757
4655.0000 0.37559262
4655.0500 0.22456767
4655.1000 0.40378661
4655.1500 0.6666307
4655.2000 0.92947478
4655.2500 1.1400109
4655.3000 1.28529562
4655.3500 1.43058035
4655.4000 1.57408581
4655.4500 1.70029876
4655.5000 1.82651172
4655.5500 1.95272467
4655.6000 1.84084105
4655.6500 1.64658977
4655.7000 1.45233849
4655.7500 1.35299781
4655.8000 1.39964074
4655.8500 1.44628367
4655.9000 1.49096038
4655.9500 1.49518221
4656.0000 1.49940404
4656.0500 1.50362586
4656.1000 1.30725967
4656.1500 1.02494589
4656.2000 0.74263212
4656.2500 0.60998278
4656.3000 0.74916346
4656.3500 0.88834413
4656.4000 1.02765175
4656.4500 1.17791503
4656.5000 1.32817831
4656.5500 1.47844159
4656.6000 1.48827697
4656.6500 1.42868585
4656.7000 1.36909473
4656.7500 1.29969481
4656.8000 1.21021903
4656.8500 1.12074324
4656.9000 1.03126746
4656.9500 0.97641069
4657.0000 0.92195255
4657.0500 0.8674944
4657.1000 0.96206919
4657.1500 1.13676858
4657.2000 1.31146797
4657.2500 0
4657.3000 0
4657.3500 0
4657.4000 0
