5969.0500 1.8931637
5969.1000 1.89279326
5969.1500 1.89242283
5969.2000 1.89235061
5969.2500 1.8923488
5969.3000 1.892347
5969.3500 1.8923452
5969.4000 1.8923434
5969.4500 1.89294112
5969.5000 1.8975092
5969.5500 1.90207727
5969.6000 1.90664535
5969.6500 1.91121342
5969.7000 1.91578149
5969.7500 1.91548227
5969.8000 1.90935092
5969.8500 1.90321957
5969.9000 1.89708822
5969.9500 1.89095688
5970.0000 1.88482553
5970.0500 1.896729
5970.1000 1.91371542
5970.1500 1.93070184
5970.2000 1.94768825
5970.2500 1.96467467
5970.3000 1.97795883
5970.3500 1.96029269
5970.4000 1.94262655
5970.4500 1.92496041
5970.5000 1.90729427
5970.5500 1.88962813
5970.6000 1.88171638
5970.6500 1.88647176
5970.7000 1.89122714
5970.7500 1.89598252
5970.8000 1.9007379
5970.8500 1.90549328
5970.9000 1.90142899
5970.9500 1.89465159
5971.0000 1.8878742
5971.0500 1.8810968
5971.1000 1.8743194
5971.1500 1.86909866
5971.2000 1.8785455
5971.2500 1.88799235
5971.3000 1.89743919
5971.3500 1.90688604
5971.4000 1.91633288
5971.4500 1.92000406
5971.5000 1.91597652
5971.5500 1.91194899
5971.6000 1.90792145
5971.6500 1.90389391
5971.7000 1.89986638
5971.7500 1.90912347
5971.8000 1.9225108
5971.8500 1.93589814
5971.9000 1.94928547
5971.9500 1.96267281
5972.0000 1.97492555
5972.0500 1.97679658
5972.1000 1.97866761
5972.1500 1.98053864
5972.2000 1.98240967
5972.2500 1.9842807
5972.3000 1.98810903
5972.3500 1.99447232
5972.4000 2.00083561
5972.4500 2.00719889
5972.5000 2.01356218
5972.5500 2.01992547
5972.6000 2.0187651
5972.6500 2.0154128
5972.7000 2.01206049
5972.7500 2.00870819
5972.8000 2.00535589
5972.8500 2.00092617
5972.9000 1.98816997
5972.9500 1.97541378
5973.0000 1.96265758
5973.0500 1.94990138
5973.1000 1.93714518
5973.1500 1.92970363
5973.2000 1.92859594
5973.2500 1.92748826
5973.3000 1.92638057
5973.3500 1.92527289
5973.4000 1.9241652
5973.4500 1.93372395
5973.5000 1.94595883
5973.5500 1.95819372
5973.6000 1.9704286
5973.6500 1.98266348
5973.7000 1.99183306
5973.7500 1.98279675
5973.8000 1.97376044
5973.8500 1.96472414
5973.9000 1.95568783
5973.9500 1.94665152
5974.0000 1.93419548
5974.0500 1.91818414
5974.1000 1.9021728
5974.1500 1.88616146
5974.2000 1.87015013
5974.2500 1.85413879
5974.3000 1.86068961
5974.3500 1.87160342
5974.4000 1.88251724
5974.4500 1.89343105
5974.5000 1.90434486
5974.5500 1.91175274
5974.6000 1.90393181
5974.6500 1.89611088
5974.7000 1.88828994
5974.7500 1.88046901
5974.8000 1.87264807
5974.8500 1.8720577
5974.9000 1.87768119
5974.9500 1.88330468
5975.0000 1.88892817
5975.0500 1.89455166
5975.1000 1.90017515
5975.1500 1.89613553
5975.2000 1.89090145
5975.2500 1.88566737
5975.3000 1.88043329
5975.3500 1.87519921
5975.4000 1.87442222
5975.4500 1.88747993
5975.5000 1.90053765
5975.5500 1.91359536
5975.6000 1.92665308
5975.6500 1.93971079
5975.7000 1.93674969
5975.7500 1.92305789
5975.8000 1.90936609
5975.8500 1.89567429
5975.9000 1.88198249
5975.9500 1.86829069
5976.0000 1.86979354
5976.0500 1.87200361
5976.1000 1.87421368
5976.1500 1.87642375
5976.2000 1.87863381
5976.2500 1.8769404
5976.3000 1.86670745
5976.3500 1.85647451
5976.4000 1.84624156
5976.4500 1.83600861
5976.5000 1.82577566
5976.5500 1.81968566
5976.6000 1.81560505
5976.6500 1.81152444
5976.7000 1.80744383
5976.7500 1.80336322
5976.8000 1.79958654
5976.8500 1.804295
5976.9000 1.80900345
5976.9500 1.81371191
5977.0000 1.81842037
5977.0500 1.82312882
5977.1000 1.82363684
5977.1500 1.81777206
5977.2000 1.81190728
5977.2500 1.8060425
5977.3000 1.80017772
5977.3500 1.79431294
5977.4000 1.79922809
5977.4500 1.80752015
5977.5000 1.81581221
5977.5500 1.82410426
5977.6000 1.83239632
5977.6500 1.83940386
5977.7000 1.83759446
5977.7500 1.83578506
5977.8000 1.83397566
5977.8500 1.83216626
5977.9000 1.83035686
5977.9500 1.82670905
5978.0000 1.82118092
5978.0500 1.81565278
5978.1000 1.81012465
5978.1500 1.80459651
5978.2000 1.79906838
5978.2500 1.81652709
5978.3000 1.83763286
5978.3500 1.85873862
5978.4000 1.87984438
5978.4500 1.90095015
5978.5000 1.91417774
5978.5500 1.90151177
5978.6000 1.8888458
5978.6500 1.87617983
5978.7000 1.86351386
5978.7500 1.85084789
5978.8000 1.84629801
5978.8500 1.84704726
5978.9000 1.84779651
5978.9500 1.84854576
5979.0000 1.84929501
5979.0500 1.85004426
5979.1000 1.8465562
5979.1500 1.84297375
5979.2000 1.83939131
5979.2500 1.83580886
5979.3000 1.83222642
5979.3500 1.83127609
5979.4000 1.83515142
5979.4500 1.83902676
5979.5000 1.84290209
5979.5500 1.84677743
5979.6000 1.85065276
5979.6500 1.85294183
5979.7000 1.85464172
5979.7500 1.85634161
5979.8000 1.8580415
5979.8500 1.85974139
5979.9000 1.85993531
5979.9500 1.84754806
5980.0000 1.8351608
5980.0500 1.82277354
5980.1000 1.81038628
5980.1500 1.79799902
5980.2000 1.79050897
5980.2500 1.78819524
5980.3000 1.78588151
5980.3500 1.78356777
5980.4000 1.78125404
5980.4500 1.77894031
5980.5000 1.78515842
5980.5500 1.79268651
5980.6000 1.80021461
5980.6500 1.8077427
5980.7000 1.8152708
5980.7500 1.8204899
5980.8000 1.81875063
5980.8500 1.81701136
5980.9000 1.81527209
5980.9500 1.81353282
5981.0000 1.81179355
5981.0500 1.81758997
5981.1000 1.82775696
5981.1500 1.83792395
5981.2000 1.84809093
5981.2500 1.85825792
5981.3000 1.86813123
5981.3500 1.86215367
5981.4000 1.85617611
5981.4500 1.85019855
5981.5000 1.84422099
5981.5500 1.83824344
5981.6000 1.83662084
5981.6500 1.84139705
5981.7000 1.84617326
5981.7500 1.85094947
5981.8000 1.85572568
5981.8500 1.86050189
5981.9000 1.86373845
5981.9500 1.86657373
5982.0000 1.86940902
5982.0500 1.87224431
5982.1000 1.8750796
5982.1500 1.8759594
5982.2000 1.86811227
5982.2500 1.86026514
5982.3000 1.85241802
5982.3500 1.84457089
5982.4000 1.83672376
5982.4500 1.83172776
5982.5000 1.8288446
5982.5500 1.82596143
5982.6000 1.82307827
5982.6500 1.82019511
5982.7000 1.81731195
5982.7500 1.82348434
5982.8000 1.82996403
5982.8500 1.83644372
5982.9000 1.84292341
5982.9500 1.84940309
5983.0000 1.85131075
5983.0500 1.84514321
5983.1000 1.83897567
5983.1500 1.83280813
5983.2000 1.82664059
5983.2500 1.82047306
5983.3000 1.82586286
5983.3500 1.83495576
5983.4000 1.84404865
5983.4500 1.85314154
5983.5000 1.86223443
5983.5500 1.86902761
5983.6000 1.86325358
5983.6500 1.85747955
5983.7000 1.85170551
5983.7500 1.84593148
5983.8000 1.84015745
5983.8500 1.84306237
5983.9000 1.85296726
5983.9500 1.86287215
5984.0000 1.87277703
5984.0500 1.88268192
5984.1000 1.89258681
5984.1500 1.88390856
5984.2000 1.87433244
5984.2500 1.86475632
5984.3000 1.85518021
5984.3500 1.84560409
5984.4000 1.83665245
5984.4500 1.82883151
5984.5000 1.82101058
5984.5500 1.81318964
5984.6000 1.80536871
5984.6500 1.79754777
5984.7000 1.80075532
5984.7500 1.80746123
5984.8000 1.81416713
5984.8500 1.82087303
5984.9000 1.82757894
5984.9500 1.8326775
5985.0000 1.82958745
5985.0500 1.82649739
5985.1000 1.82340734
5985.1500 1.82031729
5985.2000 1.81722724
5985.2500 1.81520314
5985.3000 1.81398154
5985.3500 1.81275994
5985.4000 1.81153835
5985.4500 1.81031675
5985.5000 1.80909515
5985.5500 1.81435901
5985.6000 1.81976589
5985.6500 1.82517277
5985.7000 1.83057964
5985.7500 1.83598652
5985.8000 1.83737425
5985.8500 1.8324189
5985.9000 1.82746355
5985.9500 1.8225082
5986.0000 1.81755285
5986.0500 1.8125975
5986.1000 1.81896963
5986.1500 1.82819459
5986.2000 1.83741954
5986.2500 1.8466445
5986.3000 1.85586946
5986.3500 1.86144894
5986.4000 1.85342004
5986.4500 1.84539114
5986.5000 1.83736225
5986.5500 1.82933335
5986.6000 1.82130446
5986.6500 1.81809953
5986.7000 1.81778571
5986.7500 1.81747188
5986.8000 1.81715806
5986.8500 1.81684423
5986.9000 1.81671548
5986.9500 1.82094216
5987.0000 1.82516884
5987.0500 1.82939553
5987.1000 1.83362221
5987.1500 1.83784889
5987.2000 1.8385472
5987.2500 1.83506616
5987.3000 1.83158512
5987.3500 1.82810408
5987.4000 1.82462304
5987.4500 1.82114199
5987.5000 1.82351018
5987.5500 1.82670409
5987.6000 1.829898
5987.6500 1.8330919
5987.7000 1.83628581
5987.7500 1.83822818
5987.8000 1.8371987
5987.8500 1.83616921
5987.9000 1.83513973
5987.9500 1.83411024
5988.0000 1.83308076
5988.0500 1.82561298
5988.1000 1.81561515
5988.1500 1.80561731
5988.2000 1.79561947
5988.2500 1.78562164
5988.3000 1.77707327
5988.3500 1.77735818
5988.4000 1.77764308
5988.4500 1.77792798
5988.5000 1.77821288
5988.5500 1.77849778
5988.6000 1.77467561
5988.6500 1.7676984
5988.7000 1.76072118
5988.7500 1.75374397
5988.8000 1.74676676
5988.8500 1.73978955
5988.9000 1.74429699
5988.9500 1.7489011
5989.0000 1.75350522
5989.0500 1.75810933
5989.1000 1.76271344
5989.1500 1.76575636
5989.2000 1.76663689
5989.2500 1.76751743
5989.3000 1.76839796
5989.3500 1.76927849
5989.4000 1.77015903
5989.4500 1.77240264
5989.5000 1.7748898
5989.5500 1.77737696
5989.6000 1.77986412
5989.6500 1.78235129
5989.7000 1.78358919
5989.7500 1.7815998
5989.8000 1.77961041
5989.8500 1.77762102
5989.9000 1.77563162
5989.9500 1.77364223
5990.0000 1.76691766
5990.0500 1.75827062
5990.1000 1.74962358
5990.1500 1.74097654
5990.2000 1.73232949
5990.2500 1.72412939
5990.3000 1.71856617
5990.3500 1.71300296
5990.4000 1.70743974
5990.4500 1.70187653
5990.5000 1.69631331
5990.5500 1.69649147
5990.6000 1.70082479
5990.6500 1.70515812
5990.7000 1.70949145
5990.7500 1.71382477
5990.8000 1.71813137
5990.8500 1.72088
5990.9000 1.72362863
5990.9500 1.72637727
5991.0000 1.7291259
5991.0500 1.73187453
5991.1000 1.73605213
5991.1500 1.74194055
5991.2000 1.74782897
5991.2500 1.7537174
5991.3000 1.75960582
5991.3500 1.76549425
5991.4000 1.76728964
5991.4500 1.76860423
5991.5000 1.76991882
5991.5500 1.77123342
5991.6000 1.77254801
5991.6500 1.7717219
5991.7000 1.76666853
5991.7500 1.76161516
5991.8000 1.75656179
5991.8500 1.75150842
5991.9000 1.74645505
5991.9500 1.75195903
5992.0000 1.76045856
5992.0500 1.76895808
5992.1000 1.77745761
5992.1500 1.78595713
5992.2000 1.79208508
5992.2500 1.78996403
5992.3000 1.78784298
5992.3500 1.78572193
5992.4000 1.78360089
5992.4500 1.78147984
5992.5000 1.77759879
5992.5500 1.77284752
5992.6000 1.76809626
5992.6500 1.76334499
5992.7000 1.75859372
5992.7500 1.75440296
5992.8000 1.75446222
5992.8500 1.75452148
5992.9000 1.75458074
5992.9500 1.75464
5993.0000 1.75469926
5993.0500 1.75996149
5993.1000 1.76922293
5993.1500 1.77848438
5993.2000 1.78774582
5993.2500 1.79700727
5993.3000 1.80607339
5993.3500 1.80298664
5993.4000 1.79989988
5993.4500 1.79681313
5993.5000 1.79372637
5993.5500 1.79063962
5993.6000 1.78686683
5993.6500 1.78231342
5993.7000 1.77776001
5993.7500 1.7732066
5993.8000 1.76865319
5993.8500 1.76409978
5993.9000 1.76402512
5993.9500 1.76433354
5994.0000 1.76464197
5994.0500 1.76495039
5994.1000 1.76525881
5994.1500 1.76188485
5994.2000 1.75240454
5994.2500 1.74292423
5994.3000 1.73344392
5994.3500 1.7239636
5994.4000 1.71448329
5994.4500 1.72031256
5994.5000 1.72921802
5994.5500 1.73812348
5994.6000 1.74702894
5994.6500 1.7559344
5994.7000 1.76323264
5994.7500 1.76660948
5994.8000 1.76998633
5994.8500 1.77336318
5994.9000 1.77674003
5994.9500 1.78011688
5995.0000 1.77689371
5995.0500 1.77147357
5995.1000 1.76605342
5995.1500 1.76063328
5995.2000 1.75521314
5995.2500 1.75134849
5995.3000 1.75328883
5995.3500 1.75522917
5995.4000 1.75716951
5995.4500 1.75910985
5995.5000 1.76105019
5995.5500 1.7621914
5995.6000 1.76294597
5995.6500 1.76370054
5995.7000 1.76445511
5995.7500 1.76520968
5995.8000 1.766193
5995.8500 1.76860463
5995.9000 1.77101626
5995.9500 1.77342788
5996.0000 1.77583951
5996.0500 1.77825113
5996.1000 1.78149428
5996.1500 1.7852833
5996.2000 1.78907231
5996.2500 1.79286133
5996.3000 1.79665034
5996.3500 1.80000892
5996.4000 1.79772379
5996.4500 1.79543866
5996.5000 1.79315353
5996.5500 1.7908684
5996.6000 1.78858327
5996.6500 1.786204
5996.7000 1.7837444
5996.7500 1.7812848
5996.8000 1.7788252
5996.8500 1.77636561
5996.9000 1.77385831
5996.9500 1.76652278
5997.0000 1.75918726
5997.0500 1.75185174
5997.1000 1.74451622
5997.1500 1.73718069
5997.2000 1.73286269
5997.2500 1.73179368
5997.3000 1.73072467
5997.3500 1.72965566
5997.4000 1.72858664
5997.4500 1.72751763
5997.5000 1.72573604
5997.5500 1.72392071
5997.6000 1.72210538
5997.6500 1.72029005
5997.7000 1.71847473
5997.7500 1.72312882
5997.8000 1.73637239
5997.8500 1.74961597
5997.9000 1.76285955
5997.9500 1.77610312
5998.0000 1.7893467
5998.0500 1.78746644
5998.1000 1.78401585
5998.1500 1.78056527
5998.2000 1.77711469
5998.2500 1.77366411
5998.3000 1.77284403
5998.3500 1.77624742
5998.4000 1.77965081
5998.4500 1.7830542
5998.5000 1.78645759
5998.5500 1.78986098
5998.6000 1.78685812
5998.6500 1.7828398
5998.7000 1.77882147
5998.7500 1.77480315
5998.8000 1.77078482
5998.8500 1.76688944
5998.9000 1.76322839
5998.9500 1.75956735
5999.0000 1.75590631
5999.0500 1.75224527
5999.1000 1.74858423
5999.1500 1.74658066
5999.2000 1.74492495
5999.2500 1.74326924
5999.3000 1.74161353
5999.3500 1.73995782
5999.4000 1.74018553
5999.4500 1.74459561
5999.5000 1.7490057
5999.5500 1.75341579
5999.6000 1.75782587
5999.6500 1.76223596
5999.7000 1.75729648
5999.7500 1.74996082
5999.8000 1.74262516
5999.8500 1.7352895
5999.9000 1.72795384
5999.9500 1.72684595
6000.0000 1.74151466
6000.0500 1.75618337
6000.1000 1.77085207
6000.1500 1.78552078
6000.2000 1.80018949
6000.2500 1.79952133
6000.3000 1.79431286
6000.3500 1.78910439
6000.4000 1.78389592
6000.4500 1.77868744
6000.5000 1.77170156
6000.5500 1.7597005
6000.6000 1.74769944
6000.6500 1.73569837
6000.7000 1.72369731
6000.7500 1.71169625
6000.8000 1.71123169
6000.8500 1.71454551
6000.9000 1.71785933
6000.9500 1.72117315
6001.0000 1.72448698
6001.0500 1.72735142
6001.1000 1.72884174
6001.1500 1.73033207
6001.2000 1.73182239
6001.2500 1.73331271
6001.3000 1.73480303
6001.3500 1.73608945
6001.4000 1.73730466
6001.4500 1.73851986
6001.5000 1.73973506
6001.5500 1.74095026
6001.6000 1.74070199
6001.6500 1.73575066
6001.7000 1.73079934
6001.7500 1.72584801
6001.8000 1.72089668
6001.8500 1.71594536
6001.9000 1.70962401
6001.9500 1.70280887
6002.0000 1.69599374
6002.0500 1.68917861
6002.1000 1.68236347
6002.1500 1.67857975
6002.2000 1.68470044
6002.2500 1.69082114
6002.3000 1.69694184
6002.3500 1.70306253
6002.4000 1.70918323
6002.4500 1.71148241
6002.5000 1.71240482
6002.5500 1.71332723
6002.6000 1.71424964
6002.6500 1.71517205
6002.7000 1.71620231
6002.7500 1.71757885
6002.8000 1.71895539
6002.8500 1.72033193
6002.9000 1.72170847
6002.9500 1.72308501
6003.0000 1.72411712
6003.0500 1.72502907
6003.1000 1.72594102
6003.1500 1.72685297
6003.2000 1.72776491
6003.2500 1.72900438
6003.3000 1.73124356
6003.3500 1.73348275
6003.4000 1.73572193
6003.4500 1.73796111
6003.5000 1.7402003
6003.5500 1.74047337
6003.6000 1.74010394
6003.6500 1.73973452
6003.7000 1.7393651
6003.7500 1.73899568
6003.8000 1.73717691
6003.8500 1.73127938
6003.9000 1.72538184
6003.9500 1.7194843
6004.0000 1.71358676
6004.0500 1.70768923
6004.1000 1.70523222
6004.1500 1.70379026
6004.2000 1.70234831
6004.2500 1.70090636
6004.3000 1.6994644
6004.3500 1.70044462
6004.4000 1.70753972
6004.4500 1.71463481
6004.5000 1.7217299
6004.5500 1.728825
6004.6000 1.73592009
6004.6500 1.73610271
6004.7000 1.73452252
6004.7500 1.73294234
6004.8000 1.73136215
6004.8500 1.72978197
6004.9000 1.72871156
6004.9500 1.72876835
6005.0000 1.72882514
6005.0500 1.72888193
6005.1000 1.72893872
6005.1500 1.72899551
6005.2000 1.73016389
6005.2500 1.73156389
6005.3000 1.7329639
6005.3500 1.7343639
6005.4000 1.73576391
6005.4500 1.73544071
6005.5000 1.73184945
6005.5500 1.72825819
6005.6000 1.72466693
6005.6500 1.72107567
6005.7000 1.71748441
6005.7500 1.7163062
6005.8000 1.71550634
6005.8500 1.71470648
6005.9000 1.71390662
6005.9500 1.71310676
6006.0000 1.71024907
6006.0500 1.70410722
6006.1000 1.69796537
6006.1500 1.69182353
6006.2000 1.68568168
6006.2500 1.67953983
6006.3000 1.68170697
6006.3500 1.68472093
6006.4000 1.68773489
6006.4500 1.69074885
6006.5000 1.69376281
6006.5500 1.69450677
6006.6000 1.69225805
6006.6500 1.69000932
6006.7000 1.6877606
6006.7500 1.68551188
6006.8000 1.68326315
6006.8500 1.68414105
6006.9000 1.68516044
6006.9500 1.68617982
6007.0000 1.68719921
6007.0500 1.6882186
6007.1000 1.69085355
6007.1500 1.69521355
6007.2000 1.69957356
6007.2500 1.70393357
6007.3000 1.70829358
6007.3500 1.71252539
6007.4000 1.7062491
6007.4500 1.69997281
6007.5000 1.69369652
6007.5500 1.68742023
6007.6000 1.68114393
6007.6500 1.68105887
6007.7000 1.6862048
6007.7500 1.69135073
6007.8000 1.69649667
6007.8500 1.7016426
6007.9000 1.70641339
6007.9500 1.70645897
6008.0000 1.70650455
6008.0500 1.70655014
6008.1000 1.70659572
6008.1500 1.70664131
6008.2000 1.70644348
6008.2500 1.70608779
6008.3000 1.7057321
6008.3500 1.70537641
6008.4000 1.70502072
6008.4500 1.70489771
6008.5000 1.70618977
6008.5500 1.70748184
6008.6000 1.7087739
6008.6500 1.71006596
6008.7000 1.71135802
6008.7500 1.7103545
6008.8000 1.70825748
6008.8500 1.70616045
6008.9000 1.70406343
6008.9500 1.70196641
6009.0000 1.70020956
6009.0500 1.69969456
6009.1000 1.69917957
6009.1500 1.69866457
6009.2000 1.69814957
6009.2500 1.69763458
6009.3000 1.69491494
6009.3500 1.69147695
6009.4000 1.68803896
6009.4500 1.68460098
6009.5000 1.68116299
6009.5500 1.68175064
6009.6000 1.69195883
6009.6500 1.70216702
6009.7000 1.71237521
6009.7500 1.7225834
6009.8000 1.73279159
6009.8500 1.73137439
6009.9000 1.72769821
6009.9500 1.72402202
6010.0000 1.72034584
6010.0500 1.71666965
6010.1000 1.71468351
6010.1500 1.71544149
6010.2000 1.71619947
6010.2500 1.71695745
6010.3000 1.71771543
6010.3500 1.71847342
6010.4000 1.72065537
6010.4500 1.72295026
6010.5000 1.72524514
6010.5500 1.72754003
6010.6000 1.72983491
6010.6500 1.7299262
6010.7000 1.7275667
6010.7500 1.7252072
6010.8000 1.7228477
6010.8500 1.7204882
6010.9000 1.71814053
6010.9500 1.71632083
6011.0000 1.71450113
6011.0500 1.71268143
6011.1000 1.71086173
6011.1500 1.70904203
6011.2000 1.70787026
6011.2500 1.70718345
6011.3000 1.70649665
6011.3500 1.70580985
6011.4000 1.70512304
6011.4500 1.70496138
6011.5000 1.70852762
6011.5500 1.71209386
6011.6000 1.7156601
6011.6500 1.71922634
6011.7000 1.72279258
6011.7500 1.72359371
6011.8000 1.72307298
6011.8500 1.72255225
6011.9000 1.72203153
6011.9500 1.7215108
6012.0000 1.72057195
6012.0500 1.71824278
6012.1000 1.71591362
6012.1500 1.71358445
6012.2000 1.71125528
6012.2500 1.70892612
6012.3000 1.71287618
6012.3500 1.71852175
6012.4000 1.72416732
6012.4500 1.72981289
6012.5000 1.73545846
6012.5500 1.73878712
6012.6000 1.73771928
6012.6500 1.73665143
6012.7000 1.73558358
6012.7500 1.73451573
6012.8000 1.73344788
6012.8500 1.72725894
6012.9000 1.7205286
6012.9500 1.71379825
6013.0000 1.7070679
6013.0500 1.70033756
6013.1000 1.69967947
6013.1500 1.70600207
6013.2000 1.71232466
6013.2500 1.71864726
6013.3000 1.72496985
6013.3500 1.73114051
6013.4000 1.73195085
6013.4500 1.73276119
6013.5000 1.73357153
6013.5500 1.73438186
6013.6000 1.7351922
6013.6500 1.73460636
6013.7000 1.73305616
6013.7500 1.73150597
6013.8000 1.72995577
6013.8500 1.72840558
6013.9000 1.72697206
6013.9500 1.72616537
6014.0000 1.72535868
6014.0500 1.724552
6014.1000 1.72374531
6014.1500 1.72293862
6014.2000 1.71573809
6014.2500 1.70609915
6014.3000 1.6964602
6014.3500 1.68682125
6014.4000 1.67718231
6014.4500 1.66856068
6014.5000 1.66240017
6014.5500 1.65623967
6014.6000 1.65007916
6014.6500 1.64391865
6014.7000 1.63775815
6014.7500 1.64098269
6014.8000 1.64570271
6014.8500 1.65042273
6014.9000 1.65514276
6014.9500 1.65986278
6015.0000 1.6636051
6015.0500 1.66607336
6015.1000 1.66854161
6015.1500 1.67100987
6015.2000 1.67347812
6015.2500 1.67588951
6015.3000 1.67065067
6015.3500 1.66541182
6015.4000 1.66017297
6015.4500 1.65493413
6015.5000 1.64969528
6015.5500 1.64568698
6015.6000 1.64256207
6015.6500 1.63943716
6015.7000 1.63631225
6015.7500 1.63318734
6015.8000 1.63224344
6015.8500 1.64288825
6015.9000 1.65353306
6015.9500 1.66417787
6016.0000 1.67482268
6016.0500 1.68546748
6016.1000 1.68427762
6016.1500 1.67884753
6016.2000 1.67341745
6016.2500 1.66798737
6016.3000 1.66255729
6016.3500 1.66078594
6016.4000 1.66694884
6016.4500 1.67311173
6016.5000 1.67927462
6016.5500 1.68543752
6016.6000 1.69160041
6016.6500 1.69783672
6016.7000 1.7040815
6016.7500 1.71032628
6016.8000 1.71657106
6016.8500 1.72281585
6016.9000 1.72502015
6016.9500 1.72282973
6017.0000 1.72063931
6017.0500 1.7184489
6017.1000 1.71625848
6017.1500 1.71357205
6017.2000 1.70351191
6017.2500 1.69345176
6017.3000 1.68339162
6017.3500 1.67333148
6017.4000 1.66327134
6017.4500 1.66518779
6017.5000 1.67359286
6017.5500 1.68199792
6017.6000 1.69040298
6017.6500 1.69880804
6017.7000 1.70528704
6017.7500 1.70552142
6017.8000 1.7057558
6017.8500 1.70599018
6017.9000 1.70622456
6017.9500 1.70645894
6018.0000 1.70618704
6018.0500 1.7058073
6018.1000 1.70542756
6018.1500 1.70504782
6018.2000 1.70466808
6018.2500 1.70427125
6018.3000 1.7038503
6018.3500 1.70342935
6018.4000 1.7030084
6018.4500 1.70258745
6018.5000 1.70217065
6018.5500 1.70239772
6018.6000 1.70262478
6018.6500 1.70285185
6018.7000 1.70307891
6018.7500 1.70330598
6018.8000 1.70032628
6018.8500 1.69520644
6018.9000 1.6900866
6018.9500 1.68496675
6019.0000 1.67984691
6019.0500 1.67676095
6019.1000 1.6820915
6019.1500 1.68742204
6019.2000 1.69275259
6019.2500 1.69808314
6019.3000 1.70341369
6019.3500 1.7037075
6019.4000 1.70267095
6019.4500 1.7016344
6019.5000 1.70059785
6019.5500 1.6995613
6019.6000 1.7015925
6019.6500 1.70844133
6019.7000 1.71529017
6019.7500 1.722139
6019.8000 1.72898784
6019.8500 1.73583667
6019.9000 1.73265332
6019.9500 1.72935409
6020.0000 1.72605487
6020.0500 1.72275564
6020.1000 1.71945641
6020.1500 1.71475846
6020.2000 1.7090872
6020.2500 1.70341593
6020.3000 1.69774467
6020.3500 1.69207341
6020.4000 1.68694306
6020.4500 1.68408439
6020.5000 1.68122573
6020.5500 1.67836706
6020.6000 1.67550839
6020.6500 1.67264972
6020.7000 1.67291427
6020.7500 1.67397669
6020.8000 1.67503911
6020.8500 1.67610153
6020.9000 1.67716395
6020.9500 1.68016126
6021.0000 1.68603358
6021.0500 1.6919059
6021.1000 1.69777822
6021.1500 1.70365054
6021.2000 1.7094162
6021.2500 1.70415373
6021.3000 1.69889125
6021.3500 1.69362878
6021.4000 1.6883663
6021.4500 1.68310383
6021.5000 1.68456547
6021.5500 1.69017568
6021.6000 1.69578589
6021.6500 1.7013961
6021.7000 1.70700631
6021.7500 1.71073709
6021.8000 1.70813512
6021.8500 1.70553314
6021.9000 1.70293117
6021.9500 1.70032919
6022.0000 1.69772722
6022.0500 1.69451432
6022.1000 1.69118577
6022.1500 1.68785722
6022.2000 1.68452866
6022.2500 1.68120011
6022.3000 1.68009427
6022.3500 1.68165767
6022.4000 1.68322107
6022.4500 1.68478447
6022.5000 1.68634787
6022.5500 1.68783757
6022.6000 1.68833966
6022.6500 1.68884175
6022.7000 1.68934384
6022.7500 1.68984593
6022.8000 1.69034802
6022.8500 1.69270667
6022.9000 1.69591478
6022.9500 1.6991229
6023.0000 1.70233102
6023.0500 1.70553913
6023.1000 1.70839001
6023.1500 1.71042406
6023.2000 1.71245811
6023.2500 1.71449216
6023.3000 1.71652621
6023.3500 1.71856026
6023.4000 1.71631976
6023.4500 1.71372784
6023.5000 1.71113593
6023.5500 1.70854402
6023.6000 1.7059521
6023.6500 1.70155649
6023.7000 1.69565713
6023.7500 1.68975777
6023.8000 1.68385841
6023.8500 1.67795905
6023.9000 1.67348707
6023.9500 1.67607323
6024.0000 1.67865939
6024.0500 1.68124555
6024.1000 1.6838317
6024.1500 1.68641786
6024.2000 1.68756084
6024.2500 1.68832629
6024.3000 1.68909173
6024.3500 1.68985717
6024.4000 1.69062262
6024.4500 1.6922761
6024.5000 1.69516287
6024.5500 1.69804964
6024.6000 1.70093641
6024.6500 1.70382318
6024.7000 1.70633176
6024.7500 1.70102713
6024.8000 1.6957225
6024.8500 1.69041787
6024.9000 1.68511324
6024.9500 1.67980862
6025.0000 1.68340304
6025.0500 1.69127689
6025.1000 1.69915075
6025.1500 1.7070246
6025.2000 1.71489845
6025.2500 1.71944027
6025.3000 1.71642271
6025.3500 1.71340516
6025.4000 1.71038761
6025.4500 1.70737005
6025.5000 1.7043525
6025.5500 1.70151978
6025.6000 1.69869925
6025.6500 1.69587871
6025.7000 1.69305818
6025.7500 1.69023765
6025.8000 1.68758723
6025.8500 1.68506414
6025.9000 1.68254106
6025.9500 1.68001797
6026.0000 1.67749488
6026.0500 1.67681743
6026.1000 1.68319865
6026.1500 1.68957987
6026.2000 1.69596109
6026.2500 1.70234232
6026.3000 1.70872354
6026.3500 1.71009742
6026.4000 1.71054701
6026.4500 1.71099659
6026.5000 1.71144618
6026.5500 1.71189576
6026.6000 1.71543197
6026.6500 1.72227687
6026.7000 1.72912178
6026.7500 1.73596668
6026.8000 1.74281159
6026.8500 1.74745579
6026.9000 1.7363591
6026.9500 1.72526241
6027.0000 1.71416572
6027.0500 1.70306903
6027.1000 1.69197234
6027.1500 1.69489235
6027.2000 1.70213628
6027.2500 1.70938021
6027.3000 1.71662414
6027.3500 1.72386807
6027.4000 1.72567573
6027.4500 1.7195755
6027.5000 1.71347527
6027.5500 1.70737504
6027.6000 1.70127481
6027.6500 1.69554991
6027.7000 1.69665431
6027.7500 1.69775871
6027.8000 1.69886311
6027.8500 1.69996751
6027.9000 1.70107191
6027.9500 1.70156874
6028.0000 1.70180316
6028.0500 1.70203757
6028.1000 1.70227199
6028.1500 1.7025064
6028.2000 1.70240885
6028.2500 1.70168438
6028.3000 1.70095991
6028.3500 1.70023544
6028.4000 1.69951097
6028.4500 1.69878649
6028.5000 1.70150312
6028.5500 1.70423498
6028.6000 1.70696683
6028.6500 1.70969869
6028.7000 1.71243054
6028.7500 1.71544078
6028.8000 1.71860318
6028.8500 1.72176559
6028.9000 1.724928
6028.9500 1.72809041
6029.0000 1.72841009
6029.0500 1.72206747
6029.1000 1.71572484
6029.1500 1.70938222
6029.2000 1.70303959
6029.2500 1.69669697
6029.3000 1.7052666
6029.3500 1.71456901
6029.4000 1.72387141
6029.4500 1.73317381
6029.5000 1.74247622
6029.5500 1.74805406
6029.6000 1.75123872
6029.6500 1.75442338
6029.7000 1.75760804
6029.7500 1.7607927
6029.8000 1.76357593
6029.8500 1.76525158
6029.9000 1.76692724
6029.9500 1.76860289
6030.0000 1.77027855
6030.0500 1.7719542
6030.1000 1.76500225
6030.1500 1.75734882
6030.2000 1.7496954
6030.2500 1.74204197
6030.3000 1.73438855
6030.3500 1.7293369
6030.4000 1.72612979
6030.4500 1.72292269
6030.5000 1.71971558
6030.5500 1.71650847
6030.6000 1.71389515
6030.6500 1.71309139
6030.7000 1.71228763
6030.7500 1.71148387
6030.8000 1.71068011
6030.8500 1.70987635
6030.9000 1.71329096
6030.9500 1.71712002
6031.0000 1.72094908
6031.0500 1.72477813
6031.1000 1.72860719
6031.1500 1.72996517
6031.2000 1.72950107
6031.2500 1.72903697
6031.3000 1.72857287
6031.3500 1.72810876
6031.4000 1.72694622
6031.4500 1.72359827
6031.5000 1.72025032
6031.5500 1.71690237
6031.6000 1.71355442
6031.6500 1.71020647
6031.7000 1.70860129
6031.7500 1.70716769
6031.8000 1.7057341
6031.8500 1.70430051
6031.9000 1.70286691
6031.9500 1.70058852
6032.0000 1.69769866
6032.0500 1.6948088
6032.1000 1.69191895
6032.1500 1.68902909
6032.2000 1.68858627
6032.2500 1.69542925
6032.3000 1.70227222
6032.3500 1.7091152
6032.4000 1.71595818
6032.4500 1.72280115
6032.5000 1.72484486
6032.5500 1.72649549
6032.6000 1.72814613
6032.6500 1.72979677
6032.7000 1.73144741
6032.7500 1.7322509
6032.8000 1.73248665
6032.8500 1.73272241
6032.9000 1.73295817
6032.9500 1.73319393
6033.0000 1.73280771
6033.0500 1.73077976
6033.1000 1.72875181
6033.1500 1.72672385
6033.2000 1.7246959
6033.2500 1.72266795
6033.3000 1.7238364
6033.3500 1.72516479
6033.4000 1.72649319
6033.4500 1.72782159
6033.5000 1.72914999
6033.5500 1.73351958
6033.6000 1.73966385
6033.6500 1.74580812
6033.7000 1.75195239
6033.7500 1.75809665
6033.8000 1.7602394
6033.8500 1.75356713
6033.9000 1.74689487
6033.9500 1.7402226
6034.0000 1.73355033
6034.0500 1.72687806
6034.1000 1.72542378
6034.1500 1.72399832
6034.2000 1.72257287
6034.2500 1.72114741
6034.3000 1.71972195
6034.3500 1.72620573
6034.4000 1.73643949
6034.4500 1.74667325
6034.5000 1.75690702
6034.5500 1.76714078
6034.6000 1.77186944
6034.6500 1.76697091
6034.7000 1.76207237
6034.7500 1.75717384
6034.8000 1.75227531
6034.8500 1.74841526
6034.9000 1.76395934
6034.9500 1.77950341
6035.0000 1.79504749
6035.0500 1.81059157
6035.1000 1.82613565
6035.1500 1.82389328
6035.2000 1.81538122
6035.2500 1.80686916
6035.3000 1.7983571
6035.3500 1.78984504
6035.4000 1.78634147
6035.4500 1.78949019
6035.5000 1.7926389
6035.5500 1.79578761
6035.6000 1.79893632
6035.6500 1.80049097
6035.7000 1.79049077
6035.7500 1.78049058
6035.8000 1.77049038
6035.8500 1.76049018
6035.9000 1.75048998
6035.9500 1.75491092
6036.0000 1.76261582
6036.0500 1.77032073
6036.1000 1.77802564
6036.1500 1.78573055
6036.2000 1.78573698
6036.2500 1.77832838
6036.3000 1.77091978
6036.3500 1.76351118
6036.4000 1.75610258
6036.4500 1.75056307
6036.5000 1.75223612
6036.5500 1.75390917
6036.6000 1.75558222
6036.6500 1.75725527
6036.7000 1.75892832
6036.7500 1.75689824
6036.8000 1.75447407
6036.8500 1.7520499
6036.9000 1.74962573
6036.9500 1.74720156
6037.0000 1.75220992
6037.0500 1.76210368
6037.1000 1.77199744
6037.1500 1.78189121
6037.2000 1.79178497
6037.2500 1.79724432
6037.3000 1.79257718
6037.3500 1.78791003
6037.4000 1.78324288
6037.4500 1.77857574
6037.5000 1.77392717
6037.5500 1.77181757
6037.6000 1.76970797
6037.6500 1.76759837
6037.7000 1.76548876
6037.7500 1.76337916
6037.8000 1.76506556
6037.8500 1.76829069
6037.9000 1.77151581
6037.9500 1.77474094
6038.0000 1.77796606
6038.0500 1.77876259
6038.1000 1.77616986
6038.1500 1.77357713
6038.2000 1.7709844
6038.2500 1.76839167
6038.3000 1.76601081
6038.3500 1.76511456
6038.4000 1.76421831
6038.4500 1.76332207
6038.5000 1.76242582
6038.5500 1.76152957
6038.6000 1.76585103
6038.6500 1.77121172
6038.7000 1.7765724
6038.7500 1.78193308
6038.8000 1.78729376
6038.8500 1.78755408
6038.9000 1.78354782
6038.9500 1.77954156
6039.0000 1.7755353
6039.0500 1.77152904
6039.1000 1.7690724
6039.1500 1.77110333
6039.2000 1.77313426
6039.2500 1.77516518
6039.3000 1.77719611
6039.3500 1.77922704
6039.4000 1.77754179
6039.4500 1.77574332
6039.5000 1.77394484
6039.5500 1.77214636
6039.6000 1.77034788
6039.6500 1.77131952
6039.7000 1.77356055
6039.7500 1.77580157
6039.8000 1.7780426
6039.8500 1.78028362
6039.9000 1.77988329
6039.9500 1.77556452
6040.0000 1.77124574
6040.0500 1.76692696
6040.1000 1.76260819
6040.1500 1.7593385
6040.2000 1.76368002
6040.2500 1.76802153
6040.3000 1.77236305
6040.3500 1.77670456
6040.4000 1.78104608
6040.4500 1.77987642
6040.5000 1.77766634
6040.5500 1.77545625
6040.6000 1.77324616
6040.6500 1.77103607
6040.7000 1.77111957
6040.7500 1.77298458
6040.8000 1.77484959
6040.8500 1.7767146
6040.9000 1.77857962
6040.9500 1.78201809
6041.0000 1.78938392
6041.0500 1.79674975
6041.1000 1.80411558
6041.1500 1.81148142
6041.2000 1.81873396
6041.2500 1.81563947
6041.3000 1.81254497
6041.3500 1.80945047
6041.4000 1.80635597
6041.4500 1.80326147
6041.5000 1.80030499
6041.5500 1.7973977
6041.6000 1.79449042
6041.6500 1.79158314
6041.7000 1.78867585
6041.7500 1.79040889
6041.8000 1.79747765
6041.8500 1.80454642
6041.9000 1.81161518
6041.9500 1.81868394
6042.0000 1.82372823
6042.0500 1.82039761
6042.1000 1.81706699
6042.1500 1.81373637
6042.2000 1.81040575
6042.2500 1.80707513
6042.3000 1.80792292
6042.3500 1.8091057
6042.4000 1.81028847
6042.4500 1.81147125
6042.5000 1.81265403
6042.5500 1.81653572
6042.6000 1.82181729
6042.6500 1.82709886
6042.7000 1.83238043
6042.7500 1.837662
6042.8000 1.83960795
6042.8500 1.8363961
6042.9000 1.83318424
6042.9500 1.82997239
6043.0000 1.82676053
6043.0500 1.82382365
6043.1000 1.8227504
6043.1500 1.82167715
6043.2000 1.8206039
6043.2500 1.81953065
6043.3000 1.81845741
6043.3500 1.81828096
6043.4000 1.81824327
6043.4500 1.81820558
6043.5000 1.8181679
6043.5500 1.81813021
6043.6000 1.82036394
6043.6500 1.8240806
6043.7000 1.82779726
6043.7500 1.83151391
6043.8000 1.83523057
6043.8500 1.83766199
6043.9000 1.83765976
6043.9500 1.83765752
6044.0000 1.83765529
6044.0500 1.83765306
6044.1000 1.83737706
6044.1500 1.8342556
6044.2000 1.83113414
6044.2500 1.82801268
6044.3000 1.82489122
6044.3500 1.82176976
6044.4000 1.82337946
6044.4500 1.82594777
6044.5000 1.82851607
6044.5500 1.83108437
6044.6000 1.83365267
6044.6500 1.83194797
6044.7000 1.82710888
6044.7500 1.82226978
6044.8000 1.81743068
6044.8500 1.81259158
6044.9000 1.81050891
6044.9500 1.81418324
6045.0000 1.81785757
6045.0500 1.8215319
6045.1000 1.82520623
6045.1500 1.82881057
6045.2000 1.83151641
6045.2500 1.83422226
6045.3000 1.8369281
6045.3500 1.83963395
6045.4000 1.84233979
6045.4500 1.84105331
6045.5000 1.83890442
6045.5500 1.83675552
6045.6000 1.83460663
6045.6500 1.83245774
6045.7000 1.83192748
6045.7500 1.83259839
6045.8000 1.83326931
6045.8500 1.83394022
6045.9000 1.83461113
6045.9500 1.8365645
6046.0000 1.84115399
6046.0500 1.84574348
6046.1000 1.85033297
6046.1500 1.85492246
6046.2000 1.85936866
6046.2500 1.86221296
6046.3000 1.86505727
6046.3500 1.86790158
6046.4000 1.87074589
6046.4500 1.8735902
6046.5000 1.87279018
6046.5500 1.87128839
6046.6000 1.8697866
6046.6500 1.86828481
6046.7000 1.86678303
6046.7500 1.86659647
6046.8000 1.86729947
6046.8500 1.86800248
6046.9000 1.86870548
6046.9500 1.86940849
6047.0000 1.86872222
6047.0500 1.86552411
6047.1000 1.86232599
6047.1500 1.85912788
6047.2000 1.85592976
6047.2500 1.85297674
6047.3000 1.85186813
6047.3500 1.85075951
6047.4000 1.8496509
6047.4500 1.84854228
6047.5000 1.84743367
6047.5500 1.84958596
6047.6000 1.85218268
6047.6500 1.8547794
6047.7000 1.85737611
6047.7500 1.85997283
6047.8000 1.86170805
6047.8500 1.86296788
6047.9000 1.8642277
6047.9500 1.86548753
6048.0000 1.86674735
6048.0500 1.87090476
6048.1000 1.87922607
6048.1500 1.88754738
6048.2000 1.89586869
6048.2500 1.90418999
6048.3000 1.91018081
6048.3500 1.90539879
6048.4000 1.90061678
6048.4500 1.89583477
6048.5000 1.89105276
6048.5500 1.88627075
6048.6000 1.88037287
6048.6500 1.8744125
6048.7000 1.86845213
6048.7500 1.86249177
6048.8000 1.8565314
6048.8500 1.8594889
6048.9000 1.86595494
6048.9500 1.87242097
6049.0000 1.87888701
6049.0500 1.88535305
6049.1000 1.88795813
6049.1500 1.88654367
6049.2000 1.8851292
6049.2500 1.88371473
6049.3000 1.88230026
6049.3500 1.88014609
6049.4000 1.87592764
6049.4500 1.87170919
6049.5000 1.86749074
6049.5500 1.86327229
6049.6000 1.85929704
6049.6500 1.86127279
6049.7000 1.86324853
6049.7500 1.86522427
6049.8000 1.86720001
6049.8500 1.86917575
6049.9000 1.87104778
6049.9500 1.87289648
6050.0000 1.87474517
6050.0500 1.87659387
6050.1000 1.87844256
6050.1500 1.88193401
6050.2000 1.8865439
6050.2500 1.89115378
6050.3000 1.89576367
6050.3500 1.90037356
6050.4000 1.9025361
6050.4500 1.90062267
6050.5000 1.89870924
6050.5500 1.89679582
6050.6000 1.89488239
6050.6500 1.89296361
6050.7000 1.89101613
6050.7500 1.88906864
6050.8000 1.88712116
6050.8500 1.88517367
6050.9000 1.88322619
6050.9500 1.87955135
6051.0000 1.87576701
6051.0500 1.87198266
6051.1000 1.86819832
6051.1500 1.86441398
6051.2000 1.86556715
6051.2500 1.86858962
6051.3000 1.87161208
6051.3500 1.87463455
6051.4000 1.87765702
6051.4500 1.87986408
6051.5000 1.88129385
6051.5500 1.88272362
6051.6000 1.88415339
6051.6500 1.88558316
6051.7000 1.88678323
6051.7500 1.88744769
6051.8000 1.88811215
6051.8500 1.88877661
6051.9000 1.88944107
6051.9500 1.89014204
6052.0000 1.89121257
6052.0500 1.89228309
6052.1000 1.89335362
6052.1500 1.89442414
6052.2000 1.89549467
6052.2500 1.89551097
6052.3000 1.89538523
6052.3500 1.89525949
6052.4000 1.89513375
6052.4500 1.895008
6052.5000 1.89381851
6052.5500 1.89211498
6052.6000 1.89041145
6052.6500 1.88870792
6052.7000 1.8870044
6052.7500 1.88481714
6052.8000 1.88208167
6052.8500 1.87934619
6052.9000 1.87661071
6052.9500 1.87387524
6053.0000 1.8724891
6053.0500 1.87484772
6053.1000 1.87720634
6053.1500 1.87956496
6053.2000 1.88192358
6053.2500 1.88426273
6053.3000 1.88631036
6053.3500 1.88835799
6053.4000 1.89040562
6053.4500 1.89245325
6053.5000 1.89450088
6053.5500 1.89187922
6053.6000 1.88850958
6053.6500 1.88513994
6053.7000 1.8817703
6053.7500 1.87840066
6053.8000 1.87690763
6053.8500 1.87636916
6053.9000 1.87583069
6053.9500 1.87529221
6054.0000 1.87475374
6054.0500 1.87754505
6054.1000 1.8841621
6054.1500 1.89077915
6054.2000 1.8973962
6054.2500 1.90401324
6054.3000 1.90651844
6054.3500 1.897875
6054.4000 1.88923155
6054.4500 1.88058811
6054.5000 1.87194466
6054.5500 1.86442768
6054.6000 1.87077625
6054.6500 1.87712483
6054.7000 1.8834734
6054.7500 1.88982198
6054.8000 1.89617055
6054.8500 1.89301421
6054.9000 1.88859143
6054.9500 1.88416865
6055.0000 1.87974587
6055.0500 1.87532309
6055.1000 1.87832209
6055.1500 1.88463515
6055.2000 1.8909482
6055.2500 1.89726126
6055.3000 1.90357431
6055.3500 1.90627799
6055.4000 1.905398
6055.4500 1.904518
6055.5000 1.90363801
6055.5500 1.90275802
6055.6000 1.90298385
6055.6500 1.90562716
6055.7000 1.90827047
6055.7500 1.91091378
6055.8000 1.91355709
6055.8500 1.9161399
6055.9000 1.91830883
6055.9500 1.92047776
6056.0000 1.92264669
6056.0500 1.92481562
6056.1000 1.92698455
6056.1500 1.92707244
6056.2000 1.92703405
6056.2500 1.92699567
6056.3000 1.92695728
6056.3500 1.9269189
6056.4000 1.92548606
6056.4500 1.92361204
6056.5000 1.92173803
6056.5500 1.91986401
6056.6000 1.91798999
6056.6500 1.9176089
6056.7000 1.9183173
6056.7500 1.91902569
6056.8000 1.91973408
6056.8500 1.92044247
6056.9000 1.92065564
6056.9500 1.92012029
6057.0000 1.91958494
6057.0500 1.91904959
6057.1000 1.91851424
6057.1500 1.91764833
6057.2000 1.91560928
6057.2500 1.91357023
6057.3000 1.91153118
6057.3500 1.90949213
6057.4000 1.90764657
6057.4500 1.91009946
6057.5000 1.91255236
6057.5500 1.91500525
6057.6000 1.91745814
6057.6500 1.91991103
6057.7000 1.91964489
6057.7500 1.91896497
6057.8000 1.91828505
6057.8500 1.91760513
6057.9000 1.91692521
6057.9500 1.91654774
6058.0000 1.91630338
6058.0500 1.91605902
6058.1000 1.91581467
6058.1500 1.91557031
6058.2000 1.91301848
6058.2500 1.9083572
6058.3000 1.90369592
6058.3500 1.89903464
6058.4000 1.89437336
6058.4500 1.89316313
6058.5000 1.8983043
6058.5500 1.90344547
6058.6000 1.90858664
6058.6500 1.91372781
6058.7000 1.91656664
6058.7500 1.90914764
6058.8000 1.90172864
6058.8500 1.89430964
6058.9000 1.88689063
6058.9500 1.87970703
6059.0000 1.88686652
6059.0500 1.89402602
6059.1000 1.90118551
6059.1500 1.908345
6059.2000 1.91550449
6059.2500 1.91767794
6059.3000 1.91897557
6059.3500 1.9202732
6059.4000 1.92157082
6059.4500 1.92286845
6059.5000 1.92395461
6059.5500 1.92494425
6059.6000 1.92593389
6059.6500 1.92692353
6059.7000 1.92791317
6059.7500 1.92686352
6059.8000 1.92396343
6059.8500 1.92106335
6059.9000 1.91816327
6059.9500 1.91526319
6060.0000 1.91318302
6060.0500 1.91253843
6060.1000 1.91189383
6060.1500 1.91124923
6060.2000 1.91060463
6060.2500 1.90994981
6060.3000 1.90925521
6060.3500 1.90856061
6060.4000 1.90786601
6060.4500 1.9071714
6060.5000 1.90651133
6060.5500 1.90655437
6060.6000 1.90659741
6060.6500 1.90664046
6060.7000 1.9066835
6060.7500 1.90672654
6060.8000 1.90790769
6060.8500 1.90922828
6060.9000 1.91054886
6060.9500 1.91186945
6061.0000 1.91319003
6061.0500 1.91304381
6061.1000 1.91237284
6061.1500 1.91170187
6061.2000 1.9110309
6061.2500 1.91035993
6061.3000 1.90915875
6061.3500 1.90757953
6061.4000 1.90600032
6061.4500 1.9044211
6061.5000 1.90284188
6061.5500 1.90388954
6061.6000 1.90838232
6061.6500 1.91287509
6061.7000 1.91736787
6061.7500 1.92186065
6061.8000 1.92643049
6061.8500 1.93119553
6061.9000 1.93596056
6061.9500 1.94072559
6062.0000 1.94549063
6062.0500 1.94851846
6062.1000 1.94042898
6062.1500 1.93233949
6062.2000 1.92425001
6062.2500 1.91616052
6062.3000 1.90807103
6062.3500 1.90972532
6062.4000 1.91148988
6062.4500 1.91325445
6062.5000 1.91501902
6062.5500 1.91678358
6062.6000 1.91293824
6062.6500 1.90805661
6062.7000 1.90317498
6062.7500 1.89829335
6062.8000 1.89341172
6062.8500 1.89307722
6062.9000 1.89468267
6062.9500 1.89628812
6063.0000 1.89789357
6063.0500 1.89949902
6063.1000 1.89754998
6063.1500 1.89280166
6063.2000 1.88805333
6063.2500 1.88330501
6063.3000 1.87855669
6063.3500 1.87770441
6063.4000 1.88224317
6063.4500 1.88678193
6063.5000 1.89132068
6063.5500 1.89585944
6063.6000 1.8978227
6063.6500 1.89320256
6063.7000 1.88858242
6063.7500 1.88396228
6063.8000 1.87934214
6063.8500 1.87716318
6063.9000 1.88943755
6063.9500 1.90171193
6064.0000 1.9139863
6064.0500 1.92626067
6064.1000 1.93837809
6064.1500 1.93394552
6064.2000 1.92951295
6064.2500 1.92508037
6064.3000 1.9206478
6064.3500 1.91621523
6064.4000 1.91544116
6064.4500 1.91518544
6064.5000 1.91492971
6064.5500 1.91467399
6064.6000 1.91441827
6064.6500 1.9130457
6064.7000 1.91128887
6064.7500 1.90953204
6064.8000 1.90777521
6064.8500 1.90601838
6064.9000 1.9068366
6064.9500 1.90927548
6065.0000 1.91171437
6065.0500 1.91415326
6065.1000 1.91659215
6065.1500 1.91701327
6065.2000 1.91529231
6065.2500 1.91357135
6065.3000 1.91185039
6065.3500 1.91012943
6065.4000 1.90877622
6065.4500 1.90808255
6065.5000 1.90738887
6065.5500 1.90669519
6065.6000 1.90600151
6065.6500 1.90481684
6065.7000 1.90201162
6065.7500 1.8992064
6065.8000 1.89640118
6065.8500 1.89359596
6065.9000 1.89150084
6065.9500 1.89522941
6066.0000 1.89895799
6066.0500 1.90268657
6066.1000 1.90641514
6066.1500 1.91014372
6066.2000 1.91319588
6066.2500 1.91623875
6066.3000 1.91928161
6066.3500 1.92232447
6066.4000 1.92536733
6066.4500 1.92729829
6066.5000 1.92905689
6066.5500 1.9308155
6066.6000 1.93257411
6066.6500 1.93433272
6066.7000 1.93085421
6066.7500 1.92559988
6066.8000 1.92034554
6066.8500 1.9150912
6066.9000 1.90983686
6066.9500 1.90616366
6067.0000 1.9034216
6067.0500 1.90067954
6067.1000 1.89793748
6067.1500 1.89519542
6067.2000 1.89341854
6067.2500 1.8925559
6067.3000 1.89169326
6067.3500 1.89083062
6067.4000 1.88996798
6067.4500 1.88874518
6067.5000 1.8869807
6067.5500 1.88521623
6067.6000 1.88345175
6067.6500 1.88168728
6067.7000 1.88074254
6067.7500 1.88183657
6067.8000 1.88293059
6067.8500 1.88402462
6067.9000 1.88511865
6067.9500 1.88568038
6068.0000 1.88374649
6068.0500 1.8818126
6068.1000 1.87987871
6068.1500 1.87794481
6068.2000 1.87664894
6068.2500 1.88431942
6068.3000 1.8919899
6068.3500 1.89966038
6068.4000 1.90733086
6068.4500 1.91500134
6068.5000 1.91724552
6068.5500 1.91925579
6068.6000 1.92126606
6068.6500 1.92327633
6068.7000 1.9252866
6068.7500 1.92068984
6068.8000 1.91495022
6068.8500 1.9092106
6068.9000 1.90347098
6068.9500 1.89773136
6069.0000 1.89343933
6069.0500 1.88963499
6069.1000 1.88583066
6069.1500 1.88202632
6069.2000 1.87822198
6069.2500 1.87888465
6069.3000 1.88200502
6069.3500 1.88512538
6069.4000 1.88824575
6069.4500 1.89136612
6069.5000 1.89667202
6069.5500 1.90381157
6069.6000 1.91095113
6069.6500 1.91809068
6069.7000 1.92523023
6069.7500 1.92941357
6069.8000 1.92989622
6069.8500 1.93037886
6069.9000 1.93086151
6069.9500 1.93134415
6070.0000 1.93126076
6070.0500 1.93010748
6070.1000 1.9289542
6070.1500 1.92780092
6070.2000 1.92664764
6070.2500 1.92455288
6070.3000 1.91962665
6070.3500 1.91470041
6070.4000 1.90977418
6070.4500 1.90484794
6070.5000 1.90072799
6070.5500 1.90101442
6070.6000 1.90130085
6070.6500 1.90158728
6070.7000 1.90187371
6070.7500 1.90203223
6070.8000 1.90023677
6070.8500 1.89844132
6070.9000 1.89664587
6070.9500 1.89485041
6071.0000 1.89305496
6071.0500 1.89493493
6071.1000 1.8969293
6071.1500 1.89892368
6071.2000 1.90091806
6071.2500 1.90291243
6071.3000 1.89912197
6071.3500 1.89454118
6071.4000 1.88996039
6071.4500 1.8853796
6071.5000 1.88079881
6071.5500 1.88305182
6071.6000 1.88710608
6071.6500 1.89116033
6071.7000 1.89521458
6071.7500 1.89926883
6071.8000 1.9026702
6071.8500 1.90579787
6071.9000 1.90892554
6071.9500 1.91205321
6072.0000 1.91518088
6072.0500 1.9135954
6072.1000 1.90911454
6072.1500 1.90463368
6072.2000 1.90015282
6072.2500 1.89567196
6072.3000 1.89123403
6072.3500 1.88683329
6072.4000 1.88243254
6072.4500 1.87803179
6072.5000 1.87363104
6072.5500 1.87290831
6072.6000 1.87660944
6072.6500 1.88031057
6072.7000 1.8840117
6072.7500 1.88771282
6072.8000 1.88996596
6072.8500 1.88979185
6072.9000 1.88961775
6072.9500 1.88944364
6073.0000 1.88926953
6073.0500 1.88857379
6073.1000 1.88663115
6073.1500 1.88468851
6073.2000 1.88274586
6073.2500 1.88080322
6073.3000 1.87960839
6073.3500 1.88109817
6073.4000 1.88258796
6073.4500 1.88407774
6073.5000 1.88556752
6073.5500 1.88679035
6073.6000 1.88640547
6073.6500 1.88602059
6073.7000 1.88563571
6073.7500 1.88525083
6073.8000 1.88539993
6073.8500 1.89280465
6073.9000 1.90020937
6073.9500 1.90761409
6074.0000 1.91501881
6074.0500 1.92242353
6074.1000 1.92185986
6074.1500 1.92126675
6074.2000 1.92067365
6074.2500 1.92008054
6074.3000 1.91948744
6074.3500 1.91891662
6074.4000 1.9183476
6074.4500 1.91777858
6074.5000 1.91720956
6074.5500 1.91664053
6074.6000 1.92000262
6074.6500 1.9240222
6074.7000 1.92804178
6074.7500 1.93206137
6074.8000 1.93608095
6074.8500 1.9327657
6074.9000 1.92749289
6074.9500 1.92222007
6075.0000 1.91694726
6075.0500 1.91167444
6075.1000 1.9071378
6075.1500 1.9028824
6075.2000 1.89862699
6075.2500 1.89437158
6075.3000 1.89011618
6075.3500 1.89105068
6075.4000 1.8946654
6075.4500 1.89828013
6075.5000 1.90189486
6075.5500 1.90550959
6075.6000 1.90674123
6075.6500 1.90636368
6075.7000 1.90598614
6075.7500 1.90560859
6075.8000 1.90523104
6075.8500 1.90840276
6075.9000 1.91464662
6075.9500 1.92089048
6076.0000 1.92713434
6076.0500 1.93337819
6076.1000 1.93256745
6076.1500 1.92401407
6076.2000 1.9154607
6076.2500 1.90690733
6076.3000 1.89835396
6076.3500 1.8973221
6076.4000 1.90671572
6076.4500 1.91610935
6076.5000 1.92550297
6076.5500 1.9348966
6076.6000 1.93981578
6076.6500 1.93688518
6076.7000 1.93395458
6076.7500 1.93102397
6076.8000 1.92809337
6076.8500 1.92487469
6076.9000 1.92101071
6076.9500 1.91714673
6077.0000 1.91328275
6077.0500 1.90941877
6077.1000 1.90676355
6077.1500 1.90762396
6077.2000 1.90848437
6077.2500 1.90934478
6077.3000 1.91020519
6077.3500 1.90968525
6077.4000 1.90380189
6077.4500 1.89791853
6077.5000 1.89203518
6077.5500 1.88615182
6077.6000 1.88180539
6077.6500 1.8858289
6077.7000 1.8898524
6077.7500 1.8938759
6077.8000 1.8978994
6077.8500 1.90100748
6077.9000 1.89649264
6077.9500 1.8919778
6078.0000 1.88746296
6078.0500 1.88294812
6078.1000 1.87868452
6078.1500 1.87829448
6078.2000 1.87790443
6078.2500 1.87751438
6078.3000 1.87712433
6078.3500 1.87679936
6078.4000 1.88041835
6078.4500 1.88403734
6078.5000 1.88765633
6078.5500 1.89127532
6078.6000 1.89489431
6078.6500 1.89849636
6078.7000 1.90209794
6078.7500 1.90569952
6078.8000 1.90930111
6078.8500 1.91290269
6078.9000 1.90835317
6078.9500 1.90320654
6079.0000 1.89805992
6079.0500 1.89291329
6079.1000 1.88776666
6079.1500 1.88946487
6079.2000 1.89199236
6079.2500 1.89451985
6079.3000 1.89704734
6079.3500 1.89957484
6079.4000 1.90054267
6079.4500 1.90124335
6079.5000 1.90194403
6079.5500 1.90264471
6079.6000 1.90334538
6079.6500 1.90169528
6079.7000 1.89951933
6079.7500 1.89734337
6079.8000 1.89516741
6079.8500 1.89299145
6079.9000 1.89632545
6079.9500 1.90119308
6080.0000 1.90606072
6080.0500 1.91092836
6080.1000 1.915796
6080.1500 1.92053894
6080.2000 1.92524009
6080.2500 1.92994124
6080.3000 1.93464239
6080.3500 1.93934353
6080.4000 1.93631792
6080.4500 1.93024668
6080.5000 1.92417543
6080.5500 1.91810419
6080.6000 1.91203294
6080.6500 1.91075021
6080.7000 1.91164694
6080.7500 1.91254366
6080.8000 1.91344039
6080.8500 1.91433711
6080.9000 1.91477152
6080.9500 1.91496648
6081.0000 1.91516143
6081.0500 1.91535639
6081.1000 1.91555134
6081.1500 1.91064961
6081.2000 1.90278
6081.2500 1.8949104
6081.3000 1.8870408
6081.3500 1.87917119
6081.4000 1.87889476
6081.4500 1.88353843
6081.5000 1.88818209
6081.5500 1.89282575
6081.6000 1.89746941
6081.6500 1.89894996
6081.7000 1.89817046
6081.7500 1.89739096
6081.8000 1.89661146
6081.8500 1.89583196
6081.9000 1.89501092
6081.9500 1.89415743
6082.0000 1.89330394
6082.0500 1.89245045
6082.1000 1.89159696
6082.1500 1.89488398
6082.2000 1.90168327
6082.2500 1.90848255
6082.3000 1.91528184
6082.3500 1.92208113
6082.4000 1.91727062
6082.4500 1.90184515
6082.5000 1.88641968
6082.5500 1.87099421
6082.6000 1.85556874
6082.6500 1.8538192
6082.7000 1.86545631
6082.7500 1.87709341
6082.8000 1.88873052
6082.8500 1.90036763
6082.9000 1.90180765
6082.9500 1.89263166
6083.0000 1.88345568
6083.0500 1.8742797
6083.1000 1.86510372
6083.1500 1.8611847
6083.2000 1.8630491
6083.2500 1.8649135
6083.3000 1.8667779
6083.3500 1.8686423
6083.4000 1.87266043
6083.4500 1.87916642
6083.5000 1.88567241
6083.5500 1.89217839
6083.6000 1.89868438
6083.6500 1.89898172
6083.7000 1.89179685
6083.7500 1.88461199
6083.8000 1.87742713
6083.8500 1.87024227
6083.9000 1.86897494
6083.9500 1.87509989
6084.0000 1.88122483
6084.0500 1.88734978
6084.1000 1.89347473
6084.1500 1.89681814
6084.2000 1.89658297
6084.2500 1.8963478
6084.3000 1.89611263
6084.3500 1.89587746
6084.4000 1.89365035
6084.4500 1.88880111
6084.5000 1.88395187
6084.5500 1.87910263
6084.6000 1.87425339
6084.6500 1.87124731
6084.7000 1.8707074
6084.7500 1.87016748
6084.8000 1.86962757
6084.8500 1.86908766
6084.9000 1.87044331
6084.9500 1.87435991
6085.0000 1.87827651
6085.0500 1.88219311
6085.1000 1.88610971
6085.1500 1.88770786
6085.2000 1.8861643
6085.2500 1.88462073
6085.3000 1.88307717
6085.3500 1.8815336
6085.4000 1.87923513
6085.4500 1.87591743
6085.5000 1.87259974
6085.5500 1.86928204
6085.6000 1.86596434
6085.6500 1.86337632
6085.7000 1.86176331
6085.7500 1.8601503
6085.8000 1.8585373
6085.8500 1.85692429
6085.9000 1.85616751
6085.9500 1.85653559
6086.0000 1.85690366
6086.0500 1.85727174
6086.1000 1.85763982
6086.1500 1.86083956
6086.2000 1.8676727
6086.2500 1.87450583
6086.3000 1.88133896
6086.3500 1.8881721
6086.4000 1.89285739
6086.4500 1.89486848
6086.5000 1.89687957
6086.5500 1.89889067
6086.6000 1.90090176
6086.6500 1.90052765
6086.7000 1.89729058
6086.7500 1.8940535
6086.8000 1.89081643
6086.8500 1.88757936
6086.9000 1.88567895
6086.9500 1.8853153
6087.0000 1.88495166
6087.0500 1.88458801
6087.1000 1.88422437
6087.1500 1.8821835
6087.2000 1.87830739
6087.2500 1.87443128
6087.3000 1.87055517
6087.3500 1.86667906
6087.4000 1.86251095
6087.4500 1.8580407
6087.5000 1.85357045
6087.5500 1.84910021
6087.6000 1.84462996
6087.6500 1.84436171
6087.7000 1.84817831
6087.7500 1.85199491
6087.8000 1.8558115
6087.8500 1.8596281
6087.9000 1.86164157
6087.9500 1.86201905
6088.0000 1.86239653
6088.0500 1.86277402
6088.1000 1.8631515
6088.1500 1.86305497
6088.2000 1.86255978
6088.2500 1.86206459
6088.3000 1.86156939
6088.3500 1.8610742
6088.4000 1.86084068
6088.4500 1.86080971
6088.5000 1.86077874
6088.5500 1.86074777
6088.6000 1.8607168
6088.6500 1.86059302
6088.7000 1.86040362
6088.7500 1.86021422
6088.8000 1.86002482
6088.8500 1.85983542
6088.9000 1.86350441
6088.9500 1.8696445
6089.0000 1.87578458
6089.0500 1.88192467
6089.1000 1.88806475
6089.1500 1.89028222
6089.2000 1.89024496
6089.2500 1.89020771
6089.3000 1.89017046
6089.3500 1.89013321
6089.4000 1.88967832
6089.4500 1.88901025
6089.5000 1.88834217
6089.5500 1.8876741
6089.6000 1.88700603
6089.6500 1.8838148
6089.7000 1.87949389
6089.7500 1.87517298
6089.8000 1.87085207
6089.8500 1.86653115
6089.9000 1.86938161
6089.9500 1.87500627
6090.0000 1.88063092
6090.0500 1.88625558
6090.1000 1.89188024
6090.1500 1.88685807
6090.2000 1.87834395
6090.2500 1.86982983
6090.3000 1.86131571
6090.3500 1.85280159
6090.4000 1.85237502
6090.4500 1.85414225
6090.5000 1.85590948
6090.5500 1.85767672
6090.6000 1.85944395
6090.6500 1.85984371
6090.7000 1.85994706
6090.7500 1.86005042
6090.8000 1.86015378
6090.8500 1.86025713
6090.9000 1.85910926
6090.9500 1.85775557
6091.0000 1.85640188
6091.0500 1.85504819
6091.1000 1.85369449
6091.1500 1.85541059
6091.2000 1.85747821
6091.2500 1.85954584
6091.3000 1.86161346
6091.3500 1.86368108
6091.4000 1.86484281
6091.4500 1.86594404
6091.5000 1.86704527
6091.5500 1.86814651
6091.6000 1.86924774
6091.6500 1.86880621
6091.7000 1.86833191
6091.7500 1.86785761
6091.8000 1.8673833
6091.8500 1.86683922
6091.9000 1.86328212
6091.9500 1.85972502
6092.0000 1.85616793
6092.0500 1.85261083
6092.1000 1.84935525
6092.1500 1.8502511
6092.2000 1.85114694
6092.2500 1.85204279
6092.3000 1.85293863
6092.3500 1.85477209
6092.4000 1.8638619
6092.4500 1.8729517
6092.5000 1.8820415
6092.5500 1.89113131
6092.6000 1.89741621
6092.6500 1.88927511
6092.7000 1.88113401
6092.7500 1.87299291
6092.8000 1.86485181
6092.8500 1.85876251
6092.9000 1.86026421
6092.9500 1.8617659
6093.0000 1.86326759
6093.0500 1.86476929
6093.1000 1.865325
6093.1500 1.86324912
6093.2000 1.86117324
6093.2500 1.85909736
6093.3000 1.85702147
6093.3500 1.8569981
6093.4000 1.86138273
6093.4500 1.86576737
6093.5000 1.87015201
6093.5500 1.87453664
6093.6000 1.87762902
6093.6500 1.87854565
6093.7000 1.87946227
6093.7500 1.8803789
6093.8000 1.88129552
6093.8500 1.88088144
6093.9000 1.87869754
6093.9500 1.87651364
6094.0000 1.87432974
6094.0500 1.87214584
6094.1000 1.8724293
6094.1500 1.87530776
6094.2000 1.87818622
6094.2500 1.88106468
6094.3000 1.88394314
6094.3500 1.88473788
6094.4000 1.88380869
6094.4500 1.8828795
6094.5000 1.88195031
6094.5500 1.88102112
6094.6000 1.87933077
6094.6500 1.87715117
6094.7000 1.87497158
6094.7500 1.87279198
6094.8000 1.87061239
6094.8500 1.86912721
6094.9000 1.86798116
6094.9500 1.86683511
6095.0000 1.86568907
6095.0500 1.86454302
6095.1000 1.86494771
6095.1500 1.86590677
6095.2000 1.86686582
6095.2500 1.86782488
6095.3000 1.86878394
6095.3500 1.86843845
6095.4000 1.86777309
6095.4500 1.86710773
6095.5000 1.86644236
6095.5500 1.865777
6095.6000 1.86951755
6095.6500 1.87390974
6095.7000 1.87830194
6095.7500 1.88269414
6095.8000 1.88708634
6095.8500 1.88251819
6095.9000 1.8773869
6095.9500 1.87225561
6096.0000 1.86712432
6096.0500 1.86194334
6096.1000 1.8527485
6096.1500 1.84355366
6096.2000 1.83435883
6096.2500 1.82516399
6096.3000 1.81742201
6096.3500 1.82527282
6096.4000 1.83312363
6096.4500 1.84097444
6096.5000 1.84882525
6096.5500 1.8547731
6096.6000 1.85072185
6096.6500 1.84667061
6096.7000 1.84261936
6096.7500 1.83856811
6096.8000 1.83499563
6096.8500 1.83297145
6096.9000 1.83094728
6096.9500 1.82892311
6097.0000 1.82689894
6097.0500 1.82647009
6097.1000 1.82952451
6097.1500 1.83257893
6097.2000 1.83563336
6097.2500 1.83868778
6097.3000 1.84212096
6097.3500 1.84613738
6097.4000 1.85015381
6097.4500 1.85417023
6097.5000 1.85818665
6097.5500 1.86136725
6097.6000 1.86362385
6097.6500 1.86588045
6097.7000 1.86813705
6097.7500 1.87039366
6097.8000 1.86827455
6097.8500 1.8626871
6097.9000 1.85709964
6097.9500 1.85151219
6098.0000 1.84592474
6098.0500 1.84614032
6098.1000 1.84958667
6098.1500 1.85303301
6098.2000 1.85647935
6098.2500 1.85992569
6098.3000 1.86304751
6098.3500 1.86604841
6098.4000 1.86904931
6098.4500 1.87205021
6098.5000 1.87505111
6098.5500 1.86717114
6098.6000 1.85684382
6098.6500 1.8465165
6098.7000 1.83618919
6098.7500 1.82586187
6098.8000 1.82922168
6098.8500 1.83400398
6098.9000 1.83878629
6098.9500 1.84356859
6099.0000 1.84835089
6099.0500 1.84760389
6099.1000 1.84684016
6099.1500 1.84607643
6099.2000 1.84531269
6099.2500 1.84490001
6099.3000 1.84804743
6099.3500 1.85119486
6099.4000 1.85434228
6099.4500 1.8574897
6099.5000 1.85956738
6099.5500 1.85690668
6099.6000 1.85424598
6099.6500 1.85158527
6099.7000 1.84892457
6099.7500 1.8473393
6099.8000 1.84851593
6099.8500 1.84969256
6099.9000 1.85086919
6099.9500 1.85204582
6100.0000 1.85223799
6100.0500 1.85081006
6100.1000 1.84938213
6100.1500 1.84795421
6100.2000 1.84652628
6100.2500 1.84483351
6100.3000 1.84285077
6100.3500 1.84086802
6100.4000 1.83888528
6100.4500 1.83690254
6100.5000 1.83493805
6100.5500 1.83298688
6100.6000 1.83103571
6100.6500 1.82908454
6100.7000 1.82713336
6100.7500 1.82836114
6100.8000 1.83107766
6100.8500 1.83379418
6100.9000 1.8365107
6100.9500 1.83922722
6101.0000 1.83749608
6101.0500 1.83454955
6101.1000 1.83160301
6101.1500 1.82865648
6101.2000 1.82570994
6101.2500 1.82838805
6101.3000 1.83175171
6101.3500 1.83511536
6101.4000 1.83847901
6101.4500 1.84184267
6101.5000 1.8395641
6101.5500 1.83727984
6101.6000 1.83499557
6101.6500 1.83271131
6101.7000 1.83122738
6101.7500 1.83633492
6101.8000 1.84144245
6101.8500 1.84654998
6101.9000 1.85165751
6101.9500 1.85438076
6102.0000 1.84861151
6102.0500 1.84284226
6102.1000 1.83707301
6102.1500 1.83130376
6102.2000 1.82696642
6102.2500 1.82551277
6102.3000 1.82405913
6102.3500 1.82260548
6102.4000 1.82115183
6102.4500 1.82296362
6102.5000 1.82883094
6102.5500 1.83469826
6102.6000 1.84056558
6102.6500 1.8464329
6102.7000 1.84758021
6102.7500 1.84504793
6102.8000 1.84251566
6102.8500 1.83998338
6102.9000 1.8374511
6102.9500 1.83663473
6103.0000 1.83662775
6103.0500 1.83662078
6103.1000 1.83661381
6103.1500 1.83660683
6103.2000 1.83474218
6103.2500 1.83240929
6103.3000 1.83007639
6103.3500 1.8277435
6103.4000 1.8254106
6103.4500 1.8254646
6103.5000 1.82572745
6103.5500 1.8259903
6103.6000 1.82625314
6103.6500 1.82622543
6103.7000 1.81957882
6103.7500 1.81293221
6103.8000 1.8062856
6103.8500 1.799639
6103.9000 1.79404365
6103.9500 1.79372157
6104.0000 1.79339949
6104.0500 1.79307742
6104.1000 1.79275534
6104.1500 1.7927975
6104.2000 1.79372262
6104.2500 1.79464774
6104.3000 1.79557286
6104.3500 1.79649798
6104.4000 1.79948099
6104.4500 1.80531145
6104.5000 1.81114192
6104.5500 1.81697238
6104.6000 1.82280285
6104.6500 1.821436
6104.7000 1.8141483
6104.7500 1.8068606
6104.8000 1.79957289
6104.8500 1.79228519
6104.9000 1.79402456
6104.9500 1.80002287
6105.0000 1.80602118
6105.0500 1.81201949
6105.1000 1.81801779
6105.1500 1.82007966
6105.2000 1.82122946
6105.2500 1.82237927
6105.3000 1.82352907
6105.3500 1.82467887
6105.4000 1.82719942
6105.4500 1.82979823
6105.5000 1.83239704
6105.5500 1.83499586
6105.6000 1.83680666
6105.6500 1.82976625
6105.7000 1.82272583
6105.7500 1.81568542
6105.8000 1.80864501
6105.8500 1.80453827
6105.9000 1.81088343
6105.9500 1.8172286
6106.0000 1.82357376
6106.0500 1.82991892
6106.1000 1.83030732
6106.1500 1.82002471
6106.2000 1.8097421
6106.2500 1.79945948
6106.3000 1.78917687
6106.3500 1.78551675
6106.4000 1.78850633
6106.4500 1.79149591
6106.5000 1.79448549
6106.5500 1.79747507
6106.6000 1.79910799
6106.6500 1.7999823
6106.7000 1.80085662
6106.7500 1.80173093
6106.8000 1.80260525
6106.8500 1.79877621
6106.9000 1.79366217
6106.9500 1.78854813
6107.0000 1.7834341
6107.0500 1.77832006
6107.1000 1.78733727
6107.1500 1.79739978
6107.2000 1.80746228
6107.2500 1.81752479
6107.3000 1.82653405
6107.3500 1.82317818
6107.4000 1.8198223
6107.4500 1.81646642
6107.5000 1.81311055
6107.5500 1.81164832
6107.6000 1.81661543
6107.6500 1.82158253
6107.7000 1.82654964
6107.7500 1.83151674
6107.8000 1.83177161
6107.8500 1.82427931
6107.9000 1.81678702
6107.9500 1.80929472
6108.0000 1.80180243
6108.0500 1.80083759
6108.1000 1.80564837
6108.1500 1.81045916
6108.2000 1.81526994
6108.2500 1.82008072
6108.3000 1.82146592
6108.3500 1.82127267
6108.4000 1.82107942
6108.4500 1.82088616
6108.5000 1.82069291
6108.5500 1.82093722
6108.6000 1.82126473
6108.6500 1.82159224
6108.7000 1.82191975
6108.7500 1.82224726
6108.8000 1.82302896
6108.8500 1.82381178
6108.9000 1.8245946
6108.9500 1.82537741
6109.0000 1.82547281
6109.0500 1.82186462
6109.1000 1.81825643
6109.1500 1.81464825
6109.2000 1.81104006
6109.2500 1.80867409
6109.3000 1.80898204
6109.3500 1.80928999
6109.4000 1.80959794
6109.4500 1.80990589
6109.5000 1.81103013
6109.5500 1.81304036
6109.6000 1.8150506
6109.6500 1.81706084
6109.7000 1.81907108
6109.7500 1.81518828
6109.8000 1.80804071
6109.8500 1.80089313
6109.9000 1.79374556
6109.9500 1.78659798
6110.0000 1.7838341
6110.0500 1.78210426
6110.1000 1.78037443
6110.1500 1.77864459
6110.2000 1.77691475
6110.2500 1.78888654
6110.3000 1.80118892
6110.3500 1.81349131
6110.4000 1.8257937
6110.4500 1.83509162
6110.5000 1.82673142
6110.5500 1.81837121
6110.6000 1.810011
6110.6500 1.8016508
6110.7000 1.79419388
6110.7500 1.78869188
6110.8000 1.78318987
6110.8500 1.77768786
6110.9000 1.77218585
6110.9500 1.77123258
6111.0000 1.77504549
6111.0500 1.77885839
6111.1000 1.7826713
6111.1500 1.7864842
6111.2000 1.78868278
6111.2500 1.79005817
6111.3000 1.79143356
6111.3500 1.79280895
6111.4000 1.79418435
6111.4500 1.78674615
6111.5000 1.77760296
6111.5500 1.76845977
6111.6000 1.75931659
6111.6500 1.75040641
6111.7000 1.75659934
6111.7500 1.76279227
6111.8000 1.7689852
6111.8500 1.77517812
6111.9000 1.78058937
6111.9500 1.782756
6112.0000 1.78492263
6112.0500 1.78708926
6112.1000 1.78925589
6112.1500 1.79099719
6112.2000 1.79202887
6112.2500 1.79306056
6112.3000 1.79409224
6112.3500 1.79512393
6112.4000 1.79404848
6112.4500 1.79129745
6112.5000 1.78854642
6112.5500 1.7857954
6112.6000 1.78304437
6112.6500 1.780768
6112.7000 1.77865753
6112.7500 1.77654707
6112.8000 1.77443661
6112.8500 1.77232615
6112.9000 1.77793251
6112.9500 1.7841501
6113.0000 1.79036768
6113.0500 1.79658527
6113.1000 1.8024357
6113.1500 1.80542952
6113.2000 1.80842334
6113.2500 1.81141716
6113.3000 1.81441099
6113.3500 1.81555765
6113.4000 1.81245194
6113.4500 1.80934624
6113.5000 1.80624053
6113.5500 1.80313482
6113.6000 1.805334
6113.6500 1.81297886
6113.7000 1.82062372
6113.7500 1.82826858
6113.8000 1.83591344
6113.8500 1.83165431
6113.9000 1.82193968
6113.9500 1.81222506
6114.0000 1.80251043
6114.0500 1.79279581
6114.1000 1.79074863
6114.1500 1.78975015
6114.2000 1.78875166
6114.2500 1.78775317
6114.3000 1.78685719
6114.3500 1.78721995
6114.4000 1.78758271
6114.4500 1.78794547
6114.5000 1.78830823
6114.5500 1.78668147
6114.6000 1.77974563
6114.6500 1.7728098
6114.7000 1.76587396
6114.7500 1.75893812
6114.8000 1.76282601
6114.8500 1.77884389
6114.9000 1.79486176
6114.9500 1.81087964
6115.0000 1.82689752
6115.0500 1.82476508
6115.1000 1.8137804
6115.1500 1.80279573
6115.2000 1.79181105
6115.2500 1.78082637
6115.3000 1.77839976
6115.3500 1.77720172
6115.4000 1.77600368
6115.4500 1.77480564
6115.5000 1.77368763
6115.5500 1.77350995
6115.6000 1.77333228
6115.6500 1.7731546
6115.7000 1.77297692
6115.7500 1.77405704
6115.8000 1.77830727
6115.8500 1.7825575
6115.9000 1.78680772
6115.9500 1.79105795
6116.0000 1.79296423
6116.0500 1.79244415
6116.1000 1.79192408
6116.1500 1.79140401
6116.2000 1.79088393
6116.2500 1.79031067
6116.3000 1.78971465
6116.3500 1.78911862
6116.4000 1.7885226
6116.4500 1.78792658
6116.5000 1.78897221
6116.5500 1.79017826
6116.6000 1.79138431
6116.6500 1.79259037
6116.7000 1.79365656
6116.7500 1.79372835
6116.8000 1.79380013
6116.8500 1.79387191
6116.9000 1.79394369
6116.9500 1.79457396
6117.0000 1.79630154
6117.0500 1.79802913
6117.1000 1.79975671
6117.1500 1.8014843
6117.2000 1.80140693
6117.2500 1.79987026
6117.3000 1.7983336
6117.3500 1.79679693
6117.4000 1.79526026
6117.4500 1.7964466
6117.5000 1.79844504
6117.5500 1.80044348
6117.6000 1.80244192
6117.6500 1.80444036
6117.7000 1.79505235
6117.7500 1.78554096
6117.8000 1.77602957
6117.8500 1.76651819
6117.9000 1.75974492
6117.9500 1.76327493
6118.0000 1.76680494
6118.0500 1.77033495
6118.1000 1.77386495
6118.1500 1.77818089
6118.2000 1.78352887
6118.2500 1.78887686
6118.3000 1.79422485
6118.3500 1.79957284
6118.4000 1.79862967
6118.4500 1.79439227
6118.5000 1.79015486
6118.5500 1.78591746
6118.6000 1.78168005
6118.6500 1.77306942
6118.7000 1.76387384
6118.7500 1.75467826
6118.8000 1.74548268
6118.8500 1.73812211
6118.9000 1.74570095
6118.9500 1.75327979
6119.0000 1.76085863
6119.0500 1.76843747
6119.1000 1.77111258
6119.1500 1.7642021
6119.2000 1.75729162
6119.2500 1.75038114
6119.3000 1.74347066
6119.3500 1.74335574
6119.4000 1.74838498
6119.4500 1.75341422
6119.5000 1.75844346
6119.5500 1.7634727
6119.6000 1.7617309
6119.6500 1.75831271
6119.7000 1.75489451
6119.7500 1.75147631
6119.8000 1.74820629
6119.8500 1.7489483
6119.9000 1.74969032
6119.9500 1.75043233
6120.0000 1.75117434
6120.0500 1.75409452
6120.1000 1.76286339
6120.1500 1.77163226
6120.2000 1.78040112
6120.2500 1.78916999
6120.3000 1.78921732
6120.3500 1.78084413
6120.4000 1.77247094
6120.4500 1.76409775
6120.5000 1.75572456
6120.5500 1.75665499
6120.6000 1.76072189
6120.6500 1.76478879
6120.7000 1.76885568
6120.7500 1.77292258
6120.8000 1.76522734
6120.8500 1.75739702
6120.9000 1.7495667
6120.9500 1.74173638
6121.0000 1.73672688
6121.0500 1.74110295
6121.1000 1.74547901
6121.1500 1.74985508
6121.2000 1.75423115
6121.2500 1.75443138
6121.3000 1.75002027
6121.3500 1.74560916
6121.4000 1.74119805
6121.4500 1.73678694
6121.5000 1.73723209
6121.5500 1.73955624
6121.6000 1.74188038
6121.6500 1.74420453
6121.7000 1.74652868
6121.7500 1.75076569
6121.8000 1.75506492
6121.8500 1.75936415
6121.9000 1.76366338
6121.9500 1.76590116
6122.0000 1.76072934
6122.0500 1.75555753
6122.1000 1.75038571
6122.1500 1.74521389
6122.2000 1.74198876
6122.2500 1.74097214
6122.3000 1.73995552
6122.3500 1.7389389
6122.4000 1.73792228
6122.4500 1.73600129
6122.5000 1.73373035
6122.5500 1.73145941
6122.6000 1.72918847
6122.6500 1.72691753
6122.7000 1.72584904
6122.7500 1.72481113
6122.8000 1.72377322
6122.8500 1.7227353
6122.9000 1.72345428
6122.9500 1.73001958
6123.0000 1.73658488
6123.0500 1.74315018
6123.1000 1.74971548
6123.1500 1.75621067
6123.2000 1.76263248
6123.2500 1.76905429
6123.3000 1.7754761
6123.3500 1.78189791
6123.4000 1.77683862
6123.4500 1.76790836
6123.5000 1.7589781
6123.5500 1.75004784
6123.6000 1.74119099
6123.6500 1.74063779
6123.7000 1.74008459
6123.7500 1.73953138
6123.8000 1.73897818
6123.8500 1.73830216
6123.9000 1.73729634
6123.9500 1.73629051
6124.0000 1.73528469
6124.0500 1.73427887
6124.1000 1.73263879
6124.1500 1.73044884
6124.2000 1.72825889
6124.2500 1.72606893
6124.3000 1.72387898
6124.3500 1.72104829
6124.4000 1.71805899
6124.4500 1.71506969
6124.5000 1.71208039
6124.5500 1.70986265
6124.6000 1.71802147
6124.6500 1.72618029
6124.7000 1.7343391
6124.7500 1.74249792
6124.8000 1.74445007
6124.8500 1.73427447
6124.9000 1.72409887
6124.9500 1.71392327
6125.0000 1.70374767
6125.0500 1.70090642
6125.1000 1.70276378
6125.1500 1.70462114
6125.2000 1.7064785
6125.2500 1.70833586
6125.3000 1.70867352
6125.3500 1.70880825
6125.4000 1.70894298
6125.4500 1.70907771
6125.5000 1.70875611
6125.5500 1.70597611
6125.6000 1.70319611
6125.6500 1.70041611
6125.7000 1.6976361
6125.7500 1.70019087
6125.8000 1.70974264
6125.8500 1.71929441
6125.9000 1.72884619
6125.9500 1.73839796
6126.0000 1.73542702
6126.0500 1.72734936
6126.1000 1.7192717
6126.1500 1.71119404
6126.2000 1.70311638
6126.2500 1.70778491
6126.3000 1.71258558
6126.3500 1.71738624
6126.4000 1.72218691
6126.4500 1.72602657
6126.5000 1.7272789
6126.5500 1.72853122
6126.6000 1.72978355
6126.6500 1.73103588
6126.7000 1.7349698
6126.7500 1.74106596
6126.8000 1.74716213
6126.8500 1.75325829
6126.9000 1.75935445
6126.9500 1.75913655
6127.0000 1.75769865
6127.0500 1.75626075
6127.1000 1.75482286
6127.1500 1.75397802
6127.2000 1.75731458
6127.2500 1.76065114
6127.3000 1.76398771
6127.3500 1.76732427
6127.4000 1.76540563
6127.4500 1.75598826
6127.5000 1.74657089
6127.5500 1.73715353
6127.6000 1.72773616
6127.6500 1.72422101
6127.7000 1.72321663
6127.7500 1.72221224
6127.8000 1.72120785
6127.8500 1.72020347
6127.9000 1.72549385
6127.9500 1.73083012
6128.0000 1.7361664
6128.0500 1.74150267
6128.1000 1.74505583
6128.1500 1.74414974
6128.2000 1.74324366
6128.2500 1.74233757
6128.3000 1.74143148
6128.3500 1.74153968
6128.4000 1.74238169
6128.4500 1.7432237
6128.5000 1.74406572
6128.5500 1.74490773
6128.6000 1.74791317
6128.6500 1.7512235
6128.7000 1.75453382
6128.7500 1.75784415
6128.8000 1.76025718
6128.8500 1.75842312
6128.9000 1.75658906
6128.9500 1.75475501
6129.0000 1.75292095
6129.0500 1.75076588
6129.1000 1.74825465
6129.1500 1.74574342
6129.2000 1.7432322
6129.2500 1.74072097
6129.3000 1.73801863
6129.3500 1.73526093
6129.4000 1.73250323
6129.4500 1.72974553
6129.5000 1.72758723
6129.5500 1.73247671
6129.6000 1.73736619
6129.6500 1.74225567
6129.7000 1.74714514
6129.7500 1.74793362
6129.8000 1.74211763
6129.8500 1.73630164
6129.9000 1.73048565
6129.9500 1.72466967
6130.0000 1.72556883
6130.0500 1.7294926
6130.1000 1.73341637
6130.1500 1.73734013
6130.2000 1.7412639
6130.2500 1.73503013
6130.3000 1.72877119
6130.3500 1.72251226
6130.4000 1.71625332
6130.4500 1.71126883
6130.5000 1.70915728
6130.5500 1.70704573
6130.6000 1.70493417
6130.6500 1.70282262
6130.7000 1.7076372
6130.7500 1.71671963
6130.8000 1.72580206
6130.8500 1.7348845
6130.9000 1.74396693
6130.9500 1.73565461
6131.0000 1.72607064
6131.0500 1.71648667
6131.1000 1.7069027
6131.1500 1.69966214
6131.2000 1.6995771
6131.2500 1.69949207
6131.3000 1.69940703
6131.3500 1.699322
6131.4000 1.70217634
6131.4500 1.70731019
6131.5000 1.71244404
6131.5500 1.71757789
6131.6000 1.72271174
6131.6500 1.72460847
6131.7000 1.72606973
6131.7500 1.727531
6131.8000 1.72899226
6131.8500 1.73094668
6131.9000 1.73485751
6131.9500 1.73876834
6132.0000 1.74267917
6132.0500 1.74659
6132.1000 1.74860735
6132.1500 1.74889716
6132.2000 1.74918697
6132.2500 1.74947678
6132.3000 1.74976659
6132.3500 1.74497509
6132.4000 1.73926
6132.4500 1.7335449
6132.5000 1.72782981
6132.5500 1.72319658
6132.6000 1.7238021
6132.6500 1.72440762
6132.7000 1.72501314
6132.7500 1.72561866
6132.8000 1.72363152
6132.8500 1.71902907
6132.9000 1.71442662
6132.9500 1.70982417
6133.0000 1.70522173
6133.0500 1.71363399
6133.1000 1.72478439
6133.1500 1.73593478
6133.2000 1.74708518
6133.2500 1.75443538
6133.3000 1.74126121
6133.3500 1.72808705
6133.4000 1.71491289
6133.4500 1.70173873
6133.5000 1.69847275
6133.5500 1.70560354
6133.6000 1.71273433
6133.6500 1.71986512
6133.7000 1.72699591
6133.7500 1.72902449
6133.8000 1.7299437
6133.8500 1.7308629
6133.9000 1.7317821
6133.9500 1.73070903
6134.0000 1.71890022
6134.0500 1.70709142
6134.1000 1.69528261
6134.1500 1.68347381
6134.2000 1.68016645
6134.2500 1.68558986
6134.3000 1.69101327
6134.3500 1.69643668
6134.4000 1.70186008
6134.4500 1.697802
6134.5000 1.69182746
6134.5500 1.68585292
6134.6000 1.67987838
6134.6500 1.67575468
6134.7000 1.6805367
6134.7500 1.68531873
6134.8000 1.69010075
6134.8500 1.69488277
6134.9000 1.69942616
6134.9500 1.70374388
6135.0000 1.70806161
6135.0500 1.71237933
6135.1000 1.71669705
6135.1500 1.7134247
6135.2000 1.70889168
6135.2500 1.70435867
6135.3000 1.69982565
6135.3500 1.69810666
6135.4000 1.70744568
6135.4500 1.7167847
6135.5000 1.72612372
6135.5500 1.73546274
6135.6000 1.73586297
6135.6500 1.72894501
6135.7000 1.72202705
6135.7500 1.71510909
6135.8000 1.70819113
6135.8500 1.70917521
6135.9000 1.71105171
6135.9500 1.71292822
6136.0000 1.71480472
6136.0500 1.71649259
6136.1000 1.71761122
6136.1500 1.71872986
6136.2000 1.71984849
6136.2500 1.72096712
6136.3000 1.72358212
6136.3500 1.72719064
6136.4000 1.73079916
6136.4500 1.73440768
6136.5000 1.7380162
6136.5500 1.72674521
6136.6000 1.71476898
6136.6500 1.70279275
6136.7000 1.69081652
6136.7500 1.68154843
6136.8000 1.67830203
6136.8500 1.67505564
6136.9000 1.67180925
6136.9500 1.66856286
6137.0000 1.67014891
6137.0500 1.67414343
6137.1000 1.67813794
6137.1500 1.68213246
6137.2000 1.68597023
6137.2500 1.68399167
6137.3000 1.68201312
6137.3500 1.68003456
6137.4000 1.67805601
6137.4500 1.67564732
6137.5000 1.67255674
6137.5500 1.66946617
6137.6000 1.66637559
6137.6500 1.66328502
6137.7000 1.66595284
6137.7500 1.67054975
6137.8000 1.67514667
6137.8500 1.67974359
6137.9000 1.68331291
6137.9500 1.67881745
6138.0000 1.674322
6138.0500 1.66982654
6138.1000 1.66533108
6138.1500 1.66298941
6138.2000 1.66299345
6138.2500 1.6629975
6138.3000 1.66300155
6138.3500 1.6630056
6138.4000 1.66836192
6138.4500 1.67469233
6138.5000 1.68102274
6138.5500 1.68735316
6138.6000 1.69287023
6138.6500 1.69541904
6138.7000 1.69796786
6138.7500 1.70051667
6138.8000 1.70306548
6138.8500 1.70040946
6138.9000 1.69407373
6138.9500 1.68773801
6139.0000 1.68140228
6139.0500 1.67506655
6139.1000 1.67674546
6139.1500 1.67877328
6139.2000 1.68080109
6139.2500 1.68282891
6139.3000 1.68200045
6139.3500 1.67543628
6139.4000 1.66887211
6139.4500 1.66230794
6139.5000 1.65574377
6139.5500 1.66184362
6139.6000 1.67315922
6139.6500 1.68447482
6139.7000 1.69579043
6139.7500 1.70647634
6139.8000 1.71045643
6139.8500 1.71443652
6139.9000 1.71841661
6139.9500 1.7223967
6140.0000 1.72242601
6140.0500 1.71791153
6140.1000 1.71339706
6140.1500 1.70888259
6140.2000 1.70436811
6140.2500 1.70324435
6140.3000 1.70273757
6140.3500 1.70223078
6140.4000 1.701724
6140.4500 1.70211351
6140.5000 1.70552568
6140.5500 1.70893785
6140.6000 1.71235002
6140.6500 1.71576219
6140.7000 1.71522055
6140.7500 1.71218351
6140.8000 1.70914647
6140.8500 1.70610943
6140.9000 1.70307238
6140.9500 1.69988868
6141.0000 1.69670486
6141.0500 1.69352103
6141.1000 1.6903372
6141.1500 1.68850335
6141.2000 1.68880877
6141.2500 1.6891142
6141.3000 1.68941962
6141.3500 1.68972505
6141.4000 1.68665757
6141.4500 1.68261847
6141.5000 1.67857938
6141.5500 1.67454029
6141.6000 1.67123986
6141.6500 1.67160988
6141.7000 1.6719799
6141.7500 1.67234992
6141.8000 1.67271994
6141.8500 1.67243533
6141.9000 1.67163722
6141.9500 1.6708391
6142.0000 1.67004099
6142.0500 1.66924287
6142.1000 1.67330168
6142.1500 1.67758946
6142.2000 1.68187723
6142.2500 1.686165
6142.3000 1.68533678
6142.3500 1.67505995
6142.4000 1.66478313
6142.4500 1.6545063
6142.5000 1.64422948
6142.5500 1.64841563
6142.6000 1.65744215
6142.6500 1.66646866
6142.7000 1.67549518
6142.7500 1.68334546
6142.8000 1.68447446
6142.8500 1.68560346
6142.9000 1.68673246
6142.9500 1.68786146
6143.0000 1.68418846
6143.0500 1.67659183
6143.1000 1.66899519
6143.1500 1.66139855
6143.2000 1.65380191
6143.2500 1.66030318
6143.3000 1.66749303
6143.3500 1.67468287
6143.4000 1.68187271
6143.4500 1.68739864
6143.5000 1.68994377
6143.5500 1.6924889
6143.6000 1.69503403
6143.6500 1.69757916
6143.7000 1.69461094
6143.7500 1.68994672
6143.8000 1.68528249
6143.8500 1.68061826
6143.9000 1.67593111
6143.9500 1.67113435
6144.0000 1.66633758
6144.0500 1.66154081
6144.1000 1.65674405
6144.1500 1.65455926
6144.2000 1.65424356
6144.2500 1.65392787
6144.3000 1.65361218
6144.3500 1.65329648
6144.4000 1.65261822
6144.4500 1.65193797
6144.5000 1.65125771
6144.5500 1.65057745
6144.6000 1.64968302
6144.6500 1.64847765
6144.7000 1.64727228
6144.7500 1.64606691
6144.8000 1.64486154
6144.8500 1.64245906
6144.9000 1.63979895
6144.9500 1.63713884
6145.0000 1.63447872
6145.0500 1.63360787
6145.1000 1.63841367
6145.1500 1.64321947
6145.2000 1.64802527
6145.2500 1.65283107
6145.3000 1.64882052
6145.3500 1.64023
6145.4000 1.63163948
6145.4500 1.62304895
6145.5000 1.61620266
6145.5500 1.62989264
6145.6000 1.64358261
6145.6500 1.65727258
6145.7000 1.67096255
6145.7500 1.67540151
6145.8000 1.67059545
6145.8500 1.66578939
6145.9000 1.66098334
6145.9500 1.65617728
6146.0000 1.65815498
6146.0500 1.66069265
6146.1000 1.66323032
6146.1500 1.665768
6146.2000 1.66614468
6146.2500 1.66249119
6146.3000 1.65883769
6146.3500 1.65518419
6146.4000 1.6515307
6146.4500 1.65538961
6146.5000 1.66141645
6146.5500 1.6674433
6146.6000 1.67347014
6146.6500 1.67799612
6146.7000 1.67669311
6146.7500 1.6753901
6146.8000 1.6740871
6146.8500 1.67278409
6146.9000 1.66954912
6146.9500 1.66520453
6147.0000 1.66085994
6147.0500 1.65651536
6147.1000 1.65234827
6147.1500 1.65064042
6147.2000 1.64893256
6147.2500 1.6472247
6147.3000 1.64551685
6147.3500 1.64563745
6147.4000 1.647578
6147.4500 1.64951855
6147.5000 1.6514591
6147.5500 1.65339965
6147.6000 1.65171384
6147.6500 1.64978305
6147.7000 1.64785226
6147.7500 1.64592148
6147.8000 1.64543028
6147.8500 1.64734878
6147.9000 1.64926728
6147.9500 1.65118579
6148.0000 1.65310429
6148.0500 1.64970628
6148.1000 1.64508513
6148.1500 1.64046399
6148.2000 1.63584284
6148.2500 1.63171527
6148.3000 1.62903998
6148.3500 1.6263647
6148.4000 1.62368941
6148.4500 1.62101412
6148.5000 1.62266914
6148.5500 1.62621503
6148.6000 1.62976092
6148.6500 1.63330681
6148.7000 1.63571987
6148.7500 1.63118414
6148.8000 1.62664841
6148.8500 1.62211268
6148.9000 1.61757696
6148.9500 1.61080547
6149.0000 1.60245447
6149.0500 1.59410347
6149.1000 1.58575247
6149.1500 1.57791763
6149.2000 1.58495564
6149.2500 1.59199364
6149.3000 1.59903165
6149.3500 1.60606965
6149.4000 1.6123263
6149.4500 1.6177459
6149.5000 1.6231655
6149.5500 1.62858511
6149.6000 1.63400471
6149.6500 1.62486717
6149.7000 1.61469699
6149.7500 1.60452682
6149.8000 1.59435665
6149.8500 1.593882
6149.9000 1.60880096
6149.9500 1.62371992
6150.0000 1.63863887
6150.0500 1.65355783
6150.1000 1.64218801
6150.1500 1.62584201
6150.2000 1.60949601
6150.2500 1.59315001
6150.3000 1.58342219
6150.3500 1.58936353
6150.4000 1.59530487
6150.4500 1.60124621
6150.5000 1.60718755
6150.5500 1.61343713
6150.6000 1.61978686
6150.6500 1.62613658
6150.7000 1.63248631
6150.7500 1.63488853
6150.8000 1.62281884
6150.8500 1.61074916
6150.9000 1.59867947
6150.9500 1.58660978
6151.0000 1.58431231
6151.0500 1.58670783
6151.1000 1.58910335
6151.1500 1.59149887
6151.2000 1.59481143
6151.2500 1.60382638
6151.3000 1.61284133
6151.3500 1.62185628
6151.4000 1.63087123
6151.4500 1.63740289
6151.5000 1.64230116
6151.5500 1.64719942
6151.6000 1.65209768
6151.6500 1.65546259
6151.7000 1.63833833
6151.7500 1.62121406
6151.8000 1.6040898
6151.8500 1.58696554
6151.9000 1.58245995
6151.9500 1.58880153
6152.0000 1.5951431
6152.0500 1.60148468
6152.1000 1.60778457
6152.1500 1.6086282
6152.2000 1.60947183
6152.2500 1.61031546
6152.3000 1.61115908
6152.3500 1.6081704
6152.4000 1.60101565
6152.4500 1.5938609
6152.5000 1.58670615
6152.5500 1.5795514
6152.6000 1.57858143
6152.6500 1.57792052
6152.7000 1.57725961
6152.7500 1.5765987
6152.8000 1.57700274
6152.8500 1.57883355
6152.9000 1.58066436
6152.9500 1.58249517
6153.0000 1.58432598
6153.0500 1.58347674
6153.1000 1.58234323
6153.1500 1.58120972
6153.2000 1.5800762
6153.2500 1.57791239
6153.3000 1.57408545
6153.3500 1.57025852
6153.4000 1.56643158
6153.4500 1.56260465
6153.5000 1.57276982
6153.5500 1.58516241
6153.6000 1.597555
6153.6500 1.60994759
6153.7000 1.61821837
6153.7500 1.61864746
6153.8000 1.61907655
6153.8500 1.61950565
6153.9000 1.61993474
6153.9500 1.61195493
6154.0000 1.60222974
6154.0500 1.59250456
6154.1000 1.58277937
6154.1500 1.57551142
6154.2000 1.57362642
6154.2500 1.57174142
6154.3000 1.56985641
6154.3500 1.56797141
6154.4000 1.57773135
6154.4500 1.59039459
6154.5000 1.60305783
6154.5500 1.61572106
6154.6000 1.62428542
6154.6500 1.62277439
6154.7000 1.62126337
6154.7500 1.61975234
6154.8000 1.61824131
6154.8500 1.60920821
6154.9000 1.59804904
6154.9500 1.58688987
6155.0000 1.5757307
6155.0500 1.56863257
6155.1000 1.57241347
6155.1500 1.57619437
6155.2000 1.57997528
6155.2500 1.58375618
6155.3000 1.57666182
6155.3500 1.56624014
6155.4000 1.55581847
6155.4500 1.54539679
6155.5000 1.54117939
6155.5500 1.55449706
6155.6000 1.56781474
6155.6500 1.58113241
6155.7000 1.59445009
6155.7500 1.59741153
6155.8000 1.59707915
6155.8500 1.59674678
6155.9000 1.59641441
6155.9500 1.59577016
6156.0000 1.59422788
6156.0500 1.5926856
6156.1000 1.59114332
6156.1500 1.58960104
6156.2000 1.58506395
6156.2500 1.57957361
6156.3000 1.57408328
6156.3500 1.56859295
6156.4000 1.5660816
6156.4500 1.57200209
6156.5000 1.57792257
6156.5500 1.58384305
6156.6000 1.58976354
6156.6500 1.59200605
6156.7000 1.59312064
6156.7500 1.59423523
6156.8000 1.59534981
6156.8500 1.59413152
6156.9000 1.58664598
6156.9500 1.57916045
6157.0000 1.57167491
6157.0500 1.56418938
6157.1000 1.56620179
6157.1500 1.57090963
6157.2000 1.57561747
6157.2500 1.5803253
6157.3000 1.58601273
6157.3500 1.5941178
6157.4000 1.60222286
6157.4500 1.61032793
6157.5000 1.618433
6157.5500 1.61507852
6157.6000 1.60884982
6157.6500 1.60262112
6157.7000 1.59639242
6157.7500 1.59430055
6157.8000 1.60131675
6157.8500 1.60833295
6157.9000 1.61534915
6157.9500 1.62236535
6158.0000 1.62555033
6158.0500 1.62793336
6158.1000 1.63031639
6158.1500 1.63269942
6158.2000 1.63266791
6158.2500 1.62801587
6158.3000 1.62336383
6158.3500 1.61871179
6158.4000 1.61405975
6158.4500 1.61887691
6158.5000 1.62521966
6158.5500 1.63156241
6158.6000 1.63790515
6158.6500 1.63850131
6158.7000 1.62976109
6158.7500 1.62102086
6158.8000 1.61228064
6158.8500 1.60354042
6158.9000 1.59701709
6158.9500 1.59073332
6159.0000 1.58444955
6159.0500 1.57816577
6159.1000 1.57649394
6159.1500 1.58104432
6159.2000 1.5855947
6159.2500 1.59014509
6159.3000 1.59469547
6159.3500 1.60259
6159.4000 1.61065826
6159.4500 1.61872651
6159.5000 1.62679476
6159.5500 1.6289677
6159.6000 1.62468394
6159.6500 1.62040019
6159.7000 1.61611644
6159.7500 1.61188463
6159.8000 1.61677465
6159.8500 1.62166468
6159.9000 1.62655471
6159.9500 1.63144473
6160.0000 1.62915198
6160.0500 1.62063569
6160.1000 1.6121194
6160.1500 1.6036031
6160.2000 1.59565255
6160.2500 1.59550314
6160.3000 1.59535373
6160.3500 1.59520432
6160.4000 1.59505492
6160.4500 1.59479603
6160.5000 1.59446451
6160.5500 1.59413299
6160.6000 1.59380147
6160.6500 1.59423624
6160.7000 1.59951926
6160.7500 1.60480227
6160.8000 1.61008529
6160.8500 1.61536831
6160.9000 1.62089292
6160.9500 1.62653465
6161.0000 1.63217638
6161.0500 1.63781811
6161.1000 1.63979322
6161.1500 1.62816082
6161.2000 1.61652842
6161.2500 1.60489601
6161.3000 1.59326361
6161.3500 1.59658027
6161.4000 1.60480729
6161.4500 1.61303431
6161.5000 1.62126133
6161.5500 1.62802883
6161.6000 1.63130758
6161.6500 1.63458634
6161.7000 1.63786509
6161.7500 1.64114384
6161.8000 1.63276747
6161.8500 1.62215284
6161.9000 1.61153822
6161.9500 1.60092359
6162.0000 1.59481919
6162.0500 1.59593253
6162.1000 1.59704588
6162.1500 1.59815922
6162.2000 1.59927256
6162.2500 1.60674329
6162.3000 1.61467806
6162.3500 1.62261283
6162.4000 1.6305476
6162.4500 1.63609522
6162.5000 1.63906818
6162.5500 1.64204113
6162.6000 1.64501408
6162.6500 1.64775515
6162.7000 1.64347415
6162.7500 1.63919315
6162.8000 1.63491215
6162.8500 1.63063115
6162.9000 1.63323906
6162.9500 1.64074279
6163.0000 1.64824652
6163.0500 1.65575025
6163.1000 1.66116113
6163.1500 1.65359621
6163.2000 1.6460313
6163.2500 1.63846638
6163.3000 1.63090147
6163.3500 1.63101165
6163.4000 1.63449091
6163.4500 1.63797017
6163.5000 1.64144943
6163.5500 1.64064681
6163.6000 1.62718389
6163.6500 1.61372097
6163.7000 1.60025804
6163.7500 1.58679512
6163.8000 1.58905768
6163.8500 1.59495499
6163.9000 1.6008523
6163.9500 1.60674962
6164.0000 1.61371954
6164.0500 1.62248856
6164.1000 1.63125759
6164.1500 1.64002661
6164.2000 1.64879563
6164.2500 1.65065302
6164.3000 1.65204175
6164.3500 1.65343047
6164.4000 1.6548192
6164.4500 1.652635
6164.5000 1.64689526
6164.5500 1.64115552
6164.6000 1.63541578
6164.6500 1.63011704
6164.7000 1.630894
6164.7500 1.63167097
6164.8000 1.63244793
6164.8500 1.6332249
6164.9000 1.63520258
6164.9500 1.63786787
6165.0000 1.64053316
6165.0500 1.64319845
6165.1000 1.64490552
6165.1500 1.64291431
6165.2000 1.64092311
6165.2500 1.6389319
6165.3000 1.6369407
6165.3500 1.62767252
6165.4000 1.61632113
6165.4500 1.60496973
6165.5000 1.59361833
6165.5500 1.59024201
6165.6000 1.60162272
6165.6500 1.61300344
6165.7000 1.62438415
6165.7500 1.63576486
6165.8000 1.62883547
6165.8500 1.62044189
6165.9000 1.6120483
6165.9500 1.60365471
6166.0000 1.59804661
6166.0500 1.5951928
6166.1000 1.59233899
6166.1500 1.58948518
6166.2000 1.58807551
6166.2500 1.60296051
6166.3000 1.61784551
6166.3500 1.6327305
6166.4000 1.6476155
6166.4500 1.64613656
6166.5000 1.63629306
6166.5500 1.62644956
6166.6000 1.61660605
6166.6500 1.60886448
6166.7000 1.60764208
6166.7500 1.60641968
6166.8000 1.60519728
6166.8500 1.60397489
6166.9000 1.59674688
6166.9500 1.58826797
6167.0000 1.57978905
6167.0500 1.57131014
6167.1000 1.57184863
6167.1500 1.58519525
6167.2000 1.59854187
6167.2500 1.61188848
6167.3000 1.6252266
6167.3500 1.61911854
6167.4000 1.61301047
6167.4500 1.6069024
6167.5000 1.60079434
6167.5500 1.60318501
6167.6000 1.61149498
6167.6500 1.61980494
6167.7000 1.6281149
6167.7500 1.63275488
6167.8000 1.62069931
6167.8500 1.60864375
6167.9000 1.59658819
6167.9500 1.58453263
6168.0000 1.58172509
6168.0500 1.58163802
6168.1000 1.58155095
6168.1500 1.58146388
6168.2000 1.58500163
6168.2500 1.59479342
6168.3000 1.60458521
6168.3500 1.614377
6168.4000 1.62416879
6168.4500 1.622938
6168.5000 1.62128244
6168.5500 1.61962689
6168.6000 1.61797133
6168.6500 1.61675211
6168.7000 1.61587489
6168.7500 1.61499767
6168.8000 1.61412045
6168.8500 1.61387859
6168.9000 1.61697114
6168.9500 1.62006369
6169.0000 1.62315625
6169.0500 1.6262488
6169.1000 1.61585037
6169.1500 1.60122037
6169.2000 1.58659036
6169.2500 1.57196036
6169.3000 1.56840669
6169.3500 1.58419306
6169.4000 1.59997943
6169.4500 1.6157658
6169.5000 1.63155217
6169.5500 1.62559799
6169.6000 1.61894416
6169.6500 1.61229033
6169.7000 1.6056365
6169.7500 1.60704293
6169.8000 1.6144014
6169.8500 1.62175988
6169.9000 1.62911836
6169.9500 1.63580791
6170.0000 1.6395185
6170.0500 1.64322909
6170.1000 1.64693969
6170.1500 1.65065028
6170.2000 1.64768415
6170.2500 1.64297791
6170.3000 1.63827168
6170.3500 1.63356545
6170.4000 1.63158378
6170.4500 1.63360675
6170.5000 1.63562972
6170.5500 1.63765269
6170.6000 1.63975231
6170.6500 1.64597403
6170.7000 1.65219575
6170.7500 1.65841746
6170.8000 1.66463918
6170.8500 1.65140251
6170.9000 1.62690204
6170.9500 1.60240156
6171.0000 1.57790109
6171.0500 1.5616068
6171.1000 1.56990239
6171.1500 1.57819797
6171.2000 1.58649356
6171.2500 1.59478914
6171.3000 1.60644162
6171.3500 1.61860097
6171.4000 1.63076032
6171.4500 1.64291968
6171.5000 1.64773176
6171.5500 1.64487068
6171.6000 1.6420096
6171.6500 1.63914852
6171.7000 1.63578743
6171.7500 1.62843117
6171.8000 1.6210749
6171.8500 1.61371864
6171.9000 1.60636238
6171.9500 1.60418839
6172.0000 1.6038823
6172.0500 1.60357622
6172.1000 1.60327014
6172.1500 1.60420698
6172.2000 1.60734748
6172.2500 1.61048798
6172.3000 1.61362849
6172.3500 1.61676899
6172.4000 1.61920983
6172.4500 1.62164212
6172.5000 1.62407441
6172.5500 1.6265067
6172.6000 1.62572762
6172.6500 1.62295498
6172.7000 1.62018235
6172.7500 1.61740972
6172.8000 1.61579599
6172.8500 1.61770038
6172.9000 1.61960477
6172.9500 1.62150916
6173.0000 1.62341355
6173.0500 1.61738775
6173.1000 1.61028395
6173.1500 1.60318016
6173.2000 1.59607637
6173.2500 1.58289638
6173.3000 1.56398548
6173.3500 1.54507458
6173.4000 1.52616367
6173.4500 1.51356258
6173.5000 1.53653398
6173.5500 1.55950537
6173.6000 1.58247677
6173.6500 1.60544817
6173.7000 1.60763087
6173.7500 1.60423526
6173.8000 1.60083964
6173.8500 1.59744403
6173.9000 1.59894537
6173.9500 1.60699229
6174.0000 1.6150392
6174.0500 1.62308612
6174.1000 1.63095841
6174.1500 1.63648297
6174.2000 1.64200754
6174.2500 1.6475321
6174.3000 1.65305667
6174.3500 1.64237354
6174.4000 1.62514253
6174.4500 1.60791152
6174.5000 1.59068051
6174.5500 1.58106679
6174.6000 1.58517175
6174.6500 1.5892767
6174.7000 1.59338166
6174.7500 1.5974349
6174.8000 1.58688394
6174.8500 1.57633299
6174.9000 1.56578203
6174.9500 1.55523108
6175.0000 1.55517774
6175.0500 1.56073267
6175.1000 1.5662876
6175.1500 1.57184254
6175.2000 1.57625359
6175.2500 1.57801827
6175.3000 1.57978294
6175.3500 1.58154762
6175.4000 1.58331229
6175.4500 1.58903621
6175.5000 1.59495301
6175.5500 1.6008698
6175.6000 1.60678659
6175.6500 1.61524202
6175.7000 1.62534073
6175.7500 1.63543944
6175.8000 1.64553814
6175.8500 1.6498615
6175.9000 1.63794241
6175.9500 1.62602332
6176.0000 1.61410423
6176.0500 1.60218513
6176.1000 1.60874981
6176.1500 1.61693699
6176.2000 1.62512416
6176.2500 1.63331133
6176.3000 1.63334071
6176.3500 1.62741536
6176.4000 1.62149001
6176.4500 1.61556465
6176.5000 1.61197236
6176.5500 1.61582707
6176.6000 1.61968179
6176.6500 1.6235365
6176.7000 1.62739122
6176.7500 1.62934376
6176.8000 1.63108683
6176.8500 1.63282989
6176.9000 1.63457296
6176.9500 1.63642446
6177.0000 1.63835952
6177.0500 1.64029458
6177.1000 1.64222963
6177.1500 1.64267478
6177.2000 1.63814736
6177.2500 1.63361994
6177.3000 1.62909252
6177.3500 1.6245651
6177.4000 1.62100467
6177.4500 1.61755402
6177.5000 1.61410338
6177.5500 1.61065273
6177.6000 1.61111212
6177.6500 1.61455389
6177.7000 1.61799566
6177.7500 1.62143742
6177.8000 1.6223024
6177.8500 1.61493085
6177.9000 1.60755929
6177.9500 1.60018773
6178.0000 1.59281617
6178.0500 1.590025
6178.1000 1.58768103
6178.1500 1.58533707
6178.2000 1.58299311
6178.2500 1.58255367
6178.3000 1.58346222
6178.3500 1.58437078
6178.4000 1.58527934
6178.4500 1.5897765
6178.5000 1.60439196
6178.5500 1.61900743
6178.6000 1.63362289
6178.6500 1.64823836
6178.7000 1.63484093
6178.7500 1.61964969
6178.8000 1.60445844
6178.8500 1.5892672
6178.9000 1.59059301
6178.9500 1.60206027
6179.0000 1.61352752
6179.0500 1.62499478
6179.1000 1.63436557
6179.1500 1.63886997
6179.2000 1.64337438
6179.2500 1.64787879
6179.3000 1.6523832
6179.3500 1.65108243
6179.4000 1.64968944
6179.4500 1.64829644
6179.5000 1.64690344
6179.5500 1.63807123
6179.6000 1.62556466
6179.6500 1.61305809
6179.7000 1.60055153
6179.7500 1.59639082
6179.8000 1.60731746
6179.8500 1.6182441
6179.9000 1.62917074
6179.9500 1.63953187
6180.0000 1.63780261
6180.0500 1.63607335
6180.1000 1.6343441
6180.1500 1.63261484
6180.2000 1.62009978
6180.2500 1.6036953
6180.3000 1.58729081
6180.3500 1.57088632
6180.4000 1.56750007
6180.4500 1.581583
6180.5000 1.59566592
6180.5500 1.60974885
6180.6000 1.62161508
6180.6500 1.61734729
6180.7000 1.61307949
6180.7500 1.60881169
6180.8000 1.6045439
6180.8500 1.5959443
6180.9000 1.58637015
6180.9500 1.57679601
6181.0000 1.56722186
6181.0500 1.57165501
6181.1000 1.58935116
6181.1500 1.60704731
6181.2000 1.62474346
6181.2500 1.63609223
6181.3000 1.62394719
6181.3500 1.61180215
6181.4000 1.59965711
6181.4500 1.58751206
6181.5000 1.57715959
6181.5500 1.56697681
6181.6000 1.55679404
6181.6500 1.54661126
6181.7000 1.54499622
6181.7500 1.54872004
6181.8000 1.55244386
6181.8500 1.55616768
6181.9000 1.56017517
6181.9500 1.56478428
6182.0000 1.56939339
6182.0500 1.57400251
6182.1000 1.57873996
6182.1500 1.58819136
6182.2000 1.59764275
6182.2500 1.60709415
6182.3000 1.61654554
6182.3500 1.61735548
6182.4000 1.61503933
6182.4500 1.61272318
6182.5000 1.61040703
6182.5500 1.60724495
6182.6000 1.60302333
6182.6500 1.59880171
6182.7000 1.59458009
6182.7500 0
6182.8000 0
6182.8500 0
6182.9000 0
6182.9500 0
