4256.0500 0
4256.1000 0
4256.1500 0
4256.2000 0
4256.2500 0
4256.3000 0
4256.3500 0
4256.4000 0
4256.4500 0
4256.5000 0
4256.5500 0
4256.6000 0
4256.6500 0
4256.7000 0
4256.7500 0
4256.8000 0
4256.8500 0
4256.9000 0
4256.9500 0
4257.0000 0
4257.0500 0
4257.1000 0
4257.1500 0
4257.2000 0
4257.2500 0
4257.3000 0
4257.3500 0
4257.4000 0
4257.4500 0
4257.5000 0
4257.5500 0
4257.6000 0
4257.6500 0
4257.7000 0
4257.7500 0
4257.8000 0
4257.8500 0
4257.9000 0
4257.9500 0
4258.0000 0
4258.0500 0
4258.1000 0
4258.1500 0
4258.2000 0
4258.2500 0
4258.3000 0
4258.3500 0
4258.4000 0
4258.4500 0
4258.5000 0
4258.5500 0
4258.6000 0
4258.6500 0
4258.7000 0
4258.7500 0
4258.8000 0
4258.8500 0
4258.9000 0
4258.9500 0
4259.0000 0
4259.0500 0
4259.1000 0
4259.1500 0
4259.2000 0
4259.2500 0
4259.3000 0
4259.3500 0
4259.4000 0
4259.4500 0
4259.5000 0
4259.5500 0
4259.6000 0
4259.6500 0
4259.7000 0
4259.7500 0
4259.8000 0
4259.8500 0
4259.9000 0
4259.9500 0
4260.0000 0
4260.0500 0
4260.1000 0
4260.1500 0
4260.2000 0
4260.2500 0
4260.3000 0
4260.3500 0
4260.4000 0
4260.4500 0
4260.5000 0
4260.5500 0
4260.6000 0
4260.6500 0
4260.7000 0
4260.7500 0
4260.8000 0
4260.8500 0
4260.9000 0
4260.9500 0
4261.0000 0
4261.0500 0
4261.1000 0
4261.1500 0
4261.2000 0
4261.2500 0
4261.3000 0
4261.3500 0
4261.4000 0
4261.4500 0
4261.5000 0
4261.5500 0
4261.6000 0.00489339
4261.6500 0.01833847
4261.7000 0.03178355
4261.7500 0.04522863
4261.8000 0.04505439
4261.8500 0.02139679
4261.9000 -0.00226081
4261.9500 -0.02591842
4262.0000 -0.03503481
4262.0500 -0.0195558
4262.1000 -0.00407679
4262.1500 0.01140222
4262.2000 0.0199385
4262.2500 0.01702081
4262.3000 0.01410312
4262.3500 0.01118543
4262.4000 0.01655467
4262.4500 0.03518435
4262.5000 0.05381403
4262.5500 0.07244371
4262.6000 0.09810859
4262.6500 0.13463261
4262.7000 0.17115663
4262.7500 0.20768065
4262.8000 0.22973615
4262.8500 0.23036457
4262.9000 0.23099299
4262.9500 0.23162141
4263.0000 0.23911096
4263.0500 0.25629808
4263.1000 0.2734852
4263.1500 0.29067232
4263.2000 0.30813288
4263.2500 0.32596038
4263.3000 0.34378789
4263.3500 0.3616154
4263.4000 0.38743194
4263.4500 0.42337575
4263.5000 0.45931955
4263.5500 0.49526336
4263.6000 0.52246187
4263.6500 0.53924161
4263.7000 0.55602136
4263.7500 0.5728011
4263.8000 0.59264628
4263.8500 0.61590619
4263.9000 0.63916611
4263.9500 0.66242602
4264.0000 0.67230939
4264.0500 0.66833214
4264.1000 0.66435489
4264.1500 0.66037764
4264.2000 0.67289527
4264.2500 0.70122705
4264.3000 0.72955884
4264.3500 0.75789063
4264.4000 0.77363361
4264.4500 0.77827152
4264.5000 0.78290943
4264.5500 0.78754733
4264.6000 0.79519499
4264.6500 0.80527117
4264.7000 0.81534734
4264.7500 0.82542351
4264.8000 0.82770813
4264.8500 0.82427896
4264.9000 0.82084978
4264.9500 0.81742061
4265.0000 0.82413394
4265.0500 0.83755947
4265.1000 0.85098499
4265.1500 0.86441052
4265.2000 0.87478646
4265.2500 0.88335556
4265.3000 0.89192466
4265.3500 0.90049376
4265.4000 0.89994025
4265.4500 0.89459214
4265.5000 0.88924403
4265.5500 0.88389592
4265.6000 0.88924758
4265.6500 0.89953361
4265.7000 0.90981965
4265.7500 0.92010569
4265.8000 0.92402695
4265.8500 0.92540657
4265.9000 0.92678619
4265.9500 0.92816582
4266.0000 0.93924533
4266.0500 0.95362364
4266.1000 0.96800196
4266.1500 0.98238027
4266.2000 0.97879956
4266.2500 0.9701288
4266.3000 0.96145803
4266.3500 0.95278726
4266.4000 0.96551028
4266.4500 0.98313937
4266.5000 1.00076847
4266.5500 1.01839757
4266.6000 1.00984119
4266.6500 0.99663106
4266.7000 0.98342094
4266.7500 0.97021081
4266.8000 0.9760026
4266.8500 0.98423727
4266.9000 0.99247195
4266.9500 1.00070663
4267.0000 1.00093679
4267.0500 1.00051252
4267.1000 1.00008825
4267.1500 0.99966398
4267.2000 1.01004274
4267.2500 1.02082374
4267.3000 1.03160474
4267.3500 1.04237114
4267.4000 1.05030452
4267.4500 1.0582379
4267.5000 1.06617128
4267.5500 1.07335225
4267.6000 1.06544674
4267.6500 1.05754123
4267.7000 1.04963572
4267.7500 1.04215515
4267.8000 1.03890803
4267.8500 1.0356609
4267.9000 1.03241377
4267.9500 1.02852023
4268.0000 1.02052999
4268.0500 1.01253975
4268.1000 1.00454952
4268.1500 0.99904001
4268.2000 1.0046286
4268.2500 1.01021719
4268.3000 1.01580578
4268.3500 1.01716383
4268.4000 1.00439398
4268.4500 0.99162414
4268.5000 0.9788543
4268.5500 0.97277861
4268.6000 0.9839564
4268.6500 0.99513419
4268.7000 1.00631198
4268.7500 1.0119979
4268.8000 1.00653202
4268.8500 1.00106613
4268.9000 0.99560025
4268.9500 0.99267581
4269.0000 0.99386741
4269.0500 0.99505901
4269.1000 0.99625061
4269.1500 0.99605556
4269.2000 0.99405844
4269.2500 0.99206132
4269.3000 0.9900642
4269.3500 0.9866247
4269.4000 0.98167983
4269.4500 0.97673495
4269.5000 0.97179007
4269.5500 0.96762484
4269.6000 0.9641102
4269.6500 0.96059557
4269.7000 0.95708093
4269.7500 0.96221557
4269.8000 0.97306265
4269.8500 0.98390974
4269.9000 0.99475682
4269.9500 0.98736016
4270.0000 0.97059526
4270.0500 0.95383037
4270.1000 0.93706547
4270.1500 0.94408635
4270.2000 0.960333
4270.2500 0.97657964
4270.3000 0.99282628
4270.3500 0.99742107
4270.4000 0.9987615
4270.4500 1.00010193
4270.5000 1.00144236
4270.5500 1.02537434
4270.6000 1.05347687
4270.6500 1.08157939
4270.7000 1.10968192
4270.7500 1.07847114
4270.8000 1.04124943
4270.8500 1.00402772
4270.9000 0.96680601
4270.9500 0.97900389
4271.0000 0.99256583
4271.0500 1.00612778
4271.1000 1.01889276
4271.1500 1.01234509
4271.2000 1.00579741
4271.2500 0.99924974
4271.3000 0.9937676
4271.3500 0.99713594
4271.4000 1.00050428
4271.4500 1.00387261
4271.5000 1.00836516
4271.5500 1.01809879
4271.6000 1.02783242
4271.6500 1.03756604
4271.7000 1.04440084
4271.7500 1.04240343
4271.8000 1.04040603
4271.8500 1.03840862
4271.9000 1.04073506
4271.9500 1.05229491
4272.0000 1.06385476
4272.0500 1.07541461
4272.1000 1.08392741
4272.1500 1.08771596
4272.2000 1.09150451
4272.2500 1.09529305
4272.3000 1.09776585
4272.3500 1.09873437
4272.4000 1.0997029
4272.4500 1.10067143
4272.5000 1.10461574
4272.5500 1.11107063
4272.6000 1.11752551
4272.6500 1.1239804
4272.7000 1.12531442
4272.7500 1.12350379
4272.8000 1.12169317
4272.8500 1.11988254
4272.9000 1.15013552
4272.9500 1.19425972
4273.0000 1.23838393
4273.0500 1.28250814
4273.1000 1.26624252
4273.1500 1.23272801
4273.2000 1.1992135
4273.2500 1.16569899
4273.3000 1.15993699
4273.3500 1.15873165
4273.4000 1.1575263
4273.4500 1.15632096
4273.5000 1.19748055
4273.5500 1.24127578
4273.6000 1.28507101
4273.6500 1.3277978
4273.7000 1.32923164
4273.7500 1.33066547
4273.8000 1.33209931
4273.8500 1.32823023
4273.9000 1.28160405
4273.9500 1.23497788
4274.0000 1.18835171
4274.0500 1.15112127
4274.1000 1.1522417
4274.1500 1.15336212
4274.2000 1.15448254
4274.2500 1.15531052
4274.3000 1.15540321
4274.3500 1.1554959
4274.4000 1.15558859
4274.4500 1.15287875
4274.5000 1.14547098
4274.5500 1.13806321
4274.6000 1.13065544
4274.6500 1.12602562
4274.7000 1.12460396
4274.7500 1.12318231
4274.8000 1.12176066
4274.8500 1.11529477
4274.9000 1.1047976
4274.9500 1.09430042
4275.0000 1.08380325
4275.0500 1.09928901
4275.1000 1.1288351
4275.1500 1.15838119
4275.2000 1.18792727
4275.2500 1.16759137
4275.3000 1.13002494
4275.3500 1.09245851
4275.4000 1.05489208
4275.4500 1.04960346
4275.5000 1.05051022
4275.5500 1.05141698
4275.6000 1.05232374
4275.6500 1.0558469
4275.7000 1.05954895
4275.7500 1.06325101
4275.8000 1.06632051
4275.8500 1.05160803
4275.9000 1.03689556
4275.9500 1.02218308
4276.0000 1.0088283
4276.0500 1.00424616
4276.1000 0.99966401
4276.1500 0.99508187
4276.2000 0.99959183
4276.2500 1.03369716
4276.3000 1.06780249
4276.3500 1.10190782
4276.4000 1.12426365
4276.4500 1.12353751
4276.5000 1.12281138
4276.5500 1.12208525
4276.6000 1.10204613
4276.6500 1.05752172
4276.7000 1.0129973
4276.7500 0.96847288
4276.8000 0.94767509
4276.8500 0.94661404
4276.9000 0.94555298
4276.9500 0.94449193
4277.0000 0.94998636
4277.0500 0.95897722
4277.1000 0.96796808
4277.1500 0.97695894
4277.2000 0.97203175
4277.2500 0.9627032
4277.3000 0.95337465
4277.3500 0.94404611
4277.4000 0.94504477
4277.4500 0.94760517
4277.5000 0.95016557
4277.5500 0.95272598
4277.6000 0.974834
4277.6500 0.99736437
4277.7000 1.01989473
4277.7500 1.04095668
4277.8000 1.04723963
4277.8500 1.05352258
4277.9000 1.05980554
4277.9500 1.06331511
4278.0000 1.05595083
4278.0500 1.04858655
4278.1000 1.04122226
4278.1500 1.02757106
4278.2000 1.00039754
4278.2500 0.97322403
4278.3000 0.94605052
4278.3500 0.95031218
4278.4000 0.99576384
4278.4500 1.04121549
4278.5000 1.08666715
4278.5500 1.1013644
4278.6000 1.09086047
4278.6500 1.08035653
4278.7000 1.06985259
4278.7500 1.06788035
4278.8000 1.07015389
4278.8500 1.07242743
4278.9000 1.07470098
4278.9500 1.0900306
4279.0000 1.10889136
4279.0500 1.12775211
4279.1000 1.14661287
4279.1500 1.13030512
4279.2000 1.11042682
4279.2500 1.09054853
4279.3000 1.07049194
4279.3500 1.04464197
4279.4000 1.018792
4279.4500 0.99294203
4279.5000 0.97217745
4279.5500 0.97952425
4279.6000 0.98687105
4279.6500 0.99421786
4279.7000 1.00610622
4279.7500 1.02979947
4279.8000 1.05349271
4279.8500 1.07718596
4279.9000 1.09395643
4279.9500 1.10050491
4280.0000 1.10705339
4280.0500 1.11360186
4280.1000 1.09981195
4280.1500 1.0680614
4280.2000 1.03631086
4280.2500 1.00456031
4280.3000 1.01713585
4280.3500 1.05258593
4280.4000 1.08803601
4280.4500 1.12348609
4280.5000 1.10083814
4280.5500 1.06269805
4280.6000 1.02455796
4280.6500 0.98641788
4280.7000 1.00753425
4280.7500 1.03375721
4280.8000 1.05998017
4280.8500 1.08467129
4280.9000 1.08206988
4280.9500 1.07946848
4281.0000 1.07686707
4281.0500 1.06854293
4281.1000 1.03532774
4281.1500 1.00211255
4281.2000 0.96889735
4281.2500 0.94675435
4281.3000 0.94792205
4281.3500 0.94908975
4281.4000 0.95025745
4281.4500 0.96281362
4281.5000 0.98882403
4281.5500 1.01483443
4281.6000 1.04084484
4281.6500 1.03478713
4281.7000 1.00700309
4281.7500 0.97921905
4281.8000 0.951435
4281.8500 0.94425692
4281.9000 0.94450342
4281.9500 0.94474992
4282.0000 0.94499641
4282.0500 0.96788213
4282.1000 0.99398931
4282.1500 1.02009649
4282.2000 1.04516198
4282.2500 1.01012163
4282.3000 0.97508127
4282.3500 0.94004092
4282.4000 0.91155175
4282.4500 0.91747114
4282.5000 0.92339053
4282.5500 0.92930992
4282.6000 0.94325707
4282.6500 0.97557065
4282.7000 1.00788423
4282.7500 1.04019782
4282.8000 1.04072175
4282.8500 1.00233739
4282.9000 0.96395302
4282.9500 0.92556866
4283.0000 0.92393867
4283.0500 0.94717521
4283.1000 0.97041175
4283.1500 0.99364829
4283.2000 1.00361796
4283.2500 1.00903615
4283.3000 1.01445435
4283.3500 1.01987254
4283.4000 1.01598966
4283.4500 1.01100355
4283.5000 1.00601744
4283.5500 1.00136303
4283.6000 1.00380386
4283.6500 1.00624469
4283.7000 1.00868551
4283.7500 1.00612985
4283.8000 0.98316349
4283.8500 0.96019713
4283.9000 0.93723077
4283.9500 0.93239085
4284.0000 0.96122207
4284.0500 0.9900533
4284.1000 1.01888452
4284.1500 1.03157188
4284.2000 1.02840552
4284.2500 1.02523916
4284.3000 1.02207281
4284.3500 1.02544953
4284.4000 1.03219071
4284.4500 1.03893189
4284.5000 1.04567306
4284.5500 1.04511839
4284.6000 1.04293597
4284.6500 1.04075355
4284.7000 1.03857113
4284.7500 1.03539807
4284.8000 1.03220071
4284.8500 1.02900335
4284.9000 1.02611716
4284.9500 1.02521081
4285.0000 1.02430447
4285.0500 1.02339812
4285.1000 1.02434478
4285.1500 1.02968014
4285.2000 1.03501549
4285.2500 1.04035084
4285.3000 1.03407482
4285.3500 1.01412527
4285.4000 0.99417571
4285.4500 0.97422616
4285.5000 0.97505764
4285.5500 0.98847202
4285.6000 1.00188641
4285.6500 1.01530079
4285.7000 1.00693871
4285.7500 0.99271053
4285.8000 0.97848234
4285.8500 0.96425416
4285.9000 0.99444398
4285.9500 1.02677528
4286.0000 1.05910659
4286.0500 1.08667479
4286.1000 1.0798078
4286.1500 1.07294081
4286.2000 1.06607382
4286.2500 1.05484855
4286.3000 1.03296904
4286.3500 1.01108952
4286.4000 0.98921
4286.4500 0.98952358
4286.5000 1.01584854
4286.5500 1.04217351
4286.6000 1.06849847
4286.6500 1.0800373
4286.7000 1.08295787
4286.7500 1.08587844
4286.8000 1.08879901
4286.8500 1.08470078
4286.9000 1.07889614
4286.9500 1.07309151
4287.0000 1.06728687
4287.0500 1.04342785
4287.1000 1.01916976
4287.1500 0.99491166
4287.2000 0.97830256
4287.2500 1.00384066
4287.3000 1.02937877
4287.3500 1.05491687
4287.4000 1.07358458
4287.4500 1.0783111
4287.5000 1.08303762
4287.5500 1.08776415
4287.6000 1.09193544
4287.6500 1.09556882
4287.7000 1.09920221
4287.7500 1.1028356
4287.8000 1.1026506
4287.8500 1.10072605
4287.9000 1.09880149
4287.9500 1.09687693
4288.0000 1.09488421
4288.0500 1.09288106
4288.1000 1.09087792
4288.1500 1.08867729
4288.2000 1.08264684
4288.2500 1.07661639
4288.3000 1.07058594
4288.3500 1.06042395
4288.4000 1.03658302
4288.4500 1.01274209
4288.5000 0.98890116
4288.5500 0.98241649
4288.6000 1.00027832
4288.6500 1.01814016
4288.7000 1.036002
4288.7500 1.04941825
4288.8000 1.05989156
4288.8500 1.07036487
4288.9000 1.08083819
4288.9500 1.08097158
4289.0000 1.07833094
4289.0500 1.0756903
4289.1000 1.07304967
4289.1500 1.07111523
4289.2000 1.06919777
4289.2500 1.06728031
4289.3000 1.06564212
4289.3500 1.06540837
4289.4000 1.06517462
4289.4500 1.06494087
4289.5000 1.06472711
4289.5500 1.06454944
4289.6000 1.06437176
4289.6500 1.06419409
4289.7000 1.06357904
4289.7500 1.06260379
4289.8000 1.06162853
4289.8500 1.06065328
4289.9000 1.05624982
4289.9500 1.05065155
4290.0000 1.04505329
4290.0500 1.03945502
4290.1000 1.03890531
4290.1500 1.03870078
4290.2000 1.03849624
4290.2500 1.03788999
4290.3000 1.03463594
4290.3500 1.03138189
4290.4000 1.02812784
4290.4500 1.02547094
4290.5000 1.02403338
4290.5500 1.02259583
4290.6000 1.02115828
4290.6500 1.01530996
4290.7000 1.00550304
4290.7500 0.99569613
4290.8000 0.98588921
4290.8500 0.99371466
4290.9000 1.00817581
4290.9500 1.02263697
4291.0000 1.03709812
4291.0500 1.03676604
4291.1000 1.0352758
4291.1500 1.03378555
4291.2000 1.03117815
4291.2500 1.02106082
4291.3000 1.01094349
4291.3500 1.00082617
4291.4000 0.9951939
4291.4500 0.99855055
4291.5000 1.00190719
4291.5500 1.00526384
4291.6000 1.00698553
4291.6500 1.00730047
4291.7000 1.00761542
4291.7500 1.00793037
4291.8000 1.01251238
4291.8500 1.01856699
4291.9000 1.0246216
4291.9500 1.03067621
4292.0000 1.03432799
4292.0500 1.03785496
4292.1000 1.04138193
4292.1500 1.04438257
4292.2000 1.044601
4292.2500 1.04481942
4292.3000 1.04503785
4292.3500 1.04432341
4292.4000 1.04201245
4292.4500 1.03970149
4292.5000 1.03739054
4292.5500 1.03634173
4292.6000 1.03620759
4292.6500 1.03607346
4292.7000 1.03593932
4292.7500 1.04028824
4292.8000 1.04581396
4292.8500 1.05133969
4292.9000 1.0568461
4292.9500 1.05893406
4293.0000 1.06102202
4293.0500 1.06310998
4293.1000 1.0636862
4293.1500 1.05891575
4293.2000 1.05414529
4293.2500 1.04937483
4293.3000 1.0459333
4293.3500 1.0442074
4293.4000 1.0424815
4293.4500 1.0407556
4293.5000 1.0440281
4293.5500 1.04994702
4293.6000 1.05586595
4293.6500 1.06178487
4293.7000 1.06571498
4293.7500 1.06935428
4293.8000 1.07299358
4293.8500 1.07422489
4293.9000 1.05177552
4293.9500 1.02932615
4294.0000 1.00687677
4294.0500 0.99668995
4294.1000 1.01336385
4294.1500 1.03003775
4294.2000 1.04671166
4294.2500 1.05454392
4294.3000 1.05471702
4294.3500 1.05489011
4294.4000 1.05506321
4294.4500 1.05701296
4294.5000 1.05952533
4294.5500 1.0620377
4294.6000 1.06455006
4294.6500 1.06315884
4294.7000 1.06170582
4294.7500 1.0602528
4294.8000 1.05751595
4294.8500 1.04996693
4294.9000 1.04241791
4294.9500 1.0348689
4295.0000 1.02847257
4295.0500 1.02355499
4295.1000 1.0186374
4295.1500 1.01371981
4295.2000 1.01628617
4295.2500 1.02259297
4295.3000 1.02889976
4295.3500 1.03520655
4295.4000 1.03706223
4295.4500 1.03840529
4295.5000 1.03974835
4295.5500 1.04064189
4295.6000 1.03847182
4295.6500 1.03630175
4295.7000 1.03413168
4295.7500 1.03475874
4295.8000 1.04034885
4295.8500 1.04593897
4295.9000 1.05152908
4295.9500 1.05314086
4296.0000 1.05203563
4296.0500 1.0509304
4296.1000 1.04982517
4296.1500 1.05382893
4296.2000 1.05888505
4296.2500 1.06394117
4296.3000 1.06818266
4296.3500 1.06079443
4296.4000 1.0534062
4296.4500 1.04601797
4296.5000 1.04181685
4296.5500 1.04494774
4296.6000 1.04807863
4296.6500 1.05120951
4296.7000 1.04525435
4296.7500 1.03161387
4296.8000 1.01797338
4296.8500 1.0043329
4296.9000 1.01428803
4296.9500 1.030829
4297.0000 1.04736997
4297.0500 1.06360741
4297.1000 1.0669969
4297.1500 1.07038639
4297.2000 1.07377588
4297.2500 1.07444784
4297.3000 1.06760648
4297.3500 1.06076512
4297.4000 1.05392376
4297.4500 1.05146086
4297.5000 1.05321454
4297.5500 1.05496821
4297.6000 1.05672188
4297.6500 1.05886156
4297.7000 1.06112686
4297.7500 1.06339216
4297.8000 1.06564893
4297.8500 1.05684149
4297.9000 1.04803405
4297.9500 1.0392266
4298.0000 1.03126749
4298.0500 1.02587623
4298.1000 1.02048497
4298.1500 1.01509371
4298.2000 1.01261988
4298.2500 1.01309714
4298.3000 1.0135744
4298.3500 1.01405167
4298.4000 1.01281351
4298.4500 1.01099495
4298.5000 1.00917639
4298.5500 1.00735782
4298.6000 1.005678
4298.6500 1.00399839
4298.7000 1.00231878
4298.7500 0.99711061
4298.8000 0.98137609
4298.8500 0.96564158
4298.9000 0.94990706
4298.9500 0.94561023
4299.0000 0.95253073
4299.0500 0.95945123
4299.1000 0.96637173
4299.1500 0.96251183
4299.2000 0.95524609
4299.2500 0.94798034
4299.3000 0.94086091
4299.3500 0.94261428
4299.4000 0.94436765
4299.4500 0.94612101
4299.5000 0.94235238
4299.5500 0.92393591
4299.6000 0.90551944
4299.6500 0.88710296
4299.7000 0.88401671
4299.7500 0.89438541
4299.8000 0.90475412
4299.8500 0.91512283
4299.9000 0.9166481
4299.9500 0.91585957
4300.0000 0.91507103
4300.0500 0.91438427
4300.1000 0.91548363
4300.1500 0.91658298
4300.2000 0.91768233
4300.2500 0.91851264
4300.3000 0.91876177
4300.3500 0.9190109
4300.4000 0.91926004
4300.4500 0.91971382
4300.5000 0.92031566
4300.5500 0.9209175
4300.6000 0.92151934
4300.6500 0.9232661
4300.7000 0.92522248
4300.7500 0.92717886
4300.8000 0.92926391
4300.8500 0.93237407
4300.9000 0.93548424
4300.9500 0.93859441
4301.0000 0.94079832
4301.0500 0.94151749
4301.1000 0.94223666
4301.1500 0.94295583
4301.2000 0.94286084
4301.2500 0.94232317
4301.3000 0.94178549
4301.3500 0.94124782
4301.4000 0.94225979
4301.4500 0.94341061
4301.5000 0.94456143
4301.5500 0.94332535
4301.6000 0.93184771
4301.6500 0.92037006
4301.7000 0.90889242
4301.7500 0.90688112
4301.8000 0.9159163
4301.8500 0.92495147
4301.9000 0.93398664
4301.9500 0.92529794
4302.0000 0.91022556
4302.0500 0.89515318
4302.1000 0.88041549
4302.1500 0.8983011
4302.2000 0.91618672
4302.2500 0.93407233
4302.3000 0.94778745
4302.3500 0.95110862
4302.4000 0.9544298
4302.4500 0.95775098
4302.5000 0.96041358
4302.5500 0.96256661
4302.6000 0.96471964
4302.6500 0.96687267
4302.7000 0.95458051
4302.7500 0.93958686
4302.8000 0.92459321
4302.8500 0.91187733
4302.9000 0.91549998
4302.9500 0.91912263
4303.0000 0.92274529
4303.0500 0.92268677
4303.1000 0.91718622
4303.1500 0.91168567
4303.2000 0.90618512
4303.2500 0.91550212
4303.3000 0.93160549
4303.3500 0.94770886
4303.4000 0.96381223
4303.4500 0.96618053
4303.5000 0.96811653
4303.5500 0.97005252
4303.6000 0.97102575
4303.6500 0.96917628
4303.7000 0.96732681
4303.7500 0.96547734
4303.8000 0.96400064
4303.8500 0.96284096
4303.9000 0.96168128
4303.9500 0.9605216
4304.0000 0.96015518
4304.0500 0.95995386
4304.1000 0.95975255
4304.1500 0.96040328
4304.2000 0.96752986
4304.2500 0.97465644
4304.3000 0.98178302
4304.3500 0.98525127
4304.4000 0.98336838
4304.4500 0.98148549
4304.5000 0.9796026
4304.5500 0.97706485
4304.6000 0.97424251
4304.6500 0.97142017
4304.7000 0.96859782
4304.7500 0.95541697
4304.8000 0.94212415
4304.8500 0.92883133
4304.9000 0.91926347
4304.9500 0.91914339
4305.0000 0.91902331
4305.0500 0.91890323
4305.1000 0.92614874
4305.1500 0.93878338
4305.2000 0.95141802
4305.2500 0.96405266
4305.3000 0.97177363
4305.3500 0.97878241
4305.4000 0.9857912
4305.4500 0.99061629
4305.5000 0.98482271
4305.5500 0.97902912
4305.6000 0.97323553
4305.6500 0.9650497
4305.7000 0.95415491
4305.7500 0.94326012
4305.8000 0.93236534
4305.8500 0.93001985
4305.9000 0.9302487
4305.9500 0.93047754
4306.0000 0.93084583
4306.0500 0.93308352
4306.1000 0.93532122
4306.1500 0.93755891
4306.2000 0.94740759
4306.2500 0.97013355
4306.3000 0.99285951
4306.3500 1.01558547
4306.4000 1.00754158
4306.4500 0.98466724
4306.5000 0.9617929
4306.5500 0.93891856
4306.6000 0.93734113
4306.6500 0.93621407
4306.7000 0.935087
4306.7500 0.9391968
4306.8000 0.95644254
4306.8500 0.97368828
4306.9000 0.99093402
4306.9500 0.99319461
4307.0000 0.9851276
4307.0500 0.9770606
4307.1000 0.96899359
4307.1500 0.97431891
4307.2000 0.98112912
4307.2500 0.98793934
4307.3000 0.99274342
4307.3500 0.98998244
4307.4000 0.98722146
4307.4500 0.98446048
4307.5000 0.98286391
4307.5500 0.98234116
4307.6000 0.98181842
4307.6500 0.98129567
4307.7000 0.96601336
4307.7500 0.94775269
4307.8000 0.92949203
4307.8500 0.91443977
4307.9000 0.91828048
4307.9500 0.92212119
4308.0000 0.9259619
4308.0500 0.9335881
4308.1000 0.94566772
4308.1500 0.95774734
4308.2000 0.96982696
4308.2500 0.97091779
4308.3000 0.96881797
4308.3500 0.96671816
4308.4000 0.96508687
4308.4500 0.96809551
4308.5000 0.97110415
4308.5500 0.97411278
4308.6000 0.9737965
4308.6500 0.96868903
4308.7000 0.96358156
4308.7500 0.95847409
4308.8000 0.95674797
4308.8500 0.95627986
4308.9000 0.95581174
4308.9500 0.95527812
4309.0000 0.95347947
4309.0500 0.95168082
4309.1000 0.94988217
4309.1500 0.94298318
4309.2000 0.92743091
4309.2500 0.91187865
4309.3000 0.89632639
4309.3500 0.88794647
4309.4000 0.88273409
4309.4500 0.87752171
4309.5000 0.87266138
4309.5500 0.8873445
4309.6000 0.90202762
4309.6500 0.91671074
4309.7000 0.91981108
4309.7500 0.90071999
4309.8000 0.8816289
4309.8500 0.86253781
4309.9000 0.85735147
4309.9500 0.85903192
4310.0000 0.86071237
4310.0500 0.86239282
4310.1000 0.8729752
4310.1500 0.88358352
4310.2000 0.89419185
4310.2500 0.89742018
4310.3000 0.8853896
4310.3500 0.87335902
4310.4000 0.86132844
4310.4500 0.85839418
4310.5000 0.86022799
4310.5500 0.8620618
4310.6000 0.8638956
4310.6500 0.86581944
4310.7000 0.86774443
4310.7500 0.86966942
4310.8000 0.87012276
4310.8500 0.867448
4310.9000 0.86477323
4310.9500 0.86209847
4311.0000 0.86437708
4311.0500 0.86927999
4311.1000 0.87418291
4311.1500 0.87908582
4311.2000 0.87013597
4311.2500 0.8610268
4311.3000 0.85191763
4311.3500 0.84745572
4311.4000 0.85265512
4311.4500 0.85785453
4311.5000 0.86305394
4311.5500 0.86013054
4311.6000 0.85306277
4311.6500 0.845995
4311.7000 0.83893143
4311.7500 0.83758451
4311.8000 0.83623759
4311.8500 0.83489068
4311.9000 0.8307322
4311.9500 0.8211286
4312.0000 0.811525
4312.0500 0.8019214
4312.1000 0.81375298
4312.1500 0.83560185
4312.2000 0.85745072
4312.2500 0.87844024
4312.3000 0.86404348
4312.3500 0.84964671
4312.4000 0.83524995
4312.4500 0.8265622
4312.5000 0.82771655
4312.5500 0.82887089
4312.6000 0.83002524
4312.6500 0.82983651
4312.7000 0.82910377
4312.7500 0.82837103
4312.8000 0.82769445
4312.8500 0.82793792
4312.9000 0.8281814
4312.9500 0.82842487
4313.0000 0.82956533
4313.0500 0.83202603
4313.1000 0.83448674
4313.1500 0.83694744
4313.2000 0.84352164
4313.2500 0.85144676
4313.3000 0.85937188
4313.3500 0.86565394
4313.4000 0.85750273
4313.4500 0.84935152
4313.5000 0.84120031
4313.5500 0.83629586
4313.6000 0.83531457
4313.6500 0.83433327
4313.7000 0.83335197
4313.7500 0.8344539
4313.8000 0.83606154
4313.8500 0.83766919
4313.9000 0.84046439
4313.9500 0.84960292
4314.0000 0.85874145
4314.0500 0.86787998
4314.1000 0.87236043
4314.1500 0.87239978
4314.2000 0.87243914
4314.2500 0.8724785
4314.3000 0.86721333
4314.3500 0.86113694
4314.4000 0.85506056
4314.4500 0.8501425
4314.5000 0.84923753
4314.5500 0.84833256
4314.6000 0.84742759
4314.6500 0.84590337
4314.7000 0.84393407
4314.7500 0.84196476
4314.8000 0.83999546
4314.8500 0.84280778
4314.9000 0.84592075
4314.9500 0.84903372
4315.0000 0.84924919
4315.0500 0.84273815
4315.1000 0.83622711
4315.1500 0.82971608
4315.2000 0.83072464
4315.2500 0.83556406
4315.3000 0.84040349
4315.3500 0.84518728
4315.4000 0.84781095
4315.4500 0.85043462
4315.5000 0.85305829
4315.5500 0.85372996
4315.6000 0.85133471
4315.6500 0.84893946
4315.7000 0.8465442
4315.7500 0.84835759
4315.8000 0.85154456
4315.8500 0.85473152
4315.9000 0.85775524
4315.9500 0.85958346
4316.0000 0.86141168
4316.0500 0.86323989
4316.1000 0.86180698
4316.1500 0.85694627
4316.2000 0.85208557
4316.2500 0.84722486
4316.3000 0.84935018
4316.3500 0.85264942
4316.4000 0.85594867
4316.4500 0.85837972
4316.5000 0.85783603
4316.5500 0.85729235
4316.6000 0.85674866
4316.6500 0.86001456
4316.7000 0.86585316
4316.7500 0.87169177
4316.8000 0.87753038
4316.8500 0.87481708
4316.9000 0.87183081
4316.9500 0.86884453
4317.0000 0.86862627
4317.0500 0.87372346
4317.1000 0.87882064
4317.1500 0.88391783
4317.2000 0.88540302
4317.2500 0.88546242
4317.3000 0.88552182
4317.3500 0.88609739
4317.4000 0.89172368
4317.4500 0.89734997
4317.5000 0.90297626
4317.5500 0.90280553
4317.6000 0.89608862
4317.6500 0.88937171
4317.7000 0.8826548
4317.7500 0.88046594
4317.8000 0.87909014
4317.8500 0.87771435
4317.9000 0.87768111
4317.9500 0.8822176
4318.0000 0.88675408
4318.0500 0.89129057
4318.1000 0.88919931
4318.1500 0.88282728
4318.2000 0.87645524
4318.2500 0.8700832
4318.3000 0.87100361
4318.3500 0.87200322
4318.4000 0.87300282
4318.4500 0.87404094
4318.5000 0.87514406
4318.5500 0.87624717
4318.6000 0.87735029
4318.6500 0.87531302
4318.7000 0.87226318
4318.7500 0.86921334
4318.8000 0.86759988
4318.8500 0.8747069
4318.9000 0.88181393
4318.9500 0.88892096
4319.0000 0.89104785
4319.0500 0.88871999
4319.1000 0.88639213
4319.1500 0.88406427
4319.2000 0.88220773
4319.2500 0.88039472
4319.3000 0.87858171
4319.3500 0.87788633
4319.4000 0.87974683
4319.4500 0.88160732
4319.5000 0.88346781
4319.5500 0.88049308
4319.6000 0.87538857
4319.6500 0.87028405
4319.7000 0.86596112
4319.7500 0.87001157
4319.8000 0.87406202
4319.8500 0.87811247
4319.9000 0.87766413
4319.9500 0.8722972
4320.0000 0.86693026
4320.0500 0.86156333
4320.1000 0.86101741
4320.1500 0.86118406
4320.2000 0.86135071
4320.2500 0.86136703
4320.3000 0.86096838
4320.3500 0.86056972
4320.4000 0.86017107
4320.4500 0.86007081
4320.5000 0.86012303
4320.5500 0.86017526
4320.6000 0.86054696
4320.6500 0.86602633
4320.7000 0.8715057
4320.7500 0.87698507
4320.8000 0.87636486
4320.8500 0.86850023
4320.9000 0.8606356
4320.9500 0.85277097
4321.0000 0.85051937
4321.0500 0.84920804
4321.1000 0.84789672
4321.1500 0.84612804
4321.2000 0.84303788
4321.2500 0.83994772
4321.3000 0.83685755
4321.3500 0.83444431
4321.4000 0.83238153
4321.4500 0.83031875
4321.5000 0.82829015
4321.5500 0.82678011
4321.6000 0.82527007
4321.6500 0.82376003
4321.7000 0.82205938
4321.7500 0.82014026
4321.8000 0.81822113
4321.8500 0.81630201
4321.9000 0.81447014
4321.9500 0.81265116
4322.0000 0.81083218
4322.0500 0.80862804
4322.1000 0.80542217
4322.1500 0.80221631
4322.2000 0.79901044
4322.2500 0.79825945
4322.3000 0.79863547
4322.3500 0.79901149
4322.4000 0.79928733
4322.4500 0.79859961
4322.5000 0.7979119
4322.5500 0.79722418
4322.6000 0.79234408
4322.6500 0.78334089
4322.7000 0.77433771
4322.7500 0.76533452
4322.8000 0.77121082
4322.8500 0.77846352
4322.9000 0.78571622
4322.9500 0.79063058
4323.0000 0.79074684
4323.0500 0.79086311
4323.1000 0.79097937
4323.1500 0.79032829
4323.2000 0.78940923
4323.2500 0.78849017
4323.3000 0.78744532
4323.3500 0.78571912
4323.4000 0.78399292
4323.4500 0.78226672
4323.5000 0.78385278
4323.5500 0.78792041
4323.6000 0.79198804
4323.6500 0.79605566
4323.7000 0.79083419
4323.7500 0.78550656
4323.8000 0.78017894
4323.8500 0.77777611
4323.9000 0.77963673
4323.9500 0.78149734
4324.0000 0.78335796
4324.0500 0.78332796
4324.1000 0.78290035
4324.1500 0.78247274
4324.2000 0.78224216
4324.2500 0.78261306
4324.3000 0.78298395
4324.3500 0.78335485
4324.4000 0.78548617
4324.4500 0.78849072
4324.5000 0.79149526
4324.5500 0.79452429
4324.6000 0.79779704
4324.6500 0.8010698
4324.7000 0.80434256
4324.7500 0.80610468
4324.8000 0.80644589
4324.8500 0.8067871
4324.9000 0.80712831
4324.9500 0.8067571
4325.0000 0.80634081
4325.0500 0.80592451
4325.1000 0.80806318
4325.1500 0.81461185
4325.2000 0.82116051
4325.2500 0.82770918
4325.3000 0.83039803
4325.3500 0.83208754
4325.4000 0.83377705
4325.4500 0.83509659
4325.5000 0.83512712
4325.5500 0.83515764
4325.6000 0.83518817
4325.6500 0.83617051
4325.7000 0.83765899
4325.7500 0.83914747
4325.8000 0.84053188
4325.8500 0.84077918
4325.9000 0.84102647
4325.9500 0.84127376
4326.0000 0.8401016
4326.0500 0.83759802
4326.1000 0.83509443
4326.1500 0.83259085
4326.2000 0.83586824
4326.2500 0.83945425
4326.3000 0.84304027
4326.3500 0.84374175
4326.4000 0.839812
4326.4500 0.83588226
4326.5000 0.83195252
4326.5500 0.83292368
4326.6000 0.83497475
4326.6500 0.83702582
4326.7000 0.83925506
4326.7500 0.84200147
4326.8000 0.84474788
4326.8500 0.84749428
4326.9000 0.84504795
4326.9500 0.84031408
4327.0000 0.83558021
4327.0500 0.83126614
4327.1000 0.82968152
4327.1500 0.82809691
4327.2000 0.82651229
4327.2500 0.82679122
4327.3000 0.82845561
4327.3500 0.83012
4327.4000 0.8317205
4327.4500 0.8291254
4327.5000 0.8265303
4327.5500 0.8239352
4327.6000 0.82382621
4327.6500 0.82666423
4327.7000 0.82950224
4327.7500 0.83234026
4327.8000 0.82709269
4327.8500 0.82095991
4327.9000 0.81482713
4327.9500 0.8101323
4328.0000 0.80815285
4328.0500 0.8061734
4328.1000 0.80419396
4328.1500 0.80118799
4328.2000 0.79791286
4328.2500 0.79463772
4328.3000 0.79193566
4328.3500 0.79105364
4328.4000 0.79017161
4328.4500 0.78928959
4328.5000 0.78908104
4328.5500 0.78917817
4328.6000 0.78927529
4328.6500 0.78915764
4328.7000 0.78769076
4328.7500 0.78622389
4328.8000 0.78475701
4328.8500 0.78276123
4328.9000 0.78039483
4328.9500 0.77802843
4329.0000 0.77579983
4329.0500 0.77689644
4329.1000 0.77799305
4329.1500 0.77908966
4329.2000 0.77862948
4329.2500 0.77656674
4329.3000 0.774504
4329.3500 0.77244125
4329.4000 0.76947413
4329.4500 0.76645625
4329.5000 0.76343837
4329.5500 0.76194512
4329.6000 0.76271866
4329.6500 0.7634922
4329.7000 0.76426574
4329.7500 0.76404258
4329.8000 0.76365519
4329.8500 0.7632678
4329.9000 0.76258966
4329.9500 0.76128241
4330.0000 0.75997516
4330.0500 0.75866791
4330.1000 0.7585147
4330.1500 0.75869692
4330.2000 0.75887915
4330.2500 0.7577802
4330.3000 0.75250235
4330.3500 0.7472245
4330.4000 0.74194665
4330.4500 0.74247995
4330.5000 0.74555576
4330.5500 0.74863157
4330.6000 0.75114353
4330.6500 0.75064587
4330.7000 0.75014821
4330.7500 0.74965054
4330.8000 0.74834509
4330.8500 0.74654679
4330.9000 0.74474849
4330.9500 0.74307377
4331.0000 0.74272077
4331.0500 0.74236778
4331.1000 0.74201478
4331.1500 0.74122653
4331.2000 0.74008372
4331.2500 0.7389409
4331.3000 0.73775887
4331.3500 0.73441369
4331.4000 0.73106851
4331.4500 0.72772332
4331.5000 0.72696208
4331.5500 0.72893726
4331.6000 0.73091244
4331.6500 0.73288762
4331.7000 0.73031084
4331.7500 0.72751796
4331.8000 0.72472508
4331.8500 0.72154582
4331.9000 0.71784345
4331.9500 0.71414107
4332.0000 0.71043869
4332.0500 0.71509691
4332.1000 0.72072439
4332.1500 0.72635188
4332.2000 0.72667435
4332.2500 0.7179072
4332.3000 0.70914005
4332.3500 0.70037291
4332.4000 0.69596844
4332.4500 0.69238196
4332.5000 0.68879547
4332.5500 0.6847951
4332.6000 0.67990223
4332.6500 0.67500936
4332.7000 0.6701165
4332.7500 0.669202
4332.8000 0.66932812
4332.8500 0.66945424
4332.9000 0.66861531
4332.9500 0.66516252
4333.0000 0.66170973
4333.0500 0.65825694
4333.1000 0.65372681
4333.1500 0.6488333
4333.2000 0.64393978
4333.2500 0.64023491
4333.3000 0.64057699
4333.3500 0.64091906
4333.4000 0.64126114
4333.4500 0.63682958
4333.5000 0.63042376
4333.5500 0.62401795
4333.6000 0.61865971
4333.6500 0.61779786
4333.7000 0.616936
4333.7500 0.61607414
4333.8000 0.61499373
4333.8500 0.61380646
4333.9000 0.61261919
4333.9500 0.61068659
4334.0000 0.60470386
4334.0500 0.59872113
4334.1000 0.5927384
4334.1500 0.59222935
4334.2000 0.59479442
4334.2500 0.5973595
4334.3000 0.59904078
4334.3500 0.59461534
4334.4000 0.59018989
4334.4500 0.58576444
4334.5000 0.58275752
4334.5500 0.58064377
4334.6000 0.57853002
4334.6500 0.57691141
4334.7000 0.57965384
4334.7500 0.58239626
4334.8000 0.58513868
4334.8500 0.58286778
4334.9000 0.57713352
4334.9500 0.57139927
4335.0000 0.56614307
4335.0500 0.56623726
4335.1000 0.56633146
4335.1500 0.56642566
4335.2000 0.564436
4335.2500 0.56089818
4335.3000 0.55736036
4335.3500 0.55430892
4335.4000 0.55807401
4335.4500 0.5618391
4335.5000 0.5656042
4335.5500 0.5649879
4335.6000 0.56093726
4335.6500 0.55688661
4335.7000 0.55313491
4335.7500 0.5544515
4335.8000 0.55576809
4335.8500 0.55708468
4335.9000 0.55804059
4335.9500 0.5587037
4336.0000 0.55936681
4336.0500 0.5596918
4336.1000 0.55349729
4336.1500 0.54730278
4336.2000 0.54110827
4336.2500 0.53724843
4336.3000 0.53531579
4336.3500 0.53338316
4336.4000 0.53138618
4336.4500 0.52809662
4336.5000 0.52480707
4336.5500 0.52151751
4336.6000 0.51975969
4336.6500 0.5192644
4336.7000 0.51876912
4336.7500 0.51785549
4336.8000 0.50899984
4336.8500 0.50014418
4336.9000 0.49128853
4336.9500 0.48884366
4337.0000 0.49158001
4337.0500 0.49431637
4337.1000 0.49670289
4337.1500 0.49331819
4337.2000 0.48993349
4337.2500 0.48654879
4337.3000 0.48161563
4337.3500 0.47547761
4337.4000 0.46933958
4337.4500 0.46354864
4337.5000 0.46245816
4337.5500 0.46136769
4337.6000 0.46027722
4337.6500 0.45497182
4337.7000 0.44656692
4337.7500 0.43816201
4337.8000 0.43034441
4337.8500 0.42886081
4337.9000 0.42737721
4337.9500 0.42589361
4338.0000 0.42460606
4338.0500 0.42345221
4338.1000 0.42229835
4338.1500 0.42050108
4338.2000 0.4132447
4338.2500 0.40598831
4338.3000 0.39873193
4338.3500 0.39420764
4338.4000 0.39137639
4338.4500 0.38854515
4338.5000 0.38606319
4338.5500 0.38590872
4338.6000 0.38575424
4338.6500 0.38559977
4338.7000 0.37977544
4338.7500 0.37082635
4338.8000 0.36187725
4338.8500 0.35481627
4338.9000 0.35766652
4338.9500 0.36051678
4339.0000 0.36336703
4339.0500 0.35930247
4339.1000 0.35193065
4339.1500 0.34455882
4339.2000 0.33770155
4339.2500 0.33298179
4339.3000 0.32826204
4339.3500 0.32354228
4339.4000 0.32095155
4339.4500 0.31921911
4339.5000 0.31748666
4339.5500 0.31507327
4339.6000 0.31041173
4339.6500 0.30575019
4339.7000 0.30108865
4339.7500 0.29755924
4339.8000 0.29440043
4339.8500 0.29124162
4339.9000 0.28762256
4339.9500 0.28279253
4340.0000 0.2779625
4340.0500 0.27313247
4340.1000 0.27100282
4340.1500 0.26955449
4340.2000 0.26810615
4340.2500 0.26489278
4340.3000 0.25797612
4340.3500 0.25105947
4340.4000 0.24414281
4340.4500 0.2439478
4340.5000 0.2449564
4340.5500 0.245965
4340.6000 0.24504335
4340.6500 0.24089909
4340.7000 0.23675483
4340.7500 0.23261058
4340.8000 0.23454061
4340.8500 0.23712928
4340.9000 0.23971795
4340.9500 0.24149068
4341.0000 0.24218562
4341.0500 0.24288056
4341.1000 0.24357551
4341.1500 0.24743804
4341.2000 0.25143027
4341.2500 0.2554225
4341.3000 0.25941711
4341.3500 0.26341418
4341.4000 0.26741124
4341.4500 0.27142284
4341.5000 0.27603573
4341.5500 0.28064863
4341.6000 0.28526152
4341.6500 0.28742122
4341.7000 0.28762759
4341.7500 0.28783396
4341.8000 0.28835238
4341.8500 0.29198977
4341.9000 0.29562716
4341.9500 0.29926455
4342.0000 0.30340418
4342.0500 0.30784349
4342.1000 0.3122828
4342.1500 0.3159397
4342.2000 0.31557127
4342.2500 0.31520284
4342.3000 0.31483441
4342.3500 0.31875297
4342.4000 0.32450628
4342.4500 0.33025959
4342.5000 0.33485439
4342.5500 0.3357594
4342.6000 0.3366644
4342.6500 0.3375694
4342.7000 0.34221851
4342.7500 0.34793158
4342.8000 0.35364466
4342.8500 0.35929629
4342.9000 0.36481711
4342.9500 0.37033793
4343.0000 0.37585874
4343.0500 0.37612459
4343.1000 0.37554594
4343.1500 0.37496729
4343.2000 0.37723471
4343.2500 0.38368998
4343.3000 0.39014525
4343.3500 0.39660053
4343.4000 0.39860796
4343.4500 0.40037535
4343.5000 0.40214274
4343.5500 0.4042142
4343.6000 0.40659704
4343.6500 0.40897987
4343.7000 0.41144288
4343.7500 0.41580783
4343.8000 0.42017279
4343.8500 0.42453774
4343.9000 0.42836972
4343.9500 0.43182813
4344.0000 0.43528654
4344.0500 0.43853918
4344.1000 0.44049011
4344.1500 0.44244103
4344.2000 0.44439195
4344.2500 0.44621552
4344.3000 0.44798083
4344.3500 0.44974614
4344.4000 0.45337555
4344.4500 0.46300779
4344.5000 0.47264003
4344.5500 0.48227227
4344.6000 0.48129627
4344.6500 0.47748038
4344.7000 0.47366448
4344.7500 0.47282629
4344.8000 0.47772231
4344.8500 0.48261834
4344.9000 0.48751437
4344.9500 0.49171597
4345.0000 0.49583685
4345.0500 0.49995773
4345.1000 0.50312199
4345.1500 0.5051219
4345.2000 0.50712181
4345.2500 0.50909615
4345.3000 0.50758761
4345.3500 0.50607906
4345.4000 0.50457051
4345.4500 0.50722249
4345.5000 0.51308242
4345.5500 0.51894235
4345.6000 0.52435608
4345.6500 0.52659096
4345.7000 0.52882583
4345.7500 0.5310607
4345.8000 0.53533262
4345.8500 0.54055161
4345.9000 0.5457706
4345.9500 0.54909504
4346.0000 0.54652599
4346.0500 0.54395695
4346.1000 0.54138791
4346.1500 0.54439261
4346.2000 0.54874754
4346.2500 0.55310247
4346.3000 0.55577533
4346.3500 0.55555705
4346.4000 0.55533877
4346.4500 0.55512049
4346.5000 0.55817586
4346.5500 0.56147111
4346.6000 0.56476637
4346.6500 0.56751401
4346.7000 0.56970681
4346.7500 0.57189961
4346.8000 0.57406219
4346.8500 0.57577391
4346.9000 0.57748563
4346.9500 0.57919735
4347.0000 0.57892645
4347.0500 0.57749114
4347.1000 0.57605584
4347.1500 0.57635766
4347.2000 0.58368379
4347.2500 0.59100993
4347.3000 0.59833606
4347.3500 0.60214583
4347.4000 0.60489114
4347.4500 0.60763645
4347.5000 0.60925863
4347.5500 0.60868182
4347.6000 0.608105
4347.6500 0.60752819
4347.7000 0.60808197
4347.7500 0.6087481
4347.8000 0.60941424
4347.8500 0.60897772
4347.9000 0.60735727
4347.9500 0.60573683
4348.0000 0.6043286
4348.0500 0.60650202
4348.1000 0.60867544
4348.1500 0.61084886
4348.2000 0.61343945
4348.2500 0.61627428
4348.3000 0.61910911
4348.3500 0.62167958
4348.4000 0.62323482
4348.4500 0.62479007
4348.5000 0.62634532
4348.5500 0.62394675
4348.6000 0.62045606
4348.6500 0.61696538
4348.7000 0.6159171
4348.7500 0.6191807
4348.8000 0.62244431
4348.8500 0.62570791
4348.9000 0.62976562
4348.9500 0.63387336
4349.0000 0.6379811
4349.0500 0.63742564
4349.1000 0.63258199
4349.1500 0.62773833
4349.2000 0.62371686
4349.2500 0.6269151
4349.3000 0.63011333
4349.3500 0.63331157
4349.4000 0.63210632
4349.4500 0.62887246
4349.5000 0.6256386
4349.5500 0.62358123
4349.6000 0.62473623
4349.6500 0.62589122
4349.7000 0.62704622
4349.7500 0.62999643
4349.8000 0.63325701
4349.8500 0.63651759
4349.9000 0.63882884
4349.9500 0.63992302
4350.0000 0.6410172
4350.0500 0.64211172
4350.1000 0.64321968
4350.1500 0.64432764
4350.2000 0.64543559
4350.2500 0.64674701
4350.3000 0.64818705
4350.3500 0.64962709
4350.4000 0.65043276
4350.4500 0.64872484
4350.5000 0.64701692
4350.5500 0.645309
4350.6000 0.64243434
4350.6500 0.63925222
4350.7000 0.6360701
4350.7500 0.63455791
4350.8000 0.63574227
4350.8500 0.63692663
4350.9000 0.63811099
4350.9500 0.64460948
4351.0000 0.65124691
4351.0500 0.65788435
4351.1000 0.65727937
4351.1500 0.65115867
4351.2000 0.64503798
4351.2500 0.63996084
4351.3000 0.64028589
4351.3500 0.64061094
4351.4000 0.64093599
4351.4500 0.63897005
4351.5000 0.63626948
4351.5500 0.6335689
4351.6000 0.63160816
4351.6500 0.63100002
4351.7000 0.63039188
4351.7500 0.62978375
4351.8000 0.63116843
4351.8500 0.63265576
4351.9000 0.63414309
4351.9500 0.63373168
4352.0000 0.63176385
4352.0500 0.62979602
4352.1000 0.62791898
4352.1500 0.62655998
4352.2000 0.62520098
4352.2500 0.62384198
4352.3000 0.62160301
4352.3500 0.61907037
4352.4000 0.61653773
4352.4500 0.61819409
4352.5000 0.62757834
4352.5500 0.63696259
4352.6000 0.64634684
4352.6500 0.64764522
4352.7000 0.64855655
4352.7500 0.64946788
4352.8000 0.6476812
4352.8500 0.64375904
4352.9000 0.63983688
4352.9500 0.63715161
4353.0000 0.64081176
4353.0500 0.64447191
4353.1000 0.64813206
4353.1500 0.65023509
4353.2000 0.65187072
4353.2500 0.65350635
4353.3000 0.65426898
4353.3500 0.65358408
4353.4000 0.65289918
4353.4500 0.65221428
4353.5000 0.65428805
4353.5500 0.65640568
4353.6000 0.65852331
4353.6500 0.66247099
4353.7000 0.6676718
4353.7500 0.67287261
4353.8000 0.67696584
4353.8500 0.67673278
4353.9000 0.67649973
4353.9500 0.67626667
4354.0000 0.68039306
4354.0500 0.6855079
4354.1000 0.69062275
4354.1500 0.69301096
4354.2000 0.69174875
4354.2500 0.69048653
4354.3000 0.68926362
4354.3500 0.68895922
4354.4000 0.68865481
4354.4500 0.6883504
4354.5000 0.68738973
4354.5500 0.68608426
4354.6000 0.68477879
4354.6500 0.68460602
4354.7000 0.68747787
4354.7500 0.69034971
4354.8000 0.69322156
4354.8500 0.69749265
4354.9000 0.70194055
4354.9500 0.70638846
4355.0000 0.70911916
4355.0500 0.7101702
4355.1000 0.71122124
4355.1500 0.71204326
4355.2000 0.71125188
4355.2500 0.71046049
4355.3000 0.7096691
4355.3500 0.71004007
4355.4000 0.71081071
4355.4500 0.71158135
4355.5000 0.70951794
4355.5500 0.70252475
4355.6000 0.69553156
4355.6500 0.68853837
4355.7000 0.69485016
4355.7500 0.70133737
4355.8000 0.70782459
4355.8500 0.70870853
4355.9000 0.70601004
4355.9500 0.70331154
4356.0000 0.70047797
4356.0500 0.69720241
4356.1000 0.69392685
4356.1500 0.6906513
4356.2000 0.69421044
4356.2500 0.69888965
4356.3000 0.70356885
4356.3500 0.70517366
4356.4000 0.70351887
4356.4500 0.70186408
4356.5000 0.70147927
4356.5500 0.7111011
4356.6000 0.72072294
4356.6500 0.73034477
4356.7000 0.73013141
4356.7500 0.72647889
4356.8000 0.72282636
4356.8500 0.71861537
4356.9000 0.71345456
4356.9500 0.70829374
4357.0000 0.70313615
4357.0500 0.70276712
4357.1000 0.7023981
4357.1500 0.70202908
4357.2000 0.70420119
4357.2500 0.70785213
4357.3000 0.71150307
4357.3500 0.7129281
4357.4000 0.70816795
4357.4500 0.70340779
4357.5000 0.69864763
4357.5500 0.69473875
4357.6000 0.69092635
4357.6500 0.68711396
4357.7000 0.68915883
4357.7500 0.69633944
4357.8000 0.70352005
4357.8500 0.70974864
4357.9000 0.71127876
4357.9500 0.71280888
4358.0000 0.71433901
4358.0500 0.71871014
4358.1000 0.72376858
4358.1500 0.72882703
4358.2000 0.73240889
4358.2500 0.73413395
4358.3000 0.73585901
4358.3500 0.7374998
4358.4000 0.73819438
4358.4500 0.73888896
4358.5000 0.73958355
4358.5500 0.73925378
4358.6000 0.7385289
4358.6500 0.73780402
4358.7000 0.73532793
4358.7500 0.72977292
4358.8000 0.72421791
4358.8500 0.71872099
4358.9000 0.72601658
4358.9500 0.73331217
4359.0000 0.74060776
4359.0500 0.74499573
4359.1000 0.74780097
4359.1500 0.75060621
4359.2000 0.75047254
4359.2500 0.74319857
4359.3000 0.7359246
4359.3500 0.72865063
4359.4000 0.72716906
4359.4500 0.72607906
4359.5000 0.72498905
4359.5500 0.7220973
4359.6000 0.7179159
4359.6500 0.7137345
4359.7000 0.71128718
4359.7500 0.71464482
4359.8000 0.71800247
4359.8500 0.72136011
4359.9000 0.72285067
4359.9500 0.7240824
4360.0000 0.72531413
4360.0500 0.72978344
4360.1000 0.73715248
4360.1500 0.74452153
4360.2000 0.74936088
4360.2500 0.74250551
4360.3000 0.73565013
4360.3500 0.72879475
4360.4000 0.7242901
4360.4500 0.72026965
4360.5000 0.71624919
4360.5500 0.71569633
4360.6000 0.71887596
4360.6500 0.72205559
4360.7000 0.72435343
4360.7500 0.72100364
4360.8000 0.71765386
4360.8500 0.71430408
4360.9000 0.71352338
4360.9500 0.71342752
4361.0000 0.71333167
4361.0500 0.71272409
4361.1000 0.71147844
4361.1500 0.71023278
4361.2000 0.7094218
4361.2500 0.71245364
4361.3000 0.71548549
4361.3500 0.71851733
4361.4000 0.71444417
4361.4500 0.70811772
4361.5000 0.70179126
4361.5500 0.69807452
4361.6000 0.69799351
4361.6500 0.6979125
4361.7000 0.69763006
4361.7500 0.69495122
4361.8000 0.69227237
4361.8500 0.68959352
4361.9000 0.68793973
4361.9500 0.68664937
4362.0000 0.68535902
4362.0500 0.68726749
4362.1000 0.69397426
4362.1500 0.70068103
4362.2000 0.70616673
4362.2500 0.69342374
4362.3000 0.68068074
4362.3500 0.66793775
4362.4000 0.66171972
4362.4500 0.65795686
4362.5000 0.654194
4362.5500 0.64901969
4362.6000 0.64165115
4362.6500 0.63428261
4362.7000 0.62734131
4362.7500 0.62742343
4362.8000 0.62750555
4362.8500 0.62758767
4362.9000 0.62512906
4362.9500 0.62170315
4363.0000 0.61827725
4363.0500 0.61754094
4363.1000 0.62097252
4363.1500 0.6244041
4363.2000 0.62727354
4363.2500 0.62151973
4363.3000 0.61576591
4363.3500 0.6100121
4363.4000 0.6085841
4363.4500 0.60874622
4363.5000 0.60890833
4363.5500 0.60681629
4363.6000 0.60137471
4363.6500 0.59593314
4363.7000 0.59087178
4363.7500 0.59054489
4363.8000 0.590218
4363.8500 0.58989111
4363.9000 0.59194492
4363.9500 0.59480313
4364.0000 0.59766135
4364.0500 0.59976597
4364.1000 0.60083662
4364.1500 0.60190728
4364.2000 0.60290759
4364.2500 0.60325114
4364.3000 0.60359469
4364.3500 0.60393823
4364.4000 0.60668732
4364.4500 0.6101431
4364.5000 0.61359887
4364.5500 0.61572214
4364.6000 0.61621781
4364.6500 0.61671347
4364.7000 0.61721585
4364.7500 0.61776378
4364.8000 0.61831171
4364.8500 0.61885964
4364.9000 0.6210146
4364.9500 0.62355225
4365.0000 0.6260899
4365.0500 0.63045323
4365.1000 0.63673233
4365.1500 0.64301142
4365.2000 0.64724911
4365.2500 0.64146918
4365.3000 0.63568925
4365.3500 0.62990931
4365.4000 0.63557888
4365.4500 0.6432432
4365.5000 0.65090753
4365.5500 0.65571424
4365.6000 0.65803719
4365.6500 0.66036015
4365.7000 0.66428296
4365.7500 0.67389835
4365.8000 0.68351374
4365.8500 0.69312913
4365.9000 0.68632656
4365.9500 0.67779654
4366.0000 0.66926652
4366.0500 0.66846465
4366.1000 0.67300585
4366.1500 0.67754706
4366.2000 0.68113664
4366.2500 0.68226319
4366.3000 0.68338974
4366.3500 0.68451629
4366.4000 0.67692675
4366.4500 0.6690413
4366.5000 0.66115586
4366.5500 0.65856516
4366.6000 0.65874286
4366.6500 0.65892056
4366.7000 0.66060079
4366.7500 0.66510636
4366.8000 0.66961194
4366.8500 0.67398237
4366.9000 0.67499657
4366.9500 0.67601078
4367.0000 0.67702498
4367.0500 0.66502756
4367.1000 0.64824835
4367.1500 0.63146914
4367.2000 0.6245752
4367.2500 0.63106478
4367.3000 0.63755436
4367.3500 0.64404463
4367.4000 0.65054001
4367.4500 0.65703539
4367.5000 0.66353077
4367.5500 0.65697896
4367.6000 0.64746587
4367.6500 0.63795277
4367.7000 0.63425765
4367.7500 0.63611588
4367.8000 0.63797411
4367.8500 0.63801047
4367.9000 0.63116278
4367.9500 0.62431508
4368.0000 0.61746738
4368.0500 0.61390141
4368.1000 0.61066828
4368.1500 0.60743515
4368.2000 0.61255505
4368.2500 0.62307005
4368.3000 0.63358505
4368.3500 0.63853839
4368.4000 0.63101069
4368.4500 0.62348299
4368.5000 0.615979
4368.5500 0.61083668
4368.6000 0.60569437
4368.6500 0.60055205
4368.7000 0.60053756
4368.7500 0.60259081
4368.8000 0.60464407
4368.8500 0.60135125
4368.9000 0.590564
4368.9500 0.57977674
4369.0000 0.57217164
4369.0500 0.58766899
4369.1000 0.60316635
4369.1500 0.6186637
4369.2000 0.61732393
4369.2500 0.61245699
4369.3000 0.60759004
4369.3500 0.6069915
4369.4000 0.61012475
4369.4500 0.613258
4369.5000 0.61497356
4369.5500 0.6122312
4369.6000 0.60948884
4369.6500 0.60674648
4369.7000 0.60108081
4369.7500 0.59526141
4369.8000 0.58944202
4369.8500 0.58613056
4369.9000 0.58411218
4369.9500 0.58209379
4370.0000 0.57760681
4370.0500 0.56892702
4370.1000 0.56024722
4370.1500 0.55304613
4370.2000 0.56232022
4370.2500 0.57159432
4370.3000 0.58086841
4370.3500 0.57410259
4370.4000 0.5632044
4370.4500 0.55230621
4370.5000 0.54834048
4370.5500 0.55106373
4370.6000 0.55378698
4370.6500 0.55546086
4370.7000 0.55349378
4370.7500 0.5515267
4370.8000 0.54955962
4370.8500 0.54797392
4370.9000 0.54641276
4370.9500 0.5448516
4371.0000 0.54733124
4371.0500 0.55192669
4371.1000 0.55652214
4371.1500 0.55883891
4371.2000 0.55734392
4371.2500 0.55584893
4371.3000 0.55607985
4371.3500 0.57315347
4371.4000 0.59022708
4371.4500 0.6073007
4371.5000 0.60045682
4371.5500 0.58810287
4371.6000 0.57574891
4371.6500 0.57232299
4371.7000 0.57670171
4371.7500 0.58108044
4371.8000 0.58564791
4371.8500 0.59076572
4371.9000 0.59588352
4371.9500 0.60100133
4372.0000 0.59911025
4372.0500 0.59706292
4372.1000 0.59501559
4372.1500 0.59822102
4372.2000 0.60365623
4372.2500 0.60909144
4372.3000 0.61383399
4372.3500 0.61764633
4372.4000 0.62145867
4372.4500 0.6250995
4372.5000 0.62778807
4372.5500 0.63047665
4372.6000 0.63316522
4372.6500 0.63984207
4372.7000 0.64706574
4372.7500 0.65428941
4372.8000 0.65995746
4372.8500 0.66461928
4372.9000 0.6692811
4372.9500 0.67413525
4373.0000 0.67936943
4373.0500 0.68460361
4373.1000 0.68925148
4373.1500 0.68557748
4373.2000 0.68190348
4373.2500 0.67822948
4373.3000 0.67770884
4373.3500 0.67799332
4373.4000 0.6782778
4373.4500 0.68251571
4373.5000 0.69028223
4373.5500 0.69804874
4373.6000 0.69990899
4373.6500 0.68506057
4373.7000 0.67021216
4373.7500 0.65536374
4373.8000 0.65317632
4373.8500 0.65105333
4373.9000 0.64893033
4373.9500 0.65022006
4374.0000 0.65277394
4374.0500 0.65532782
4374.1000 0.65627471
4374.1500 0.65537609
4374.2000 0.65447747
4374.2500 0.65297801
4374.3000 0.64910787
4374.3500 0.64523773
4374.4000 0.6413676
4374.4500 0.63451323
4374.5000 0.62746819
4374.5500 0.62042314
4374.6000 0.6166694
4374.6500 0.61447402
4374.7000 0.61227863
4374.7500 0.61018737
4374.8000 0.60824086
4374.8500 0.60629434
4374.9000 0.60541347
4374.9500 0.6101653
4375.0000 0.61491713
4375.0500 0.61966896
4375.1000 0.62205073
4375.1500 0.62417146
4375.2000 0.62629219
4375.2500 0.62429875
4375.3000 0.62002574
4375.3500 0.61575273
4375.4000 0.61710352
4375.4500 0.62735712
4375.5000 0.63761072
4375.5500 0.64638531
4375.6000 0.64541687
4375.6500 0.64444843
4375.7000 0.64347998
4375.7500 0.6378981
4375.8000 0.63167179
4375.8500 0.62544549
4375.9000 0.62252208
4375.9500 0.62158834
4376.0000 0.62065459
4376.0500 0.62165463
4376.1000 0.62592375
4376.1500 0.63019287
4376.2000 0.63230073
4376.2500 0.61860043
4376.3000 0.60490013
4376.3500 0.59119984
4376.4000 0.59940366
4376.4500 0.61088471
4376.5000 0.62236576
4376.5500 0.62444589
4376.6000 0.62077437
4376.6500 0.61710285
4376.7000 0.61836638
4376.7500 0.62796238
4376.8000 0.63755838
4376.8500 0.6445922
4376.9000 0.633607
4376.9500 0.62262181
4377.0000 0.61163662
4377.0500 0.61026228
4377.1000 0.6102234
4377.1500 0.61018451
4377.2000 0.60616475
4377.2500 0.59983188
4377.3000 0.59349902
4377.3500 0.59335807
4377.4000 0.60298547
4377.4500 0.61261286
4377.5000 0.61925021
4377.5500 0.60817204
4377.6000 0.59709387
4377.6500 0.5860157
4377.7000 0.59041754
4377.7500 0.59650439
4377.8000 0.60259124
4377.8500 0.60031154
4377.9000 0.5937264
4377.9500 0.58714127
4378.0000 0.58903286
4378.0500 0.60264852
4378.1000 0.61626419
4378.1500 0.6259576
4378.2000 0.6177809
4378.2500 0.6096042
4378.3000 0.6014275
4378.3500 0.59345573
4378.4000 0.58549673
4378.4500 0.57753773
4378.5000 0.57909335
4378.5500 0.5846565
4378.6000 0.59021965
4378.6500 0.58869977
4378.7000 0.57909318
4378.7500 0.5694866
4378.8000 0.56360788
4378.8500 0.57012664
4378.9000 0.5766454
4378.9500 0.58316416
4379.0000 0.59606381
4379.0500 0.60898641
4379.1000 0.62190901
4379.1500 0.62262265
4379.2000 0.61953611
4379.2500 0.61644958
4379.3000 0.61740392
4379.3500 0.62194449
4379.4000 0.62648506
4379.4500 0.6276651
4379.5000 0.6209272
4379.5500 0.61418929
4379.6000 0.60896451
4379.6500 0.62478213
4379.7000 0.64059976
4379.7500 0.65641738
4379.8000 0.66147999
4379.8500 0.66445091
4379.9000 0.66742182
4379.9500 0.66573784
4380.0000 0.66105577
4380.0500 0.6563737
4380.1000 0.65492515
4380.1500 0.658746
4380.2000 0.66256686
4380.2500 0.66312189
4380.3000 0.6456376
4380.3500 0.62815331
4380.4000 0.61066902
4380.4500 0.62889704
4380.5000 0.64992649
4380.5500 0.67095595
4380.6000 0.68377235
4380.6500 0.69310568
4380.7000 0.70243901
4380.7500 0.70967715
4380.8000 0.71462825
4380.8500 0.71957935
4380.9000 0.72234798
4380.9500 0.71873995
4381.0000 0.71513191
4381.0500 0.71177255
4381.1000 0.71573965
4381.1500 0.71970674
4381.2000 0.72367383
4381.2500 0.71515228
4381.3000 0.70373233
4381.3500 0.69231239
4381.4000 0.68701334
4381.4500 0.68594313
4381.5000 0.68487291
4381.5500 0.67740893
4381.6000 0.65915769
4381.6500 0.64090646
4381.7000 0.62816536
4381.7500 0.64573116
4381.8000 0.66329697
4381.8500 0.68086278
4381.9000 0.67019897
4381.9500 0.65762114
4382.0000 0.6450433
4382.0500 0.63847051
4382.1000 0.63423154
4382.1500 0.62999256
4382.2000 0.62597552
4382.2500 0.62217629
4382.3000 0.61837705
4382.3500 0.61381354
4382.4000 0.60738124
4382.4500 0.60094895
4382.5000 0.59648583
4382.5500 0.61570363
4382.6000 0.63492142
4382.6500 0.65413922
4382.7000 0.65277048
4382.7500 0.64816785
4382.8000 0.64356522
4382.8500 0.64208077
4382.9000 0.64225574
4382.9500 0.6424307
4383.0000 0.65048739
4383.0500 0.66849215
4383.1000 0.68649692
4383.1500 0.69304521
4383.2000 0.66175315
4383.2500 0.6304611
4383.3000 0.60040047
4383.3500 0.62106767
4383.4000 0.64173487
4383.4500 0.66240206
4383.5000 0.67156664
4383.5500 0.67813679
4383.6000 0.68470693
4383.6500 0.69108815
4383.7000 0.69734817
4383.7500 0.70360819
4383.8000 0.70490496
4383.8500 0.6988598
4383.9000 0.69281465
4383.9500 0.68678765
4384.0000 0.68083402
4384.0500 0.67488038
4384.1000 0.66892674
4384.1500 0.67059347
4384.2000 0.67230194
4384.2500 0.67401041
4384.3000 0.65735328
4384.3500 0.63586078
4384.4000 0.61436829
4384.4500 0.61115889
4384.5000 0.62067699
4384.5500 0.63019509
4384.6000 0
4384.6500 0
4384.7000 0
