4917.0500 1.1747457
4917.1000 1.16901268
4917.1500 1.1778726
4917.2000 1.18673253
4917.2500 1.19559246
4917.3000 1.20445238
4917.3500 1.19863806
4917.4000 1.18690475
4917.4500 1.17517144
4917.5000 1.16343813
4917.5500 1.15450055
4917.6000 1.17451986
4917.6500 1.19453916
4917.7000 1.21455847
4917.7500 1.23457778
4917.8000 1.24574298
4917.8500 1.24671123
4917.9000 1.24767948
4917.9500 1.24864774
4918.0000 1.24961599
4918.0500 1.25507909
4918.1000 1.26138119
4918.1500 1.26768329
4918.2000 1.2739854
4918.2500 1.27955676
4918.3000 1.28256564
4918.3500 1.28557452
4918.4000 1.2885834
4918.4500 1.29159228
4918.5000 1.28407583
4918.5500 1.26960991
4918.6000 1.25514399
4918.6500 1.24067807
4918.7000 1.22621216
4918.7500 1.2259909
4918.8000 1.22600158
4918.8500 1.22601226
4918.9000 1.22602293
4918.9500 1.228445
4919.0000 1.23502833
4919.0500 1.24161166
4919.1000 1.24819499
4919.1500 1.25477832
4919.2000 1.24539165
4919.2500 1.23071065
4919.3000 1.21602966
4919.3500 1.20134867
4919.4000 1.18913534
4919.4500 1.19254509
4919.5000 1.19595484
4919.5500 1.19936459
4919.6000 1.20277434
4919.6500 1.2037128
4919.7000 1.20239759
4919.7500 1.20108237
4919.8000 1.19976715
4919.8500 1.19845194
4919.9000 1.20167808
4919.9500 1.20534849
4920.0000 1.20901891
4920.0500 1.21268933
4920.1000 1.22361863
4920.1500 1.25148613
4920.2000 1.27935364
4920.2500 1.30722114
4920.3000 1.33508865
4920.3500 1.33011049
4920.4000 1.31039851
4920.4500 1.29068652
4920.5000 1.27097453
4920.5500 1.2521672
4920.6000 1.24349915
4920.6500 1.23483109
4920.7000 1.22616303
4920.7500 1.21749497
4920.8000 1.21363489
4920.8500 1.21509443
4920.9000 1.21655398
4920.9500 1.21801353
4921.0000 1.21947308
4921.0500 1.20811735
4921.1000 1.19482643
4921.1500 1.1815355
4921.2000 1.16824457
4921.2500 1.16102044
4921.3000 1.17070019
4921.3500 1.18037994
4921.4000 1.19005969
4921.4500 1.19973944
4921.5000 1.20108428
4921.5500 1.19814795
4921.6000 1.19521162
4921.6500 1.1922753
4921.7000 1.18895597
4921.7500 1.17946673
4921.8000 1.16997749
4921.8500 1.16048825
4921.9000 1.15099901
4921.9500 1.14824248
4922.0000 1.15347021
4922.0500 1.15869794
4922.1000 1.16392567
4922.1500 1.1691534
4922.2000 1.16017038
4922.2500 1.14883071
4922.3000 1.13749105
4922.3500 1.12615138
4922.4000 1.11920332
4922.4500 1.12480205
4922.5000 1.13040077
4922.5500 1.1359995
4922.6000 1.14159822
4922.6500 1.14403359
4922.7000 1.14485405
4922.7500 1.1456745
4922.8000 1.14649496
4922.8500 1.14713523
4922.9000 1.14522684
4922.9500 1.14331845
4923.0000 1.14141006
4923.0500 1.13950168
4923.1000 1.13181039
4923.1500 1.11763128
4923.2000 1.10345217
4923.2500 1.08927306
4923.3000 1.07509394
4923.3500 1.07447576
4923.4000 1.07574604
4923.4500 1.07701633
4923.5000 1.07828661
4923.5500 1.08184612
4923.6000 1.0911348
4923.6500 1.10042348
4923.7000 1.10971217
4923.7500 1.11900085
4923.8000 1.11937235
4923.8500 1.11582078
4923.9000 1.11226922
4923.9500 1.10871766
4924.0000 1.10448999
4924.0500 1.09448027
4924.1000 1.08447055
4924.1500 1.07446083
4924.2000 1.06445111
4924.2500 1.07774572
4924.3000 1.11288583
4924.3500 1.14802595
4924.4000 1.18316606
4924.4500 1.21830617
4924.5000 1.20008853
4924.5500 1.17778453
4924.6000 1.15548052
4924.6500 1.13317652
4924.7000 1.11825487
4924.7500 1.11748528
4924.8000 1.11671568
4924.8500 1.11594608
4924.9000 1.11517649
4924.9500 1.11657821
4925.0000 1.1186731
4925.0500 1.12076799
4925.1000 1.12286287
4925.1500 1.1247594
4925.2000 1.12571731
4925.2500 1.12667522
4925.3000 1.12763314
4925.3500 1.12859105
4925.4000 1.13100231
4925.4500 1.1344146
4925.5000 1.13782689
4925.5500 1.14123918
4925.6000 1.14459754
4925.6500 1.14314182
4925.7000 1.14168611
4925.7500 1.14023039
4925.8000 1.13877468
4925.8500 1.14094317
4925.9000 1.14789124
4925.9500 1.15483931
4926.0000 1.16178738
4926.0500 1.16873545
4926.1000 1.1679885
4926.1500 1.16591211
4926.2000 1.16383572
4926.2500 1.16175933
4926.3000 1.15710799
4926.3500 1.14568026
4926.4000 1.13425253
4926.4500 1.12282481
4926.5000 1.11139708
4926.5500 1.11776402
4926.6000 1.13178361
4926.6500 1.14580321
4926.7000 1.1598228
4926.7500 1.17336106
4926.8000 1.18351263
4926.8500 1.19366421
4926.9000 1.20381578
4926.9500 1.21396736
4927.0000 1.20907549
4927.0500 1.19191763
4927.1000 1.17475976
4927.1500 1.1576019
4927.2000 1.14044403
4927.2500 1.14400581
4927.3000 1.14802262
4927.3500 1.15203943
4927.4000 1.15605625
4927.4500 1.1695377
4927.5000 1.19678539
4927.5500 1.22403309
4927.6000 1.25128078
4927.6500 1.27852848
4927.7000 1.25951214
4927.7500 1.23152379
4927.8000 1.20353545
4927.8500 1.1755471
4927.9000 1.15582947
4927.9500 1.15859059
4928.0000 1.1613517
4928.0500 1.16411282
4928.1000 1.16687393
4928.1500 1.16544003
4928.2000 1.1622221
4928.2500 1.15900417
4928.3000 1.15578625
4928.3500 1.15286932
4928.4000 1.15187254
4928.4500 1.15087575
4928.5000 1.14987897
4928.5500 1.14888219
4928.6000 1.14561345
4928.6500 1.14063542
4928.7000 1.13565738
4928.7500 1.13067935
4928.8000 1.12580963
4928.8500 1.13617742
4928.9000 1.14654521
4928.9500 1.156913
4929.0000 1.16728079
4929.0500 1.17041626
4929.1000 1.16452074
4929.1500 1.15862522
4929.2000 1.1527297
4929.2500 1.14683418
4929.3000 1.14678399
4929.3500 1.14750387
4929.4000 1.14822375
4929.4500 1.14894363
4929.5000 1.1470565
4929.5500 1.1397235
4929.6000 1.13239049
4929.6500 1.12505749
4929.7000 1.11772448
4929.7500 1.12074668
4929.8000 1.12694764
4929.8500 1.1331486
4929.9000 1.13934957
4929.9500 1.14193345
4930.0000 1.13072515
4930.0500 1.11951686
4930.1000 1.10830856
4930.1500 1.09710026
4930.2000 1.09676963
4930.2500 1.10225362
4930.3000 1.1077376
4930.3500 1.11322159
4930.4000 1.11774038
4930.4500 1.11325328
4930.5000 1.10876618
4930.5500 1.10427909
4930.6000 1.09979199
4930.6500 1.09773364
4930.7000 1.09771781
4930.7500 1.09770197
4930.8000 1.09768614
4930.8500 1.09767031
4930.9000 1.10482243
4930.9500 1.11204086
4931.0000 1.1192593
4931.0500 1.12647774
4931.1000 1.12867202
4931.1500 1.1244648
4931.2000 1.12025758
4931.2500 1.11605036
4931.3000 1.11184314
4931.3500 1.09751125
4931.4000 1.08192632
4931.4500 1.06634139
4931.5000 1.05075646
4931.5500 1.04484871
4931.6000 1.0576206
4931.6500 1.0703925
4931.7000 1.0831644
4931.7500 1.0959363
4931.8000 1.09792207
4931.8500 1.09710791
4931.9000 1.09629375
4931.9500 1.09547958
4932.0000 1.09438032
4932.0500 1.09241565
4932.1000 1.09045098
4932.1500 1.08848631
4932.2000 1.08652164
4932.2500 1.08946227
4932.3000 1.09447566
4932.3500 1.09948906
4932.4000 1.10450245
4932.4500 1.10880705
4932.5000 1.1093727
4932.5500 1.10993836
4932.6000 1.11050401
4932.6500 1.11106967
4932.7000 1.10891641
4932.7500 1.10507551
4932.8000 1.10123461
4932.8500 1.09739371
4932.9000 1.09336128
4932.9500 1.08699762
4933.0000 1.08063396
4933.0500 1.07427031
4933.1000 1.06790665
4933.1500 1.0687363
4933.2000 1.07579092
4933.2500 1.08284553
4933.3000 1.08990014
4933.3500 1.09695476
4933.4000 1.09526544
4933.4500 1.09355418
4933.5000 1.09184292
4933.5500 1.09013166
4933.6000 1.08956736
4933.6500 1.09034861
4933.7000 1.09112986
4933.7500 1.0919111
4933.8000 1.09269235
4933.8500 1.09276931
4933.9000 1.0927884
4933.9500 1.09280749
4934.0000 1.09282659
4934.0500 1.09528018
4934.1000 1.10155351
4934.1500 1.10782685
4934.2000 1.11410018
4934.2500 1.12037352
4934.3000 1.1124861
4934.3500 1.10221037
4934.4000 1.09193464
4934.4500 1.08165891
4934.5000 1.07515599
4934.5500 1.07654765
4934.6000 1.07793932
4934.6500 1.07933098
4934.7000 1.08072264
4934.7500 1.08105292
4934.8000 1.08110495
4934.8500 1.08115698
4934.9000 1.08120901
4934.9500 1.08333164
4935.0000 1.09127197
4935.0500 1.0992123
4935.1000 1.10715263
4935.1500 1.11509296
4935.2000 1.12064029
4935.2500 1.12532011
4935.3000 1.12999993
4935.3500 1.13467976
4935.4000 1.13777022
4935.4500 1.13475839
4935.5000 1.13174656
4935.5500 1.12873473
4935.6000 1.12572289
4935.6500 1.12291412
4935.7000 1.12020065
4935.7500 1.11748717
4935.8000 1.11477369
4935.8500 1.11271369
4935.9000 1.11419447
4935.9500 1.11567526
4936.0000 1.11715605
4936.0500 1.11863683
4936.1000 1.11697065
4936.1500 1.11347416
4936.2000 1.10997767
4936.2500 1.10648118
4936.3000 1.10280168
4936.3500 1.0976413
4936.4000 1.09248091
4936.4500 1.08732053
4936.5000 1.08216014
4936.5500 1.07999624
4936.6000 1.07992355
4936.6500 1.07985086
4936.7000 1.07977817
4936.7500 1.08035738
4936.8000 1.08970493
4936.8500 1.09905248
4936.9000 1.10840002
4936.9500 1.11774757
4937.0000 1.12281397
4937.0500 1.12438739
4937.1000 1.12596081
4937.1500 1.12753423
4937.2000 1.12909888
4937.2500 1.13041022
4937.3000 1.13172155
4937.3500 1.13303288
4937.4000 1.13434421
4937.4500 1.12981621
4937.5000 1.1198426
4937.5500 1.10986898
4937.6000 1.09989537
4937.6500 1.08995735
4937.7000 1.09313381
4937.7500 1.09631026
4937.8000 1.09948672
4937.8500 1.10266317
4937.9000 1.10514243
4937.9500 1.10689378
4938.0000 1.10864512
4938.0500 1.11039647
4938.1000 1.11214781
4938.1500 1.10671557
4938.2000 1.10111424
4938.2500 1.0955129
4938.3000 1.08991157
4938.3500 1.08831534
4938.4000 1.09130794
4938.4500 1.09430055
4938.5000 1.09729315
4938.5500 1.10028576
4938.6000 1.09942806
4938.6500 1.09839455
4938.7000 1.09736104
4938.7500 1.09632752
4938.8000 1.09568339
4938.8500 1.09551926
4938.9000 1.09535513
4938.9500 1.09519099
4939.0000 1.09502686
4939.0500 1.09915147
4939.1000 1.10354647
4939.1500 1.10794147
4939.2000 1.11233648
4939.2500 1.11369137
4939.3000 1.11109374
4939.3500 1.10849611
4939.4000 1.10589848
4939.4500 1.10330085
4939.5000 1.09696295
4939.5500 1.0903439
4939.6000 1.08372484
4939.6500 1.07710579
4939.7000 1.07393498
4939.7500 1.07539767
4939.8000 1.07686035
4939.8500 1.07832303
4939.9000 1.07978571
4939.9500 1.07859363
4940.0000 1.07718481
4940.0500 1.07577598
4940.1000 1.07436715
4940.1500 1.07592986
4940.2000 1.08153561
4940.2500 1.08714136
4940.3000 1.0927471
4940.3500 1.09835285
4940.4000 1.09642051
4940.4500 1.09386804
4940.5000 1.09131558
4940.5500 1.08876311
4940.6000 1.08549652
4940.6500 1.08126618
4940.7000 1.07703585
4940.7500 1.07280551
4940.8000 1.06857517
4940.8500 1.07796789
4940.9000 1.0884097
4940.9500 1.09885151
4941.0000 1.10929332
4941.0500 1.11609479
4941.1000 1.11812241
4941.1500 1.12015003
4941.2000 1.12217765
4941.2500 1.12420527
4941.3000 1.11748943
4941.3500 1.11019616
4941.4000 1.10290289
4941.4500 1.09560962
4941.5000 1.09310672
4941.5500 1.0965852
4941.6000 1.10006367
4941.6500 1.10354214
4941.7000 1.10702061
4941.7500 1.1061845
4941.8000 1.10513391
4941.8500 1.10408332
4941.9000 1.10303273
4941.9500 1.10234843
4942.0000 1.10209093
4942.0500 1.10183344
4942.1000 1.10157595
4942.1500 1.10131846
4942.2000 1.09479817
4942.2500 1.08809936
4942.3000 1.08140055
4942.3500 1.07470174
4942.4000 1.06979818
4942.4500 1.06680856
4942.5000 1.06381895
4942.5500 1.06082933
4942.6000 1.05783972
4942.6500 1.06221248
4942.7000 1.06660758
4942.7500 1.07100269
4942.8000 1.0753978
4942.8500 1.08148659
4942.9000 1.08919479
4942.9500 1.09690299
4943.0000 1.10461119
4943.0500 1.11186185
4943.1000 1.10243996
4943.1500 1.09301807
4943.2000 1.08359618
4943.2500 1.0741743
4943.3000 1.07245801
4943.3500 1.07721458
4943.4000 1.08197116
4943.4500 1.08672774
4943.5000 1.09114164
4943.5500 1.09032595
4943.6000 1.08951026
4943.6500 1.08869457
4943.7000 1.08787888
4943.7500 1.08783129
4943.8000 1.08833812
4943.8500 1.08884495
4943.9000 1.08935178
4943.9500 1.09083891
4944.0000 1.1010195
4944.0500 1.1112001
4944.1000 1.12138069
4944.1500 1.13156129
4944.2000 1.12867083
4944.2500 1.11787568
4944.3000 1.10708053
4944.3500 1.09628537
4944.4000 1.0867141
4944.4500 1.08428855
4944.5000 1.08186299
4944.5500 1.07943744
4944.6000 1.07701188
4944.6500 1.07893886
4944.7000 1.08300409
4944.7500 1.08706932
4944.8000 1.09113455
4944.8500 1.09399456
4944.9000 1.09191628
4944.9500 1.089838
4945.0000 1.08775972
4945.0500 1.08568145
4945.1000 1.08908518
4945.1500 1.0945887
4945.2000 1.10009221
4945.2500 1.10559573
4945.3000 1.10794065
4945.3500 1.10086941
4945.4000 1.09379816
4945.4500 1.08672692
4945.5000 1.07965567
4945.5500 1.07352967
4945.6000 1.06766937
4945.6500 1.06180907
4945.7000 1.05594876
4945.7500 1.05536011
4945.8000 1.06643681
4945.8500 1.07751351
4945.9000 1.0885902
4945.9500 1.0996669
4946.0000 1.09623356
4946.0500 1.09010156
4946.1000 1.08396957
4946.1500 1.07783757
4946.2000 1.07525576
4946.2500 1.0785563
4946.3000 1.08185684
4946.3500 1.08515738
4946.4000 1.08845792
4946.4500 1.08355881
4946.5000 1.07785705
4946.5500 1.07215528
4946.6000 1.06645351
4946.6500 1.06515188
4946.7000 1.06930338
4946.7500 1.07345487
4946.8000 1.07760637
4946.8500 1.08175786
4946.9000 1.08224546
4946.9500 1.08267181
4947.0000 1.08309816
4947.0500 1.08352451
4947.1000 1.08501196
4947.1500 1.08747176
4947.2000 1.08993156
4947.2500 1.09239136
4947.3000 1.0942669
4947.3500 1.08720284
4947.4000 1.08013878
4947.4500 1.07307471
4947.5000 1.06601065
4947.5500 1.06792612
4947.6000 1.07577476
4947.6500 1.0836234
4947.7000 1.09147204
4947.7500 1.0999649
4947.8000 1.11228111
4947.8500 1.12459732
4947.9000 1.13691353
4947.9500 1.14922974
4948.0000 1.1415407
4948.0500 1.12475954
4948.1000 1.10797838
4948.1500 1.09119723
4948.2000 1.07968064
4948.2500 1.08557957
4948.3000 1.09147851
4948.3500 1.09737744
4948.4000 1.10327638
4948.4500 1.09788954
4948.5000 1.08928207
4948.5500 1.0806746
4948.6000 1.07206713
4948.6500 1.06891939
4948.7000 1.07710511
4948.7500 1.08529083
4948.8000 1.09347654
4948.8500 1.10166226
4948.9000 1.11133253
4948.9500 1.12121776
4949.0000 1.13110298
4949.0500 1.14098821
4949.1000 1.13937622
4949.1500 1.12209287
4949.2000 1.10480952
4949.2500 1.08752617
4949.3000 1.07024282
4949.3500 1.06035909
4949.4000 1.05067198
4949.4500 1.04098487
4949.5000 1.03129776
4949.5500 1.03393081
4949.6000 1.04765182
4949.6500 1.06137283
4949.7000 1.07509384
4949.7500 1.08814256
4949.8000 1.09343819
4949.8500 1.09873381
4949.9000 1.10402943
4949.9500 1.10932505
4950.0000 1.10718404
4950.0500 1.10075985
4950.1000 1.09433566
4950.1500 1.08791146
4950.2000 1.08146869
4950.2500 1.07494699
4950.3000 1.06842529
4950.3500 1.06190359
4950.4000 1.05538189
4950.4500 1.05409541
4950.5000 1.05457429
4950.5500 1.05505316
4950.6000 1.05553203
4950.6500 1.0558024
4950.7000 1.05560074
4950.7500 1.05539907
4950.8000 1.05519741
4950.8500 1.05499575
4950.9000 1.05987408
4950.9500 1.06553712
4951.0000 1.07120016
4951.0500 1.0768632
4951.1000 1.07626054
4951.1500 1.06725979
4951.2000 1.05825903
4951.2500 1.04925828
4951.3000 1.04025752
4951.3500 1.04107694
4951.4000 1.04199904
4951.4500 1.04292114
4951.5000 1.04384325
4951.5500 1.04405287
4951.6000 1.04368725
4951.6500 1.04332162
4951.7000 1.042956
4951.7500 1.04323991
4951.8000 1.0483701
4951.8500 1.05350029
4951.9000 1.05863048
4951.9500 1.06376067
4952.0000 1.06530376
4952.0500 1.06519242
4952.1000 1.06508108
4952.1500 1.06496974
4952.2000 1.06405854
4952.2500 1.06077071
4952.3000 1.05748289
4952.3500 1.05419506
4952.4000 1.05090724
4952.4500 1.04475712
4952.5000 1.03798091
4952.5500 1.0312047
4952.6000 1.02442849
4952.6500 1.02966222
4952.7000 1.05364035
4952.7500 1.07761847
4952.8000 1.1015966
4952.8500 1.12557472
4952.9000 1.10775828
4952.9500 1.08828064
4953.0000 1.068803
4953.0500 1.04932535
4953.1000 1.04211929
4953.1500 1.045609
4953.2000 1.04909872
4953.2500 1.05258843
4953.3000 1.05612001
4953.3500 1.059997
4953.4000 1.06387399
4953.4500 1.06775098
4953.5000 1.07162797
4953.5500 1.07033469
4953.6000 1.06664382
4953.6500 1.06295295
4953.7000 1.05926208
4953.7500 1.05572652
4953.8000 1.05263406
4953.8500 1.04954159
4953.9000 1.04644913
4953.9500 1.04335666
4954.0000 1.04467061
4954.0500 1.04684165
4954.1000 1.04901269
4954.1500 1.05118373
4954.2000 1.05298794
4954.2500 1.05427729
4954.3000 1.05556665
4954.3500 1.056856
4954.4000 1.05814535
4954.4500 1.05851584
4954.5000 1.05888284
4954.5500 1.05924985
4954.6000 1.05961686
4954.6500 1.06411349
4954.7000 1.07162919
4954.7500 1.07914489
4954.8000 1.08666059
4954.8500 1.09111025
4954.9000 1.07951015
4954.9500 1.06791004
4955.0000 1.05630994
4955.0500 1.04470984
4955.1000 1.04968556
4955.1500 1.06035327
4955.2000 1.07102097
4955.2500 1.08168867
4955.3000 1.08554168
4955.3500 1.07553696
4955.4000 1.06553225
4955.4500 1.05552753
4955.5000 1.04552282
4955.5500 1.05425702
4955.6000 1.06470533
4955.6500 1.07515364
4955.7000 1.08560195
4955.7500 1.0871512
4955.8000 1.07994294
4955.8500 1.07273469
4955.9000 1.06552643
4955.9500 1.0587966
4956.0000 1.05672718
4956.0500 1.05465776
4956.1000 1.05258834
4956.1500 1.05051892
4956.2000 1.05428229
4956.2500 1.06074699
4956.3000 1.0672117
4956.3500 1.07367641
4956.4000 1.0762925
4956.4500 1.06876769
4956.5000 1.06124288
4956.5500 1.05371806
4956.6000 1.04619325
4956.6500 1.04469969
4956.7000 1.04412313
4956.7500 1.04354657
4956.8000 1.04297001
4956.8500 1.04316006
4956.9000 1.04424204
4956.9500 1.04532403
4957.0000 1.04640602
4957.0500 1.04753266
4957.1000 1.04938868
4957.1500 1.0512447
4957.2000 1.05310072
4957.2500 1.05495674
4957.3000 1.05763756
4957.3500 1.06075391
4957.4000 1.06387026
4957.4500 1.06698661
4957.5000 1.0686107
4957.5500 1.06581601
4957.6000 1.06302133
4957.6500 1.06022665
4957.7000 1.05743196
4957.7500 1.05194741
4957.8000 1.0459947
4957.8500 1.04004198
4957.9000 1.03408926
4957.9500 1.03763287
4958.0000 1.05267449
4958.0500 1.06771611
4958.1000 1.08275773
4958.1500 1.09636325
4958.2000 1.08489929
4958.2500 1.07343532
4958.3000 1.06197136
4958.3500 1.0505074
4958.4000 1.0452599
4958.4500 1.04325336
4958.5000 1.04124682
4958.5500 1.03924027
4958.6000 1.03776939
4958.6500 1.03780956
4958.7000 1.03784972
4958.7500 1.03788988
4958.8000 1.03793005
4958.8500 1.04018827
4958.9000 1.04278555
4958.9500 1.04538284
4959.0000 1.04798012
4959.0500 1.0520548
4959.1000 1.05776654
4959.1500 1.06347829
4959.2000 1.06919003
4959.2500 1.07379404
4959.3000 1.06609651
4959.3500 1.05839898
4959.4000 1.05070146
4959.4500 1.04300393
4959.5000 1.04012911
4959.5500 1.03939951
4959.6000 1.03866991
4959.6500 1.03794031
4959.7000 1.0372782
4959.7500 1.03677141
4959.8000 1.03626462
4959.8500 1.03575783
4959.9000 1.03525103
4959.9500 1.03836035
4960.0000 1.04180557
4960.0500 1.04525079
4960.1000 1.04869601
4960.1500 1.05000187
4960.2000 1.04939805
4960.2500 1.04879424
4960.3000 1.04819042
4960.3500 1.04883763
4960.4000 1.05698234
4960.4500 1.06512704
4960.5000 1.07327175
4960.5500 1.08141645
4960.6000 1.07555064
4960.6500 1.06523408
4960.7000 1.05491752
4960.7500 1.04460096
4960.8000 1.03817864
4960.8500 1.03821607
4960.9000 1.0382535
4960.9500 1.03829092
4961.0000 1.03832835
4961.0500 1.04612272
4961.1000 1.05395932
4961.1500 1.06179592
4961.2000 1.06963252
4961.2500 1.07103134
4961.3000 1.06838876
4961.3500 1.06574618
4961.4000 1.0631036
4961.4500 1.06083515
4961.5000 1.05978206
4961.5500 1.05872897
4961.6000 1.05767588
4961.6500 1.05662279
4961.7000 1.05331632
4961.7500 1.04963596
4961.8000 1.04595561
4961.8500 1.04227526
4961.9000 1.04193729
4961.9500 1.04520157
4962.0000 1.04846585
4962.0500 1.05173013
4962.1000 1.05523357
4962.1500 1.06075045
4962.2000 1.06626732
4962.2500 1.0717842
4962.3000 1.07730108
4962.3500 1.07690798
4962.4000 1.07435473
4962.4500 1.07180149
4962.5000 1.06924824
4962.5500 1.06894463
4962.6000 1.07264437
4962.6500 1.07634412
4962.7000 1.08004386
4962.7500 1.0837436
4962.8000 1.07900491
4962.8500 1.07416798
4962.9000 1.06933105
4962.9500 1.06449412
4963.0000 1.06246656
4963.0500 1.06217189
4963.1000 1.06187722
4963.1500 1.06158255
4963.2000 1.06319029
4963.2500 1.07051186
4963.3000 1.07783344
4963.3500 1.08515502
4963.4000 1.0924766
4963.4500 1.08968669
4963.5000 1.08554856
4963.5500 1.08141044
4963.6000 1.07727231
4963.6500 1.07418426
4963.7000 1.07208035
4963.7500 1.06997644
4963.8000 1.06787253
4963.8500 1.06596396
4963.9000 1.06515087
4963.9500 1.06433777
4964.0000 1.06352467
4964.0500 1.06271157
4964.1000 1.06447076
4964.1500 1.06692299
4964.2000 1.06937523
4964.2500 1.07182746
4964.3000 1.07612045
4964.3500 1.08289923
4964.4000 1.08967802
4964.4500 1.0964568
4964.5000 1.10280667
4964.5500 1.10292939
4964.6000 1.1030521
4964.6500 1.10317482
4964.7000 1.10329753
4964.7500 1.09717967
4964.8000 1.08844682
4964.8500 1.07971397
4964.9000 1.07098111
4964.9500 1.06764146
4965.0000 1.0744843
4965.0500 1.08132714
4965.1000 1.08816998
4965.1500 1.09501282
4965.2000 1.09153991
4965.2500 1.08795325
4965.3000 1.08436659
4965.3500 1.08077993
4965.4000 1.08020056
4965.4500 1.08136316
4965.5000 1.08252575
4965.5500 1.08368835
4965.6000 1.08513816
4965.6500 1.08733162
4965.7000 1.08952507
4965.7500 1.09171852
4965.8000 1.09391198
4965.8500 1.08844825
4965.9000 1.0823664
4965.9500 1.07628454
4966.0000 1.07020269
4966.0500 1.06841545
4966.1000 1.0698249
4966.1500 1.07123436
4966.2000 1.07264381
4966.2500 1.07367454
4966.3000 1.07338212
4966.3500 1.0730897
4966.4000 1.07279728
4966.4500 1.07250487
4966.5000 1.06726681
4966.5500 1.06130981
4966.6000 1.05535282
4966.6500 1.04939582
4966.7000 1.04815693
4966.7500 1.05118831
4966.8000 1.05421969
4966.8500 1.05725107
4966.9000 1.06017731
4966.9500 1.0626181
4967.0000 1.0650589
4967.0500 1.06749969
4967.1000 1.06994049
4967.1500 1.06881251
4967.2000 1.06696611
4967.2500 1.06511971
4967.3000 1.06327331
4967.3500 1.061606
4967.4000 1.06012649
4967.4500 1.05864699
4967.5000 1.05716748
4967.5500 1.05620306
4967.6000 1.05827364
4967.6500 1.06034423
4967.7000 1.06241481
4967.7500 1.0644854
4967.8000 1.07048198
4967.8500 1.0774396
4967.9000 1.08439722
4967.9500 1.09135484
4968.0000 1.09474811
4968.0500 1.09400564
4968.1000 1.09326317
4968.1500 1.0925207
4968.2000 1.09118006
4968.2500 1.08560323
4968.3000 1.08002639
4968.3500 1.07444955
4968.4000 1.06887272
4968.4500 1.07055375
4968.5000 1.07421258
4968.5500 1.07787141
4968.6000 1.08153024
4968.6500 1.08052833
4968.7000 1.07381296
4968.7500 1.06709758
4968.8000 1.06038221
4968.8500 1.05491137
4968.9000 1.059117
4968.9500 1.06332263
4969.0000 1.06752826
4969.0500 1.07173389
4969.1000 1.07067263
4969.1500 1.06812534
4969.2000 1.06557805
4969.2500 1.06303077
4969.3000 1.06586493
4969.3500 1.07535086
4969.4000 1.08483679
4969.4500 1.09432272
4969.5000 1.10227482
4969.5500 1.09851255
4969.6000 1.09475029
4969.6500 1.09098802
4969.7000 1.08722575
4969.7500 1.088448
4969.8000 1.09103037
4969.8500 1.09361275
4969.9000 1.09619512
4969.9500 1.09748412
4970.0000 1.0972349
4970.0500 1.09698568
4970.1000 1.09673646
4970.1500 1.09635528
4970.2000 1.09508462
4970.2500 1.09381397
4970.3000 1.09254332
4970.3500 1.09127267
4970.4000 1.08673925
4970.4500 1.08140491
4970.5000 1.07607056
4970.5500 1.07073622
4970.6000 1.06891255
4970.6500 1.07092403
4970.7000 1.0729355
4970.7500 1.07494698
4970.8000 1.07717536
4970.8500 1.08059336
4970.9000 1.08401136
4970.9500 1.08742936
4971.0000 1.09084736
4971.0500 1.09448918
4971.1000 1.09817627
4971.1500 1.10186335
4971.2000 1.10555044
4971.2500 1.10471706
4971.3000 1.09955214
4971.3500 1.09438721
4971.4000 1.08922228
4971.4500 1.08588065
4971.5000 1.09026991
4971.5500 1.09465917
4971.6000 1.09904843
4971.6500 1.10343769
4971.7000 1.10464988
4971.7500 1.10539695
4971.8000 1.10614401
4971.8500 1.10689107
4971.9000 1.10458541
4971.9500 1.09983246
4972.0000 1.0950795
4972.0500 1.09032655
4972.1000 1.08561856
4972.1500 1.08105365
4972.2000 1.07648874
4972.2500 1.07192383
4972.3000 1.06735892
4972.3500 1.07155385
4972.4000 1.07646512
4972.4500 1.08137638
4972.5000 1.08628765
4972.5500 1.0888268
4972.6000 1.08985586
4972.6500 1.09088493
4972.7000 1.09191399
4972.7500 1.09310444
4972.8000 1.09467334
4972.8500 1.09624225
4972.9000 1.09781115
4972.9500 1.09938006
4973.0000 1.10291128
4973.0500 1.10646606
4973.1000 1.11002083
4973.1500 1.1135756
4973.2000 1.10800564
4973.2500 1.09811471
4973.3000 1.08822378
4973.3500 1.07833285
4973.4000 1.07496996
4973.4500 1.0827022
4973.5000 1.09043444
4973.5500 1.09816668
4973.6000 1.10529241
4973.6500 1.10347387
4973.7000 1.10165534
4973.7500 1.0998368
4973.8000 1.09801827
4973.8500 1.09618777
4973.9000 1.09435344
4973.9500 1.09251912
4974.0000 1.0906848
4974.0500 1.08982996
4974.1000 1.09015528
4974.1500 1.09048059
4974.2000 1.09080591
4974.2500 1.0907625
4974.3000 1.08863779
4974.3500 1.08651309
4974.4000 1.08438839
4974.4500 1.08226368
4974.5000 1.07996175
4974.5500 1.07762824
4974.6000 1.07529472
4974.6500 1.07296121
4974.7000 1.07347537
4974.7500 1.07633554
4974.8000 1.0791957
4974.8500 1.08205587
4974.9000 1.08470273
4974.9500 1.08670668
4975.0000 1.08871064
4975.0500 1.09071459
4975.1000 1.09271855
4975.1500 1.08881687
4975.2000 1.08461265
4975.2500 1.08040844
4975.3000 1.07620422
4975.3500 1.07538573
4975.4000 1.07635297
4975.4500 1.07732021
4975.5000 1.07828744
4975.5500 1.07972091
4975.6000 1.08198534
4975.6500 1.08424977
4975.7000 1.08651419
4975.7500 1.08829471
4975.8000 1.08316339
4975.8500 1.07803206
4975.9000 1.07290074
4975.9500 1.06776942
4976.0000 1.06885082
4976.0500 1.07175936
4976.1000 1.07466789
4976.1500 1.07757643
4976.2000 1.08047789
4976.2500 1.08337172
4976.3000 1.08626556
4976.3500 1.08915939
4976.4000 1.09236838
4976.4500 1.0969101
4976.5000 1.10145182
4976.5500 1.10599353
4976.6000 1.11053525
4976.6500 1.10308216
4976.7000 1.09433238
4976.7500 1.0855826
4976.8000 1.07683282
4976.8500 1.07647941
4976.9000 1.08138374
4976.9500 1.08628806
4977.0000 1.09119239
4977.0500 1.09500902
4977.1000 1.09660446
4977.1500 1.0981999
4977.2000 1.09979533
4977.2500 1.10102823
4977.3000 1.09434724
4977.3500 1.08766625
4977.4000 1.08098525
4977.4500 1.07430426
4977.5000 1.07886187
4977.5500 1.08696495
4977.6000 1.09506803
4977.6500 1.10317112
4977.7000 1.10562275
4977.7500 1.10189922
4977.8000 1.09817569
4977.8500 1.09445216
4977.9000 1.09254166
4977.9500 1.09802922
4978.0000 1.10351679
4978.0500 1.10900435
4978.1000 1.11449192
4978.1500 1.10549056
4978.2000 1.0951795
4978.2500 1.08486843
4978.3000 1.07455737
4978.3500 1.07310421
4978.4000 1.07666251
4978.4500 1.08022082
4978.5000 1.08377912
4978.5500 1.08786371
4978.6000 1.09287773
4978.6500 1.09789175
4978.7000 1.10290578
4978.7500 1.10667322
4978.8000 1.09713995
4978.8500 1.08760669
4978.9000 1.07807342
4978.9500 1.06854015
4979.0000 1.07342494
4979.0500 1.08166649
4979.1000 1.08990805
4979.1500 1.0981496
4979.2000 1.09958935
4979.2500 1.09518594
4979.3000 1.09078254
4979.3500 1.08637914
4979.4000 1.08341855
4979.4500 1.08444002
4979.5000 1.08546149
4979.5500 1.08648296
4979.6000 1.08750443
4979.6500 1.08709941
4979.7000 1.08668768
4979.7500 1.08627595
4979.8000 1.08586421
4979.8500 1.08223138
4979.9000 1.07738266
4979.9500 1.07253395
4980.0000 1.06768523
4980.0500 1.0658898
4980.1000 1.06770883
4980.1500 1.06952786
4980.2000 1.07134689
4980.2500 1.07205983
4980.3000 1.06809286
4980.3500 1.0641259
4980.4000 1.06015894
4980.4500 1.05619198
4980.5000 1.05573675
4980.5500 1.05556333
4980.6000 1.05538991
4980.6500 1.05521649
4980.7000 1.05419599
4980.7500 1.05274216
4980.8000 1.05128832
4980.8500 1.04983449
4980.9000 1.05136327
4980.9500 1.05739008
4981.0000 1.06341689
4981.0500 1.0694437
4981.1000 1.07466829
4981.1500 1.07484634
4981.2000 1.07502439
4981.2500 1.07520244
4981.3000 1.07538048
4981.3500 1.0738414
4981.4000 1.07206128
4981.4500 1.07028117
4981.5000 1.06850105
4981.5500 1.06502559
4981.6000 1.06050202
4981.6500 1.05597844
4981.7000 1.05145487
4981.7500 1.05150866
4981.8000 1.05968927
4981.8500 1.06786988
4981.9000 1.07605049
4981.9500 1.08281953
4982.0000 1.07742118
4982.0500 1.07202282
4982.1000 1.06662447
4982.1500 1.06122612
4982.2000 1.0622103
4982.2500 1.06433052
4982.3000 1.06645074
4982.3500 1.06857097
4982.4000 1.06738696
4982.4500 1.06395531
4982.5000 1.06052365
4982.5500 1.05709199
4982.6000 1.05528536
4982.6500 1.05659546
4982.7000 1.05790556
4982.7500 1.05921566
4982.8000 1.06018931
4982.8500 1.05782482
4982.9000 1.05546033
4982.9500 1.05309583
4983.0000 1.05073134
4983.0500 1.05059807
4983.1000 1.05088438
4983.1500 1.05117068
4983.2000 1.05145699
4983.2500 1.05157552
4983.3000 1.05157897
4983.3500 1.05158243
4983.4000 1.05158589
4983.4500 1.05214421
4983.5000 1.05375161
4983.5500 1.05535901
4983.6000 1.05696641
4983.6500 1.05872624
4983.7000 1.06185797
4983.7500 1.0649897
4983.8000 1.06812143
4983.8500 1.07125316
4983.9000 1.07043365
4983.9500 1.06894601
4984.0000 1.06745836
4984.0500 1.06597071
4984.1000 1.06201213
4984.1500 1.0564872
4984.2000 1.05096226
4984.2500 1.04543733
4984.3000 1.04334333
4984.3500 1.04709123
4984.4000 1.05083913
4984.4500 1.05458703
4984.5000 1.05725336
4984.5500 1.05263472
4984.6000 1.04801608
4984.6500 1.04339744
4984.7000 1.0387788
4984.7500 1.04129053
4984.8000 1.0446849
4984.8500 1.04807926
4984.9000 1.05147362
4984.9500 1.05157757
4985.0000 1.04992321
4985.0500 1.04826885
4985.1000 1.04661449
4985.1500 1.04651355
4985.2000 1.04860312
4985.2500 1.0506927
4985.3000 1.05278227
4985.3500 1.05407386
4985.4000 1.05171547
4985.4500 1.04935708
4985.5000 1.04699868
4985.5500 1.04464029
4985.6000 1.04759638
4985.6500 1.05086061
4985.7000 1.05412483
4985.7500 1.05738905
4985.8000 1.05564113
4985.8500 1.05186874
4985.9000 1.04809635
4985.9500 1.04432396
4986.0000 1.04551126
4986.0500 1.05205655
4986.1000 1.05860184
4986.1500 1.06514713
4986.2000 1.06885372
4986.2500 1.06406259
4986.3000 1.05927146
4986.3500 1.05448033
4986.4000 1.0499265
4986.4500 1.0562145
4986.5000 1.06250251
4986.5500 1.06879052
4986.6000 1.07507853
4986.6500 1.0740085
4986.7000 1.07102637
4986.7500 1.06804424
4986.8000 1.06506211
4986.8500 1.06182689
4986.9000 1.05839867
4986.9500 1.05497046
4987.0000 1.05154224
4987.0500 1.05000268
4987.1000 1.05209218
4987.1500 1.05418168
4987.2000 1.05627119
4987.2500 1.05847
4987.3000 1.06148175
4987.3500 1.06449349
4987.4000 1.06750524
4987.4500 1.07051699
4987.5000 1.0711089
4987.5500 1.07142014
4987.6000 1.07173137
4987.6500 1.07204261
4987.7000 1.07255109
4987.7500 1.07315459
4987.8000 1.07375808
4987.8500 1.07436157
4987.9000 1.07303651
4987.9500 1.06940204
4988.0000 1.06576757
4988.0500 1.0621331
4988.1000 1.05951371
4988.1500 1.06017082
4988.2000 1.06082792
4988.2500 1.06148503
4988.3000 1.06223565
4988.3500 1.0677388
4988.4000 1.07324196
4988.4500 1.07874511
4988.5000 1.08424827
4988.5500 1.07740291
4988.6000 1.0675352
4988.6500 1.0576675
4988.7000 1.04779979
4988.7500 1.04908095
4988.8000 1.0581496
4988.8500 1.06721824
4988.9000 1.07628689
4988.9500 1.08165576
4989.0000 1.08087005
4989.0500 1.08008434
4989.1000 1.07929862
4989.1500 1.07728114
4989.2000 1.06895904
4989.2500 1.06063695
4989.3000 1.05231486
4989.3500 1.04399276
4989.4000 1.04785641
4989.4500 1.05232438
4989.5000 1.05679236
4989.5500 1.06126033
4989.6000 1.06112633
4989.6500 1.05940356
4989.7000 1.05768079
4989.7500 1.05595803
4989.8000 1.05344618
4989.8500 1.05024929
4989.9000 1.0470524
4989.9500 1.04385551
4990.0000 1.04259958
4990.0500 1.04531087
4990.1000 1.04802216
4990.1500 1.05073345
4990.2000 1.05282891
4990.2500 1.05053594
4990.3000 1.04824297
4990.3500 1.04594999
4990.4000 1.04365702
4990.4500 1.04923809
4990.5000 1.055514
4990.5500 1.0617899
4990.6000 1.06806581
4990.6500 1.06577011
4990.7000 1.0600757
4990.7500 1.05438129
4990.8000 1.04868687
4990.8500 1.04399803
4990.9000 1.04025793
4990.9500 1.03651783
4991.0000 1.03277773
4991.0500 1.03285225
4991.1000 1.04124825
4991.1500 1.04964426
4991.2000 1.05804026
4991.2500 1.06451568
4991.3000 1.05626998
4991.3500 1.04802429
4991.4000 1.03977859
4991.4500 1.0315329
4991.5000 1.04022498
4991.5500 1.0504339
4991.6000 1.06064282
4991.6500 1.07085174
4991.7000 1.06852843
4991.7500 1.06136806
4991.8000 1.05420769
4991.8500 1.04704732
4991.9000 1.04458786
4991.9500 1.04635546
4992.0000 1.04812307
4992.0500 1.04989068
4992.1000 1.05170261
4992.1500 1.0536034
4992.2000 1.05550418
4992.2500 1.05740496
4992.3000 1.05901839
4992.3500 1.05887409
4992.4000 1.0587298
4992.4500 1.0585855
4992.5000 1.0584412
4992.5500 1.06486045
4992.6000 1.07162907
4992.6500 1.07839768
4992.7000 1.08516629
4992.7500 1.08136641
4992.8000 1.07422412
4992.8500 1.06708183
4992.9000 1.05993955
4992.9500 1.05404159
4993.0000 1.04907736
4993.0500 1.04411312
4993.1000 1.03914889
4993.1500 1.03651893
4993.2000 1.03763049
4993.2500 1.03874204
4993.3000 1.0398536
4993.3500 1.04161029
4993.4000 1.04597359
4993.4500 1.0503369
4993.5000 1.0547002
4993.5500 1.05898121
4993.6000 1.05742624
4993.6500 1.05587127
4993.7000 1.0543163
4993.7500 1.05276133
4993.8000 1.05320012
4993.8500 1.05404516
4993.9000 1.0548902
4993.9500 1.05573524
4994.0000 1.05442007
4994.0500 1.05193591
4994.1000 1.04945175
4994.1500 1.04696759
4994.2000 1.04454132
4994.2500 1.04218076
4994.3000 1.03982021
4994.3500 1.03745966
4994.4000 1.03713991
4994.4500 1.04183893
4994.5000 1.04653795
4994.5500 1.05123697
4994.6000 1.05483535
4994.6500 1.04963304
4994.7000 1.04443073
4994.7500 1.03922843
4994.8000 1.03402612
4994.8500 1.03363642
4994.9000 1.03358375
4994.9500 1.03353108
4995.0000 1.03347841
4995.0500 1.033619
4995.1000 1.03382086
4995.1500 1.03402271
4995.2000 1.03422457
4995.2500 1.0379578
4995.3000 1.04419334
4995.3500 1.05042889
4995.4000 1.05666444
4995.4500 1.05706447
4995.5000 1.04915701
4995.5500 1.04124956
4995.6000 1.03334211
4995.6500 1.02715885
4995.7000 1.0263981
4995.7500 1.02563736
4995.8000 1.02487662
4995.8500 1.02438721
4995.9000 1.02743641
4995.9500 1.0304856
4996.0000 1.0335348
4996.0500 1.03658399
4996.1000 1.03915458
4996.1500 1.04167346
4996.2000 1.04419234
4996.2500 1.04671122
4996.3000 1.04363304
4996.3500 1.03853776
4996.4000 1.03344249
4996.4500 1.02834721
4996.5000 1.02906792
4996.5500 1.03419418
4996.6000 1.03932044
4996.6500 1.04444671
4996.7000 1.04790471
4996.7500 1.04890384
4996.8000 1.04990297
4996.8500 1.0509021
4996.9000 1.0509297
4996.9500 1.04789345
4997.0000 1.04485721
4997.0500 1.04182097
4997.1000 1.03950357
4997.1500 1.04561197
4997.2000 1.05172038
4997.2500 1.05782878
4997.3000 1.06393718
4997.3500 1.06218519
4997.4000 1.05972901
4997.4500 1.05727282
4997.5000 1.05481664
4997.5500 1.05351009
4997.6000 1.05257005
4997.6500 1.05163002
4997.7000 1.05068998
4997.7500 1.04901614
4997.8000 1.04685324
4997.8500 1.04469034
4997.9000 1.04252743
4997.9500 1.04084489
4998.0000 1.03976585
4998.0500 1.03868682
4998.1000 1.03760779
4998.1500 1.03756798
4998.2000 1.04010208
4998.2500 1.04263618
4998.3000 1.04517029
4998.3500 1.0468354
4998.4000 1.04285422
4998.4500 1.03887304
4998.5000 1.03489186
4998.5500 1.03091068
4998.6000 1.03898583
4998.6500 1.04730139
4998.7000 1.05561695
4998.7500 1.06393252
4998.8000 1.05851322
4998.8500 1.05025754
4998.9000 1.04200186
4998.9500 1.03374618
4999.0000 1.03060957
4999.0500 1.02989808
4999.1000 1.02918659
4999.1500 1.0284751
4999.2000 1.02941634
4999.2500 1.03182575
4999.3000 1.03423516
4999.3500 1.03664456
4999.4000 1.03910658
4999.4500 1.04165375
4999.5000 1.04420092
4999.5500 1.04674809
4999.6000 1.0487871
4999.6500 1.04917717
4999.7000 1.04956724
4999.7500 1.04995731
4999.8000 1.04967279
4999.8500 1.04261304
4999.9000 1.0355533
4999.9500 1.02849355
5000.0000 1.0214338
5000.0500 1.02795567
5000.1000 1.03523993
5000.1500 1.04252419
5000.2000 1.04980845
5000.2500 1.0504445
5000.3000 1.04946463
5000.3500 1.04848476
5000.4000 1.04750489
5000.4500 1.04331474
5000.5000 1.03749577
5000.5500 1.0316768
5000.6000 1.02585783
5000.6500 1.02315569
5000.7000 1.02328874
5000.7500 1.02342179
5000.8000 1.02355484
5000.8500 1.02548392
5000.9000 1.03027912
5000.9500 1.03507432
5001.0000 1.03986952
5001.0500 1.04238447
5001.1000 1.03798998
5001.1500 1.03359549
5001.2000 1.029201
5001.2500 1.02488547
5001.3000 1.0211938
5001.3500 1.01750213
5001.4000 1.01381046
5001.4500 1.01011879
5001.5000 1.01353758
5001.5500 1.01711719
5001.6000 1.02069681
5001.6500 1.02427642
5001.7000 1.02486041
5001.7500 1.0248938
5001.8000 1.0249272
5001.8500 1.0249606
5001.9000 1.02609983
5001.9500 1.02768436
5002.0000 1.02926889
5002.0500 1.03085342
5002.1000 1.02976672
5002.1500 1.02676476
5002.2000 1.02376281
5002.2500 1.02076085
5002.3000 1.0169026
5002.3500 1.01201134
5002.4000 1.00712009
5002.4500 1.00222883
5002.5000 0.99912815
5002.5500 0.99974001
5002.6000 1.00035186
5002.6500 1.00096372
5002.7000 1.00152431
5002.7500 1.00187832
5002.8000 1.00223233
5002.8500 1.00258634
5002.9000 1.00301809
5002.9500 1.00442809
5003.0000 1.00583808
5003.0500 1.00724808
5003.1000 1.00865807
5003.1500 1.01152927
5003.2000 1.01447783
5003.2500 1.01742638
5003.3000 1.02037493
5003.3500 1.02198423
5003.4000 1.02331367
5003.4500 1.02464312
5003.5000 1.02597256
5003.5500 1.02384219
5003.6000 1.02027037
5003.6500 1.01669855
5003.7000 1.01312673
5003.7500 1.01059114
5003.8000 1.0087877
5003.8500 1.00698426
5003.9000 1.00518082
5003.9500 1.00373384
5004.0000 1.00269309
5004.0500 1.00165234
5004.1000 1.00061159
5004.1500 1.00052747
5004.2000 1.00221925
5004.2500 1.00391104
5004.3000 1.00560282
5004.3500 1.00726264
5004.4000 1.0088179
5004.4500 1.01037315
5004.5000 1.01192841
5004.5500 1.01354923
5004.6000 1.01565316
5004.6500 1.0177571
5004.7000 1.01986103
5004.7500 1.021953
5004.8000 1.0221226
5004.8500 1.0222922
5004.9000 1.02246179
5004.9500 1.02263139
5005.0000 1.01681795
5005.0500 1.01029661
5005.1000 1.00377526
5005.1500 0.99725392
5005.2000 0.99972887
5005.2500 1.00468921
5005.3000 1.00964954
5005.3500 1.01460987
5005.4000 1.01623766
5005.4500 1.01625501
5005.5000 1.01627236
5005.5500 1.0162897
5005.6000 1.01691945
5005.6500 1.01801844
5005.7000 1.01911742
5005.7500 1.0202164
5005.8000 1.02129235
5005.8500 1.02234121
5005.9000 1.02339006
5005.9500 1.02443892
5006.0000 1.02728302
5006.0500 1.03340138
5006.1000 1.03951974
5006.1500 1.0456381
5006.2000 1.04867487
5006.2500 1.04247116
5006.3000 1.03626745
5006.3500 1.03006374
5006.4000 1.02479601
5006.4500 1.02494341
5006.5000 1.02509081
5006.5500 1.02523821
5006.6000 1.02519955
5006.6500 1.02130083
5006.7000 1.01740211
5006.7500 1.01350338
5006.8000 1.00960466
5006.8500 1.01038359
5006.9000 1.01142996
5006.9500 1.01247634
5007.0000 1.01352271
5007.0500 1.0197055
5007.1000 1.02681482
5007.1500 1.03392415
5007.2000 1.04103347
5007.2500 1.03718193
5007.3000 1.0296723
5007.3500 1.02216266
5007.4000 1.01465303
5007.4500 1.01711508
5007.5000 1.02486001
5007.5500 1.03260494
5007.6000 1.04034987
5007.6500 1.03914124
5007.7000 1.03086697
5007.7500 1.02259271
5007.8000 1.01431845
5007.8500 1.01037903
5007.9000 1.01141712
5007.9500 1.0124552
5008.0000 1.01349328
5008.0500 1.01559546
5008.1000 1.01948335
5008.1500 1.02337124
5008.2000 1.02725914
5008.2500 1.02807215
5008.3000 1.02107985
5008.3500 1.01408754
5008.4000 1.00709524
5008.4500 1.00279043
5008.5000 1.00971127
5008.5500 1.0166321
5008.6000 1.02355294
5008.6500 1.02908875
5008.7000 1.02282366
5008.7500 1.01655858
5008.8000 1.0102935
5008.8500 1.00413256
5008.9000 1.0035755
5008.9500 1.00301845
5009.0000 1.00246139
5009.0500 1.00190433
5009.1000 1.00550914
5009.1500 1.00941388
5009.2000 1.01331862
5009.2500 1.01722336
5009.3000 1.01818858
5009.3500 1.01862952
5009.4000 1.01907046
5009.4500 1.0195114
5009.5000 1.02064314
5009.5500 1.0219861
5009.6000 1.02332907
5009.6500 1.02467203
5009.7000 1.02661352
5009.7500 1.02883108
5009.8000 1.03104863
5009.8500 1.03326619
5009.9000 1.03371317
5009.9500 1.03300025
5010.0000 1.03228732
5010.0500 1.0315744
5010.1000 1.02849813
5010.1500 1.02328676
5010.2000 1.01807539
5010.2500 1.01286402
5010.3000 1.01076536
5010.3500 1.01250394
5010.4000 1.01424251
5010.4500 1.01598109
5010.5000 1.01708633
5010.5500 1.01712106
5010.6000 1.01715579
5010.6500 1.01719051
5010.7000 1.01753346
5010.7500 1.01860642
5010.8000 1.01967938
5010.8500 1.02075234
5010.9000 1.02120296
5010.9500 1.01948981
5011.0000 1.01777665
5011.0500 1.0160635
5011.1000 1.01457027
5011.1500 1.01431174
5011.2000 1.01405321
5011.2500 1.01379468
5011.3000 1.01346233
5011.3500 1.01228501
5011.4000 1.01110769
5011.4500 1.00993036
5011.5000 1.00878713
5011.5500 1.01075602
5011.6000 1.01272491
5011.6500 1.01469381
5011.7000 1.0166627
5011.7500 1.01250818
5011.8000 1.00798111
5011.8500 1.00345404
5011.9000 0.99892697
5011.9500 0.99696176
5012.0000 0.99535986
5012.0500 0.99375797
5012.1000 0.99215608
5012.1500 0.99200859
5012.2000 0.99220166
5012.2500 0.99239473
5012.3000 0.99258779
5012.3500 0.99054696
5012.4000 0.98774586
5012.4500 0.98494475
5012.5000 0.98214364
5012.5500 0.98357601
5012.6000 0.98697123
5012.6500 0.99036645
5012.7000 0.99376167
5012.7500 0.99661975
5012.8000 0.99915097
5012.8500 1.00168219
5012.9000 1.00421341
5012.9500 1.00264896
5013.0000 0.99788601
5013.0500 0.99312306
5013.1000 0.98836011
5013.1500 0.99886061
5013.2000 1.02446443
5013.2500 1.05006826
5013.3000 1.07567209
5013.3500 1.07926156
5013.4000 1.05540664
5013.4500 1.03155173
5013.5000 1.00769682
5013.5500 0.99143469
5013.6000 0.98710318
5013.6500 0.98277166
5013.7000 0.97844015
5013.7500 0.97750735
5013.8000 0.98335036
5013.8500 0.98919337
5013.9000 0.99503639
5013.9500 0.99856197
5014.0000 0.99614345
5014.0500 0.99372493
5014.1000 0.99130641
5014.1500 0.98980794
5014.2000 0.99141924
5014.2500 0.99303055
5014.3000 0.99464186
5014.3500 0.99594916
5014.4000 0.9958472
5014.4500 0.99574523
5014.5000 0.99564327
5014.5500 0.99514883
5014.6000 0.99197853
5014.6500 0.98880823
5014.7000 0.98563793
5014.7500 0.98267442
5014.8000 0.98209831
5014.8500 0.9815222
5014.9000 0.98094609
5014.9500 0.98053627
5015.0000 0.98502288
5015.0500 0.98950949
5015.1000 0.99399609
5015.1500 0.9984827
5015.2000 0.99463958
5015.2500 0.99068945
5015.3000 0.98673932
5015.3500 0.98278919
5015.4000 0.98629032
5015.4500 0.99024084
5015.5000 0.99419137
5015.5500 0.99814189
5015.6000 0.99533868
5015.6500 0.9917872
5015.7000 0.98823573
5015.7500 0.98468426
5015.8000 0.98402748
5015.8500 0.98384689
5015.9000 0.98366631
5015.9500 0.98348572
5016.0000 0.97705178
5016.0500 0.96923153
5016.1000 0.96141129
5016.1500 0.95359105
5016.2000 0.95004582
5016.2500 0.94770859
5016.3000 0.94537136
5016.3500 0.94303413
5016.4000 0.94452289
5016.4500 0.94734086
5016.5000 0.95015882
5016.5500 0.95297679
5016.6000 0.95319616
5016.6500 0.95233329
5016.7000 0.95147042
5016.7500 0.95060755
5016.8000 0.94847662
5016.8500 0.94572432
5016.9000 0.94297201
5016.9500 0.94021971
5017.0000 0.93834734
5017.0500 0.93697507
5017.1000 0.93560281
5017.1500 0.93423054
5017.2000 0.93241579
5017.2500 0.93031268
5017.3000 0.92820957
5017.3500 0.92610646
5017.4000 0.92639259
5017.4500 0.9284476
5017.5000 0.93050261
5017.5500 0.93255761
5017.6000 0.93046102
5017.6500 0.92489971
5017.7000 0.91933841
5017.7500 0.9137771
5017.8000 0.91320849
5017.8500 0.91730562
5017.9000 0.92140274
5017.9500 0.92549987
5018.0000 0.92367347
5018.0500 0.91568416
5018.1000 0.90769485
5018.1500 0.89970553
5018.2000 0.89594847
5018.2500 0.89706851
5018.3000 0.89818855
5018.3500 0.89930859
5018.4000 0.8995834
5018.4500 0.8987844
5018.5000 0.8979854
5018.5500 0.8971864
5018.6000 0.89738887
5018.6500 0.89898782
5018.7000 0.90058677
5018.7500 0.90218572
5018.8000 0.90243736
5018.8500 0.90063534
5018.9000 0.89883332
5018.9500 0.8970313
5019.0000 0.89667311
5019.0500 0.89871095
5019.1000 0.9007488
5019.1500 0.90278664
5019.2000 0.90474488
5019.2500 0.90655987
5019.3000 0.90837486
5019.3500 0.91018985
5019.4000 0.91160196
5019.4500 0.91223111
5019.5000 0.91286027
5019.5500 0.91348943
5019.6000 0.91487886
5019.6500 0.9178573
5019.7000 0.92083575
5019.7500 0.92381419
5019.8000 0.92523504
5019.8500 0.92316998
5019.9000 0.92110493
5019.9500 0.91903987
5020.0000 0.91793164
5020.0500 0.91910581
5020.1000 0.92027998
5020.1500 0.92145415
5020.2000 0.92185695
5020.2500 0.92030809
5020.3000 0.91875923
5020.3500 0.91721037
5020.4000 0.91684264
5020.4500 0.91962807
5020.5000 0.92241351
5020.5500 0.92519894
5020.6000 0.92935651
5020.6500 0.9373576
5020.7000 0.9453587
5020.7500 0.95335979
5020.8000 0.95938331
5020.8500 0.95962896
5020.9000 0.95987461
5020.9500 0.96012027
5021.0000 0.95869384
5021.0500 0.95220386
5021.1000 0.94571387
5021.1500 0.93922389
5021.2000 0.93434057
5021.2500 0.93446687
5021.3000 0.93459317
5021.3500 0.93471947
5021.4000 0.93712565
5021.4500 0.94680045
5021.5000 0.95647525
5021.5500 0.96615006
5021.6000 0.97309282
5021.6500 0.97119327
5021.7000 0.96929372
5021.7500 0.96739416
5021.8000 0.96606362
5021.8500 0.96658892
5021.9000 0.96711422
5021.9500 0.96763952
5022.0000 0.96700536
5022.0500 0.96258863
5022.1000 0.9581719
5022.1500 0.95375518
5022.2000 0.95010521
5022.2500 0.94893874
5022.3000 0.94777226
5022.3500 0.94660578
5022.4000 0.94677922
5022.4500 0.95122967
5022.5000 0.95568013
5022.5500 0.96013059
5022.6000 0.96470856
5022.6500 0.96968477
5022.7000 0.97466098
5022.7500 0.9796372
5022.8000 0.98202357
5022.8500 0.97655065
5022.9000 0.97107774
5022.9500 0.96560482
5023.0000 0.96398116
5023.0500 0.97363197
5023.1000 0.98328278
5023.1500 0.9929336
5023.2000 0.99654979
5023.2500 0.98321375
5023.3000 0.96987772
5023.3500 0.95654169
5023.4000 0.95042039
5023.4500 0.96362129
5023.5000 0.97682219
5023.5500 0.99002309
5023.6000 0.99695315
5023.6500 0.98796176
5023.7000 0.97897037
5023.7500 0.96997898
5023.8000 0.96392765
5023.8500 0.96491592
5023.9000 0.96590419
5023.9500 0.96689246
5024.0000 0.96714572
5024.0500 0.96574746
5024.1000 0.9643492
5024.1500 0.96295094
5024.2000 0.96385043
5024.2500 0.9695724
5024.3000 0.97529438
5024.3500 0.98101635
5024.4000 0.9845566
5024.4500 0.98383852
5024.5000 0.98312045
5024.5500 0.98240237
5024.6000 0.98146625
5024.6500 0.98013599
5024.7000 0.97880573
5024.7500 0.97747547
5024.8000 0.97677851
5024.8500 0.9771373
5024.9000 0.9774961
5024.9500 0.97785489
5025.0000 0.9795117
5025.0500 0.98315629
5025.1000 0.98680088
5025.1500 0.99044548
5025.2000 0.99055294
5025.2500 0.98570467
5025.3000 0.98085639
5025.3500 0.97600812
5025.4000 0.97718937
5025.4500 0.98606734
5025.5000 0.9949453
5025.5500 1.00382327
5025.6000 1.00531514
5025.6500 0.9982543
5025.7000 0.99119346
5025.7500 0.98413263
5025.8000 0.98019983
5025.8500 0.97953735
5025.9000 0.97887487
5025.9500 0.97821239
5026.0000 0.98155588
5026.0500 0.98866135
5026.1000 0.99576681
5026.1500 1.00287228
5026.2000 1.0022723
5026.2500 0.99521009
5026.3000 0.98814788
5026.3500 0.98108568
5026.4000 0.97780434
5026.4500 0.97733603
5026.5000 0.97686772
5026.5500 0.97639941
5026.6000 0.97738057
5026.6500 0.97931106
5026.7000 0.98124155
5026.7500 0.98317203
5026.8000 0.99409624
5026.8500 1.0101576
5026.9000 1.02621897
5026.9500 1.04228034
5027.0000 1.03611622
5027.0500 1.0190058
5027.1000 1.00189539
5027.1500 0.98478497
5027.2000 0.97860702
5027.2500 0.97700557
5027.3000 0.97540413
5027.3500 0.97380269
5027.4000 0.97295717
5027.4500 0.97237564
5027.5000 0.97179412
5027.5500 0.97121259
5027.6000 0.96992682
5027.6500 0.96844096
5027.7000 0.96695511
5027.7500 0.96546926
5027.8000 0.96789572
5027.8500 0.97119444
5027.9000 0.97449315
5027.9500 0.97779187
5028.0000 0.97642453
5028.0500 0.97428484
5028.1000 0.97214515
5028.1500 0.97000546
5028.2000 0.96800298
5028.2500 0.96601581
5028.3000 0.96402864
5028.3500 0.96204147
5028.4000 0.96223754
5028.4500 0.96256656
5028.5000 0.96289557
5028.5500 0.96322459
5028.6000 0.95892729
5028.6500 0.95456874
5028.7000 0.95021019
5028.7500 0.94618151
5028.8000 0.95193728
5028.8500 0.95769305
5028.9000 0.96344882
5028.9500 0.96866668
5029.0000 0.96766848
5029.0500 0.96667029
5029.1000 0.96567209
5029.1500 0.96497355
5029.2000 0.96631601
5029.2500 0.96765847
5029.3000 0.96900094
5029.3500 0.96888416
5029.4000 0.96201693
5029.4500 0.9551497
5029.5000 0.94828247
5029.5500 0.94512194
5029.6000 0.95445378
5029.6500 0.96378562
5029.7000 0.97311746
5029.7500 0.97786554
5029.8000 0.97089934
5029.8500 0.96393314
5029.9000 0.95696694
5029.9500 0.95328901
5030.0000 0.95613794
5030.0500 0.95898688
5030.1000 0.96183581
5030.1500 0.96181569
5030.2000 0.95731077
5030.2500 0.95280585
5030.3000 0.94830093
5030.3500 0.94649041
5030.4000 0.94801841
5030.4500 0.94954642
5030.5000 0.95107442
5030.5500 0.95418015
5030.6000 0.95883583
5030.6500 0.9634915
5030.7000 0.96814718
5030.7500 0.96769667
5030.8000 0.96329261
5030.8500 0.95888855
5030.9000 0.95448449
5030.9500 0.95369572
5031.0000 0.95508411
5031.0500 0.9564725
5031.1000 0.9578609
5031.1500 0.95514947
5031.2000 0.95056156
5031.2500 0.94597365
5031.3000 0.94138573
5031.3500 0.93896156
5031.4000 0.93726157
5031.4500 0.93556158
5031.5000 0.93386159
5031.5500 0.93954436
5031.6000 0.94691617
5031.6500 0.95428798
5031.7000 0.96165979
5031.7500 0.9620601
5031.8000 0.96150743
5031.8500 0.96095477
5031.9000 0.9604021
5031.9500 0.9549174
5032.0000 0.94915679
5032.0500 0.94339618
5032.1000 0.93768669
5032.1500 0.93519175
5032.2000 0.9326968
5032.2500 0.93020186
5032.3000 0.9285596
5032.3500 0.93602182
5032.4000 0.94348404
5032.4500 0.95094626
5032.5000 0.95752017
5032.5500 0.95932332
5032.6000 0.96112647
5032.6500 0.96292963
5032.7000 0.96317369
5032.7500 0.95818812
5032.8000 0.95320254
5032.8500 0.94821697
5032.9000 0.94558763
5032.9500 0.94836051
5033.0000 0.95113338
5033.0500 0.95390626
5033.1000 0.95445002
5033.1500 0.95134274
5033.2000 0.94823546
5033.2500 0.94512818
5033.3000 0.94275708
5033.3500 0.94126482
5033.4000 0.93977255
5033.4500 0.93828029
5033.5000 0.93882401
5033.5500 0.94114492
5033.6000 0.94346582
5033.6500 0.94578673
5033.7000 0.95008754
5033.7500 0.95563628
5033.8000 0.96118501
5033.8500 0.96673374
5033.9000 0.96510428
5033.9500 0.96031268
5034.0000 0.95552108
5034.0500 0.95072948
5034.1000 0.94214451
5034.1500 0.93246677
5034.2000 0.92278904
5034.2500 0.9131113
5034.3000 0.91150699
5034.3500 0.91121842
5034.4000 0.91092985
5034.4500 0.91064128
5034.5000 0.91871575
5034.5500 0.92727946
5034.6000 0.93584317
5034.6500 0.94397308
5034.7000 0.93852335
5034.7500 0.93307362
5034.8000 0.92762389
5034.8500 0.92374063
5034.9000 0.93150652
5034.9500 0.93927242
5035.0000 0.94703831
5035.0500 0.95223566
5035.1000 0.94762082
5035.1500 0.94300598
5035.2000 0.93839114
5035.2500 0.93374538
5035.3000 0.92902667
5035.3500 0.92430797
5035.4000 0.91958926
5035.4500 0.9161747
5035.5000 0.9148052
5035.5500 0.9134357
5035.6000 0.91206619
5035.6500 0.91175897
5035.7000 0.91259159
5035.7500 0.91342422
5035.8000 0.91425684
5035.8500 0.91671979
5035.9000 0.92037921
5035.9500 0.92403863
5036.0000 0.92769806
5036.0500 0.92927722
5036.1000 0.92984307
5036.1500 0.93040893
5036.2000 0.93097478
5036.2500 0.93113807
5036.3000 0.93118077
5036.3500 0.93122347
5036.4000 0.93126618
5036.4500 0.92689475
5036.5000 0.92185164
5036.5500 0.91680854
5036.6000 0.91176543
5036.6500 0.92182092
5036.7000 0.93238027
5036.7500 0.94293961
5036.8000 0.95217592
5036.8500 0.94351618
5036.9000 0.93485645
5036.9500 0.92619671
5037.0000 0.91833134
5037.0500 0.91430807
5037.1000 0.9102848
5037.1500 0.90626152
5037.2000 0.90445269
5037.2500 0.90847678
5037.3000 0.91250086
5037.3500 0.91652494
5037.4000 0.91477132
5037.4500 0.90360613
5037.5000 0.89244094
5037.5500 0.88127575
5037.6000 0.88049452
5037.6500 0.89065417
5037.7000 0.90081381
5037.7500 0.91097345
5037.8000 0.91227345
5037.8500 0.90753944
5037.9000 0.90280543
5037.9500 0.89807143
5038.0000 0.90265881
5038.0500 0.91116281
5038.1000 0.91966682
5038.1500 0.92817083
5038.2000 0.92467826
5038.2500 0.91845843
5038.3000 0.9122386
5038.3500 0.90601877
5038.4000 0.93256414
5038.4500 0.96169867
5038.5000 0.99083321
5038.5500 1.01754538
5038.6000 0.98629752
5038.6500 0.95504965
5038.7000 0.92380178
5038.7500 0.89736442
5038.8000 0.89718675
5038.8500 0.89700909
5038.9000 0.89683142
5038.9500 0.89671961
5039.0000 0.89678505
5039.0500 0.89685049
5039.1000 0.89691593
5039.1500 0.89823226
5039.2000 0.90151895
5039.2500 0.90480564
5039.3000 0.90809233
5039.3500 0.90890457
5039.4000 0.90731175
5039.4500 0.90571894
5039.5000 0.90412612
5039.5500 0.90422713
5039.6000 0.90533468
5039.6500 0.90644222
5039.7000 0.90754977
5039.7500 0.90217784
5039.8000 0.89463181
5039.8500 0.88708578
5039.9000 0.87953975
5039.9500 0.88250288
5040.0000 0.88701375
5040.0500 0.89152462
5040.1000 0.89603549
5040.1500 0.8964432
5040.2000 0.89683384
5040.2500 0.89722448
5040.3000 0.89804662
5040.3500 0.9019904
5040.4000 0.90593417
5040.4500 0.90987795
5040.5000 0.91215593
5040.5500 0.90939331
5040.6000 0.90663069
5040.6500 0.90386807
5040.7000 0.90450266
5040.7500 0.91075849
5040.8000 0.91701432
5040.8500 0.92327015
5040.9000 0.92790438
5040.9500 0.93095778
5041.0000 0.93401118
5041.0500 0.93706458
5041.1000 0.9360018
5041.1500 0.93259737
5041.2000 0.92919294
5041.2500 0.92578851
5041.3000 0.91966282
5041.3500 0.91272329
5041.4000 0.90578377
5041.4500 0.89884424
5041.5000 0.8947177
5041.5500 0.89089149
5041.6000 0.88706527
5041.6500 0.88375098
5041.7000 0.89316989
5041.7500 0.90258881
5041.8000 0.91200772
5041.8500 0.91894784
5041.9000 0.91421233
5041.9500 0.90947682
5042.0000 0.90474131
5042.0500 0.89947391
5042.1000 0.89303887
5042.1500 0.88660384
5042.2000 0.8801688
5042.2500 0.87453137
5042.3000 0.86986032
5042.3500 0.86518926
5042.4000 0.86051821
5042.4500 0.86294897
5042.5000 0.87025956
5042.5500 0.87757016
5042.6000 0.88488075
5042.6500 0.88818737
5042.7000 0.8900478
5042.7500 0.89190822
5042.8000 0.89376864
5042.8500 0.88922484
5042.9000 0.88379063
5042.9500 0.87835643
5043.0000 0.87307484
5043.0500 0.87439676
5043.1000 0.87571869
5043.1500 0.87704061
5043.2000 0.87772375
5043.2500 0.87525693
5043.3000 0.87279012
5043.3500 0.87032331
5043.4000 0.86967243
5043.4500 0.87295259
5043.5000 0.87623276
5043.5500 0.87951292
5043.6000 0.88511807
5043.6500 0.89340119
5043.7000 0.90168431
5043.7500 0.90996743
5043.8000 0.91509167
5043.8500 0.91823696
5043.9000 0.92138224
5043.9500 0.92452752
5044.0000 0.91294437
5044.0500 0.89686937
5044.1000 0.88079437
5044.1500 0.86471937
5044.2000 0.86945285
5044.2500 0.87601716
5044.3000 0.88258147
5044.3500 0.88844331
5044.4000 0.88542777
5044.4500 0.88241224
5044.5000 0.8793967
5044.5500 0.87792502
5044.6000 0.8816544
5044.6500 0.88538378
5044.7000 0.88911316
5044.7500 0.89423953
5044.8000 0.90158974
5044.8500 0.90893996
5044.9000 0.91629017
5044.9500 0.91878708
5045.0000 0.91721761
5045.0500 0.91564814
5045.1000 0.91407867
5045.1500 0.91117904
5045.2000 0.90771951
5045.2500 0.90425999
5045.3000 0.90080046
5045.3500 0.89921565
5045.4000 0.89792395
5045.4500 0.89663224
5045.5000 0.89545932
5045.5500 0.89853762
5045.6000 0.90161591
5045.6500 0.9046942
5045.7000 0.9070589
5045.7500 0.90639994
5045.8000 0.90574099
5045.8500 0.90508203
5045.9000 0.90507039
5045.9500 0.90622944
5046.0000 0.9073885
5046.0500 0.90854755
5046.1000 0.90975811
5046.1500 0.91101574
5046.2000 0.91227337
5046.2500 0.91353099
5046.3000 0.91321109
5046.3500 0.91218376
5046.4000 0.91115644
5046.4500 0.91012912
5046.5000 0.90399899
5046.5500 0.89703556
5046.6000 0.89007213
5046.6500 0.88334253
5046.7000 0.88411936
5046.7500 0.88489618
5046.8000 0.88567301
5046.8500 0.8872167
5046.9000 0.89178683
5046.9500 0.89635696
5047.0000 0.90092708
5047.0500 0.90316408
5047.1000 0.9015206
5047.1500 0.89987712
5047.2000 0.89823363
5047.2500 0.8937054
5047.3000 0.8868186
5047.3500 0.87993181
5047.4000 0.87304501
5047.4500 0.87901181
5047.5000 0.88982397
5047.5500 0.90063613
5047.6000 0.9114483
5047.6500 0.9033588
5047.7000 0.89325418
5047.7500 0.88314956
5047.8000 0.87355926
5047.8500 0.86969236
5047.9000 0.86582545
5047.9500 0.86195854
5048.0000 0.85907009
5048.0500 0.858929
5048.1000 0.85878791
5048.1500 0.85864682
5048.2000 0.86003127
5048.2500 0.86332494
5048.3000 0.86661862
5048.3500 0.86991229
5048.4000 0.86900307
5048.4500 0.86559404
5048.5000 0.86218501
5048.5500 0.85877598
5048.6000 0.86516964
5048.6500 0.87384312
5048.7000 0.8825166
5048.7500 0.89119008
5048.8000 0.88800789
5048.8500 0.88478943
5048.9000 0.88157098
5048.9500 0.87964182
5049.0000 0.88343207
5049.0500 0.88722233
5049.1000 0.89101259
5049.1500 0.89012858
5049.2000 0.88136483
5049.2500 0.87260107
5049.3000 0.86383732
5049.3500 0.86743057
5049.4000 0.88065131
5049.4500 0.89387204
5049.5000 0.90709278
5049.5500 0.90222165
5049.6000 0.8914222
5049.6500 0.88062275
5049.7000 0.8698233
5049.7500 0.87100315
5049.8000 0.8728711
5049.8500 0.87473905
5049.9000 0.87575727
5049.9500 0.87153554
5050.0000 0.86731381
5050.0500 0.86309208
5050.1000 0.86138412
5050.1500 0.86467149
5050.2000 0.86795886
5050.2500 0.87124624
5050.3000 0.87350019
5050.3500 0.8748427
5050.4000 0.87618522
5050.4500 0.87752774
5050.5000 0.87569316
5050.5500 0.87267949
5050.6000 0.86966582
5050.6500 0.86665215
5050.7000 0.87058902
5050.7500 0.87505976
5050.8000 0.87953051
5050.8500 0.88416133
5050.9000 0.88986936
5050.9500 0.8955774
5051.0000 0.90128543
5051.0500 0.90497306
5051.1000 0.90458564
5051.1500 0.90419822
5051.2000 0.9038108
5051.2500 0.89628772
5051.3000 0.88256053
5051.3500 0.86883334
5051.4000 0.85510615
5051.4500 0.85942346
5051.5000 0.87008925
5051.5500 0.88075504
5051.6000 0.89142083
5051.6500 0.88878887
5051.7000 0.88539695
5051.7500 0.88200503
5051.8000 0.87896859
5051.8500 0.87789233
5051.9000 0.87681606
5051.9500 0.8757398
5052.0000 0.87290266
5052.0500 0.8669682
5052.1000 0.86103374
5052.1500 0.85509927
5052.2000 0.85438646
5052.2500 0.85756848
5052.3000 0.86075051
5052.3500 0.86393253
5052.4000 0.8655975
5052.4500 0.86684564
5052.5000 0.86809378
5052.5500 0.86934193
5052.6000 0.8619022
5052.6500 0.85444088
5052.7000 0.84697957
5052.7500 0.8415264
5052.8000 0.84353941
5052.8500 0.84555243
5052.9000 0.84756544
5052.9500 0.85091493
5053.0000 0.85605227
5053.0500 0.8611896
5053.1000 0.86632693
5053.1500 0.86874563
5053.2000 0.86966768
5053.2500 0.87058973
5053.3000 0.87151179
5053.3500 0.86795386
5053.4000 0.86368779
5053.4500 0.85942171
5053.5000 0.85579342
5053.5500 0.85917129
5053.6000 0.86254916
5053.6500 0.86592704
5053.7000 0.8697821
5053.7500 0.87472586
5053.8000 0.87966962
5053.8500 0.88461338
5053.9000 0.87917426
5053.9500 0.86443185
5054.0000 0.84968945
5054.0500 0.83494705
5054.1000 0.8391335
5054.1500 0.84958002
5054.2000 0.86002655
5054.2500 0.87047308
5054.3000 0.87137932
5054.3500 0.87206
5054.4000 0.87274068
5054.4500 0.87136735
5054.5000 0.86196493
5054.5500 0.85256251
5054.6000 0.84316009
5054.6500 0.83810947
5054.7000 0.83878324
5054.7500 0.83945702
5054.8000 0.8401308
5054.8500 0.83607523
5054.9000 0.82959899
5054.9500 0.82312275
5055.0000 0.81664651
5055.0500 0.81387501
5055.1000 0.81155032
5055.1500 0.80922563
5055.2000 0.80904705
5055.2500 0.82393493
5055.3000 0.8388228
5055.3500 0.85371068
5055.4000 0.85809106
5055.4500 0.84365842
5055.5000 0.82922578
5055.5500 0.81479314
5055.6000 0.81885406
5055.6500 0.83558547
5055.7000 0.85231688
5055.7500 0.86904829
5055.8000 0.87170443
5055.8500 0.87147486
5055.9000 0.8712453
5055.9500 0.87047959
5056.0000 0.86232775
5056.0500 0.85417591
5056.1000 0.84602407
5056.1500 0.83696143
5056.2000 0.82584153
5056.2500 0.81472164
5056.3000 0.80360174
5056.3500 0.8031769
5056.4000 0.81159375
5056.4500 0.8200106
5056.5000 0.82842744
5056.5500 0.82878799
5056.6000 0.82699894
5056.6500 0.82520989
5056.7000 0.82328752
5056.7500 0.8174212
5056.8000 0.81155487
5056.8500 0.80568855
5056.9000 0.80512793
5056.9500 0.8183882
5057.0000 0.83164847
5057.0500 0.84490874
5057.1000 0.84598025
5057.1500 0.83595628
5057.2000 0.82593232
5057.2500 0.81590835
5057.3000 0.81125029
5057.3500 0.80818659
5057.4000 0.8051229
5057.4500 0.80223754
5057.5000 0.80819542
5057.5500 0.81415331
5057.6000 0.82011119
5057.6500 0.82567125
5057.7000 0.83015558
5057.7500 0.83463991
5057.8000 0.83912425
5057.8500 0.83696089
5057.9000 0.82869974
5057.9500 0.8204386
5058.0000 0.81217745
5058.0500 0.81420871
5058.1000 0.81923594
5058.1500 0.82426317
5058.2000 0.82884086
5058.2500 0.81830907
5058.3000 0.80777728
5058.3500 0.79724549
5058.4000 0.79259092
5058.4500 0.80270839
5058.5000 0.81282586
5058.5500 0.82294333
5058.6000 0.82871901
5058.6500 0.8308218
5058.7000 0.83292459
5058.7500 0.83502737
5058.8000 0.83199383
5058.8500 0.82767796
5058.9000 0.82336209
5058.9500 0.8192839
5059.0000 0.81892363
5059.0500 0.81856336
5059.1000 0.81820309
5059.1500 0.8180817
5059.2000 0.81846483
5059.2500 0.81884796
5059.3000 0.81923109
5059.3500 0.82749875
5059.4000 0.84138361
5059.4500 0.85526846
5059.5000 0.86915332
5059.5500 0.86333089
5059.6000 0.85397532
5059.6500 0.84461975
5059.7000 0.83449438
5059.7500 0.81834836
5059.8000 0.80220233
5059.8500 0.7860563
5059.9000 0.77899851
5059.9500 0.78676037
5060.0000 0.79452223
5060.0500 0.80228409
5060.1000 0.81026384
5060.1500 0.81836182
5060.2000 0.8264598
5060.2500 0.83455777
5060.3000 0.8274038
5060.3500 0.81888422
5060.4000 0.81036464
5060.4500 0.80319038
5060.5000 0.80179882
5060.5500 0.80040726
5060.6000 0.79901571
5060.6500 0.80057354
5060.7000 0.80557934
5060.7500 0.81058513
5060.8000 0.81559092
5060.8500 0.81657645
5060.9000 0.81611035
5060.9500 0.81564425
5061.0000 0.81532874
5061.0500 0.83026933
5061.1000 0.84520993
5061.1500 0.86015052
5061.2000 0.8676404
5061.2500 0.85654932
5061.3000 0.84545824
5061.3500 0.83436716
5061.4000 0.8290192
5061.4500 0.82811017
5061.5000 0.82720114
5061.5500 0.82629211
5061.6000 0.82339157
5061.6500 0.82012084
5061.7000 0.8168501
5061.7500 0.81571326
5061.8000 0.82967307
5061.8500 0.84363287
5061.9000 0.85759267
5061.9500 0.8579643
5062.0000 0.8384407
5062.0500 0.8189171
5062.1000 0.7993935
5062.1500 0.80233783
5062.2000 0.81541535
5062.2500 0.82849287
5062.3000 0.84157039
5062.3500 0.82958902
5062.4000 0.81693658
5062.4500 0.80428414
5062.5000 0.79747592
5062.5500 0.80729747
5062.6000 0.81711902
5062.6500 0.82694057
5062.7000 0.83017394
5062.7500 0.82796346
5062.8000 0.82575297
5062.8500 0.82354248
5062.9000 0.81324644
5062.9500 0.80136941
5063.0000 0.78949237
5063.0500 0.77903252
5063.1000 0.77833866
5063.1500 0.77764481
5063.2000 0.77695095
5063.2500 0.78517842
5063.3000 0.80580769
5063.3500 0.82643697
5063.4000 0.84706625
5063.4500 0.85516059
5063.5000 0.85817061
5063.5500 0.86118063
5063.6000 0.86415159
5063.6500 0.86050237
5063.7000 0.85685316
5063.7500 0.85320394
5063.8000 0.84731352
5063.8500 0.83623529
5063.9000 0.82515706
5063.9500 0.81407882
5064.0000 0.81427073
5064.0500 0.822011
5064.1000 0.82975128
5064.1500 0.83749155
5064.2000 0.82911769
5064.2500 0.81890298
5064.3000 0.80868827
5064.3500 0.80275096
5064.4000 0.81419968
5064.4500 0.8256484
5064.5000 0.83709711
5064.5500 0.83405393
5064.6000 0.81644954
5064.6500 0.79884516
5064.7000 0.78124077
5064.7500 0.77746855
5064.8000 0.77712087
5064.8500 0.77677319
5064.9000 0.77809428
5064.9500 0.7935366
5065.0000 0.80897893
5065.0500 0.82442125
5065.1000 0.83346911
5065.1500 0.83336084
5065.2000 0.83325257
5065.2500 0.8331443
5065.3000 0.8318776
5065.3500 0.83015618
5065.4000 0.82843475
5065.4500 0.82647407
5065.5000 0.81569049
5065.5500 0.80490691
5065.6000 0.79412332
5065.6500 0.79237786
5065.7000 0.80848692
5065.7500 0.82459598
5065.8000 0.84070504
5065.8500 0.83576662
5065.9000 0.81935225
5065.9500 0.80293788
5066.0000 0.78652351
5066.0500 0.78792137
5066.1000 0.79006909
5066.1500 0.79221681
5066.2000 0.79840416
5066.2500 0.81532503
5066.3000 0.83224589
5066.3500 0.84916675
5066.4000 0.85501964
5066.4500 0.85313899
5066.5000 0.85125833
5066.5500 0.84937768
5066.6000 0.84604774
5066.6500 0.84256618
5066.7000 0.83908463
5066.7500 0.83457504
5066.8000 0.82648967
5066.8500 0.8184043
5066.9000 0.81031893
5066.9500 0.8059535
5067.0000 0.8047227
5067.0500 0.80349191
5067.1000 0.80226112
5067.1500 0.78898491
5067.2000 0.77380423
5067.2500 0.75862355
5067.3000 0.74891512
5067.3500 0.76321066
5067.4000 0.77750621
5067.4500 0.79180175
5067.5000 0.79526829
5067.5500 0.78829761
5067.6000 0.78132693
5067.6500 0.77435624
5067.7000 0
5067.7500 0
5067.8000 0
