5804.0500 4.60085334
5804.1000 4.60421083
5804.1500 4.60756831
5804.2000 4.6109258
5804.2500 4.61428328
5804.3000 4.61764077
5804.3500 4.6220943
5804.4000 4.62682045
5804.4500 4.6315466
5804.5000 4.63627274
5804.5500 4.64099889
5804.6000 4.65722063
5804.6500 4.70911692
5804.7000 4.7610132
5804.7500 4.81290949
5804.8000 4.86480577
5804.8500 4.91670206
5804.9000 4.97912122
5804.9500 5.04631281
5805.0000 5.11350441
5805.0500 5.180696
5805.1000 5.2478876
5805.1500 5.30248636
5805.2000 5.27545172
5805.2500 5.24841707
5805.3000 5.22138243
5805.3500 5.19434778
5805.4000 5.16731314
5805.4500 5.08590512
5805.5000 4.96523601
5805.5500 4.84456691
5805.6000 4.7238978
5805.6500 4.60322869
5805.7000 4.48567588
5805.7500 4.47194207
5805.8000 4.45820827
5805.8500 4.44447446
5805.9000 4.43074066
5805.9500 4.41700686
5806.0000 4.44700719
5806.0500 4.52458105
5806.1000 4.60215491
5806.1500 4.67972877
5806.2000 4.75730262
5806.2500 4.83487648
5806.3000 4.79482526
5806.3500 4.74594772
5806.4000 4.69707018
5806.4500 4.64819264
5806.5000 4.5993151
5806.5500 4.51650493
5806.6000 4.37898771
5806.6500 4.24147049
5806.7000 4.10395326
5806.7500 3.96643604
5806.8000 3.82891882
5806.8500 3.91130372
5806.9000 4.03656886
5806.9500 4.161834
5807.0000 4.28709914
5807.0500 4.41236429
5807.1000 4.50983106
5807.1500 4.53996832
5807.2000 4.57010557
5807.2500 4.60024283
5807.3000 4.63038008
5807.3500 4.66051734
5807.4000 4.66300234
5807.4500 4.65622129
5807.5000 4.64944024
5807.5500 4.6426592
5807.6000 4.63587815
5807.6500 4.63265072
5807.7000 4.64302069
5807.7500 4.65339066
5807.8000 4.66376062
5807.8500 4.67413059
5807.9000 4.68450056
5807.9500 4.6602046
5808.0000 4.61858396
5808.0500 4.57696332
5808.1000 4.53534267
5808.1500 4.49372203
5808.2000 4.45239435
5808.2500 4.41306703
5808.3000 4.37373971
5808.3500 4.33441239
5808.4000 4.29508507
5808.4500 4.25575775
5808.5000 4.23758897
5808.5500 4.23411702
5808.6000 4.23064507
5808.6500 4.22717312
5808.7000 4.22370117
5808.7500 4.22332076
5808.8000 4.27724103
5808.8500 4.3311613
5808.9000 4.38508157
5808.9500 4.43900184
5809.0000 4.49292211
5809.0500 4.50671078
5809.1000 4.48330926
5809.1500 4.45990774
5809.2000 4.43650622
5809.2500 4.41310471
5809.3000 4.38970319
5809.3500 4.41599514
5809.4000 4.44301468
5809.4500 4.47003423
5809.5000 4.49705377
5809.5500 4.52407332
5809.6000 4.52989089
5809.6500 4.51016004
5809.7000 4.49042919
5809.7500 4.47069833
5809.8000 4.45096748
5809.8500 4.43123663
5809.9000 4.44734803
5809.9500 4.46645562
5810.0000 4.48556322
5810.0500 4.50467081
5810.1000 4.5237784
5810.1500 4.53207342
5810.2000 4.52370946
5810.2500 4.51534551
5810.3000 4.50698156
5810.3500 4.49861761
5810.4000 4.49025366
5810.4500 4.45156695
5810.5000 4.40817719
5810.5500 4.36478744
5810.6000 4.32139768
5810.6500 4.27800792
5810.7000 4.25337347
5810.7500 4.26526707
5810.8000 4.27716067
5810.8500 4.28905427
5810.9000 4.30094787
5810.9500 4.31284146
5811.0000 4.32972097
5811.0500 4.34773835
5811.1000 4.36575573
5811.1500 4.38377312
5811.2000 4.4017905
5811.2500 4.41245455
5811.3000 4.40516048
5811.3500 4.39786642
5811.4000 4.39057235
5811.4500 4.38327829
5811.5000 4.37598422
5811.5500 4.31248173
5811.6000 4.23202249
5811.6500 4.15156325
5811.7000 4.071104
5811.7500 3.99064476
5811.8000 3.9508315
5811.8500 4.0346881
5811.9000 4.1185447
5811.9500 4.2024013
5812.0000 4.2862579
5812.0500 4.3701145
5812.1000 4.39414844
5812.1500 4.39581856
5812.2000 4.39748868
5812.2500 4.3991588
5812.3000 4.40082892
5812.3500 4.41269025
5812.4000 4.46293315
5812.4500 4.51317604
5812.5000 4.56341893
5812.5500 4.61366183
5812.6000 4.66390472
5812.6500 4.63610833
5812.7000 4.57376283
5812.7500 4.51141733
5812.8000 4.44907182
5812.8500 4.38672632
5812.9000 4.33511859
5812.9500 4.33314414
5813.0000 4.3311697
5813.0500 4.32919525
5813.1000 4.32722081
5813.1500 4.32524636
5813.2000 4.33427234
5813.2500 4.34886506
5813.3000 4.36345778
5813.3500 4.3780505
5813.4000 4.39264323
5813.4500 4.40577832
5813.5000 4.41075082
5813.5500 4.41572332
5813.6000 4.42069582
5813.6500 4.42566832
5813.7000 4.43064082
5813.7500 4.44581756
5813.8000 4.46672307
5813.8500 4.48762858
5813.9000 4.50853409
5813.9500 4.5294396
5814.0000 4.54904884
5814.0500 4.56004239
5814.1000 4.57103594
5814.1500 4.58202949
5814.2000 4.59302304
5814.2500 4.60401658
5814.3000 4.57212021
5814.3500 4.51421572
5814.4000 4.45631123
5814.4500 4.39840673
5814.5000 4.34050224
5814.5500 4.28741762
5814.6000 4.27118927
5814.6500 4.25496091
5814.7000 4.23873256
5814.7500 4.2225042
5814.8000 4.20627585
5814.8500 4.20766935
5814.9000 4.22032019
5814.9500 4.23297102
5815.0000 4.24562186
5815.0500 4.2582727
5815.1000 4.26626062
5815.1500 4.23497863
5815.2000 4.20369665
5815.2500 4.17241466
5815.3000 4.14113268
5815.3500 4.1098507
5815.4000 4.10326034
5815.4500 4.11289327
5815.5000 4.12252619
5815.5500 4.13215911
5815.6000 4.14179204
5815.6500 4.14531662
5815.7000 4.09520563
5815.7500 4.04509465
5815.8000 3.99498366
5815.8500 3.94487267
5815.9000 3.89476169
5815.9500 3.90102385
5816.0000 3.94449348
5816.0500 3.9879631
5816.1000 4.03143273
5816.1500 4.07490235
5816.2000 4.1164027
5816.2500 4.14093103
5816.3000 4.16545936
5816.3500 4.18998769
5816.4000 4.21451602
5816.4500 4.23904435
5816.5000 4.25726649
5816.5500 4.27140467
5816.6000 4.28554285
5816.6500 4.29968103
5816.7000 4.31381921
5816.7500 4.32544927
5816.8000 4.31705625
5816.8500 4.30866323
5816.9000 4.30027022
5816.9500 4.2918772
5817.0000 4.28348418
5817.0500 4.30573939
5817.1000 4.34701108
5817.1500 4.38828277
5817.2000 4.42955446
5817.2500 4.47082615
5817.3000 4.50074442
5817.3500 4.45067369
5817.4000 4.40060296
5817.4500 4.35053223
5817.5000 4.3004615
5817.5500 4.25039077
5817.6000 4.27138128
5817.6500 4.33359012
5817.7000 4.39579897
5817.7500 4.45800782
5817.8000 4.52021666
5817.8500 4.56499216
5817.9000 4.50520742
5817.9500 4.44542269
5818.0000 4.38563796
5818.0500 4.32585323
5818.1000 4.2660685
5818.1500 4.25227853
5818.2000 4.26278769
5818.2500 4.27329686
5818.3000 4.28380602
5818.3500 4.29431519
5818.4000 4.29823994
5818.4500 4.26935616
5818.5000 4.24047238
5818.5500 4.2115886
5818.6000 4.18270483
5818.6500 4.15382105
5818.7000 4.12843537
5818.7500 4.10468543
5818.8000 4.08093549
5818.8500 4.05718554
5818.9000 4.0334356
5818.9500 4.0177715
5819.0000 4.03506068
5819.0500 4.05234985
5819.1000 4.06963903
5819.1500 4.08692821
5819.2000 4.10421739
5819.2500 4.10731433
5819.3000 4.10472875
5819.3500 4.10214316
5819.4000 4.09955757
5819.4500 4.09697198
5819.5000 4.09597477
5819.5500 4.10021944
5819.6000 4.10446411
5819.6500 4.10870878
5819.7000 4.11295345
5819.7500 4.11719812
5819.8000 4.11206927
5819.8500 4.10385622
5819.9000 4.09564317
5819.9500 4.08743012
5820.0000 4.07921707
5820.0500 4.07631233
5820.1000 4.08749282
5820.1500 4.09867332
5820.2000 4.10985381
5820.2500 4.1210343
5820.3000 4.13221479
5820.3500 4.16502087
5820.4000 4.20335497
5820.4500 4.24168908
5820.5000 4.28002319
5820.5500 4.3183573
5820.6000 4.33105983
5820.6500 4.28942754
5820.7000 4.24779525
5820.7500 4.20616295
5820.8000 4.16453066
5820.8500 4.12289837
5820.9000 4.12507546
5820.9500 4.13522394
5821.0000 4.14537243
5821.0500 4.15552091
5821.1000 4.16566939
5821.1500 4.1703757
5821.2000 4.1659337
5821.2500 4.1614917
5821.3000 4.1570497
5821.3500 4.15260769
5821.4000 4.14816569
5821.4500 4.12842376
5821.5000 4.10700723
5821.5500 4.08559071
5821.6000 4.06417418
5821.6500 4.04275765
5821.7000 4.03157344
5821.7500 4.03389154
5821.8000 4.03620964
5821.8500 4.03852774
5821.9000 4.04084584
5821.9500 4.04316394
5822.0000 4.06318169
5822.0500 4.08389297
5822.1000 4.10460425
5822.1500 4.12531553
5822.2000 4.14602682
5822.2500 4.15704644
5822.3000 4.15817426
5822.3500 4.15930209
5822.4000 4.16042992
5822.4500 4.16155775
5822.5000 4.16261846
5822.5500 4.16142406
5822.6000 4.16022966
5822.6500 4.15903526
5822.7000 4.15784086
5822.7500 4.15664646
5822.8000 4.12990101
5822.8500 4.08342966
5822.9000 4.03695831
5822.9500 3.99048696
5823.0000 3.94401561
5823.0500 3.90664123
5823.1000 3.95008672
5823.1500 3.99353221
5823.2000 4.03697769
5823.2500 4.08042318
5823.3000 4.12386867
5823.3500 4.13070148
5823.4000 4.1168887
5823.4500 4.10307591
5823.5000 4.08926313
5823.5500 4.07545034
5823.6000 4.05879472
5823.6500 4.0291096
5823.7000 3.99942449
5823.7500 3.96973937
5823.8000 3.94005426
5823.8500 3.91036914
5823.9000 3.91110253
5823.9500 3.92365359
5824.0000 3.93620465
5824.0500 3.94875571
5824.1000 3.96130677
5824.1500 3.97526344
5824.2000 3.99316489
5824.2500 4.01106633
5824.3000 4.02896777
5824.3500 4.04686922
5824.4000 4.06477066
5824.4500 4.04512036
5824.5000 4.01646857
5824.5500 3.98781679
5824.6000 3.95916501
5824.6500 3.93051322
5824.7000 3.90468628
5824.7500 3.88405986
5824.8000 3.86343345
5824.8500 3.84280703
5824.9000 3.82218061
5824.9500 3.8015542
5825.0000 3.83992963
5825.0500 3.88495155
5825.1000 3.92997346
5825.1500 3.97499537
5825.2000 4.02001729
5825.2500 4.03415026
5825.3000 4.01006057
5825.3500 3.98597087
5825.4000 3.96188118
5825.4500 3.93779149
5825.5000 3.9137018
5825.5500 3.90744892
5825.6000 3.90125781
5825.6500 3.8950667
5825.7000 3.88887558
5825.7500 3.88268447
5825.8000 3.87899385
5825.8500 3.87736921
5825.9000 3.87574458
5825.9500 3.87411994
5826.0000 3.8724953
5826.0500 3.87294373
5826.1000 3.89204496
5826.1500 3.91114618
5826.2000 3.93024741
5826.2500 3.94934863
5826.3000 3.96844986
5826.3500 3.98172017
5826.4000 3.99190415
5826.4500 4.00208813
5826.5000 4.01227211
5826.5500 4.02245609
5826.6000 4.02319171
5826.6500 3.98820741
5826.7000 3.95322311
5826.7500 3.91823882
5826.8000 3.88325452
5826.8500 3.84827022
5826.9000 3.84822726
5826.9500 3.85886465
5827.0000 3.86950205
5827.0500 3.88013944
5827.1000 3.89077684
5827.1500 3.90980307
5827.2000 3.94632977
5827.2500 3.98285648
5827.3000 4.01938318
5827.3500 4.05590988
5827.4000 4.09243659
5827.4500 4.07319283
5827.5000 4.04660107
5827.5500 4.02000931
5827.6000 3.99341755
5827.6500 3.96682579
5827.7000 3.95334889
5827.7500 3.95625766
5827.8000 3.95916642
5827.8500 3.96207519
5827.9000 3.96498395
5827.9500 3.96759557
5828.0000 3.92785626
5828.0500 3.88811696
5828.1000 3.84837766
5828.1500 3.80863835
5828.2000 3.76889905
5828.2500 3.74486347
5828.3000 3.7326362
5828.3500 3.72040892
5828.4000 3.70818165
5828.4500 3.69595437
5828.5000 3.6878368
5828.5500 3.70581753
5828.6000 3.72379826
5828.6500 3.74177899
5828.7000 3.75975972
5828.7500 3.77774045
5828.8000 3.78785191
5828.8500 3.79463439
5828.9000 3.80141688
5828.9500 3.80819936
5829.0000 3.81498185
5829.0500 3.83084433
5829.1000 3.87115393
5829.1500 3.91146352
5829.2000 3.95177311
5829.2500 3.9920827
5829.3000 4.0323923
5829.3500 4.00696921
5829.4000 3.96905849
5829.4500 3.93114777
5829.5000 3.89323705
5829.5500 3.85532633
5829.6000 3.83681641
5829.6500 3.84607437
5829.7000 3.85533233
5829.7500 3.86459028
5829.8000 3.87384824
5829.8500 3.8831062
5829.9000 3.86421271
5829.9500 3.84485237
5830.0000 3.82549203
5830.0500 3.80613169
5830.1000 3.78677135
5830.1500 3.76855884
5830.2000 3.75125742
5830.2500 3.73395601
5830.3000 3.71665459
5830.3500 3.69935317
5830.4000 3.69202532
5830.4500 3.74986669
5830.5000 3.80770806
5830.5500 3.86554943
5830.6000 3.9233908
5830.6500 3.98123217
5830.7000 3.94858674
5830.7500 3.87887237
5830.8000 3.80915801
5830.8500 3.73944365
5830.9000 3.66972929
5830.9500 3.63356444
5831.0000 3.68055198
5831.0500 3.72753951
5831.1000 3.77452704
5831.1500 3.82151458
5831.2000 3.86850211
5831.2500 3.88681429
5831.3000 3.90072757
5831.3500 3.91464085
5831.4000 3.92855413
5831.4500 3.94246741
5831.5000 3.93388148
5831.5500 3.89756738
5831.6000 3.86125327
5831.6500 3.82493917
5831.7000 3.78862506
5831.7500 3.75448237
5831.8000 3.78977539
5831.8500 3.8250684
5831.9000 3.86036141
5831.9500 3.89565443
5832.0000 3.93094744
5832.0500 3.92859564
5832.1000 3.90259095
5832.1500 3.87658626
5832.2000 3.85058157
5832.2500 3.82457688
5832.3000 3.80596194
5832.3500 3.81702311
5832.4000 3.82808429
5832.4500 3.83914546
5832.5000 3.85020664
5832.5500 3.86126781
5832.6000 3.85797766
5832.6500 3.85078099
5832.7000 3.84358431
5832.7500 3.83638764
5832.8000 3.82919096
5832.8500 3.8246869
5832.9000 3.82468715
5832.9500 3.82468739
5833.0000 3.82468763
5833.0500 3.82468788
5833.1000 3.82468812
5833.1500 3.82651786
5833.2000 3.82841658
5833.2500 3.8303153
5833.3000 3.83221402
5833.3500 3.83411274
5833.4000 3.8371762
5833.4500 3.84117497
5833.5000 3.84517374
5833.5500 3.84917251
5833.6000 3.85317127
5833.6500 3.85402798
5833.7000 3.83665524
5833.7500 3.81928251
5833.8000 3.80190977
5833.8500 3.78453704
5833.9000 3.7671643
5833.9500 3.77047093
5834.0000 3.78101128
5834.0500 3.79155163
5834.1000 3.80209198
5834.1500 3.81263233
5834.2000 3.80861377
5834.2500 3.77583801
5834.3000 3.74306224
5834.3500 3.71028647
5834.4000 3.67751071
5834.4500 3.64473494
5834.5000 3.66846362
5834.5500 3.6962628
5834.6000 3.72406198
5834.6500 3.75186116
5834.7000 3.77966034
5834.7500 3.79794585
5834.8000 3.80782613
5834.8500 3.81770642
5834.9000 3.8275867
5834.9500 3.83746699
5835.0000 3.84455727
5835.0500 3.83305685
5835.1000 3.82155642
5835.1500 3.810056
5835.2000 3.79855558
5835.2500 3.78705516
5835.3000 3.77392709
5835.3500 3.76020154
5835.4000 3.746476
5835.4500 3.73275046
5835.5000 3.71902492
5835.5500 3.70902543
5835.6000 3.70645841
5835.6500 3.70389139
5835.7000 3.70132437
5835.7500 3.69875735
5835.8000 3.69619033
5835.8500 3.67080738
5835.9000 3.64391085
5835.9500 3.61701431
5836.0000 3.59011778
5836.0500 3.56322124
5836.1000 3.57558178
5836.1500 3.62096968
5836.2000 3.66635757
5836.2500 3.71174546
5836.3000 3.75713336
5836.3500 3.79365163
5836.4000 3.77984232
5836.4500 3.76603301
5836.5000 3.7522237
5836.5500 3.73841439
5836.6000 3.72460508
5836.6500 3.72830989
5836.7000 3.73760602
5836.7500 3.74690215
5836.8000 3.75619829
5836.8500 3.76549442
5836.9000 3.77669778
5836.9500 3.79118191
5837.0000 3.80566605
5837.0500 3.82015019
5837.1000 3.83463432
5837.1500 3.84911846
5837.2000 3.84151582
5837.2500 3.83343191
5837.3000 3.825348
5837.3500 3.81726409
5837.4000 3.80918017
5837.4500 3.78773102
5837.5000 3.75703877
5837.5500 3.72634653
5837.6000 3.69565428
5837.6500 3.66496203
5837.7000 3.6400292
5837.7500 3.63741899
5837.8000 3.63480877
5837.8500 3.63219856
5837.9000 3.62958834
5837.9500 3.62697812
5838.0000 3.64298935
5838.0500 3.66307548
5838.1000 3.68316161
5838.1500 3.70324775
5838.2000 3.72333388
5838.2500 3.73299147
5838.3000 3.72922821
5838.3500 3.72546495
5838.4000 3.72170169
5838.4500 3.71793843
5838.5000 3.71265074
5838.5500 3.68142651
5838.6000 3.65020228
5838.6500 3.61897804
5838.7000 3.58775381
5838.7500 3.55652958
5838.8000 3.55941019
5838.8500 3.57869673
5838.9000 3.59798327
5838.9500 3.6172698
5839.0000 3.63655634
5839.0500 3.64802647
5839.1000 3.64093532
5839.1500 3.63384416
5839.2000 3.62675301
5839.2500 3.61966185
5839.3000 3.6125707
5839.3500 3.60767821
5839.4000 3.60297978
5839.4500 3.59828136
5839.5000 3.59358293
5839.5500 3.58888451
5839.6000 3.59311547
5839.6500 3.60486449
5839.7000 3.61661351
5839.7500 3.62836253
5839.8000 3.64011156
5839.8500 3.64670421
5839.9000 3.62782532
5839.9500 3.60894642
5840.0000 3.59006753
5840.0500 3.57118863
5840.1000 3.55230974
5840.1500 3.56724736
5840.2000 3.59089167
5840.2500 3.61453597
5840.3000 3.63818028
5840.3500 3.66182458
5840.4000 3.67871104
5840.4500 3.68640142
5840.5000 3.69409179
5840.5500 3.70178217
5840.6000 3.70947254
5840.6500 3.71819206
5840.7000 3.74516796
5840.7500 3.77214385
5840.8000 3.79911975
5840.8500 3.82609565
5840.9000 3.85307154
5840.9500 3.84412945
5841.0000 3.81863867
5841.0500 3.79314789
5841.1000 3.7676571
5841.1500 3.74216632
5841.2000 3.71581863
5841.2500 3.68762682
5841.3000 3.65943501
5841.3500 3.6312432
5841.4000 3.60305139
5841.4500 3.57485959
5841.5000 3.60981848
5841.5500 3.64800579
5841.6000 3.68619311
5841.6500 3.72438042
5841.7000 3.76256774
5841.7500 3.76063124
5841.8000 3.73045513
5841.8500 3.70027902
5841.9000 3.67010291
5841.9500 3.6399268
5842.0000 3.62475705
5842.0500 3.66159757
5842.1000 3.69843809
5842.1500 3.7352786
5842.2000 3.77211912
5842.2500 3.80895964
5842.3000 3.7885011
5842.3500 3.7588976
5842.4000 3.72929411
5842.4500 3.69969062
5842.5000 3.67008713
5842.5500 3.64979268
5842.6000 3.63872357
5842.6500 3.62765446
5842.7000 3.61658535
5842.7500 3.60551624
5842.8000 3.60104337
5842.8500 3.6359102
5842.9000 3.67077703
5842.9500 3.70564386
5843.0000 3.74051069
5843.0500 3.77537753
5843.1000 3.74495949
5843.1500 3.69680702
5843.2000 3.64865456
5843.2500 3.60050209
5843.3000 3.55234963
5843.3500 3.52618477
5843.4000 3.52909334
5843.4500 3.5320019
5843.5000 3.53491047
5843.5500 3.53781903
5843.6000 3.54263948
5843.6500 3.57060738
5843.7000 3.59857527
5843.7500 3.62654317
5843.8000 3.65451106
5843.8500 3.68247896
5843.9000 3.69363565
5843.9500 3.69836512
5844.0000 3.70309459
5844.0500 3.70782405
5844.1000 3.71255352
5844.1500 3.70513543
5844.2000 3.67721009
5844.2500 3.64928475
5844.3000 3.62135941
5844.3500 3.59343406
5844.4000 3.56654042
5844.4500 3.58545904
5844.5000 3.60437766
5844.5500 3.62329628
5844.6000 3.6422149
5844.6500 3.66113353
5844.7000 3.66285294
5844.7500 3.65623446
5844.8000 3.64961597
5844.8500 3.64299749
5844.9000 3.63637901
5844.9500 3.62424949
5845.0000 3.60074789
5845.0500 3.5772463
5845.1000 3.5537447
5845.1500 3.53024311
5845.2000 3.50674151
5845.2500 3.52482714
5845.3000 3.543727
5845.3500 3.56262686
5845.4000 3.58152672
5845.4500 3.60042658
5845.5000 3.60370564
5845.5500 3.59806848
5845.6000 3.59243132
5845.6500 3.58679416
5845.7000 3.581157
5845.7500 3.57742985
5845.8000 3.57829162
5845.8500 3.57915339
5845.9000 3.58001516
5845.9500 3.58087693
5846.0000 3.5817387
5846.0500 3.58240303
5846.1000 3.58305755
5846.1500 3.58371207
5846.2000 3.58436658
5846.2500 3.5850211
5846.3000 3.57315834
5846.3500 3.55338659
5846.4000 3.53361484
5846.4500 3.51384309
5846.5000 3.49407134
5846.5500 3.48162273
5846.6000 3.48853545
5846.6500 3.49544817
5846.7000 3.5023609
5846.7500 3.50927362
5846.8000 3.51618635
5846.8500 3.54577999
5846.9000 3.57688525
5846.9500 3.6079905
5847.0000 3.63909575
5847.0500 3.67020101
5847.1000 3.66650851
5847.1500 3.63981537
5847.2000 3.61312222
5847.2500 3.58642908
5847.3000 3.55973594
5847.3500 3.54817253
5847.4000 3.57792441
5847.4500 3.60767629
5847.5000 3.63742817
5847.5500 3.66718006
5847.6000 3.69693194
5847.6500 3.69712303
5847.7000 3.69527557
5847.7500 3.6934281
5847.8000 3.69158064
5847.8500 3.68973317
5847.9000 3.6824459
5847.9500 3.67159788
5848.0000 3.66074985
5848.0500 3.64990183
5848.1000 3.6390538
5848.1500 3.62598906
5848.2000 3.60707252
5848.2500 3.58815598
5848.3000 3.56923945
5848.3500 3.55032291
5848.4000 3.53140637
5848.4500 3.54174351
5848.5000 3.55373272
5848.5500 3.56572193
5848.6000 3.57771114
5848.6500 3.58970036
5848.7000 3.59193924
5848.7500 3.58819722
5848.8000 3.58445521
5848.8500 3.5807132
5848.9000 3.57697119
5848.9500 3.57494793
5849.0000 3.57704157
5849.0500 3.57913521
5849.1000 3.58122884
5849.1500 3.58332248
5849.2000 3.58541612
5849.2500 3.59557041
5849.3000 3.60596799
5849.3500 3.61636558
5849.4000 3.62676316
5849.4500 3.63716075
5849.5000 3.62755271
5849.5500 3.60709329
5849.6000 3.58663386
5849.6500 3.56617444
5849.7000 3.54571501
5849.7500 3.53949931
5849.8000 3.56254257
5849.8500 3.58558582
5849.9000 3.60862908
5849.9500 3.63167234
5850.0000 3.65426783
5850.0500 3.62111573
5850.1000 3.58796363
5850.1500 3.55481153
5850.2000 3.52165942
5850.2500 3.48850732
5850.3000 3.47024801
5850.3500 3.45868053
5850.4000 3.44711306
5850.4500 3.43554558
5850.5000 3.4239781
5850.5500 3.42508715
5850.6000 3.44746546
5850.6500 3.46984377
5850.7000 3.49222208
5850.7500 3.51460038
5850.8000 3.53519429
5850.8500 3.52699474
5850.9000 3.51879518
5850.9500 3.51059563
5851.0000 3.50239607
5851.0500 3.49419652
5851.1000 3.49499874
5851.1500 3.49888639
5851.2000 3.50277404
5851.2500 3.50666169
5851.3000 3.51054934
5851.3500 3.51233577
5851.4000 3.51136596
5851.4500 3.51039615
5851.5000 3.50942634
5851.5500 3.50845653
5851.6000 3.50790661
5851.6500 3.51038203
5851.7000 3.51285745
5851.7500 3.51533288
5851.8000 3.5178083
5851.8500 3.52028372
5851.9000 3.5222534
5851.9500 3.52410649
5852.0000 3.52595957
5852.0500 3.52781265
5852.1000 3.52966573
5852.1500 3.53257178
5852.2000 3.53651053
5852.2500 3.54044928
5852.3000 3.54438802
5852.3500 3.54832677
5852.4000 3.54919307
5852.4500 3.5376566
5852.5000 3.52612012
5852.5500 3.51458365
5852.6000 3.50304717
5852.6500 3.4915107
5852.7000 3.49913453
5852.7500 3.50903775
5852.8000 3.51894097
5852.8500 3.52884419
5852.9000 3.53874741
5852.9500 3.53576937
5853.0000 3.52385069
5853.0500 3.511932
5853.1000 3.50001331
5853.1500 3.48809463
5853.2000 3.48047015
5853.2500 3.48344336
5853.3000 3.48641658
5853.3500 3.4893898
5853.4000 3.49236301
5853.4500 3.49533623
5853.5000 3.49466276
5853.5500 3.49394459
5853.6000 3.49322642
5853.6500 3.49250825
5853.7000 3.49179008
5853.7500 3.49746874
5853.8000 3.50603636
5853.8500 3.51460398
5853.9000 3.52317159
5853.9500 3.53173921
5854.0000 3.53021421
5854.0500 3.51299211
5854.1000 3.49577001
5854.1500 3.47854791
5854.2000 3.46132581
5854.2500 3.44519571
5854.3000 3.43943634
5854.3500 3.43367696
5854.4000 3.42791759
5854.4500 3.42215822
5854.5000 3.41639885
5854.5500 3.41597397
5854.6000 3.41687728
5854.6500 3.41778059
5854.7000 3.4186839
5854.7500 3.41958721
5854.8000 3.41449483
5854.8500 3.40358406
5854.9000 3.39267329
5854.9500 3.38176252
5855.0000 3.37085174
5855.0500 3.36187489
5855.1000 3.35992487
5855.1500 3.35797484
5855.2000 3.35602482
5855.2500 3.3540748
5855.3000 3.35212478
5855.3500 3.3750527
5855.4000 3.39998021
5855.4500 3.42490772
5855.5000 3.44983523
5855.5500 3.47476274
5855.6000 3.48291273
5855.6500 3.48149581
5855.7000 3.48007889
5855.7500 3.47866197
5855.8000 3.47724505
5855.8500 3.47821652
5855.9000 3.483632
5855.9500 3.48904748
5856.0000 3.49446296
5856.0500 3.49987844
5856.1000 3.50453386
5856.1500 3.49802706
5856.2000 3.49152026
5856.2500 3.48501346
5856.3000 3.47850666
5856.3500 3.47199986
5856.4000 3.46085944
5856.4500 3.44840754
5856.5000 3.43595563
5856.5500 3.42350373
5856.6000 3.41105183
5856.6500 3.39969516
5856.7000 3.38944908
5856.7500 3.37920301
5856.8000 3.36895693
5856.8500 3.35871085
5856.9000 3.35062275
5856.9500 3.35040889
5857.0000 3.35019504
5857.0500 3.34998118
5857.1000 3.34976732
5857.1500 3.34955346
5857.2000 3.36520386
5857.2500 3.38195424
5857.3000 3.39870462
5857.3500 3.415455
5857.4000 3.43220538
5857.4500 3.41320131
5857.5000 3.37550463
5857.5500 3.33780795
5857.6000 3.30011127
5857.6500 3.26241459
5857.7000 3.23974157
5857.7500 3.24161458
5857.8000 3.24348759
5857.8500 3.2453606
5857.9000 3.24723361
5857.9500 3.25105797
5858.0000 3.271669
5858.0500 3.29228004
5858.1000 3.31289107
5858.1500 3.3335021
5858.2000 3.35411313
5858.2500 3.33688445
5858.3000 3.31190944
5858.3500 3.28693442
5858.4000 3.2619594
5858.4500 3.23698438
5858.5000 3.22835099
5858.5500 3.23268956
5858.6000 3.23702814
5858.6500 3.24136671
5858.7000 3.24570528
5858.7500 3.25049522
5858.8000 3.25641003
5858.8500 3.26232485
5858.9000 3.26823966
5858.9500 3.27415448
5859.0000 3.28011501
5859.0500 3.28876738
5859.1000 3.29741976
5859.1500 3.30607214
5859.2000 3.31472452
5859.2500 3.32337689
5859.3000 3.31304464
5859.3500 3.296334
5859.4000 3.27962335
5859.4500 3.26291271
5859.5000 3.24620206
5859.5500 3.24996984
5859.6000 3.27576261
5859.6500 3.30155538
5859.7000 3.32734816
5859.7500 3.35314093
5859.8000 3.37372357
5859.8500 3.37545887
5859.9000 3.37719418
5859.9500 3.37892949
5860.0000 3.38066479
5860.0500 3.3824001
5860.1000 3.36952508
5860.1500 3.3559264
5860.2000 3.34232772
5860.2500 3.32872904
5860.3000 3.31513036
5860.3500 3.30957087
5860.4000 3.30761445
5860.4500 3.30565804
5860.5000 3.30370163
5860.5500 3.30174521
5860.6000 3.29742243
5860.6500 3.28995899
5860.7000 3.28249555
5860.7500 3.27503212
5860.8000 3.26756868
5860.8500 3.26120219
5860.9000 3.26017776
5860.9500 3.25915333
5861.0000 3.2581289
5861.0500 3.25710447
5861.1000 3.25608005
5861.1500 3.21843065
5861.2000 3.17726895
5861.2500 3.13610725
5861.3000 3.09494555
5861.3500 3.05378385
5861.4000 3.06654747
5861.4500 3.1075763
5861.5000 3.14860513
5861.5500 3.18963396
5861.6000 3.23066279
5861.6500 3.25757258
5861.7000 3.26340809
5861.7500 3.26924361
5861.8000 3.27507912
5861.8500 3.28091464
5861.9000 3.28478097
5861.9500 3.27728827
5862.0000 3.26979558
5862.0500 3.26230288
5862.1000 3.25481019
5862.1500 3.2473175
5862.2000 3.25905789
5862.2500 3.27303591
5862.3000 3.28701393
5862.3500 3.30099195
5862.4000 3.31496997
5862.4500 3.30868897
5862.5000 3.29127203
5862.5500 3.2738551
5862.6000 3.25643817
5862.6500 3.23902123
5862.7000 3.23536913
5862.7500 3.25268676
5862.8000 3.27000439
5862.8500 3.28732202
5862.9000 3.30463966
5862.9500 3.31956483
5863.0000 3.32079918
5863.0500 3.32203353
5863.1000 3.32326789
5863.1500 3.32450224
5863.2000 3.32573659
5863.2500 3.32236727
5863.3000 3.31850173
5863.3500 3.31463619
5863.4000 3.31077065
5863.4500 3.30690511
5863.5000 3.30964886
5863.5500 3.3158259
5863.6000 3.32200294
5863.6500 3.32817998
5863.7000 3.33435703
5863.7500 3.32846929
5863.8000 3.30557665
5863.8500 3.28268402
5863.9000 3.25979138
5863.9500 3.23689874
5864.0000 3.21871151
5864.0500 3.2229531
5864.1000 3.22719468
5864.1500 3.23143627
5864.2000 3.23567786
5864.2500 3.23991944
5864.3000 3.25637715
5864.3500 3.27370825
5864.4000 3.29103935
5864.4500 3.30837046
5864.5000 3.32570156
5864.5500 3.32290794
5864.6000 3.31126669
5864.6500 3.29962544
5864.7000 3.28798419
5864.7500 3.27634294
5864.8000 3.27672296
5864.8500 3.29136105
5864.9000 3.30599914
5864.9500 3.32063723
5865.0000 3.33527532
5865.0500 3.34548912
5865.1000 3.34017519
5865.1500 3.33486125
5865.2000 3.32954731
5865.2500 3.32423338
5865.3000 3.31891944
5865.3500 3.32590604
5865.4000 3.33304793
5865.4500 3.34018982
5865.5000 3.34733171
5865.5500 3.35447361
5865.6000 3.36607655
5865.6500 3.37912869
5865.7000 3.39218084
5865.7500 3.40523298
5865.8000 3.41828512
5865.8500 3.41475161
5865.9000 3.39612448
5865.9500 3.37749735
5866.0000 3.35887022
5866.0500 3.34024309
5866.1000 3.33097842
5866.1500 3.34422008
5866.2000 3.35746174
5866.2500 3.37070341
5866.3000 3.38394507
5866.3500 3.39597278
5866.4000 3.3906799
5866.4500 3.38538702
5866.5000 3.38009414
5866.5500 3.37480126
5866.6000 3.36950838
5866.6500 3.37136112
5866.7000 3.37458816
5866.7500 3.37781519
5866.8000 3.38104223
5866.8500 3.38426927
5866.9000 3.38378102
5866.9500 3.38095098
5867.0000 3.37812093
5867.0500 3.37529088
5867.1000 3.37246083
5867.1500 3.37459895
5867.2000 3.38452266
5867.2500 3.39444638
5867.3000 3.4043701
5867.3500 3.41429382
5867.4000 3.41630094
5867.4500 3.37887547
5867.5000 3.34144999
5867.5500 3.30402452
5867.6000 3.26659904
5867.6500 3.22917356
5867.7000 3.25725438
5867.7500 3.28905014
5867.8000 3.3208459
5867.8500 3.35264166
5867.9000 3.38443742
5867.9500 3.38346893
5868.0000 3.3701941
5868.0500 3.35691926
5868.1000 3.34364443
5868.1500 3.3303696
5868.2000 3.32047674
5868.2500 3.31384545
5868.3000 3.30721416
5868.3500 3.30058287
5868.4000 3.29395157
5868.4500 3.29075585
5868.5000 3.29586384
5868.5500 3.30097184
5868.6000 3.30607983
5868.6500 3.31118782
5868.7000 3.31551949
5868.7500 3.31064089
5868.8000 3.30576229
5868.8500 3.30088369
5868.9000 3.29600508
5868.9500 3.29112648
5869.0000 3.28400846
5869.0500 3.27653885
5869.1000 3.26906924
5869.1500 3.26159962
5869.2000 3.25413001
5869.2500 3.24244169
5869.3000 3.22850524
5869.3500 3.21456879
5869.4000 3.20063234
5869.4500 3.18669588
5869.5000 3.19763954
5869.5500 3.2400053
5869.6000 3.28237106
5869.6500 3.32473682
5869.7000 3.36710258
5869.7500 3.39592162
5869.8000 3.38013056
5869.8500 3.36433949
5869.9000 3.34854842
5869.9500 3.33275736
5870.0000 3.31730457
5870.0500 3.31480292
5870.1000 3.31230128
5870.1500 3.30979963
5870.2000 3.30729799
5870.2500 3.30479635
5870.3000 3.30628928
5870.3500 3.30866227
5870.4000 3.31103525
5870.4500 3.31340823
5870.5000 3.31578122
5870.5500 3.31840569
5870.6000 3.32118764
5870.6500 3.32396958
5870.7000 3.32675153
5870.7500 3.32953347
5870.8000 3.32404958
5870.8500 3.30676647
5870.9000 3.28948336
5870.9500 3.27220025
5871.0000 3.25491714
5871.0500 3.24023204
5871.1000 3.23529506
5871.1500 3.23035808
5871.2000 3.2254211
5871.2500 3.22048412
5871.3000 3.21568041
5871.3500 3.22355731
5871.4000 3.2314342
5871.4500 3.23931109
5871.5000 3.24718798
5871.5500 3.25506487
5871.6000 3.278705
5871.6500 3.30599805
5871.7000 3.33329109
5871.7500 3.36058413
5871.8000 3.38787718
5871.8500 3.38915555
5871.9000 3.37413561
5871.9500 3.35911566
5872.0000 3.34409572
5872.0500 3.32907577
5872.1000 3.32597988
5872.1500 3.33940066
5872.2000 3.35282144
5872.2500 3.36624222
5872.3000 3.379663
5872.3500 3.39019589
5872.4000 3.39079284
5872.4500 3.39138978
5872.5000 3.39198673
5872.5500 3.39258368
5872.6000 3.39285234
5872.6500 3.38338751
5872.7000 3.37392268
5872.7500 3.36445785
5872.8000 3.35499303
5872.8500 3.3455282
5872.9000 3.35075563
5872.9500 3.35874937
5873.0000 3.3667431
5873.0500 3.37473684
5873.1000 3.38273057
5873.1500 3.38901071
5873.2000 3.39437609
5873.2500 3.39974147
5873.3000 3.40510685
5873.3500 3.41047223
5873.4000 3.4163058
5873.4500 3.42268047
5873.5000 3.42905514
5873.5500 3.43542981
5873.6000 3.44180448
5873.6500 3.43319259
5873.7000 3.38551958
5873.7500 3.33784657
5873.8000 3.29017356
5873.8500 3.24250055
5873.9000 3.20245975
5873.9500 3.23757959
5874.0000 3.27269943
5874.0500 3.30781926
5874.1000 3.3429391
5874.1500 3.37805893
5874.2000 3.36571518
5874.2500 3.34859572
5874.3000 3.33147625
5874.3500 3.31435678
5874.4000 3.29723732
5874.4500 3.29091523
5874.5000 3.28865853
5874.5500 3.28640183
5874.6000 3.28414513
5874.6500 3.28188843
5874.7000 3.27772003
5874.7500 3.27196115
5874.8000 3.26620227
5874.8500 3.2604434
5874.9000 3.25468452
5874.9500 3.2543541
5875.0000 3.26339704
5875.0500 3.27243999
5875.1000 3.28148293
5875.1500 3.29052587
5875.2000 3.29488668
5875.2500 3.27917258
5875.3000 3.26345849
5875.3500 3.24774439
5875.4000 3.23203029
5875.4500 3.21639739
5875.5000 3.20692799
5875.5500 3.19745859
5875.6000 3.18798919
5875.6500 3.17851978
5875.7000 3.16905038
5875.7500 3.16310678
5875.8000 3.15784288
5875.8500 3.15257898
5875.9000 3.14731508
5875.9500 3.14205118
5876.0000 3.14312582
5876.0500 3.14738996
5876.1000 3.1516541
5876.1500 3.15591824
5876.2000 3.16018238
5876.2500 3.16479829
5876.3000 3.16977505
5876.3500 3.17475181
5876.4000 3.17972858
5876.4500 3.18470534
5876.5000 3.18740659
5876.5500 3.18534922
5876.6000 3.18329184
5876.6500 3.18123447
5876.7000 3.17917709
5876.7500 3.17818413
5876.8000 3.18299982
5876.8500 3.18781552
5876.9000 3.19263122
5876.9500 3.19744692
5877.0000 3.20226262
5877.0500 3.21794969
5877.1000 3.23377173
5877.1500 3.24959378
5877.2000 3.26541582
5877.2500 3.28123786
5877.3000 3.28203474
5877.3500 3.27958039
5877.4000 3.27712604
5877.4500 3.2746717
5877.5000 3.27221735
5877.5500 3.26827627
5877.6000 3.26356239
5877.6500 3.2588485
5877.7000 3.25413462
5877.7500 3.24942073
5877.8000 3.2440168
5877.8500 3.23790986
5877.9000 3.23180292
5877.9500 3.22569598
5878.0000 3.21958904
5878.0500 3.22661311
5878.1000 3.25979406
5878.1500 3.29297501
5878.2000 3.32615596
5878.2500 3.3593369
5878.3000 3.38156053
5878.3500 3.35198518
5878.4000 3.32240983
5878.4500 3.29283448
5878.5000 3.26325913
5878.5500 3.23452017
5878.6000 3.25569907
5878.6500 3.27687797
5878.7000 3.29805687
5878.7500 3.31923576
5878.8000 3.34041466
5878.8500 3.33001992
5878.9000 3.31447928
5878.9500 3.29893864
5879.0000 3.283398
5879.0500 3.26785736
5879.1000 3.2633719
5879.1500 3.26351809
5879.2000 3.26366427
5879.2500 3.26381046
5879.3000 3.26395664
5879.3500 3.25415489
5879.4000 3.236251
5879.4500 3.21834712
5879.5000 3.20044323
5879.5500 3.18253935
5879.6000 3.17415498
5879.6500 3.18010828
5879.7000 3.18606158
5879.7500 3.19201488
5879.8000 3.19796818
5879.8500 3.20405233
5879.9000 3.21053236
5879.9500 3.21701239
5880.0000 3.22349243
5880.0500 3.22997246
5880.1000 3.2344047
5880.1500 3.22026578
5880.2000 3.20612686
5880.2500 3.19198794
5880.3000 3.17784902
5880.3500 3.1637101
5880.4000 3.15890738
5880.4500 3.15457827
5880.5000 3.15024916
5880.5500 3.14592005
5880.6000 3.14159094
5880.6500 3.13988241
5880.7000 3.13880614
5880.7500 3.13772986
5880.8000 3.13665358
5880.8500 3.1355773
5880.9000 3.14176484
5880.9500 3.1516769
5881.0000 3.16158896
5881.0500 3.17150102
5881.1000 3.18141308
5881.1500 3.1837843
5881.2000 3.17913789
5881.2500 3.17449148
5881.3000 3.16984508
5881.3500 3.16519867
5881.4000 3.1634533
5881.4500 3.16651426
5881.5000 3.16957521
5881.5500 3.17263617
5881.6000 3.17569712
5881.6500 3.18307499
5881.7000 3.20440201
5881.7500 3.22572903
5881.8000 3.24705605
5881.8500 3.26838307
5881.9000 3.28710373
5881.9500 3.28177527
5882.0000 3.27644682
5882.0500 3.27111836
5882.1000 3.2657899
5882.1500 3.26046144
5882.2000 3.27092633
5882.2500 3.28203676
5882.3000 3.29314719
5882.3500 3.30425762
5882.4000 3.31536805
5882.4500 3.2921433
5882.5000 3.26164497
5882.5500 3.23114665
5882.6000 3.20064832
5882.6500 3.17015
5882.7000 3.17148584
5882.7500 3.18704654
5882.8000 3.20260724
5882.8500 3.21816793
5882.9000 3.23372863
5882.9500 3.23863174
5883.0000 3.23511464
5883.0500 3.23159753
5883.1000 3.22808043
5883.1500 3.22456332
5883.2000 3.22416572
5883.2500 3.22794357
5883.3000 3.23172141
5883.3500 3.23549925
5883.4000 3.23927709
5883.4500 3.2362789
5883.5000 3.21732778
5883.5500 3.19837667
5883.6000 3.17942555
5883.6500 3.16047443
5883.7000 3.14648093
5883.7500 3.15666969
5883.8000 3.16685845
5883.8500 3.17704722
5883.9000 3.18723598
5883.9500 3.19696467
5884.0000 3.1966134
5884.0500 3.19626214
5884.1000 3.19591087
5884.1500 3.1955596
5884.2000 3.19520834
5884.2500 3.2194697
5884.3000 3.24590972
5884.3500 3.27234975
5884.4000 3.29878977
5884.4500 3.32522979
5884.5000 3.36086276
5884.5500 3.39886301
5884.6000 3.43686326
5884.6500 3.47486351
5884.7000 3.51286376
5884.7500 3.50298361
5884.8000 3.46986824
5884.8500 3.43675287
5884.9000 3.40363749
5884.9500 3.37052212
5885.0000 3.36010406
5885.0500 3.36804444
5885.1000 3.37598482
5885.1500 3.3839252
5885.2000 3.39186559
5885.2500 3.3807829
5885.3000 3.34488325
5885.3500 3.30898361
5885.4000 3.27308396
5885.4500 3.23718432
5885.5000 3.2137228
5885.5500 3.21712062
5885.6000 3.22051843
5885.6500 3.22391625
5885.7000 3.22731407
5885.7500 3.22715026
5885.8000 3.21279481
5885.8500 3.19843937
5885.9000 3.18408392
5885.9500 3.16972848
5886.0000 3.15691521
5886.0500 3.16044264
5886.1000 3.16397006
5886.1500 3.16749749
5886.2000 3.17102492
5886.2500 3.17455234
5886.3000 3.18745337
5886.3500 3.20061083
5886.4000 3.21376828
5886.4500 3.22692574
5886.5000 3.2400832
5886.5500 3.25905981
5886.6000 3.27896787
5886.6500 3.29887593
5886.7000 3.31878399
5886.7500 3.33869205
5886.8000 3.32189323
5886.8500 3.29300097
5886.9000 3.2641087
5886.9500 3.23521643
5887.0000 3.20632417
5887.0500 3.1852233
5887.1000 3.168432
5887.1500 3.15164071
5887.2000 3.13484942
5887.2500 3.11805812
5887.3000 3.10955499
5887.3500 3.10819611
5887.4000 3.10683724
5887.4500 3.10547836
5887.5000 3.10411949
5887.5500 3.10686283
5887.6000 3.11500481
5887.6500 3.12314678
5887.7000 3.13128876
5887.7500 3.13943073
5887.8000 3.14917125
5887.8500 3.16218679
5887.9000 3.17520233
5887.9500 3.18821788
5888.0000 3.20123342
5888.0500 3.21912149
5888.1000 3.2537208
5888.1500 3.28832011
5888.2000 3.32291942
5888.2500 3.35751873
5888.3000 3.38571943
5888.3500 3.36913575
5888.4000 3.35255208
5888.4500 3.3359684
5888.5000 3.31938472
5888.5500 3.30323066
5888.6000 3.3033005
5888.6500 3.30337034
5888.7000 3.30344018
5888.7500 3.30351002
5888.8000 3.30357986
5888.8500 3.2988459
5888.9000 3.29373977
5888.9500 3.28863364
5889.0000 3.28352751
5889.0500 3.27842138
5889.1000 3.2426051
5889.1500 3.2005841
5889.2000 3.15856309
5889.2500 3.11654209
5889.3000 3.07452108
5889.3500 3.0603682
5889.4000 3.0561469
5889.4500 3.05192561
5889.5000 3.04770432
5889.5500 3.04348303
5889.6000 3.03044641
5889.6500 3.0125392
5889.7000 2.99463199
5889.7500 2.97672478
5889.8000 2.95881757
5889.8500 2.95914008
5889.9000 2.97422811
5889.9500 2.98931613
5890.0000 3.00440415
5890.0500 3.01949218
5890.1000 3.03784508
5890.1500 3.05999389
5890.2000 3.0821427
5890.2500 3.10429151
5890.3000 3.12644032
5890.3500 3.13337459
5890.4000 3.11482281
5890.4500 3.09627104
5890.5000 3.07771927
5890.5500 3.0591675
5890.6000 3.05489651
5890.6500 3.0861455
5890.7000 3.1173945
5890.7500 3.14864349
5890.8000 3.17989248
5890.8500 3.19559658
5890.9000 3.14959321
5890.9500 3.10358985
5891.0000 3.05758648
5891.0500 3.01158311
5891.1000 2.97229541
5891.1500 2.98358885
5891.2000 2.99488228
5891.2500 3.00617571
5891.3000 3.01746915
5891.3500 3.02799903
5891.4000 3.01729898
5891.4500 3.00659893
5891.5000 2.99589888
5891.5500 2.98519883
5891.6000 2.97449878
5891.6500 2.98634627
5891.7000 2.99928718
5891.7500 3.0122281
5891.8000 3.02516901
5891.8500 3.03810993
5891.9000 3.04311342
5891.9500 3.04697576
5892.0000 3.05083811
5892.0500 3.05470045
5892.1000 3.0585628
5892.1500 3.03960372
5892.2000 3.01480971
5892.2500 2.99001569
5892.3000 2.96522168
5892.3500 2.94042767
5892.4000 2.93724642
5892.4500 2.94247074
5892.5000 2.94769506
5892.5500 2.95291939
5892.6000 2.95814371
5892.6500 2.97192107
5892.7000 2.9904036
5892.7500 3.00888613
5892.8000 3.02736866
5892.8500 3.04585118
5892.9000 3.03912132
5892.9500 3.0135082
5893.0000 2.98789508
5893.0500 2.96228196
5893.1000 2.93666885
5893.1500 2.9284594
5893.2000 2.93765752
5893.2500 2.94685564
5893.3000 2.95605376
5893.3500 2.96525189
5893.4000 2.97179316
5893.4500 2.97480749
5893.5000 2.97782183
5893.5500 2.98083616
5893.6000 2.9838505
5893.6500 2.9994852
5893.7000 3.0374708
5893.7500 3.07545639
5893.8000 3.11344199
5893.8500 3.15142758
5893.9000 3.17330412
5893.9500 3.15642893
5894.0000 3.13955373
5894.0500 3.12267853
5894.1000 3.10580333
5894.1500 3.09459238
5894.2000 3.10256923
5894.2500 3.11054607
5894.3000 3.11852292
5894.3500 3.12649976
5894.4000 3.13526409
5894.4500 3.14805053
5894.5000 3.16083698
5894.5500 3.17362342
5894.6000 3.18640987
5894.6500 3.19460954
5894.7000 3.16201369
5894.7500 3.12941783
5894.8000 3.09682197
5894.8500 3.06422611
5894.9000 3.03403255
5894.9500 3.06158885
5895.0000 3.08914514
5895.0500 3.11670144
5895.1000 3.14425774
5895.1500 3.17181404
5895.2000 3.18190836
5895.2500 3.19165236
5895.3000 3.20139637
5895.3500 3.21114037
5895.4000 3.22088438
5895.4500 3.22294942
5895.5000 3.22436716
5895.5500 3.22578491
5895.6000 3.22720265
5895.6500 3.2286204
5895.7000 3.22891528
5895.7500 3.229036
5895.8000 3.22915671
5895.8500 3.22927742
5895.9000 3.22939814
5895.9500 3.22299129
5896.0000 3.21506022
5896.0500 3.20712915
5896.1000 3.19919809
5896.1500 3.19126702
5896.2000 3.17372816
5896.2500 3.15310873
5896.3000 3.1324893
5896.3500 3.11186986
5896.4000 3.09125043
5896.4500 3.08033252
5896.5000 3.07346908
5896.5500 3.06660563
5896.6000 3.05974219
5896.6500 3.05287874
5896.7000 3.05819107
5896.7500 3.06992127
5896.8000 3.08165147
5896.8500 3.09338168
5896.9000 3.10511188
5896.9500 3.10668203
5897.0000 3.10164489
5897.0500 3.09660775
5897.1000 3.09157062
5897.1500 3.08653348
5897.2000 3.0831534
5897.2500 3.0810828
5897.3000 3.0790122
5897.3500 3.0769416
5897.4000 3.074871
5897.4500 3.07171804
5897.5000 3.06753657
5897.5500 3.0633551
5897.6000 3.05917362
5897.6500 3.05499215
5897.7000 3.04468356
5897.7500 3.02742285
5897.8000 3.01016213
5897.8500 2.99290142
5897.9000 2.9756407
5897.9500 2.96606271
5898.0000 2.96684926
5898.0500 2.96763582
5898.1000 2.96842238
5898.1500 2.96920894
5898.2000 2.97425632
5898.2500 2.98612514
5898.3000 2.99799397
5898.3500 3.0098628
5898.4000 3.02173162
5898.4500 3.03347357
5898.5000 3.04497437
5898.5500 3.05647518
5898.6000 3.06797599
5898.6500 3.0794768
5898.7000 3.08924605
5898.7500 3.09509956
5898.8000 3.10095308
5898.8500 3.1068066
5898.9000 3.11266012
5898.9500 3.11446628
5899.0000 3.10532917
5899.0500 3.09619206
5899.1000 3.08705496
5899.1500 3.07791785
5899.2000 3.07024239
5899.2500 3.06732766
5899.3000 3.06441293
5899.3500 3.06149821
5899.4000 3.05858348
5899.4500 3.0543671
5899.5000 3.0449877
5899.5500 3.0356083
5899.6000 3.0262289
5899.6500 3.0168495
5899.7000 3.00682225
5899.7500 2.99361684
5899.8000 2.98041143
5899.8500 2.96720603
5899.9000 2.95400062
5899.9500 2.94535102
5900.0000 2.96495715
5900.0500 2.98456327
5900.1000 3.00416939
5900.1500 3.02377551
5900.2000 3.04456046
5900.2500 3.07489268
5900.3000 3.10522489
5900.3500 3.1355571
5900.4000 3.16588932
5900.4500 3.19498805
5900.5000 3.21036799
5900.5500 3.22574793
5900.6000 3.24112787
5900.6500 3.25650781
5900.7000 3.26989967
5900.7500 3.25016962
5900.8000 3.23043958
5900.8500 3.21070954
5900.9000 3.1909795
5900.9500 3.17179245
5901.0000 3.16887763
5901.0500 3.1659628
5901.1000 3.16304797
5901.1500 3.16013314
5901.2000 3.15718104
5901.2500 3.15034199
5901.3000 3.14350295
5901.3500 3.1366639
5901.4000 3.12982485
5901.4500 3.1229858
5901.5000 3.13069913
5901.5500 3.1385856
5901.6000 3.14647206
5901.6500 3.15435852
5901.7000 3.16224499
5901.7500 3.17878596
5901.8000 3.19560816
5901.8500 3.21243037
5901.9000 3.22925258
5901.9500 3.24607479
5902.0000 3.25845183
5902.0500 3.27059663
5902.1000 3.28274144
5902.1500 3.29488625
5902.2000 3.30703105
5902.2500 3.30596022
5902.3000 3.30395118
5902.3500 3.30194214
5902.4000 3.2999331
5902.4500 3.29792406
5902.5000 3.29879815
5902.5500 3.29992766
5902.6000 3.30105717
5902.6500 3.30218668
5902.7000 3.3033162
5902.7500 3.33462252
5902.8000 3.36909427
5902.8500 3.40356601
5902.9000 3.43803775
5902.9500 3.47250949
5903.0000 3.45394256
5903.0500 3.42902376
5903.1000 3.40410496
5903.1500 3.37918616
5903.2000 3.35426736
5903.2500 3.3441073
5903.3000 3.33591083
5903.3500 3.32771435
5903.4000 3.31951788
5903.4500 3.31132141
5903.5000 3.32824548
5903.5500 3.34880267
5903.6000 3.36935986
5903.6500 3.38991706
5903.7000 3.41047425
5903.7500 3.41278386
5903.8000 3.41227625
5903.8500 3.41176863
5903.9000 3.41126101
5903.9500 3.41075339
5904.0000 3.40042169
5904.0500 3.38849622
5904.1000 3.37657075
5904.1500 3.36464527
5904.2000 3.3527198
5904.2500 3.36659386
5904.3000 3.38480407
5904.3500 3.40301428
5904.4000 3.42122449
5904.4500 3.4394347
5904.5000 3.43455009
5904.5500 3.42569674
5904.6000 3.41684339
5904.6500 3.40799004
5904.7000 3.39913669
5904.7500 3.38341173
5904.8000 3.36649444
5904.8500 3.34957714
5904.9000 3.33265985
5904.9500 3.31574256
5905.0000 3.32520516
5905.0500 3.33923307
5905.1000 3.35326098
5905.1500 3.36728889
5905.2000 3.3813168
5905.2500 3.38502874
5905.3000 3.38698195
5905.3500 3.38893517
5905.4000 3.39088839
5905.4500 3.3928416
5905.5000 3.40197466
5905.5500 3.41229827
5905.6000 3.42262187
5905.6500 3.43294548
5905.7000 3.44326908
5905.7500 3.45609169
5905.8000 3.4693119
5905.8500 3.48253211
5905.9000 3.49575233
5905.9500 3.50897254
5906.0000 3.50907545
5906.0500 3.50720522
5906.1000 3.50533499
5906.1500 3.50346476
5906.2000 3.50159454
5906.2500 3.49900383
5906.3000 3.49631237
5906.3500 3.49362091
5906.4000 3.49092944
5906.4500 3.48823798
5906.5000 3.4779363
5906.5500 3.46666425
5906.6000 3.45539221
5906.6500 3.44412016
5906.7000 3.43284811
5906.7500 3.42728342
5906.8000 3.42236654
5906.8500 3.41744967
5906.9000 3.41253279
5906.9500 3.40761592
5907.0000 3.41793625
5907.0500 3.42974949
5907.1000 3.44156273
5907.1500 3.45337597
5907.2000 3.46518921
5907.2500 3.43308646
5907.3000 3.39742369
5907.3500 3.36176092
5907.4000 3.32609814
5907.4500 3.29043537
5907.5000 3.30015378
5907.5500 3.31272722
5907.6000 3.32530065
5907.6500 3.33787409
5907.7000 3.35044753
5907.7500 3.34201949
5907.8000 3.33267434
5907.8500 3.32332919
5907.9000 3.31398404
5907.9500 3.30463889
5908.0000 3.28169552
5908.0500 3.2584328
5908.1000 3.23517008
5908.1500 3.21190735
5908.2000 3.18864463
5908.2500 3.22342332
5908.3000 3.25834752
5908.3500 3.29327172
5908.4000 3.32819592
5908.4500 3.36223284
5908.5000 3.35164304
5908.5500 3.34105324
5908.6000 3.33046343
5908.6500 3.31987363
5908.7000 3.30993916
5908.7500 3.31457513
5908.8000 3.31921109
5908.8500 3.32384706
5908.9000 3.32848303
5908.9500 3.33236884
5909.0000 3.3259955
5909.0500 3.31962215
5909.1000 3.31324881
5909.1500 3.30687546
5909.2000 3.30355825
5909.2500 3.32942727
5909.3000 3.3552963
5909.3500 3.38116532
5909.4000 3.40703434
5909.4500 3.42713616
5909.5000 3.40611209
5909.5500 3.38508803
5909.6000 3.36406396
5909.6500 3.3430399
5909.7000 3.32437095
5909.7500 3.3187661
5909.8000 3.31316125
5909.8500 3.3075564
5909.9000 3.30195156
5909.9500 3.29694207
5910.0000 3.29457215
5910.0500 3.29220222
5910.1000 3.28983229
5910.1500 3.28746236
5910.2000 3.27973434
5910.2500 3.25266149
5910.3000 3.22558864
5910.3500 3.19851579
5910.4000 3.17144293
5910.4500 3.15885785
5910.5000 3.18943345
5910.5500 3.22000906
5910.6000 3.25058466
5910.6500 3.28116027
5910.7000 3.30089703
5910.7500 3.29374305
5910.8000 3.28658908
5910.8500 3.27943511
5910.9000 3.27228114
5910.9500 3.27964695
5911.0000 3.31719729
5911.0500 3.35474763
5911.1000 3.39229797
5911.1500 3.4298483
5911.2000 3.4552913
5911.2500 3.45956779
5911.3000 3.46384428
5911.3500 3.46812077
5911.4000 3.47239727
5911.4500 3.47345041
5911.5000 3.46975815
5911.5500 3.46606589
5911.6000 3.46237363
5911.6500 3.45868137
5911.7000 3.45857708
5911.7500 3.4629173
5911.8000 3.46725752
5911.8500 3.47159774
5911.9000 3.47593796
5911.9500 3.48101881
5912.0000 3.48686923
5912.0500 3.49271965
5912.1000 3.49857006
5912.1500 3.50442048
5912.2000 3.4929371
5912.2500 3.46643131
5912.3000 3.43992551
5912.3500 3.41341972
5912.4000 3.38691393
5912.4500 3.37572619
5912.5000 3.37551432
5912.5500 3.37530245
5912.6000 3.37509059
5912.6500 3.37487872
5912.7000 3.36064189
5912.7500 3.33820274
5912.8000 3.31576358
5912.8500 3.29332443
5912.9000 3.27088528
5912.9500 3.27159191
5913.0000 3.28314336
5913.0500 3.29469482
5913.1000 3.30624627
5913.1500 3.31779773
5913.2000 3.34465157
5913.2500 3.37709448
5913.3000 3.40953739
5913.3500 3.4419803
5913.4000 3.47442321
5913.4500 3.4811213
5913.5000 3.48079137
5913.5500 3.48046144
5913.6000 3.48013152
5913.6500 3.47980159
5913.7000 3.46884452
5913.7500 3.45586617
5913.8000 3.44288782
5913.8500 3.42990947
5913.9000 3.41693112
5913.9500 3.39683441
5914.0000 3.37591497
5914.0500 3.35499553
5914.1000 3.33407609
5914.1500 3.31315665
5914.2000 3.28139228
5914.2500 3.24910684
5914.3000 3.2168214
5914.3500 3.18453597
5914.4000 3.15315437
5914.4500 3.18794514
5914.5000 3.22273591
5914.5500 3.25752667
5914.6000 3.29231744
5914.6500 3.32457913
5914.7000 3.32535626
5914.7500 3.32613339
5914.8000 3.32691052
5914.8500 3.32768765
5914.9000 3.32774188
5914.9500 3.32323442
5915.0000 3.31872697
5915.0500 3.31421952
5915.1000 3.30971207
5915.1500 3.30623526
5915.2000 3.30686062
5915.2500 3.30748597
5915.3000 3.30811132
5915.3500 3.30873667
5915.4000 3.30915344
5915.4500 3.30899569
5915.5000 3.30883795
5915.5500 3.3086802
5915.6000 3.30852245
5915.6500 3.30268888
5915.7000 3.28551136
5915.7500 3.26833384
5915.8000 3.25115631
5915.8500 3.23397879
5915.9000 3.23644356
5915.9500 3.26810672
5916.0000 3.29976988
5916.0500 3.33143303
5916.1000 3.36309619
5916.1500 3.36787428
5916.2000 3.34262824
5916.2500 3.31738219
5916.3000 3.29213614
5916.3500 3.26689009
5916.4000 3.26853622
5916.4500 3.29270317
5916.5000 3.31687012
5916.5500 3.34103708
5916.6000 3.36520403
5916.6500 3.3723031
5916.7000 3.36883462
5916.7500 3.36536615
5916.8000 3.36189767
5916.8500 3.3584292
5916.9000 3.3481435
5916.9500 3.33483135
5917.0000 3.32151919
5917.0500 3.30820704
5917.1000 3.29489489
5917.1500 3.30158515
5917.2000 3.31428217
5917.2500 3.32697918
5917.3000 3.3396762
5917.3500 3.35237321
5917.4000 3.35327041
5917.4500 3.3520381
5917.5000 3.3508058
5917.5500 3.34957349
5917.6000 3.34834119
5917.6500 3.33283692
5917.7000 3.31620468
5917.7500 3.29957244
5917.8000 3.2829402
5917.8500 3.26633965
5917.9000 3.25369122
5917.9500 3.24104279
5918.0000 3.22839436
5918.0500 3.21574593
5918.1000 3.20200596
5918.1500 3.17732535
5918.2000 3.15264474
5918.2500 3.12796414
5918.3000 3.10328353
5918.3500 3.08481807
5918.4000 3.09564243
5918.4500 3.1064668
5918.5000 3.11729116
5918.5500 3.12811552
5918.6000 3.12916911
5918.6500 3.10255005
5918.7000 3.07593099
5918.7500 3.04931192
5918.8000 3.02269286
5918.8500 3.00720363
5918.9000 3.01252897
5918.9500 3.01785431
5919.0000 3.02317965
5919.0500 3.02850499
5919.1000 3.02916276
5919.1500 3.02381803
5919.2000 3.0184733
5919.2500 3.01312856
5919.3000 3.00778383
5919.3500 2.99988748
5919.4000 2.98971053
5919.4500 2.97953359
5919.5000 2.96935665
5919.5500 2.9591797
5919.6000 2.98569308
5919.6500 3.0346737
5919.7000 3.08365433
5919.7500 3.13263495
5919.8000 3.18161557
5919.8500 3.21540342
5919.9000 3.24310417
5919.9500 3.27080492
5920.0000 3.29850566
5920.0500 3.32620641
5920.1000 3.34337891
5920.1500 3.35806989
5920.2000 3.37276086
5920.2500 3.38745183
5920.3000 3.4021428
5920.3500 3.3714285
5920.4000 3.3360106
5920.4500 3.30059269
5920.5000 3.26517479
5920.5500 3.22999126
5920.6000 3.2457728
5920.6500 3.26155433
5920.7000 3.27733587
5920.7500 3.29311741
5920.8000 3.30930333
5920.8500 3.32895112
5920.9000 3.3485989
5920.9500 3.36824669
5921.0000 3.38789448
5921.0500 3.39996503
5921.1000 3.38286222
5921.1500 3.36575941
5921.2000 3.34865659
5921.2500 3.33155378
5921.3000 3.32377024
5921.3500 3.336794
5921.4000 3.34981776
5921.4500 3.36284153
5921.5000 3.37586529
5921.5500 3.38632069
5921.6000 3.39314168
5921.6500 3.39996266
5921.7000 3.40678364
5921.7500 3.41360463
5921.8000 3.39184197
5921.8500 3.34373317
5921.9000 3.29562437
5921.9500 3.24751557
5922.0000 3.19940676
5922.0500 3.18815849
5922.1000 3.19872239
5922.1500 3.2092863
5922.2000 3.2198502
5922.2500 3.2304141
5922.3000 3.23259618
5922.3500 3.23179775
5922.4000 3.23099932
5922.4500 3.2302009
5922.5000 3.22940247
5922.5500 3.23679494
5922.6000 3.24564756
5922.6500 3.25450019
5922.7000 3.26335282
5922.7500 3.27220544
5922.8000 3.30425431
5922.8500 3.33723709
5922.9000 3.37021987
5922.9500 3.40320265
5923.0000 3.4300879
5923.0500 3.38226877
5923.1000 3.33444965
5923.1500 3.28663052
5923.2000 3.23881139
5923.2500 3.19753163
5923.3000 3.18391364
5923.3500 3.17029566
5923.4000 3.15667767
5923.4500 3.14305969
5923.5000 3.13027741
5923.5500 3.11936822
5923.6000 3.10845903
5923.6500 3.09754983
5923.7000 3.08664064
5923.7500 3.08293739
5923.8000 3.0888878
5923.8500 3.09483821
5923.9000 3.10078862
5923.9500 3.10673903
5924.0000 3.10818303
5924.0500 3.10590818
5924.1000 3.10363332
5924.1500 3.10135847
5924.2000 3.09908362
5924.2500 3.0994402
5924.3000 3.10109334
5924.3500 3.10274649
5924.4000 3.10439964
5924.4500 3.10605279
5924.5000 3.12253471
5924.5500 3.14287488
5924.6000 3.16321505
5924.6500 3.18355522
5924.7000 3.20389539
5924.7500 3.19178176
5924.8000 3.17679721
5924.8500 3.16181266
5924.9000 3.14682812
5924.9500 3.13410209
5925.0000 3.16875601
5925.0500 3.20340993
5925.1000 3.23806385
5925.1500 3.27271777
5925.2000 3.30140989
5925.2500 3.30177078
5925.3000 3.30213166
5925.3500 3.30249254
5925.4000 3.30285342
5925.4500 3.31100314
5925.5000 3.33700413
5925.5500 3.36300512
5925.6000 3.38900612
5925.6500 3.41500711
5925.7000 3.4271012
5925.7500 3.42115291
5925.8000 3.41520462
5925.8500 3.40925634
5925.9000 3.40330805
5925.9500 3.40123899
5926.0000 3.40211595
5926.0500 3.40299291
5926.1000 3.40386987
5926.1500 3.40474683
5926.2000 3.38961607
5926.2500 3.36772335
5926.3000 3.34583063
5926.3500 3.3239379
5926.4000 3.30204518
5926.4500 3.32982482
5926.5000 3.36711727
5926.5500 3.40440973
5926.6000 3.44170218
5926.6500 3.47899464
5926.7000 3.46019299
5926.7500 3.44007625
5926.8000 3.41995951
5926.8500 3.39984276
5926.9000 3.38231043
5926.9500 3.38437837
5927.0000 3.3864463
5927.0500 3.38851424
5927.1000 3.39058217
5927.1500 3.38659998
5927.2000 3.36517035
5927.2500 3.34374072
5927.3000 3.32231108
5927.3500 3.30088145
5927.4000 3.29065797
5927.4500 3.29724069
5927.5000 3.30382342
5927.5500 3.31040614
5927.6000 3.31698886
5927.6500 3.31764693
5927.7000 3.31334253
5927.7500 3.30903813
5927.8000 3.30473374
5927.8500 3.30042934
5927.9000 3.28181543
5927.9500 3.25677013
5928.0000 3.23172482
5928.0500 3.20667952
5928.1000 3.18163421
5928.1500 3.15215435
5928.2000 3.12181232
5928.2500 3.0914703
5928.3000 3.06112827
5928.3500 3.03078625
5928.4000 3.07963339
5928.4500 3.12959512
5928.5000 3.17955686
5928.5500 3.2295186
5928.6000 3.27264228
5928.6500 3.27254372
5928.7000 3.27244517
5928.7500 3.27234661
5928.8000 3.27224805
5928.8500 3.2769072
5928.9000 3.29329092
5928.9500 3.30967464
5929.0000 3.32605837
5929.0500 3.34244209
5929.1000 3.34678066
5929.1500 3.33593134
5929.2000 3.32508202
5929.2500 3.3142327
5929.3000 3.30338338
5929.3500 3.31748371
5929.4000 3.34838927
5929.4500 3.37929483
5929.5000 3.41020039
5929.5500 3.44110595
5929.6000 3.43094512
5929.6500 3.40741047
5929.7000 3.38387582
5929.7500 3.36034117
5929.8000 3.33680652
5929.8500 3.33612566
5929.9000 3.33762978
5929.9500 3.33913389
5930.0000 3.340638
5930.0500 3.34267439
5930.1000 3.35149796
5930.1500 3.36032154
5930.2000 3.36914512
5930.2500 3.37796869
5930.3000 3.38510608
5930.3500 3.38673257
5930.4000 3.38835906
5930.4500 3.38998555
5930.5000 3.39161204
5930.5500 3.38220128
5930.6000 3.35605715
5930.6500 3.32991303
5930.7000 3.30376891
5930.7500 3.27762479
5930.8000 3.27035948
5930.8500 3.27779646
5930.9000 3.28523344
5930.9500 3.29267042
5931.0000 3.3001074
5931.0500 3.30033058
5931.1000 3.2978655
5931.1500 3.29540042
5931.2000 3.29293534
5931.2500 3.29047026
5931.3000 3.27258853
5931.3500 3.25292565
5931.4000 3.23326277
5931.4500 3.21359988
5931.5000 3.1959501
5931.5500 3.20681856
5931.6000 3.21768702
5931.6500 3.22855547
5931.7000 3.23942393
5931.7500 3.23521758
5931.8000 3.1824868
5931.8500 3.12975602
5931.9000 3.07702525
5931.9500 3.02429447
5932.0000 3.00434858
5932.0500 3.03163762
5932.1000 3.05892666
5932.1500 3.0862157
5932.2000 3.11350474
5932.2500 3.11723731
5932.3000 3.10418856
5932.3500 3.0911398
5932.4000 3.07809105
5932.4500 3.0650423
5932.5000 3.07274827
5932.5500 3.08701412
5932.6000 3.10127996
5932.6500 3.11554581
5932.7000 3.12981165
5932.7500 3.13104985
5932.8000 3.13141642
5932.8500 3.13178299
5932.9000 3.13214956
5932.9500 3.13686271
5933.0000 3.17459338
5933.0500 3.21232406
5933.1000 3.25005473
5933.1500 3.2877854
5933.2000 3.30547843
5933.2500 3.27573346
5933.3000 3.24598849
5933.3500 3.21624352
5933.4000 3.18649855
5933.4500 3.17292637
5933.5000 3.17693213
5933.5500 3.1809379
5933.6000 3.18494366
5933.6500 3.18894943
5933.7000 3.19606669
5933.7500 3.20476553
5933.8000 3.21346438
5933.8500 3.22216322
5933.9000 3.23086207
5933.9500 3.22684416
5934.0000 3.22055394
5934.0500 3.21426372
5934.1000 3.20797351
5934.1500 3.20155488
5934.2000 3.19163724
5934.2500 3.18171961
5934.3000 3.17180197
5934.3500 3.16188433
5934.4000 3.16005715
5934.4500 3.18625916
5934.5000 3.21246117
5934.5500 3.23866318
5934.6000 3.26486519
5934.6500 3.27047278
5934.7000 3.2469507
5934.7500 3.22342861
5934.8000 3.19990653
5934.8500 3.17638444
5934.9000 3.1737945
5934.9500 3.1848167
5935.0000 3.19583891
5935.0500 3.20686111
5935.1000 3.21788332
5935.1500 3.20142574
5935.2000 3.17806907
5935.2500 3.1547124
5935.3000 3.13135573
5935.3500 3.10799906
5935.4000 3.11553874
5935.4500 3.12325595
5935.5000 3.13097315
5935.5500 3.13869036
5935.6000 3.1447019
5935.6500 3.14348172
5935.7000 3.14226154
5935.7500 3.14104136
5935.8000 3.13982118
5935.8500 3.13236775
5935.9000 3.11512386
5935.9500 3.09787996
5936.0000 3.08063607
5936.0500 3.06339218
5936.1000 3.07088202
5936.1500 3.09564857
5936.2000 3.12041511
5936.2500 3.14518165
5936.3000 3.16994819
5936.3500 3.17413952
5936.4000 3.17286474
5936.4500 3.17158996
5936.5000 3.17031518
5936.5500 3.1690404
5936.6000 3.17506729
5936.6500 3.18114536
5936.7000 3.18722342
5936.7500 3.19330148
5936.8000 3.19854674
5936.8500 3.20040976
5936.9000 3.20227278
5936.9500 3.2041358
5937.0000 3.20599883
5937.0500 3.19799179
5937.1000 3.17540685
5937.1500 3.15282192
5937.2000 3.13023699
5937.2500 3.10765206
5937.3000 3.1052041
5937.3500 3.11555226
5937.4000 3.12590042
5937.4500 3.13624857
5937.5000 3.14659673
5937.5500 3.14538459
5937.6000 3.14164828
5937.6500 3.13791197
5937.7000 3.13417565
5937.7500 3.1302129
5937.8000 3.11933622
5937.8500 3.10845954
5937.9000 3.09758286
5937.9500 3.08670618
5938.0000 3.08256845
5938.0500 3.09928305
5938.1000 3.11599765
5938.1500 3.13271226
5938.2000 3.14942686
5938.2500 3.15771152
5938.3000 3.15603501
5938.3500 3.1543585
5938.4000 3.15268199
5938.4500 3.15100549
5938.5000 3.16113845
5938.5500 3.17698087
5938.6000 3.1928233
5938.6500 3.20866572
5938.7000 3.22450815
5938.7500 3.22255444
5938.8000 3.21843317
5938.8500 3.2143119
5938.9000 3.21019063
5938.9500 3.20491741
5939.0000 3.19035728
5939.0500 3.17579715
5939.1000 3.16123702
5939.1500 3.14667689
5939.2000 3.13667953
5939.2500 3.13590916
5939.3000 3.1351388
5939.3500 3.13436844
5939.4000 3.13359808
5939.4500 3.11790846
5939.5000 3.09015984
5939.5500 3.06241122
5939.6000 3.0346626
5939.6500 3.00691398
5939.7000 3.018263
5939.7500 3.04084988
5939.8000 3.06343676
5939.8500 3.08602364
5939.9000 3.10848708
5939.9500 3.07155047
5940.0000 3.03461385
5940.0500 2.99767724
5940.1000 2.96074062
5940.1500 2.93372097
5940.2000 2.94008822
5940.2500 2.94645548
5940.3000 2.95282273
5940.3500 2.95918998
5940.4000 2.96643505
5940.4500 2.97472085
5940.5000 2.98300664
5940.5500 2.99129243
5940.6000 2.99957823
5940.6500 2.97862323
5940.7000 2.94438854
5940.7500 2.91015385
5940.8000 2.87591915
5940.8500 2.84168446
5940.9000 2.81981011
5940.9500 2.79901887
5941.0000 2.77822763
5941.0500 2.7574364
5941.1000 2.74174427
5941.1500 2.75432863
5941.2000 2.766913
5941.2500 2.77949736
5941.3000 2.79208172
5941.3500 2.80878022
5941.4000 2.83197535
5941.4500 2.85517048
5941.5000 2.87836561
5941.5500 2.90156074
5941.6000 2.91945888
5941.6500 2.93416919
5941.7000 2.94887949
5941.7500 2.96358979
5941.8000 2.9783001
5941.8500 2.96604602
5941.9000 2.94949151
5941.9500 2.932937
5942.0000 2.91638249
5942.0500 2.89719353
5942.1000 2.85486643
5942.1500 2.81253933
5942.2000 2.77021223
5942.2500 2.72788513
5942.3000 2.70660472
5942.3500 2.72553248
5942.4000 2.74446024
5942.4500 2.763388
5942.5000 2.78231576
5942.5500 2.80306009
5942.6000 2.82508478
5942.6500 2.84710948
5942.7000 2.86913417
5942.7500 2.89115886
5942.8000 2.90263304
5942.8500 2.91196399
5942.9000 2.92129494
5942.9500 2.93062588
5943.0000 2.94164286
5943.0500 2.97277068
5943.1000 3.00389851
5943.1500 3.03502633
5943.2000 3.06615415
5943.2500 3.09075487
5943.3000 3.10180871
5943.3500 3.11286255
5943.4000 3.12391639
5943.4500 3.13497024
5943.5000 3.14568674
5943.5500 3.15615346
5943.6000 3.16662017
5943.6500 3.17708689
5943.7000 3.18755361
5943.7500 3.1752164
5943.8000 3.15806137
5943.8500 3.14090635
5943.9000 3.12375132
5943.9500 3.10880287
5944.0000 3.11986348
5944.0500 3.13092409
5944.1000 3.1419847
5944.1500 3.15304531
5944.2000 3.14811198
5944.2500 3.11106166
5944.3000 3.07401134
5944.3500 3.03696102
5944.4000 2.9999107
5944.4500 2.98071535
5944.5000 2.97401602
5944.5500 2.96731669
5944.6000 2.96061736
5944.6500 2.95391803
5944.7000 2.94144367
5944.7500 2.92791595
5944.8000 2.91438823
5944.8500 2.9008605
5944.9000 2.89210462
5944.9500 2.92410912
5945.0000 2.95611362
5945.0500 2.98811813
5945.1000 3.02012263
5945.1500 3.03009457
5945.2000 3.00181456
5945.2500 2.97353455
5945.3000 2.94525453
5945.3500 2.91697452
5945.4000 2.90086901
5945.4500 2.89198249
5945.5000 2.88309597
5945.5500 2.87420945
5945.6000 2.86532293
5945.6500 2.83687319
5945.7000 2.80604643
5945.7500 2.77521967
5945.8000 2.74439292
5945.8500 2.7226806
5945.9000 2.74984521
5945.9500 2.77700983
5946.0000 2.80417445
5946.0500 2.83133906
5946.1000 2.85798837
5946.1500 2.88393846
5946.2000 2.90988856
5946.2500 2.93583865
5946.3000 2.96178874
5946.3500 2.98649502
5946.4000 3.01065034
5946.4500 3.03480567
5946.5000 3.058961
5946.5500 3.08311632
5946.6000 3.03495559
5946.6500 2.98404531
5946.7000 2.93313504
5946.7500 2.88222477
5946.8000 2.84505388
5946.8500 2.85252655
5946.9000 2.85999923
5946.9500 2.86747191
5947.0000 2.87494459
5947.0500 2.88570041
5947.1000 2.89962446
5947.1500 2.91354851
5947.2000 2.92747255
5947.2500 2.9413966
5947.3000 2.964893
5947.3500 2.99102521
5947.4000 3.01715741
5947.4500 3.04328962
5947.5000 3.06797965
5947.5500 3.07043025
5947.6000 3.07288085
5947.6500 3.07533144
5947.7000 3.07778204
5947.7500 3.08216278
5947.8000 3.09030172
5947.8500 3.09844066
5947.9000 3.10657959
5947.9500 3.11471853
5948.0000 3.1053419
5948.0500 3.08520029
5948.1000 3.06505868
5948.1500 3.04491707
5948.2000 3.02477546
5948.2500 3.04463104
5948.3000 3.06888145
5948.3500 3.09313186
5948.4000 3.11738227
5948.4500 3.12742473
5948.5000 3.07456926
5948.5500 3.0217138
5948.6000 2.96885833
5948.6500 2.91600286
5948.7000 2.88425906
5948.7500 2.87640364
5948.8000 2.86854822
5948.8500 2.8606928
5948.9000 2.85283737
5948.9500 2.85443613
5949.0000 2.85909208
5949.0500 2.86374803
5949.1000 2.86840398
5949.1500 2.8723913
5949.2000 2.86176901
5949.2500 2.85114672
5949.3000 2.84052443
5949.3500 2.82990214
5949.4000 2.8265183
5949.4500 2.83760065
5949.5000 2.848683
5949.5500 2.85976535
5949.6000 2.87084769
5949.6500 2.87094766
5949.7000 2.864454
5949.7500 2.85796034
5949.8000 2.85146668
5949.8500 2.84497301
5949.9000 2.84752608
5949.9500 2.85088915
5950.0000 2.85425222
5950.0500 2.85761529
5950.1000 2.86299456
5950.1500 2.87584954
5950.2000 2.88870451
5950.2500 2.90155949
5950.3000 2.91441446
5950.3500 2.9120765
5950.4000 2.89506071
5950.4500 2.87804491
5950.5000 2.86102912
5950.5500 2.84401332
5950.6000 2.84042712
5950.6500 2.84006403
5950.7000 2.83970094
5950.7500 2.83933785
5950.8000 2.84202224
5950.8500 2.87043583
5950.9000 2.89884942
5950.9500 2.92726301
5951.0000 2.9556766
5951.0500 2.95381478
5951.1000 2.9078364
5951.1500 2.86185801
5951.2000 2.81587962
5951.2500 2.76990123
5951.3000 2.77138646
5951.3500 2.79229003
5951.4000 2.81319359
5951.4500 2.83409716
5951.5000 2.85498852
5951.5500 2.87501891
5951.6000 2.8950493
5951.6500 2.91507969
5951.7000 2.93511007
5951.7500 2.94545523
5951.8000 2.93521071
5951.8500 2.92496619
5951.9000 2.91472168
5951.9500 2.90447716
5952.0000 2.90529552
5952.0500 2.91268206
5952.1000 2.92006859
5952.1500 2.92745513
5952.2000 2.93484167
5952.2500 2.94812618
5952.3000 2.96180964
5952.3500 2.9754931
5952.4000 2.98917656
5952.4500 3.00019729
5952.5000 3.00311992
5952.5500 3.00604255
5952.6000 3.00896518
5952.6500 3.01188781
5952.7000 3.00534905
5952.7500 2.9913725
5952.8000 2.97739596
5952.8500 2.96341941
5952.9000 2.94944286
5952.9500 2.94360953
5953.0000 2.938951
5953.0500 2.93429247
5953.1000 2.92963394
5953.1500 2.92880672
5953.2000 2.94435609
5953.2500 2.95990547
5953.3000 2.97545485
5953.3500 2.99100423
5953.4000 2.99793113
5953.4500 2.99647006
5953.5000 2.99500899
5953.5500 2.99354791
5953.6000 2.99208684
5953.6500 2.97096919
5953.7000 2.94570548
5953.7500 2.92044177
5953.8000 2.89517806
5953.8500 2.8793637
5953.9000 2.91866097
5953.9500 2.95795824
5954.0000 2.99725551
5954.0500 3.03655277
5954.1000 3.04770241
5954.1500 3.0269241
5954.2000 3.00614579
5954.2500 2.98536748
5954.3000 2.96458917
5954.3500 2.95114418
5954.4000 2.93962118
5954.4500 2.92809818
5954.5000 2.91657518
5954.5500 2.90240183
5954.6000 2.86837317
5954.6500 2.83434451
5954.7000 2.80031585
5954.7500 2.76628719
5954.8000 2.7476327
5954.8500 2.74816697
5954.9000 2.74870124
5954.9500 2.74923551
5955.0000 2.74976978
5955.0500 2.78863349
5955.1000 2.83872116
5955.1500 2.88880883
5955.2000 2.93889651
5955.2500 2.98408404
5955.3000 2.98696692
5955.3500 2.9898498
5955.4000 2.99273268
5955.4500 2.99561557
5955.5000 2.99346861
5955.5500 2.98480834
5955.6000 2.97614807
5955.6500 2.96748781
5955.7000 2.95882754
5955.7500 2.94672594
5955.8000 2.93359238
5955.8500 2.92045883
5955.9000 2.90732527
5955.9500 2.89594752
5956.0000 2.89961572
5956.0500 2.90328392
5956.1000 2.90695211
5956.1500 2.91062031
5956.2000 2.90794646
5956.2500 2.89724418
5956.3000 2.88654191
5956.3500 2.87583964
5956.4000 2.86513736
5956.4500 2.89104807
5956.5000 2.92729889
5956.5500 2.96354971
5956.6000 2.99980052
5956.6500 3.02859069
5956.7000 3.00259726
5956.7500 2.97660382
5956.8000 2.95061039
5956.8500 2.92461696
5956.9000 2.92205702
5956.9500 2.94683222
5957.0000 2.97160742
5957.0500 2.99638262
5957.1000 3.02115782
5957.1500 3.00418073
5957.2000 2.9770845
5957.2500 2.94998827
5957.3000 2.92289204
5957.3500 2.90220823
5957.4000 2.91789153
5957.4500 2.93357482
5957.5000 2.94925812
5957.5500 2.96494141
5957.6000 2.94497668
5957.6500 2.88886158
5957.7000 2.83274648
5957.7500 2.77663139
5957.8000 2.72051629
5957.8500 2.72112639
5957.9000 2.73216226
5957.9500 2.74319813
5958.0000 2.75423401
5958.0500 2.76544311
5958.1000 2.77736913
5958.1500 2.78929515
5958.2000 2.80122117
5958.2500 2.81314718
5958.3000 2.79987334
5958.3500 2.76565572
5958.4000 2.73143811
5958.4500 2.6972205
5958.5000 2.66300289
5958.5500 2.6957275
5958.6000 2.73595166
5958.6500 2.77617582
5958.7000 2.81639999
5958.7500 2.85592545
5958.8000 2.89339913
5958.8500 2.9308728
5958.9000 2.96834648
5958.9500 3.00582016
5959.0000 3.00935075
5959.0500 2.99121955
5959.1000 2.97308835
5959.1500 2.95495715
5959.2000 2.93682595
5959.2500 2.93332911
5959.3000 2.93030867
5959.3500 2.92728822
5959.4000 2.92426778
5959.4500 2.91891128
5959.5000 2.90877195
5959.5500 2.89863261
5959.6000 2.88849328
5959.6500 2.87835395
5959.7000 2.86971086
5959.7500 2.86174171
5959.8000 2.85377256
5959.8500 2.84580341
5959.9000 2.83852834
5959.9500 2.84380378
5960.0000 2.84907921
5960.0500 2.85435465
5960.1000 2.85963009
5960.1500 2.87292567
5960.2000 2.8974347
5960.2500 2.92194373
5960.3000 2.94645276
5960.3500 2.97096179
5960.4000 2.98614189
5960.4500 2.99873969
5960.5000 3.0113375
5960.5500 3.02393531
5960.6000 3.029978
5960.6500 2.99918173
5960.7000 2.96838547
5960.7500 2.93758921
5960.8000 2.90679295
5960.8500 2.9028264
5960.9000 2.92357097
5960.9500 2.94431554
5961.0000 2.96506011
5961.0500 2.98580468
5961.1000 2.97380718
5961.1500 2.95783232
5961.2000 2.94185746
5961.2500 2.9258826
5961.3000 2.90958466
5961.3500 2.89238811
5961.4000 2.87519156
5961.4500 2.857995
5961.5000 2.84079845
5961.5500 2.83825316
5961.6000 2.84399017
5961.6500 2.84972717
5961.7000 2.85546418
5961.7500 2.86128572
5961.8000 2.87269501
5961.8500 2.88410431
5961.9000 2.89551361
5961.9500 2.90692291
5962.0000 2.90842283
5962.0500 2.89459087
5962.1000 2.88075891
5962.1500 2.86692695
5962.2000 2.85309498
5962.2500 2.86602787
5962.3000 2.88686943
5962.3500 2.90771099
5962.4000 2.92855254
5962.4500 2.94796939
5962.5000 2.95949144
5962.5500 2.97101349
5962.6000 2.98253555
5962.6500 2.9940576
5962.7000 2.99207329
5962.7500 2.97837237
5962.8000 2.96467145
5962.8500 2.95097053
5962.9000 2.93726961
5962.9500 2.93870542
5963.0000 2.94146241
5963.0500 2.94421939
5963.1000 2.94697638
5963.1500 2.94608818
5963.2000 2.93691758
5963.2500 2.92774698
5963.3000 2.91857638
5963.3500 2.90940578
5963.4000 2.90608352
5963.4500 2.90535042
5963.5000 2.90461731
5963.5500 2.9038842
5963.6000 2.90380092
5963.6500 2.91096294
5963.7000 2.91812497
5963.7500 2.925287
5963.8000 2.93244903
5963.8500 2.93865064
5963.9000 2.9437827
5963.9500 2.94891476
5964.0000 2.95404682
5964.0500 2.95917888
5964.1000 2.98254783
5964.1500 3.00874901
5964.2000 3.03495018
5964.2500 3.06115136
5964.3000 3.07044966
5964.3500 3.03155778
5964.4000 2.99266589
5964.4500 2.95377401
5964.5000 2.91488213
5964.5500 2.91549759
5964.6000 2.93688418
5964.6500 2.95827077
5964.7000 2.97965736
5964.7500 2.99867349
5964.8000 2.97516429
5964.8500 2.95165509
5964.9000 2.9281459
5964.9500 2.9046367
5965.0000 2.88908814
5965.0500 2.88319763
5965.1000 2.87730713
5965.1500 2.87141662
5965.2000 2.86552612
5965.2500 2.85138409
5965.3000 2.83581441
5965.3500 2.82024473
5965.4000 2.80467505
5965.4500 2.79555662
5965.5000 2.80530352
5965.5500 2.81505043
5965.6000 2.82479733
5965.6500 2.83454423
5965.7000 2.84418179
5965.7500 2.85376272
5965.8000 2.86334365
5965.8500 2.87292459
5965.9000 2.88175855
5965.9500 2.87974042
5966.0000 2.8777223
5966.0500 2.87570418
5966.1000 2.87368605
5966.1500 2.85813227
5966.2000 2.82741602
5966.2500 2.79669976
5966.3000 2.76598351
5966.3500 2.73526726
5966.4000 2.75083283
5966.4500 2.77267609
5966.5000 2.79451935
5966.5500 2.81636261
5966.6000 2.83049814
5966.6500 2.82586449
5966.7000 2.82123084
5966.7500 2.81659719
5966.8000 2.81196355
5966.8500 2.8254452
5966.9000 2.84656875
5966.9500 2.86769231
5967.0000 2.88881586
5967.0500 2.90414695
5967.1000 2.8758283
5967.1500 2.84750965
5967.2000 2.81919099
5967.2500 2.79087234
5967.3000 2.77955644
5967.3500 2.78315878
5967.4000 2.78676112
5967.4500 2.79036346
5967.5000 2.7939658
5967.5500 2.76658366
5967.6000 2.7375637
5967.6500 2.70854373
5967.7000 2.67952377
5967.7500 2.65840792
5967.8000 2.65083235
5967.8500 2.64325679
5967.9000 2.63568122
5967.9500 2.62810565
5968.0000 2.61797228
5968.0500 2.607155
5968.1000 2.59633772
5968.1500 2.58552045
5968.2000 2.58078938
5968.2500 2.59880029
5968.3000 2.6168112
5968.3500 2.63482211
5968.4000 2.65283302
5968.4500 2.66811186
5968.5000 2.68181936
5968.5500 2.69552686
5968.6000 2.70923437
5968.6500 2.72322502
5968.7000 2.74163178
5968.7500 2.76003853
5968.8000 2.77844528
5968.8500 2.79685204
5968.9000 2.80590182
5968.9500 2.80510683
5969.0000 2.80431184
5969.0500 2.80351685
5969.1000 2.80272186
5969.1500 2.80750331
5969.2000 2.81279618
5969.2500 2.81808906
5969.3000 2.82338193
5969.3500 2.8200551
5969.4000 2.80046001
5969.4500 2.78086491
5969.5000 2.76126982
5969.5500 2.74167472
5969.6000 2.75351368
5969.6500 2.77430467
5969.7000 2.79509565
5969.7500 2.81588663
5969.8000 2.82491199
5969.8500 2.79020226
5969.9000 2.75549253
5969.9500 2.7207828
5970.0000 2.68607307
5970.0500 2.6846
5970.1000 2.70123726
5970.1500 2.71787453
5970.2000 2.7345118
5970.2500 2.74826762
5970.3000 2.73070506
5970.3500 2.7131425
5970.4000 2.69557994
5970.4500 2.67801738
5970.5000 2.68168831
5970.5500 2.70473565
5970.6000 2.72778299
5970.6500 2.75083033
5970.7000 2.77387768
5970.7500 2.75995453
5970.8000 2.74461612
5970.8500 2.72927772
5970.9000 2.71393932
5970.9500 2.70192086
5971.0000 2.69477881
5971.0500 2.68763677
5971.1000 2.68049473
5971.1500 2.67335268
5971.2000 2.66208878
5971.2500 2.65008965
5971.3000 2.63809051
5971.3500 2.62609138
5971.4000 2.62863458
5971.4500 2.6661232
5971.5000 2.70361182
5971.5500 2.74110044
5971.6000 2.77858906
5971.6500 2.79152707
5971.7000 2.7958725
5971.7500 2.80021792
5971.8000 2.80456335
5971.8500 2.80344868
5971.9000 2.77894842
5971.9500 2.75444815
5972.0000 2.72994789
5972.0500 2.70544763
5972.1000 2.70080038
5972.1500 2.70734539
5972.2000 2.7138904
5972.2500 2.72043542
5972.3000 2.72506828
5972.3500 2.71067926
5972.4000 2.69629024
5972.4500 2.68190122
5972.5000 2.6675122
5972.5500 2.65981754
5972.6000 2.65771501
5972.6500 2.65561249
5972.7000 2.65350996
5972.7500 2.65140793
5972.8000 2.66778773
5972.8500 2.68416754
5972.9000 2.70054735
5972.9500 2.71692716
5973.0000 2.73635855
5973.0500 2.7594179
5973.1000 2.78247724
5973.1500 2.80553659
5973.2000 2.82859594
5973.2500 2.84419031
5973.3000 2.85909428
5973.3500 2.87399825
5973.4000 2.88890222
5973.4500 2.88968403
5973.5000 2.86697808
5973.5500 2.84427213
5973.6000 2.82156618
5973.6500 2.79886023
5973.7000 2.76191854
5973.7500 2.72221056
5973.8000 2.68250257
5973.8500 2.64279459
5973.9000 2.61613343
5973.9500 2.61980472
5974.0000 2.623476
5974.0500 2.62714729
5974.1000 2.63081858
5974.1500 2.66560277
5974.2000 2.70989738
5974.2500 2.754192
5974.3000 2.79848662
5974.3500 2.82702619
5974.4000 2.80360777
5974.4500 2.78018936
5974.5000 2.75677094
5974.5500 2.73335253
5974.6000 2.73556382
5974.6500 2.74870075
5974.7000 2.76183768
5974.7500 2.77497461
5974.8000 2.78005137
5974.8500 2.74611583
5974.9000 2.7121803
5974.9500 2.67824477
5975.0000 2.64430923
5975.0500 2.63005404
5975.1000 2.62672561
5975.1500 2.62339718
5975.2000 2.62006876
5975.2500 2.61592224
5975.3000 2.6055674
5975.3500 2.59521257
5975.4000 2.58485773
5975.4500 2.5745029
5975.5000 2.58701858
5975.5500 2.61532737
5975.6000 2.64363616
5975.6500 2.67194495
5975.7000 2.69904935
5975.7500 2.70971972
5975.8000 2.7203901
5975.8500 2.73106047
5975.9000 2.74173084
5975.9500 2.74614975
5976.0000 2.74538526
5976.0500 2.74462077
5976.1000 2.74385628
5976.1500 2.74230534
5976.2000 2.7121812
5976.2500 2.68205706
5976.3000 2.65193292
5976.3500 2.62180879
5976.4000 2.60095296
5976.4500 2.58905433
5976.5000 2.5771557
5976.5500 2.56525707
5976.6000 2.55335844
5976.6500 2.55999512
5976.7000 2.56678226
5976.7500 2.57356941
5976.8000 2.58035655
5976.8500 2.5913768
5976.9000 2.60703793
5976.9500 2.62269906
5977.0000 2.63836019
5977.0500 2.65402132
5977.1000 2.65183538
5977.1500 2.64897848
5977.2000 2.64612157
5977.2500 2.64326467
5977.3000 2.64154072
5977.3500 2.64118939
5977.4000 2.64083806
5977.4500 2.64048673
5977.5000 2.6401354
5977.5500 2.6292466
5977.6000 2.61771196
5977.6500 2.60617732
5977.7000 2.59464268
5977.7500 2.59231418
5977.8000 2.60199238
5977.8500 2.61167058
5977.9000 2.62134878
5977.9500 2.63102698
5978.0000 2.65450353
5978.0500 2.67906032
5978.1000 2.70361711
5978.1500 2.7281739
5978.2000 2.74841563
5978.2500 2.76275853
5978.3000 2.77710143
5978.3500 2.79144434
5978.4000 2.80578724
5978.4500 2.80020216
5978.5000 2.79286566
5978.5500 2.78552915
5978.6000 2.77819264
5978.6500 2.77757683
5978.7000 2.7863331
5978.7500 2.79508938
5978.8000 2.80384565
5978.8500 2.81260193
5978.9000 2.77173166
5978.9500 2.72641083
5979.0000 2.68109
5979.0500 2.63576917
5979.1000 2.61448252
5979.1500 2.62646147
5979.2000 2.63844041
5979.2500 2.65041936
5979.3000 2.6623983
5979.3500 2.67798003
5979.4000 2.6938629
5979.4500 2.70974577
5979.5000 2.72562865
5979.5500 2.73464589
5979.6000 2.73448559
5979.6500 2.73432529
5979.7000 2.73416499
5979.7500 2.73400469
5979.8000 2.74230126
5979.8500 2.75118861
5979.9000 2.76007597
5979.9500 2.76896332
5980.0000 2.75892102
5980.0500 2.72509009
5980.1000 2.69125916
5980.1500 2.65742823
5980.2000 2.62359731
5980.2500 2.67174007
5980.3000 2.72390541
5980.3500 2.77607074
5980.4000 2.82823608
5980.4500 2.83506892
5980.5000 2.78974312
5980.5500 2.74441731
5980.6000 2.69909151
5980.6500 2.65376571
5980.7000 2.65789059
5980.7500 2.66310567
5980.8000 2.66832074
5980.8500 2.67353581
5980.9000 2.65737709
5980.9500 2.61928504
5981.0000 2.581193
5981.0500 2.54310096
5981.1000 2.50594513
5981.1500 2.55854871
5981.2000 2.61115228
5981.2500 2.66375586
5981.3000 2.71635943
5981.3500 2.73948583
5981.4000 2.73634356
5981.4500 2.73320129
5981.5000 2.73005902
5981.5500 2.72771351
5981.6000 2.74086282
5981.6500 2.75401212
5981.7000 2.76716143
5981.7500 2.78031073
5981.8000 2.76960793
5981.8500 2.74096334
5981.9000 2.71231874
5981.9500 2.68367415
5982.0000 2.65862497
5982.0500 2.66815487
5982.1000 2.67768478
5982.1500 2.68721468
5982.2000 2.69674459
5982.2500 2.71136691
5982.3000 2.72911923
5982.3500 2.74687155
5982.4000 2.76462387
5982.4500 2.77588638
5982.5000 2.74923581
5982.5500 2.72258524
5982.6000 2.69593467
5982.6500 2.66928411
5982.7000 2.6812472
5982.7500 2.71183116
5982.8000 2.74241513
5982.8500 2.77299909
5982.9000 2.7917112
5982.9500 2.76433603
5983.0000 2.73696085
5983.0500 2.70958568
5983.1000 2.68221051
5983.1500 2.68551522
5983.2000 2.69978609
5983.2500 2.71405697
5983.3000 2.72832784
5983.3500 2.72948576
5983.4000 2.6952276
5983.4500 2.66096944
5983.5000 2.62671127
5983.5500 2.59245311
5983.6000 2.58021754
5983.6500 2.57330267
5983.7000 2.56638779
5983.7500 2.55947291
5983.8000 2.57077843
5983.8500 2.61709421
5983.9000 2.66340999
5983.9500 2.70972577
5984.0000 2.75604154
5984.0500 2.75069482
5984.1000 2.73835979
5984.1500 2.72602475
5984.2000 2.71368972
5984.2500 2.69807044
5984.3000 2.67793592
5984.3500 2.65780141
5984.4000 2.63766689
5984.4500 2.61753237
5984.5000 2.50488478
5984.5500 2.3886824
5984.6000 2.27248002
5984.6500 2.15627764
5984.7000 2.16665248
5984.7500 2.30031195
5984.8000 2.43397143
5984.8500 2.56763091
5984.9000 2.69203553
5984.9500 2.64723432
5985.0000 2.6024331
5985.0500 2.55763189
5985.1000 2.51283068
5985.1500 2.49874112
5985.2000 2.50522779
5985.2500 2.51171446
5985.3000 2.51820113
5985.3500 2.52472045
5985.4000 2.53142861
5985.4500 2.53813677
5985.5000 2.54484493
5985.5500 2.55155308
5985.6000 2.54459617
5985.6500 2.5317198
5985.7000 2.51884343
5985.7500 2.50596706
5985.8000 2.50209878
5985.8500 2.52529252
5985.9000 2.54848626
5985.9500 2.57168
5986.0000 2.59487373
5986.0500 2.57194825
5986.1000 2.5377376
5986.1500 2.50352694
5986.2000 2.46931628
5986.2500 2.46895739
5986.3000 2.52910405
5986.3500 2.58925071
5986.4000 2.64939737
5986.4500 2.70954403
5986.5000 2.68474463
5986.5500 2.65213467
5986.6000 2.61952471
5986.6500 2.58691475
5986.7000 2.54717344
5986.7500 2.49953464
5986.8000 2.45189583
5986.8500 2.40425703
5986.9000 2.35931339
5986.9500 2.38888
5987.0000 2.41844661
5987.0500 2.44801321
5987.1000 2.47757982
5987.1500 2.49696804
5987.2000 2.50948515
5987.2500 2.52200225
5987.3000 2.53451935
5987.3500 2.543384
5987.4000 2.53318032
5987.4500 2.52297665
5987.5000 2.51277298
5987.5500 2.5025693
5987.6000 2.50324792
5987.6500 2.50802946
5987.7000 2.512811
5987.7500 2.51759254
5987.8000 2.51983347
5987.8500 2.51595384
5987.9000 2.51207421
5987.9500 2.50819459
5988.0000 2.50431496
5988.0500 2.52133002
5988.1000 2.54168596
5988.1500 2.56204189
5988.2000 2.58239783
5988.2500 2.59014409
5988.3000 2.58135485
5988.3500 2.57256561
5988.4000 2.56377637
5988.4500 2.5549773
5988.5000 2.54415691
5988.5500 2.53333651
5988.6000 2.52251611
5988.6500 2.51169572
5988.7000 2.50198395
5988.7500 2.49307925
5988.8000 2.48417454
5988.8500 2.47526984
5988.9000 2.46804102
5988.9500 2.46999998
5989.0000 2.47195894
5989.0500 2.47391791
5989.1000 2.47587687
5989.1500 2.48155898
5989.2000 2.48860763
5989.2500 2.49565627
5989.3000 2.50270492
5989.3500 2.50819556
5989.4000 2.5102255
5989.4500 2.51225545
5989.5000 2.51428539
5989.5500 2.51631533
5989.6000 2.51516911
5989.6500 2.51363456
5989.7000 2.51210001
5989.7500 2.51056547
5989.8000 2.51684316
5989.8500 2.53181233
5989.9000 2.5467815
5989.9500 2.56175067
5990.0000 2.57516415
5990.0500 2.56300958
5990.1000 2.55085502
5990.1500 2.53870046
5990.2000 2.52654589
5990.2500 2.52099247
5990.3000 2.51910349
5990.3500 2.5172145
5990.4000 2.51532552
5990.4500 2.51310105
5990.5000 2.50975599
5990.5500 2.50641093
5990.6000 2.50306587
5990.6500 2.49972081
5990.7000 2.48728031
5990.7500 2.47283602
5990.8000 2.45839172
5990.8500 2.44394742
5990.9000 2.45212529
5990.9500 2.49282832
5991.0000 2.53353134
5991.0500 2.57423436
5991.1000 2.61471023
5991.1500 2.56974628
5991.2000 2.52478232
5991.2500 2.47981837
5991.3000 2.43485442
5991.3500 2.44347617
5991.4000 2.48830362
5991.4500 2.53313106
5991.5000 2.57795851
5991.5500 2.60972872
5991.6000 2.58676113
5991.6500 2.56379355
5991.7000 2.54082596
5991.7500 2.51785838
5991.8000 2.37399025
5991.8500 2.19800508
5991.9000 2.02201991
5991.9500 1.84603474
5992.0000 1.80232918
5992.0500 1.96612353
5992.1000 2.12991789
5992.1500 2.29371224
5992.2000 2.4575066
5992.2500 2.45933573
5992.3000 2.45956242
5992.3500 2.45978912
5992.4000 2.46001582
5992.4500 2.47984421
5992.5000 2.51313783
5992.5500 2.54643145
5992.6000 2.57972507
5992.6500 2.61533677
5992.7000 2.66039333
5992.7500 2.7054499
5992.8000 2.75050647
5992.8500 2.79556304
5992.9000 2.74803025
5992.9500 2.67778785
5993.0000 2.60754545
5993.0500 2.53730304
5993.1000 2.50132791
5993.1500 2.51452151
5993.2000 2.52771512
5993.2500 2.54090872
5993.3000 2.55346387
5993.3500 2.53482908
5993.4000 2.51619429
5993.4500 2.4975595
5993.5000 2.47892471
5993.5500 2.46386613
5993.6000 2.45089787
5993.6500 2.43792961
5993.7000 2.42496135
5993.7500 2.42541983
5993.8000 2.46751134
5993.8500 2.50960284
5993.9000 2.55169435
5993.9500 2.59378586
5994.0000 2.59368289
5994.0500 2.58661381
5994.1000 2.57954472
5994.1500 2.57247563
5994.2000 2.55579161
5994.2500 2.52845645
5994.3000 2.50112129
5994.3500 2.47378613
5994.4000 2.45167088
5994.4500 2.48090916
5994.5000 2.51014744
5994.5500 2.53938573
5994.6000 2.56862401
5994.6500 2.58494877
5994.7000 2.59604489
5994.7500 2.60714101
5994.8000 2.61823714
5994.8500 2.61493658
5994.9000 2.58280213
5994.9500 2.55066769
5995.0000 2.51853325
5995.0500 2.4863988
5995.1000 2.46414806
5995.1500 2.44235283
5995.2000 2.4205576
5995.2500 2.39876238
5995.3000 2.38289793
5995.3500 2.37131829
5995.4000 2.35973866
5995.4500 2.34815902
5995.5000 2.34713042
5995.5500 2.38655208
5995.6000 2.42597374
5995.6500 2.46539541
5995.7000 2.50481707
5995.7500 2.50854364
5995.8000 2.50521119
5995.8500 2.50187873
5995.9000 2.49854628
5995.9500 2.50258794
5996.0000 2.51512727
5996.0500 2.5276666
5996.1000 2.54020593
5996.1500 2.54789787
5996.2000 2.50995238
5996.2500 2.47200689
5996.3000 2.4340614
5996.3500 2.39611591
5996.4000 2.42558732
5996.4500 2.48010423
5996.5000 2.53462114
5996.5500 2.58913804
5996.6000 2.62253231
5996.6500 2.61901012
5996.7000 2.61548793
5996.7500 2.61196574
5996.8000 2.60844493
5996.8500 2.60799772
5996.9000 2.60755051
5996.9500 2.60710329
5997.0000 2.60665608
5997.0500 2.57434097
5997.1000 2.52399563
5997.1500 2.47365029
5997.2000 2.42330495
5997.2500 2.39115844
5997.3000 2.40614241
5997.3500 2.42112637
5997.4000 2.43611033
5997.4500 2.45109429
5997.5000 2.45587945
5997.5500 2.45977997
5997.6000 2.46368048
5997.6500 2.467581
5997.7000 2.4543795
5997.7500 2.42793024
5997.8000 2.40148098
5997.8500 2.37503172
5997.9000 2.34940142
5997.9500 2.32687977
5998.0000 2.30435812
5998.0500 2.28183647
5998.1000 2.25931482
5998.1500 2.32512266
5998.2000 2.4058824
5998.2500 2.48664213
5998.3000 2.56740187
5998.3500 2.61132856
5998.4000 2.61895644
5998.4500 2.62658432
5998.5000 2.63421219
5998.5500 2.64082327
5998.6000 2.64183894
5998.6500 2.64285461
5998.7000 2.64387028
5998.7500 2.64488595
5998.8000 2.59854737
5998.8500 2.54078197
5998.9000 2.48301657
5998.9500 2.42525117
5999.0000 2.39562234
5999.0500 2.39913861
5999.1000 2.40265489
5999.1500 2.40617116
5999.2000 2.41093774
5999.2500 2.42538598
5999.3000 2.43983422
5999.3500 2.45428247
5999.4000 2.46873071
5999.4500 2.45244279
5999.5000 2.42704177
5999.5500 2.40164075
5999.6000 2.37623973
5999.6500 2.35469482
5999.7000 2.3382624
5999.7500 2.32182999
5999.8000 2.30539758
5999.8500 2.2886332
5999.9000 2.26852473
5999.9500 2.24841627
6000.0000 2.2283078
6000.0500 2.20819933
6000.1000 2.24011794
6000.1500 2.28916105
6000.2000 2.33820416
6000.2500 2.38724728
6000.3000 2.40466374
6000.3500 2.37770413
6000.4000 2.35074451
6000.4500 2.32378489
6000.5000 2.30216738
6000.5500 2.3406794
6000.6000 2.37919141
6000.6500 2.41770343
6000.7000 2.45621545
6000.7500 2.50686689
6000.8000 2.5615914
6000.8500 2.6163159
6000.9000 2.67104041
6000.9500 2.66473578
6001.0000 2.57333645
6001.0500 2.48193711
6001.1000 2.39053777
6001.1500 2.31003628
6001.2000 2.34213299
6001.2500 2.3742297
6001.3000 2.40632641
6001.3500 2.43842312
6001.4000 2.46883565
6001.4500 2.49871792
6001.5000 2.52860019
6001.5500 2.55848246
6001.6000 2.55605001
6001.6500 2.51156887
6001.7000 2.46708774
6001.7500 2.4226066
6001.8000 2.38738273
6001.8500 2.42685413
6001.9000 2.46632553
6001.9500 2.50579693
6002.0000 2.54526834
6002.0500 2.54383369
6002.1000 2.53137367
6002.1500 2.51891365
6002.2000 2.50645363
6002.2500 2.5018639
6002.3000 2.50626293
6002.3500 2.51066195
6002.4000 2.51506098
6002.4500 2.51349416
6002.5000 2.47749464
6002.5500 2.44149511
6002.6000 2.40549559
6002.6500 2.36949607
6002.7000 2.40926199
6002.7500 2.46452079
6002.8000 2.51977958
6002.8500 2.57503837
6002.9000 2.57101089
6002.9500 2.51103825
6003.0000 2.45106561
6003.0500 2.39109297
6003.1000 2.34465396
6003.1500 2.35218904
6003.2000 2.35972412
6003.2500 2.3672592
6003.3000 2.37479428
6003.3500 2.36968632
6003.4000 2.36298639
6003.4500 2.35628647
6003.5000 2.34958654
6003.5500 2.34216399
6003.6000 2.3342129
6003.6500 2.32626182
6003.7000 2.31831074
6003.7500 2.3038863
6003.8000 2.27184207
6003.8500 2.23979784
6003.9000 2.20775361
6003.9500 2.17570939
6004.0000 2.23218176
6004.0500 2.29219778
6004.1000 2.35221379
6004.1500 2.41222981
6004.2000 2.46854707
6004.2500 2.52292516
6004.3000 2.57730325
6004.3500 2.63168134
6004.4000 2.63970723
6004.4500 2.56251534
6004.5000 2.48532344
6004.5500 2.40813155
6004.6000 2.33389633
6004.6500 2.31552242
6004.7000 2.29714852
6004.7500 2.27877461
6004.8000 2.2604007
6004.8500 2.26561335
6004.9000 2.27869029
6004.9500 2.29176723
6005.0000 2.30484417
6005.0500 2.30057704
6005.1000 2.27522655
6005.1500 2.24987606
6005.2000 2.22452557
6005.2500 2.21099951
6005.3000 2.2622035
6005.3500 2.3134075
6005.4000 2.36461149
6005.4500 2.41581548
6005.5000 2.38750473
6005.5500 2.34617275
6005.6000 2.30484077
6005.6500 2.26350879
6005.7000 2.23524607
6005.7500 2.21701168
6005.8000 2.1987773
6005.8500 2.18054291
6005.9000 2.16081472
6005.9500 2.13713021
6006.0000 2.1134457
6006.0500 2.08976119
6006.1000 2.06607668
6006.1500 2.14060374
6006.2000 2.21672142
6006.2500 2.29283909
6006.3000 2.36895677
6006.3500 2.31709685
6006.4000 2.20927394
6006.4500 2.10145103
6006.5000 1.99362813
6006.5500 1.96546652
6006.6000 2.05233584
6006.6500 2.13920517
6006.7000 2.22607449
6006.7500 2.30189252
6006.8000 2.29984871
6006.8500 2.29780491
6006.9000 2.29576111
6006.9500 2.29371731
6007.0000 2.30243424
6007.0500 2.31318349
6007.1000 2.32393274
6007.1500 2.33468198
6007.2000 2.37053831
6007.2500 2.42614533
6007.3000 2.48175235
6007.3500 2.53735937
6007.4000 2.56296908
6007.4500 2.51143821
6007.5000 2.45990734
6007.5500 2.40837647
6007.6000 2.35702174
6007.6500 2.39396736
6007.7000 2.43091298
6007.7500 2.46785859
6007.8000 2.50480421
6007.8500 2.5483723
6007.9000 2.59444339
6007.9500 2.64051448
6008.0000 2.68658556
6008.0500 2.69200773
6008.1000 2.64797948
6008.1500 2.60395122
6008.2000 2.55992297
6008.2500 2.52340904
6008.3000 2.52152035
6008.3500 2.51963166
6008.4000 2.51774296
6008.4500 2.51585427
6008.5000 2.51312227
6008.5500 2.510304
6008.6000 2.50748573
6008.6500 2.50466746
6008.7000 2.45645704
6008.7500 2.38247
6008.8000 2.30848296
6008.8500 2.23449592
6008.9000 2.19347334
6008.9500 2.20854637
6009.0000 2.22361941
6009.0500 2.23869245
6009.1000 2.25243434
6009.1500 2.25473089
6009.2000 2.25702744
6009.2500 2.259324
6009.3000 2.26162055
6009.3500 2.28325501
6009.4000 2.30857403
6009.4500 2.33389304
6009.5000 2.35921206
6009.5500 2.37879252
6009.6000 2.39417385
6009.6500 2.40955517
6009.7000 2.4249365
6009.7500 2.42573486
6009.8000 2.39506535
6009.8500 2.36439584
6009.9000 2.33372633
6009.9500 2.30429013
6010.0000 2.29502751
6010.0500 2.28576488
6010.1000 2.27650226
6010.1500 2.26723963
6010.2000 2.2580788
6010.2500 2.24894338
6010.3000 2.23980795
6010.3500 2.23067252
6010.4000 2.27277962
6010.4500 2.35772454
6010.5000 2.44266946
6010.5500 2.52761438
6010.6000 2.5469
6010.6500 2.40604265
6010.7000 2.26518531
6010.7500 2.12432796
6010.8000 1.99096049
6010.8500 2.04403055
6010.9000 2.09710061
6010.9500 2.15017067
6011.0000 2.20324073
6011.0500 2.23242646
6011.1000 2.25519366
6011.1500 2.27796086
6011.2000 2.30072806
6011.2500 2.32388896
6011.3000 2.34738593
6011.3500 2.3708829
6011.4000 2.39437987
6011.4500 2.42421289
6011.5000 2.46937184
6011.5500 2.5145308
6011.6000 2.55968975
6011.6500 2.60076999
6011.7000 2.55958901
6011.7500 2.51840803
6011.8000 2.47722705
6011.8500 2.43604607
6011.9000 2.40362159
6011.9500 2.3733357
6012.0000 2.34304981
6012.0500 2.31276391
6012.1000 2.27794898
6012.1500 2.23960302
6012.2000 2.20125705
6012.2500 2.16291108
6012.3000 2.12662098
6012.3500 2.0946629
6012.4000 2.06270483
6012.4500 2.03074676
6012.5000 2.01129565
6012.5500 2.12913633
6012.6000 2.24697702
6012.6500 2.3648177
6012.7000 2.48265838
6012.7500 2.50648668
6012.8000 2.51331647
6012.8500 2.52014625
6012.9000 2.52697604
6012.9500 2.5143858
6013.0000 2.48948287
6013.0500 2.46457995
6013.1000 2.43967702
6013.1500 2.41923557
6013.2000 2.40610963
6013.2500 2.39298369
6013.3000 2.37985774
6013.3500 2.37160511
6013.4000 2.39154061
6013.4500 2.41147612
6013.5000 2.43141163
6013.5500 2.45134713
6013.6000 2.46114954
6013.6500 2.47004325
6013.7000 2.47893695
6013.7500 2.48783066
6013.8000 2.4416294
6013.8500 2.37064473
6013.9000 2.29966006
6013.9500 2.22867539
6014.0000 2.25872837
6014.0500 2.4057326
6014.1000 2.55273684
6014.1500 2.69974107
6014.2000 2.80400196
6014.2500 2.77215906
6014.3000 2.74031616
6014.3500 2.70847325
6014.4000 2.67591726
6014.4500 2.60011116
6014.5000 2.52430505
6014.5500 2.44849895
6014.6000 2.37269285
6014.6500 2.37585013
6014.7000 2.39934672
6014.7500 2.42284332
6014.8000 2.44633991
6014.8500 2.47797589
6014.9000 2.51560656
6014.9500 2.55323723
6015.0000 2.5908679
6015.0500 2.57399346
6015.1000 2.45949991
6015.1500 2.34500636
6015.2000 2.23051282
6015.2500 2.13991425
6015.3000 2.19316297
6015.3500 2.24641168
6015.4000 2.2996604
6015.4500 2.35290911
6015.5000 2.42772642
6015.5500 2.5042086
6015.6000 2.58069078
6015.6500 2.65717297
6015.7000 2.59046114
6015.7500 2.46694224
6015.8000 2.34342333
6015.8500 2.21990443
6015.9000 2.13595757
6015.9500 2.09074871
6016.0000 2.04553985
6016.0500 2.00033098
6016.1000 1.96461173
6016.1500 1.95141701
6016.2000 1.93822229
6016.2500 1.92502758
6016.3000 1.93045183
6016.3500 2.12587644
6016.4000 2.32130106
6016.4500 2.51672567
6016.5000 2.71215028
6016.5500 2.59999462
6016.6000 2.44740426
6016.6500 2.29481389
6016.7000 2.14222352
6016.7500 2.1072584
6016.8000 2.12761735
6016.8500 2.14797629
6016.9000 2.16833524
6016.9500 2.15209949
6017.0000 2.09592469
6017.0500 2.03974988
6017.1000 1.98357508
6017.1500 1.96306828
6017.2000 2.03523031
6017.2500 2.10739234
6017.3000 2.17955437
6017.3500 2.25317772
6017.4000 2.3437359
6017.4500 2.43429409
6017.5000 2.52485228
6017.5500 2.61541046
6017.6000 2.51149926
6017.6500 2.3817415
6017.7000 2.25198374
6017.7500 2.12222598
6017.8000 2.09551819
6017.8500 2.11561415
6017.9000 2.13571011
6017.9500 2.15580608
6018.0000 2.21330275
6018.0500 2.30904816
6018.1000 2.40479358
6018.1500 2.500539
6018.2000 2.55531677
6018.2500 2.51579209
6018.3000 2.47626741
6018.3500 2.43674272
6018.4000 2.40626205
6018.4500 2.44673016
6018.5000 2.48719826
6018.5500 2.52766636
6018.6000 2.56813447
6018.6500 2.58405571
6018.7000 2.59798673
6018.7500 2.61191775
6018.8000 2.62584876
6018.8500 2.5409591
6018.9000 2.42111063
6018.9500 2.30126217
6019.0000 2.18141371
6019.0500 2.17618825
6019.1000 2.26320129
6019.1500 2.35021432
6019.2000 2.43722736
6019.2500 2.4412236
6019.3000 2.30463278
6019.3500 2.16804196
6019.4000 2.03145113
6019.4500 1.9616851
6019.5000 2.17648849
6019.5500 2.39129188
6019.6000 2.60609527
6019.6500 2.81854082
6019.7000 2.81532784
6019.7500 2.81211486
6019.8000 2.80890188
6019.8500 2.8056889
6019.9000 2.80189405
6019.9500 2.79798272
6020.0000 2.7940714
6020.0500 2.79016007
6020.1000 0
6020.1500 0
6020.2000 0
6020.2500 0
