4595.0500 7.19992604
4595.1000 7.45375895
4595.1500 7.50706659
4595.2000 7.47708709
4595.2500 7.4471076
4595.3000 7.4171281
4595.3500 7.35056157
4595.4000 7.20425464
4595.4500 7.05794771
4595.5000 6.91164077
4595.5500 6.76533384
4595.6000 6.75604021
4595.6500 6.7580881
4595.7000 6.76013599
4595.7500 6.76218389
4595.8000 6.77223052
4595.8500 6.78926735
4595.9000 6.80630418
4595.9500 6.823341
4596.0000 6.87716851
4596.0500 7.14829661
4596.1000 7.41942471
4596.1500 7.69055281
4596.2000 7.96168092
4596.2500 7.8361121
4596.3000 7.58320343
4596.3500 7.33029476
4596.4000 7.07738608
4596.4500 6.99706672
4596.5000 7.21027534
4596.5500 7.42348396
4596.6000 7.63669259
4596.6500 7.84990121
4596.7000 7.82485053
4596.7500 7.79607273
4596.8000 7.76729492
4596.8500 7.73851712
4596.9000 7.6566304
4596.9500 7.53933558
4597.0000 7.42204076
4597.0500 7.30474594
4597.1000 7.23436155
4597.1500 7.33380981
4597.2000 7.43325806
4597.2500 7.53270631
4597.3000 7.63215456
4597.3500 7.5892312
4597.4000 7.51795822
4597.4500 7.44668525
4597.5000 7.37541227
4597.5500 7.30546572
4597.6000 7.237124
4597.6500 7.16878229
4597.7000 7.10044057
4597.7500 7.04322509
4597.8000 7.12910759
4597.8500 7.2149901
4597.9000 7.3008726
4597.9500 7.3867551
4598.0000 7.45751014
4598.0500 7.52155853
4598.1000 7.58560693
4598.1500 7.64965533
4598.2000 7.70910104
4598.2500 7.75851878
4598.3000 7.80793653
4598.3500 7.85735428
4598.4000 7.90677203
4598.4500 7.62558511
4598.5000 7.32232421
4598.5500 7.01906332
4598.6000 6.71580242
4598.6500 6.67669557
4598.7000 6.84405262
4598.7500 7.01140968
4598.8000 7.17876674
4598.8500 7.28469661
4598.9000 7.12221986
4598.9500 6.9597431
4599.0000 6.79726635
4599.0500 6.63478959
4599.1000 6.42588267
4599.1500 6.20624318
4599.2000 5.98660369
4599.2500 5.7669642
4599.3000 5.67188193
4599.3500 5.73576616
4599.4000 5.79965039
4599.4500 5.86353461
4599.5000 5.91715915
4599.5500 5.82894928
4599.6000 5.7407394
4599.6500 5.65252952
4599.7000 5.56431965
4599.7500 5.40158341
4599.8000 5.2063967
4599.8500 5.01120999
4599.9000 4.81602329
4599.9500 4.78077956
4600.0000 5.07482435
4600.0500 5.36886913
4600.1000 5.66291392
4600.1500 5.95695871
4600.2000 5.90507915
4600.2500 5.83813214
4600.3000 5.77118513
4600.3500 5.70423811
4600.4000 5.71011187
4600.4500 5.76645173
4600.5000 5.82279159
4600.5500 5.87913146
4600.6000 5.91114226
4600.6500 5.85893221
4600.7000 5.80672216
4600.7500 5.75451211
4600.8000 5.70230206
4600.8500 5.63891438
4600.9000 5.57368683
4600.9500 5.50845928
4601.0000 5.44323173
4601.0500 5.40690523
4601.1000 5.40015073
4601.1500 5.39339623
4601.2000 5.38664173
4601.2500 5.37254126
4601.3000 5.30968142
4601.3500 5.24682158
4601.4000 5.18396174
4601.4500 5.1211019
4601.5000 5.19039777
4601.5500 5.29946597
4601.6000 5.40853417
4601.6500 5.51760237
4601.7000 5.52560261
4601.7500 5.38663569
4601.8000 5.24766877
4601.8500 5.10870185
4601.9000 4.97005738
4601.9500 4.83790044
4602.0000 4.7057435
4602.0500 4.57358655
4602.1000 4.44142961
4602.1500 4.36231337
4602.2000 4.30721766
4602.2500 4.25212196
4602.3000 4.19702625
4602.3500 4.27922835
4602.4000 4.63980052
4602.4500 5.00037268
4602.5000 5.36094485
4602.5500 5.72151701
4602.6000 5.53067086
4602.6500 5.32475049
4602.7000 5.11883012
4602.7500 4.91290975
4602.8000 4.87632208
4602.8500 4.94460494
4602.9000 5.01288779
4602.9500 5.08117065
4603.0000 5.09517956
4603.0500 4.95691669
4603.1000 4.81865383
4603.1500 4.68039096
4603.2000 4.5421281
4603.2500 4.68893208
4603.3000 4.8642513
4603.3500 5.03957052
4603.4000 5.21488975
4603.4500 5.26094232
4603.5000 5.20394899
4603.5500 5.14695565
4603.6000 5.08996231
4603.6500 5.03258836
4603.7000 4.97373725
4603.7500 4.91488614
4603.8000 4.85603502
4603.8500 4.79718391
4603.9000 4.90951447
4603.9500 5.0510195
4604.0000 5.19252453
4604.0500 5.33402956
4604.1000 5.36400884
4604.1500 5.28465874
4604.2000 5.20530863
4604.2500 5.12595853
4604.3000 5.06782705
4604.3500 5.12394577
4604.4000 5.18006448
4604.4500 5.23618319
4604.5000 5.2923019
4604.5500 5.29097871
4604.6000 5.27612572
4604.6500 5.26127273
4604.7000 5.24641973
4604.7500 5.20486631
4604.8000 5.13236612
4604.8500 5.05986594
4604.9000 4.98736576
4604.9500 4.92744047
4605.0000 4.96146157
4605.0500 4.99548268
4605.1000 5.02950379
4605.1500 5.06352489
4605.2000 5.14613412
4605.2500 5.2429301
4605.3000 5.33972608
4605.3500 5.43652206
4605.4000 5.49743143
4605.4500 5.51097092
4605.5000 5.5245104
4605.5500 5.53804988
4605.6000 5.54104564
4605.6500 5.43630623
4605.7000 5.33156682
4605.7500 5.22682741
4605.8000 5.12208801
4605.8500 5.03014961
4605.9000 4.94251641
4605.9500 4.85488321
4606.0000 4.76725002
4606.0500 4.76701377
4606.1000 4.89328277
4606.1500 5.01955177
4606.2000 5.14582077
4606.2500 5.2761547
4606.3000 5.46056125
4606.3500 5.6449678
4606.4000 5.82937435
4606.4500 6.0137809
4606.5000 5.93077567
4606.5500 5.75003093
4606.6000 5.56928618
4606.6500 5.38854144
4606.7000 5.25785667
4606.7500 5.20358306
4606.8000 5.14930946
4606.8500 5.09503585
4606.9000 5.04141384
4606.9500 4.99793024
4607.0000 4.95444664
4607.0500 4.91096304
4607.1000 4.86747944
4607.1500 4.93726052
4607.2000 5.04978127
4607.2500 5.16230202
4607.3000 5.27482277
4607.3500 5.29818741
4607.4000 5.18370936
4607.4500 5.0692313
4607.5000 4.95475325
4607.5500 4.84783394
4607.6000 4.85816136
4607.6500 4.86848879
4607.7000 4.87881621
4607.7500 4.88914364
4607.8000 4.90356818
4607.8500 4.91951234
4607.9000 4.93545651
4607.9500 4.95140067
4608.0000 4.89983355
4608.0500 4.74675054
4608.1000 4.59366752
4608.1500 4.4405845
4608.2000 4.30412434
4608.2500 4.38697949
4608.3000 4.46983464
4608.3500 4.55268979
4608.4000 4.63554494
4608.4500 4.655756
4608.5000 4.65425092
4608.5500 4.65274584
4608.6000 4.65124076
4608.6500 4.66256464
4608.7000 4.69191445
4608.7500 4.72126427
4608.8000 4.75061408
4608.8500 4.78007783
4608.9000 4.81069255
4608.9500 4.84130727
4609.0000 4.87192199
4609.0500 4.90253671
4609.1000 4.87018168
4609.1500 4.81853015
4609.2000 4.76687862
4609.2500 4.71522709
4609.3000 4.71772209
4609.3500 4.78860481
4609.4000 4.85948754
4609.4500 4.93037026
4609.5000 4.98444946
4609.5500 4.91462513
4609.6000 4.8448008
4609.6500 4.77497647
4609.7000 4.70515213
4609.7500 4.73073087
4609.8000 4.78045355
4609.8500 4.83017624
4609.9000 4.87989892
4609.9500 4.91302952
4610.0000 4.92802167
4610.0500 4.94301381
4610.1000 4.95800596
4610.1500 4.98007625
4610.2000 5.03971962
4610.2500 5.09936299
4610.3000 5.15900636
4610.3500 5.21864974
4610.4000 5.18844618
4610.4500 5.14117831
4610.5000 5.09391043
4610.5500 5.04664255
4610.6000 5.06759485
4610.6500 5.15068238
4610.7000 5.23376991
4610.7500 5.31685744
4610.8000 5.37983042
4610.8500 5.36592261
4610.9000 5.35201481
4610.9500 5.338107
4611.0000 5.32419919
4611.0500 5.18522501
4611.1000 5.03118658
4611.1500 4.87714815
4611.2000 4.72310971
4611.2500 4.74450078
4611.3000 4.8936032
4611.3500 5.04270562
4611.4000 5.19180804
4611.4500 5.29030842
4611.5000 5.24917763
4611.5500 5.20804684
4611.6000 5.16691604
4611.6500 5.12578525
4611.7000 5.09096559
4611.7500 5.05644761
4611.8000 5.02192963
4611.8500 4.98741164
4611.9000 5.02055605
4611.9500 5.09112878
4612.0000 5.16170152
4612.0500 5.23227426
4612.1000 5.24970742
4612.1500 5.16137079
4612.2000 5.07303416
4612.2500 4.98469753
4612.3000 4.89937373
4612.3500 4.92672042
4612.4000 4.95406712
4612.4500 4.98141381
4612.5000 5.0087605
4612.5500 4.98830305
4612.6000 4.94914182
4612.6500 4.90998059
4612.7000 4.87081936
4612.7500 4.87317678
4612.8000 4.93464436
4612.8500 4.99611194
4612.9000 5.05757951
4612.9500 5.11407973
4613.0000 5.12933905
4613.0500 5.14459837
4613.1000 5.15985769
4613.1500 5.17511701
4613.2000 5.20841337
4613.2500 5.24612091
4613.3000 5.28382845
4613.3500 5.32153599
4613.4000 5.32101672
4613.4500 5.28235949
4613.5000 5.24370225
4613.5500 5.20504502
4613.6000 5.17199781
4613.6500 5.16156601
4613.7000 5.15113421
4613.7500 5.14070241
4613.8000 5.13027061
4613.8500 5.14247211
4613.9000 5.15724376
4613.9500 5.1720154
4614.0000 5.18678705
4614.0500 5.21457887
4614.1000 5.25110953
4614.1500 5.28764018
4614.2000 5.32417083
4614.2500 5.34403222
4614.3000 5.32496696
4614.3500 5.3059017
4614.4000 5.28683645
4614.4500 5.26790006
4614.5000 5.30324147
4614.5500 5.33858288
4614.6000 5.37392428
4614.6500 5.40926569
4614.7000 5.44281693
4614.7500 5.47562269
4614.8000 5.50842846
4614.8500 5.54123422
4614.9000 5.54343928
4614.9500 5.50174075
4615.0000 5.46004223
4615.0500 5.41834371
4615.1000 5.38278492
4615.1500 5.3937695
4615.2000 5.40475407
4615.2500 5.41573865
4615.3000 5.42672323
4615.3500 5.42649785
4615.4000 5.42386902
4615.4500 5.42124019
4615.5000 5.41861136
4615.5500 5.39883272
4615.6000 5.36393423
4615.6500 5.32903575
4615.7000 5.29413727
4615.7500 5.27637076
4615.8000 5.31269218
4615.8500 5.34901361
4615.9000 5.38533503
4615.9500 5.42165645
4616.0000 5.40854493
4616.0500 5.39287224
4616.1000 5.37719956
4616.1500 5.36152688
4616.2000 5.35526534
4616.2500 5.35380828
4616.3000 5.35235123
4616.3500 5.35089418
4616.4000 5.32667937
4616.4500 5.26443899
4616.5000 5.20219862
4616.5500 5.13995825
4616.6000 5.08546412
4616.6500 5.11136531
4616.7000 5.1372665
4616.7500 5.16316768
4616.8000 5.18906887
4616.8500 5.16537145
4616.9000 5.12946415
4616.9500 5.09355684
4617.0000 5.05764954
4617.0500 5.06734008
4617.1000 5.1194384
4617.1500 5.17153672
4617.2000 5.22363504
4617.2500 5.24858885
4617.3000 5.18512401
4617.3500 5.12165918
4617.4000 5.05819435
4617.4500 4.99472951
4617.5000 5.00764212
4617.5500 5.02434248
4617.6000 5.04104283
4617.6500 5.05774319
4617.7000 5.06159059
4617.7500 5.05915625
4617.8000 5.05672191
4617.8500 5.05428757
4617.9000 5.06872955
4617.9500 5.10937274
4618.0000 5.15001593
4618.0500 5.19065912
4618.1000 5.22374925
4618.1500 5.19750459
4618.2000 5.17125993
4618.2500 5.14501527
4618.3000 5.11877061
4618.3500 5.15769564
4618.4000 5.2094822
4618.4500 5.26126876
4618.5000 5.31305533
4618.5500 5.30761627
4618.6000 5.25694468
4618.6500 5.20627309
4618.7000 5.1556015
4618.7500 5.11675635
4618.8000 5.1078775
4618.8500 5.09899866
4618.9000 5.09011982
4618.9500 5.08140316
4619.0000 5.09153901
4619.0500 5.10167486
4619.1000 5.11181071
4619.1500 5.12194656
4619.2000 5.17654789
4619.2500 5.24716613
4619.3000 5.31778438
4619.3500 5.38840262
4619.4000 5.4235709
4619.4500 5.41761214
4619.5000 5.41165339
4619.5500 5.40569463
4619.6000 5.39052948
4619.6500 5.33656695
4619.7000 5.28260442
4619.7500 5.22864189
4619.8000 5.17467936
4619.8500 5.18950295
4619.9000 5.21016693
4619.9500 5.23083091
4620.0000 5.25149489
4620.0500 5.25258442
4620.1000 5.24326274
4620.1500 5.23394107
4620.2000 5.22461939
4620.2500 5.2174364
4620.3000 5.21367047
4620.3500 5.20990454
4620.4000 5.20613861
4620.4500 5.19912109
4620.5000 5.16784845
4620.5500 5.1365758
4620.6000 5.10530316
4620.6500 5.07403051
4620.7000 5.08042401
4620.7500 5.09333075
4620.8000 5.10623748
4620.8500 5.11914421
4620.9000 5.14014926
4620.9500 5.16682773
4621.0000 5.19350621
4621.0500 5.22018468
4621.1000 5.2469324
4621.1500 5.2738242
4621.2000 5.30071599
4621.2500 5.32760778
4621.3000 5.35134063
4621.3500 5.3275113
4621.4000 5.30368198
4621.4500 5.27985266
4621.5000 5.25602333
4621.5500 5.20149902
4621.6000 5.13935165
4621.6500 5.07720427
4621.7000 5.0150569
4621.7500 5.01022911
4621.8000 5.05404462
4621.8500 5.09786013
4621.9000 5.14167564
4621.9500 5.1679106
4622.0000 5.14936767
4622.0500 5.13082474
4622.1000 5.11228181
4622.1500 5.09427725
4622.2000 5.09814793
4622.2500 5.10201862
4622.3000 5.1058893
4622.3500 5.10975999
4622.4000 5.12661822
4622.4500 5.147417
4622.5000 5.16821577
4622.5500 5.18901455
4622.6000 5.20328034
4622.6500 5.21130748
4622.7000 5.21933463
4622.7500 5.22736177
4622.8000 5.2184471
4622.8500 5.160536
4622.9000 5.1026249
4622.9500 5.0447138
4623.0000 4.98730731
4623.0500 5.07553108
4623.1000 5.16375485
4623.1500 5.25197862
4623.2000 5.34020239
4623.2500 5.31243175
4623.3000 5.24621846
4623.3500 5.18000516
4623.4000 5.11379187
4623.4500 5.06274612
4623.5000 5.02687929
4623.5500 4.99101246
4623.6000 4.95514563
4623.6500 4.9445403
4623.7000 5.00985936
4623.7500 5.07517843
4623.8000 5.1404975
4623.8500 5.20575967
4623.9000 5.17699097
4623.9500 5.14822227
4624.0000 5.11945358
4624.0500 5.09068488
4624.1000 5.1260074
4624.1500 5.18239119
4624.2000 5.23877499
4624.2500 5.29515878
4624.3000 5.30648897
4624.3500 5.27380456
4624.4000 5.24112016
4624.4500 5.20843575
4624.5000 5.17911562
4624.5500 5.15936521
4624.6000 5.13961479
4624.6500 5.11986438
4624.7000 5.10037653
4624.7500 5.09756635
4624.8000 5.09475617
4624.8500 5.091946
4624.9000 5.08913582
4624.9500 5.05544101
4625.0000 5.01262477
4625.0500 4.96980853
4625.1000 4.9269923
4625.1500 4.93056408
4625.2000 4.9753371
4625.2500 5.02011011
4625.3000 5.06488312
4625.3500 5.10548013
4625.4000 5.13576975
4625.4500 5.16605937
4625.5000 5.19634898
4625.5500 5.22379291
4625.6000 5.19499782
4625.6500 5.16620273
4625.7000 5.13740764
4625.7500 5.10861255
4625.8000 5.10188386
4625.8500 5.10036128
4625.9000 5.09883869
4625.9500 5.09731611
4626.0000 5.10860851
4626.0500 5.12952249
4626.1000 5.15043646
4626.1500 5.17135044
4626.2000 5.19889116
4626.2500 5.23962579
4626.3000 5.28036041
4626.3500 5.32109504
4626.4000 5.35898205
4626.4500 5.37084168
4626.5000 5.38270132
4626.5500 5.39456096
4626.6000 5.4064206
4626.6500 5.38035924
4626.7000 5.34832964
4626.7500 5.31630003
4626.8000 5.28427043
4626.8500 5.28758303
4626.9000 5.31160528
4626.9500 5.33562753
4627.0000 5.35964978
4627.0500 5.38301769
4627.1000 5.40539652
4627.1500 5.42777534
4627.2000 5.45015417
4627.2500 5.46076412
4627.3000 5.41262524
4627.3500 5.36448637
4627.4000 5.3163475
4627.4500 5.26820862
4627.5000 5.22353252
4627.5500 5.17909022
4627.6000 5.13464793
4627.6500 5.09020564
4627.7000 5.13030807
4627.7500 5.20532668
4627.8000 5.28034529
4627.8500 5.35536391
4627.9000 5.38385763
4627.9500 5.3619101
4628.0000 5.33996258
4628.0500 5.31801505
4628.1000 5.30594844
4628.1500 5.32305457
4628.2000 5.3401607
4628.2500 5.35726683
4628.3000 5.37194861
4628.3500 5.30034295
4628.4000 5.22873729
4628.4500 5.15713162
4628.5000 5.08552596
4628.5500 5.10522698
4628.6000 5.14736153
4628.6500 5.18949607
4628.7000 5.23163062
4628.7500 5.25208227
4628.8000 5.2567886
4628.8500 5.26149494
4628.9000 5.26620128
4628.9500 5.2644324
4629.0000 5.25100049
4629.0500 5.23756857
4629.1000 5.22413666
4629.1500 5.20962405
4629.2000 5.18823313
4629.2500 5.1668422
4629.3000 5.14545128
4629.3500 5.12406036
4629.4000 5.13417813
4629.4500 5.14719695
4629.5000 5.16021577
4629.5500 5.17323459
4629.6000 5.16996251
4629.6500 5.15959905
4629.7000 5.14923558
4629.7500 5.13887211
4629.8000 5.14069741
4629.8500 5.15578729
4629.9000 5.17087718
4629.9500 5.18596707
4630.0000 5.20204946
4630.0500 5.22092561
4630.1000 5.23980175
4630.1500 5.2586779
4630.2000 5.27580997
4630.2500 5.25719651
4630.3000 5.23858305
4630.3500 5.21996958
4630.4000 5.20135612
4630.4500 5.22687758
4630.5000 5.26130903
4630.5500 5.29574047
4630.6000 5.33017191
4630.6500 5.30476776
4630.7000 5.24248088
4630.7500 5.18019401
4630.8000 5.11790713
4630.8500 5.09324392
4630.9000 5.12353299
4630.9500 5.15382206
4631.0000 5.18411113
4631.0500 5.20143378
4631.1000 5.16532394
4631.1500 5.12921409
4631.2000 5.09310424
4631.2500 5.0569944
4631.3000 5.05362994
4631.3500 5.05075488
4631.4000 5.04787982
4631.4500 5.04500476
4631.5000 5.04107186
4631.5500 5.03683428
4631.6000 5.0325967
4631.6500 5.02835912
4631.7000 5.01483427
4631.7500 4.99426401
4631.8000 4.97369375
4631.8500 4.95312349
4631.9000 4.94583224
4631.9500 4.96194501
4632.0000 4.97805778
4632.0500 4.99417055
4632.1000 5.00184858
4632.1500 4.96405831
4632.2000 4.92626804
4632.2500 4.88847777
4632.3000 4.85068749
4632.3500 4.87622722
4632.4000 4.90495376
4632.4500 4.93368029
4632.5000 4.96240683
4632.5500 4.92955607
4632.6000 4.87605071
4632.6500 4.82254535
4632.7000 4.76903998
4632.7500 4.77189335
4632.8000 4.82147987
4632.8500 4.87106638
4632.9000 4.9206529
4632.9500 4.95002311
4633.0000 4.94112507
4633.0500 4.93222704
4633.1000 4.923329
4633.1500 4.91047916
4633.2000 4.87447299
4633.2500 4.83846683
4633.3000 4.80246066
4633.3500 4.7664545
4633.4000 4.75572963
4633.4500 4.74641922
4633.5000 4.73710881
4633.5500 4.7277984
4633.6000 4.72566434
4633.6500 4.72593033
4633.7000 4.72619632
4633.7500 4.72646232
4633.8000 4.73611064
4633.8500 4.75334692
4633.9000 4.77058321
4633.9500 4.78781949
4634.0000 4.78358786
4634.0500 4.7407714
4634.1000 4.69795495
4634.1500 4.6551385
4634.2000 4.61833028
4634.2500 4.61232258
4634.3000 4.60631487
4634.3500 4.60030717
4634.4000 4.59429946
4634.4500 4.63669486
4634.5000 4.6805821
4634.5500 4.72446934
4634.6000 4.76835658
4634.6500 4.76086629
4634.7000 4.73872409
4634.7500 4.7165819
4634.8000 4.69443971
4634.8500 4.69533098
4634.9000 4.71241276
4634.9500 4.72949454
4635.0000 4.74657632
4635.0500 4.76425962
4635.1000 4.78285471
4635.1500 4.8014498
4635.2000 4.82004489
4635.2500 4.82439939
4635.3000 4.77481679
4635.3500 4.72523419
4635.4000 4.67565159
4635.4500 4.62827485
4635.5000 4.6818101
4635.5500 4.73534535
4635.6000 4.78888059
4635.6500 4.84241584
4635.7000 4.83458383
4635.7500 4.81462878
4635.8000 4.79467373
4635.8500 4.77471868
4635.9000 4.77106196
4635.9500 4.77618834
4636.0000 4.78131472
4636.0500 4.7864411
4636.1000 4.79845583
4636.1500 4.81837278
4636.2000 4.83828974
4636.2500 4.8582067
4636.3000 4.86396499
4636.3500 4.83380992
4636.4000 4.80365486
4636.4500 4.77349979
4636.5000 4.75164432
4636.5500 4.80371399
4636.6000 4.85578365
4636.6500 4.90785332
4636.7000 4.95992299
4636.7500 4.92577793
4636.8000 4.88416059
4636.8500 4.84254325
4636.9000 4.80092591
4636.9500 4.78519488
4637.0000 4.77852698
4637.0500 4.77185908
4637.1000 4.76519118
4637.1500 4.78895773
4637.2000 4.83641975
4637.2500 4.88388176
4637.3000 4.93134378
4637.3500 4.96863474
4637.4000 4.98967507
4637.4500 5.0107154
4637.5000 5.03175572
4637.5500 5.03736284
4637.6000 4.9844849
4637.6500 4.93160695
4637.7000 4.87872901
4637.7500 4.82838993
4637.8000 4.85071973
4637.8500 4.87304952
4637.9000 4.89537932
4637.9500 4.91770912
4638.0000 4.91362977
4638.0500 4.90524637
4638.1000 4.89686297
4638.1500 4.88847957
4638.2000 4.89316209
4638.2500 4.90379466
4638.3000 4.91442723
4638.3500 4.9250598
4638.4000 4.92662071
4638.4500 4.91965472
4638.5000 4.91268873
4638.5500 4.90572274
4638.6000 4.90952783
4638.6500 4.93378344
4638.7000 4.95803904
4638.7500 4.98229464
4638.8000 4.99523324
4638.8500 4.95505403
4638.9000 4.91487482
4638.9500 4.87469561
4639.0000 4.83503783
4639.0500 4.86515331
4639.1000 4.89526879
4639.1500 4.92538427
4639.2000 4.95549974
4639.2500 4.95986918
4639.3000 4.95934692
4639.3500 4.95882467
4639.4000 4.95830241
4639.4500 4.94386726
4639.5000 4.9227148
4639.5500 4.90156235
4639.6000 4.88040989
4639.6500 4.86535499
4639.7000 4.85616818
4639.7500 4.84698138
4639.8000 4.83779457
4639.8500 4.8356092
4639.9000 4.84666239
4639.9500 4.85771558
4640.0000 4.86876877
4640.0500 4.87391918
4640.1000 4.85278556
4640.1500 4.83165195
4640.2000 4.81051833
4640.2500 4.78993797
4640.3000 4.79395174
4640.3500 4.7979655
4640.4000 4.80197927
4640.4500 4.80599303
4640.5000 4.8228406
4640.5500 4.8417471
4640.6000 4.8606536
4640.6500 4.8795601
4640.7000 4.85643856
4640.7500 4.81553027
4640.8000 4.77462199
4640.8500 4.7337137
4640.9000 4.73636476
4640.9500 4.77543122
4641.0000 4.81449767
4641.0500 4.85356413
4641.1000 4.87357383
4641.1500 4.86350361
4641.2000 4.85343338
4641.2500 4.84336316
4641.3000 4.83375201
4641.3500 4.82565939
4641.4000 4.81756676
4641.4500 4.80947414
4641.5000 4.80294499
4641.5500 4.81500299
4641.6000 4.82706099
4641.6500 4.839119
4641.7000 4.851177
4641.7500 4.8431771
4641.8000 4.83353165
4641.8500 4.82388619
4641.9000 4.81424073
4641.9500 4.81088875
4642.0000 4.8093964
4642.0500 4.80790405
4642.1000 4.8064117
4642.1500 4.81399663
4642.2000 4.82712649
4642.2500 4.84025635
4642.3000 4.85338622
4642.3500 4.84984671
4642.4000 4.82757038
4642.4500 4.80529405
4642.5000 4.78301772
4642.5500 4.76928861
4642.6000 4.77355943
4642.6500 4.77783025
4642.7000 4.78210107
4642.7500 4.77530873
4642.8000 4.71609556
4642.8500 4.6568824
4642.9000 4.59766923
4642.9500 4.54155152
4643.0000 4.59403204
4643.0500 4.64651256
4643.1000 4.69899308
4643.1500 4.7514736
4643.2000 4.75900418
4643.2500 4.76053865
4643.3000 4.76207312
4643.3500 4.76360758
4643.4000 4.76531732
4643.4500 4.76708926
4643.5000 4.76886121
4643.5500 4.77063315
4643.6000 4.77990178
4643.6500 4.79427489
4643.7000 4.808648
4643.7500 4.82302111
4643.8000 4.81934425
4643.8500 4.79386719
4643.9000 4.76839014
4643.9500 4.74291309
4644.0000 4.73129253
4644.0500 4.75021071
4644.1000 4.76912889
4644.1500 4.78804707
4644.2000 4.80192536
4644.2500 4.79161558
4644.3000 4.7813058
4644.3500 4.77099603
4644.4000 4.76149523
4644.4500 4.77505107
4644.5000 4.78860692
4644.5500 4.80216277
4644.6000 4.81571862
4644.6500 4.79009537
4644.7000 4.75994927
4644.7500 4.72980318
4644.8000 4.69965709
4644.8500 4.71862614
4644.9000 4.75308275
4644.9500 4.78753937
4645.0000 4.82199598
4645.0500 4.81262234
4645.1000 4.77696952
4645.1500 4.74131671
4645.2000 4.7056639
4645.2500 4.69861373
4645.3000 4.72118847
4645.3500 4.7437632
4645.4000 4.76633794
4645.4500 4.78902065
4645.5000 4.81189663
4645.5500 4.83477261
4645.6000 4.85764859
4645.6500 4.86657329
4645.7000 4.82792818
4645.7500 4.78928306
4645.8000 4.75063795
4645.8500 4.71858857
4645.9000 4.74845568
4645.9500 4.77832278
4646.0000 4.80818989
4646.0500 4.83805699
4646.1000 4.85419729
4646.1500 4.86986795
4646.2000 4.88553861
4646.2500 4.90120927
4646.3000 4.85248139
4646.3500 4.79136983
4646.4000 4.73025827
4646.4500 4.66914671
4646.5000 4.69185002
4646.5500 4.7485114
4646.6000 4.80517278
4646.6500 4.86183416
4646.7000 4.87745103
4646.7500 4.86404231
4646.8000 4.85063359
4646.8500 4.83722487
4646.9000 4.82817502
4646.9500 4.82422128
4647.0000 4.82026754
4647.0500 4.8163138
4647.1000 4.80423428
4647.1500 4.77619802
4647.2000 4.74816177
4647.2500 4.72012551
4647.3000 4.70287741
4647.3500 4.72502633
4647.4000 4.74717526
4647.4500 4.76932419
4647.5000 4.78976902
4647.5500 4.7937258
4647.6000 4.79768257
4647.6500 4.80163934
4647.7000 4.80559612
4647.7500 4.79589814
4647.8000 4.78582888
4647.8500 4.77575962
4647.9000 4.76569036
4647.9500 4.80543907
4648.0000 4.85366785
4648.0500 4.90189663
4648.1000 4.95012541
4648.1500 4.95682848
4648.2000 4.94869026
4648.2500 4.94055205
4648.3000 4.93241383
4648.3500 4.93735839
4648.4000 4.95032074
4648.4500 4.96328309
4648.5000 4.97624544
4648.5500 4.98450652
4648.6000 4.98815003
4648.6500 4.99179353
4648.7000 4.99543704
4648.7500 5.00807604
4648.8000 5.03477802
4648.8500 5.06148
4648.9000 5.08818198
4648.9500 5.09276004
4649.0000 5.03956255
4649.0500 4.98636506
4649.1000 4.93316758
4649.1500 4.8936295
4649.2000 4.92330046
4649.2500 4.95297142
4649.3000 4.98264238
4649.3500 5.01016181
4649.4000 4.99993305
4649.4500 4.9897043
4649.5000 4.97947555
4649.5500 4.96924679
4649.6000 4.96664611
4649.6500 4.96449648
4649.7000 4.96234685
4649.7500 4.96019722
4649.8000 4.93776396
4649.8500 4.91133925
4649.9000 4.88491454
4649.9500 4.85848983
4650.0000 4.86961158
4650.0500 4.89475216
4650.1000 4.91989274
4650.1500 4.94503332
4650.2000 4.94443041
4650.2500 4.92817286
4650.3000 4.91191532
4650.3500 4.89565777
4650.4000 4.90243475
4650.4500 4.93075501
4650.5000 4.95907527
4650.5500 4.98739553
4650.6000 4.99198972
4650.6500 4.9628283
4650.7000 4.93366688
4650.7500 4.90450546
4650.8000 4.8824611
4650.8500 4.87626164
4650.9000 4.87006219
4650.9500 4.86386273
4651.0000 4.8608055
4651.0500 4.86969118
4651.1000 4.87857686
4651.1500 4.88746254
4651.2000 4.90025081
4651.2500 4.945336
4651.3000 4.99042119
4651.3500 5.03550639
4651.4000 5.07971691
4651.4500 5.0216043
4651.5000 4.9634917
4651.5500 4.90537909
4651.6000 4.84726649
4651.6500 4.86396322
4651.7000 4.88803127
4651.7500 4.91209932
4651.8000 4.93616738
4651.8500 4.9077729
4651.9000 4.86733449
4651.9500 4.82689609
4652.0000 4.78645769
4652.0500 4.80089368
4652.1000 4.8369417
4652.1500 4.87298972
4652.2000 4.90903774
4652.2500 4.91805733
4652.3000 4.91070355
4652.3500 4.90334976
4652.4000 4.89599598
4652.4500 4.88084452
4652.5000 4.85875645
4652.5500 4.83666839
4652.6000 4.81458032
4652.6500 4.74191983
4652.7000 4.60406621
4652.7500 4.46621259
4652.8000 4.32835896
4652.8500 4.28319944
4652.9000 4.41352183
4652.9500 4.54384422
4653.0000 4.67416661
4653.0500 4.77272535
4653.1000 4.77877846
4653.1500 4.78483158
4653.2000 4.79088469
4653.2500 4.80112969
4653.3000 4.83232561
4653.3500 4.86352153
4653.4000 4.89471745
4653.4500 4.92266894
4653.5000 4.91279929
4653.5500 4.90292964
4653.6000 4.89305999
4653.6500 4.88319035
4653.7000 4.82589338
4653.7500 4.76823574
4653.8000 4.7105781
4653.8500 4.65292047
4653.9000 4.69985579
4653.9500 4.75750759
4654.0000 4.81515939
4654.0500 4.87281118
4654.1000 4.89531203
4654.1500 4.91024469
4654.2000 4.92517734
4654.2500 4.94010999
4654.3000 4.98499741
4654.3500 5.04042161
4654.4000 5.09584581
4654.4500 5.15127002
4654.5000 5.1453813
4654.5500 5.10760821
4654.6000 5.06983511
4654.6500 5.03206202
4654.7000 5.03251053
4654.7500 5.06096177
4654.8000 5.08941301
4654.8500 5.11786425
4654.9000 5.11505092
4654.9500 5.08067016
4655.0000 5.0462894
4655.0500 5.01190864
4655.1000 5.00290776
4655.1500 5.0290717
4655.2000 5.05523565
4655.2500 5.0813996
4655.3000 5.09700572
4655.3500 5.09229537
4655.4000 5.08758502
4655.4500 5.08287467
4655.5000 5.07872442
4655.5500 5.07612053
4655.6000 5.07351665
4655.6500 5.07091276
4655.7000 5.0668837
4655.7500 5.05681825
4655.8000 5.04675279
4655.8500 5.03668733
4655.9000 5.03160547
4655.9500 5.06403552
4656.0000 5.09646558
4656.0500 5.12889564
4656.1000 5.15813703
4656.1500 5.11925336
4656.2000 5.08036969
4656.2500 5.04148602
4656.3000 5.00260235
4656.3500 5.02500222
4656.4000 5.04908185
4656.4500 5.07316148
4656.5000 5.0972411
4656.5500 5.06636273
4656.6000 5.02958745
4656.6500 4.99281218
4656.7000 4.95603691
4656.7500 4.99655352
4656.8000 5.05244928
4656.8500 5.10834503
4656.9000 5.16424079
4656.9500 5.1600123
4657.0000 5.13743348
4657.0500 5.11485467
4657.1000 5.09227585
4657.1500 5.07985289
4657.2000 5.07179388
4657.2500 5.06373486
4657.3000 5.05567584
4657.3500 5.04937267
4657.4000 5.04408354
4657.4500 5.03879441
4657.5000 5.03350528
4657.5500 5.03483133
4657.6000 5.04115728
4657.6500 5.04748323
4657.7000 5.05380917
4657.7500 5.05264054
4657.8000 5.0441648
4657.8500 5.03568906
4657.9000 5.02721332
4657.9500 5.02893113
4658.0000 5.04339815
4658.0500 5.05786517
4658.1000 5.07233218
4658.1500 5.07396167
4658.2000 5.05494939
4658.2500 5.03593712
4658.3000 5.01692484
4658.3500 5.0280754
4658.4000 5.10222669
4658.4500 5.17637798
4658.5000 5.25052927
4658.5500 5.28655169
4658.6000 5.21695621
4658.6500 5.14736073
4658.7000 5.07776525
4658.7500 5.02698104
4658.8000 5.04786287
4658.8500 5.06874469
4658.9000 5.08962652
4658.9500 5.1102112
4659.0000 5.12913486
4659.0500 5.14805852
4659.1000 5.16698218
4659.1500 5.18377789
4659.2000 5.18070833
4659.2500 5.17763878
4659.3000 5.17456923
4659.3500 5.17122144
4659.4000 5.16167197
4659.4500 5.1521225
4659.5000 5.14257303
4659.5500 5.13302356
4659.6000 5.13594065
4659.6500 5.1389799
4659.7000 5.14201915
4659.7500 5.1450584
4659.8000 5.1409963
4659.8500 5.1364715
4659.9000 5.1319467
4659.9500 5.1274219
4660.0000 5.1436977
4660.0500 5.16258284
4660.1000 5.18146798
4660.1500 5.20035312
4660.2000 5.18698662
4660.2500 5.1674505
4660.3000 5.14791438
4660.3500 5.12837825
4660.4000 5.14255649
4660.4500 5.16561687
4660.5000 5.18867725
4660.5500 5.21173763
4660.6000 5.21072152
4660.6500 5.20145225
4660.7000 5.19218299
4660.7500 5.18291373
4660.8000 5.19170229
4660.8500 5.2082619
4660.9000 5.22482152
4660.9500 5.24138113
4661.0000 5.24045373
4661.0500 5.23030436
4661.1000 5.22015498
4661.1500 5.21000561
4661.2000 5.20679709
4661.2500 5.20799838
4661.3000 5.20919966
4661.3500 5.21040095
4661.4000 5.21441756
4661.4500 5.22056287
4661.5000 5.22670818
4661.5500 5.23285349
4661.6000 5.23291907
4661.6500 5.22756208
4661.7000 5.22220509
4661.7500 5.2168481
4661.8000 5.20717551
4661.8500 5.19299085
4661.9000 5.17880619
4661.9500 5.16462152
4662.0000 5.15943432
4662.0500 5.16522826
4662.1000 5.1710222
4662.1500 5.17681614
4662.2000 5.19048465
4662.2500 5.21534448
4662.3000 5.24020431
4662.3500 5.26506414
4662.4000 5.2658746
4662.4500 5.22691971
4662.5000 5.18796481
4662.5500 5.14900992
4662.6000 5.12962765
4662.6500 5.14792162
4662.7000 5.1662156
4662.7500 5.18450958
4662.8000 5.19722807
4662.8500 5.1974252
4662.9000 5.19762233
4662.9500 5.19781946
4663.0000 5.18375899
4663.0500 5.1322002
4663.1000 5.08064141
4663.1500 5.02908262
4663.2000 4.99401087
4663.2500 5.01000937
4663.3000 5.02600788
4663.3500 5.04200638
4663.4000 5.05975278
4663.4500 5.08392686
4663.5000 5.10810094
4663.5500 5.13227502
4663.6000 5.14669198
4663.6500 5.11804685
4663.7000 5.08940172
4663.7500 5.06075659
4663.8000 5.04324779
4663.8500 5.08560638
4663.9000 5.12796497
4663.9500 5.17032355
4664.0000 5.20334119
4664.0500 5.1739232
4664.1000 5.14450521
4664.1500 5.11508722
4664.2000 5.08893681
4664.2500 5.0907514
4664.3000 5.09256599
4664.3500 5.09438058
4664.4000 5.09618276
4664.4500 5.0978428
4664.5000 5.09950283
4664.5500 5.10116287
4664.6000 5.10230322
4664.6500 5.0948675
4664.7000 5.08743179
4664.7500 5.07999607
4664.8000 5.07286573
4664.8500 5.07411299
4664.9000 5.07536024
4664.9500 5.0766075
4665.0000 5.07767079
4665.0500 5.06613166
4665.1000 5.05459254
4665.1500 5.04305342
4665.2000 5.0315143
4665.2500 5.04954251
4665.3000 5.06772551
4665.3500 5.08590851
4665.4000 5.10409151
4665.4500 5.07559967
4665.5000 5.04597882
4665.5500 5.01635798
4665.6000 4.98673713
4665.6500 4.9995017
4665.7000 5.01407105
4665.7500 5.02864041
4665.8000 5.04320976
4665.8500 5.05510542
4665.9000 5.06683984
4665.9500 5.07857425
4666.0000 5.09030866
4666.0500 5.09216009
4666.1000 5.09324785
4666.1500 5.0943356
4666.2000 5.09542336
4666.2500 5.08662619
4666.3000 5.07690612
4666.3500 5.06718606
4666.4000 5.05746599
4666.4500 5.09698482
4666.5000 5.14184529
4666.5500 5.18670577
4666.6000 5.23156624
4666.6500 5.20421297
4666.7000 5.1680114
4666.7500 5.13180983
4666.8000 5.09560826
4666.8500 5.1022468
4666.9000 5.1146859
4666.9500 5.127125
4667.0000 5.13956411
4667.0500 5.14962142
4667.1000 5.15932859
4667.1500 5.16903577
4667.2000 5.17874295
4667.2500 5.16300262
4667.3000 5.14326062
4667.3500 5.12351861
4667.4000 5.1037766
4667.4500 5.10553168
4667.5000 5.11085668
4667.5500 5.11618169
4667.6000 5.12150669
4667.6500 5.1259748
4667.7000 5.13029434
4667.7500 5.13461388
4667.8000 5.13893341
4667.8500 5.12305627
4667.9000 5.10356154
4667.9500 5.08406682
4668.0000 5.06457209
4668.0500 5.06009689
4668.1000 5.05837398
4668.1500 5.05665106
4668.2000 5.05492815
4668.2500 5.07737478
4668.3000 5.10431041
4668.3500 5.13124604
4668.4000 5.15818168
4668.4500 5.1943563
4668.5000 5.23225439
4668.5500 5.27015248
4668.6000 5.30805057
4668.6500 5.28217786
4668.7000 5.24446428
4668.7500 5.2067507
4668.8000 5.16903712
4668.8500 5.16405813
4668.9000 5.1650743
4668.9500 5.16609047
4669.0000 5.16710663
4669.0500 5.1558941
4669.1000 5.14249309
4669.1500 5.12909209
4669.2000 5.11569109
4669.2500 5.1072625
4669.3000 5.09969496
4669.3500 5.09212741
4669.4000 5.08455987
4669.4500 5.09101156
4669.5000 5.09978761
4669.5500 5.10856366
4669.6000 5.1173397
4669.6500 5.1373217
4669.7000 5.15906218
4669.7500 5.18080266
4669.8000 5.20254314
4669.8500 5.18057372
4669.9000 5.15219587
4669.9500 5.12381801
4670.0000 5.09544016
4670.0500 5.07650576
4670.1000 5.0588457
4670.1500 5.04118564
4670.2000 5.02352557
4670.2500 5.05264898
4670.3000 5.08748005
4670.3500 5.12231112
4670.4000 5.15714219
4670.4500 5.13845692
4670.5000 5.11399814
4670.5500 5.08953935
4670.6000 5.06508057
4670.6500 5.06424458
4670.7000 5.0655981
4670.7500 5.06695163
4670.8000 5.06830515
4670.8500 5.06885146
4670.9000 5.06933601
4670.9500 5.06982056
4671.0000 5.07030511
4671.0500 5.07130593
4671.1000 5.07233745
4671.1500 5.07336897
4671.2000 5.07440048
4671.2500 5.09219598
4671.3000 5.1106897
4671.3500 5.12918343
4671.4000 5.14767716
4671.4500 5.14654346
4671.5000 5.14495498
4671.5500 5.14336651
4671.6000 5.14177803
4671.6500 5.14125118
4671.7000 5.14072871
4671.7500 5.14020624
4671.8000 5.13940792
4671.8500 5.12123394
4671.9000 5.10305995
4671.9500 5.08488596
4672.0000 5.06644973
4672.0500 5.04110313
4672.1000 5.01575653
4672.1500 4.99040993
4672.2000 4.96916082
4672.2500 5.01362528
4672.3000 5.05808973
4672.3500 5.10255419
4672.4000 5.14353219
4672.4500 5.14549208
4672.5000 5.14745198
4672.5500 5.14941188
4672.6000 5.15112789
4672.6500 5.15079907
4672.7000 5.15047024
4672.7500 5.15014141
4672.8000 5.14720109
4672.8500 5.12713125
4672.9000 5.1070614
4672.9500 5.08699155
4673.0000 5.07141137
4673.0500 5.07953957
4673.1000 5.08766777
4673.1500 5.09579597
4673.2000 5.09591272
4673.2500 5.06127906
4673.3000 5.0266454
4673.3500 4.99201174
4673.4000 4.96598331
4673.4500 4.97106302
4673.5000 4.97614273
4673.5500 4.98122243
4673.6000 4.98938915
4673.6500 5.00695586
4673.7000 5.02452257
4673.7500 5.04208928
4673.8000 5.05268964
4673.8500 5.04528319
4673.9000 5.03787674
4673.9500 5.03047029
4674.0000 5.03269206
4674.0500 5.05615604
4674.1000 5.07962003
4674.1500 5.10308401
4674.2000 5.10787465
4674.2500 5.07737436
4674.3000 5.04687407
4674.3500 5.01637377
4674.4000 5.00236016
4674.4500 5.01508943
4674.5000 5.02781871
4674.5500 5.04054799
4674.6000 5.04580471
4674.6500 5.04065371
4674.7000 5.03550271
4674.7500 5.03035171
4674.8000 5.03353866
4674.8500 5.04668582
4674.9000 5.05983298
4674.9500 5.07298014
4675.0000 5.07557302
4675.0500 5.06738228
4675.1000 5.05919153
4675.1500 5.05100079
4675.2000 5.04795967
4675.2500 5.04939828
4675.3000 5.05083688
4675.3500 5.05227548
4675.4000 5.04842217
4675.4500 5.04067577
4675.5000 5.03292938
4675.5500 5.02518298
4675.6000 5.01171596
4675.6500 4.9947236
4675.7000 4.97773125
4675.7500 4.96073889
4675.8000 4.96724833
4675.8500 4.98573088
4675.9000 5.00421343
4675.9500 5.02269599
4676.0000 5.02690589
4676.0500 5.02521425
4676.1000 5.02352262
4676.1500 5.02183098
4676.2000 5.03374345
4676.2500 5.0501026
4676.3000 5.06646176
4676.3500 5.08282091
4676.4000 5.05174152
4676.4500 5.00888023
4676.5000 4.96601894
4676.5500 4.92315764
4676.6000 4.9553138
4676.6500 5.00074468
4676.7000 5.04617557
4676.7500 5.09160645
4676.8000 5.06741259
4676.8500 5.03543599
4676.9000 5.0034594
4676.9500 4.9714828
4677.0000 4.98473652
4677.0500 5.00034709
4677.1000 5.01595766
4677.1500 5.0316158
4677.2000 5.06486765
4677.2500 5.0981195
4677.3000 5.13137136
4677.3500 5.16419686
4677.4000 5.18985283
4677.4500 5.2155088
4677.5000 5.24116477
4677.5500 5.2598704
4677.6000 5.22278037
4677.6500 5.18569033
4677.7000 5.14860029
4677.7500 5.1138743
4677.8000 5.09097254
4677.8500 5.06807078
4677.9000 5.04516902
4677.9500 5.02056039
4678.0000 4.99002775
4678.0500 4.95949512
4678.1000 4.92896248
4678.1500 4.90663797
4678.2000 4.90521735
4678.2500 4.90379673
4678.3000 4.9023761
4678.3500 4.91129937
4678.4000 4.94017449
4678.4500 4.96904961
4678.5000 4.99792473
4678.5500 5.0052954
4678.6000 4.98069305
4678.6500 4.95609069
4678.7000 4.93148834
4678.7500 4.90960679
4678.8000 4.89086794
4678.8500 4.87212909
4678.9000 4.85339024
4678.9500 4.8593619
4679.0000 4.88749975
4679.0500 4.91563759
4679.1000 4.94377544
4679.1500 4.97822763
4679.2000 5.01704125
4679.2500 5.05585487
4679.3000 5.09466849
4679.3500 5.08127009
4679.4000 5.04061378
4679.4500 4.99995746
4679.5000 4.95930115
4679.5500 4.94713311
4679.6000 4.94583856
4679.6500 4.94454402
4679.7000 4.94324948
4679.7500 4.95813016
4679.8000 4.97726613
4679.8500 4.99640211
4679.9000 5.01553808
4679.9500 5.00399676
4680.0000 4.98749863
4680.0500 4.97100051
4680.1000 4.95450239
4680.1500 4.96927761
4680.2000 4.98636019
4680.2500 5.00344278
4680.3000 5.02041917
4680.3500 5.00081926
4680.4000 4.98121934
4680.4500 4.96161942
4680.5000 4.942279
4680.5500 4.92610632
4680.6000 4.90993363
4680.6500 4.89376095
4680.7000 4.88477708
4680.7500 4.91660933
4680.8000 4.94844159
4680.8500 4.98027385
4680.9000 4.99730176
4680.9500 4.96333762
4681.0000 4.92937349
4681.0500 4.89540936
4681.1000 4.87085577
4681.1500 4.86810725
4681.2000 4.86535872
4681.2500 4.8626102
4681.3000 4.86320385
4681.3500 4.86927018
4681.4000 4.87533652
4681.4500 4.88140285
4681.5000 4.88485291
4681.5500 4.88520748
4681.6000 4.88556206
4681.6500 4.88591664
4681.7000 4.90055674
4681.7500 4.92745603
4681.8000 4.95435533
4681.8500 4.98125462
4681.9000 4.97866949
4681.9500 4.95797504
4682.0000 4.93728058
4682.0500 4.91658613
4682.1000 4.92274347
4682.1500 4.94029654
4682.2000 4.9578496
4682.2500 4.97540266
4682.3000 4.95758143
4682.3500 4.9301189
4682.4000 4.90265636
4682.4500 4.87519383
4682.5000 4.88181022
4682.5500 4.89348239
4682.6000 4.90515456
4682.6500 4.91682673
4682.7000 4.94450943
4682.7500 4.97291122
4682.8000 5.001313
4682.8500 5.02784061
4682.9000 5.01407214
4682.9500 5.00030368
4683.0000 4.98653522
4683.0500 4.97079739
4683.1000 4.94223157
4683.1500 4.91366575
4683.2000 4.88509993
4683.2500 4.87262108
4683.3000 4.9162091
4683.3500 4.95979713
4683.4000 5.00338515
4683.4500 5.01706248
4683.5000 4.96540546
4683.5500 4.91374844
4683.6000 4.86209143
4683.6500 4.84091134
4683.7000 4.86425678
4683.7500 4.88760223
4683.8000 4.91094767
4683.8500 4.91959832
4683.9000 4.9135467
4683.9500 4.90749508
4684.0000 4.90144346
4684.0500 4.92387162
4684.1000 4.9657156
4684.1500 5.00755959
4684.2000 5.04940358
4684.2500 5.03731763
4684.3000 5.00106936
4684.3500 4.96482108
4684.4000 4.92857281
4684.4500 4.90793785
4684.5000 4.89150883
4684.5500 4.8750798
4684.6000 4.85865078
4684.6500 4.8688545
4684.7000 4.88247819
4684.7500 4.89610188
4684.8000 4.90972557
4684.8500 4.91730386
4684.9000 4.92479531
4684.9500 4.93228676
4685.0000 4.93826283
4685.0500 4.92827598
4685.1000 4.91828913
4685.1500 4.90830228
4685.2000 4.90386349
4685.2500 4.92326467
4685.3000 4.94266585
4685.3500 4.96206702
4685.4000 4.97333691
4685.4500 4.96490033
4685.5000 4.95646375
4685.5500 4.94802717
4685.6000 4.94307221
4685.6500 4.94341363
4685.7000 4.94375505
4685.7500 4.94409646
4685.8000 4.94471995
4685.8500 4.94562281
4685.9000 4.94652567
4685.9500 4.94742854
4686.0000 4.95078665
4686.0500 4.95571865
4686.1000 4.96065065
4686.1500 4.96558265
4686.2000 4.96816058
4686.2500 4.96981201
4686.3000 4.97146344
4686.3500 4.97311487
4686.4000 4.95784433
4686.4500 4.93903433
4686.5000 4.92022433
4686.5500 4.90141433
4686.6000 4.91778166
4686.6500 4.93648694
4686.7000 4.95519223
4686.7500 4.97257309
4686.8000 4.9645594
4686.8500 4.9565457
4686.9000 4.948532
4686.9500 4.94107953
4687.0000 4.93651557
4687.0500 4.93195161
4687.1000 4.92738766
4687.1500 4.92017608
4687.2000 4.90605489
4687.2500 4.8919337
4687.3000 4.8778125
4687.3500 4.86805676
4687.4000 4.86505493
4687.4500 4.86205311
4687.5000 4.85905128
4687.5500 4.87079711
4687.6000 4.89674643
4687.6500 4.92269574
4687.7000 4.94864505
4687.7500 4.94290084
4687.8000 4.91833662
4687.8500 4.8937724
4687.9000 4.86920819
4687.9500 4.89005475
4688.0000 4.92630718
4688.0500 4.9625596
4688.1000 4.99881203
4688.1500 4.95691577
4688.2000 4.90304896
4688.2500 4.84918215
4688.3000 4.79531534
4688.3500 4.80137627
4688.4000 4.80811072
4688.4500 4.81484518
4688.5000 4.82230147
4688.5500 4.83549064
4688.6000 4.8486798
4688.6500 4.86186896
4688.7000 4.87384465
4688.7500 4.88189218
4688.8000 4.88993971
4688.8500 4.89798724
4688.9000 4.89523913
4688.9500 4.87341634
4689.0000 4.85159355
4689.0500 4.82977076
4689.1000 4.81759855
4689.1500 4.81554927
4689.2000 4.81349999
4689.2500 4.81145071
4689.3000 4.81892443
4689.3500 4.83233642
4689.4000 4.84574841
4689.4500 4.8591604
4689.5000 4.8829983
4689.5500 4.91040425
4689.6000 4.93781021
4689.6500 4.96521617
4689.7000 4.98493563
4689.7500 5.00356068
4689.8000 5.02218573
4689.8500 5.04046593
4689.9000 5.00934506
4689.9500 4.97822419
4690.0000 4.94710331
4690.0500 4.92060841
4690.1000 4.92259327
4690.1500 4.92457814
4690.2000 4.926563
4690.2500 4.93484264
4690.3000 4.95982063
4690.3500 4.98479863
4690.4000 5.00977662
4690.4500 5.0100601
4690.5000 4.97466562
4690.5500 4.93927115
4690.6000 4.90387668
4690.6500 4.89904127
4690.7000 4.9196631
4690.7500 4.94028493
4690.8000 4.96090676
4690.8500 4.96016018
4690.9000 4.94950855
4690.9500 4.93885692
4691.0000 4.92820529
4691.0500 4.92736137
4691.1000 4.92863765
4691.1500 4.92991392
4691.2000 4.9311902
4691.2500 4.94824608
4691.3000 4.96591749
4691.3500 4.9835889
4691.4000 4.9940911
4691.4500 4.94276148
4691.5000 4.89143185
4691.5500 4.84010223
4691.6000 4.80772024
4691.6500 4.83323242
4691.7000 4.8587446
4691.7500 4.88425678
4691.8000 4.91635959
4691.8500 4.95874933
4691.9000 5.00113907
4691.9500 5.04352881
4692.0000 5.0442238
4692.0500 5.00877389
4692.1000 4.97332399
4692.1500 4.93787408
4692.2000 4.93232055
4692.2500 4.94070441
4692.3000 4.94908827
4692.3500 4.95747212
4692.4000 4.94287662
4692.4500 4.92356343
4692.5000 4.90425023
4692.5500 4.88493704
4692.6000 4.90057949
4692.6500 4.91698875
4692.7000 4.93339801
4692.7500 4.94994382
4692.8000 4.96741462
4692.8500 4.98488541
4692.9000 5.00235621
4692.9500 5.0098637
4693.0000 4.99174905
4693.0500 4.9736344
4693.1000 4.95551975
4693.1500 4.94585798
4693.2000 4.94728462
4693.2500 4.94871125
4693.3000 4.95013789
4693.3500 4.96179629
4693.4000 4.98067173
4693.4500 4.99954717
4693.5000 5.01842262
4693.5500 5.00260324
4693.6000 4.97468546
4693.6500 4.94676769
4693.7000 4.91884992
4693.7500 4.90051494
4693.8000 4.88327136
4693.8500 4.86602779
4693.9000 4.849415
4693.9500 4.84357891
4694.0000 4.83774283
4694.0500 4.83190675
4694.1000 4.83894928
4694.1500 4.89327121
4694.2000 4.94759313
4694.2500 5.00191506
4694.3000 5.03140464
4694.3500 5.01934865
4694.4000 5.00729266
4694.4500 4.99523668
4694.5000 4.97831337
4694.5500 4.95716593
4694.6000 4.93601849
4694.6500 4.91487105
4694.7000 4.89279264
4694.7500 4.87031122
4694.8000 4.8478298
4694.8500 4.82534837
4694.9000 4.86184412
4694.9500 4.90781066
4695.0000 4.95377721
4695.0500 4.99792239
4695.1000 4.97549495
4695.1500 4.95306752
4695.2000 4.93064008
4695.2500 4.91050822
4695.3000 4.899983
4695.3500 4.88945779
4695.4000 4.87893258
4695.4500 4.86337765
4695.5000 4.83889464
4695.5500 4.81441163
4695.6000 4.78992862
4695.6500 4.79945286
4695.7000 4.83924633
4695.7500 4.8790398
4695.8000 4.91883328
4695.8500 4.92084042
4695.9000 4.90657995
4695.9500 4.89231948
4696.0000 4.87805901
4696.0500 4.84612357
4696.1000 4.81155321
4696.1500 4.77698284
4696.2000 4.74472839
4696.2500 4.76436306
4696.3000 4.78399773
4696.3500 4.8036324
4696.4000 4.81591592
4696.4500 4.80158538
4696.5000 4.78725483
4696.5500 4.77292428
4696.6000 4.76726542
4696.6500 4.77509135
4696.7000 4.78291727
4696.7500 4.7907432
4696.8000 4.79802777
4696.8500 4.80489989
4696.9000 4.81177202
4696.9500 4.81864415
4697.0000 4.831742
4697.0500 4.84697049
4697.1000 4.86219899
4697.1500 4.87742748
4697.2000 4.85224247
4697.2500 4.82372017
4697.3000 4.79519788
4697.3500 4.77063705
4697.4000 4.78033048
4697.4500 4.7900239
4697.5000 4.79971732
4697.5500 4.80559638
4697.6000 4.80189892
4697.6500 4.79820146
4697.7000 4.794504
4697.7500 4.79979063
4697.8000 4.81531934
4697.8500 4.83084805
4697.9000 4.84637675
4697.9500 4.84219334
4698.0000 4.82744085
4698.0500 4.81268837
4698.1000 4.79793588
4698.1500 4.78480674
4698.2000 4.77199629
4698.2500 4.75918583
4698.3000 4.74683145
4698.3500 4.75467171
4698.4000 4.76251196
4698.4500 4.77035221
4698.5000 4.77314235
4698.5500 4.75687918
4698.6000 4.74061602
4698.6500 4.72435285
4698.7000 4.71374659
4698.7500 4.71168956
4698.8000 4.70963253
4698.8500 4.7075755
4698.9000 4.72304511
4698.9500 4.75078848
4699.0000 4.77853184
4699.0500 4.80627521
4699.1000 4.78610513
4699.1500 4.75236729
4699.2000 4.71862945
4699.2500 4.68489161
4699.3000 4.71184362
4699.3500 4.74055971
4699.4000 4.7692758
4699.4500 4.79533093
4699.5000 4.80796301
4699.5500 4.82059509
4699.6000 4.83322717
4699.6500 4.82874329
4699.7000 4.79388115
4699.7500 4.75901901
4699.8000 4.72415687
4699.8500 4.71941261
4699.9000 4.73866373
4699.9500 4.75791486
4700.0000 4.77716598
4700.0500 4.78874989
4700.1000 4.79783249
4700.1500 4.8069151
4700.2000 4.8159977
4700.2500 4.80721917
4700.3000 4.7975541
4700.3500 4.78788902
4700.4000 4.78176069
4700.4500 4.79526267
4700.5000 4.80876464
4700.5500 4.82226662
4700.6000 4.82617864
4700.6500 4.8125802
4700.7000 4.79898175
4700.7500 4.78538331
4700.8000 4.76285973
4700.8500 4.73321827
4700.9000 4.70357681
4700.9500 4.67393535
4701.0000 4.66288534
4701.0500 4.65770505
4701.1000 4.65252476
4701.1500 4.64734447
4701.2000 4.70164697
4701.2500 4.75810642
4701.3000 4.81456587
4701.3500 4.85287556
4701.4000 4.80333916
4701.4500 4.75380275
4701.5000 4.70426635
4701.5500 4.67731748
4701.6000 4.68742442
4701.6500 4.69753137
4701.7000 4.70763831
4701.7500 4.72471431
4701.8000 4.74668458
4701.8500 4.76865485
4701.9000 4.79062512
4701.9500 4.77485677
4702.0000 4.74950217
4702.0500 4.72414758
4702.1000 4.69879847
4702.1500 4.67407606
4702.2000 4.64935365
4702.2500 4.62463124
4702.3000 4.61037181
4702.3500 4.63295209
4702.4000 4.65553238
4702.4500 4.67811266
4702.5000 4.68436708
4702.5500 4.66941281
4702.6000 4.65445854
4702.6500 4.63950428
4702.7000 4.62796732
4702.7500 4.61827064
4702.8000 4.60857395
4702.8500 4.59887727
4702.9000 4.63132922
4702.9500 4.67028855
4703.0000 4.70924788
4703.0500 4.74018081
4703.1000 4.68335489
4703.1500 4.62652896
4703.2000 4.56970304
4703.2500 4.53030859
4703.3000 4.53108953
4703.3500 4.53187046
4703.4000 4.5326514
4703.4500 4.54443749
4703.5000 4.56627483
4703.5500 4.58811217
4703.6000 4.60994952
4703.6500 4.61352124
4703.7000 4.61080697
4703.7500 4.6080927
4703.8000 4.60537843
4703.8500 4.6312991
4703.9000 4.65821089
4703.9500 4.68512269
4704.0000 4.69993717
4704.0500 4.66330708
4704.1000 4.626677
4704.1500 4.59004691
4704.2000 4.57897118
4704.2500 4.60384639
4704.3000 4.6287216
4704.3500 4.65359681
4704.4000 4.67764716
4704.4500 4.70123721
4704.5000 4.72482727
4704.5500 4.74841733
4704.6000 4.72435633
4704.6500 4.69314133
4704.7000 4.66192634
4704.7500 4.63375399
4704.8000 4.63347641
4704.8500 4.63319883
4704.9000 4.63292124
4704.9500 4.63607641
4705.0000 4.64624875
4705.0500 4.6564211
4705.1000 4.66659344
4705.1500 4.67617321
4705.2000 4.6852872
4705.2500 4.69440119
4705.3000 4.70351518
4705.3500 4.70357131
4705.4000 4.70125694
4705.4500 4.69894257
4705.5000 4.69640571
4705.5500 4.68570017
4705.6000 4.67499462
4705.6500 4.66428907
4705.7000 4.65225682
4705.7500 4.63648198
4705.8000 4.62070713
4705.8500 4.60493229
4705.9000 4.61474833
4705.9500 4.65034236
4706.0000 4.6859364
4706.0500 4.72153043
4706.1000 4.72891005
4706.1500 4.7261645
4706.2000 4.72341896
4706.2500 4.72067341
4706.3000 4.71089439
4706.3500 4.70093431
4706.4000 4.69097423
4706.4500 4.68504393
4706.5000 4.69381285
4706.5500 4.70258178
4706.6000 4.7113507
4706.6500 4.70064073
4706.7000 4.66675718
4706.7500 4.63287362
4706.8000 4.59899007
4706.8500 4.58817407
4706.9000 4.58726864
4706.9500 4.5863632
4707.0000 4.58545777
4707.0500 4.61418936
4707.1000 4.64469441
4707.1500 4.67519946
4707.2000 4.69728275
4707.2500 4.68319625
4707.3000 4.66910975
4707.3500 4.65502325
4707.4000 4.63269618
4707.4500 4.59968572
4707.5000 4.56667527
4707.5500 4.53366481
4707.6000 4.5537274
4707.6500 4.59838652
4707.7000 4.64304563
4707.7500 4.68770475
4707.8000 4.70161015
4707.8500 4.71328755
4707.9000 4.72496495
4707.9500 4.72895175
4708.0000 4.69856828
4708.0500 4.66818482
4708.1000 4.63780135
4708.1500 4.62200607
4708.2000 4.62519642
4708.2500 4.62838677
4708.3000 4.63157712
4708.3500 4.6363074
4708.4000 4.64173781
4708.4500 4.64716822
4708.5000 4.65259863
4708.5500 4.63208173
4708.6000 4.60995702
4708.6500 4.58783231
4708.7000 4.57395748
4708.7500 4.59368366
4708.8000 4.61340983
4708.8500 4.63313601
4708.9000 4.64419542
4708.9500 4.64482639
4709.0000 4.64545736
4709.0500 4.64608833
4709.1000 4.65154438
4709.1500 4.65895323
4709.2000 4.66636208
4709.2500 4.67377092
4709.3000 4.62132548
4709.3500 4.56710347
4709.4000 4.51288146
4709.4500 4.47069885
4709.5000 4.4684307
4709.5500 4.46616254
4709.6000 4.46389439
4709.6500 4.4732666
4709.7000 4.49458282
4709.7500 4.51589903
4709.8000 4.53721524
4709.8500 4.55315541
4709.9000 4.56736672
4709.9500 4.58157802
4710.0000 4.59560897
4710.0500 4.60124871
4710.1000 4.60688846
4710.1500 4.6125282
4710.2000 4.62163498
4710.2500 4.63936809
4710.3000 4.6571012
4710.3500 4.6748343
4710.4000 4.68391638
4710.4500 4.68602292
4710.5000 4.68812946
4710.5500 4.690236
4710.6000 4.70834226
4710.6500 4.72991778
4710.7000 4.7514933
4710.7500 4.76735901
4710.8000 4.72637844
4710.8500 4.68539788
4710.9000 4.64441732
4710.9500 4.61077044
4711.0000 4.5900476
4711.0500 4.56932477
4711.1000 4.54860193
4711.1500 4.55230865
4711.2000 4.57011595
4711.2500 4.58792325
4711.3000 4.60573055
4711.3500 4.65402106
4711.4000 4.70542491
4711.4500 4.75682877
4711.5000 4.79726752
4711.5500 4.78839067
4711.6000 4.77951382
4711.6500 4.77063697
4711.7000 4.74806708
4711.7500 4.70927616
4711.8000 4.67048525
4711.8500 4.63169434
4711.9000 4.60425789
4711.9500 4.58091801
4712.0000 4.55757812
4712.0500 4.53457314
4712.1000 4.53647758
4712.1500 4.53838203
4712.2000 4.54028647
4712.2500 4.54809218
4712.3000 4.57014148
4712.3500 4.59219077
4712.4000 4.61424007
4712.4500 4.62333363
4712.5000 4.6228078
4712.5500 4.62228198
4712.6000 4.62175615
4712.6500 4.60510579
4712.7000 4.58574564
4712.7500 4.56638549
4712.8000 4.5487322
4712.8500 4.54159588
4712.9000 4.53445955
4712.9500 4.52732323
4713.0000 4.53200006
4713.0500 4.55269727
4713.1000 4.57339447
4713.1500 4.59409168
4713.2000 4.57093396
4713.2500 4.5299061
4713.3000 4.48887825
4713.3500 4.44785039
4713.4000 4.46197226
4713.4500 4.47621386
4713.5000 4.49045546
4713.5500 4.50092279
4713.6000 4.50198883
4713.6500 4.50305487
4713.7000 4.50412091
4713.7500 4.50503533
4713.8000 4.5058383
4713.8500 4.50664128
4713.9000 4.50744425
4713.9500 4.50975392
4714.0000 4.51229361
4714.0500 4.51483331
4714.1000 4.51129332
4714.1500 4.4758392
4714.2000 4.44038507
4714.2500 4.40493094
4714.3000 4.39880481
4714.3500 4.42798317
4714.4000 4.45716154
4714.4500 4.4863399
4714.5000 4.50896695
4714.5500 4.52939618
4714.6000 4.54982541
4714.6500 4.56874485
4714.7000 4.55570241
4714.7500 4.54265997
4714.8000 4.52961752
4714.8500 4.52217897
4714.9000 4.52548869
4714.9500 4.5287984
4715.0000 4.53210812
4715.0500 4.52667419
4715.1000 4.51635553
4715.1500 4.50603688
4715.2000 4.49571822
4715.2500 4.46511275
4715.3000 4.43325216
4715.3500 4.40139158
4715.4000 4.38702538
4715.4500 4.42710512
4715.5000 4.46718487
4715.5500 4.50726461
4715.6000 4.51904542
4715.6500 4.50728667
4715.7000 4.49552791
4715.7500 4.48376916
4715.8000 4.47814051
4715.8500 4.47359435
4715.9000 4.46904819
4715.9500 4.4656173
4716.0000 4.46825653
4716.0500 4.47089576
4716.1000 4.47353499
4716.1500 4.47487816
4716.2000 4.4747108
4716.2500 4.47454345
4716.3000 4.47437609
4716.3500 4.4777221
4716.4000 4.48211958
4716.4500 4.48651706
4716.5000 4.48765036
4716.5500 4.45062911
4716.6000 4.41360785
4716.6500 4.3765866
4716.7000 4.35604114
4716.7500 4.36134727
4716.8000 4.36665341
4716.8500 4.37195955
4716.9000 4.3821957
4716.9500 4.39453498
4717.0000 4.40687425
4717.0500 4.41875148
4717.1000 4.39804275
4717.1500 4.37733402
4717.2000 4.3566253
4717.2500 4.35502991
4717.3000 4.39254414
4717.3500 4.43005836
4717.4000 4.46757258
4717.4500 4.4688167
4717.5000 4.44999896
4717.5500 4.43118123
4717.6000 4.41236349
4717.6500 4.36399146
4717.7000 4.31441161
4717.7500 4.26483176
4717.8000 4.24333021
4717.8500 4.29442618
4717.9000 4.34552215
4717.9500 4.39661811
4718.0000 4.43061086
4718.0500 4.45312276
4718.1000 4.47563466
4718.1500 4.49814656
4718.2000 4.50395039
4718.2500 4.50828331
4718.3000 4.51261623
4718.3500 4.51378149
4718.4000 4.50497694
4718.4500 4.49617239
4718.5000 4.48736784
4718.5500 4.46876233
4718.6000 4.44259354
4718.6500 4.41642475
4718.7000 4.39025595
4718.7500 4.39528982
4718.8000 4.40421798
4718.8500 4.41314613
4718.9000 4.42680129
4718.9500 4.45772155
4719.0000 4.48864181
4719.0500 4.51956208
4719.1000 4.5139076
4719.1500 4.47736304
4719.2000 4.44081848
4719.2500 4.40427392
4719.3000 4.40540184
4719.3500 4.41212857
4719.4000 4.41885531
4719.4500 4.42601228
4719.5000 4.43488611
4719.5500 4.44375995
4719.6000 4.45263378
4719.6500 4.46564833
4719.7000 4.48231354
4719.7500 4.49897875
4719.8000 4.51564397
4719.8500 4.53768221
4719.9000 4.5605676
4719.9500 4.58345299
4720.0000 4.60225507
4720.0500 4.60446077
4720.1000 4.60666647
4720.1500 4.60887217
4720.2000 4.59684868
4720.2500 4.57232776
4720.3000 4.54780685
4720.3500 4.52328594
4720.4000 4.48278392
4720.4500 4.43986504
4720.5000 4.39694616
4720.5500 4.37125967
4720.6000 4.41192646
4720.6500 4.45259324
4720.7000 4.49326003
4720.7500 4.49554028
4720.8000 4.4657716
4720.8500 4.43600293
4720.9000 4.40623425
4720.9500 4.42020239
4721.0000 4.43984782
4721.0500 4.45949325
4721.1000 4.47706605
4721.1500 4.48756165
4721.2000 4.49805725
4721.2500 4.50855286
4721.3000 4.52451142
4721.3500 4.5446041
4721.4000 4.56469679
4721.4500 4.58478948
4721.5000 4.5290382
4721.5500 4.4660812
4721.6000 4.40312419
4721.6500 4.36091617
4721.7000 4.37821446
4721.7500 4.39551275
4721.8000 4.41281105
4721.8500 4.41567283
4721.9000 4.40911444
4721.9500 4.40255605
4722.0000 4.39599766
4722.0500 4.35679625
4722.1000 4.315986
4722.1500 4.27517575
4722.2000 4.27088831
4722.2500 4.3509262
4722.3000 4.43096408
4722.3500 4.51100197
4722.4000 4.5295205
4722.4500 4.51530617
4722.5000 4.50109184
4722.5500 4.48694733
4722.6000 4.48825786
4722.6500 4.4895684
4722.7000 4.49087894
4722.7500 4.48560718
4722.8000 4.46850993
4722.8500 4.45141269
4722.9000 4.43431545
4722.9500 4.44984021
4723.0000 4.47856253
4723.0500 4.50728485
4723.1000 4.53257381
4723.1500 4.51054424
4723.2000 4.48851466
4723.2500 4.46648509
4723.3000 4.46364203
4723.3500 4.48679627
4723.4000 4.50995051
4723.4500 4.53310475
4723.5000 4.51045324
4723.5500 4.47510081
4723.6000 4.43974838
4723.6500 4.40358109
4723.7000 4.36251022
4723.7500 4.32143935
4723.8000 4.28036848
4723.8500 4.29709444
4723.9000 4.37084085
4723.9500 4.44458726
4724.0000 4.51833368
4724.0500 4.52424948
4724.1000 4.51963019
4724.1500 4.5150109
4724.2000 4.51483733
4724.2500 4.5296274
4724.3000 4.54441747
4724.3500 4.55920753
4724.4000 4.53790704
4724.4500 4.49192198
4724.5000 4.44593692
4724.5500 4.39995186
4724.6000 4.41413647
4724.6500 4.43083294
4724.7000 4.44752941
4724.7500 4.46674238
4724.8000 4.49112707
4724.8500 4.51551176
4724.9000 4.53989645
4724.9500 4.55323134
4725.0000 4.56174018
4725.0500 4.57024902
4725.1000 4.57495921
4725.1500 4.52592171
4725.2000 4.47688421
4725.2500 4.42784671
4725.3000 4.41764796
4725.3500 4.45742309
4725.4000 4.49719821
4725.4500 4.53697334
4725.5000 4.54350437
4725.5500 4.54223315
4725.6000 4.54096193
4725.6500 4.54338138
4725.7000 4.56218724
4725.7500 4.5809931
4725.8000 4.59979896
4725.8500 4.61820803
4725.9000 4.63630411
4725.9500 4.65440019
4726.0000 4.67249627
4726.0500 4.60849093
4726.1000 4.53883036
4726.1500 4.4691698
4726.2000 4.4255354
4726.2500 4.43892414
4726.3000 4.45231288
4726.3500 4.46570162
4726.4000 4.47301935
4726.4500 4.47764143
4726.5000 4.48226352
4726.5500 4.48973123
4726.6000 4.5333622
4726.6500 4.57699316
4726.7000 4.62062413
4726.7500 4.61679483
4726.8000 4.55604659
4726.8500 4.49529835
4726.9000 4.4345501
4726.9500 4.44619926
4727.0000 4.47187087
4727.0500 4.49754249
4727.1000 4.51904783
4727.1500 4.52596065
4727.2000 4.53287346
4727.2500 4.53978628
4727.3000 4.49244023
4727.3500 4.41007643
4727.4000 4.32771263
4727.4500 4.24534883
4727.5000 4.34159384
4727.5500 4.43878445
4727.6000 4.53597505
4727.6500 4.58357719
4727.7000 4.55129878
4727.7500 4.51902037
4727.8000 4.48674196
4727.8500 4.48109991
4727.9000 4.4832976
4727.9500 4.48549529
4728.0000 4.4865564
4728.0500 4.4818026
4728.1000 4.47704879
4728.1500 4.47229499
4728.2000 4.46447039
4728.2500 4.45419068
4728.3000 4.44391097
4728.3500 4.43363127
4728.4000 4.45790467
4728.4500 4.48402625
4728.5000 4.51014783
4728.5500 4.51454179
4728.6000 4.47751191
4728.6500 4.44048203
4728.7000 4.40345215
4728.7500 4.40069848
4728.8000 4.40997564
4728.8500 4.41925281
4728.9000 4.42322877
4728.9500 4.39399206
4729.0000 4.36475534
4729.0500 4.33551863
4729.1000 4.32727319
4729.1500 4.33716975
4729.2000 4.34706632
4729.2500 4.35696289
4729.3000 4.3391032
4729.3500 4.31936076
4729.4000 4.29961831
4729.4500 4.29827355
4729.5000 4.33298438
4729.5500 4.36769521
4729.6000 4.40240603
4729.6500 4.43988413
4729.7000 4.47833168
4729.7500 4.51677923
4729.8000 4.53907855
4729.8500 4.46582664
4729.9000 4.39257473
4729.9500 4.31932282
4730.0000 4.28929768
4730.0500 4.29465542
4730.1000 4.30001315
4730.1500 4.30537089
4730.2000 4.29383127
4730.2500 4.28152371
4730.3000 4.26921615
4730.3500 4.27607011
4730.4000 4.316335
4730.4500 4.35659988
4730.5000 4.39686477
4730.5500 4.37802497
4730.6000 4.34190188
4730.6500 4.30577879
4730.7000 4.26749946
4730.7500 4.21967819
4730.8000 4.17185691
4730.8500 4.12403563
4730.9000 4.12711773
4730.9500 4.1646737
4731.0000 4.20222968
4731.0500 4.23926483
4731.1000 4.2215716
4731.1500 4.20387838
4731.2000 4.18618515
4731.2500 4.19749009
4731.3000 4.24819645
4731.3500 4.29890282
4731.4000 4.34960918
4731.4500 4.36103198
4731.5000 4.36496072
4731.5500 4.36888947
4731.6000 4.3651873
4731.6500 4.33941825
4731.7000 4.3136492
4731.7500 4.28788015
4731.8000 4.26658082
4731.8500 4.24742939
4731.9000 4.22827795
4731.9500 4.21412227
4732.0000 4.24743637
4732.0500 4.28075046
4732.1000 4.31406456
4732.1500 4.31119273
4732.2000 4.27442383
4732.2500 4.23765493
4732.3000 4.20088603
4732.3500 4.20587336
4732.4000 4.21358477
4732.4500 4.22129618
4732.5000 4.23345624
4732.5500 4.25343966
4732.6000 4.27342308
4732.6500 4.2934065
4732.7000 4.31408271
4732.7500 4.33494578
4732.8000 4.35580885
4732.8500 4.35790667
4732.9000 4.29106241
4732.9500 4.22421815
4733.0000 4.15737389
4733.0500 4.14727469
4733.1000 4.16886568
4733.1500 4.19045667
4733.2000 4.20910474
4733.2500 4.18905864
4733.3000 4.16901255
4733.3500 4.14896645
4733.4000 4.13869045
4733.4500 4.13814462
4733.5000 4.13759879
4733.5500 4.13705295
4733.6000 4.12896795
4733.6500 4.12033884
4733.7000 4.11170973
4733.7500 4.10682021
4733.8000 4.10841768
4733.8500 4.11001515
4733.9000 4.11161262
4733.9500 4.11523512
4734.0000 4.11936393
4734.0500 4.12349275
4734.1000 4.12477683
4734.1500 4.1168316
4734.2000 4.10888638
4734.2500 4.10094115
4734.3000 4.09145309
4734.3500 4.08121388
4734.4000 4.07097468
4734.4500 4.05741231
4734.5000 4.01718903
4734.5500 3.97696575
4734.6000 3.93674247
4734.6500 3.95680719
4734.7000 4.02611358
4734.7500 4.09541997
4734.8000 4.16472637
4734.8500 4.14134108
4734.9000 4.11714654
4734.9500 4.09295199
4735.0000 4.06010258
4735.0500 4.01594697
4735.1000 3.97179135
4735.1500 3.92763574
4735.2000 3.97526202
4735.2500 4.03574251
4735.3000 4.09622301
4735.3500 4.1246928
4735.4000 4.0857746
4735.4500 4.0468564
4735.5000 4.0079382
4735.5500 3.99407589
4735.6000 3.98777158
4735.6500 3.98146726
4735.7000 3.98386085
4735.7500 4.01786222
4735.8000 4.05186359
4735.8500 4.08586495
4735.9000 4.05237745
4735.9500 3.98484048
4736.0000 3.9173035
4736.0500 3.85711636
4736.1000 3.85357153
4736.1500 3.8500267
4736.2000 3.84648187
4736.2500 3.86338951
4736.3000 3.89595604
4736.3500 3.92852257
4736.4000 3.96133539
4736.4500 4.00671891
4736.5000 4.05210243
4736.5500 4.09748595
4736.6000 4.10041678
4736.6500 4.05612166
4736.7000 4.01182654
4736.7500 3.96753143
4736.8000 3.94598438
4736.8500 3.92617893
4736.9000 3.90637348
4736.9500 3.89481132
4737.0000 3.89637762
4737.0500 3.89794391
4737.1000 3.8995102
4737.1500 3.89656168
4737.2000 3.89277779
4737.2500 3.8889939
4737.3000 3.89196478
4737.3500 3.91044847
4737.4000 3.92893216
4737.4500 3.94741584
4737.5000 4.01695146
4737.5500 4.1022434
4737.6000 4.18753534
4737.6500 4.23908586
4737.7000 4.17527457
4737.7500 4.11146327
4737.8000 4.04765197
4737.8500 4.0254098
4737.9000 4.02186416
4737.9500 4.01831852
4738.0000 4.0214475
4738.0500 4.06108552
4738.1000 4.10072353
4738.1500 4.14036155
4738.2000 4.20117302
4738.2500 4.27492366
4738.3000 4.3486743
4738.3500 4.41054039
4738.4000 4.34947259
4738.4500 4.28840479
4738.5000 4.22733699
4738.5500 4.20116886
4738.6000 4.20276399
4738.6500 4.20435913
4738.7000 4.20635462
4738.7500 4.22274248
4738.8000 4.23913033
4738.8500 4.25551819
4738.9000 4.28756406
4738.9500 4.33536101
4739.0000 4.38315797
4739.0500 4.43095492
4739.1000 4.36804962
4739.1500 4.30187371
4739.2000 4.23569781
4739.2500 4.18389314
4739.3000 4.14998156
4739.3500 4.11606999
4739.4000 4.08215841
4739.4500 4.11530275
4739.5000 4.15420898
4739.5500 4.19311521
4739.6000 4.21738081
4739.6500 4.21946973
4739.7000 4.22155865
4739.7500 4.22364757
4739.8000 4.20548646
4739.8500 4.18445293
4739.9000 4.1634194
4739.9500 4.1434643
4740.0000 4.12546667
4740.0500 4.10746904
4740.1000 4.08947142
4740.1500 4.11183258
4740.2000 4.14211042
4740.2500 4.17238826
4740.3000 4.19537061
4740.3500 4.20271609
4740.4000 4.21006156
4740.4500 4.21740704
4740.5000 4.16038472
4740.5500 4.0874296
4740.6000 4.01447449
4740.6500 3.9616258
4740.7000 3.95888058
4740.7500 3.95613535
4740.8000 3.95339012
4740.8500 3.96270036
4740.9000 3.97556087
4740.9500 3.98842138
4741.0000 4.00482549
4741.0500 4.03131709
4741.1000 4.05780869
4741.1500 4.08430029
4741.2000 4.04446622
4741.2500 3.98237751
4741.3000 3.92028881
4741.3500 3.87542561
4741.4000 3.88544068
4741.4500 3.89545575
4741.5000 3.90547083
4741.5500 3.89469027
4741.6000 3.87623266
4741.6500 3.85777505
4741.7000 3.84930846
4741.7500 3.8756171
4741.8000 3.90192575
4741.8500 3.92823439
4741.9000 3.95372543
4741.9500 3.9788943
4742.0000 4.00406316
4742.0500 4.01898783
4742.1000 3.99602043
4742.1500 3.97305304
4742.2000 3.95008564
4742.2500 3.96202255
4742.3000 3.98824095
4742.3500 4.01445935
4742.4000 4.04127066
4742.4500 4.07034225
4742.5000 4.09941383
4742.5500 4.12848542
4742.6000 4.13274248
4742.6500 4.12673109
4742.7000 4.12071971
4742.7500 4.11957221
4742.8000 4.1369277
4742.8500 4.15428319
4742.9000 4.17163868
4742.9500 4.13277385
4743.0000 4.07098334
4743.0500 4.00919284
4743.1000 3.9722468
4743.1500 4.02662732
4743.2000 4.08100785
4743.2500 4.13538837
4743.3000 4.10553697
4743.3500 4.04272135
4743.4000 3.97990572
4743.4500 3.9345032
4743.5000 3.94910243
4743.5500 3.96370166
4743.6000 3.97830088
4743.6500 3.98673537
4743.7000 3.99291834
4743.7500 3.99910131
4743.8000 3.99447994
4743.8500 3.95590036
4743.9000 3.91732079
4743.9500 3.87874121
4744.0000 3.93818352
4744.0500 4.03002117
4744.1000 4.12185883
4744.1500 4.17910545
4744.2000 4.13950685
4744.2500 4.09990826
4744.3000 4.06030966
4744.3500 4.0095456
4744.4000 3.95556029
4744.4500 3.90157498
4744.5000 3.86234185
4744.5500 3.85916366
4744.6000 3.85598546
4744.6500 3.85280727
4744.7000 3.8343671
4744.7500 3.81225257
4744.8000 3.79013803
4744.8500 3.80049434
4744.9000 3.87893625
4744.9500 3.95737817
4745.0000 4.03582009
4745.0500 4.01490014
4745.1000 3.97522365
4745.1500 3.93554716
4745.2000 3.90323598
4745.2500 3.88397079
4745.3000 3.8647056
4745.3500 3.8454404
4745.4000 3.83704479
4745.4500 3.83010577
4745.5000 3.82316675
4745.5500 3.87551174
4745.6000 4.01525761
4745.6500 4.15500349
4745.7000 4.29474936
4745.7500 4.1877962
4745.8000 4.06165531
4745.8500 3.93551442
4745.9000 3.87275835
4745.9500 3.88658389
4746.0000 3.90040942
4746.0500 3.91423495
4746.1000 3.83131801
4746.1500 3.74634875
4746.2000 3.6613795
4746.2500 3.64112348
4746.3000 3.68380814
4746.3500 3.7264928
4746.4000 3.77001687
4746.4500 3.83601417
4746.5000 3.90201148
4746.5500 3.96800878
4746.6000 3.96574167
4746.6500 3.91121956
4746.7000 3.85669745
4746.7500 3.80685806
4746.8000 3.80003193
4746.8500 3.7932058
4746.9000 3.78637967
4746.9500 3.75471978
4747.0000 3.70855533
4747.0500 3.66239088
4747.1000 3.62651816
4747.1500 3.64244766
4747.2000 3.65837715
4747.2500 3.67430664
4747.3000 3.72393373
4747.3500 3.78789619
4747.4000 3.85185865
4747.4500 3.83605555
4747.5000 3.56586246
4747.5500 3.29566938
4747.6000 3.0254763
4747.6500 3.15252034
4747.7000 3.39343082
4747.7500 3.63434129
4747.8000 3.81263543
4747.8500 3.85606269
4747.9000 3.89948995
4747.9500 3.9429172
4748.0000 3.95348664
4748.0500 3.95863055
4748.1000 3.96377446
4748.1500 3.980755
4748.2000 4.01542857
4748.2500 4.05010214
4748.3000 4.08477571
4748.3500 4.0622064
4748.4000 4.03628943
4748.4500 4.01037245
4748.5000 3.99407477
4748.5500 3.98778853
4748.6000 3.9815023
4748.6500 3.97626743
4748.7000 3.99868622
4748.7500 4.021105
4748.8000 4.04352379
4748.8500 4.06983026
4748.9000 4.09889928
4748.9500 4.12796829
4749.0000 4.15147004
4749.0500 4.1389659
4749.1000 4.12646176
4749.1500 4.11395761
4749.2000 4.09917445
4749.2500 4.08334128
4749.3000 4.0675081
4749.3500 4.06093518
4749.4000 4.08423815
4749.4500 4.10754112
4749.5000 4.13084408
4749.5500 4.16519777
4749.6000 4.20248902
4749.6500 4.23978027
4749.7000 4.23252583
4749.7500 4.1405997
4749.8000 4.04867358
4749.8500 3.95674745
4749.9000 4.01126636
4749.9500 4.08190781
4750.0000 4.15254926
4750.0500 4.17759795
4750.1000 4.14875098
4750.1500 4.119904
4750.2000 4.09123046
4750.2500 4.07254195
4750.3000 4.05385343
4750.3500 4.03516492
4750.4000 4.0170114
4750.4500 3.99924971
4750.5000 3.98148801
4750.5500 3.97458255
4750.6000 4.03506613
4750.6500 4.09554972
4750.7000 4.1560333
4750.7500 4.17143931
4750.8000 4.16767476
4750.8500 4.16391022
4750.9000 4.15978231
4750.9500 4.15465093
4751.0000 4.14951956
4751.0500 4.14438819
4751.1000 4.02622103
4751.1500 3.88513626
4751.2000 3.74405148
4751.2500 3.70581553
4751.3000 3.82290259
4751.3500 3.93998964
4751.4000 4.0570767
4751.4500 3.98587462
4751.5000 3.90818146
4751.5500 3.8304883
4751.6000 3.79663198
4751.6500 3.80067293
4751.7000 3.80471388
4751.7500 3.80694912
4751.8000 3.79416982
4751.8500 3.78139051
4751.9000 3.76861121
4751.9500 3.6967163
4752.0000 3.59696794
4752.0500 3.49721958
4752.1000 3.44013443
4752.1500 3.50870322
4752.2000 3.57727202
4752.2500 3.64584082
4752.3000 3.67875765
4752.3500 3.70429796
4752.4000 3.72983828
4752.4500 3.69107929
4752.5000 3.55786557
4752.5500 3.42465186
4752.6000 3.29143815
4752.6500 3.40129882
4752.7000 3.51540261
4752.7500 3.62950639
4752.8000 3.6755103
4752.8500 3.66844492
4752.9000 3.66137955
4752.9500 3.64205264
4753.0000 3.54898034
4753.0500 3.45590804
4753.1000 3.36283574
4753.1500 3.27286883
4753.2000 3.18408299
4753.2500 3.09529714
4753.3000 3.07852024
4753.3500 3.22373262
4753.4000 3.368945
4753.4500 3.51415738
4753.5000 3.53625606
4753.5500 3.54350438
4753.6000 3.5507527
4753.6500 3.51932751
4753.7000 3.44572835
4753.7500 3.37212918
4753.8000 3.30702075
4753.8500 3.36264587
4753.9000 3.41827099
4753.9500 3.4738961
4754.0000 3.47362489
4754.0500 3.44383687
4754.1000 3.41404885
4754.1500 3.38104004
4754.2000 3.3380793
4754.2500 3.29511856
4754.3000 3.25215782
4754.3500 3.31887938
4754.4000 3.40712526
4754.4500 3.49537113
4754.5000 3.54781591
4754.5500 3.55256302
4754.6000 3.55731013
4754.6500 3.56193421
4754.7000 3.56131781
4754.7500 3.5607014
4754.8000 3.560085
4754.8500 3.56307262
4754.9000 3.56828345
4754.9500 3.57349428
4755.0000 3.57945777
4755.0500 3.58816305
4755.1000 3.59686832
4755.1500 3.6055736
4755.2000 3.60205416
4755.2500 3.59573509
4755.3000 3.58941602
4755.3500 3.57301541
4755.4000 3.54230358
4755.4500 3.51159175
4755.5000 3.48372008
4755.5500 3.65151813
4755.6000 3.81931617
4755.6500 3.98711421
4755.7000 3.99376471
4755.7500 3.90024883
4755.8000 3.80673296
4755.8500 3.72168048
4755.9000 3.66656063
4755.9500 3.61144077
4756.0000 3.55632091
4756.0500 3.6240454
4756.1000 3.71773146
4756.1500 3.81141752
4756.2000 3.85479937
4756.2500 3.83204392
4756.3000 3.80928847
4756.3500 3.78894669
4756.4000 3.82674515
4756.4500 3.86454361
4756.5000 3.90234206
4756.5500 3.84569913
4756.6000 3.7379964
4756.6500 3.63029367
4756.7000 3.53969646
4756.7500 3.49786975
4756.8000 3.45604304
4756.8500 3.41421632
4756.9000 3.82524966
4756.9500 4.3029853
4757.0000 4.78072095
4757.0500 4.83211223
4757.1000 4.43068654
4757.1500 4.02926084
4757.2000 3.68401148
4757.2500 3.84637234
4757.3000 4.00873321
4757.3500 4.17109407
4757.4000 4.11398
4757.4500 3.96968691
4757.5000 3.82539382
4757.5500 3.75906748
4757.6000 3.84880484
4757.6500 3.93854219
4757.7000 4.02827954
4757.7500 4.00875008
4757.8000 3.98370637
4757.8500 3.95866266
4757.9000 3.91101834
4757.9500 3.84647285
4758.0000 3.78192735
4758.0500 3.75487039
4758.1000 3.88386731
4758.1500 4.01286422
4758.2000 4.14186114
4758.2500 4.10173343
4758.3000 4.02362836
4758.3500 3.94552329
4758.4000 3.85169698
4758.4500 3.73793687
4758.5000 3.62417676
4758.5500 3.52486046
4758.6000 3.62797154
4758.6500 3.73108263
4758.7000 3.83419372
4758.7500 3.75114345
4758.8000 3.58587499
4758.8500 3.42060652
4758.9000 3.32278554
4758.9500 3.36693419
4759.0000 3.41108285
4759.0500 3.4552315
4759.1000 3.46958669
4759.1500 3.48243542
4759.2000 3.49528414
4759.2500 3.44056787
4759.3000 3.33753315
4759.3500 3.23449842
4759.4000 3.14649466
4759.4500 3.11317992
4759.5000 3.07986518
4759.5500 3.04655044
4759.6000 3.09249113
4759.6500 3.1524714
4759.7000 3.21245167
4759.7500 3.21219354
4759.8000 3.14792326
4759.8500 3.08365298
4759.9000 3.03393021
4759.9500 3.08940216
4760.0000 3.14487411
4760.0500 3.20034606
4760.1000 3.1811558
4760.1500 3.13832891
4760.2000 3.09550203
4760.2500 3.06957161
4760.3000 3.06909456
4760.3500 3.06861752
4760.4000 3.06710729
4760.4500 3.04065876
4760.5000 3.01421023
4760.5500 2.98776171
4760.6000 2.9541684
4760.6500 2.91724315
4760.7000 2.88031791
4760.7500 2.82468679
4760.8000 2.73029889
4760.8500 2.635911
4760.9000 2.54152311
4760.9500 2.57094295
4761.0000 2.6041296
4761.0500 2.63731626
4761.1000 2.61800335
4761.1500 2.56607332
4761.2000 2.5141433
4761.2500 2.48180802
4761.3000 2.5039612
4761.3500 2.52611438
4761.4000 2.54826756
4761.4500 2.65497414
4761.5000 2.76967933
4761.5500 2.88438452
4761.6000 2.92282347
4761.6500 2.90231394
4761.7000 2.88180442
4761.7500 2.89551272
4761.8000 3.03350758
4761.8500 3.17150244
4761.9000 3.30949731
4761.9500 3.30440262
4762.0000 3.27775673
4762.0500 3.25111083
4762.1000 3.19941919
4762.1500 3.12494914
4762.2000 3.05047909
4762.2500 2.97459778
4762.3000 2.89227386
4762.3500 2.80994994
4762.4000 2.72762602
4762.4500 2.87180708
4762.5000 3.06008004
4762.5500 3.24835299
4762.6000 3.30190362
4762.6500 3.21845277
4762.7000 3.13500192
4762.7500 3.06606327
4762.8000 3.07567631
4762.8500 3.08528935
4762.9000 3.09490239
4762.9500 3.05222905
4763.0000 2.99787953
4763.0500 2.94353002
4763.1000 2.98124925
4763.1500 3.11856938
4763.2000 3.25588951
4763.2500 3.35897062
4763.3000 3.25956085
4763.3500 3.16015109
4763.4000 3.06074133
4763.4500 2.99952748
4763.5000 2.94725574
4763.5500 2.89498399
4763.6000 2.87866434
4763.6500 2.90170856
4763.7000 2.92475278
4763.7500 2.97044373
4763.8000 3.14883062
4763.8500 3.3272175
4763.9000 3.50560438
4763.9500 3.3431493
4764.0000 3.10363611
4764.0500 2.86412293
4764.1000 2.79407953
4764.1500 2.90268747
4764.2000 3.01129541
4764.2500 3.11121681
4764.3000 3.1653312
4764.3500 3.2194456
4764.4000 3.27355999
4764.4500 3.10458344
4764.5000 2.89100483
4764.5500 2.67742621
4764.6000 2.5716766
4764.6500 2.57004741
4764.7000 2.56841822
4764.7500 2.61155476
4764.8000 2.85124892
4764.8500 3.09094308
4764.9000 3.33063724
4764.9500 3.26910082
4765.0000 3.16000345
4765.0500 3.05090607
4765.1000 2.8875632
4765.1500 2.67859714
4765.2000 2.46963107
4765.2500 2.3010021
4765.3000 2.27204506
4765.3500 2.24308802
4765.4000 2.21413098
4765.4500 2.22980133
4765.5000 2.25008082
4765.5500 2.2703603
4765.6000 2.32154597
4765.6500 2.39420165
4765.7000 2.46685733
4765.7500 2.50681561
4765.8000 2.46064207
4765.8500 2.41446853
4765.9000 2.36829499
4765.9500 2.40392121
4766.0000 2.44281092
4766.0500 2.48170063
4766.1000 0
4766.1500 0
4766.2000 0
