4256.0500 0.22066963
4256.1000 0.19945884
4256.1500 0.17824804
4256.2000 0.10507407
4256.2500 0.0186434
4256.3000 -0.06778728
4256.3500 -0.15421795
4256.4000 -0.1416618
4256.4500 -0.09833533
4256.5000 -0.05500885
4256.5500 -0.01168238
4256.6000 0
4256.6500 0
4256.7000 0
4256.7500 0
4256.8000 0
4256.8500 0
4256.9000 0
4256.9500 0
4257.0000 0
4257.0500 0
4257.1000 0
4257.1500 0
4257.2000 0
4257.2500 0
4257.3000 0
4257.3500 0
4257.4000 0
4257.4500 0
4257.5000 0
4257.5500 0
4257.6000 0
4257.6500 0
4257.7000 0
4257.7500 0
4257.8000 0
4257.8500 0
4257.9000 0
4257.9500 0
4258.0000 0
4258.0500 0
4258.1000 0
4258.1500 0
4258.2000 0
4258.2500 0
4258.3000 0
4258.3500 0
4258.4000 0
4258.4500 0
4258.5000 0
4258.5500 0
4258.6000 0
4258.6500 0
4258.7000 0
4258.7500 0
4258.8000 0
4258.8500 0
4258.9000 0
4258.9500 0
4259.0000 0
4259.0500 0
4259.1000 0
4259.1500 0
4259.2000 0
4259.2500 0
4259.3000 0
4259.3500 0
4259.4000 0
4259.4500 0
4259.5000 0
4259.5500 0
4259.6000 0
4259.6500 0
4259.7000 0
4259.7500 0
4259.8000 0
4259.8500 0
4259.9000 0
4259.9500 0
4260.0000 0
4260.0500 0
4260.1000 0
4260.1500 0
4260.2000 -0.03673745
4260.2500 -0.13333411
4260.3000 -0.22993076
4260.3500 -0.32652741
4260.4000 -0.34935399
4260.4500 -0.24864393
4260.5000 -0.14793387
4260.5500 -0.04722381
4260.6000 0.03474089
4260.6500 0.08462552
4260.7000 0.13451015
4260.7500 0.18439479
4260.8000 0.14452964
4260.8500 -0.05139665
4260.9000 -0.24732294
4260.9500 -0.44324923
4261.0000 -0.47548146
4261.0500 -0.22018723
4261.1000 0.035107
4261.1500 0.29040123
4261.2000 0.43517945
4261.2500 0.38501911
4261.3000 0.33485878
4261.3500 0.28469844
4261.4000 0.2352561
4261.4500 0.18707808
4261.5000 0.13890007
4261.5500 0.09072206
4261.6000 0.01012626
4261.6500 -0.12712284
4261.7000 -0.26437194
4261.7500 -0.40162104
4261.8000 -0.46562974
4261.8500 -0.40335238
4261.9000 -0.34107502
4261.9500 -0.27879766
4262.0000 -0.26528754
4262.0500 -0.33426373
4262.1000 -0.40323992
4262.1500 -0.47221611
4262.2000 -0.46580393
4262.2500 -0.33501764
4262.3000 -0.20423136
4262.3500 -0.07344507
4262.4000 0.03081538
4262.4500 0.09263012
4262.5000 0.15444485
4262.5500 0.21625959
4262.6000 0.24955351
4262.6500 0.23882423
4262.7000 0.22809496
4262.7500 0.21736569
4262.8000 0.22602185
4262.8500 0.26338674
4262.9000 0.30075164
4262.9500 0.33811653
4263.0000 0.33959961
4263.0500 0.29036711
4263.1000 0.2411346
4263.1500 0.1919021
4263.2000 0.15052226
4263.2500 0.11968053
4263.3000 0.08883879
4263.3500 0.05799705
4263.4000 0.03484165
4263.4500 0.02142981
4263.5000 0.00801798
4263.5500 -0.00539386
4263.6000 0.08307154
4263.6500 0.29290899
4263.7000 0.50274644
4263.7500 0.71258389
4263.8000 0.82431854
4263.8500 0.82677154
4263.9000 0.82922454
4263.9500 0.83167754
4264.0000 0.86028863
4264.0500 0.91600443
4264.1000 0.97172024
4264.1500 1.02743604
4264.2000 1.07453702
4264.2500 1.11337868
4264.3000 1.15222034
4264.3500 1.191062
4264.4000 1.23627542
4264.4500 1.28710962
4264.5000 1.33794381
4264.5500 1.38877801
4264.6000 1.34668578
4264.6500 1.22961313
4264.7000 1.11254048
4264.7500 0.99546783
4264.8000 0.94470174
4264.8500 0.94256024
4264.9000 0.94041874
4264.9500 0.93827725
4265.0000 0.96653885
4265.0500 1.01492091
4265.1000 1.06330297
4265.1500 1.11168502
4265.2000 1.15748434
4265.2500 1.20175342
4265.3000 1.24602251
4265.3500 1.2902916
4265.4000 1.28219546
4265.4500 1.24657759
4265.5000 1.21095972
4265.5500 1.17534185
4265.6000 1.20145564
4265.6500 1.25603806
4265.7000 1.31062049
4265.7500 1.36520291
4265.8000 1.3949586
4265.8500 1.41480023
4265.9000 1.43464186
4265.9500 1.45448349
4266.0000 1.50945
4266.0500 1.57636197
4266.1000 1.64327394
4266.1500 1.71018591
4266.2000 1.67366177
4266.2500 1.60782106
4266.3000 1.54198036
4266.3500 1.47613966
4266.4000 1.45480854
4266.4500 1.44368446
4266.5000 1.43256039
4266.5500 1.42143631
4266.6000 1.24947394
4266.6500 1.04892701
4266.7000 0.84838008
4266.7500 0.64783315
4266.8000 0.77750555
4266.8500 0.94963099
4266.9000 1.12175643
4266.9500 1.29388187
4267.0000 1.3325951
4267.0500 1.36040066
4267.1000 1.38820623
4267.1500 1.4160118
4267.2000 1.42998473
4267.2500 1.44344261
4267.3000 1.45690049
4267.3500 1.47027014
4267.4000 1.46652977
4267.4500 1.46278941
4267.5000 1.45904905
4267.5500 1.45567829
4267.6000 1.45971836
4267.6500 1.46375843
4267.7000 1.46779849
4267.7500 1.46452488
4267.8000 1.38839085
4267.8500 1.31225682
4267.9000 1.23612278
4267.9500 1.18500356
4268.0000 1.29241701
4268.0500 1.39983047
4268.1000 1.50724393
4268.1500 1.5774921
4268.2000 1.48147373
4268.2500 1.38545537
4268.3000 1.289437
4268.3500 1.22494642
4268.4000 1.265743
4268.4500 1.30653958
4268.5000 1.34733616
4268.5500 1.37498312
4268.6000 1.36873835
4268.6500 1.36249357
4268.7000 1.35624879
4268.7500 1.34909603
4268.8000 1.34009954
4268.8500 1.33110304
4268.9000 1.32210654
4268.9500 1.3176919
4269.0000 1.32069789
4269.0500 1.32370387
4269.1000 1.32670985
4269.1500 1.33784439
4269.2000 1.35954279
4269.2500 1.38124119
4269.3000 1.40293959
4269.3500 1.40119997
4269.4000 1.37499869
4269.4500 1.34879741
4269.5000 1.32259613
4269.5500 1.31058888
4269.6000 1.31042642
4269.6500 1.31026396
4269.7000 1.3101015
4269.7500 1.32573789
4269.8000 1.3518087
4269.8500 1.3778795
4269.9000 1.4039503
4269.9500 1.42795747
4270.0000 1.45090495
4270.0500 1.47385243
4270.1000 1.49679991
4270.1500 1.46364212
4270.2000 1.40872286
4270.2500 1.3538036
4270.3000 1.29888434
4270.3500 1.27986729
4270.4000 1.27087773
4270.4500 1.26188817
4270.5000 1.25289861
4270.5500 1.2504518
4270.6000 1.24921283
4270.6500 1.24797385
4270.7000 1.24673487
4270.7500 1.29534745
4270.8000 1.34901207
4270.8500 1.4026767
4270.9000 1.45634133
4270.9500 1.45613116
4271.0000 1.45443395
4271.0500 1.45273674
4271.1000 1.45007677
4271.1500 1.42408608
4271.2000 1.39809539
4271.2500 1.3721047
4271.3000 1.35390689
4271.3500 1.4004376
4271.4000 1.44696832
4271.4500 1.49349903
4271.5000 1.531365
4271.5500 1.52883578
4271.6000 1.52630655
4271.6500 1.52377732
4271.7000 1.52587596
4271.7500 1.54207488
4271.8000 1.5582738
4271.8500 1.57447272
4271.9000 1.5639704
4271.9500 1.49644863
4272.0000 1.42892687
4272.0500 1.36140511
4272.1000 1.35593029
4272.1500 1.44665552
4272.2000 1.53738075
4272.2500 1.62810598
4272.3000 1.65919314
4272.3500 1.62209802
4272.4000 1.5850029
4272.4500 1.54790779
4272.5000 1.55682513
4272.5500 1.60456184
4272.6000 1.65229855
4272.6500 1.70003526
4272.7000 1.70186344
4272.7500 1.67549977
4272.8000 1.64913611
4272.8500 1.62277244
4272.9000 1.64271186
4272.9500 1.68268273
4273.0000 1.7226536
4273.0500 1.76262447
4273.1000 1.75221447
4273.1500 1.72741438
4273.2000 1.7026143
4273.2500 1.67781421
4273.3000 1.70468107
4273.3500 1.74003105
4273.4000 1.77538104
4273.4500 1.81073103
4273.5000 1.80979956
4273.5500 1.80661093
4273.6000 1.8034223
4273.6500 1.79960831
4273.7000 1.7716257
4273.7500 1.74364309
4273.8000 1.71566048
4273.8500 1.69175357
4273.9000 1.70070877
4273.9500 1.70966397
4274.0000 1.71861916
4274.0500 1.72499829
4274.1000 1.72086258
4274.1500 1.71672687
4274.2000 1.71259116
4274.2500 1.70793292
4274.3000 1.70196088
4274.3500 1.69598884
4274.4000 1.69001681
4274.4500 1.67999534
4274.5000 1.66318571
4274.5500 1.64637607
4274.6000 1.62956644
4274.6500 1.6553096
4274.7000 1.73019579
4274.7500 1.80508199
4274.8000 1.87996818
4274.8500 1.87528748
4274.9000 1.80701793
4274.9500 1.73874838
4275.0000 1.67047883
4275.0500 1.67066692
4275.1000 1.70789996
4275.1500 1.74513301
4275.2000 1.78236605
4275.2500 1.77128409
4275.3000 1.74351288
4275.3500 1.71574167
4275.4000 1.68797045
4275.4500 1.67038089
4275.5000 1.65474558
4275.5500 1.63911027
4275.6000 1.62347496
4275.6500 1.61703615
4275.7000 1.61122617
4275.7500 1.60541619
4275.8000 1.59904355
4275.8500 1.57685409
4275.9000 1.55466462
4275.9500 1.53247516
4276.0000 1.5161734
4276.0500 1.53791463
4276.1000 1.55965587
4276.1500 1.5813971
4276.2000 1.58857205
4276.2500 1.54833283
4276.3000 1.5080936
4276.3500 1.46785438
4276.4000 1.45419375
4276.4500 1.49274695
4276.5000 1.53130015
4276.5500 1.56985335
4276.6000 1.57950311
4276.6500 1.55250863
4276.7000 1.52551416
4276.7500 1.49851968
4276.8000 1.46761876
4276.8500 1.4334683
4276.9000 1.39931785
4276.9500 1.36516739
4277.0000 1.39220457
4277.0500 1.4518767
4277.1000 1.51154883
4277.1500 1.57122096
4277.2000 1.52952188
4277.2500 1.4557658
4277.3000 1.38200971
4277.3500 1.30825362
4277.4000 1.3336753
4277.4500 1.37409516
4277.5000 1.41451501
4277.5500 1.45493487
4277.6000 1.46184528
4277.6500 1.4680317
4277.7000 1.47421812
4277.7500 1.48216317
4277.8000 1.50780816
4277.8500 1.53345314
4277.9000 1.55909812
4277.9500 1.56876076
4278.0000 1.51575985
4278.0500 1.46275893
4278.1000 1.40975802
4278.1500 1.3924388
4278.2000 1.45186594
4278.2500 1.51129308
4278.3000 1.57072022
4278.3500 1.59343522
4278.4000 1.56804573
4278.4500 1.54265624
4278.5000 1.51726675
4278.5500 1.52078527
4278.6000 1.54799201
4278.6500 1.57519875
4278.7000 1.60240549
4278.7500 1.60850054
4278.8000 1.6040894
4278.8500 1.59967826
4278.9000 1.59526712
4278.9500 1.57259506
4279.0000 1.54498417
4279.0500 1.51737328
4279.1000 1.48976239
4279.1500 1.49887793
4279.2000 1.51172218
4279.2500 1.52456643
4279.3000 1.53677283
4279.3500 1.52825231
4279.4000 1.51973179
4279.4500 1.51121128
4279.5000 1.5038355
4279.5500 1.50278772
4279.6000 1.50173993
4279.6500 1.50069215
4279.7000 1.50182286
4279.7500 1.50861616
4279.8000 1.51540946
4279.8500 1.52220276
4279.9000 1.51725285
4279.9500 1.49496319
4280.0000 1.47267354
4280.0500 1.45038388
4280.1000 1.4555504
4280.1500 1.4849632
4280.2000 1.51437601
4280.2500 1.54378881
4280.3000 1.56878064
4280.3500 1.59149102
4280.4000 1.6142014
4280.4500 1.63691178
4280.5000 1.6269296
4280.5500 1.60822979
4280.6000 1.58952999
4280.6500 1.57083018
4280.7000 1.5539116
4280.7500 1.53714652
4280.8000 1.52038145
4280.8500 1.50394547
4280.9000 1.49337294
4280.9500 1.48280041
4281.0000 1.47222788
4281.0500 1.46352858
4281.1000 1.46297691
4281.1500 1.46242523
4281.2000 1.46187356
4281.2500 1.47358007
4281.3000 1.51109421
4281.3500 1.54860834
4281.4000 1.58612248
4281.4500 1.57985235
4281.5000 1.5218559
4281.5500 1.46385944
4281.6000 1.40586298
4281.6500 1.38903011
4281.7000 1.4000858
4281.7500 1.4111415
4281.8000 1.42219719
4281.8500 1.44050861
4281.9000 1.46143436
4281.9500 1.48236011
4282.0000 1.50328586
4282.0500 1.49861895
4282.1000 1.49031032
4282.1500 1.48200169
4282.2000 1.47385686
4282.2500 1.47516316
4282.3000 1.47646946
4282.3500 1.47777576
4282.4000 1.4663081
4282.4500 1.38774823
4282.5000 1.30918837
4282.5500 1.2306285
4282.6000 1.20133997
4282.6500 1.28477778
4282.7000 1.36821558
4282.7500 1.45165338
4282.8000 1.48585602
4282.8500 1.45979826
4282.9000 1.43374051
4282.9500 1.40768275
4283.0000 1.40559076
4283.0500 1.41971304
4283.1000 1.43383532
4283.1500 1.44795761
4283.2000 1.41603266
4283.2500 1.36831029
4283.3000 1.32058792
4283.3500 1.27286555
4283.4000 1.31287313
4283.4500 1.36328667
4283.5000 1.41370021
4283.5500 1.46237155
4283.6000 1.47377654
4283.6500 1.48518152
4283.7000 1.49658651
4283.7500 1.50186039
4283.8000 1.48208873
4283.8500 1.46231706
4283.9000 1.44254539
4283.9500 1.42570999
4284.0000 1.41432893
4284.0500 1.40294786
4284.1000 1.39156679
4284.1500 1.38940546
4284.2000 1.39629815
4284.2500 1.40319084
4284.3000 1.41008354
4284.3500 1.43070825
4284.4000 1.45839396
4284.4500 1.48607968
4284.5000 1.51376539
4284.5500 1.50780393
4284.6000 1.49433556
4284.6500 1.4808672
4284.7000 1.46739883
4284.7500 1.45677678
4284.8000 1.44622454
4284.8500 1.4356723
4284.9000 1.42829081
4284.9500 1.44108365
4285.0000 1.4538765
4285.0500 1.46666934
4285.1000 1.48024097
4285.1500 1.49565709
4285.2000 1.51107321
4285.2500 1.52648933
4285.3000 1.5395635
4285.3500 1.54987979
4285.4000 1.56019609
4285.4500 1.57051238
4285.5000 1.57683409
4285.5500 1.58073709
4285.6000 1.58464009
4285.6500 1.58854309
4285.7000 1.56066657
4285.7500 1.52422934
4285.8000 1.4877921
4285.8500 1.45135487
4285.9000 1.4565745
4285.9500 1.4638025
4286.0000 1.4710305
4286.0500 1.48221916
4286.1000 1.52204163
4286.1500 1.5618641
4286.2000 1.60168657
4286.2500 1.62345647
4286.3000 1.60109511
4286.3500 1.57873376
4286.4000 1.55637241
4286.4500 1.54594437
4286.5000 1.54950277
4286.5500 1.55306117
4286.6000 1.55661957
4286.6500 1.56228427
4286.7000 1.56917664
4286.7500 1.57606901
4286.8000 1.58296139
4286.8500 1.60398336
4286.9000 1.62844053
4286.9500 1.6528977
4287.0000 1.67735488
4287.0500 1.66786316
4287.1000 1.65762102
4287.1500 1.64737889
4287.2000 1.63585899
4287.2500 1.61729844
4287.3000 1.59873788
4287.3500 1.58017732
4287.4000 1.56416839
4287.4500 1.55333711
4287.5000 1.54250583
4287.5500 1.53167455
4287.6000 1.54078375
4287.6500 1.56921107
4287.7000 1.59763838
4287.7500 1.6260657
4287.8000 1.62311608
4287.8500 1.60587184
4287.9000 1.5886276
4287.9500 1.57138336
4288.0000 1.5729677
4288.0500 1.5774308
4288.1000 1.58189389
4288.1500 1.58548722
4288.2000 1.57221302
4288.2500 1.55893883
4288.3000 1.54566464
4288.3500 1.54103273
4288.4000 1.56501425
4288.4500 1.58899577
4288.5000 1.6129773
4288.5500 1.62785672
4288.6000 1.62996817
4288.6500 1.63207962
4288.7000 1.63419106
4288.7500 1.66080382
4288.8000 1.7036362
4288.8500 1.74646859
4288.9000 1.78930097
4288.9500 1.77230917
4289.0000 1.73926757
4289.0500 1.70622597
4289.1000 1.67318437
4289.1500 1.66364198
4289.2000 1.65466444
4289.2500 1.6456869
4289.3000 1.63714011
4289.3500 1.63075954
4289.4000 1.62437897
4289.4500 1.6179984
4289.5000 1.6147625
4289.5500 1.61720328
4289.6000 1.61964407
4289.6500 1.62208485
4289.7000 1.62291976
4289.7500 1.62243215
4289.8000 1.62194453
4289.8500 1.62145692
4289.9000 1.61869546
4289.9500 1.61514152
4290.0000 1.61158758
4290.0500 1.60803364
4290.1000 1.60885349
4290.1500 1.60997239
4290.2000 1.61109129
4290.2500 1.60999238
4290.3000 1.59427545
4290.3500 1.57855852
4290.4000 1.56284159
4290.4500 1.55924132
4290.5000 1.58038285
4290.5500 1.60152438
4290.6000 1.62266591
4290.6500 1.62384745
4290.7000 1.6071152
4290.7500 1.59038295
4290.8000 1.57365071
4290.8500 1.57962968
4290.9000 1.59415571
4290.9500 1.60868174
4291.0000 1.62320777
4291.0500 1.63273155
4291.1000 1.6418637
4291.1500 1.65099585
4291.2000 1.65676297
4291.2500 1.63990924
4291.3000 1.62305552
4291.3500 1.60620179
4291.4000 1.59588743
4291.4500 1.59867915
4291.5000 1.60147087
4291.5500 1.60426259
4291.6000 1.60728753
4291.6500 1.61051314
4291.7000 1.61373876
4291.7500 1.61696437
4291.8000 1.60936714
4291.8500 1.59803483
4291.9000 1.58670252
4291.9500 1.5753702
4292.0000 1.57086594
4292.0500 1.56671634
4292.1000 1.56256674
4292.1500 1.56416415
4292.2000 1.5961406
4292.2500 1.62811705
4292.3000 1.6600935
4292.3500 1.66506509
4292.4000 1.62382038
4292.4500 1.58257568
4292.5000 1.54133097
4292.5500 1.54722244
4292.6000 1.58727343
4292.6500 1.62732443
4292.7000 1.66737542
4292.7500 1.66752271
4292.8000 1.65719529
4292.8500 1.64686788
4292.9000 1.63676211
4292.9500 1.66590214
4293.0000 1.69504217
4293.0500 1.7241822
4293.1000 1.73895327
4293.1500 1.70290425
4293.2000 1.66685522
4293.2500 1.6308062
4293.3000 1.61494707
4293.3500 1.62515309
4293.4000 1.6353591
4293.4500 1.64556511
4293.5000 1.66135417
4293.5500 1.68009919
4293.6000 1.69884421
4293.6500 1.71758923
4293.7000 1.71329295
4293.7500 1.70562752
4293.8000 1.6979621
4293.8500 1.69163166
4293.9000 1.6984297
4293.9500 1.70522773
4294.0000 1.71202577
4294.0500 1.71921679
4294.1000 1.72726865
4294.1500 1.73532051
4294.2000 1.74337237
4294.2500 1.74021379
4294.3000 1.72734405
4294.3500 1.71447431
4294.4000 1.70160456
4294.4500 1.69402589
4294.5000 1.68812273
4294.5500 1.68221958
4294.6000 1.67631642
4294.6500 1.68820145
4294.7000 1.7003681
4294.7500 1.71253474
4294.8000 1.7176876
4294.8500 1.6965507
4294.9000 1.6754138
4294.9500 1.65427691
4295.0000 1.64684327
4295.0500 1.65698885
4295.1000 1.66713443
4295.1500 1.67728
4295.2000 1.66371403
4295.2500 1.63829715
4295.3000 1.61288028
4295.3500 1.5874634
4295.4000 1.60079134
4295.4500 1.61858135
4295.5000 1.63637135
4295.5500 1.65181378
4295.6000 1.65125715
4295.6500 1.65070052
4295.7000 1.65014388
4295.7500 1.65054531
4295.8000 1.65264665
4295.8500 1.654748
4295.9000 1.65684934
4295.9500 1.65580517
4296.0000 1.65261275
4296.0500 1.64942034
4296.1000 1.64622792
4296.1500 1.65310816
4296.2000 1.66206318
4296.2500 1.67101821
4296.3000 1.67966412
4296.3500 1.6838972
4296.4000 1.68813028
4296.4500 1.69236335
4296.5000 1.69404264
4296.5500 1.6898469
4296.6000 1.68565116
4296.6500 1.68145542
4296.7000 1.67534473
4296.7500 1.66761429
4296.8000 1.65988385
4296.8500 1.65215341
4296.9000 1.64948946
4296.9500 1.64823964
4297.0000 1.64698982
4297.0500 1.64624441
4297.1000 1.66685033
4297.1500 1.68745624
4297.2000 1.70806216
4297.2500 1.72846869
4297.3000 1.74832395
4297.3500 1.76817922
4297.4000 1.78803448
4297.4500 1.78512363
4297.5000 1.76028846
4297.5500 1.7354533
4297.6000 1.71061814
4297.6500 1.71571947
4297.7000 1.73056326
4297.7500 1.74540704
4297.8000 1.76023027
4297.8500 1.74841101
4297.9000 1.73659174
4297.9500 1.72477248
4298.0000 1.71343804
4298.0500 1.70357114
4298.1000 1.69370425
4298.1500 1.68383736
4298.2000 1.67624615
4298.2500 1.67095686
4298.3000 1.66566758
4298.3500 1.66037829
4298.4000 1.65959117
4298.4500 1.66032734
4298.5000 1.66106352
4298.5500 1.66179969
4298.6000 1.65709837
4298.6500 1.65238887
4298.7000 1.64767937
4298.7500 1.64113374
4298.8000 1.62911063
4298.8500 1.61708751
4298.9000 1.6050644
4298.9500 1.59984963
4299.0000 1.60131205
4299.0500 1.60277448
4299.1000 1.6042369
4299.1500 1.60087658
4299.2000 1.59599261
4299.2500 1.59110865
4299.3000 1.58626379
4299.3500 1.58379014
4299.4000 1.58131649
4299.4500 1.57884284
4299.5000 1.57860479
4299.5500 1.58429695
4299.6000 1.58998911
4299.6500 1.59568127
4299.7000 1.59833665
4299.7500 1.59832672
4299.8000 1.59831679
4299.8500 1.59830687
4299.9000 1.59575706
4299.9500 1.59254271
4300.0000 1.58932836
4300.0500 1.58616101
4300.1000 1.58381844
4300.1500 1.58147587
4300.2000 1.57913329
4300.2500 1.57935467
4300.3000 1.58511446
4300.3500 1.59087425
4300.4000 1.59663404
4300.4500 1.604228
4300.5000 1.61314894
4300.5500 1.62206988
4300.6000 1.63099081
4300.6500 1.62893368
4300.7000 1.62486664
4300.7500 1.6207996
4300.8000 1.61705399
4300.8500 1.61586934
4300.9000 1.61468468
4300.9500 1.61350002
4301.0000 1.60991484
4301.0500 1.60239679
4301.1000 1.59487874
4301.1500 1.58736069
4301.2000 1.59148892
4301.2500 1.60194963
4301.3000 1.61241035
4301.3500 1.62287106
4301.4000 1.64346315
4301.4500 1.66496294
4301.5000 1.68646272
4301.5500 1.70095013
4301.6000 1.68534916
4301.6500 1.66974818
4301.7000 1.65414721
4301.7500 1.65325459
4301.8000 1.66952542
4301.8500 1.68579625
4301.9000 1.70206708
4301.9500 1.71077048
4302.0000 1.71674829
4302.0500 1.72272609
4302.1000 1.72874017
4302.1500 1.73829008
4302.2000 1.74784
4302.2500 1.75738991
4302.3000 1.75504662
4302.3500 1.72306244
4302.4000 1.69107825
4302.4500 1.65909407
4302.5000 1.65179377
4302.5500 1.66359246
4302.6000 1.67539115
4302.6500 1.68718984
4302.7000 1.6983472
4302.7500 1.70938462
4302.8000 1.72042204
4302.8500 1.72763732
4302.9000 1.70743629
4302.9500 1.68723526
4303.0000 1.66703423
4303.0500 1.66073377
4303.1000 1.67498309
4303.1500 1.68923241
4303.2000 1.70348173
4303.2500 1.70931206
4303.3000 1.71128653
4303.3500 1.713261
4303.4000 1.71523547
4303.4500 1.71540612
4303.5000 1.71552
4303.5500 1.71563388
4303.6000 1.7131526
4303.6500 1.70306267
4303.7000 1.69297275
4303.7500 1.68288282
4303.8000 1.68279669
4303.8500 1.69121813
4303.9000 1.69963957
4303.9500 1.70806101
4304.0000 1.69310159
4304.0500 1.673276
4304.1000 1.65345041
4304.1500 1.63404589
4304.2000 1.61784168
4304.2500 1.60163747
4304.3000 1.58543326
4304.3500 1.5842435
4304.4000 1.60501576
4304.4500 1.62578802
4304.5000 1.64656029
4304.5500 1.66271623
4304.6000 1.67686598
4304.6500 1.69101573
4304.7000 1.70516548
4304.7500 1.71166789
4304.8000 1.71808764
4304.8500 1.72450739
4304.9000 1.72554349
4304.9500 1.71292482
4305.0000 1.70030615
4305.0500 1.68768748
4305.1000 1.68699365
4305.1500 1.6950248
4305.2000 1.70305595
4305.2500 1.7110871
4305.3000 1.70881602
4305.3500 1.70505175
4305.4000 1.70128749
4305.4500 1.69778948
4305.5000 1.69558622
4305.5500 1.69338297
4305.6000 1.69117971
4305.6500 1.69829547
4305.7000 1.71596402
4305.7500 1.73363257
4305.8000 1.75130112
4305.8500 1.7350975
4305.9000 1.70869445
4305.9500 1.68229139
4306.0000 1.65841632
4306.0500 1.66843301
4306.1000 1.67844969
4306.1500 1.68846637
4306.2000 1.69350564
4306.2500 1.69012345
4306.3000 1.68674126
4306.3500 1.68335907
4306.4000 1.68582869
4306.4500 1.69111877
4306.5000 1.69640885
4306.5500 1.70169893
4306.6000 1.67636417
4306.6500 1.6503818
4306.7000 1.62439943
4306.7500 1.60760491
4306.8000 1.61385683
4306.8500 1.62010875
4306.9000 1.62636067
4306.9500 1.64280112
4307.0000 1.6662634
4307.0500 1.68972569
4307.1000 1.71318797
4307.1500 1.71543852
4307.2000 1.71533718
4307.2500 1.71523584
4307.3000 1.71422711
4307.3500 1.7097967
4307.4000 1.70536629
4307.4500 1.70093588
4307.5000 1.70431993
4307.5500 1.7149105
4307.6000 1.72550107
4307.6500 1.73609164
4307.7000 1.71513437
4307.7500 1.68781103
4307.8000 1.66048768
4307.8500 1.63902692
4307.9000 1.65208846
4307.9500 1.66515
4308.0000 1.67821154
4308.0500 1.68333725
4308.1000 1.67912685
4308.1500 1.67491645
4308.2000 1.67070606
4308.2500 1.66503423
4308.3000 1.65893807
4308.3500 1.65284191
4308.4000 1.64712258
4308.4500 1.64513506
4308.5000 1.64314754
4308.5500 1.64116001
4308.6000 1.64148196
4308.6500 1.64513183
4308.7000 1.6487817
4308.7500 1.65243157
4308.8000 1.65055133
4308.8500 1.64661366
4308.9000 1.642676
4308.9500 1.6389264
4309.0000 1.63880891
4309.0500 1.63869142
4309.1000 1.63857393
4309.1500 1.64486842
4309.2000 1.6620415
4309.2500 1.67921459
4309.3000 1.69638768
4309.3500 1.67587651
4309.4000 1.63872274
4309.4500 1.60156896
4309.5000 1.56537579
4309.5500 1.58250827
4309.6000 1.59964076
4309.6500 1.61677325
4309.7000 1.6250999
4309.7500 1.61655544
4309.8000 1.60801099
4309.8500 1.59946654
4309.9000 1.59452344
4309.9500 1.59135885
4310.0000 1.58819426
4310.0500 1.58502967
4310.1000 1.60234495
4310.1500 1.61971993
4310.2000 1.63709491
4310.2500 1.64146293
4310.3000 1.61893768
4310.3500 1.59641243
4310.4000 1.57388718
4310.4500 1.5582642
4310.5000 1.54625923
4310.5500 1.53425425
4310.6000 1.52224927
4310.6500 1.52528883
4310.7000 1.52852021
4310.7500 1.53175159
4310.8000 1.53940266
4310.8500 1.55644819
4310.9000 1.57349373
4310.9500 1.59053926
4311.0000 1.59216605
4311.0500 1.58562395
4311.1000 1.57908185
4311.1500 1.57253975
4311.2000 1.58171744
4311.2500 1.59107594
4311.3000 1.60043444
4311.3500 1.60246565
4311.4000 1.589264
4311.4500 1.57606234
4311.5000 1.56286069
4311.5500 1.55809725
4311.6000 1.55763911
4311.6500 1.55718097
4311.7000 1.55672758
4311.7500 1.56275152
4311.8000 1.56877545
4311.8500 1.57479938
4311.9000 1.57776984
4311.9500 1.57482666
4312.0000 1.57188347
4312.0500 1.56894029
4312.1000 1.54990559
4312.1500 1.52335087
4312.2000 1.49679614
4312.2500 1.47140501
4312.3000 1.49392891
4312.3500 1.5164528
4312.4000 1.5389767
4312.4500 1.5511906
4312.5000 1.54563052
4312.5500 1.54007044
4312.6000 1.53451036
4312.6500 1.54036282
4312.7000 1.55083783
4312.7500 1.56131284
4312.8000 1.57117387
4312.8500 1.57097799
4312.9000 1.57078211
4312.9500 1.57058623
4313.0000 1.57612779
4313.0500 1.59011398
4313.1000 1.60410017
4313.1500 1.61808636
4313.2000 1.60557375
4313.2500 1.5843586
4313.3000 1.56314346
4313.3500 1.54488618
4313.4000 1.5526118
4313.4500 1.56033742
4313.5000 1.56806304
4313.5500 1.57268567
4313.6000 1.57355885
4313.6500 1.57443204
4313.7000 1.57530522
4313.7500 1.57973945
4313.8000 1.58503816
4313.8500 1.59033687
4313.9000 1.59679027
4313.9500 1.60941143
4314.0000 1.62203258
4314.0500 1.63465373
4314.1000 1.64057748
4314.1500 1.64011581
4314.2000 1.63965414
4314.2500 1.63919247
4314.3000 1.63796652
4314.3500 1.63662369
4314.4000 1.63528087
4314.4500 1.6356933
4314.5000 1.64218694
4314.5500 1.64868059
4314.6000 1.65517423
4314.6500 1.64729764
4314.7000 1.62909235
4314.7500 1.61088705
4314.8000 1.59268176
4314.8500 1.60136665
4314.9000 1.61174228
4314.9500 1.62211791
4315.0000 1.628942
4315.0500 1.62752126
4315.1000 1.62610052
4315.1500 1.62467977
4315.2000 1.6386257
4315.2500 1.66040019
4315.3000 1.68217467
4315.3500 1.70321546
4315.4000 1.69577302
4315.4500 1.68833057
4315.5000 1.68088812
4315.5500 1.67463094
4315.6000 1.67023603
4315.6500 1.66584112
4315.7000 1.66144621
4315.7500 1.66668725
4315.8000 1.67507316
4315.8500 1.68345907
4315.9000 1.68986849
4315.9500 1.68180323
4316.0000 1.67373797
4316.0500 1.66567271
4316.1000 1.67313093
4316.1500 1.69690595
4316.2000 1.72068096
4316.2500 1.74445598
4316.3000 1.74213665
4316.3500 1.73543242
4316.4000 1.7287282
4316.4500 1.718523
4316.5000 1.69632231
4316.5500 1.67412163
4316.6000 1.65192094
4316.6500 1.65448163
4316.7000 1.67376432
4316.7500 1.69304701
4316.8000 1.7123297
4316.8500 1.71272342
4316.9000 1.71251424
4316.9500 1.71230505
4317.0000 1.71053456
4317.0500 1.70576589
4317.1000 1.70099722
4317.1500 1.69622855
4317.2000 1.68620894
4317.2500 1.67411659
4317.3000 1.66202424
4317.3500 1.65347897
4317.4000 1.67964153
4317.4500 1.7058041
4317.5000 1.73196666
4317.5500 1.73637605
4317.6000 1.71622103
4317.6500 1.69606601
4317.7000 1.675911
4317.7500 1.66790625
4317.8000 1.66208324
4317.8500 1.65626023
4317.9000 1.64758208
4317.9500 1.62918575
4318.0000 1.61078943
4318.0500 1.5923931
4318.1000 1.59123976
4318.1500 1.60122344
4318.2000 1.61120713
4318.2500 1.62119081
4318.3000 1.62729885
4318.3500 1.63336479
4318.4000 1.63943074
4318.4500 1.64675812
4318.5000 1.65621387
4318.5500 1.66566963
4318.6000 1.67512539
4318.6500 1.67104016
4318.7000 1.66258881
4318.7500 1.65413746
4318.8000 1.64728624
4318.8500 1.65014973
4318.9000 1.65301322
4318.9500 1.65587671
4319.0000 1.65632715
4319.0500 1.65461912
4319.1000 1.6529111
4319.1500 1.65120307
4319.2000 1.66204689
4319.2500 1.67404998
4319.3000 1.68605307
4319.3500 1.69227147
4319.4000 1.68526114
4319.4500 1.67825082
4319.5000 1.67124049
4319.5500 1.67223225
4319.6000 1.67674873
4319.6500 1.6812652
4319.7000 1.6847665
4319.7500 1.67739186
4319.8000 1.67001721
4319.8500 1.66264256
4319.9000 1.66380087
4319.9500 1.67428841
4320.0000 1.68477595
4320.0500 1.69526349
4320.1000 1.68597572
4320.1500 1.6737651
4320.2000 1.66155447
4320.2500 1.65318308
4320.3000 1.65540955
4320.3500 1.65763602
4320.4000 1.65986248
4320.4500 1.65735783
4320.5000 1.65243551
4320.5500 1.6475132
4320.6000 1.64371336
4320.6500 1.65785925
4320.7000 1.67200515
4320.7500 1.68615104
4320.8000 1.69348898
4320.8500 1.6927412
4320.9000 1.69199342
4320.9500 1.69124564
4321.0000 1.67857873
4321.0500 1.66391518
4321.1000 1.64925162
4321.1500 1.63567507
4321.2000 1.62523928
4321.2500 1.6148035
4321.3000 1.60436772
4321.3500 1.60346307
4321.4000 1.60749294
4321.4500 1.6115228
4321.5000 1.615223
4321.5500 1.61392052
4321.6000 1.61261805
4321.6500 1.61131557
4321.7000 1.60487754
4321.7500 1.59255332
4321.8000 1.58022909
4321.8500 1.56790486
4321.9000 1.58246525
4321.9500 1.60099877
4322.0000 1.6195323
4322.0500 1.62961666
4322.1000 1.6177262
4322.1500 1.60583574
4322.2000 1.59394528
4322.2500 1.58495368
4322.3000 1.57729291
4322.3500 1.56963213
4322.4000 1.56379071
4322.4500 1.57544846
4322.5000 1.58710621
4322.5500 1.59876396
4322.6000 1.59366481
4322.6500 1.57208574
4322.7000 1.55050667
4322.7500 1.5289276
4322.8000 1.53036607
4322.8500 1.53393374
4322.9000 1.53750141
4322.9500 1.54398749
4323.0000 1.55646188
4323.0500 1.56893627
4323.1000 1.58141067
4323.1500 1.5892823
4323.2000 1.59554655
4323.2500 1.60181081
4323.3000 1.60513808
4323.3500 1.59255668
4323.4000 1.57997527
4323.4500 1.56739387
4323.5000 1.5667174
4323.5500 1.57496017
4323.6000 1.58320293
4323.6500 1.5914457
4323.7000 1.5865769
4323.7500 1.58155828
4323.8000 1.57653965
4323.8500 1.57092651
4323.9000 1.56444675
4323.9500 1.55796698
4324.0000 1.55148721
4324.0500 1.56304003
4324.1000 1.57838525
4324.1500 1.59373047
4324.2000 1.60466962
4324.2500 1.60215863
4324.3000 1.59964765
4324.3500 1.59713667
4324.4000 1.60987085
4324.4500 1.63016703
4324.5000 1.65046321
4324.5500 1.66763842
4324.6000 1.65374652
4324.6500 1.63985461
4324.7000 1.62596271
4324.7500 1.62066837
4324.8000 1.62346091
4324.8500 1.62625346
4324.9000 1.629046
4324.9500 1.63565658
4325.0000 1.64250877
4325.0500 1.64936096
4325.1000 1.66252508
4325.1500 1.68658396
4325.2000 1.71064284
4325.2500 1.73470171
4325.3000 1.73395466
4325.3500 1.72678517
4325.4000 1.71961567
4325.4500 1.71678638
4325.5000 1.72907868
4325.5500 1.74137099
4325.6000 1.7536633
4325.6500 1.75570754
4325.7000 1.75230232
4325.7500 1.74889711
4325.8000 1.74550942
4325.8500 1.74231325
4325.9000 1.73911708
4325.9500 1.73592091
4326.0000 1.7415917
4326.0500 1.75557953
4326.1000 1.76956735
4326.1500 1.78355518
4326.2000 1.76158681
4326.2500 1.73769888
4326.3000 1.71381095
4326.3500 1.70514383
4326.4000 1.72091423
4326.4500 1.73668463
4326.5000 1.75245503
4326.5500 1.76307851
4326.6000 1.77256788
4326.6500 1.78205724
4326.7000 1.78783314
4326.7500 1.78283008
4326.8000 1.77782701
4326.8500 1.77282394
4326.9000 1.75656243
4326.9500 1.73534127
4327.0000 1.7141201
4327.0500 1.69725471
4327.1000 1.7087092
4327.1500 1.72016369
4327.2000 1.73161818
4327.2500 1.73502086
4327.3000 1.73243739
4327.3500 1.72985392
4327.4000 1.72725996
4327.4500 1.72397772
4327.5000 1.72069547
4327.5500 1.71741322
4327.6000 1.71366868
4327.6500 1.70937614
4327.7000 1.7050836
4327.7500 1.70079106
4327.8000 1.71784864
4327.8500 1.73724363
4327.9000 1.75663862
4327.9500 1.76230505
4328.0000 1.74204694
4328.0500 1.72178884
4328.1000 1.70153073
4328.1500 1.70029881
4328.2000 1.70405566
4328.2500 1.7078125
4328.3000 1.71420855
4328.3500 1.72898661
4328.4000 1.74376467
4328.4500 1.75854273
4328.5000 1.73997863
4328.5500 1.70628153
4328.6000 1.67258443
4328.6500 1.64297576
4328.7000 1.63905041
4328.7500 1.63512507
4328.8000 1.63119972
4328.8500 1.62397914
4328.9000 1.6144495
4328.9500 1.60491986
4329.0000 1.59604687
4329.0500 1.60301842
4329.1000 1.60998997
4329.1500 1.61696153
4329.2000 1.63290718
4329.2500 1.65809088
4329.3000 1.68327458
4329.3500 1.70845828
4329.4000 1.67816733
4329.4500 1.64476327
4329.5000 1.61135921
4329.5500 1.59340483
4329.6000 1.59842098
4329.6500 1.60343712
4329.7000 1.60845327
4329.7500 1.60833869
4329.8000 1.60737868
4329.8500 1.60641867
4329.9000 1.60940057
4329.9500 1.62091148
4330.0000 1.6324224
4330.0500 1.64393331
4330.1000 1.62373102
4330.1500 1.59431073
4330.2000 1.56489044
4330.2500 1.54761412
4330.3000 1.56994867
4330.3500 1.59228322
4330.4000 1.61461776
4330.4500 1.61133849
4330.5000 1.59685261
4330.5500 1.58236674
4330.6000 1.57280454
4330.6500 1.58952352
4330.7000 1.6062425
4330.7500 1.62296149
4330.8000 1.61660006
4330.8500 1.59615695
4330.9000 1.57571384
4330.9500 1.55953379
4331.0000 1.58894677
4331.0500 1.61835975
4331.1000 1.64777274
4331.1500 1.65324684
4331.2000 1.63922028
4331.2500 1.62519371
4331.3000 1.61116537
4331.3500 1.59703881
4331.4000 1.58291224
4331.4500 1.56878568
4331.5000 1.57084058
4331.5500 1.59003188
4331.6000 1.60922318
4331.6500 1.62841448
4331.7000 1.60323311
4331.7500 1.57594507
4331.8000 1.54865703
4331.8500 1.53702474
4331.9000 1.54658912
4331.9500 1.5561535
4332.0000 1.56571788
4332.0500 1.56855712
4332.1000 1.5706167
4332.1500 1.57267628
4332.2000 1.57085903
4332.2500 1.5623992
4332.3000 1.55393937
4332.3500 1.54547954
4332.4000 1.54322377
4332.4500 1.54213123
4332.5000 1.54103869
4332.5500 1.53615741
4332.6000 1.52310615
4332.6500 1.51005488
4332.7000 1.49700361
4332.7500 1.5045537
4332.8000 1.51749243
4332.8500 1.53043116
4332.9000 1.53809716
4332.9500 1.53148189
4333.0000 1.52486663
4333.0500 1.51825136
4333.1000 1.50151401
4333.1500 1.48136241
4333.2000 1.46121081
4333.2500 1.44630972
4333.3000 1.44928494
4333.3500 1.45226016
4333.4000 1.45523539
4333.4500 1.45853307
4333.5000 1.46196412
4333.5500 1.46539517
4333.6000 1.46603391
4333.6500 1.45468756
4333.7000 1.44334121
4333.7500 1.43199485
4333.8000 1.42696484
4333.8500 1.42502307
4333.9000 1.42308129
4333.9500 1.42147091
4334.0000 1.42166128
4334.0500 1.42185166
4334.1000 1.42204203
4334.1500 1.41237714
4334.2000 1.39717731
4334.2500 1.38197748
4334.3000 1.36853948
4334.3500 1.36727514
4334.4000 1.36601081
4334.4500 1.36474648
4334.5000 1.36388626
4334.5500 1.3632805
4334.6000 1.36267473
4334.6500 1.36123858
4334.7000 1.35248872
4334.7500 1.34373886
4334.8000 1.33498901
4334.8500 1.33423012
4334.9000 1.33899165
4334.9500 1.34375318
4335.0000 1.34978904
4335.0500 1.37008728
4335.1000 1.39038552
4335.1500 1.41068376
4335.2000 1.40991734
4335.2500 1.3935013
4335.3000 1.37708526
4335.3500 1.36299672
4335.4000 1.38152759
4335.4500 1.40005846
4335.5000 1.41858933
4335.5500 1.42934752
4335.6000 1.4340131
4335.6500 1.43867868
4335.7000 1.44212852
4335.7500 1.42496678
4335.8000 1.40780503
4335.8500 1.39064328
4335.9000 1.39236418
4335.9500 1.40941394
4336.0000 1.4264637
4336.0500 1.44179218
4336.1000 1.42393177
4336.1500 1.40607136
4336.2000 1.38821095
4336.2500 1.38303854
4336.3000 1.38833984
4336.3500 1.39364114
4336.4000 1.39755336
4336.4500 1.37356268
4336.5000 1.349572
4336.5500 1.32558132
4336.6000 1.327558
4336.6500 1.3509385
4336.7000 1.374319
4336.7500 1.39649039
4336.8000 1.39570754
4336.8500 1.39492469
4336.9000 1.39414184
4336.9500 1.3940593
4337.0000 1.39454276
4337.0500 1.39502622
4337.1000 1.39577088
4337.1500 1.40082452
4337.2000 1.40587816
4337.2500 1.4109318
4337.3000 1.40801859
4337.3500 1.39890633
4337.4000 1.38979407
4337.4500 1.38055642
4337.5000 1.36962067
4337.5500 1.35868492
4337.6000 1.34774917
4337.6500 1.33706571
4337.7000 1.32656779
4337.7500 1.31606987
4337.8000 1.30583897
4337.8500 1.29848781
4337.9000 1.29113666
4337.9500 1.28378551
4338.0000 1.28869935
4338.0500 1.30197602
4338.1000 1.3152527
4338.1500 1.3264952
4338.2000 1.32047849
4338.2500 1.31446178
4338.3000 1.30844507
4338.3500 1.31058511
4338.4000 1.31777981
4338.4500 1.3249745
4338.5000 1.3311612
4338.5500 1.33063112
4338.6000 1.33010104
4338.6500 1.32957097
4338.7000 1.32591561
4338.7500 1.32053783
4338.8000 1.31516006
4338.8500 1.30868673
4338.9000 1.29646254
4338.9500 1.28423834
4339.0000 1.27201415
4339.0500 1.28467642
4339.1000 1.30924153
4339.1500 1.33380664
4339.2000 1.35228928
4339.2500 1.34550405
4339.3000 1.33871883
4339.3500 1.33193361
4339.4000 1.32171895
4339.4500 1.31012176
4339.5000 1.29852457
4339.5500 1.28522815
4339.6000 1.26632174
4339.6500 1.24741533
4339.7000 1.22850892
4339.7500 1.22076999
4339.8000 1.21668674
4339.8500 1.21260349
4339.9000 1.2149343
4339.9500 1.23414114
4340.0000 1.25334798
4340.0500 1.27255482
4340.1000 1.28013304
4340.1500 1.28477734
4340.2000 1.28942163
4340.2500 1.28542882
4340.3000 1.26331405
4340.3500 1.24119929
4340.4000 1.21908453
4340.4500 1.21001407
4340.5000 1.2032794
4340.5500 1.19654473
4340.6000 1.19365124
4340.6500 1.19717074
4340.7000 1.20069024
4340.7500 1.20420975
4340.8000 1.19812226
4340.8500 1.19099308
4340.9000 1.1838639
4340.9500 1.16634477
4341.0000 1.13510151
4341.0500 1.10385824
4341.1000 1.07261498
4341.1500 1.10566442
4341.2000 1.14134633
4341.2500 1.17702823
4341.3000 1.1919337
4341.3500 1.18535054
4341.4000 1.17876738
4341.4500 1.171924
4341.5000 1.15431112
4341.5500 1.13669824
4341.6000 1.11908536
4341.6500 1.11160006
4341.7000 1.11217877
4341.7500 1.11275747
4341.8000 1.11243119
4341.8500 1.10305964
4341.9000 1.0936881
4341.9500 1.08431656
4342.0000 1.08979866
4342.0500 1.10414392
4342.1000 1.11848919
4342.1500 1.13036357
4342.2000 1.12952578
4342.2500 1.12868798
4342.3000 1.12785018
4342.3500 1.12991294
4342.4000 1.13321708
4342.4500 1.13652122
4342.5000 1.14053662
4342.5500 1.14681737
4342.6000 1.15309811
4342.6500 1.15937886
4342.7000 1.17088066
4342.7500 1.18386613
4342.8000 1.19685161
4342.8500 1.20465092
4342.9000 1.20140818
4342.9500 1.19816545
4343.0000 1.19492272
4343.0500 1.17750366
4343.1000 1.15780644
4343.1500 1.13810921
4343.2000 1.14388304
4343.2500 1.18713648
4343.3000 1.23038993
4343.3500 1.27364337
4343.4000 1.25117153
4343.4500 1.22515252
4343.5000 1.19913351
4343.5500 1.1825537
4343.6000 1.1756397
4343.6500 1.1687257
4343.7000 1.16216457
4343.7500 1.16397499
4343.8000 1.16578541
4343.8500 1.16759584
4343.9000 1.18669308
4343.9500 1.21790662
4344.0000 1.24912017
4344.0500 1.27708545
4344.1000 1.28450241
4344.1500 1.29191937
4344.2000 1.29933633
4344.2500 1.3023052
4344.3000 1.30323976
4344.3500 1.30417432
4344.4000 1.3115257
4344.4500 1.33954085
4344.5000 1.36755601
4344.5500 1.39557116
4344.6000 1.37494157
4344.6500 1.34128945
4344.7000 1.30763733
4344.7500 1.29516431
4344.8000 1.32347635
4344.8500 1.3517884
4344.9000 1.38010044
4344.9500 1.35850999
4345.0000 1.33111877
4345.0500 1.30372756
4345.1000 1.30350437
4345.1500 1.33634914
4345.2000 1.36919391
4345.2500 1.40189739
4345.3000 1.41534857
4345.3500 1.42879975
4345.4000 1.44225093
4345.4500 1.44095044
4345.5000 1.42827577
4345.5500 1.41560109
4345.6000 1.40490975
4345.6500 1.40834831
4345.7000 1.41178688
4345.7500 1.41522544
4345.8000 1.43451202
4345.8500 1.46116673
4345.9000 1.48782144
4345.9500 1.50541348
4346.0000 1.49481377
4346.0500 1.48421406
4346.1000 1.47361435
4346.1500 1.46509084
4346.2000 1.45707027
4346.2500 1.44904971
4346.3000 1.4412103
4346.3500 1.43368225
4346.4000 1.42615421
4346.4500 1.41862616
4346.5000 1.44558245
4346.5500 1.47506578
4346.6000 1.50454911
4346.6500 1.51386511
4346.7000 1.50274782
4346.7500 1.49163053
4346.8000 1.48187889
4346.8500 1.49250202
4346.9000 1.50312514
4346.9500 1.51374826
4347.0000 1.50386475
4347.0500 1.48193755
4347.1000 1.46001035
4347.1500 1.44601777
4347.2000 1.46411008
4347.2500 1.48220239
4347.3000 1.50029471
4347.3500 1.52349964
4347.4000 1.54825223
4347.4500 1.57300482
4347.5000 1.57969878
4347.5500 1.55103523
4347.6000 1.52237167
4347.6500 1.49370812
4347.7000 1.49072565
4347.7500 1.49029522
4347.8000 1.48986479
4347.8500 1.49386932
4347.9000 1.5026357
4347.9500 1.51140208
4348.0000 1.52005042
4348.0500 1.52670661
4348.1000 1.5333628
4348.1500 1.54001899
4348.2000 1.54327169
4348.2500 1.54453173
4348.3000 1.54579178
4348.3500 1.54447596
4348.4000 1.53326836
4348.4500 1.52206076
4348.5000 1.51085316
4348.5500 1.51485086
4348.6000 1.52304855
4348.6500 1.53124624
4348.7000 1.54105493
4348.7500 1.55370769
4348.8000 1.56636044
4348.8500 1.5790132
4348.9000 1.56636055
4348.9500 1.55211373
4349.0000 1.53786692
4349.0500 1.54014858
4349.1000 1.55762956
4349.1500 1.57511054
4349.2000 1.58676533
4349.2500 1.5472597
4349.3000 1.50775407
4349.3500 1.46824845
4349.4000 1.47230389
4349.4500 1.49642723
4349.5000 1.52055057
4349.5500 1.53163336
4349.6000 1.50710953
4349.6500 1.48258571
4349.7000 1.45806188
4349.7500 1.45728969
4349.8000 1.46062383
4349.8500 1.46395797
4349.9000 1.49001062
4349.9500 1.54518865
4350.0000 1.60036668
4350.0500 1.65425164
4350.1000 1.65750217
4350.1500 1.6607527
4350.2000 1.66400323
4350.2500 1.6615917
4350.3000 1.65560062
4350.3500 1.64960955
4350.4000 1.64025962
4350.4500 1.61760078
4350.5000 1.59494194
4350.5500 1.57228311
4350.6000 1.56142021
4350.6500 1.55366573
4350.7000 1.54591126
4350.7500 1.54665792
4350.8000 1.56113195
4350.8500 1.57560598
4350.9000 1.59008001
4350.9500 1.62585717
4351.0000 1.66219134
4351.0500 1.69852551
4351.1000 1.67838261
4351.1500 1.6152277
4351.2000 1.55207279
4351.2500 1.49922296
4351.3000 1.49972004
4351.3500 1.50021713
4351.4000 1.50071421
4351.4500 1.51417503
4351.5000 1.53179279
4351.5500 1.54941055
4351.6000 1.55503069
4351.6500 1.5387157
4351.7000 1.52240072
4351.7500 1.50608573
4351.8000 1.52277992
4351.8500 1.54117427
4351.9000 1.55956862
4351.9500 1.57296814
4352.0000 1.58227332
4352.0500 1.59157849
4352.1000 1.59722502
4352.1500 1.58199613
4352.2000 1.56676724
4352.2500 1.55153836
4352.3000 1.55267865
4352.3500 1.55928155
4352.4000 1.56588445
4352.4500 1.55914318
4352.5000 1.52778453
4352.5500 1.49642587
4352.6000 1.46506722
4352.6500 1.46180794
4352.7000 1.45989372
4352.7500 1.45797949
4352.8000 1.45416005
4352.8500 1.44883264
4352.9000 1.44350522
4352.9500 1.44172427
4353.0000 1.45813722
4353.0500 1.47455018
4353.1000 1.49096313
4353.1500 1.49769609
4353.2000 1.50152348
4353.2500 1.50535088
4353.3000 1.51514242
4353.3500 1.5348231
4353.4000 1.55450378
4353.4500 1.57418446
4353.5000 1.5826575
4353.5500 1.59095234
4353.6000 1.59924719
4353.6500 1.59404967
4353.7000 1.57961315
4353.7500 1.56517664
4353.8000 1.56061964
4353.8500 1.59465248
4353.9000 1.62868532
4353.9500 1.66271816
4354.0000 1.67047645
4354.0500 1.67227722
4354.1000 1.67407798
4354.1500 1.65336532
4354.2000 1.60251172
4354.2500 1.55165812
4354.3000 1.50424607
4354.3500 1.53725931
4354.4000 1.57027256
4354.4500 1.6032858
4354.5000 1.61779413
4354.5500 1.62257993
4354.6000 1.62736574
4354.6500 1.63258556
4354.7000 1.63897194
4354.7500 1.64535832
4354.8000 1.6517447
4354.8500 1.68150102
4354.9000 1.71421054
4354.9500 1.74692005
4355.0000 1.74128083
4355.0500 1.69813108
4355.1000 1.65498133
4355.1500 1.62093038
4355.2000 1.6509806
4355.2500 1.68103082
4355.3000 1.71108104
4355.3500 1.70168332
4355.4000 1.67872183
4355.4500 1.65576035
4355.5000 1.64512083
4355.5500 1.65591522
4355.6000 1.66670962
4355.6500 1.67750402
4355.7000 1.68552919
4355.7500 1.69351786
4355.8000 1.70150652
4355.8500 1.70228543
4355.9000 1.69845481
4355.9500 1.69462418
4356.0000 1.68328646
4356.0500 1.64738373
4356.1000 1.61148099
4356.1500 1.57557825
4356.2000 1.62110733
4356.2500 1.67998126
4356.3000 1.73885518
4356.3500 1.74215353
4356.4000 1.68652858
4356.4500 1.63090362
4356.5000 1.58381131
4356.5500 1.60395047
4356.6000 1.62408964
4356.6500 1.64422881
4356.7000 1.64732459
4356.7500 1.64446064
4356.8000 1.6415967
4356.8500 1.64489054
4356.9000 1.65865728
4356.9500 1.67242402
4357.0000 1.68619205
4357.0500 1.70188211
4357.1000 1.71757216
4357.1500 1.73326222
4357.2000 1.72435223
4357.2500 1.70112611
4357.3000 1.67789999
4357.3500 1.67297936
4357.4000 1.71892454
4357.4500 1.76486973
4357.5000 1.81081491
4357.5500 1.8142931
4357.6000 1.81295834
4357.6500 1.81162358
4357.7000 1.88639794
4357.7500 2.02790579
4357.8000 2.16941365
4357.8500 2.26554969
4357.9000 2.13776313
4357.9500 2.00997656
4358.0000 1.88219
4358.0500 1.79999252
4358.1000 1.72882425
4358.1500 1.65765598
4358.2000 1.64288404
4358.2500 1.69903069
4358.3000 1.75517734
4358.3500 1.80683829
4358.4000 1.80813618
4358.4500 1.80943407
4358.5000 1.81073195
4358.5500 1.80363733
4358.6000 1.79330556
4358.6500 1.78297379
4358.7000 1.77004815
4358.7500 1.75256207
4358.8000 1.73507599
4358.8500 1.71780537
4358.9000 1.74797904
4358.9500 1.77815272
4359.0000 1.8083264
4359.0500 1.80819428
4359.1000 1.79156566
4359.1500 1.77493704
4359.2000 1.76087585
4359.2500 1.7530524
4359.3000 1.74522895
4359.3500 1.73740551
4359.4000 1.71854136
4359.4500 1.69893087
4359.5000 1.67932038
4359.5500 1.69073932
4359.6000 1.72436853
4359.6500 1.75799774
4359.7000 1.78287745
4359.7500 1.77846768
4359.8000 1.77405791
4359.8500 1.76964814
4359.9000 1.76935383
4359.9500 1.76963006
4360.0000 1.76990628
4360.0500 1.77080317
4360.1000 1.77225596
4360.1500 1.77370875
4360.2000 1.77454222
4360.2500 1.77251262
4360.3000 1.77048302
4360.3500 1.76845342
4360.4000 1.72047857
4360.4500 1.66304003
4360.5000 1.60560148
4360.5500 1.58908654
4360.6000 1.61662132
4360.6500 1.6441561
4360.7000 1.66716892
4360.7500 1.66121978
4360.8000 1.65527063
4360.8500 1.64932149
4360.9000 1.63244258
4360.9500 1.61265009
4361.0000 1.59285761
4361.0500 1.59800821
4361.1000 1.63426056
4361.1500 1.67051292
4361.2000 1.70272772
4361.2500 1.69924756
4361.3000 1.69576739
4361.3500 1.69228723
4361.4000 1.68241782
4361.4500 1.6705221
4361.5000 1.65862639
4361.5500 1.66346409
4361.6000 1.69161407
4361.6500 1.71976405
4361.7000 1.74456563
4361.7500 1.72952963
4361.8000 1.71449363
4361.8500 1.69945762
4361.9000 1.67215971
4361.9500 1.64051421
4362.0000 1.60886871
4362.0500 1.58853661
4362.1000 1.58517486
4362.1500 1.58181312
4362.2000 1.57827465
4362.2500 1.57209806
4362.3000 1.56592146
4362.3500 1.55974487
4362.4000 1.57484405
4362.4500 1.59794871
4362.5000 1.62105338
4362.5500 1.61736823
4362.6000 1.57203619
4362.6500 1.52670416
4362.7000 1.48335278
4362.7500 1.47256239
4362.8000 1.46177199
4362.8500 1.4509816
4362.9000 1.45039481
4362.9500 1.4536927
4363.0000 1.45699059
4363.0500 1.47419336
4363.1000 1.51294349
4363.1500 1.55169362
4363.2000 1.58455082
4363.2500 1.52701019
4363.3000 1.46946957
4363.3500 1.41192894
4363.4000 1.4315698
4363.4500 1.47958151
4363.5000 1.52759322
4363.5500 1.54171138
4363.6000 1.50546573
4363.6500 1.46922007
4363.7000 1.43640429
4363.7500 1.44629691
4363.8000 1.45618953
4363.8500 1.46608215
4363.9000 1.46814221
4363.9500 1.46755571
4364.0000 1.46696922
4364.0500 1.47710465
4364.1000 1.50195084
4364.1500 1.52679703
4364.2000 1.54676292
4364.2500 1.52116344
4364.3000 1.49556397
4364.3500 1.46996449
4364.4000 1.46657112
4364.4500 1.46970123
4364.5000 1.47283135
4364.5500 1.49340233
4364.6000 1.53527675
4364.6500 1.57715118
4364.7000 1.60658117
4364.7500 1.5515343
4364.8000 1.49648743
4364.8500 1.44144056
4364.9000 1.44976456
4364.9500 1.47317926
4365.0000 1.49659395
4365.0500 1.52656841
4365.1000 1.56342624
4365.1500 1.60028407
4365.2000 1.62510256
4365.2500 1.59084104
4365.3000 1.55657952
4365.3500 1.522318
4365.4000 1.53410089
4365.4500 1.55390572
4365.5000 1.57371055
4365.5500 1.57672187
4365.6000 1.56513671
4365.6500 1.55355155
4365.7000 1.54394069
4365.7500 1.54135473
4365.8000 1.53876877
4365.8500 1.53618281
4365.9000 1.55540222
4365.9500 1.57691593
4366.0000 1.59842965
4366.0500 1.61646743
4366.1000 1.63210202
4366.1500 1.64773661
4366.2000 1.66037517
4366.2500 1.66525933
4366.3000 1.67014349
4366.3500 1.67502765
4366.4000 1.66935741
4366.4500 1.66332886
4366.5000 1.6573003
4366.5500 1.61536963
4366.6000 1.55466733
4366.6500 1.49396502
4366.7000 1.4750723
4366.7500 1.5347977
4366.8000 1.5945231
4366.8500 1.65090498
4366.9000 1.62425564
4366.9500 1.5976063
4367.0000 1.57095695
4367.0500 1.55195802
4367.1000 1.53577062
4367.1500 1.51958321
4367.2000 1.5064642
4367.2500 1.49749944
4367.3000 1.48853467
4367.3500 1.48303671
4367.4000 1.50310334
4367.4500 1.52316998
4367.5000 1.54323662
4367.5500 1.56004138
4367.6000 1.5761058
4367.6500 1.59217022
4367.7000 1.59628002
4367.7500 1.58897892
4367.8000 1.58167782
4367.8500 1.56968315
4367.9000 1.53995355
4367.9500 1.51022395
4368.0000 1.48049435
4368.0500 1.46576536
4368.1000 1.4525578
4368.1500 1.43935025
4368.2000 1.45279009
4368.2500 1.4834411
4368.3000 1.51409211
4368.3500 1.52243219
4368.4000 1.4807038
4368.4500 1.4389754
4368.5000 1.39828359
4368.5500 1.46087821
4368.6000 1.52347284
4368.6500 1.58606746
4368.7000 1.58737634
4368.7500 1.56397215
4368.8000 1.54056796
4368.8500 1.5315305
4368.9000 1.54263315
4368.9500 1.55373579
4369.0000 1.56026105
4369.0500 1.53355449
4369.1000 1.50684793
4369.1500 1.48014137
4369.2000 1.49714569
4369.2500 1.52330691
4369.3000 1.54946814
4369.3500 1.5484722
4369.4000 1.52373314
4369.4500 1.49899409
4369.5000 1.48114848
4369.5500 1.48497899
4369.6000 1.48880951
4369.6500 1.49264003
4369.7000 1.50040154
4369.7500 1.50836976
4369.8000 1.51633798
4369.8500 1.51168667
4369.9000 1.50052887
4369.9500 1.48937107
4370.0000 1.46595894
4370.0500 1.42173334
4370.1000 1.37750775
4370.1500 1.33630161
4370.2000 1.32873736
4370.2500 1.3211731
4370.3000 1.31360884
4370.3500 1.29847478
4370.4000 1.28139051
4370.4500 1.26430623
4370.5000 1.28012396
4370.5500 1.3276882
4370.6000 1.37525244
4370.6500 1.41503516
4370.7000 1.42781886
4370.7500 1.44060255
4370.8000 1.45338624
4370.8500 1.46337361
4370.9000 1.47318102
4370.9500 1.48298842
4371.0000 1.47792034
4371.0500 1.46506326
4371.1000 1.45220618
4371.1500 1.44189346
4371.2000 1.43583695
4371.2500 1.42978044
4371.3000 1.42508875
4371.3500 1.433716
4371.4000 1.44234325
4371.4500 1.4509705
4371.5000 1.47539595
4371.5500 1.50346098
4371.6000 1.531526
4371.6500 1.51225815
4371.7000 1.45161318
4371.7500 1.39096821
4371.8000 1.35229463
4371.8500 1.37768371
4371.9000 1.40307279
4371.9500 1.42846188
4372.0000 1.43708194
4372.0500 1.44532815
4372.1000 1.45357435
4372.1500 1.50322196
4372.2000 1.57044434
4372.2500 1.63766672
4372.3000 1.67755492
4372.3500 1.68073458
4372.4000 1.68391424
4372.4500 1.67666568
4372.5000 1.61151695
4372.5500 1.54636821
4372.6000 1.48121947
4372.6500 1.53308029
4372.7000 1.60098406
4372.7500 1.66888783
4372.8000 1.70799587
4372.8500 1.72847786
4372.9000 1.74895986
4372.9500 1.76844065
4373.0000 1.7859431
4373.0500 1.80344554
4373.1000 1.81962747
4373.1500 1.81706678
4373.2000 1.81450608
4373.2500 1.81194539
4373.3000 1.81142148
4373.3500 1.81141761
4373.4000 1.81141374
4373.4500 1.80215672
4373.5000 1.78464088
4373.5500 1.76712504
4373.6000 1.74559617
4373.6500 1.71271458
4373.7000 1.67983299
4373.7500 1.6469514
4373.8000 1.63538344
4373.8500 1.62392392
4373.9000 1.6124644
4373.9500 1.61044839
4374.0000 1.61193048
4374.0500 1.61341258
4374.1000 1.6312514
4374.1500 1.66787482
4374.2000 1.70449823
4374.2500 1.72893208
4374.3000 1.70527149
4374.3500 1.68161089
4374.4000 1.6579503
4374.4500 1.62745489
4374.5000 1.59652276
4374.5500 1.56559062
4374.6000 1.54309961
4374.6500 1.52460526
4374.7000 1.50611092
4374.7500 1.48860077
4374.8000 1.4724588
4374.8500 1.45631683
4374.9000 1.45033603
4374.9500 1.49806412
4375.0000 1.54579221
4375.0500 1.59352031
4375.1000 1.62219171
4375.1500 1.64876418
4375.2000 1.67533665
4375.2500 1.66442488
4375.3000 1.63274392
4375.3500 1.60106297
4375.4000 1.58039426
4375.4500 1.57715856
4375.5000 1.57392286
4375.5500 1.56896443
4375.6000 1.55265744
4375.6500 1.53635045
4375.7000 1.52004346
4375.7500 1.46149089
4375.8000 1.39703733
4375.8500 1.33258378
4375.9000 1.34336284
4375.9500 1.39946181
4376.0000 1.45556078
4376.0500 1.4901786
4376.1000 1.48848245
4376.1500 1.48678629
4376.2000 1.48485769
4376.2500 1.48122886
4376.3000 1.47760003
4376.3500 1.4739712
4376.4000 1.5298873
4376.4500 1.59471235
4376.5000 1.6595374
4376.5500 1.66065216
4376.6000 1.62278795
4376.6500 1.58492375
4376.7000 1.57557751
4376.7500 1.6143819
4376.8000 1.65318629
4376.8500 1.68900002
4376.9000 1.70378139
4376.9500 1.71856275
4377.0000 1.73334412
4377.0500 1.73242824
4377.1000 1.72933119
4377.1500 1.72623415
4377.2000 1.66280629
4377.2500 1.56432298
4377.3000 1.46583967
4377.3500 1.40373191
4377.4000 1.39900997
4377.4500 1.39428803
4377.5000 1.39412877
4377.5500 1.42100266
4377.6000 1.44787656
4377.6500 1.47475045
4377.7000 1.47593086
4377.7500 1.47431452
4377.8000 1.47269818
4377.8500 1.45390105
4377.9000 1.42626267
4377.9500 1.39862429
4378.0000 1.41409912
4378.0500 1.48920343
4378.1000 1.56430774
4378.1500 1.61480895
4378.2000 1.55321648
4378.2500 1.49162402
4378.3000 1.43003156
4378.3500 1.46110367
4378.4000 1.49795237
4378.4500 1.53480107
4378.5000 1.5176129
4378.5500 1.47766446
4378.6000 1.43771602
4378.6500 1.40387463
4378.7000 1.37700567
4378.7500 1.3501367
4378.8000 1.3407658
4378.8500 1.38958699
4378.9000 1.43840818
4378.9500 1.48722938
4379.0000 1.45042649
4379.0500 1.41331559
4379.1000 1.37620469
4379.1500 1.42909277
4379.2000 1.50999405
4379.2500 1.59089533
4379.3000 1.6253918
4379.3500 1.61870477
4379.4000 1.61201774
4379.4500 1.61725299
4379.5000 1.65057902
4379.5500 1.68390506
4379.6000 1.70898689
4379.6500 1.61942055
4379.7000 1.52985421
4379.7500 1.44028787
4379.8000 1.51886804
4379.8500 1.63015022
4379.9000 1.74143241
4379.9500 1.78134593
4380.0000 1.77529313
4380.0500 1.76924032
4380.1000 1.77269608
4380.1500 1.79164719
4380.2000 1.81059831
4380.2500 1.82715423
4380.3000 1.8304799
4380.3500 1.83380558
4380.4000 1.83713126
4380.4500 1.83206663
4380.5000 1.82634383
4380.5500 1.82062103
4380.6000 1.79590555
4380.6500 1.76313545
4380.7000 1.73036536
4380.7500 1.70911154
4380.8000 1.70042847
4380.8500 1.6917454
4380.9000 1.68602924
4380.9500 1.6889817
4381.0000 1.69193417
4381.0500 1.69441359
4381.1000 1.68295641
4381.1500 1.67149923
4381.2000 1.66004204
4381.2500 1.64656972
4381.3000 1.63262973
4381.3500 1.61868973
4381.4000 1.67398248
4381.4500 1.77710716
4381.5000 1.88023184
4381.5500 1.9007078
4381.6000 1.78174308
4381.6500 1.66277836
4381.7000 1.57603277
4381.7500 1.66649937
4381.8000 1.75696596
4381.8500 1.84743256
4381.9000 1.8934377
4381.9500 1.93642827
4382.0000 1.97941884
4382.0500 1.82247788
4382.1000 1.58783519
4382.1500 1.35319249
4382.2000 1.30693639
4382.2500 1.44554734
4382.3000 1.58415828
4382.3500 1.69162302
4382.4000 1.72293033
4382.4500 1.75423764
4382.5000 1.78162906
4382.5500 1.76192892
4382.6000 1.74222878
4382.6500 1.72252864
4382.7000 1.71688534
4382.7500 1.71345019
4382.8000 1.71001504
4382.8500 1.65282955
4382.9000 1.56703943
4382.9500 1.48124932
4383.0000 1.5457392
4383.0500 1.79990816
4383.1000 2.05407711
4383.1500 2.2176529
4383.2000 2.08200256
4383.2500 1.94635221
4383.3000 1.81478365
4383.3500 1.85136066
4383.4000 1.88793767
4383.4500 1.92451467
4383.5000 1.86897201
4383.5500 1.79265159
4383.6000 1.71633118
4383.6500 1.74863439
4383.7000 1.85062675
4383.7500 1.95261912
4383.8000 2.00825456
4383.8500 1.99531594
4383.9000 1.98237732
4383.9500 1.97008647
4384.0000 1.96041161
4384.0500 1.95073676
4384.1000 1.94106191
4384.1500 1.91235587
4384.2000 1.8835456
4384.2500 1.85473532
4384.3000 1.89303058
4384.3500 1.94899364
4384.4000 2.0049567
4384.4500 1.99899442
4384.5000 1.94992377
4384.5500 1.90085312
4384.6000 0
4384.6500 0
4384.7000 0
