4917.0500 6.99701289
4917.1000 6.97347146
4917.1500 6.92452916
4917.2000 6.87558686
4917.2500 6.82664456
4917.3000 6.77770226
4917.3500 6.8126989
4917.4000 6.88155312
4917.4500 6.95040734
4917.5000 7.01926156
4917.5500 7.08929065
4917.6000 7.17148858
4917.6500 7.25368651
4917.7000 7.33588444
4917.7500 7.41808237
4917.8000 7.40437056
4917.8500 7.28020288
4917.9000 7.15603521
4917.9500 7.03186753
4918.0000 6.90769986
4918.0500 6.90393546
4918.1000 6.9226451
4918.1500 6.94135473
4918.2000 6.96006436
4918.2500 6.98911638
4918.3000 7.05443642
4918.3500 7.11975646
4918.4000 7.1850765
4918.4500 7.25039654
4918.5000 7.21775278
4918.5500 7.12042731
4918.6000 7.02310183
4918.6500 6.92577636
4918.7000 6.82845088
4918.7500 6.90582336
4918.8000 6.98604034
4918.8500 7.06625732
4918.9000 7.1464743
4918.9500 7.17985435
4919.0000 7.13240896
4919.0500 7.08496357
4919.1000 7.03751818
4919.1500 6.99007278
4919.2000 6.96075731
4919.2500 6.93745221
4919.3000 6.91414711
4919.3500 6.890842
4919.4000 6.87015082
4919.4500 6.86600865
4919.5000 6.86186648
4919.5500 6.85772431
4919.6000 6.85358213
4919.6500 6.88648743
4919.7000 6.95317811
4919.7500 7.0198688
4919.8000 7.08655948
4919.8500 7.15325016
4919.9000 7.16687881
4919.9500 7.17531644
4920.0000 7.18375406
4920.0500 7.19219168
4920.1000 7.19471448
4920.1500 7.18343537
4920.2000 7.17215626
4920.2500 7.16087714
4920.3000 7.14959803
4920.3500 7.15314298
4920.4000 7.16333768
4920.4500 7.17353238
4920.5000 7.18372708
4920.5500 7.19118925
4920.6000 7.16802592
4920.6500 7.14486258
4920.7000 7.12169925
4920.7500 7.09853591
4920.8000 7.08741061
4920.8500 7.08960444
4920.9000 7.09179827
4920.9500 7.0939921
4921.0000 7.09618594
4921.0500 7.21088628
4921.1000 7.34257596
4921.1500 7.47426565
4921.2000 7.60595533
4921.2500 7.70446587
4921.3000 7.71052949
4921.3500 7.7165931
4921.4000 7.72265671
4921.4500 7.72872033
4921.5000 7.64925648
4921.5500 7.52586214
4921.6000 7.40246781
4921.6500 7.27907347
4921.7000 7.16109147
4921.7500 7.13029827
4921.8000 7.09950507
4921.8500 7.06871188
4921.9000 7.03791868
4921.9500 6.98443826
4922.0000 6.90405329
4922.0500 6.82366832
4922.1000 6.74328334
4922.1500 6.66289837
4922.2000 6.65466944
4922.2500 6.65840659
4922.3000 6.66214374
4922.3500 6.6658809
4922.4000 6.68249495
4922.4500 6.73589815
4922.5000 6.78930135
4922.5500 6.84270454
4922.6000 6.89610774
4922.6500 6.84978315
4922.7000 6.7525467
4922.7500 6.65531026
4922.8000 6.55807381
4922.8500 6.47311359
4922.9000 6.56179402
4922.9500 6.65047445
4923.0000 6.73915487
4923.0500 6.8278353
4923.1000 6.85184749
4923.1500 6.8033084
4923.2000 6.75476931
4923.2500 6.70623022
4923.3000 6.65769113
4923.3500 6.68282113
4923.4000 6.71821015
4923.4500 6.75359918
4923.5000 6.7889882
4923.5500 6.79702488
4923.6000 6.73660751
4923.6500 6.67619015
4923.7000 6.61577278
4923.7500 6.55535541
4923.8000 6.50158417
4923.8500 6.45073685
4923.9000 6.39988953
4923.9500 6.34904221
4924.0000 6.31033353
4924.0500 6.37543305
4924.1000 6.44053257
4924.1500 6.50563209
4924.2000 6.57073161
4924.2500 6.62602272
4924.3000 6.6721194
4924.3500 6.71821608
4924.4000 6.76431277
4924.4500 6.81040945
4924.5000 6.83393483
4924.5500 6.85573161
4924.6000 6.87752839
4924.6500 6.89932517
4924.7000 6.90041952
4924.7500 6.86182709
4924.8000 6.82323466
4924.8500 6.78464223
4924.9000 6.7460498
4924.9500 6.76818682
4925.0000 6.80971086
4925.0500 6.8512349
4925.1000 6.89275894
4925.1500 6.92541615
4925.2000 6.91611503
4925.2500 6.90681391
4925.3000 6.89751278
4925.3500 6.88821166
4925.4000 6.82685581
4925.4500 6.72964607
4925.5000 6.63243632
4925.5500 6.53522658
4925.6000 6.44015941
4925.6500 6.53632847
4925.7000 6.63249753
4925.7500 6.72866659
4925.8000 6.82483564
4925.8500 6.86688837
4925.9000 6.83757297
4925.9500 6.80825757
4926.0000 6.77894218
4926.0500 6.74962678
4926.1000 6.77434142
4926.1500 6.80839063
4926.2000 6.84243984
4926.2500 6.87648905
4926.3000 6.89582247
4926.3500 6.87642903
4926.4000 6.85703559
4926.4500 6.83764216
4926.5000 6.81824872
4926.5500 6.81140477
4926.6000 6.80995777
4926.6500 6.80851076
4926.7000 6.80706376
4926.7500 6.80794841
4926.8000 6.82523867
4926.8500 6.84252893
4926.9000 6.85981919
4926.9500 6.87710946
4927.0000 6.90896329
4927.0500 6.95269184
4927.1000 6.9964204
4927.1500 7.04014895
4927.2000 7.08387751
4927.2500 7.0554328
4927.3000 7.02540303
4927.3500 6.99537326
4927.4000 6.96534349
4927.4500 6.94513351
4927.5000 6.93920635
4927.5500 6.93327919
4927.6000 6.92735203
4927.6500 6.92142487
4927.7000 6.97534522
4927.7500 7.04087181
4927.8000 7.1063984
4927.8500 7.171925
4927.9000 7.2152626
4927.9500 7.19829336
4928.0000 7.18132411
4928.0500 7.16435487
4928.1000 7.14738563
4928.1500 7.14714231
4928.2000 7.15401205
4928.2500 7.1608818
4928.3000 7.16775155
4928.3500 7.16716231
4928.4000 7.11899143
4928.4500 7.07082055
4928.5000 7.02264967
4928.5500 6.97447879
4928.6000 6.9647374
4928.6500 6.98390827
4928.7000 7.00307913
4928.7500 7.02225
4928.8000 7.04128271
4928.8500 7.04087884
4928.9000 7.04047497
4928.9500 7.0400711
4929.0000 7.03966723
4929.0500 7.03625233
4929.1000 7.02907757
4929.1500 7.02190281
4929.2000 7.01472804
4929.2500 7.00755328
4929.3000 7.00065566
4929.3500 6.99379455
4929.4000 6.98693343
4929.4500 6.98007232
4929.5000 6.97499697
4929.5500 6.97365199
4929.6000 6.972307
4929.6500 6.97096201
4929.7000 6.96961703
4929.7500 6.98455798
4929.8000 7.00449829
4929.8500 7.02443859
4929.9000 7.04437889
4929.9500 7.05611754
4930.0000 7.03658268
4930.0500 7.01704783
4930.1000 6.99751297
4930.1500 6.97797812
4930.2000 6.94289549
4930.2500 6.89950185
4930.3000 6.85610821
4930.3500 6.81271457
4930.4000 6.77621691
4930.4500 6.80406321
4930.5000 6.83190951
4930.5500 6.85975581
4930.6000 6.88760211
4930.6500 6.90227012
4930.7000 6.90585552
4930.7500 6.90944093
4930.8000 6.91302633
4930.8500 6.91661174
4930.9000 6.98091452
4930.9500 7.04577908
4931.0000 7.11064364
4931.0500 7.17550819
4931.1000 7.19058961
4931.1500 7.14224003
4931.2000 7.09389044
4931.2500 7.04554085
4931.3000 6.99719126
4931.3500 6.98029278
4931.4000 6.96728671
4931.4500 6.95428064
4931.5000 6.94127456
4931.5500 6.91367725
4931.6000 6.85791477
4931.6500 6.80215229
4931.7000 6.7463898
4931.7500 6.69062732
4931.8000 6.67878603
4931.8500 6.67834613
4931.9000 6.67790623
4931.9500 6.67746632
4932.0000 6.67888239
4932.0500 6.68593199
4932.1000 6.6929816
4932.1500 6.7000312
4932.2000 6.7070808
4932.2500 6.71132369
4932.3000 6.71438057
4932.3500 6.71743745
4932.4000 6.72049433
4932.4500 6.72435712
4932.5000 6.73247109
4932.5500 6.74058507
4932.6000 6.74869905
4932.6500 6.75681303
4932.7000 6.76790015
4932.7500 6.78083271
4932.8000 6.79376528
4932.8500 6.80669784
4932.9000 6.81200546
4932.9500 6.72450843
4933.0000 6.63701141
4933.0500 6.54951438
4933.1000 6.46201735
4933.1500 6.46522034
4933.2000 6.54691347
4933.2500 6.62860661
4933.3000 6.71029974
4933.3500 6.79199287
4933.4000 6.79541059
4933.4500 6.79863183
4933.5000 6.80185308
4933.5500 6.80507433
4933.6000 6.82842541
4933.6500 6.87539172
4933.7000 6.92235803
4933.7500 6.96932433
4933.8000 7.01629064
4933.8500 6.96531552
4933.9000 6.90629405
4933.9500 6.84727258
4934.0000 6.78825111
4934.0500 6.76496881
4934.1000 6.79776149
4934.1500 6.83055418
4934.2000 6.86334687
4934.2500 6.89613956
4934.3000 6.87196297
4934.3500 6.83817808
4934.4000 6.8043932
4934.4500 6.77060832
4934.5000 6.75250022
4934.5500 6.76719558
4934.6000 6.78189094
4934.6500 6.79658631
4934.7000 6.81128167
4934.7500 6.78309398
4934.8000 6.74366457
4934.8500 6.70423515
4934.9000 6.66480574
4934.9500 6.64620048
4935.0000 6.68610417
4935.0500 6.72600787
4935.1000 6.76591157
4935.1500 6.80581526
4935.2000 6.80736104
4935.2500 6.79500137
4935.3000 6.7826417
4935.3500 6.77028202
4935.4000 6.76942923
4935.4500 6.81275652
4935.5000 6.85608381
4935.5500 6.89941111
4935.6000 6.9427384
4935.6500 6.92428633
4935.7000 6.87684039
4935.7500 6.82939445
4935.8000 6.78194852
4935.8500 6.75084243
4935.9000 6.80827307
4935.9500 6.86570371
4936.0000 6.92313436
4936.0500 6.980565
4936.1000 6.98653666
4936.1500 6.96257925
4936.2000 6.93862184
4936.2500 6.91466443
4936.3000 6.88723131
4936.3500 6.83167337
4936.4000 6.77611543
4936.4500 6.72055749
4936.5000 6.66499955
4936.5500 6.67984075
4936.6000 6.74381261
4936.6500 6.80778447
4936.7000 6.87175634
4936.7500 6.93290455
4936.8000 6.95607325
4936.8500 6.97924195
4936.9000 7.00241065
4936.9500 7.02557935
4937.0000 7.02413204
4937.0500 7.00260066
4937.1000 6.98106927
4937.1500 6.95953788
4937.2000 6.9384151
4937.2500 6.9291029
4937.3000 6.91979069
4937.3500 6.91047848
4937.4000 6.90116627
4937.4500 6.9052044
4937.5000 6.92169268
4937.5500 6.93818095
4937.6000 6.95466923
4937.6500 6.9710628
4937.7000 6.95256034
4937.7500 6.93405789
4937.8000 6.91555544
4937.8500 6.89705299
4937.9000 6.87962989
4937.9500 6.86333368
4938.0000 6.84703748
4938.0500 6.83074127
4938.1000 6.81444507
4938.1500 6.81771825
4938.2000 6.82145207
4938.2500 6.82518589
4938.3000 6.8289197
4938.3500 6.819077
4938.4000 6.79367899
4938.4500 6.76828099
4938.5000 6.74288298
4938.5500 6.71748498
4938.6000 6.7465757
4938.6500 6.77815458
4938.7000 6.80973346
4938.7500 6.84131234
4938.8000 6.86042345
4938.8500 6.86416511
4938.9000 6.86790676
4938.9500 6.87164842
4939.0000 6.87539008
4939.0500 6.87258133
4939.1000 6.86935959
4939.1500 6.86613785
4939.2000 6.86291612
4939.2500 6.86269923
4939.3000 6.86638904
4939.3500 6.87007884
4939.4000 6.87376864
4939.4500 6.87745845
4939.5000 6.86452642
4939.5500 6.85034494
4939.6000 6.83616345
4939.6500 6.82198197
4939.7000 6.78506132
4939.7500 6.7175856
4939.8000 6.65010987
4939.8500 6.58263414
4939.9000 6.51515842
4939.9500 6.59011194
4940.0000 6.67669412
4940.0500 6.7632763
4940.1000 6.84985848
4940.1500 6.87033951
4940.2000 6.80088391
4940.2500 6.73142832
4940.3000 6.66197273
4940.3500 6.59251714
4940.4000 6.63268957
4940.4500 6.68188061
4940.5000 6.73107165
4940.5500 6.78026269
4940.6000 6.79870016
4940.6500 6.77563402
4940.7000 6.75256787
4940.7500 6.72950173
4940.8000 6.70643559
4940.8500 6.73136357
4940.9000 6.75998752
4940.9500 6.78861146
4941.0000 6.81723541
4941.0500 6.81796557
4941.1000 6.78211659
4941.1500 6.74626762
4941.2000 6.71041864
4941.2500 6.67456966
4941.3000 6.66994607
4941.3500 6.66738465
4941.4000 6.66482323
4941.4500 6.66226182
4941.5000 6.66449527
4941.5500 6.67271571
4941.6000 6.68093615
4941.6500 6.68915659
4941.7000 6.69737703
4941.7500 6.69010653
4941.8000 6.682066
4941.8500 6.67402547
4941.9000 6.66598494
4941.9500 6.66726059
4942.0000 6.67939218
4942.0500 6.69152376
4942.1000 6.70365535
4942.1500 6.71578693
4942.2000 6.70168236
4942.2500 6.68682994
4942.3000 6.67197752
4942.3500 6.65712511
4942.4000 6.65656061
4942.4500 6.67122878
4942.5000 6.68589695
4942.5500 6.70056511
4942.6000 6.71523328
4942.6500 6.72928402
4942.7000 6.74333289
4942.7500 6.75738176
4942.8000 6.77143063
4942.8500 6.76995232
4942.9000 6.75362783
4942.9500 6.73730334
4943.0000 6.72097885
4943.0500 6.70565052
4943.1000 6.7266214
4943.1500 6.74759229
4943.2000 6.76856318
4943.2500 6.78953406
4943.3000 6.76875596
4943.3500 6.71290782
4943.4000 6.65705967
4943.4500 6.60121153
4943.5000 6.54872569
4943.5500 6.5475518
4943.6000 6.54637791
4943.6500 6.54520402
4943.7000 6.54403013
4943.7500 6.55373933
4943.8000 6.57130404
4943.8500 6.58886875
4943.9000 6.60643346
4943.9500 6.62460747
4944.0000 6.64818494
4944.0500 6.6717624
4944.1000 6.69533987
4944.1500 6.71891733
4944.2000 6.69831924
4944.2500 6.65100609
4944.3000 6.60369293
4944.3500 6.55637978
4944.4000 6.51993727
4944.4500 6.54696372
4944.5000 6.57399017
4944.5500 6.60101662
4944.6000 6.62804307
4944.6500 6.606215
4944.7000 6.56038643
4944.7500 6.51455787
4944.8000 6.4687293
4944.8500 6.43549328
4944.9000 6.453854
4944.9500 6.47221471
4945.0000 6.49057542
4945.0500 6.50893613
4945.1000 6.54810941
4945.1500 6.59525456
4945.2000 6.64239971
4945.2500 6.68954487
4945.3000 6.72067662
4945.3500 6.70407031
4945.4000 6.68746401
4945.4500 6.67085771
4945.5000 6.6542514
4945.5500 6.64289056
4945.6000 6.63300417
4945.6500 6.62311777
4945.7000 6.61323138
4945.7500 6.61237559
4945.8000 6.63150316
4945.8500 6.65063072
4945.9000 6.66975828
4945.9500 6.68888585
4946.0000 6.70210518
4946.0500 6.71422566
4946.1000 6.72634615
4946.1500 6.73846663
4946.2000 6.73351707
4946.2500 6.70028399
4946.3000 6.6670509
4946.3500 6.63381781
4946.4000 6.60058473
4946.4500 6.63526595
4946.5000 6.67659524
4946.5500 6.71792454
4946.6000 6.75925383
4946.6500 6.76663776
4946.7000 6.7319529
4946.7500 6.69726804
4946.8000 6.66258319
4946.8500 6.62789833
4946.9000 6.59870446
4946.9500 6.56960237
4947.0000 6.54050028
4947.0500 6.51139819
4947.1000 6.5011332
4947.1500 6.50812994
4947.2000 6.51512668
4947.2500 6.52212341
4947.3000 6.52945987
4947.3500 6.54199433
4947.4000 6.5545288
4947.4500 6.56706326
4947.5000 6.57959772
4947.5500 6.62048296
4947.6000 6.68010078
4947.6500 6.7397186
4947.7000 6.79933642
4947.7500 6.84659015
4947.8000 6.82046555
4947.8500 6.79434094
4947.9000 6.76821634
4947.9500 6.74209173
4948.0000 6.72962005
4948.0500 6.72335343
4948.1000 6.71708681
4948.1500 6.71082019
4948.2000 6.70451341
4948.2500 6.69807379
4948.3000 6.69163417
4948.3500 6.68519455
4948.4000 6.67875493
4948.4500 6.66692538
4948.5000 6.65355769
4948.5500 6.64019
4948.6000 6.62682232
4948.6500 6.61644075
4948.7000 6.61225787
4948.7500 6.60807498
4948.8000 6.60389209
4948.8500 6.59970921
4948.9000 6.6477406
4948.9500 6.70333267
4949.0000 6.75892475
4949.0500 6.81451682
4949.1000 6.84207246
4949.1500 6.83141287
4949.2000 6.82075329
4949.2500 6.81009371
4949.3000 6.79943413
4949.3500 6.82066649
4949.4000 6.84274627
4949.4500 6.86482606
4949.5000 6.88690584
4949.5500 6.86904165
4949.6000 6.81522852
4949.6500 6.76141539
4949.7000 6.70760225
4949.7500 6.65706601
4949.8000 6.64432027
4949.8500 6.63157452
4949.9000 6.61882878
4949.9500 6.60608303
4950.0000 6.61091451
4950.0500 6.62586971
4950.1000 6.64082491
4950.1500 6.65578012
4950.2000 6.66814931
4950.2500 6.66953299
4950.3000 6.67091666
4950.3500 6.67230034
4950.4000 6.67368401
4950.4500 6.66705293
4950.5000 6.65771921
4950.5500 6.64838548
4950.6000 6.63905176
4950.6500 6.632363
4950.7000 6.63166228
4950.7500 6.63096155
4950.8000 6.63026083
4950.8500 6.6295601
4950.9000 6.6395702
4950.9500 6.65123479
4951.0000 6.66289938
4951.0500 6.67456397
4951.1000 6.67581678
4951.1500 6.66311434
4951.2000 6.6504119
4951.2500 6.63770946
4951.3000 6.62500702
4951.3500 6.6086273
4951.4000 6.59220913
4951.4500 6.57579096
4951.5000 6.55937279
4951.5500 6.59856416
4951.6000 6.68265417
4951.6500 6.76674417
4951.7000 6.85083418
4951.7500 6.93475804
4951.8000 7.01744227
4951.8500 7.1001265
4951.9000 7.18281072
4951.9500 7.26549495
4952.0000 7.35940894
4952.0500 7.4585023
4952.1000 7.55759566
4952.1500 7.65668902
4952.2000 7.72401989
4952.2500 7.6969746
4952.3000 7.66992931
4952.3500 7.64288403
4952.4000 7.61583874
4952.4500 7.578182
4952.5000 7.53820416
4952.5500 7.49822632
4952.6000 7.45824848
4952.6500 7.42504538
4952.7000 7.40241589
4952.7500 7.37978641
4952.8000 7.35715692
4952.8500 7.33452744
4952.9000 7.17986561
4952.9500 7.01995593
4953.0000 6.86004625
4953.0500 6.70013657
4953.1000 6.61222516
4953.1500 6.58706661
4953.2000 6.56190807
4953.2500 6.53674952
4953.3000 6.51626784
4953.3500 6.53436917
4953.4000 6.55247051
4953.4500 6.57057184
4953.5000 6.58867318
4953.5500 6.60776281
4953.6000 6.62731074
4953.6500 6.64685867
4953.7000 6.66640661
4953.7500 6.67221677
4953.8000 6.63883338
4953.8500 6.60544998
4953.9000 6.57206659
4953.9500 6.53868319
4954.0000 6.53297961
4954.0500 6.53266003
4954.1000 6.53234045
4954.1500 6.53202087
4954.2000 6.53366293
4954.2500 6.53805813
4954.3000 6.54245333
4954.3500 6.54684853
4954.4000 6.55124374
4954.4500 6.58162113
4954.5000 6.61209683
4954.5500 6.64257252
4954.6000 6.67304822
4954.6500 6.67700156
4954.7000 6.661565
4954.7500 6.64612844
4954.8000 6.63069188
4954.8500 6.61970373
4954.9000 6.63200166
4954.9500 6.64429959
4955.0000 6.65659751
4955.0500 6.66889544
4955.1000 6.67667884
4955.1500 6.68291199
4955.2000 6.68914514
4955.2500 6.69537829
4955.3000 6.6995244
4955.3500 6.69942652
4955.4000 6.69932864
4955.4500 6.69923076
4955.5000 6.69913288
4955.5500 6.68956178
4955.6000 6.67912414
4955.6500 6.6686865
4955.7000 6.65824886
4955.7500 6.64226359
4955.8000 6.62081895
4955.8500 6.5993743
4955.9000 6.57792966
4955.9500 6.56395393
4956.0000 6.62273419
4956.0500 6.68151445
4956.1000 6.74029471
4956.1500 6.79907497
4956.2000 6.81205252
4956.2500 6.80381742
4956.3000 6.79558232
4956.3500 6.78734722
4956.4000 6.76972379
4956.4500 6.72736262
4956.5000 6.68500146
4956.5500 6.6426403
4956.6000 6.60027914
4956.6500 6.60624865
4956.7000 6.61956641
4956.7500 6.63288418
4956.8000 6.64620194
4956.8500 6.63908832
4956.9000 6.60820311
4956.9500 6.57731789
4957.0000 6.54643268
4957.0500 6.51677061
4957.1000 6.50708846
4957.1500 6.49740632
4957.2000 6.48772417
4957.2500 6.47804202
4957.3000 6.51691872
4957.3500 6.58143653
4957.4000 6.64595435
4957.4500 6.71047217
4957.5000 6.75962789
4957.5500 6.76329467
4957.6000 6.76696145
4957.6500 6.77062823
4957.7000 6.77429501
4957.7500 6.76040678
4957.8000 6.74346311
4957.8500 6.72651945
4957.9000 6.70957578
4957.9500 6.698646
4958.0000 6.69499774
4958.0500 6.69134948
4958.1000 6.68770122
4958.1500 6.68413799
4958.2000 6.68205917
4958.2500 6.67998035
4958.3000 6.67790153
4958.3500 6.67582271
4958.4000 6.66500398
4958.4500 6.6496287
4958.5000 6.63425343
4958.5500 6.61887815
4958.6000 6.60552167
4958.6500 6.59786002
4958.7000 6.59019836
4958.7500 6.58253671
4958.8000 6.57487505
4958.8500 6.59982776
4958.9000 6.62976607
4958.9500 6.65970437
4959.0000 6.68964268
4959.0500 6.71293956
4959.1000 6.72887727
4959.1500 6.74481497
4959.2000 6.76075268
4959.2500 6.7735814
4959.3000 6.75188428
4959.3500 6.73018717
4959.4000 6.70849005
4959.4500 6.68679293
4959.5000 6.66168792
4959.5500 6.63506702
4959.6000 6.60844611
4959.6500 6.58182521
4959.7000 6.56158656
4959.7500 6.55603419
4959.8000 6.55048182
4959.8500 6.54492944
4959.9000 6.53937707
4959.9500 6.600629
4960.0000 6.66808631
4960.0500 6.73554363
4960.1000 6.80300094
4960.1500 6.81100547
4960.2000 6.76594013
4960.2500 6.72087478
4960.3000 6.67580944
4960.3500 6.64278079
4960.4000 6.68188877
4960.4500 6.72099675
4960.5000 6.76010473
4960.5500 6.79921271
4960.6000 6.79230634
4960.6500 6.77078253
4960.7000 6.74925871
4960.7500 6.7277349
4960.8000 6.71215014
4960.8500 6.70641706
4960.9000 6.70068399
4960.9500 6.69495092
4961.0000 6.68921785
4961.0500 6.69395173
4961.1000 6.6987426
4961.1500 6.70353346
4961.2000 6.70832433
4961.2500 6.70529967
4961.3000 6.69736872
4961.3500 6.68943778
4961.4000 6.68150683
4961.4500 6.67689373
4961.5000 6.68305869
4961.5500 6.68922366
4961.6000 6.69538863
4961.6500 6.70155359
4961.7000 6.70807676
4961.7500 6.71465937
4961.8000 6.72124197
4961.8500 6.72782457
4961.9000 6.71505205
4961.9500 6.68141956
4962.0000 6.64778708
4962.0500 6.61415459
4962.1000 6.58610633
4962.1500 6.6050716
4962.2000 6.62403687
4962.2500 6.64300214
4962.3000 6.66196741
4962.3500 6.68706072
4962.4000 6.71439387
4962.4500 6.74172702
4962.5000 6.76906017
4962.5500 6.78747959
4962.6000 6.79003651
4962.6500 6.79259343
4962.7000 6.79515034
4962.7500 6.79770726
4962.8000 6.79695043
4962.8500 6.79615503
4962.9000 6.79535962
4962.9500 6.79456422
4963.0000 6.77339635
4963.0500 6.73966223
4963.1000 6.70592812
4963.1500 6.67219401
4963.2000 6.66272439
4963.2500 6.72613263
4963.3000 6.78954087
4963.3500 6.8529491
4963.4000 6.91635734
4963.4500 6.89461364
4963.5000 6.86151623
4963.5500 6.82841883
4963.6000 6.79532143
4963.6500 6.78989226
4963.7000 6.81039434
4963.7500 6.83089642
4963.8000 6.8513985
4963.8500 6.86346362
4963.9000 6.82821646
4963.9500 6.7929693
4964.0000 6.75772214
4964.0500 6.72247499
4964.1000 6.73759853
4964.1500 6.76629346
4964.2000 6.79498839
4964.2500 6.82368332
4964.3000 6.83905901
4964.3500 6.83644808
4964.4000 6.83383716
4964.4500 6.83122623
4964.5000 6.8288941
4964.5500 6.83060971
4964.6000 6.83232533
4964.6500 6.83404094
4964.7000 6.83575655
4964.7500 6.831677
4964.8000 6.82516909
4964.8500 6.81866118
4964.9000 6.81215328
4964.9500 6.80821676
4965.0000 6.80913507
4965.0500 6.81005338
4965.1000 6.81097169
4965.1500 6.81189
4965.2000 6.82201205
4965.2500 6.83223558
4965.3000 6.84245911
4965.3500 6.85268265
4965.4000 6.85766698
4965.4500 6.85961652
4965.5000 6.86156605
4965.5500 6.86351559
4965.6000 6.87080552
4965.6500 6.89192262
4965.7000 6.91303972
4965.7500 6.93415682
4965.8000 6.95527391
4965.8500 6.93867504
4965.9000 6.91903157
4965.9500 6.89938809
4966.0000 6.87974462
4966.0500 6.87513581
4966.1000 6.88171808
4966.1500 6.88830035
4966.2000 6.89488261
4966.2500 6.90090823
4966.3000 6.90498911
4966.3500 6.90906999
4966.4000 6.91315088
4966.4500 6.91723176
4966.5000 6.90516096
4966.5500 6.89074221
4966.6000 6.87632347
4966.6500 6.86190472
4966.7000 6.85964602
4966.7500 6.86839318
4966.8000 6.87714034
4966.8500 6.8858875
4966.9000 6.8884133
4966.9500 6.86221422
4967.0000 6.83601514
4967.0500 6.80981606
4967.1000 6.78361697
4967.1500 6.81319188
4967.2000 6.8539944
4967.2500 6.89479692
4967.3000 6.93559944
4967.3500 6.93683365
4967.4000 6.8965727
4967.4500 6.85631176
4967.5000 6.81605081
4967.5500 6.78883138
4967.6000 6.83845669
4967.6500 6.888082
4967.7000 6.93770731
4967.7500 6.98733262
4967.8000 6.9581015
4967.8500 6.90956725
4967.9000 6.86103301
4967.9500 6.81249876
4968.0000 6.82173162
4968.0500 6.89799214
4968.1000 6.97425267
4968.1500 7.0505132
4968.2000 7.11319548
4968.2500 7.07971602
4968.3000 7.04623656
4968.3500 7.0127571
4968.4000 6.97927764
4968.4500 6.98606843
4968.5000 7.00383298
4968.5500 7.02159753
4968.6000 7.03936209
4968.6500 7.04268742
4968.7000 7.02831209
4968.7500 7.01393676
4968.8000 6.99956143
4968.8500 6.98956236
4968.9000 7.01358915
4968.9500 7.03761594
4969.0000 7.06164273
4969.0500 7.08566952
4969.1000 7.06967951
4969.1500 7.04239897
4969.2000 7.01511844
4969.2500 6.98783791
4969.3000 6.97224119
4969.3500 6.97108634
4969.4000 6.96993148
4969.4500 6.96877663
4969.5000 6.96746043
4969.5500 6.96491199
4969.6000 6.96236356
4969.6500 6.95981513
4969.7000 6.9572667
4969.7500 6.97411049
4969.8000 6.99624583
4969.8500 7.01838118
4969.9000 7.04051652
4969.9500 7.03459607
4970.0000 6.9953086
4970.0500 6.95602112
4970.1000 6.91673365
4970.1500 6.88568307
4970.2000 6.91015236
4970.2500 6.93462166
4970.3000 6.95909096
4970.3500 6.98356026
4970.4000 7.01954628
4970.4500 7.05835934
4970.5000 7.09717239
4970.5500 7.13598544
4970.6000 7.15244694
4970.6500 7.14449109
4970.7000 7.13653525
4970.7500 7.1285794
4970.8000 7.11590861
4970.8500 7.07737805
4970.9000 7.03884749
4970.9500 7.00031693
4971.0000 6.96178637
4971.0500 6.95336252
4971.1000 6.95102679
4971.1500 6.94869107
4971.2000 6.94635535
4971.2500 6.96392124
4971.3000 7.00055702
4971.3500 7.0371928
4971.4000 7.07382858
4971.4500 7.10009181
4971.5000 7.0823746
4971.5500 7.0646574
4971.6000 7.04694019
4971.6500 7.02922299
4971.7000 7.00045464
4971.7500 6.97006836
4971.8000 6.93968208
4971.8500 6.9092958
4971.9000 6.9271834
4971.9500 6.98377088
4972.0000 7.04035837
4972.0500 7.09694586
4972.1000 7.13062067
4972.1500 7.09137022
4972.2000 7.05211977
4972.2500 7.01286931
4972.3000 6.97361886
4972.3500 6.99276111
4972.4000 7.01667847
4972.4500 7.04059583
4972.5000 7.06451319
4972.5500 7.08678292
4972.6000 7.10800377
4972.6500 7.12922463
4972.7000 7.15044549
4972.7500 7.16515403
4972.8000 7.16459005
4972.8500 7.16402607
4972.9000 7.16346208
4972.9500 7.1628981
4973.0000 7.14643701
4973.0500 7.12978513
4973.1000 7.11313326
4973.1500 7.09648138
4973.2000 7.07573762
4973.2500 7.05305617
4973.3000 7.03037473
4973.3500 7.00769328
4973.4000 6.99377767
4973.4500 6.99476057
4973.5000 6.99574347
4973.5500 6.99672637
4973.6000 6.99861971
4973.6500 7.01393949
4973.7000 7.02925928
4973.7500 7.04457906
4973.8000 7.05989884
4973.8500 7.05822796
4973.9000 7.05112897
4973.9500 7.04402997
4974.0000 7.03693098
4974.0500 7.04401205
4974.1000 7.06817826
4974.1500 7.09234446
4974.2000 7.11651067
4974.2500 7.12524632
4974.3000 7.04688385
4974.3500 6.96852139
4974.4000 6.89015893
4974.4500 6.81179647
4974.5000 6.82927804
4974.5500 6.86383914
4974.6000 6.89840023
4974.6500 6.93296133
4974.7000 6.94660105
4974.7500 6.9430051
4974.8000 6.93940915
4974.8500 6.93581321
4974.9000 6.94175631
4974.9500 6.97644898
4975.0000 7.01114166
4975.0500 7.04583433
4975.1000 7.08052701
4975.1500 7.03169589
4975.2000 6.97858595
4975.2500 6.92547602
4975.3000 6.87236608
4975.3500 6.88920996
4975.4000 6.94294959
4975.4500 6.99668922
4975.5000 7.05042885
4975.5500 7.07788088
4975.6000 7.05848061
4975.6500 7.03908034
4975.7000 7.01968007
4975.7500 7.00065045
4975.8000 6.98691492
4975.8500 6.9731794
4975.9000 6.95944388
4975.9500 6.94570836
4976.0000 6.94993364
4976.0500 6.95944109
4976.1000 6.96894854
4976.1500 6.978456
4976.2000 6.98037112
4976.2500 6.97410547
4976.3000 6.96783982
4976.3500 6.96157416
4976.4000 6.95919841
4976.4500 6.97327246
4976.5000 6.9873465
4976.5500 7.00142055
4976.6000 7.01549459
4976.6500 7.00781116
4976.7000 6.99777565
4976.7500 6.98774014
4976.8000 6.97770463
4976.8500 6.96972265
4976.9000 6.96302657
4976.9500 6.9563305
4977.0000 6.94963442
4977.0500 6.9412165
4977.1000 6.92928242
4977.1500 6.91734834
4977.2000 6.90541425
4977.2500 6.89477627
4977.3000 6.91243105
4977.3500 6.93008583
4977.4000 6.94774061
4977.4500 6.96539539
4977.5000 6.96791961
4977.5500 6.96567054
4977.6000 6.96342148
4977.6500 6.96117241
4977.7000 6.96992322
4977.7500 6.99069324
4977.8000 7.01146327
4977.8500 7.03223329
4977.9000 7.04576361
4977.9500 7.02975236
4978.0000 7.01374111
4978.0500 6.99772986
4978.1000 6.98171861
4978.1500 6.98028543
4978.2000 6.98017001
4978.2500 6.98005458
4978.3000 6.97993916
4978.3500 6.9799549
4978.4000 6.98004485
4978.4500 6.98013479
4978.5000 6.98022474
4978.5500 6.98220112
4978.6000 6.98750897
4978.6500 6.99281682
4978.7000 6.99812466
4978.7500 7.00384251
4978.8000 7.01393487
4978.8500 7.02402723
4978.9000 7.0341196
4978.9500 7.04421196
4979.0000 7.02788857
4979.0500 7.00541514
4979.1000 6.98294171
4979.1500 6.96046828
4979.2000 6.94747193
4979.2500 6.94261692
4979.3000 6.93776192
4979.3500 6.93290692
4979.4000 6.92603014
4979.4500 6.91357341
4979.5000 6.90111668
4979.5500 6.88865995
4979.6000 6.87620321
4979.6500 6.85213084
4979.7000 6.8280038
4979.7500 6.80387675
4979.8000 6.77974971
4979.8500 6.79022125
4979.9000 6.81375282
4979.9500 6.83728438
4980.0000 6.86081595
4980.0500 6.86266318
4980.1000 6.83884052
4980.1500 6.81501785
4980.2000 6.79119519
4980.2500 6.77675635
4980.3000 6.80202066
4980.3500 6.82728498
4980.4000 6.8525493
4980.4500 6.87781362
4980.5000 6.85950005
4980.5500 6.83768959
4980.6000 6.81587912
4980.6500 6.79406866
4980.7000 6.79807082
4980.7500 6.81527793
4980.8000 6.83248504
4980.8500 6.84969215
4980.9000 6.84924545
4980.9500 6.82217545
4981.0000 6.79510545
4981.0500 6.76803546
4981.1000 6.74582241
4981.1500 6.7541634
4981.2000 6.76250438
4981.2500 6.77084537
4981.3000 6.77918635
4981.3500 6.7961898
4981.4000 6.8144092
4981.4500 6.83262861
4981.5000 6.85084801
4981.5500 6.85366077
4981.6000 6.84694851
4981.6500 6.84023626
4981.7000 6.83352401
4981.7500 6.82033904
4981.8000 6.79566218
4981.8500 6.77098532
4981.9000 6.74630845
4981.9500 6.72737501
4982.0000 6.75794843
4982.0500 6.78852184
4982.1000 6.81909526
4982.1500 6.84966868
4982.2000 6.83779342
4982.2500 6.81836268
4982.3000 6.79893194
4982.3500 6.7795012
4982.4000 6.77151155
4982.4500 6.77130454
4982.5000 6.77109754
4982.5500 6.77089053
4982.6000 6.77089838
4982.6500 6.77131828
4982.7000 6.77173819
4982.7500 6.7721581
4982.8000 6.77482812
4982.8500 6.79982318
4982.9000 6.82481825
4982.9500 6.84981331
4983.0000 6.87480837
4983.0500 6.86094646
4983.1000 6.83977752
4983.1500 6.81860859
4983.2000 6.79743965
4983.2500 6.79456094
4983.3000 6.80422652
4983.3500 6.8138921
4983.4000 6.82355768
4983.4500 6.82814313
4983.5000 6.82312344
4983.5500 6.81810375
4983.6000 6.81308405
4983.6500 6.80739792
4983.7000 6.79571349
4983.7500 6.78402906
4983.8000 6.77234463
4983.8500 6.7606602
4983.9000 6.75079411
4983.9500 6.7412355
4984.0000 6.73167689
4984.0500 6.72211828
4984.1000 6.73083136
4984.1500 6.75112707
4984.2000 6.77142278
4984.2500 6.79171848
4984.3000 6.80111601
4984.3500 6.7919571
4984.4000 6.78279819
4984.4500 6.77363927
4984.5000 6.76683766
4984.5500 6.77591384
4984.6000 6.78499001
4984.6500 6.79406619
4984.7000 6.80314236
4984.7500 6.82364024
4984.8000 6.84555194
4984.8500 6.86746365
4984.9000 6.88937535
4984.9500 6.9088481
4985.0000 6.92701753
4985.0500 6.94518696
4985.1000 6.96335639
4985.1500 6.95994572
4985.2000 6.92610438
4985.2500 6.89226304
4985.3000 6.8584217
4985.3500 6.82532489
4985.4000 6.79563353
4985.4500 6.76594216
4985.5000 6.73625079
4985.5500 6.70655943
4985.6000 6.7120607
4985.6500 6.71960241
4985.7000 6.72714412
4985.7500 6.73468583
4985.8000 6.75342857
4985.8500 6.77669551
4985.9000 6.79996246
4985.9500 6.8232294
4986.0000 6.83206228
4986.0500 6.82530194
4986.1000 6.8185416
4986.1500 6.81178125
4986.2000 6.79768375
4986.2500 6.76162229
4986.3000 6.72556084
4986.3500 6.68949939
4986.4000 6.65541479
4986.4500 6.7116515
4986.5000 6.76788821
4986.5500 6.82412492
4986.6000 6.88036164
4986.6500 6.89246954
4986.7000 6.89310991
4986.7500 6.89375028
4986.8000 6.89439065
4986.8500 6.86905454
4986.9000 6.82391004
4986.9500 6.77876553
4987.0000 6.73362102
4987.0500 6.71597857
4987.1000 6.75118167
4987.1500 6.78638478
4987.2000 6.82158788
4987.2500 6.85155018
4987.3000 6.8425359
4987.3500 6.83352162
4987.4000 6.82450735
4987.4500 6.81549307
4987.5000 6.80678915
4987.5500 6.79812122
4987.6000 6.78945329
4987.6500 6.78078536
4987.7000 6.7948158
4987.7500 6.81977944
4987.8000 6.84474308
4987.8500 6.86970672
4987.9000 6.87229631
4987.9500 6.84809345
4988.0000 6.8238906
4988.0500 6.79968774
4988.1000 6.78570169
4988.1500 6.80469373
4988.2000 6.82368577
4988.2500 6.84267781
4988.3000 6.86134844
4988.3500 6.86368384
4988.4000 6.86601924
4988.4500 6.86835464
4988.5000 6.87069005
4988.5500 6.82593961
4988.6000 6.76966474
4988.6500 6.71338987
4988.7000 6.657115
4988.7500 6.6529833
4988.8000 6.68527363
4988.8500 6.71756395
4988.9000 6.74985427
4988.9500 6.77283285
4989.0000 6.78032129
4989.0500 6.78780974
4989.1000 6.79529819
4989.1500 6.79685389
4989.2000 6.76804392
4989.2500 6.73923396
4989.3000 6.71042399
4989.3500 6.68161403
4989.4000 6.69045051
4989.4500 6.70115399
4989.5000 6.71185747
4989.5500 6.72256095
4989.6000 6.71252297
4989.6500 6.69532435
4989.7000 6.67812572
4989.7500 6.66092709
4989.8000 6.65696244
4989.8500 6.66448688
4989.9000 6.67201133
4989.9500 6.67953578
4990.0000 6.6816808
4990.0500 6.67283057
4990.1000 6.66398033
4990.1500 6.6551301
4990.2000 6.65168617
4990.2500 6.68676761
4990.3000 6.72184905
4990.3500 6.75693049
4990.4000 6.79201192
4990.4500 6.76654491
4990.5000 6.73573489
4990.5500 6.70492487
4990.6000 6.67411484
4990.6500 6.66451579
4990.7000 6.66332706
4990.7500 6.66213834
4990.8000 6.66094962
4990.8500 6.65149089
4990.9000 6.63422957
4990.9500 6.61696826
4991.0000 6.59970694
4991.0500 6.59375792
4991.1000 6.61248641
4991.1500 6.63121491
4991.2000 6.64994341
4991.2500 6.6719794
4991.3000 6.71936691
4991.3500 6.76675442
4991.4000 6.81414193
4991.4500 6.86152944
4991.5000 6.83549283
4991.5500 6.80288086
4991.6000 6.77026888
4991.6500 6.73765691
4991.7000 6.74593156
4991.7500 6.76998719
4991.8000 6.79404282
4991.8500 6.81809844
4991.9000 6.84006803
4991.9500 6.86016186
4992.0000 6.88025568
4992.0500 6.90034951
4992.1000 6.89106597
4992.1500 6.82290451
4992.2000 6.75474304
4992.2500 6.68658157
4992.3000 6.63136091
4992.3500 6.65529827
4992.4000 6.67923562
4992.4500 6.70317298
4992.5000 6.72711034
4992.5500 6.733212
4992.6000 6.73836432
4992.6500 6.74351664
4992.7000 6.74866896
4992.7500 6.76711387
4992.8000 6.7897627
4992.8500 6.81241154
4992.9000 6.83506037
4992.9500 6.8239991
4993.0000 6.78764243
4993.0500 6.75128576
4993.1000 6.71492909
4993.1500 6.70994308
4993.2000 6.75523988
4993.2500 6.80053668
4993.3000 6.84583348
4993.3500 6.87808001
4993.4000 6.8575969
4993.4500 6.83711379
4993.5000 6.81663068
4993.5500 6.79593053
4993.6000 6.75983982
4993.6500 6.7237491
4993.7000 6.68765838
4993.7500 6.65156767
4993.8000 6.66097225
4993.8500 6.67964691
4993.9000 6.69832158
4993.9500 6.71699625
4994.0000 6.72686081
4994.0500 6.73195783
4994.1000 6.73705486
4994.1500 6.74215188
4994.2000 6.74122146
4994.2500 6.73344813
4994.3000 6.7256748
4994.3500 6.71790147
4994.4000 6.70480711
4994.4500 6.67862727
4994.5000 6.65244742
4994.5500 6.62626758
4994.6000 6.60810814
4994.6500 6.65407951
4994.7000 6.70005088
4994.7500 6.74602225
4994.8000 6.79199362
4994.8500 6.7641689
4994.9000 6.73117614
4994.9500 6.69818337
4995.0000 6.66519061
4995.0500 6.64800154
4995.1000 6.63582346
4995.1500 6.62364539
4995.2000 6.61146732
4995.2500 6.62390754
4995.3000 6.65379222
4995.3500 6.6836769
4995.4000 6.71356158
4995.4500 6.72021492
4995.5000 6.69379598
4995.5500 6.66737704
4995.6000 6.64095811
4995.6500 6.62024054
4995.7000 6.61745366
4995.7500 6.61466679
4995.8000 6.61187992
4995.8500 6.60543796
4995.9000 6.55132826
4995.9500 6.49721857
4996.0000 6.44310887
4996.0500 6.38899917
4996.1000 6.41226693
4996.1500 6.44389457
4996.2000 6.47552221
4996.2500 6.50714984
4996.3000 6.53138113
4996.3500 6.55294689
4996.4000 6.57451264
4996.4500 6.5960784
4996.5000 6.59437535
4996.5500 6.5750464
4996.6000 6.55571745
4996.6500 6.5363885
4996.7000 6.52839414
4996.7500 6.53710614
4996.8000 6.54581814
4996.8500 6.55453014
4996.9000 6.55939946
4996.9500 6.55215041
4997.0000 6.54490136
4997.0500 6.53765232
4997.1000 6.53382545
4997.1500 6.57011118
4997.2000 6.6063969
4997.2500 6.64268263
4997.3000 6.67896836
4997.3500 6.65579553
4997.4000 6.62729593
4997.4500 6.59879633
4997.5000 6.57029674
4997.5500 6.54469712
4997.6000 6.52002202
4997.6500 6.49534691
4997.7000 6.47067181
4997.7500 6.49202305
4997.8000 6.54404989
4997.8500 6.59607674
4997.9000 6.64810358
4997.9500 6.66140206
4998.0000 6.62604289
4998.0500 6.59068372
4998.1000 6.55532456
4998.1500 6.533753
4998.2000 6.54633011
4998.2500 6.55890722
4998.3000 6.57148432
4998.3500 6.58092052
4998.4000 6.56994864
4998.4500 6.55897675
4998.5000 6.54800487
4998.5500 6.53703298
4998.6000 6.56149711
4998.6500 6.58666787
4998.7000 6.61183864
4998.7500 6.6370094
4998.8000 6.6473635
4998.8500 6.65465781
4998.9000 6.66195213
4998.9500 6.66924644
4999.0000 6.66932776
4999.0500 6.66599196
4999.1000 6.66265616
4999.1500 6.65932036
4999.2000 6.65115106
4999.2500 6.63868801
4999.3000 6.62622496
4999.3500 6.61376191
4999.4000 6.61165816
4999.4500 6.62632004
4999.5000 6.64098193
4999.5500 6.65564381
4999.6000 6.66041836
4999.6500 6.63310857
4999.7000 6.60579877
4999.7500 6.57848898
4999.8000 6.55616281
4999.8500 6.58388953
4999.9000 6.61161625
4999.9500 6.63934297
5000.0000 6.66706969
5000.0500 6.66139554
5000.1000 6.65384646
5000.1500 6.64629738
5000.2000 6.63874831
5000.2500 6.65777791
5000.3000 6.6832677
5000.3500 6.70875749
5000.4000 6.73424728
5000.4500 6.72762156
5000.5000 6.70470113
5000.5500 6.6817807
5000.6000 6.65886027
5000.6500 6.66095388
5000.7000 6.68580121
5000.7500 6.71064853
5000.8000 6.73549586
5000.8500 6.7459823
5000.9000 6.73355142
5000.9500 6.72112054
5001.0000 6.70868966
5001.0500 6.69028556
5001.1000 6.65378185
5001.1500 6.61727814
5001.2000 6.58077443
5001.2500 6.55103776
5001.3000 6.57476763
5001.3500 6.59849751
5001.4000 6.62222738
5001.4500 6.64595725
5001.5000 6.66912793
5001.5500 6.69228597
5001.6000 6.71544401
5001.6500 6.73860205
5001.7000 6.70868188
5001.7500 6.66900608
5001.8000 6.62933027
5001.8500 6.58965447
5001.9000 6.57273164
5001.9500 6.56497119
5002.0000 6.55721075
5002.0500 6.5494503
5002.1000 6.53755521
5002.1500 6.52269562
5002.2000 6.50783602
5002.2500 6.49297643
5002.3000 6.49151655
5002.3500 6.50622166
5002.4000 6.52092678
5002.4500 6.5356319
5002.5000 6.54535472
5002.5500 6.54474731
5002.6000 6.54413989
5002.6500 6.54353248
5002.7000 6.54285263
5002.7500 6.54188093
5002.8000 6.54090923
5002.8500 6.53993753
5002.9000 6.53776997
5002.9500 6.52055458
5003.0000 6.50333919
5003.0500 6.4861238
5003.1000 6.4689084
5003.1500 6.48162994
5003.2000 6.49593622
5003.2500 6.5102425
5003.3000 6.52454879
5003.3500 6.48871696
5003.4000 6.44240797
5003.4500 6.39609899
5003.5000 6.34979001
5003.5500 6.37567051
5003.6000 6.43162692
5003.6500 6.48758333
5003.7000 6.54353974
5003.7500 6.54435882
5003.8000 6.50622039
5003.8500 6.46808196
5003.9000 6.42994353
5003.9500 6.40402885
5004.0000 6.39204465
5004.0500 6.38006044
5004.1000 6.36807624
5004.1500 6.37083442
5004.2000 6.40096044
5004.2500 6.43108647
5004.3000 6.46121249
5004.3500 6.48422164
5004.4000 6.48395086
5004.4500 6.48368009
5004.5000 6.48340931
5004.5500 6.4825417
5004.6000 6.47727637
5004.6500 6.47201105
5004.7000 6.46674572
5004.7500 6.46156956
5004.8000 6.47071818
5004.8500 6.47986679
5004.9000 6.48901541
5004.9500 6.49816402
5005.0000 6.51064885
5005.0500 6.52352842
5005.1000 6.53640799
5005.1500 6.54928756
5005.2000 6.54775615
5005.2500 6.54224347
5005.3000 6.53673079
5005.3500 6.53121811
5005.4000 6.53817097
5005.4500 6.55114776
5005.5000 6.56412455
5005.5500 6.57710133
5005.6000 6.5613378
5005.6500 6.52355295
5005.7000 6.4857681
5005.7500 6.44798325
5005.8000 6.43973315
5005.8500 6.46622529
5005.9000 6.49271742
5005.9500 6.51920955
5006.0000 6.54017263
5006.0500 6.55105156
5006.1000 6.56193048
5006.1500 6.57280941
5006.2000 6.57560078
5006.2500 6.55414073
5006.3000 6.53268067
5006.3500 6.51122061
5006.4000 6.49441379
5006.4500 6.50452843
5006.5000 6.51464307
5006.5500 6.52475772
5006.6000 6.53337568
5006.6500 6.51094171
5006.7000 6.48850775
5006.7500 6.46607379
5006.8000 6.44363983
5006.8500 6.43070602
5006.9000 6.41831537
5006.9500 6.40592471
5007.0000 6.39353405
5007.0500 6.37670658
5007.1000 6.35907878
5007.1500 6.34145099
5007.2000 6.32382319
5007.2500 6.34488424
5007.3000 6.37885738
5007.3500 6.41283052
5007.4000 6.44680365
5007.4500 6.44668305
5007.5000 6.4285
5007.5500 6.41031695
5007.6000 6.3921339
5007.6500 6.40483795
5007.7000 6.44191636
5007.7500 6.47899476
5007.8000 6.51607316
5007.8500 6.51612982
5007.9000 6.47367621
5007.9500 6.4312226
5008.0000 6.388769
5008.0500 6.37533543
5008.1000 6.41060226
5008.1500 6.44586909
5008.2000 6.48113592
5008.2500 6.50258865
5008.3000 6.48897545
5008.3500 6.47536225
5008.4000 6.46174905
5008.4500 6.45233734
5008.5000 6.46047525
5008.5500 6.46861316
5008.6000 6.47675107
5008.6500 6.4811858
5008.7000 6.45406844
5008.7500 6.42695108
5008.8000 6.39983372
5008.8500 6.37344478
5008.9000 6.38625334
5008.9500 6.39906191
5009.0000 6.41187047
5009.0500 6.42467904
5009.1000 6.43865558
5009.1500 6.45271629
5009.2000 6.46677701
5009.2500 6.48083772
5009.3000 6.44342685
5009.3500 6.39683561
5009.4000 6.35024437
5009.4500 6.30365313
5009.5000 6.31033643
5009.5500 6.33330982
5009.6000 6.35628321
5009.6500 6.3792566
5009.7000 6.35889209
5009.7500 6.31853804
5009.8000 6.27818399
5009.8500 6.23782993
5009.9000 6.23115376
5009.9500 6.24653995
5010.0000 6.26192613
5010.0500 6.27731231
5010.1000 6.30236648
5010.1500 6.33615491
5010.2000 6.36994335
5010.2500 6.40373179
5010.3000 6.40856152
5010.3500 6.37769193
5010.4000 6.34682234
5010.4500 6.31595274
5010.5000 6.29744952
5010.5500 6.29984882
5010.6000 6.30224813
5010.6500 6.30464743
5010.7000 6.28990477
5010.7500 6.23456257
5010.8000 6.17922036
5010.8500 6.12387816
5010.9000 6.08580744
5010.9500 6.10778809
5011.0000 6.12976875
5011.0500 6.15174941
5011.1000 6.17744859
5011.1500 6.22402378
5011.2000 6.27059898
5011.2500 6.31717418
5011.3000 6.35682422
5011.3500 6.31720937
5011.4000 6.27759451
5011.4500 6.23797965
5011.5000 6.19892561
5011.5500 6.21108147
5011.6000 6.22323733
5011.6500 6.23539319
5011.7000 6.24754905
5011.7500 6.24521402
5011.8000 6.24199735
5011.8500 6.23878067
5011.9000 6.235564
5011.9500 6.20242739
5012.0000 6.16504755
5012.0500 6.12766772
5012.1000 6.09028788
5012.1500 6.12657817
5012.2000 6.18011844
5012.2500 6.23365871
5012.3000 6.28719898
5012.3500 6.28328684
5012.4000 6.25982166
5012.4500 6.23635648
5012.5000 6.21289129
5012.5500 6.210007
5012.6000 6.21666506
5012.6500 6.22332311
5012.7000 6.22998116
5012.7500 6.22026316
5012.8000 6.20058026
5012.8500 6.18089736
5012.9000 6.16121446
5012.9500 6.16482431
5013.0000 6.1866245
5013.0500 6.20842468
5013.1000 6.23022487
5013.1500 6.20869042
5013.2000 6.14427596
5013.2500 6.07986151
5013.3000 6.01544705
5013.3500 6.01966719
5013.4000 6.10945124
5013.4500 6.1992353
5013.5000 6.28901936
5013.5500 6.34226248
5013.6000 6.33808847
5013.6500 6.33391447
5013.7000 6.32974046
5013.7500 6.32994745
5013.8000 6.3388886
5013.8500 6.34782974
5013.9000 6.35677089
5013.9500 6.37039612
5014.0000 6.39603581
5014.0500 6.42167551
5014.1000 6.4473152
5014.1500 6.46267791
5014.2000 6.44330403
5014.2500 6.42393015
5014.3000 6.40455628
5014.3500 6.38789513
5014.4000 6.38380918
5014.4500 6.37972323
5014.5000 6.37563727
5014.5500 6.37174453
5014.6000 6.36916908
5014.6500 6.36659362
5014.7000 6.36401817
5014.7500 6.36125913
5014.8000 6.35638049
5014.8500 6.35150185
5014.9000 6.34662321
5014.9500 6.34155715
5015.0000 6.33097267
5015.0500 6.32038819
5015.1000 6.30980371
5015.1500 6.29921923
5015.2000 6.3043031
5015.2500 6.30958826
5015.3000 6.31487342
5015.3500 6.32015859
5015.4000 6.30326119
5015.4500 6.28502593
5015.5000 6.26679068
5015.5500 6.24855543
5015.6000 6.28608154
5015.6500 6.32978559
5015.7000 6.37348965
5015.7500 6.4171937
5015.8000 6.36086041
5015.8500 6.28807013
5015.9000 6.21527985
5015.9500 6.14248956
5016.0000 6.13320488
5016.0500 6.13799861
5016.1000 6.14279235
5016.1500 6.14758608
5016.2000 6.13911247
5016.2500 6.12688988
5016.3000 6.1146673
5016.3500 6.10244471
5016.4000 6.10445632
5016.4500 6.11141309
5016.5000 6.11836986
5016.5500 6.12532662
5016.6000 6.11493579
5016.6500 6.09732008
5016.7000 6.07970438
5016.7500 6.06208868
5016.8000 6.04235987
5016.8500 6.02159557
5016.9000 6.00083128
5016.9500 5.98006698
5017.0000 5.99322784
5017.0500 6.02566992
5017.1000 6.05811199
5017.1500 6.09055407
5017.2000 6.06952736
5017.2500 6.01365515
5017.3000 5.95778295
5017.3500 5.90191074
5017.4000 5.9118332
5017.4500 5.97046674
5017.5000 6.02910028
5017.5500 6.08773381
5017.6000 6.11313186
5017.6500 6.11079327
5017.7000 6.10845469
5017.7500 6.1061161
5017.8000 6.09409429
5017.8500 6.07302339
5017.9000 6.05195249
5017.9500 6.03088159
5018.0000 6.02055141
5018.0500 6.02139603
5018.1000 6.02224066
5018.1500 6.02308528
5018.2000 6.03128782
5018.2500 6.04796939
5018.3000 6.06465097
5018.3500 6.08133255
5018.4000 6.09459251
5018.4500 6.10350561
5018.5000 6.11241871
5018.5500 6.12133181
5018.6000 6.12604062
5018.6500 6.12488674
5018.7000 6.12373287
5018.7500 6.12257899
5018.8000 6.12334614
5018.8500 6.12704147
5018.9000 6.13073679
5018.9500 6.13443212
5019.0000 6.13660282
5019.0500 6.13624342
5019.1000 6.13588401
5019.1500 6.1355246
5019.2000 6.1306439
5019.2500 6.11762721
5019.3000 6.10461052
5019.3500 6.09159383
5019.4000 6.0800246
5019.4500 6.07126835
5019.5000 6.06251209
5019.5500 6.05375584
5019.6000 6.04581673
5019.6500 6.03958549
5019.7000 6.03335426
5019.7500 6.02712303
5019.8000 6.0287765
5019.8500 6.04807595
5019.9000 6.0673754
5019.9500 6.08667484
5020.0000 6.10719018
5020.0500 6.13060593
5020.1000 6.15402168
5020.1500 6.17743742
5020.2000 6.18183368
5020.2500 6.13810859
5020.3000 6.0943835
5020.3500 6.05065841
5020.4000 6.02977698
5020.4500 6.069879
5020.5000 6.10998102
5020.5500 6.15008304
5020.6000 6.17974497
5020.6500 6.18016296
5020.7000 6.18058095
5020.7500 6.18099894
5020.8000 6.18021698
5020.8500 6.17592913
5020.9000 6.17164129
5020.9500 6.16735344
5021.0000 6.16503374
5021.0500 6.16867418
5021.1000 6.17231462
5021.1500 6.17595506
5021.2000 6.1779638
5021.2500 6.17488487
5021.3000 6.17180593
5021.3500 6.168727
5021.4000 6.16588227
5021.4500 6.16378425
5021.5000 6.16168622
5021.5500 6.15958819
5021.6000 6.15636099
5021.6500 6.1494792
5021.7000 6.14259741
5021.7500 6.13571562
5021.8000 6.13296811
5021.8500 6.14370475
5021.9000 6.15444138
5021.9500 6.16517801
5022.0000 6.17168629
5022.0500 6.16440021
5022.1000 6.15711414
5022.1500 6.14982806
5022.2000 6.13979681
5022.2500 6.12087421
5022.3000 6.10195161
5022.3500 6.08302901
5022.4000 6.07084898
5022.4500 6.08019133
5022.5000 6.08953368
5022.5500 6.09887603
5022.6000 6.10069321
5022.6500 6.07900769
5022.7000 6.05732217
5022.7500 6.03563665
5022.8000 6.02540904
5022.8500 6.04995231
5022.9000 6.07449558
5022.9500 6.09903885
5023.0000 6.11745583
5023.0500 6.1179289
5023.1000 6.11840196
5023.1500 6.11887503
5023.2000 6.12640258
5023.2500 6.15374731
5023.3000 6.18109204
5023.3500 6.20843677
5023.4000 6.22267195
5023.4500 6.20179767
5023.5000 6.18092339
5023.5500 6.1600491
5023.6000 6.15128855
5023.6500 6.17328437
5023.7000 6.19528018
5023.7500 6.217276
5023.8000 6.2185953
5023.8500 6.17040717
5023.9000 6.12221904
5023.9500 6.0740309
5024.0000 6.05238267
5024.0500 6.09036749
5024.1000 6.12835232
5024.1500 6.16633714
5024.2000 6.18616969
5024.2500 6.16790451
5024.3000 6.14963933
5024.3500 6.13137415
5024.4000 6.12154687
5024.4500 6.12818887
5024.5000 6.13483087
5024.5500 6.14147288
5024.6000 6.13749738
5024.6500 6.11433037
5024.7000 6.09116336
5024.7500 6.06799636
5024.8000 6.06541245
5024.8500 6.09714262
5024.9000 6.12887278
5024.9500 6.16060295
5025.0000 6.18392676
5025.0500 6.19437707
5025.1000 6.20482739
5025.1500 6.2152777
5025.2000 6.21578098
5025.2500 6.2023478
5025.3000 6.18891462
5025.3500 6.17548144
5025.4000 6.16946951
5025.4500 6.17293083
5025.5000 6.17639216
5025.5500 6.17985348
5025.6000 6.19252396
5025.6500 6.21585817
5025.7000 6.23919237
5025.7500 6.26252658
5025.8000 6.27061578
5025.8500 6.26276658
5025.9000 6.25491737
5025.9500 6.24706817
5026.0000 6.23294767
5026.0500 6.21293784
5026.1000 6.19292801
5026.1500 6.17291819
5026.2000 6.16902207
5026.2500 6.17863983
5026.3000 6.1882576
5026.3500 6.19787536
5026.4000 6.18937298
5026.4500 6.16738895
5026.5000 6.14540492
5026.5500 6.12342089
5026.6000 6.11696711
5026.6500 6.12068472
5026.7000 6.12440234
5026.7500 6.12811996
5026.8000 6.13790683
5026.8500 6.15116045
5026.9000 6.16441406
5026.9500 6.17766767
5027.0000 6.17092963
5027.0500 6.15434548
5027.1000 6.13776133
5027.1500 6.12117718
5027.2000 6.13405427
5027.2500 6.15926434
5027.3000 6.1844744
5027.3500 6.20968447
5027.4000 6.21956876
5027.4500 6.22410071
5027.5000 6.22863266
5027.5500 6.23316461
5027.6000 6.20279562
5027.6500 6.16251112
5027.7000 6.12222662
5027.7500 6.08194212
5027.8000 6.06495311
5027.8500 6.05315786
5027.9000 6.04136261
5027.9500 6.02956736
5028.0000 6.0568353
5028.0500 6.09056917
5028.1000 6.12430304
5028.1500 6.15803691
5028.2000 6.15694948
5028.2500 6.15197661
5028.3000 6.14700375
5028.3500 6.14203089
5028.4000 6.08726549
5028.4500 6.0294681
5028.5000 5.9716707
5028.5500 5.91387331
5028.6000 5.92960039
5028.6500 5.94630083
5028.7000 5.96300126
5028.7500 5.97885808
5028.8000 5.96969233
5028.8500 5.96052658
5028.9000 5.95136083
5028.9500 5.94275599
5029.0000 5.94063295
5029.0500 5.93850991
5029.1000 5.93638687
5029.1500 5.93982807
5029.2000 5.98116862
5029.2500 6.02250917
5029.3000 6.06384972
5029.3500 6.09305225
5029.4000 6.06610444
5029.4500 6.03915663
5029.5000 6.01220882
5029.5500 5.99302434
5029.6000 6.000004
5029.6500 6.00698365
5029.7000 6.01396331
5029.7500 6.02439595
5029.8000 6.04365304
5029.8500 6.06291014
5029.9000 6.08216724
5029.9500 6.10214148
5030.0000 6.12353917
5030.0500 6.14493687
5030.1000 6.16633456
5030.1500 6.17938934
5030.2000 6.17940278
5030.2500 6.17941623
5030.3000 6.17942968
5030.3500 6.17222999
5030.4000 6.15609282
5030.4500 6.13995566
5030.5000 6.12381849
5030.5500 6.12308634
5030.6000 6.13748803
5030.6500 6.15188973
5030.7000 6.16629142
5030.7500 6.16565862
5030.8000 6.15338513
5030.8500 6.14111163
5030.9000 6.12883813
5030.9500 6.11255397
5031.0000 6.09385453
5031.0500 6.0751551
5031.1000 6.05645567
5031.1500 6.03443357
5031.2000 6.0108907
5031.2500 5.98734782
5031.3000 5.96380495
5031.3500 5.98605159
5031.4000 6.02362352
5031.4500 6.06119545
5031.5000 6.09876738
5031.5500 6.1042388
5031.6000 6.10236622
5031.6500 6.10049364
5031.7000 6.09862105
5031.7500 6.10359001
5031.8000 6.10949417
5031.8500 6.11539833
5031.9000 6.12130249
5031.9500 6.07473019
5032.0000 6.02522226
5032.0500 5.97571434
5032.1000 5.92726685
5032.1500 5.94550504
5032.2000 5.96374323
5032.2500 5.98198142
5032.3000 5.99879136
5032.3500 6.00035142
5032.4000 6.00191147
5032.4500 6.00347153
5032.5000 6.00280797
5032.5500 5.99020225
5032.6000 5.97759653
5032.6500 5.96499082
5032.7000 5.96584933
5032.7500 6.01187067
5032.8000 6.05789201
5032.8500 6.10391335
5032.9000 6.11946374
5032.9500 6.06515232
5033.0000 6.01084091
5033.0500 5.95652949
5033.1000 5.94212821
5033.1500 5.99309513
5033.2000 6.04406205
5033.2500 6.09502897
5033.3000 6.10722018
5033.3500 6.07312229
5033.4000 6.03902439
5033.4500 6.00492649
5033.5000 5.99809322
5033.5500 6.01505879
5033.6000 6.03202437
5033.6500 6.04898994
5033.7000 6.02788713
5033.7500 5.98279023
5033.8000 5.93769332
5033.8500 5.89259642
5033.9000 5.91865698
5033.9500 5.97606384
5034.0000 6.0334707
5034.0500 6.09087757
5034.1000 6.27844307
5034.1500 6.50350387
5034.2000 6.72856467
5034.2500 6.95362547
5034.3000 6.80247262
5034.3500 6.59000765
5034.4000 6.37754267
5034.4500 6.1650777
5034.5000 6.09064172
5034.5500 6.02428035
5034.6000 5.95791898
5034.6500 5.89339592
5034.7000 5.8864202
5034.7500 5.87944448
5034.8000 5.87246876
5034.8500 5.86866189
5034.9000 5.88842031
5034.9500 5.90817874
5035.0000 5.92793716
5035.0500 5.94145459
5035.1000 5.93113053
5035.1500 5.92080648
5035.2000 5.91048242
5035.2500 5.89160097
5035.3000 5.85253659
5035.3500 5.81347222
5035.4000 5.77440784
5035.4500 5.74386082
5035.5000 5.72667003
5035.5500 5.70947924
5035.6000 5.69228845
5035.6500 5.71149434
5035.7000 5.76975481
5035.7500 5.82801529
5035.8000 5.88627576
5035.8500 5.89207685
5035.9000 5.85937867
5035.9500 5.82668049
5036.0000 5.79398231
5036.0500 5.80727781
5036.1000 5.84297715
5036.1500 5.8786765
5036.2000 5.91437584
5036.2500 5.87262136
5036.3000 5.80766733
5036.3500 5.7427133
5036.4000 5.67775927
5036.4500 5.71012958
5036.5000 5.75730934
5036.5500 5.8044891
5036.6000 5.85166886
5036.6500 5.80390804
5036.7000 5.752979
5036.7500 5.70204995
5036.8000 5.65707405
5036.8500 5.69262304
5036.9000 5.72817203
5036.9500 5.76372102
5037.0000 5.79178803
5037.0500 5.78366698
5037.1000 5.77554593
5037.1500 5.76742487
5037.2000 5.75137163
5037.2500 5.71442476
5037.3000 5.6774779
5037.3500 5.64053103
5037.4000 5.62994239
5037.4500 5.66228989
5037.5000 5.69463739
5037.5500 5.72698488
5037.6000 5.73971159
5037.6500 5.73176517
5037.7000 5.72381876
5037.7500 5.71587235
5037.8000 5.74108116
5037.8500 5.78887082
5037.9000 5.83666049
5037.9500 5.88445016
5038.0000 5.86037822
5038.0500 5.8061117
5038.1000 5.75184517
5038.1500 5.69757865
5038.2000 5.75251074
5038.2500 5.83226764
5038.3000 5.91202455
5038.3500 5.99178146
5038.4000 5.91559199
5038.4500 5.82707939
5038.5000 5.73856678
5038.5500 5.65448159
5038.6000 5.67633168
5038.6500 5.69818177
5038.7000 5.72003186
5038.7500 5.74579629
5038.8000 5.79292838
5038.8500 5.84006048
5038.9000 5.88719258
5038.9500 5.91654461
5039.0000 5.89804234
5039.0500 5.87954008
5039.1000 5.86103782
5039.1500 5.83647046
5039.2000 5.80234953
5039.2500 5.7682286
5039.3000 5.73410767
5039.3500 5.73010105
5039.4000 5.75536421
5039.4500 5.78062736
5039.5000 5.80589051
5039.5500 5.81573571
5039.6000 5.81641891
5039.6500 5.81710212
5039.7000 5.81778532
5039.7500 5.81150915
5039.8000 5.80289787
5039.8500 5.7942866
5039.9000 5.78567532
5039.9500 5.80673212
5040.0000 5.83215833
5040.0500 5.85758455
5040.1000 5.88301076
5040.1500 5.86068219
5040.2000 5.83815488
5040.2500 5.81562758
5040.3000 5.79929629
5040.3500 5.82778943
5040.4000 5.85628256
5040.4500 5.8847757
5040.5000 5.8912535
5040.5500 5.83111404
5040.6000 5.77097457
5040.6500 5.7108351
5040.7000 5.67503478
5040.7500 5.67950748
5040.8000 5.68398017
5040.8500 5.68845287
5040.9000 5.69498892
5040.9500 5.70353645
5041.0000 5.71208399
5041.0500 5.72063152
5041.1000 5.72926057
5041.1500 5.73793598
5041.2000 5.74661139
5041.2500 5.7552868
5041.3000 5.73942259
5041.3500 5.71621941
5041.4000 5.69301624
5041.4500 5.66981307
5041.5000 5.65373698
5041.5500 5.6384218
5041.6000 5.62310661
5041.6500 5.60734676
5041.7000 5.58052662
5041.7500 5.55370647
5041.8000 5.52688632
5041.8500 5.50456821
5041.9000 5.50345562
5041.9500 5.50234303
5042.0000 5.50123044
5042.0500 5.51235762
5042.1000 5.55035438
5042.1500 5.58835113
5042.2000 5.62634789
5042.2500 5.630635
5042.3000 5.59407971
5042.3500 5.55752442
5042.4000 5.52096914
5042.4500 5.51843719
5042.5000 5.53928346
5042.5500 5.56012973
5042.6000 5.580976
5042.6500 5.61049409
5042.7000 5.64314437
5042.7500 5.67579465
5042.8000 5.70844493
5042.8500 5.67845155
5042.9000 5.63974865
5042.9500 5.60104575
5043.0000 5.56281346
5043.0500 5.5449446
5043.1000 5.52707574
5043.1500 5.50920688
5043.2000 5.49685877
5043.2500 5.511734
5043.3000 5.52660924
5043.3500 5.54148447
5043.4000 5.5674986
5043.4500 5.61762566
5043.5000 5.66775273
5043.5500 5.71787979
5043.6000 5.71898064
5043.6500 5.66361193
5043.7000 5.60824322
5043.7500 5.55287451
5043.8000 5.52854931
5043.8500 5.52367204
5043.9000 5.51879478
5043.9500 5.51391751
5044.0000 5.49759353
5044.0500 5.47777856
5044.1000 5.4579636
5044.1500 5.43814863
5044.2000 5.47269982
5044.2500 5.51203442
5044.3000 5.55136902
5044.3500 5.5879555
5044.4000 5.58981331
5044.4500 5.59167111
5044.5000 5.59352892
5044.5500 5.59641682
5044.6000 5.60277496
5044.6500 5.6091331
5044.7000 5.61549125
5044.7500 5.60582867
5044.8000 5.57066289
5044.8500 5.53549711
5044.9000 5.50033132
5044.9500 5.49819578
5045.0000 5.52373487
5045.0500 5.54927396
5045.1000 5.57481305
5045.1500 5.58461141
5045.2000 5.58778419
5045.2500 5.59095697
5045.3000 5.59412975
5045.3500 5.59353338
5045.4000 5.59234771
5045.4500 5.59116205
5045.5000 5.59013494
5045.5500 5.59478209
5045.6000 5.59942924
5045.6500 5.60407639
5045.7000 5.60850355
5045.7500 5.61199853
5045.8000 5.61549351
5045.8500 5.61898849
5045.9000 5.60510686
5045.9500 5.5597993
5046.0000 5.51449174
5046.0500 5.46918417
5046.1000 5.4791693
5046.1500 5.53967551
5046.2000 5.60018172
5046.2500 5.66068793
5046.3000 5.6643976
5046.3500 5.64263784
5046.4000 5.62087808
5046.4500 5.59911832
5046.5000 5.58793622
5046.5500 5.57848148
5046.6000 5.56902673
5046.6500 5.5612014
5046.7000 5.60568256
5046.7500 5.65016372
5046.8000 5.69464489
5046.8500 5.71699856
5046.9000 5.6520271
5046.9500 5.58705563
5047.0000 5.52208417
5047.0500 5.49161262
5047.1000 5.51852155
5047.1500 5.54543048
5047.2000 5.57233942
5047.2500 5.58422175
5047.3000 5.58381837
5047.3500 5.58341499
5047.4000 5.58301161
5047.4500 5.59532437
5047.5000 5.61243068
5047.5500 5.62953699
5047.6000 5.6466433
5047.6500 5.65448809
5047.7000 5.6613455
5047.7500 5.66820291
5047.8000 5.66961005
5047.8500 5.61036625
5047.9000 5.55112244
5047.9500 5.49187864
5048.0000 5.4507207
5048.0500 5.4603452
5048.1000 5.4699697
5048.1500 5.4795942
5048.2000 5.49848547
5048.2500 5.52897423
5048.3000 5.55946299
5048.3500 5.58995175
5048.4000 5.56179342
5048.4500 5.49875283
5048.5000 5.43571224
5048.5500 5.37267166
5048.6000 5.39004997
5048.6500 5.42613132
5048.7000 5.46221268
5048.7500 5.49829403
5048.8000 5.5484748
5048.8500 5.59869869
5048.9000 5.64892259
5048.9500 5.67838769
5049.0000 5.61576534
5049.0500 5.553143
5049.1000 5.49052065
5049.1500 5.45143957
5049.2000 5.4520437
5049.2500 5.45264783
5049.3000 5.45325196
5049.3500 5.47326103
5049.4000 5.50838871
5049.4500 5.54351639
5049.5000 5.57864407
5049.5500 5.57518248
5049.6000 5.55907599
5049.6500 5.5429695
5049.7000 5.52686301
5049.7500 5.51595719
5049.8000 5.5053501
5049.8500 5.494743
5049.9000 5.48088328
5049.9500 5.44696588
5050.0000 5.41304848
5050.0500 5.37913108
5050.1000 5.36534828
5050.1500 5.39157675
5050.2000 5.41780522
5050.2500 5.44403368
5050.3000 5.46838954
5050.3500 5.49109381
5050.4000 5.51379808
5050.4500 5.53650236
5050.5000 5.56887305
5050.5500 5.6048312
5050.6000 5.64078934
5050.6500 5.67674748
5050.7000 5.67071958
5050.7500 5.6614667
5050.8000 5.65221381
5050.8500 5.63802131
5050.9000 5.590589
5050.9500 5.5431567
5051.0000 5.4957244
5051.0500 5.47975854
5051.1000 5.52725864
5051.1500 5.57475873
5051.2000 5.62225882
5051.2500 5.6303303
5051.3000 5.60412044
5051.3500 5.57791058
5051.4000 5.55170072
5051.4500 5.52198964
5051.5000 5.49104676
5051.5500 5.46010388
5051.6000 5.42916099
5051.6500 5.40531834
5051.7000 5.38188146
5051.7500 5.35844458
5051.8000 5.33333574
5051.8500 5.29900744
5051.9000 5.26467913
5051.9500 5.23035083
5052.0000 5.23924396
5052.0500 5.32416229
5052.1000 5.40908063
5052.1500 5.49399896
5052.2000 5.49946936
5052.2500 5.44567942
5052.3000 5.39188949
5052.3500 5.33809956
5052.4000 5.35730065
5052.4500 5.39655704
5052.5000 5.43581343
5052.5500 5.47506982
5052.6000 5.46115529
5052.6500 5.44710862
5052.7000 5.43306195
5052.7500 5.42520921
5052.8000 5.44038517
5052.8500 5.45556113
5052.9000 5.47073709
5052.9500 5.48936257
5053.0000 5.51260257
5053.0500 5.53584258
5053.1000 5.55908258
5053.1500 5.56073645
5053.2000 5.55050689
5053.2500 5.54027733
5053.3000 5.53004777
5053.3500 5.5018284
5053.4000 5.47076537
5053.4500 5.43970233
5053.5000 5.41350736
5053.5500 5.44078953
5053.6000 5.46807171
5053.6500 5.49535388
5053.7000 5.50469339
5053.7500 5.4730971
5053.8000 5.44150081
5053.8500 5.40990452
5053.9000 5.400197
5053.9500 5.41010226
5054.0000 5.42000752
5054.0500 5.42991277
5054.1000 5.4093104
5054.1500 5.37861866
5054.2000 5.34792692
5054.2500 5.31723518
5054.3000 5.42981929
5054.3500 5.54579068
5054.4000 5.66176207
5054.4500 5.74612445
5054.5000 5.7069284
5054.5500 5.66773235
5054.6000 5.62853631
5054.6500 5.58755955
5054.7000 5.54424043
5054.7500 5.50092131
5054.8000 5.45760219
5054.8500 5.44693034
5054.9000 5.45296876
5054.9500 5.45900717
5055.0000 5.46504559
5055.0500 5.45346051
5055.1000 5.43974995
5055.1500 5.4260394
5055.2000 5.41266388
5055.2500 5.40164047
5055.3000 5.39061705
5055.3500 5.37959364
5055.4000 5.35799416
5055.4500 5.31745889
5055.5000 5.27692361
5055.5500 5.23638833
5055.6000 5.18800761
5055.6500 5.13425175
5055.7000 5.0804959
5055.7500 5.02674004
5055.8000 5.15398315
5055.8500 5.31833448
5055.9000 5.48268581
5055.9500 5.63298654
5056.0000 5.58972095
5056.0500 5.54645535
5056.1000 5.50318975
5056.1500 5.45644322
5056.2000 5.40183412
5056.2500 5.34722501
5056.3000 5.29261591
5056.3500 5.25943958
5056.4000 5.24398189
5056.4500 5.22852421
5056.5000 5.21306652
5056.5500 5.26808785
5056.6000 5.34191448
5056.6500 5.41574111
5056.7000 5.48374941
5056.7500 5.37964257
5056.8000 5.27553572
5056.8500 5.17142888
5056.9000 5.10636903
5056.9500 5.14302314
5057.0000 5.17967726
5057.0500 5.21633138
5057.1000 5.23466032
5057.1500 5.2363078
5057.2000 5.23795528
5057.2500 5.23960276
5057.3000 5.19522021
5057.3500 5.13716079
5057.4000 5.07910137
5057.4500 5.02293934
5057.5000 5.06086523
5057.5500 5.09879111
5057.6000 5.13671699
5057.6500 5.1728261
5057.7000 5.20402269
5057.7500 5.23521928
5057.8000 5.26641587
5057.8500 5.26340798
5057.9000 5.22902497
5057.9500 5.19464197
5058.0000 5.16025896
5058.0500 5.12582457
5058.1000 5.09137522
5058.1500 5.05692587
5058.2000 5.02485892
5058.2500 5.07286696
5058.3000 5.120875
5058.3500 5.16888303
5058.4000 5.21072538
5058.4500 5.23707066
5058.5000 5.26341594
5058.5500 5.28976122
5058.6000 5.29670325
5058.6500 5.28723135
5058.7000 5.27775946
5058.7500 5.26828757
5058.8000 5.24551274
5058.8500 5.21941672
5058.9000 5.1933207
5058.9500 5.16790577
5059.0000 5.15314474
5059.0500 5.13838372
5059.1000 5.12362269
5059.1500 5.10735647
5059.2000 5.08791126
5059.2500 5.06846604
5059.3000 5.04902083
5059.3500 5.04312059
5059.4000 5.04687024
5059.4500 5.05061988
5059.5000 5.05436952
5059.5500 5.07822612
5059.6000 5.10568752
5059.6500 5.13314892
5059.7000 5.15679745
5059.7500 5.15062505
5059.8000 5.14445266
5059.8500 5.13828027
5059.9000 5.11943152
5059.9500 5.07991218
5060.0000 5.04039285
5060.0500 5.00087352
5060.1000 4.98664079
5060.1500 4.98612666
5060.2000 4.98561253
5060.2500 4.9850984
5060.3000 5.00139885
5060.3500 5.01920481
5060.4000 5.03701077
5060.4500 5.05020274
5060.5000 5.04356203
5060.5500 5.03692132
5060.6000 5.03028061
5060.6500 5.00235689
5060.7000 4.94955251
5060.7500 4.89674813
5060.8000 4.84394376
5060.8500 4.8525506
5060.9000 4.88333158
5060.9500 4.91411255
5061.0000 4.9444844
5061.0500 4.93340553
5061.1000 4.92232666
5061.1500 4.9112478
5061.2000 4.92170998
5061.2500 4.98589231
5061.3000 5.05007463
5061.3500 5.11425696
5061.4000 5.12374194
5061.4500 5.09095059
5061.5000 5.05815923
5061.5500 5.02536788
5061.6000 4.96585202
5061.6500 4.90136849
5061.7000 4.83688495
5061.7500 4.78179156
5061.8000 4.79313071
5061.8500 4.80446985
5061.9000 4.815809
5061.9500 4.82967391
5062.0000 4.84723696
5062.0500 4.86480001
5062.1000 4.88236305
5062.1500 4.92199362
5062.2000 4.97157679
5062.2500 5.02115996
5062.3000 5.07074313
5062.3500 5.01699168
5062.4000 4.96047291
5062.4500 4.90395414
5062.5000 4.8645406
5062.5500 4.8738001
5062.6000 4.8830596
5062.6500 4.8923191
5062.7000 4.92175517
5062.7500 4.96786328
5062.8000 5.01397138
5062.8500 5.06007949
5062.9000 5.0456525
5062.9500 5.01938887
5063.0000 4.99312524
5063.0500 4.97491506
5063.1000 5.01220228
5063.1500 5.0494895
5063.2000 5.08677671
5063.2500 5.09170288
5063.3000 5.05164291
5063.3500 5.01158294
5063.4000 4.97152297
5063.4500 4.96810477
5063.5000 4.97954889
5063.5500 4.99099302
5063.6000 5.00238979
5063.6500 5.00576027
5063.7000 5.00913075
5063.7500 5.01250123
5063.8000 4.99525085
5063.8500 4.93026865
5063.9000 4.86528646
5063.9500 4.80030427
5064.0000 4.83555468
5064.0500 4.93793759
5064.1000 5.0403205
5064.1500 5.14270341
5064.2000 5.07696671
5064.2500 4.9920243
5064.3000 4.90708188
5064.3500 4.85476214
5064.4000 4.93504153
5064.4500 5.01532092
5064.5000 5.09560031
5064.5500 5.12896236
5064.6000 5.11518272
5064.6500 5.10140308
5064.7000 5.08762345
5064.7500 5.03324119
5064.8000 4.96880663
5064.8500 4.90437207
5064.9000 4.85725652
5064.9500 4.95669505
5065.0000 5.05613357
5065.0500 5.1555721
5065.1000 5.18422723
5065.1500 5.11152891
5065.2000 5.0388306
5065.2500 4.96613229
5065.3000 4.95988979
5065.3500 4.97973418
5065.4000 4.99957857
5065.4500 5.01894565
5065.5000 5.02071131
5065.5500 5.02247697
5065.6000 5.02424263
5065.6500 5.02689927
5065.7000 5.03131603
5065.7500 5.03573279
5065.8000 5.04014955
5065.8500 5.05209935
5065.9000 5.06815646
5065.9500 5.08421358
5066.0000 5.1002707
5066.0500 5.10694565
5066.1000 5.11322563
5066.1500 5.11950561
5066.2000 5.09652547
5066.2500 4.99579976
5066.3000 4.89507405
5066.3500 4.79434834
5066.4000 4.85656335
5066.4500 5.03263021
5066.5000 5.20869707
5066.5500 5.38476393
5066.6000 5.29677289
5066.6500 5.18115735
5066.7000 5.0655418
5066.7500 4.98947485
5066.8000 5.05096996
5066.8500 5.11246506
5066.9000 5.17396017
5066.9500 5.18047006
5067.0000 5.1406461
5067.0500 5.10082214
5067.1000 5.06099818
5067.1500 5.07202892
5067.2000 5.0911002
5067.2500 5.11017149
5067.3000 5.12498281
5067.3500 5.12110781
5067.4000 5.1172328
5067.4500 5.1133578
5067.5000 5.12466815
5067.5500 5.15061446
5067.6000 5.17656078
5067.6500 5.20250709
5067.7000 0
5067.7500 0
5067.8000 0
