4804.0500 4.04709813
4804.1000 4.016134
4804.1500 4.09376835
4804.2000 4.1714027
4804.2500 4.24903705
4804.3000 4.3266714
4804.3500 4.32412333
4804.4000 4.2790363
4804.4500 4.23394928
4804.5000 4.18886225
4804.5500 4.14766803
4804.6000 4.13721532
4804.6500 4.12676261
4804.7000 4.1163099
4804.7500 4.10585718
4804.8000 4.10694156
4804.8500 4.11664087
4804.9000 4.12634017
4804.9500 4.13603948
4805.0000 4.14814575
4805.0500 4.22929667
4805.1000 4.3104476
4805.1500 4.39159852
4805.2000 4.47274945
4805.2500 4.42621014
4805.3000 4.24989474
4805.3500 4.07357935
4805.4000 3.89726395
4805.4500 3.72094855
4805.5000 3.85579639
4805.5500 4.00384876
4805.6000 4.15190113
4805.6500 4.2999535
4805.7000 4.37469633
4805.7500 4.34973209
4805.8000 4.32476784
4805.8500 4.29980359
4805.9000 4.27483934
4805.9500 4.22877286
4806.0000 4.18007736
4806.0500 4.13138186
4806.1000 4.08268637
4806.1500 4.03650813
4806.2000 3.99488754
4806.2500 3.95326695
4806.3000 3.91164635
4806.3500 3.87002576
4806.4000 3.95120404
4806.4500 4.05870754
4806.5000 4.16621104
4806.5500 4.27371454
4806.6000 4.315212
4806.6500 4.196835
4806.7000 4.07845799
4806.7500 3.96008099
4806.8000 3.84170398
4806.8500 3.89653391
4806.9000 4.00544809
4806.9500 4.11436226
4807.0000 4.22327644
4807.0500 4.29289505
4807.1000 4.23313299
4807.1500 4.17337093
4807.2000 4.11360886
4807.2500 4.0538468
4807.3000 4.04730248
4807.3500 4.06303036
4807.4000 4.07875824
4807.4500 4.09448612
4807.5000 4.094821
4807.5500 4.02409547
4807.6000 3.95336995
4807.6500 3.88264442
4807.7000 3.81191889
4807.7500 3.86212785
4807.8000 3.97682202
4807.8500 4.0915162
4807.9000 4.20621037
4807.9500 4.29469794
4808.0000 4.20381308
4808.0500 4.11292822
4808.1000 4.02204337
4808.1500 3.93115851
4808.2000 3.89951472
4808.2500 3.90674026
4808.3000 3.9139658
4808.3500 3.92119133
4808.4000 3.92221063
4808.4500 3.85305293
4808.5000 3.78389524
4808.5500 3.71473755
4808.6000 3.64557985
4808.6500 3.6589625
4808.7000 3.73725879
4808.7500 3.81555508
4808.8000 3.89385137
4808.8500 3.97166145
4808.9000 4.03761019
4808.9500 4.10355894
4809.0000 4.16950769
4809.0500 4.23545643
4809.1000 4.23051344
4809.1500 4.16015135
4809.2000 4.08978925
4809.2500 4.01942715
4809.3000 3.94940268
4809.3500 4.06052898
4809.4000 4.17165529
4809.4500 4.28278159
4809.5000 4.3939079
4809.5500 4.39937598
4809.6000 4.29253204
4809.6500 4.18568811
4809.7000 4.07884417
4809.7500 3.97200024
4809.8000 3.97031942
4809.8500 3.97203606
4809.9000 3.9737527
4809.9500 3.97546933
4810.0000 3.96167901
4810.0500 3.92922155
4810.1000 3.89676409
4810.1500 3.86430663
4810.2000 3.83184917
4810.2500 3.85192259
4810.3000 3.87535411
4810.3500 3.89878563
4810.4000 3.92221715
4810.4500 3.90955521
4810.5000 3.84849016
4810.5500 3.78742512
4810.6000 3.72636007
4810.6500 3.66529503
4810.7000 3.74018328
4810.7500 3.82762052
4810.8000 3.91505776
4810.8500 4.00249499
4810.9000 4.01171519
4810.9500 3.90598944
4811.0000 3.80026368
4811.0500 3.69453792
4811.1000 3.58881217
4811.1500 3.59997343
4811.2000 3.62478154
4811.2500 3.64958964
4811.3000 3.67439775
4811.3500 3.73378854
4811.4000 3.84794033
4811.4500 3.96209212
4811.5000 4.07624391
4811.5500 4.1903957
4811.6000 4.10546983
4811.6500 3.99334338
4811.7000 3.88121693
4811.7500 3.76909048
4811.8000 3.72409588
4811.8500 3.7916563
4811.9000 3.85921673
4811.9500 3.92677715
4812.0000 3.99433758
4812.0500 3.98001834
4812.1000 3.95330327
4812.1500 3.92658819
4812.2000 3.89987312
4812.2500 3.8963458
4812.3000 3.93324206
4812.3500 3.97013832
4812.4000 4.00703458
4812.4500 4.04393084
4812.5000 4.02394934
4812.5500 3.99483365
4812.6000 3.96571796
4812.6500 3.93660227
4812.7000 3.92715346
4812.7500 3.95269333
4812.8000 3.9782332
4812.8500 4.00377307
4812.9000 4.02931294
4812.9500 3.92908113
4813.0000 3.80822795
4813.0500 3.68737477
4813.1000 3.56652159
4813.1500 3.50396779
4813.2000 3.54526412
4813.2500 3.58656046
4813.3000 3.62785679
4813.3500 3.66915312
4813.4000 3.71637553
4813.4500 3.76455428
4813.5000 3.81273303
4813.5500 3.86091178
4813.6000 3.89636478
4813.6500 3.90954912
4813.7000 3.92273347
4813.7500 3.93591781
4813.8000 3.94910215
4813.8500 3.93901851
4813.9000 3.9253766
4813.9500 3.91173468
4814.0000 3.89809277
4814.0500 3.89940863
4814.1000 3.92595761
4814.1500 3.95250659
4814.2000 3.97905557
4814.2500 4.00560455
4814.3000 3.99787004
4814.3500 3.98537537
4814.4000 3.9728807
4814.4500 3.96038603
4814.5000 3.93170804
4814.5500 3.87718941
4814.6000 3.82267077
4814.6500 3.76815214
4814.7000 3.71363351
4814.7500 3.75161559
4814.8000 3.80065592
4814.8500 3.84969624
4814.9000 3.89873657
4814.9500 3.91201526
4815.0000 3.87219426
4815.0500 3.83237325
4815.1000 3.79255224
4815.1500 3.75273123
4815.2000 3.76018709
4815.2500 3.7721608
4815.3000 3.78413452
4815.3500 3.79610823
4815.4000 3.81925136
4815.4500 3.85755497
4815.5000 3.89585857
4815.5500 3.93416218
4815.6000 3.97246578
4815.6500 3.89720108
4815.7000 3.81426863
4815.7500 3.73133618
4815.8000 3.64840372
4815.8500 3.59945963
4815.9000 3.59198914
4815.9500 3.58451865
4816.0000 3.57704817
4816.0500 3.56957768
4816.1000 3.58774751
4816.1500 3.60684284
4816.2000 3.62593817
4816.2500 3.64503351
4816.3000 3.68005918
4816.3500 3.73227177
4816.4000 3.78448436
4816.4500 3.83669695
4816.5000 3.88890954
4816.5500 3.8497457
4816.6000 3.81039909
4816.6500 3.77105247
4816.7000 3.73170586
4816.7500 3.69446603
4816.8000 3.65920165
4816.8500 3.62393726
4816.9000 3.58867288
4816.9500 3.55367346
4817.0000 3.52591881
4817.0500 3.49816416
4817.1000 3.47040952
4817.1500 3.44265487
4817.2000 3.47506251
4817.2500 3.55559331
4817.3000 3.63612412
4817.3500 3.71665493
4817.4000 3.78841738
4817.4500 3.75508382
4817.5000 3.72175026
4817.5500 3.6884167
4817.6000 3.65508315
4817.6500 3.6235204
4817.7000 3.59314048
4817.7500 3.56276055
4817.8000 3.53238063
4817.8500 3.51578569
4817.9000 3.59731685
4817.9500 3.678848
4818.0000 3.76037916
4818.0500 3.84191031
4818.1000 3.80528091
4818.1500 3.70444667
4818.2000 3.60361243
4818.2500 3.5027782
4818.3000 3.42599861
4818.3500 3.46356722
4818.4000 3.50113583
4818.4500 3.53870444
4818.5000 3.57627304
4818.5500 3.59815529
4818.6000 3.61333989
4818.6500 3.6285245
4818.7000 3.64370911
4818.7500 3.66648281
4818.8000 3.71482454
4818.8500 3.76316626
4818.9000 3.81150799
4818.9500 3.85984971
4819.0000 3.85022565
4819.0500 3.82210509
4819.1000 3.79398453
4819.1500 3.76586397
4819.2000 3.73833516
4819.2500 3.71226625
4819.3000 3.68619734
4819.3500 3.66012843
4819.4000 3.63405952
4819.4500 3.64561579
4819.5000 3.66543837
4819.5500 3.68526095
4819.6000 3.70508353
4819.6500 3.69748596
4819.7000 3.6395069
4819.7500 3.58152784
4819.8000 3.52354878
4819.8500 3.46556972
4819.9000 3.49258063
4819.9500 3.53051422
4820.0000 3.56844781
4820.0500 3.6063814
4820.1000 3.60772499
4820.1500 3.5587297
4820.2000 3.5097344
4820.2500 3.46073911
4820.3000 3.41174381
4820.3500 3.48258254
4820.4000 3.5588268
4820.4500 3.63507107
4820.5000 3.71131533
4820.5500 3.71618547
4820.6000 3.64791193
4820.6500 3.57963839
4820.7000 3.51136484
4820.7500 3.44627874
4820.8000 3.47749664
4820.8500 3.50871454
4820.9000 3.53993244
4820.9500 3.57115034
4821.0000 3.57033251
4821.0500 3.54547703
4821.1000 3.52062155
4821.1500 3.49576607
4821.2000 3.47164857
4821.2500 3.45339862
4821.3000 3.43514868
4821.3500 3.41689873
4821.4000 3.39864878
4821.4500 3.41214334
4821.5000 3.44248853
4821.5500 3.47283371
4821.6000 3.5031789
4821.6500 3.52449538
4821.7000 3.50875028
4821.7500 3.49300518
4821.8000 3.47726008
4821.8500 3.46151498
4821.9000 3.43478259
4821.9500 3.40418302
4822.0000 3.37358344
4822.0500 3.34298387
4822.1000 3.3270052
4822.1500 3.34778701
4822.2000 3.36856882
4822.2500 3.38935063
4822.3000 3.41013244
4822.3500 3.4192593
4822.4000 3.42600873
4822.4500 3.43275817
4822.5000 3.4395076
4822.5500 3.44044604
4822.6000 3.43181108
4822.6500 3.42317612
4822.7000 3.41454115
4822.7500 3.40590619
4822.8000 3.43548873
4822.8500 3.46812585
4822.9000 3.50076296
4822.9500 3.53340008
4823.0000 3.52196707
4823.0500 3.46190021
4823.1000 3.40183335
4823.1500 3.34176649
4823.2000 3.28485701
4823.2500 3.34665589
4823.3000 3.40845478
4823.3500 3.47025366
4823.4000 3.53205254
4823.4500 3.55710087
4823.5000 3.55526895
4823.5500 3.55343704
4823.6000 3.55160513
4823.6500 3.55329098
4823.7000 3.57844858
4823.7500 3.60360618
4823.8000 3.62876378
4823.8500 3.65392138
4823.9000 3.62106669
4823.9500 3.56144148
4824.0000 3.50181626
4824.0500 3.44219104
4824.1000 3.40059466
4824.1500 3.41631481
4824.2000 3.43203497
4824.2500 3.44775512
4824.3000 3.46347527
4824.3500 3.47586849
4824.4000 3.48740617
4824.4500 3.49894386
4824.5000 3.51048155
4824.5500 3.51713537
4824.6000 3.51482781
4824.6500 3.51252024
4824.7000 3.51021268
4824.7500 3.50790512
4824.8000 3.48182029
4824.8500 3.45341757
4824.9000 3.42501485
4824.9500 3.39661214
4825.0000 3.39806522
4825.0500 3.43308621
4825.1000 3.46810719
4825.1500 3.50312818
4825.2000 3.53624747
4825.2500 3.51075968
4825.3000 3.48527188
4825.3500 3.45978409
4825.4000 3.4342963
4825.4500 3.44874563
4825.5000 3.49057661
4825.5500 3.53240759
4825.6000 3.57423857
4825.6500 3.6050431
4825.7000 3.57628812
4825.7500 3.54753314
4825.8000 3.51877815
4825.8500 3.49002317
4825.9000 3.45849568
4825.9500 3.42589162
4826.0000 3.39328757
4826.0500 3.36068352
4826.1000 3.34923706
4826.1500 3.3907313
4826.2000 3.43222554
4826.2500 3.47371978
4826.3000 3.51521402
4826.3500 3.5424487
4826.4000 3.56720434
4826.4500 3.59195999
4826.5000 3.61671564
4826.5500 3.61718471
4826.6000 3.58403199
4826.6500 3.55087928
4826.7000 3.51772656
4826.7500 3.48457385
4826.8000 3.46705042
4826.8500 3.4497163
4826.9000 3.43238218
4826.9500 3.41504806
4827.0000 3.38465984
4827.0500 3.3439231
4827.1000 3.30318637
4827.1500 3.26244963
4827.2000 3.23145438
4827.2500 3.26639972
4827.3000 3.30134505
4827.3500 3.33629039
4827.4000 3.37123573
4827.4500 3.39647832
4827.5000 3.41757772
4827.5500 3.43867712
4827.6000 3.45977652
4827.6500 3.47283964
4827.7000 3.46460448
4827.7500 3.45636931
4827.8000 3.44813414
4827.8500 3.43989897
4827.9000 3.42115005
4827.9500 3.40052067
4828.0000 3.37989129
4828.0500 3.35926192
4828.1000 3.34734754
4828.1500 3.34728465
4828.2000 3.34722176
4828.2500 3.34715887
4828.3000 3.34709727
4828.3500 3.35067841
4828.4000 3.35425955
4828.4500 3.35784069
4828.5000 3.36142182
4828.5500 3.36144516
4828.6000 3.35887205
4828.6500 3.35629894
4828.7000 3.35372584
4828.7500 3.3624599
4828.8000 3.43190865
4828.8500 3.5013574
4828.9000 3.57080616
4828.9500 3.64025491
4829.0000 3.61839514
4829.0500 3.56395684
4829.1000 3.50951853
4829.1500 3.45508023
4829.2000 3.41959601
4829.2500 3.42472292
4829.3000 3.42984983
4829.3500 3.43497674
4829.4000 3.44010364
4829.4500 3.42809484
4829.5000 3.41419323
4829.5500 3.40029163
4829.6000 3.38639003
4829.6500 3.38519009
4829.7000 3.39753197
4829.7500 3.40987385
4829.8000 3.42221573
4829.8500 3.4319234
4829.9000 3.40586726
4829.9500 3.37981112
4830.0000 3.35375499
4830.0500 3.32769885
4830.1000 3.33402369
4830.1500 3.35745262
4830.2000 3.38088156
4830.2500 3.40431049
4830.3000 3.4207533
4830.3500 3.41522539
4830.4000 3.40969749
4830.4500 3.40416958
4830.5000 3.39864168
4830.5500 3.41072579
4830.6000 3.42643488
4830.6500 3.44214397
4830.7000 3.45785307
4830.7500 3.45824729
4830.8000 3.43736204
4830.8500 3.4164768
4830.9000 3.39559155
4830.9500 3.37489554
4831.0000 3.37539933
4831.0500 3.37590313
4831.1000 3.37640692
4831.1500 3.37691072
4831.2000 3.37181516
4831.2500 3.36299198
4831.3000 3.35416879
4831.3500 3.34534561
4831.4000 3.33849976
4831.4500 3.33992287
4831.5000 3.34134598
4831.5500 3.3427691
4831.6000 3.34419221
4831.6500 3.3569015
4831.7000 3.37266956
4831.7500 3.38843762
4831.8000 3.40420567
4831.8500 3.39622998
4831.9000 3.34979469
4831.9500 3.30335939
4832.0000 3.2569241
4832.0500 3.2104888
4832.1000 3.2320585
4832.1500 3.25517194
4832.2000 3.27828538
4832.2500 3.30139882
4832.3000 3.32220835
4832.3500 3.3413153
4832.4000 3.36042226
4832.4500 3.37952921
4832.5000 3.39953016
4832.5500 3.42379153
4832.6000 3.44805291
4832.6500 3.47231428
4832.7000 3.49657565
4832.7500 3.48755343
4832.8000 3.46875656
4832.8500 3.4499597
4832.9000 3.43116283
4832.9500 3.41790907
4833.0000 3.41394558
4833.0500 3.40998208
4833.1000 3.40601859
4833.1500 3.40205509
4833.2000 3.39621596
4833.2500 3.39032981
4833.3000 3.38444366
4833.3500 3.3785575
4833.4000 3.37612185
4833.4500 3.37619968
4833.5000 3.37627751
4833.5500 3.37635534
4833.6000 3.37495589
4833.6500 3.36694882
4833.7000 3.35894175
4833.7500 3.35093468
4833.8000 3.34292761
4833.8500 3.34113972
4833.9000 3.34102459
4833.9500 3.34090946
4834.0000 3.34079433
4834.0500 3.34105857
4834.1000 3.34190502
4834.1500 3.34275148
4834.2000 3.34359793
4834.2500 3.34445859
4834.3000 3.35190339
4834.3500 3.35934819
4834.4000 3.36679299
4834.4500 3.37423779
4834.5000 3.33384181
4834.5500 3.26298013
4834.6000 3.19211846
4834.6500 3.12125678
4834.7000 3.07331917
4834.7500 3.10623704
4834.8000 3.13915491
4834.8500 3.17207278
4834.9000 3.20499065
4834.9500 3.21013872
4835.0000 3.20967942
4835.0500 3.20922012
4835.1000 3.20876082
4835.1500 3.21706078
4835.2000 3.23631769
4835.2500 3.2555746
4835.3000 3.27483151
4835.3500 3.29262334
4835.4000 3.28648602
4835.4500 3.28034869
4835.5000 3.27421136
4835.5500 3.26807403
4835.6000 3.2500997
4835.6500 3.22635514
4835.7000 3.20261058
4835.7500 3.17886601
4835.8000 3.16498716
4835.8500 3.17549513
4835.9000 3.1860031
4835.9500 3.19651107
4836.0000 3.20701904
4836.0500 3.21709341
4836.1000 3.22712224
4836.1500 3.23715107
4836.2000 3.2471799
4836.2500 3.24002293
4836.3000 3.21719241
4836.3500 3.19436189
4836.4000 3.17153136
4836.4500 3.15523484
4836.5000 3.17833894
4836.5500 3.20144303
4836.6000 3.22454713
4836.6500 3.24765122
4836.7000 3.262851
4836.7500 3.27559075
4836.8000 3.28833049
4836.8500 3.30107023
4836.9000 3.31211504
4836.9500 3.32044325
4837.0000 3.32877146
4837.0500 3.33709967
4837.1000 3.34521531
4837.1500 3.32288448
4837.2000 3.30055366
4837.2500 3.27822283
4837.3000 3.255892
4837.3500 3.24894869
4837.4000 3.25101052
4837.4500 3.25307235
4837.5000 3.25513418
4837.5500 3.25407939
4837.6000 3.24396139
4837.6500 3.23384339
4837.7000 3.22372539
4837.7500 3.21360739
4837.8000 3.21702372
4837.8500 3.22224889
4837.9000 3.22747405
4837.9500 3.23269921
4838.0000 3.2269919
4838.0500 3.21075978
4838.1000 3.19452766
4838.1500 3.17829554
4838.2000 3.1652556
4838.2500 3.17214538
4838.3000 3.17903517
4838.3500 3.18592495
4838.4000 3.19281473
4838.4500 3.20451377
4838.5000 3.21766734
4838.5500 3.23082091
4838.6000 3.24397448
4838.6500 3.25556336
4838.7000 3.26479227
4838.7500 3.27402118
4838.8000 3.28325009
4838.8500 3.29088537
4838.9000 3.24828491
4838.9500 3.20568445
4839.0000 3.16308399
4839.0500 3.12048353
4839.1000 3.11160043
4839.1500 3.11978042
4839.2000 3.1279604
4839.2500 3.13614039
4839.3000 3.14569009
4839.3500 3.15846042
4839.4000 3.17123074
4839.4500 3.18400107
4839.5000 3.1967714
4839.5500 3.2151278
4839.6000 3.23387915
4839.6500 3.25263049
4839.7000 3.27138184
4839.7500 3.26975427
4839.8000 3.25279795
4839.8500 3.23584163
4839.9000 3.21888531
4839.9500 3.21029965
4840.0000 3.23346407
4840.0500 3.25662849
4840.1000 3.27979292
4840.1500 3.30295734
4840.2000 3.28649869
4840.2500 3.26292299
4840.3000 3.23934728
4840.3500 3.21577157
4840.4000 3.19624108
4840.4500 3.18095478
4840.5000 3.16566847
4840.5500 3.15038216
4840.6000 3.14031229
4840.6500 3.16532566
4840.7000 3.19033902
4840.7500 3.21535238
4840.8000 3.24036574
4840.8500 3.23717627
4840.9000 3.22566022
4840.9500 3.21414417
4841.0000 3.20262812
4841.0500 3.19494133
4841.1000 3.19263355
4841.1500 3.19032577
4841.2000 3.18801798
4841.2500 3.18549332
4841.3000 3.17961949
4841.3500 3.17374566
4841.4000 3.16787183
4841.4500 3.161998
4841.5000 3.16981849
4841.5500 3.18331528
4841.6000 3.19681207
4841.6500 3.21030886
4841.7000 3.21393126
4841.7500 3.19955676
4841.8000 3.18518225
4841.8500 3.17080774
4841.9000 3.15651806
4841.9500 3.17260104
4842.0000 3.18868401
4842.0500 3.20476699
4842.1000 3.22084997
4842.1500 3.20819099
4842.2000 3.18022249
4842.2500 3.15225399
4842.3000 3.12428549
4842.3500 3.11549184
4842.4000 3.15073995
4842.4500 3.18598806
4842.5000 3.22123616
4842.5500 3.25648427
4842.6000 3.2507694
4842.6500 3.24314034
4842.7000 3.23551127
4842.7500 3.22788221
4842.8000 3.2343685
4842.8500 3.24993361
4842.9000 3.26549872
4842.9500 3.28106383
4843.0000 3.28939829
4843.0500 3.2774673
4843.1000 3.26553632
4843.1500 3.25360534
4843.2000 3.24167435
4843.2500 3.22101373
4843.3000 3.19957902
4843.3500 3.17814431
4843.4000 3.1567096
4843.4500 3.15899892
4843.5000 3.17880119
4843.5500 3.19860346
4843.6000 3.21840574
4843.6500 3.23701064
4843.7000 3.25167956
4843.7500 3.26634849
4843.8000 3.28101742
4843.8500 3.29568634
4843.9000 3.29271134
4843.9500 3.28760847
4844.0000 3.28250561
4844.0500 3.27740275
4844.1000 3.26551243
4844.1500 3.24812879
4844.2000 3.23074514
4844.2500 3.2133615
4844.3000 3.2006108
4844.3500 3.20485795
4844.4000 3.2091051
4844.4500 3.21335225
4844.5000 3.2175994
4844.5500 3.21041727
4844.6000 3.20163013
4844.6500 3.19284298
4844.7000 3.18405584
4844.7500 3.18635853
4844.8000 3.19808051
4844.8500 3.20980249
4844.9000 3.22152447
4844.9500 3.22613116
4845.0000 3.20327556
4845.0500 3.18041997
4845.1000 3.15756437
4845.1500 3.13470877
4845.2000 3.1081041
4845.2500 3.08094917
4845.3000 3.05379424
4845.3500 3.02663932
4845.4000 3.03063142
4845.4500 3.0612161
4845.5000 3.09180077
4845.5500 3.12238544
4845.6000 3.14432666
4845.6500 3.13336674
4845.7000 3.12240681
4845.7500 3.11144688
4845.8000 3.10048695
4845.8500 3.08858425
4845.9000 3.07655036
4845.9500 3.06451648
4846.0000 3.0524826
4846.0500 3.05021306
4846.1000 3.05596995
4846.1500 3.06172684
4846.2000 3.06748373
4846.2500 3.07599993
4846.3000 3.09424106
4846.3500 3.1124822
4846.4000 3.13072334
4846.4500 3.14896448
4846.5000 3.13912568
4846.5500 3.12597132
4846.6000 3.11281695
4846.6500 3.09966258
4846.7000 3.08977682
4846.7500 3.08236738
4846.8000 3.07495794
4846.8500 3.0675485
4846.9000 3.06748899
4846.9500 3.09011527
4847.0000 3.11274154
4847.0500 3.13536782
4847.1000 3.15799409
4847.1500 3.15470814
4847.2000 3.1492194
4847.2500 3.14373066
4847.3000 3.13824192
4847.3500 3.12780091
4847.4000 3.11405547
4847.4500 3.10031004
4847.5000 3.0865646
4847.5500 3.07893635
4847.6000 3.08710701
4847.6500 3.09527767
4847.7000 3.10344833
4847.7500 3.11161899
4847.8000 3.10675111
4847.8500 3.1013349
4847.9000 3.09591869
4847.9500 3.09050248
4848.0000 3.09767833
4848.0500 3.11189546
4848.1000 3.12611258
4848.1500 3.14032971
4848.2000 3.14204502
4848.2500 3.11770897
4848.3000 3.09337293
4848.3500 3.06903689
4848.4000 3.04481773
4848.4500 3.03442286
4848.5000 3.024028
4848.5500 3.01363313
4848.6000 3.00323827
4848.6500 3.01879058
4848.7000 3.04580031
4848.7500 3.07281004
4848.8000 3.09981977
4848.8500 3.11957706
4848.9000 3.12751104
4848.9500 3.13544502
4849.0000 3.143379
4849.0500 3.14952121
4849.1000 3.13106344
4849.1500 3.11260566
4849.2000 3.09414789
4849.2500 3.07569012
4849.3000 3.06670121
4849.3500 3.06075533
4849.4000 3.05480945
4849.4500 3.04886357
4849.5000 3.04652864
4849.5500 3.04866301
4849.6000 3.05079738
4849.6500 3.05293176
4849.7000 3.05454513
4849.7500 3.05290907
4849.8000 3.05127302
4849.8500 3.04963696
4849.9000 3.04800091
4849.9500 3.06319914
4850.0000 3.08182885
4850.0500 3.10045856
4850.1000 3.11908827
4850.1500 3.11326769
4850.2000 3.08526961
4850.2500 3.05727153
4850.3000 3.02927345
4850.3500 3.00772032
4850.4000 3.00911517
4850.4500 3.01051003
4850.5000 3.01190488
4850.5500 3.01329973
4850.6000 3.01430245
4850.6500 3.01526891
4850.7000 3.01623537
4850.7500 3.01720183
4850.8000 3.00520281
4850.8500 2.98500693
4850.9000 2.96481104
4850.9500 2.94461516
4851.0000 2.92995605
4851.0500 2.9275536
4851.1000 2.92515114
4851.1500 2.92274869
4851.2000 2.9204238
4851.2500 2.92515288
4851.3000 2.92988196
4851.3500 2.93461104
4851.4000 2.93934012
4851.4500 2.94431958
4851.5000 2.94940043
4851.5500 2.95448127
4851.6000 2.95956212
4851.6500 2.9548778
4851.7000 2.9363657
4851.7500 2.9178536
4851.8000 2.8993415
4851.8500 2.88531111
4851.9000 2.90503156
4851.9500 2.92475201
4852.0000 2.94447246
4852.0500 2.96419291
4852.1000 2.9642202
4852.1500 2.95997569
4852.2000 2.95573118
4852.2500 2.95148667
4852.3000 2.94574312
4852.3500 2.93865672
4852.4000 2.93157033
4852.4500 2.92448393
4852.5000 2.91652783
4852.5500 2.9057314
4852.6000 2.89493498
4852.6500 2.88413856
4852.7000 2.87334214
4852.7500 2.88273993
4852.8000 2.89336822
4852.8500 2.9039965
4852.9000 2.91462479
4852.9500 2.91387415
4853.0000 2.90704799
4853.0500 2.90022182
4853.1000 2.89339566
4853.1500 2.88897289
4853.2000 2.88877705
4853.2500 2.88858122
4853.3000 2.88838538
4853.3500 2.88609648
4853.4000 2.85771405
4853.4500 2.82933161
4853.5000 2.80094918
4853.5500 2.77256674
4853.6000 2.77271695
4853.6500 2.78057841
4853.7000 2.78843986
4853.7500 2.79630132
4853.8000 2.79848618
4853.8500 2.79502692
4853.9000 2.79156766
4853.9500 2.7881084
4854.0000 2.78288274
4854.0500 2.7712773
4854.1000 2.75967186
4854.1500 2.74806643
4854.2000 2.73646099
4854.2500 2.75803614
4854.3000 2.78197675
4854.3500 2.80591736
4854.4000 2.82985797
4854.4500 2.82063577
4854.5000 2.79365711
4854.5500 2.76667846
4854.6000 2.7396998
4854.6500 2.7229705
4854.7000 2.72366861
4854.7500 2.72436673
4854.8000 2.72506484
4854.8500 2.72556961
4854.9000 2.7241331
4854.9500 2.72269659
4855.0000 2.72126009
4855.0500 2.71982358
4855.1000 2.69500605
4855.1500 2.66477683
4855.2000 2.6345476
4855.2500 2.60431838
4855.3000 2.59509344
4855.3500 2.60414438
4855.4000 2.61319532
4855.4500 2.62224626
4855.5000 2.62914797
4855.5500 2.62988877
4855.6000 2.63062958
4855.6500 2.63137039
4855.7000 2.6321112
4855.7500 2.63462821
4855.8000 2.63717458
4855.8500 2.63972095
4855.9000 2.64226732
4855.9500 2.63924989
4856.0000 2.63396075
4856.0500 2.6286716
4856.1000 2.62338245
4856.1500 2.62410201
4856.2000 2.63254323
4856.2500 2.64098445
4856.3000 2.64942566
4856.3500 2.65458902
4856.4000 2.64333008
4856.4500 2.63207114
4856.5000 2.6208122
4856.5500 2.60955325
4856.6000 2.60115961
4856.6500 2.59309722
4856.7000 2.58503483
4856.7500 2.57697243
4856.8000 2.57130619
4856.8500 2.56706192
4856.9000 2.56281764
4856.9500 2.55857337
4857.0000 2.55379831
4857.0500 2.54807964
4857.1000 2.54236096
4857.1500 2.53664228
4857.2000 2.53261664
4857.2500 2.54497855
4857.3000 2.55734046
4857.3500 2.56970237
4857.4000 2.58206429
4857.4500 2.56703322
4857.5000 2.54633181
4857.5500 2.52563041
4857.6000 2.50492901
4857.6500 2.49762779
4857.7000 2.50066098
4857.7500 2.50369417
4857.8000 2.50672736
4857.8500 2.51185329
4857.9000 2.5218186
4857.9500 2.53178391
4858.0000 2.54174923
4858.0500 2.55100731
4858.1000 2.54347473
4858.1500 2.53594215
4858.2000 2.52840958
4858.2500 2.520877
4858.3000 2.5150046
4858.3500 2.50959998
4858.4000 2.50419537
4858.4500 2.49879075
4858.5000 2.49058248
4858.5500 2.47979806
4858.6000 2.46901364
4858.6500 2.45822922
4858.7000 2.45374582
4858.7500 2.4668885
4858.8000 2.48003118
4858.8500 2.49317386
4858.9000 2.50609877
4858.9500 2.48705664
4859.0000 2.46801451
4859.0500 2.44897237
4859.1000 2.42993024
4859.1500 2.43873131
4859.2000 2.45674355
4859.2500 2.47475578
4859.3000 2.49276801
4859.3500 2.50355812
4859.4000 2.50704738
4859.4500 2.51053664
4859.5000 2.5140259
4859.5500 2.52011938
4859.6000 2.53426461
4859.6500 2.54840984
4859.7000 2.56255506
4859.7500 2.57670029
4859.8000 2.56908343
4859.8500 2.56130697
4859.9000 2.55353051
4859.9500 2.54575405
4860.0000 2.53940846
4860.0500 2.53355968
4860.1000 2.52771091
4860.1500 2.52186213
4860.2000 2.52106478
4860.2500 2.52546104
4860.3000 2.52985731
4860.3500 2.53425358
4860.4000 2.53657733
4860.4500 2.53251692
4860.5000 2.5284565
4860.5500 2.52439609
4860.6000 2.52033567
4860.6500 2.52210373
4860.7000 2.52388161
4860.7500 2.52565949
4860.8000 2.52743737
4860.8500 2.50907465
4860.9000 2.48409793
4860.9500 2.4591212
4861.0000 2.43414448
4861.0500 2.41857068
4861.1000 2.41208568
4861.1500 2.40560068
4861.2000 2.39911569
4861.2500 2.39584699
4861.3000 2.40147938
4861.3500 2.40711177
4861.4000 2.41274416
4861.4500 2.41815745
4861.5000 2.41450417
4861.5500 2.41085088
4861.6000 2.40719759
4861.6500 2.4035443
4861.7000 2.41117179
4861.7500 2.42192571
4861.8000 2.43267963
4861.8500 2.44343355
4861.9000 2.44049618
4861.9500 2.42606504
4862.0000 2.41163391
4862.0500 2.39720278
4862.1000 2.37802254
4862.1500 2.34804574
4862.2000 2.31806894
4862.2500 2.28809213
4862.3000 2.26177618
4862.3500 2.28516902
4862.4000 2.30856187
4862.4500 2.33195472
4862.5000 2.35534757
4862.5500 2.35600417
4862.6000 2.35210028
4862.6500 2.34819639
4862.7000 2.3442925
4862.7500 2.34564955
4862.8000 2.35053586
4862.8500 2.35542217
4862.9000 2.36030848
4862.9500 2.35740845
4863.0000 2.34098025
4863.0500 2.32455205
4863.1000 2.30812385
4863.1500 2.29506897
4863.2000 2.30393756
4863.2500 2.31280614
4863.3000 2.32167472
4863.3500 2.3305433
4863.4000 2.33059116
4863.4500 2.32968751
4863.5000 2.32878385
4863.5500 2.32788019
4863.6000 2.32977638
4863.6500 2.33303205
4863.7000 2.33628772
4863.7500 2.33954338
4863.8000 2.34600196
4863.8500 2.35645669
4863.9000 2.36691142
4863.9500 2.37736616
4864.0000 2.3836718
4864.0500 2.37508548
4864.1000 2.36649915
4864.1500 2.35791282
4864.2000 2.34932649
4864.2500 2.37376169
4864.3000 2.39845858
4864.3500 2.42315547
4864.4000 2.44785237
4864.4500 2.4596444
4864.5000 2.46752961
4864.5500 2.47541483
4864.6000 2.48330004
4864.6500 2.48075707
4864.7000 2.46948443
4864.7500 2.45821179
4864.8000 2.44693915
4864.8500 2.43995602
4864.9000 2.44199296
4864.9500 2.4440299
4865.0000 2.44606684
4865.0500 2.44799489
4865.1000 2.44895887
4865.1500 2.44992285
4865.2000 2.45088683
4865.2500 2.45185081
4865.3000 2.47223351
4865.3500 2.49521593
4865.4000 2.51819836
4865.4500 2.54118079
4865.5000 2.54158694
4865.5500 2.5305492
4865.6000 2.51951146
4865.6500 2.50847373
4865.7000 2.50029773
4865.7500 2.49566864
4865.8000 2.49103954
4865.8500 2.48641045
4865.9000 2.49226589
4865.9500 2.53307998
4866.0000 2.57389407
4866.0500 2.61470815
4866.1000 2.65497769
4866.1500 2.66204439
4866.2000 2.66911109
4866.2500 2.67617779
4866.3000 2.68324449
4866.3500 2.67553821
4866.4000 2.6642031
4866.4500 2.65286798
4866.5000 2.64153286
4866.5500 2.64241935
4866.6000 2.65177392
4866.6500 2.6611285
4866.7000 2.67048307
4866.7500 2.68444978
4866.8000 2.70594582
4866.8500 2.72744187
4866.9000 2.74893791
4866.9500 2.7652976
4867.0000 2.7566279
4867.0500 2.7479582
4867.1000 2.7392885
4867.1500 2.7306188
4867.2000 2.73053497
4867.2500 2.73079101
4867.3000 2.73104704
4867.3500 2.73130307
4867.4000 2.7335205
4867.4500 2.73637502
4867.5000 2.73922954
4867.5500 2.74208406
4867.6000 2.73940654
4867.6500 2.73218399
4867.7000 2.72496145
4867.7500 2.7177389
4867.8000 2.71570338
4867.8500 2.72354308
4867.9000 2.73138278
4867.9500 2.73922248
4868.0000 2.74998654
4868.0500 2.77856314
4868.1000 2.80713974
4868.1500 2.83571634
4868.2000 2.86429294
4868.2500 2.87068952
4868.3000 2.87564326
4868.3500 2.88059701
4868.4000 2.88555076
4868.4500 2.87970914
4868.5000 2.87003648
4868.5500 2.86036382
4868.6000 2.85069116
4868.6500 2.85164506
4868.7000 2.86170683
4868.7500 2.8717686
4868.8000 2.88183037
4868.8500 2.88354163
4868.9000 2.86905281
4868.9500 2.85456398
4869.0000 2.84007515
4869.0500 2.82787021
4869.1000 2.82934765
4869.1500 2.8308251
4869.2000 2.83230254
4869.2500 2.83377998
4869.3000 2.85091771
4869.3500 2.86892825
4869.4000 2.88693879
4869.4500 2.90494933
4869.5000 2.910229
4869.5500 2.91132428
4869.6000 2.91241955
4869.6500 2.91351483
4869.7000 2.93145459
4869.7500 2.96266699
4869.8000 2.9938794
4869.8500 3.0250918
4869.9000 3.03697875
4869.9500 3.01556591
4870.0000 2.99415307
4870.0500 2.97274022
4870.1000 2.95293844
4870.1500 2.94065792
4870.2000 2.92837741
4870.2500 2.91609689
4870.3000 2.90381638
4870.3500 2.92299006
4870.4000 2.94258274
4870.4500 2.96217541
4870.5000 2.98176809
4870.5500 2.97740182
4870.6000 2.96699155
4870.6500 2.95658128
4870.7000 2.94617101
4870.7500 2.95025744
4870.8000 2.96355358
4870.8500 2.97684972
4870.9000 2.99014585
4870.9500 3.00772184
4871.0000 3.03107106
4871.0500 3.05442027
4871.1000 3.07776949
4871.1500 3.09336908
4871.2000 3.08458885
4871.2500 3.07580862
4871.3000 3.06702839
4871.3500 3.05734577
4871.4000 3.03298934
4871.4500 3.00863291
4871.5000 2.98427649
4871.5500 2.95992006
4871.6000 2.97176262
4871.6500 2.98873256
4871.7000 3.00570251
4871.7500 3.02267246
4871.8000 3.02730518
4871.8500 3.02652843
4871.9000 3.02575168
4871.9500 3.02497494
4872.0000 3.03651673
4872.0500 3.05962692
4872.1000 3.08273711
4872.1500 3.1058473
4872.2000 3.11893992
4872.2500 3.11236682
4872.3000 3.10579371
4872.3500 3.0992206
4872.4000 3.09222333
4872.4500 3.08300782
4872.5000 3.07379232
4872.5500 3.06457681
4872.6000 3.05536131
4872.6500 3.05188868
4872.7000 3.04850451
4872.7500 3.04512035
4872.8000 3.04173618
4872.8500 3.04949179
4872.9000 3.05985368
4872.9500 3.07021557
4873.0000 3.08057746
4873.0500 3.08570887
4873.1000 3.08786264
4873.1500 3.0900164
4873.2000 3.09217016
4873.2500 3.10135685
4873.3000 3.11862444
4873.3500 3.13589203
4873.4000 3.15315962
4873.4500 3.16008377
4873.5000 3.14225248
4873.5500 3.1244212
4873.6000 3.10658991
4873.6500 3.08829745
4873.7000 3.06678638
4873.7500 3.0452753
4873.8000 3.02376422
4873.8500 3.00225314
4873.9000 3.01197341
4873.9500 3.02308937
4874.0000 3.03420534
4874.0500 3.0453213
4874.1000 3.06257268
4874.1500 3.08145118
4874.2000 3.10032969
4874.2500 3.11920819
4874.3000 3.12031521
4874.3500 3.11075116
4874.4000 3.10118711
4874.4500 3.09162306
4874.5000 3.09343005
4874.5500 3.10855764
4874.6000 3.12368523
4874.6500 3.13881282
4874.7000 3.14816377
4874.7500 3.14387364
4874.8000 3.1395835
4874.8500 3.13529337
4874.9000 3.12726864
4874.9500 3.09546427
4875.0000 3.0636599
4875.0500 3.03185553
4875.1000 3.00005116
4875.1500 3.02913281
4875.2000 3.05976001
4875.2500 3.0903872
4875.3000 3.1210144
4875.3500 3.1349506
4875.4000 3.1451238
4875.4500 3.15529701
4875.5000 3.16547021
4875.5500 3.16496082
4875.6000 3.15890106
4875.6500 3.15284129
4875.7000 3.14678153
4875.7500 3.13746119
4875.8000 3.12489855
4875.8500 3.11233592
4875.9000 3.09977328
4875.9500 3.09032063
4876.0000 3.08674627
4876.0500 3.08317191
4876.1000 3.07959755
4876.1500 3.0763755
4876.2000 3.07463727
4876.2500 3.07289905
4876.3000 3.07116082
4876.3500 3.06985256
4876.4000 3.07913315
4876.4500 3.08841375
4876.5000 3.09769434
4876.5500 3.10697494
4876.6000 3.12116528
4876.6500 3.13597834
4876.7000 3.1507914
4876.7500 3.16560446
4876.8000 3.16585596
4876.8500 3.1609148
4876.9000 3.15597365
4876.9500 3.1510325
4877.0000 3.16136441
4877.0500 3.18239308
4877.1000 3.20342175
4877.1500 3.22445042
4877.2000 3.23457345
4877.2500 3.23083659
4877.3000 3.22709974
4877.3500 3.22336288
4877.4000 3.22541338
4877.4500 3.24136944
4877.5000 3.25732551
4877.5500 3.27328158
4877.6000 3.28510622
4877.6500 3.27327527
4877.7000 3.26144432
4877.7500 3.24961337
4877.8000 3.23784068
4877.8500 3.23824559
4877.9000 3.23865049
4877.9500 3.2390554
4878.0000 3.2394603
4878.0500 3.2353462
4878.1000 3.23050937
4878.1500 3.22567253
4878.2000 3.2208357
4878.2500 3.20370032
4878.3000 3.18180013
4878.3500 3.15989993
4878.4000 3.13799974
4878.4500 3.13178301
4878.5000 3.13689181
4878.5500 3.1420006
4878.6000 3.1471094
4878.6500 3.14755669
4878.7000 3.14211607
4878.7500 3.13667545
4878.8000 3.13123482
4878.8500 3.13260466
4878.9000 3.14954087
4878.9500 3.16647709
4879.0000 3.18341331
4879.0500 3.19979515
4879.1000 3.21343372
4879.1500 3.22707229
4879.2000 3.24071087
4879.2500 3.25391251
4879.3000 3.25437319
4879.3500 3.25483388
4879.4000 3.25529456
4879.4500 3.25575525
4879.5000 3.24647903
4879.5500 3.23611469
4879.6000 3.22575036
4879.6500 3.21538603
4879.7000 3.20397582
4879.7500 3.19224804
4879.8000 3.18052027
4879.8500 3.1687925
4879.9000 3.17087212
4879.9500 3.18085461
4880.0000 3.19083709
4880.0500 3.20081958
4880.1000 3.21307704
4880.1500 3.22755408
4880.2000 3.24203111
4880.2500 3.25650815
4880.3000 3.2507784
4880.3500 3.21174528
4880.4000 3.17271216
4880.4500 3.13367904
4880.5000 3.10869485
4880.5500 3.12577349
4880.6000 3.14285213
4880.6500 3.15993077
4880.7000 3.17458104
4880.7500 3.17214049
4880.8000 3.16969995
4880.8500 3.16725941
4880.9000 3.16481886
4880.9500 3.16778313
4881.0000 3.17074885
4881.0500 3.17371458
4881.1000 3.1766803
4881.1500 3.19477255
4881.2000 3.21499928
4881.2500 3.23522601
4881.3000 3.25545274
4881.3500 3.25757919
4881.4000 3.25380782
4881.4500 3.25003644
4881.5000 3.24626507
4881.5500 3.23746243
4881.6000 3.22574808
4881.6500 3.21403374
4881.7000 3.20231939
4881.7500 3.20808483
4881.8000 3.23038444
4881.8500 3.25268405
4881.9000 3.27498366
4881.9500 3.27721688
4882.0000 3.24880099
4882.0500 3.22038511
4882.1000 3.19196922
4882.1500 3.17220138
4882.2000 3.17481299
4882.2500 3.1774246
4882.3000 3.18003621
4882.3500 3.18239098
4882.4000 3.18342754
4882.4500 3.1844641
4882.5000 3.18550066
4882.5500 3.18538111
4882.6000 3.16268205
4882.6500 3.13998299
4882.7000 3.11728394
4882.7500 3.09458488
4882.8000 3.11433731
4882.8500 3.13700993
4882.9000 3.15968254
4882.9500 3.18235515
4883.0000 3.18549184
4883.0500 3.18445185
4883.1000 3.18341186
4883.1500 3.18237187
4883.2000 3.16467869
4883.2500 3.14029464
4883.3000 3.11591058
4883.3500 3.09152653
4883.4000 3.10101091
4883.4500 3.13268266
4883.5000 3.16435442
4883.5500 3.19602618
4883.6000 3.20170421
4883.6500 3.18100064
4883.7000 3.16029708
4883.7500 3.13959351
4883.8000 3.12696316
4883.8500 3.12697616
4883.9000 3.12698917
4883.9500 3.12700218
4884.0000 3.12878135
4884.0500 3.13500461
4884.1000 3.14122786
4884.1500 3.14745112
4884.2000 3.15590446
4884.2500 3.17449039
4884.3000 3.19307632
4884.3500 3.21166225
4884.4000 3.22797038
4884.4500 3.21723305
4884.5000 3.20649572
4884.5500 3.1957584
4884.6000 3.18502107
4884.6500 3.1575719
4884.7000 3.12971647
4884.7500 3.10186104
4884.8000 3.07400561
4884.8500 3.08998532
4884.9000 3.11216127
4884.9500 3.13433723
4885.0000 3.15651318
4885.0500 3.14849365
4885.1000 3.13182485
4885.1500 3.11515605
4885.2000 3.09848725
4885.2500 3.09416462
4885.3000 3.09565672
4885.3500 3.09714882
4885.4000 3.09864092
4885.4500 3.10782491
4885.5000 3.12249695
4885.5500 3.13716899
4885.6000 3.15184103
4885.6500 3.1644953
4885.7000 3.17503842
4885.7500 3.18558154
4885.8000 3.19612466
4885.8500 3.19754046
4885.9000 3.18498091
4885.9500 3.17242136
4886.0000 3.1598618
4886.0500 3.15502602
4886.1000 3.16797738
4886.1500 3.18092874
4886.2000 3.19388009
4886.2500 3.2020706
4886.3000 3.19253892
4886.3500 3.18300725
4886.4000 3.17347557
4886.4500 3.16492392
4886.5000 3.16342223
4886.5500 3.16192055
4886.6000 3.16041887
4886.6500 3.15867547
4886.7000 3.14998871
4886.7500 3.14130196
4886.8000 3.13261521
4886.8500 3.12392845
4886.9000 3.11302394
4886.9500 3.10199418
4887.0000 3.09096441
4887.0500 3.07993465
4887.1000 3.07363107
4887.1500 3.06809211
4887.2000 3.06255315
4887.2500 3.05701418
4887.3000 3.08059759
4887.3500 3.11257507
4887.4000 3.14455255
4887.4500 3.17653003
4887.5000 3.1844106
4887.5500 3.18161982
4887.6000 3.17882904
4887.6500 3.17603826
4887.7000 3.17831959
4887.7500 3.18382751
4887.8000 3.18933543
4887.8500 3.19484334
4887.9000 3.17526125
4887.9500 3.13348515
4888.0000 3.09170904
4888.0500 3.04993294
4888.1000 3.04171056
4888.1500 3.07427361
4888.2000 3.10683666
4888.2500 3.13939971
4888.3000 3.15435704
4888.3500 3.13977096
4888.4000 3.12518488
4888.4500 3.1105988
4888.5000 3.10059508
4888.5500 3.10145035
4888.6000 3.10230563
4888.6500 3.1031609
4888.7000 3.10215702
4888.7500 3.09461584
4888.8000 3.08707467
4888.8500 3.07953349
4888.9000 3.07354545
4888.9500 3.07654152
4889.0000 3.0795376
4889.0500 3.08253368
4889.1000 3.08717794
4889.1500 3.11224449
4889.2000 3.13731104
4889.2500 3.16237759
4889.3000 3.18733406
4889.3500 3.17876651
4889.4000 3.17019897
4889.4500 3.16163143
4889.5000 3.15306389
4889.5500 3.13911676
4889.6000 3.12478443
4889.6500 3.1104521
4889.7000 3.09611977
4889.7500 3.07649412
4889.8000 3.05603808
4889.8500 3.03558204
4889.9000 3.01512601
4889.9500 3.02526149
4890.0000 3.04319218
4890.0500 3.06112288
4890.1000 3.07905357
4890.1500 3.09056577
4890.2000 3.09971332
4890.2500 3.10886088
4890.3000 3.11800844
4890.3500 3.13824715
4890.4000 3.16404975
4890.4500 3.18985234
4890.5000 3.21565494
4890.5500 3.2087227
4890.6000 3.1801853
4890.6500 3.15164789
4890.7000 3.12311049
4890.7500 3.10548886
4890.8000 3.09715849
4890.8500 3.08882812
4890.9000 3.08049776
4890.9500 3.07913952
4891.0000 3.08535559
4891.0500 3.09157166
4891.1000 3.09778774
4891.1500 3.09180619
4891.2000 3.06896114
4891.2500 3.04611609
4891.3000 3.02327105
4891.3500 3.01889771
4891.4000 3.04715551
4891.4500 3.07541331
4891.5000 3.10367111
4891.5500 3.12517949
4891.6000 3.13127297
4891.6500 3.13736645
4891.7000 3.14345993
4891.7500 3.14412594
4891.8000 3.12841282
4891.8500 3.1126997
4891.9000 3.09698658
4891.9500 3.08712598
4892.0000 3.10148989
4892.0500 3.1158538
4892.1000 3.13021771
4892.1500 3.14012422
4892.2000 3.12300855
4892.2500 3.10589289
4892.3000 3.08877722
4892.3500 3.07518023
4892.4000 3.09719183
4892.4500 3.11920343
4892.5000 3.14121503
4892.5500 3.16141797
4892.6000 3.13773525
4892.6500 3.11405254
4892.7000 3.09036982
4892.7500 3.0666871
4892.8000 3.07249932
4892.8500 3.07859275
4892.9000 3.08468617
4892.9500 3.0907796
4893.0000 3.10506629
4893.0500 3.11984958
4893.1000 3.13463288
4893.1500 3.14941617
4893.2000 3.15393934
4893.2500 3.15727759
4893.3000 3.16061584
4893.3500 3.1639541
4893.4000 3.16383106
4893.4500 3.16310396
4893.5000 3.16237686
4893.5500 3.16164975
4893.6000 3.15469735
4893.6500 3.14626257
4893.7000 3.13782778
4893.7500 3.129393
4893.8000 3.11946846
4893.8500 3.10908695
4893.9000 3.09870544
4893.9500 3.08832393
4894.0000 3.09539323
4894.0500 3.10910917
4894.1000 3.12282512
4894.1500 3.13654106
4894.2000 3.14093538
4894.2500 3.14103148
4894.3000 3.14112759
4894.3500 3.14122369
4894.4000 3.13524152
4894.4500 3.12592824
4894.5000 3.11661495
4894.5500 3.10730166
4894.6000 3.10601945
4894.6500 3.10989628
4894.7000 3.11377312
4894.7500 3.11764995
4894.8000 3.10593868
4894.8500 3.0826153
4894.9000 3.05929191
4894.9500 3.03596853
4895.0000 3.03958002
4895.0500 3.06626262
4895.1000 3.09294522
4895.1500 3.11962782
4895.2000 3.1244344
4895.2500 3.10784154
4895.3000 3.09124869
4895.3500 3.07465583
4895.4000 3.06564832
4895.4500 3.06506814
4895.5000 3.06448796
4895.5500 3.06390778
4895.6000 3.06291574
4895.6500 3.06140636
4895.7000 3.05989698
4895.7500 3.0583876
4895.8000 3.05797781
4895.8500 3.0591238
4895.9000 3.06026979
4895.9500 3.06141578
4896.0000 3.06092555
4896.0500 3.05783586
4896.1000 3.05474617
4896.1500 3.05165648
4896.2000 3.05830856
4896.2500 3.08229301
4896.3000 3.10627747
4896.3500 3.13026193
4896.4000 3.14053181
4896.4500 3.12353721
4896.5000 3.10654261
4896.5500 3.08954801
4896.6000 3.08220544
4896.6500 3.09626027
4896.7000 3.11031509
4896.7500 3.12436992
4896.8000 3.13312332
4896.8500 3.12879474
4896.9000 3.12446616
4896.9500 3.12013757
4897.0000 3.1117187
4897.0500 3.09208412
4897.1000 3.07244954
4897.1500 3.05281495
4897.2000 3.03857946
4897.2500 3.04076618
4897.3000 3.04295291
4897.3500 3.04513963
4897.4000 3.05058163
4897.4500 3.06698691
4897.5000 3.08339218
4897.5500 3.09979746
4897.6000 3.10810741
4897.6500 3.08629164
4897.7000 3.06447588
4897.7500 3.04266011
4897.8000 3.03007835
4897.8500 3.05537563
4897.9000 3.08067291
4897.9500 3.10597019
4898.0000 3.12103792
4898.0500 3.08998237
4898.1000 3.05892682
4898.1500 3.02787127
4898.2000 3.00549165
4898.2500 3.0259577
4898.3000 3.04642375
4898.3500 3.0668898
4898.4000 3.08966576
4898.4500 3.12488231
4898.5000 3.16009885
4898.5500 3.19531539
4898.6000 3.21776164
4898.6500 3.16559522
4898.7000 3.1134288
4898.7500 3.06126239
4898.8000 3.01690959
4898.8500 3.02176714
4898.9000 3.02662468
4898.9500 3.03148223
4899.0000 3.03636823
4899.0500 3.04144593
4899.1000 3.04652363
4899.1500 3.05160133
4899.2000 3.05715313
4899.2500 3.06609131
4899.3000 3.07502949
4899.3500 3.08396767
4899.4000 3.09343339
4899.4500 3.10685332
4899.5000 3.12027324
4899.5500 3.13369317
4899.6000 3.14363235
4899.6500 3.12650605
4899.7000 3.10937974
4899.7500 3.09225344
4899.8000 3.07645318
4899.8500 3.07121592
4899.9000 3.06597867
4899.9500 3.06074142
4900.0000 3.05815384
4900.0500 3.07690394
4900.1000 3.09565405
4900.1500 3.11440415
4900.2000 3.13115998
4900.2500 3.13189998
4900.3000 3.13263999
4900.3500 3.13338
4900.4000 3.12947504
4900.4500 3.08886929
4900.5000 3.04826354
4900.5500 3.00765778
4900.6000 2.97429621
4900.6500 2.99651843
4900.7000 3.01874066
4900.7500 3.04096289
4900.8000 3.06273854
4900.8500 3.08122698
4900.9000 3.09971541
4900.9500 3.11820384
4901.0000 3.1365023
4901.0500 3.15347397
4901.1000 3.17044563
4901.1500 3.18741729
4901.2000 3.19955471
4901.2500 3.1799708
4901.3000 3.16038689
4901.3500 3.14080298
4901.4000 3.12206256
4901.4500 3.10847858
4901.5000 3.09489459
4901.5500 3.0813106
4901.6000 3.06892529
4901.6500 3.06331814
4901.7000 3.05771099
4901.7500 3.05210384
4901.8000 3.04974151
4901.8500 3.0642506
4901.9000 3.07875969
4901.9500 3.09326878
4902.0000 3.10578433
4902.0500 3.10881558
4902.1000 3.11184683
4902.1500 3.11487808
4902.2000 3.1160607
4902.2500 3.10922826
4902.3000 3.10239582
4902.3500 3.09556337
4902.4000 3.08932494
4902.4500 3.08542588
4902.5000 3.08152682
4902.5500 3.07762776
4902.6000 3.071797
4902.6500 3.05907447
4902.7000 3.04635194
4902.7500 3.03362941
4902.8000 3.02063929
4902.8500 3.00678626
4902.9000 2.99293323
4902.9500 2.97908021
4903.0000 2.9742211
4903.0500 2.99552243
4903.1000 3.01682376
4903.1500 3.03812509
4903.2000 3.052337
4903.2500 3.04798222
4903.3000 3.04362744
4903.3500 3.03927266
4903.4000 3.03716678
4903.4500 3.04035461
4903.5000 3.04354244
4903.5500 3.04673027
4903.6000 3.05086579
4903.6500 3.05700273
4903.7000 3.06313967
4903.7500 3.06927661
4903.8000 3.07353071
4903.8500 3.07422423
4903.9000 3.07491774
4903.9500 3.07561126
4904.0000 3.06529027
4904.0500 3.03635801
4904.1000 3.00742575
4904.1500 2.97849349
4904.2000 2.97026518
4904.2500 2.99321745
4904.3000 3.01616972
4904.3500 3.03912198
4904.4000 3.05592454
4904.4500 3.06449641
4904.5000 3.07306828
4904.5500 3.08164016
4904.6000 3.0859117
4904.6500 3.08508615
4904.7000 3.0842606
4904.7500 3.08343505
4904.8000 3.07673342
4904.8500 3.0638895
4904.9000 3.05104559
4904.9500 3.03820168
4905.0000 3.02531826
4905.0500 3.0123986
4905.1000 2.99947895
4905.1500 2.98655929
4905.2000 2.99606871
4905.2500 3.02351566
4905.3000 3.05096261
4905.3500 3.07840956
4905.4000 3.072614
4905.4500 3.04381552
4905.5000 3.01501704
4905.5500 2.98621856
4905.6000 2.98291273
4905.6500 2.99472214
4905.7000 3.00653155
4905.7500 3.01834096
4905.8000 3.02639256
4905.8500 3.03255866
4905.9000 3.03872475
4905.9500 3.04489084
4906.0000 3.04012981
4906.0500 3.03080423
4906.1000 3.02147865
4906.1500 3.01215307
4906.2000 3.01328726
4906.2500 3.01797936
4906.3000 3.02267146
4906.3500 3.02736356
4906.4000 3.01886558
4906.4500 3.00682695
4906.5000 2.99478833
4906.5500 2.9827497
4906.6000 2.99709067
4906.6500 3.01676105
4906.7000 3.03643142
4906.7500 3.0561018
4906.8000 3.05273445
4906.8500 3.04613133
4906.9000 3.03952821
4906.9500 3.03292509
4907.0000 3.01606543
4907.0500 2.99835158
4907.1000 2.98063772
4907.1500 2.96292387
4907.2000 2.97202683
4907.2500 2.98193749
4907.3000 2.99184815
4907.3500 3.00132944
4907.4000 2.989518
4907.4500 2.97770656
4907.5000 2.96589513
4907.5500 2.95558174
4907.6000 2.96512944
4907.6500 2.97467714
4907.7000 2.98422484
4907.7500 2.99186738
4907.8000 2.98578249
4907.8500 2.9796976
4907.9000 2.97361271
4907.9500 2.97145734
4908.0000 2.98783043
4908.0500 3.00420352
4908.1000 3.0205766
4908.1500 3.03368732
4908.2000 3.0358415
4908.2500 3.03799568
4908.3000 3.04014986
4908.3500 3.03861377
4908.4000 3.02783203
4908.4500 3.01705029
4908.5000 3.00626855
4908.5500 3.00124283
4908.6000 3.00726821
4908.6500 3.01329359
4908.7000 3.01931896
4908.7500 3.02790076
4908.8000 3.04030053
4908.8500 3.0527003
4908.9000 3.06510008
4908.9500 3.05383083
4909.0000 3.01488597
4909.0500 2.97594111
4909.1000 2.93699624
4909.1500 2.92674586
4909.2000 2.94274064
4909.2500 2.95873542
4909.3000 2.9747302
4909.3500 2.97711415
4909.4000 2.96984132
4909.4500 2.96256849
4909.5000 2.95529565
4909.5500 2.95473807
4909.6000 2.95781204
4909.6500 2.96088602
4909.7000 2.96395999
4909.7500 2.97242002
4909.8000 2.98303288
4909.8500 2.99364574
4909.9000 3.00425861
4909.9500 3.00313261
4910.0000 2.99871928
4910.0500 2.99430596
4910.1000 2.98989264
4910.1500 2.97378453
4910.2000 2.95560275
4910.2500 2.93742098
4910.3000 2.9192392
4910.3500 2.93873901
4910.4000 2.96156334
4910.4500 2.98438767
4910.5000 3.007212
4910.5500 2.98505659
4910.6000 2.96243928
4910.6500 2.93982198
4910.7000 2.91880745
4910.7500 2.92199192
4910.8000 2.92517639
4910.8500 2.92836086
4910.9000 2.93450162
4910.9500 2.95945928
4911.0000 2.98441694
4911.0500 3.0093746
4911.1000 3.01732786
4911.1500 2.96162325
4911.2000 2.90591865
4911.2500 2.85021405
4911.3000 2.82206479
4911.3500 2.8622987
4911.4000 2.90253262
4911.4500 2.94276653
4911.5000 2.96701921
4911.5500 2.96346939
4911.6000 2.95991956
4911.6500 2.95636974
4911.7000 2.95904997
4911.7500 2.96952655
4911.8000 2.98000313
4911.8500 2.9904797
4911.9000 2.99649101
4911.9500 2.99845753
4912.0000 3.00042405
4912.0500 3.00239057
4912.1000 2.99547254
4912.1500 2.98279316
4912.2000 2.97011377
4912.2500 2.95743439
4912.3000 2.95802943
4912.3500 2.96459058
4912.4000 2.97115173
4912.4500 2.97771288
4912.5000 2.98153586
4912.5500 2.98456204
4912.6000 2.98758823
4912.6500 2.99061441
4912.7000 2.96151129
4912.7500 2.92720607
4912.8000 2.89290086
4912.8500 2.85859564
4912.9000 2.8627191
4912.9500 2.86894675
4913.0000 2.8751744
4913.0500 2.8821298
4913.1000 2.90807763
4913.1500 2.93402547
4913.2000 2.9599733
4913.2500 2.98138148
4913.3000 2.97161279
4913.3500 2.96184411
4913.4000 2.95207542
4913.4500 2.9483309
4913.5000 2.96610965
4913.5500 2.98388841
4913.6000 3.00166716
4913.6500 3.01734959
4913.7000 3.02840176
4913.7500 3.03945393
4913.8000 3.0505061
4913.8500 3.04883644
4913.9000 3.02855356
4913.9500 3.00827068
4914.0000 2.98798781
4914.0500 2.9741424
4914.1000 2.9666902
4914.1500 2.959238
4914.2000 2.95178581
4914.2500 2.95105519
4914.3000 2.95482733
4914.3500 2.95859947
4914.4000 2.96237161
4914.4500 2.9627247
4914.5000 2.96159385
4914.5500 2.96046301
4914.6000 2.95933216
4914.6500 2.95963298
4914.7000 2.96029795
4914.7500 2.96096291
4914.8000 2.96162788
4914.8500 2.93929085
4914.9000 2.91435535
4914.9500 2.88941985
4915.0000 2.86452575
4915.0500 2.87532441
4915.1000 2.88612307
4915.1500 2.89692173
4915.2000 2.90593801
4915.2500 2.89979476
4915.3000 2.89365151
4915.3500 2.88750826
4915.4000 2.88101614
4915.4500 2.87321669
4915.5000 2.86541724
4915.5500 2.85761779
4915.6000 2.85650904
4915.6500 2.86978507
4915.7000 2.8830611
4915.7500 2.89633713
4915.8000 2.89308204
4915.8500 2.86752314
4915.9000 2.84196424
4915.9500 2.81640534
4916.0000 2.81706144
4916.0500 2.84047698
4916.1000 2.86389252
4916.1500 2.88730806
4916.2000 2.88553119
4916.2500 2.8699656
4916.3000 2.85440002
4916.3500 2.83883443
4916.4000 2.80684224
4916.4500 2.7696244
4916.5000 2.73240657
4916.5500 2.69518873
4916.6000 2.72646845
4916.6500 2.76776401
4916.7000 2.80905957
4916.7500 2.85035513
4916.8000 2.83103611
4916.8500 2.81095596
4916.9000 2.79087582
4916.9500 2.77371665
4917.0000 2.78167982
4917.0500 2.78964299
4917.1000 2.79760617
4917.1500 2.80182686
4917.2000 2.79294055
4917.2500 2.78405424
4917.3000 2.77516793
4917.3500 2.77272257
4917.4000 2.7826992
4917.4500 2.79267583
4917.5000 2.80265245
4917.5500 2.80015317
4917.6000 2.7831375
4917.6500 2.76612182
4917.7000 2.74910615
4917.7500 2.75193051
4917.8000 2.76886777
4917.8500 2.78580504
4917.9000 2.8027423
4917.9500 2.78153461
4918.0000 2.74458508
4918.0500 2.70763556
4918.1000 2.67068604
4918.1500 2.68386346
4918.2000 2.70710471
4918.2500 2.73034596
4918.3000 2.75358721
4918.3500 2.77749784
4918.4000 2.80143699
4918.4500 2.82537614
4918.5000 2.84540412
4918.5500 2.82430955
4918.6000 2.80321498
4918.6500 2.7821204
4918.7000 2.76399183
4918.7500 2.7566306
4918.8000 2.74926937
4918.8500 2.74190814
4918.9000 2.74233478
4918.9500 2.75744998
4919.0000 2.77256517
4919.0500 2.78768036
4919.1000 2.79903579
4919.1500 2.80629211
4919.2000 2.81354843
4919.2500 2.82080475
4919.3000 2.79994844
4919.3500 2.76124869
4919.4000 2.72254893
4919.4500 2.68384917
4919.5000 2.70174477
4919.5500 2.73886465
4919.6000 2.77598453
4919.6500 2.81310441
4919.7000 2.79303878
4919.7500 2.76536413
4919.8000 2.73768948
4919.8500 2.71082662
4919.9000 2.72356288
4919.9500 2.73629915
4920.0000 2.74903541
4920.0500 2.76070522
4920.1000 2.76673472
4920.1500 2.77276422
4920.2000 2.77879372
4920.2500 2.78135642
4920.3000 2.77580435
4920.3500 2.77025229
4920.4000 2.76470022
4920.4500 2.76449666
4920.5000 2.77107086
4920.5500 2.77764506
4920.6000 2.78421926
4920.6500 2.78382188
4920.7000 2.77846253
4920.7500 2.77310317
4920.8000 2.76774382
4920.8500 2.74624222
4920.9000 2.71873191
4920.9500 2.69122159
4921.0000 2.66371127
4921.0500 2.68070156
4921.1000 2.70406768
4921.1500 2.7274338
4921.2000 2.75054864
4921.2500 2.76250817
4921.3000 2.77446771
4921.3500 2.78642724
4921.4000 2.79793374
4921.4500 2.80724063
4921.5000 2.81654751
4921.5500 2.82585439
4921.6000 2.82398756
4921.6500 2.79847927
4921.7000 2.77297097
4921.7500 2.74746267
4921.8000 2.73541038
4921.8500 2.73837967
4921.9000 2.74134896
4921.9500 2.74431825
4922.0000 2.74494268
4922.0500 2.74416313
4922.1000 2.74338357
4922.1500 2.74260401
4922.2000 2.73278227
4922.2500 2.7204083
4922.3000 2.70803432
4922.3500 2.69566034
4922.4000 2.68827816
4922.4500 2.6812392
4922.5000 2.67420023
4922.5500 2.66649335
4922.6000 2.65226246
4922.6500 2.63803157
4922.7000 2.62380069
4922.7500 2.61699622
4922.8000 2.63229568
4922.8500 2.64759515
4922.9000 2.66289461
4922.9500 2.65694082
4923.0000 2.62059316
4923.0500 2.5842455
4923.1000 2.54789785
4923.1500 2.53899104
4923.2000 2.55053777
4923.2500 2.56208449
4923.3000 2.57363121
4923.3500 2.56733157
4923.4000 2.55462369
4923.4500 2.54191581
4923.5000 2.52920794
4923.5500 2.53638588
4923.6000 2.54577203
4923.6500 2.55515819
4923.7000 2.56318034
4923.7500 2.55181407
4923.8000 2.5404478
4923.8500 2.52908153
4923.9000 2.52667536
4923.9500 2.55379498
4924.0000 2.5809146
4924.0500 2.60803421
4924.1000 2.61309666
4924.1500 2.58525435
4924.2000 2.55741204
4924.2500 2.52956973
4924.3000 2.53043067
4924.3500 2.55283613
4924.4000 2.5752416
4924.4500 2.59764707
4924.5000 2.60231341
4924.5500 2.60082993
4924.6000 2.59934644
4924.6500 2.59786296
4924.7000 2.59976961
4924.7500 2.60198992
4924.8000 2.60421023
4924.8500 2.605974
4924.9000 2.60309209
4924.9500 2.60021018
4925.0000 2.59732827
4925.0500 2.58945146
4925.1000 2.56772533
4925.1500 2.5459992
4925.2000 2.52427306
4925.2500 2.51077427
4925.3000 2.5076594
4925.3500 2.50454453
4925.4000 2.50142965
4925.4500 2.50104081
4925.5000 2.50231936
4925.5500 2.5035979
4925.6000 2.50487644
4925.6500 2.51166392
4925.7000 2.51982589
4925.7500 2.52798786
4925.8000 2.53614982
4925.8500 2.54253457
4925.9000 2.54888595
4925.9500 2.55523733
4926.0000 2.56114821
4926.0500 2.56481772
4926.1000 2.56848723
4926.1500 2.57215673
4926.2000 2.57179371
4926.2500 2.56388719
4926.3000 2.55598068
4926.3500 2.54807416
4926.4000 2.55184322
4926.4500 2.56580636
4926.5000 2.57976951
4926.5500 2.59373266
4926.6000 2.58731503
4926.6500 2.57300346
4926.7000 2.55869189
4926.7500 2.54438032
4926.8000 2.57072102
4926.8500 2.60112273
4926.9000 2.63152445
4926.9500 2.65997461
4927.0000 2.67065648
4927.0500 2.68133835
4927.1000 2.69202022
4927.1500 2.6969767
4927.2000 2.68792769
4927.2500 2.67887869
4927.3000 2.66982969
4927.3500 2.65309294
4927.4000 2.62812097
4927.4500 2.60314901
4927.5000 2.57817704
4927.5500 2.5773715
4927.6000 2.58810278
4927.6500 2.59883407
4927.7000 2.60956535
4927.7500 2.60434707
4927.8000 2.596795
4927.8500 2.58924293
4927.9000 2.58482536
4927.9500 2.62252666
4928.0000 2.66022797
4928.0500 2.69792928
4928.1000 2.72070906
4928.1500 2.70265048
4928.2000 2.68459191
4928.2500 2.66653334
4928.3000 2.66584154
4928.3500 2.68494162
4928.4000 2.70404169
4928.4500 2.72314177
4928.5000 2.74194991
4928.5500 2.76061334
4928.6000 2.77927676
4928.6500 2.79794019
4928.7000 2.79138434
4928.7500 2.78109942
4928.8000 2.7708145
4928.8500 2.76160038
4928.9000 2.7655487
4928.9500 2.76949702
4929.0000 2.77344534
4929.0500 2.77679122
4929.1000 2.77859344
4929.1500 2.78039566
4929.2000 2.78219788
4929.2500 2.78696423
4929.3000 2.79484521
4929.3500 2.80272619
4929.4000 2.81060717
4929.4500 2.81745737
4929.5000 2.82385727
4929.5500 2.83025716
4929.6000 2.83665706
4929.6500 2.84061561
4929.7000 2.84432007
4929.7500 2.84802453
4929.8000 2.85092413
4929.8500 2.84774571
4929.9000 2.8445673
4929.9500 2.84138888
4930.0000 2.83533374
4930.0500 2.82342667
4930.1000 2.81151959
4930.1500 2.79961252
4930.2000 2.78504219
4930.2500 2.76823621
4930.3000 2.75143023
4930.3500 2.73462425
4930.4000 2.73989561
4930.4500 2.75217155
4930.5000 2.76444749
4930.5500 2.77672342
4930.6000 2.7658896
4930.6500 2.75448944
4930.7000 2.74308928
4930.7500 2.72839011
4930.8000 2.70002417
4930.8500 2.67165823
4930.9000 2.64329229
4930.9500 2.63864807
4931.0000 2.66754537
4931.0500 2.69644267
4931.1000 2.72533997
4931.1500 2.71975916
4931.2000 2.69440295
4931.2500 2.66904673
4931.3000 2.64369051
4931.3500 2.66464326
4931.4000 2.69324893
4931.4500 2.72185461
4931.5000 2.7487568
4931.5500 2.75666263
4931.6000 2.76456846
4931.6500 2.77247429
4931.7000 2.76282009
4931.7500 2.7136848
4931.8000 2.66454951
4931.8500 2.61541422
4931.9000 2.59848317
4931.9500 2.60956067
4932.0000 2.62063817
4932.0500 2.63171567
4932.1000 2.62911197
4932.1500 2.62226504
4932.2000 2.61541812
4932.2500 2.60857119
4932.3000 2.59898675
4932.3500 2.5893834
4932.4000 2.57978004
4932.4500 2.57378532
4932.5000 2.58025947
4932.5500 2.58673363
4932.6000 2.59320778
4932.6500 2.59698563
4932.7000 2.59756239
4932.7500 2.59813915
4932.8000 2.59871591
4932.8500 2.62020905
4932.9000 2.65103826
4932.9500 2.68186748
4933.0000 2.71269669
4933.0500 2.70900145
4933.1000 2.70258857
4933.1500 2.69617569
4933.2000 2.68551937
4933.2500 2.65324822
4933.3000 2.62097707
4933.3500 2.58870592
4933.4000 2.58356614
4933.4500 2.61868157
4933.5000 2.653797
4933.5500 2.68891243
4933.6000 2.69274199
4933.6500 2.67916992
4933.7000 2.66559785
4933.7500 2.65202578
4933.8000 2.65534864
4933.8500 2.66088865
4933.9000 2.66642867
4933.9500 2.67033898
4934.0000 2.66303067
4934.0500 2.65572236
4934.1000 2.64841405
4934.1500 2.64191356
4934.2000 2.63678182
4934.2500 2.63165008
4934.3000 2.62651834
4934.3500 2.63036805
4934.4000 2.63979576
4934.4500 2.64922346
4934.5000 2.65865117
4934.5500 2.6559772
4934.6000 2.65139945
4934.6500 2.64682171
4934.7000 2.64131112
4934.7500 2.6284565
4934.8000 2.61560188
4934.8500 2.60274727
4934.9000 2.61431232
4934.9500 2.6687689
4935.0000 2.72322547
4935.0500 2.77768205
4935.1000 2.76887136
4935.1500 2.72034026
4935.2000 2.67180915
4935.2500 2.62327804
4935.3000 2.62681878
4935.3500 2.63832679
4935.4000 2.64983481
4935.4500 2.66101404
4935.5000 2.66982107
4935.5500 2.6786281
4935.6000 2.68743513
4935.6500 2.67914562
4935.7000 2.6426766
4935.7500 2.60620757
4935.8000 2.56973854
4935.8500 2.57211818
4935.9000 2.59683431
4935.9500 2.62155044
4936.0000 2.64626658
4936.0500 2.63861739
4936.1000 2.62711922
4936.1500 2.61562105
4936.2000 2.60742372
4936.2500 2.61736676
4936.3000 2.62730979
4936.3500 2.63725282
4936.4000 2.62567755
4936.4500 2.58384823
4936.5000 2.5420189
4936.5500 2.50018958
4936.6000 2.51317621
4936.6500 2.55210464
4936.7000 2.59103307
4936.7500 2.6299615
4936.8000 2.64142696
4936.8500 2.65124355
4936.9000 2.66106014
4936.9500 2.66760483
4937.0000 2.66179665
4937.0500 2.65598847
4937.1000 2.65018029
4937.1500 2.61789935
4937.2000 2.55658156
4937.2500 2.49526377
4937.3000 2.43394598
4937.3500 2.45453637
4937.4000 2.50303595
4937.4500 2.55153553
4937.5000 2.59927851
4937.5500 2.60126895
4937.6000 2.6032594
4937.6500 2.60524985
4937.7000 2.60495127
4937.7500 2.59899738
4937.8000 2.59304348
4937.8500 2.58708959
4937.9000 2.57255897
4937.9500 2.55132925
4938.0000 2.53009952
4938.0500 2.50886979
4938.1000 2.51938517
4938.1500 2.53611729
4938.2000 2.55284941
4938.2500 2.56576187
4938.3000 2.54853409
4938.3500 2.53130632
4938.4000 2.51407854
4938.4500 2.50923953
4938.5000 2.52376376
4938.5500 2.53828799
4938.6000 2.55281222
4938.6500 2.57553928
4938.7000 2.60231883
4938.7500 2.62909838
4938.8000 2.65587792
4938.8500 2.62184614
4938.9000 2.58461002
4938.9500 2.54737391
4939.0000 2.53255723
4939.0500 2.59194792
4939.1000 2.65133862
4939.1500 2.71072931
4939.2000 2.72164623
4939.2500 2.68701496
4939.3000 2.65238369
4939.3500 2.61775242
4939.4000 2.60342635
4939.4500 2.59415893
4939.5000 2.58489152
4939.5500 2.57823107
4939.6000 2.59892283
4939.6500 2.61961459
4939.7000 2.64030635
4939.7500 2.64051645
4939.8000 2.60658186
4939.8500 2.57264727
4939.9000 2.53871268
4939.9500 2.53075302
4940.0000 2.53591799
4940.0500 2.54108297
4940.1000 2.54624794
4940.1500 2.5504676
4940.2000 2.55464289
4940.2500 2.55881819
4940.3000 2.56507504
4940.3500 2.57766089
4940.4000 2.59024674
4940.4500 2.6028326
4940.5000 2.59360935
4940.5500 2.56590295
4940.6000 2.53819656
4940.6500 2.51049017
4940.7000 2.48928963
4940.7500 2.46936052
4940.8000 2.44943141
4940.8500 2.43998301
4940.9000 2.49872004
4940.9500 2.55745707
4941.0000 2.61619409
4941.0500 2.63823403
4941.1000 2.61190764
4941.1500 2.58558124
4941.2000 2.55925484
4941.2500 2.56049024
4941.3000 2.57186528
4941.3500 2.58324031
4941.4000 2.59404929
4941.4500 2.5878275
4941.5000 2.58160571
4941.5500 2.57538392
4941.6000 2.56164038
4941.6500 2.5329488
4941.7000 2.50425722
4941.7500 2.47556564
4941.8000 2.47288828
4941.8500 2.48492023
4941.9000 2.49695217
4941.9500 2.50898412
4942.0000 2.49922082
4942.0500 2.48817245
4942.1000 2.47712408
4942.1500 2.47057186
4942.2000 2.47741415
4942.2500 2.48425643
4942.3000 2.49109871
4942.3500 2.49495589
4942.4000 2.49646548
4942.4500 2.49797507
4942.5000 2.49948466
4942.5500 2.49860389
4942.6000 2.49736502
4942.6500 2.49612615
4942.7000 2.49319572
4942.7500 2.48261706
4942.8000 2.47203839
4942.8500 2.46145973
4942.9000 2.46221539
4942.9500 2.47458114
4943.0000 2.48694689
4943.0500 2.49931264
4943.1000 2.4885088
4943.1500 2.47221141
4943.2000 2.45591403
4943.2500 2.43970361
4943.3000 2.42410665
4943.3500 2.40850969
4943.4000 2.39291273
4943.4500 2.38624126
4943.5000 2.3908622
4943.5500 2.39548314
4943.6000 2.40010408
4943.6500 2.45033967
4943.7000 2.51496111
4943.7500 2.57958254
4943.8000 2.63505049
4943.8500 2.58594565
4943.9000 2.53684081
4943.9500 2.48773597
4944.0000 2.46202316
4944.0500 2.47107674
4944.1000 2.48013033
4944.1500 2.48918391
4944.2000 2.51527256
4944.2500 2.54780939
4944.3000 2.58034622
4944.3500 2.60950176
4944.4000 2.5745379
4944.4500 2.53957404
4944.5000 2.50461018
4944.5500 2.48155985
4944.6000 2.47825992
4944.6500 2.47496
4944.7000 2.47166007
4944.7500 2.48027708
4944.8000 2.49390741
4944.8500 2.50753773
4944.9000 2.52110834
4944.9500 2.53292912
4945.0000 2.54474991
4945.0500 2.55657069
4945.1000 2.55379756
4945.1500 2.52548013
4945.2000 2.49716269
4945.2500 2.46884525
4945.3000 2.48910963
4945.3500 2.53062728
4945.4000 2.57214493
4945.4500 2.61064354
4945.5000 2.54883646
4945.5500 2.48702939
4945.6000 2.42522231
4945.6500 2.39698493
4945.7000 2.42733791
4945.7500 2.45769089
4945.8000 2.48804387
4945.8500 2.51457554
4945.9000 2.53947552
4945.9500 2.56437551
4946.0000 2.58876038
4946.0500 2.6003746
4946.1000 2.61198882
4946.1500 2.62360303
4946.2000 2.61657097
4946.2500 2.57888948
4946.3000 2.54120799
4946.3500 2.5035265
4946.4000 2.50997083
4946.4500 2.5336417
4946.5000 2.55731256
4946.5500 2.57653752
4946.6000 2.52811646
4946.6500 2.47969541
4946.7000 2.43127436
4946.7500 2.41188044
4946.8000 2.43502443
4946.8500 2.45816842
4946.9000 2.48131241
4946.9500 2.46671905
4947.0000 2.43961526
4947.0500 2.41251146
4947.1000 2.38666636
4947.1500 2.37241537
4947.2000 2.35816438
4947.2500 2.34391339
4947.3000 2.35774002
4947.3500 2.40639763
4947.4000 2.45505525
4947.4500 2.50371286
4947.5000 2.49391561
4947.5500 2.46915624
4947.6000 2.44439688
4947.6500 2.42293887
4947.7000 2.42055082
4947.7500 2.41816277
4947.8000 2.41577473
4947.8500 2.40589793
4947.9000 2.38854515
4947.9500 2.37119236
4948.0000 2.35383958
4948.0500 2.3495922
4948.1000 2.34757148
4948.1500 2.34555076
4948.2000 2.34219142
4948.2500 2.3338146
4948.3000 2.32543779
4948.3500 2.31706098
4948.4000 2.32456521
4948.4500 2.34415155
4948.5000 2.36373788
4948.5500 2.38332422
4948.6000 2.3706634
4948.6500 2.35545346
4948.7000 2.34024353
4948.7500 2.33345138
4948.8000 2.34756689
4948.8500 2.36168241
4948.9000 2.37579793
4948.9500 2.36189613
4949.0000 2.33283127
4949.0500 2.30376641
4949.1000 2.27544165
4949.1500 2.30737695
4949.2000 2.33931224
4949.2500 2.37124753
4949.3000 2.37747675
4949.3500 2.34121075
4949.4000 2.30494476
4949.4500 2.26867876
4949.5000 2.2748377
4949.5500 2.29565661
4949.6000 2.31647552
4949.6500 2.34128343
4949.7000 2.39805251
4949.7500 2.45482158
4949.8000 2.51159065
4949.8500 2.51883323
4949.9000 2.47247007
4949.9500 2.4261069
4950.0000 2.37974373
4950.0500 2.3588298
4950.1000 2.34237237
4950.1500 2.32591493
4950.2000 2.30633867
4950.2500 2.27591031
4950.3000 2.24548196
4950.3500 2.21505361
4950.4000 2.20640613
4950.4500 2.2124624
4950.5000 2.21851866
4950.5500 2.22457493
4950.6000 2.23390856
4950.6500 2.24333579
4950.7000 2.25276302
4950.7500 2.26845919
4950.8000 2.29584998
4950.8500 2.32324076
4950.9000 2.35063155
4950.9500 2.34417509
4951.0000 2.32502284
4951.0500 2.30587059
4951.1000 2.28906689
4951.1500 2.29187052
4951.2000 2.29467415
4951.2500 2.29747779
4951.3000 2.32464019
4951.3500 2.37733807
4951.4000 2.43003595
4951.4500 2.48273383
4951.5000 2.43902052
4951.5500 2.38102171
4951.6000 2.3230229
4951.6500 2.28029962
4951.7000 2.28216012
4951.7500 2.28402062
4951.8000 2.28588111
4951.8500 2.29985206
4951.9000 2.32060758
4951.9500 2.34136311
4952.0000 2.36022995
4952.0500 2.31395577
4952.1000 2.26768159
4952.1500 2.22140741
4952.2000 2.20131352
4952.2500 2.21783345
4952.3000 2.23435339
4952.3500 2.25087332
4952.4000 2.22188779
4952.4500 2.18203126
4952.5000 2.14217472
4952.5500 2.12444036
4952.6000 2.19579336
4952.6500 2.26714637
4952.7000 2.33849938
4952.7500 2.35464003
4952.8000 2.33275712
4952.8500 2.3108742
4952.9000 2.28899129
4952.9500 2.29166
4953.0000 2.29465362
4953.0500 2.29764724
4953.1000 2.29479164
4953.1500 2.28252129
4953.2000 2.27025094
4953.2500 2.25798059
4953.3000 2.24275595
4953.3500 2.22670278
4953.4000 2.21064961
4953.4500 2.21214889
4953.5000 2.29347315
4953.5500 2.3747974
4953.6000 2.45612166
4953.6500 2.44771653
4953.7000 2.3746106
4953.7500 2.30150468
4953.8000 2.22839875
4953.8500 2.27711173
4953.9000 2.32789036
4953.9500 2.37866898
4954.0000 2.39290176
4954.0500 2.34927714
4954.1000 2.30565252
4954.1500 2.2620279
4954.2000 2.24167785
4954.2500 2.2274243
4954.3000 2.21317074
4954.3500 2.20051846
4954.4000 2.19430152
4954.4500 2.18808458
4954.5000 2.18186764
4954.5500 2.18272188
4954.6000 2.18814334
4954.6500 2.1935648
4954.7000 2.19980999
4954.7500 2.25254491
4954.8000 2.30527983
4954.8500 2.35801475
4954.9000 2.39487655
4954.9500 2.41059024
4955.0000 2.42630392
4955.0500 2.4420176
4955.1000 2.4309328
4955.1500 2.41480474
4955.2000 2.39867668
4955.2500 2.37283779
4955.3000 2.31877459
4955.3500 2.2647114
4955.4000 2.2106482
4955.4500 2.18452746
4955.5000 2.17205346
4955.5500 2.15957946
4955.6000 2.14878597
4955.6500 2.15513825
4955.7000 2.16149053
4955.7500 2.16784281
4955.8000 2.15834257
4955.8500 2.13349971
4955.9000 2.10865685
4955.9500 2.08381399
4956.0000 2.07491082
4956.0500 2.06723332
4956.1000 2.05955582
4956.1500 2.08858094
4956.2000 2.18560807
4956.2500 2.2826352
4956.3000 2.37966232
4956.3500 2.3708186
4956.4000 2.33105969
4956.4500 2.29130078
4956.5000 2.23918429
4956.5500 2.13731402
4956.6000 2.03544374
4956.6500 1.93357347
4956.7000 1.95405394
4956.7500 2.04780564
4956.8000 2.14155733
4956.8500 2.22706768
4956.9000 2.16662648
4956.9500 2.10618527
4957.0000 2.04574407
4957.0500 2.06342828
4957.1000 2.16474765
4957.1500 2.26606703
4957.2000 2.3673864
4957.2500 2.37470595
4957.3000 2.37318188
4957.3500 2.37165781
4957.4000 2.35258356
4957.4500 2.30041944
4957.5000 2.24825532
4957.5500 2.1960912
4957.6000 2.27171261
4957.6500 2.38324073
4957.7000 2.49476885
4957.7500 2.57815393
4957.8000 2.55953652
4957.8500 2.5409191
4957.9000 2.52230168
4957.9500 2.52432209
4958.0000 2.53729182
4958.0500 2.55026156
4958.1000 2.5494658
4958.1500 2.4128119
4958.2000 2.276158
4958.2500 2.1395041
4958.3000 2.04343496
4958.3500 1.98304497
4958.4000 1.92265497
4958.4500 1.86226498
4958.5000 1.93881127
4958.5500 2.01903523
4958.6000 2.09925918
4958.6500 2.13550302
4958.7000 2.11027229
4958.7500 2.08504155
4958.8000 2.05981082
4958.8500 2.25197413
4958.9000 2.47900439
4958.9500 2.70603464
4959.0000 2.80568307
4959.0500 2.61918483
4959.1000 2.43268659
4959.1500 2.24618835
4959.2000 2.18494095
4959.2500 2.16415895
4959.3000 2.14337695
4959.3500 2.12070197
4959.4000 2.0906913
4959.4500 2.06068062
4959.5000 2.03066995
4959.5500 2.07359865
4959.6000 2.15478473
4959.6500 2.2359708
4959.7000 2.3050124
4959.7500 2.27406625
4959.8000 2.2431201
4959.8500 2.21217395
4959.9000 2.1881474
4959.9500 2.1695096
4960.0000 2.1508718
4960.0500 2.13323712
4960.1000 2.17159877
4960.1500 2.20996043
4960.2000 2.24832208
4960.2500 2.25207117
4960.3000 2.21749322
4960.3500 2.18291528
4960.4000 2.14833733
4960.4500 2.16171162
4960.5000 2.17852916
4960.5500 2.19534671
4960.6000 2.18930797
4960.6500 2.14796724
4960.7000 2.1066265
4960.7500 2.06528577
4960.8000 2.09907813
4960.8500 2.14566092
4960.9000 2.1922437
4960.9500 2.21125839
4961.0000 2.17103574
4961.0500 2.13081308
4961.1000 2.09059042
4961.1500 2.03607701
4961.2000 1.97758377
4961.2500 1.91909052
4961.3000 1.87999929
4961.3500 1.89964791
4961.4000 1.91929653
4961.4500 1.93894515
4961.5000 1.97915821
4961.5500 2.02753036
4961.6000 2.07590252
4961.6500 2.11241997
4961.7000 2.09675691
4961.7500 2.08109385
4961.8000 2.06543079
4961.8500 2.08157639
4961.9000 2.11441354
4961.9500 2.1472507
4962.0000 2.17425109
4962.0500 2.1615231
4962.1000 2.1487951
4962.1500 2.13606711
4962.2000 2.11799969
4962.2500 2.09640048
4962.3000 2.07480128
4962.3500 2.0510614
4962.4000 2.00173466
4962.4500 1.95240792
4962.5000 1.90308118
4962.5500 1.88806806
4962.6000 1.90067248
4962.6500 1.9132769
4962.7000 1.92506196
4962.7500 1.91241932
4962.8000 1.89977667
4962.8500 1.88713402
4962.9000 1.88144917
4962.9500 1.88238582
4963.0000 1.88332247
4963.0500 1.88425911
4963.1000 1.95537382
4963.1500 2.02692281
4963.2000 2.0984718
4963.2500 2.12004606
4963.3000 2.08679426
4963.3500 2.05354247
4963.4000 2.02029067
4963.4500 1.99596506
4963.5000 1.97199785
4963.5500 1.94803064
4963.6000 1.94215857
4963.6500 1.95862923
4963.7000 1.97509989
4963.7500 1.99157054
4963.8000 2.07143085
4963.8500 2.15569052
4963.9000 2.23995019
4963.9500 2.25350945
4964.0000 2.17112673
4964.0500 2.08874401
4964.1000 2.00636129
4964.1500 2.01774646
4964.2000 2.03784598
4964.2500 2.05794549
4964.3000 2.02220251
4964.3500 1.90516815
4964.4000 1.7881338
4964.4500 1.67109944
4964.5000 0
4964.5500 0
4964.6000 0
