6693.0500 0.119303
6693.1000 0.12143325
6693.1500 0.12356351
6693.2000 0.12569376
6693.2500 0.12782402
6693.3000 0.12732396
6693.3500 0.11972081
6693.4000 0.11211765
6693.4500 0.1045145
6693.5000 0.09691135
6693.5500 0.08930819
6693.6000 0.08170504
6693.6500 0.07647963
6693.7000 0.07135527
6693.7500 0.06623091
6693.8000 0.06110655
6693.8500 0.05598219
6693.9000 0.05085783
6693.9500 0.05143337
6694.0000 0.05508672
6694.0500 0.05874008
6694.1000 0.06239343
6694.1500 0.06604679
6694.2000 0.06970014
6694.2500 0.07423419
6694.3000 0.08047313
6694.3500 0.08671207
6694.4000 0.09295102
6694.4500 0.09918996
6694.5000 0.1054289
6694.5500 0.1112567
6694.6000 0.1050386
6694.6500 0.09882051
6694.7000 0.09260241
6694.7500 0.08638432
6694.8000 0.08016622
6694.8500 0.07394813
6694.9000 0.07313067
6694.9500 0.0743461
6695.0000 0.07556152
6695.0500 0.07677694
6695.1000 0.07799236
6695.1500 0.07920779
6695.2000 0.08254381
6695.2500 0.08879415
6695.3000 0.09504448
6695.3500 0.10129481
6695.4000 0.10754515
6695.4500 0.11379548
6695.5000 0.11940165
6695.5500 0.12014488
6695.6000 0.12088812
6695.6500 0.12163136
6695.7000 0.12237459
6695.7500 0.12311783
6695.8000 0.12386107
6695.8500 0.12332061
6695.9000 0.12248663
6695.9500 0.12165265
6696.0000 0.12081867
6696.0500 0.11998469
6696.1000 0.11915071
6696.1500 0.11986748
6696.2000 0.12206251
6696.2500 0.12425754
6696.3000 0.12645258
6696.3500 0.12864761
6696.4000 0.13084265
6696.4500 0.13268677
6696.5000 0.13322001
6696.5500 0.13375326
6696.6000 0.13428651
6696.6500 0.13481975
6696.7000 0.135353
6696.7500 0.13588625
6696.8000 0.13636387
6696.8500 0.13683609
6696.9000 0.13730832
6696.9500 0.13778054
6697.0000 0.13825276
6697.0500 0.13872499
6697.1000 0.13888566
6697.1500 0.13884966
6697.2000 0.13881365
6697.2500 0.13877765
6697.3000 0.13874164
6697.3500 0.13870564
6697.4000 0.1394727
6697.4500 0.14198096
6697.5000 0.14448922
6697.5500 0.14699748
6697.6000 0.14950574
6697.6500 0.152014
6697.7000 0.15428762
6697.7500 0.14471095
6697.8000 0.13513428
6697.8500 0.12555761
6697.9000 0.11598094
6697.9500 0.10640426
6698.0000 0.09682759
6698.0500 0.09212997
6698.1000 0.08928914
6698.1500 0.08644831
6698.2000 0.08360748
6698.2500 0.08076665
6698.3000 0.07792582
6698.3500 0.07605122
6698.4000 0.07545526
6698.4500 0.07485931
6698.5000 0.07426336
6698.5500 0.07366741
6698.6000 0.07307146
6698.6500 0.07301183
6698.7000 0.0763125
6698.7500 0.07961316
6698.8000 0.08291383
6698.8500 0.0862145
6698.9000 0.08951516
6698.9500 0.09281583
6699.0000 0.08678249
6699.0500 0.07905021
6699.1000 0.07131793
6699.1500 0.06358565
6699.2000 0.05585338
6699.2500 0.0481211
6699.3000 0.04899595
6699.3500 0.05675695
6699.4000 0.06451795
6699.4500 0.07227896
6699.5000 0.08003996
6699.5500 0.08780096
6699.6000 0.09491281
6699.6500 0.10023541
6699.7000 0.10555801
6699.7500 0.11088061
6699.8000 0.11620321
6699.8500 0.12152581
6699.9000 0.12684841
6699.9500 0.12500544
6700.0000 0.1230017
6700.0500 0.12099797
6700.1000 0.11899423
6700.1500 0.1169905
6700.2000 0.11498676
6700.2500 0.11603323
6700.3000 0.11844335
6700.3500 0.12085348
6700.4000 0.12326361
6700.4500 0.12567374
6700.5000 0.12808386
6700.5500 0.13023801
6700.6000 0.13201638
6700.6500 0.13379476
6700.7000 0.13557313
6700.7500 0.13735151
6700.8000 0.13912988
6700.8500 0.14016496
6700.9000 0.13577542
6700.9500 0.13138589
6701.0000 0.12699636
6701.0500 0.12260683
6701.1000 0.1182173
6701.1500 0.11382777
6701.2000 0.11401777
6701.2500 0.11509972
6701.3000 0.11618167
6701.3500 0.11726361
6701.4000 0.11834556
6701.4500 0.11942751
6701.5000 0.11741453
6701.5500 0.1129162
6701.6000 0.10841786
6701.6500 0.10391953
6701.7000 0.0994212
6701.7500 0.09492286
6701.8000 0.0942435
6701.8500 0.10371281
6701.9000 0.11318211
6701.9500 0.12265142
6702.0000 0.13212072
6702.0500 0.14159003
6702.1000 0.15105933
6702.1500 0.14925608
6702.2000 0.1473777
6702.2500 0.14549933
6702.3000 0.14362095
6702.3500 0.14174258
6702.4000 0.1398642
6702.4500 0.13463768
6702.5000 0.12807336
6702.5500 0.12150904
6702.6000 0.11494473
6702.6500 0.10838041
6702.7000 0.10181609
6702.7500 0.09596671
6702.8000 0.09103912
6702.8500 0.08611153
6702.9000 0.08118393
6702.9500 0.07625634
6703.0000 0.07132875
6703.0500 0.06746909
6703.1000 0.06920458
6703.1500 0.07094008
6703.2000 0.07267557
6703.2500 0.07441106
6703.3000 0.07614656
6703.3500 0.07788205
6703.4000 0.07960592
6703.4500 0.08132827
6703.5000 0.08305062
6703.5500 0.08477297
6703.6000 0.08649532
6703.6500 0.08821767
6703.7000 0.08995682
6703.7500 0.09170667
6703.8000 0.09345652
6703.8500 0.09520637
6703.9000 0.09695622
6703.9500 0.09870607
6704.0000 0.10103698
6704.0500 0.10450744
6704.1000 0.1079779
6704.1500 0.11144836
6704.2000 0.11491881
6704.2500 0.11838927
6704.3000 0.12158548
6704.3500 0.12089245
6704.4000 0.12019942
6704.4500 0.11950639
6704.5000 0.11881336
6704.5500 0.11812033
6704.6000 0.1174273
6704.6500 0.11907037
6704.7000 0.12131507
6704.7500 0.12355977
6704.8000 0.12580446
6704.8500 0.12804916
6704.9000 0.13029386
6704.9500 0.13221397
6705.0000 0.13384127
6705.0500 0.13546856
6705.1000 0.13709586
6705.1500 0.13872315
6705.2000 0.14035044
6705.2500 0.14144671
6705.3000 0.14101109
6705.3500 0.14057546
6705.4000 0.14013984
6705.4500 0.13970422
6705.5000 0.1392686
6705.5500 0.13883297
6705.6000 0.13538569
6705.6500 0.13190889
6705.7000 0.12843208
6705.7500 0.12495528
6705.8000 0.12147847
6705.8500 0.11800167
6705.9000 0.12085254
6705.9500 0.12611141
6706.0000 0.13137028
6706.0500 0.13662914
6706.1000 0.14188801
6706.1500 0.14714687
6706.2000 0.1509915
6706.2500 0.15317318
6706.3000 0.15535487
6706.3500 0.15753656
6706.4000 0.15971824
6706.4500 0.16189993
6706.5000 0.16196673
6706.5500 0.15335912
6706.6000 0.14475151
6706.6500 0.13614389
6706.7000 0.12753628
6706.7500 0.11892867
6706.8000 0.11032106
6706.8500 0.10900417
6706.9000 0.10820557
6706.9500 0.10740697
6707.0000 0.10660836
6707.0500 0.10580976
6707.1000 0.10501116
6707.1500 0.10554388
6707.2000 0.10672515
6707.2500 0.10790641
6707.3000 0.10908768
6707.3500 0.11026894
6707.4000 0.11145021
6707.4500 0.11086478
6707.5000 0.10776234
6707.5500 0.10465989
6707.6000 0.10155745
6707.6500 0.098455
6707.7000 0.09535255
6707.7500 0.09333723
6707.8000 0.09731234
6707.8500 0.10128745
6707.9000 0.10526256
6707.9500 0.10923767
6708.0000 0.11321279
6708.0500 0.1171879
6708.1000 0.11382049
6708.1500 0.1096006
6708.2000 0.10538071
6708.2500 0.10116082
6708.3000 0.09694093
6708.3500 0.09272104
6708.4000 0.09268656
6708.4500 0.09501106
6708.5000 0.09733556
6708.5500 0.09966007
6708.6000 0.10198457
6708.6500 0.10430907
6708.7000 0.10625763
6708.7500 0.10760389
6708.8000 0.10895016
6708.8500 0.11029642
6708.9000 0.11164269
6708.9500 0.11298895
6709.0000 0.11486766
6709.0500 0.1203014
6709.1000 0.12573514
6709.1500 0.13116888
6709.2000 0.13660262
6709.2500 0.14203636
6709.3000 0.1474701
6709.3500 0.14570009
6709.4000 0.14292365
6709.4500 0.14014721
6709.5000 0.13737077
6709.5500 0.13459434
6709.6000 0.1318179
6709.6500 0.13261355
6709.7000 0.1355454
6709.7500 0.13847725
6709.8000 0.1414091
6709.8500 0.14434095
6709.9000 0.1472728
6709.9500 0.14877681
6710.0000 0.14790444
6710.0500 0.14703206
6710.1000 0.14615969
6710.1500 0.14528732
6710.2000 0.14441495
6710.2500 0.14325781
6710.3000 0.14012696
6710.3500 0.13699612
6710.4000 0.13386527
6710.4500 0.13073443
6710.5000 0.12760358
6710.5500 0.12447274
6710.6000 0.12386156
6710.6500 0.12360033
6710.7000 0.12333911
6710.7500 0.12307788
6710.8000 0.12281665
6710.8500 0.12255543
6710.9000 0.12216765
6710.9500 0.12170595
6711.0000 0.12124424
6711.0500 0.12078253
6711.1000 0.12032082
6711.1500 0.11985911
6711.2000 0.11937767
6711.2500 0.11886476
6711.3000 0.11835186
6711.3500 0.11783896
6711.4000 0.11732605
6711.4500 0.11681315
6711.5000 0.11582173
6711.5500 0.11191919
6711.6000 0.10801665
6711.6500 0.10411412
6711.7000 0.10021158
6711.7500 0.09630904
6711.8000 0.0924065
6711.8500 0.0950855
6711.9000 0.0985124
6711.9500 0.10193929
6712.0000 0.10536619
6712.0500 0.10879308
6712.1000 0.11221998
6712.1500 0.11169747
6712.2000 0.10910358
6712.2500 0.10650969
6712.3000 0.10391581
6712.3500 0.10132192
6712.4000 0.09872803
6712.4500 0.09641893
6712.5000 0.09451098
6712.5500 0.09260304
6712.6000 0.0906951
6712.6500 0.08878716
6712.7000 0.08687921
6712.7500 0.08584849
6712.8000 0.08893612
6712.8500 0.09202375
6712.9000 0.09511138
6712.9500 0.098199
6713.0000 0.10128663
6713.0500 0.10437426
6713.1000 0.09755052
6713.1500 0.0900631
6713.2000 0.08257567
6713.2500 0.07508825
6713.3000 0.06760083
6713.3500 0.0601134
6713.4000 0.06175346
6713.4500 0.06730347
6713.5000 0.07285348
6713.5500 0.07840349
6713.6000 0.08395349
6713.6500 0.0895035
6713.7000 0.09203749
6713.7500 0.09108988
6713.8000 0.09014227
6713.8500 0.08919467
6713.9000 0.08824706
6713.9500 0.08729945
6714.0000 0.08738831
6714.0500 0.09095755
6714.1000 0.09452678
6714.1500 0.09809602
6714.2000 0.10166525
6714.2500 0.10523449
6714.3000 0.10880373
6714.3500 0.11248001
6714.4000 0.11615673
6714.4500 0.11983345
6714.5000 0.12351017
6714.5500 0.12718689
6714.6000 0.13086361
6714.6500 0.12844369
6714.7000 0.12413757
6714.7500 0.11983145
6714.8000 0.11552533
6714.8500 0.11121921
6714.9000 0.10691309
6714.9500 0.10874107
6715.0000 0.11595053
6715.0500 0.12316
6715.1000 0.13036946
6715.1500 0.13757892
6715.2000 0.14478839
6715.2500 0.14822231
6715.3000 0.14296565
6715.3500 0.13770898
6715.4000 0.13245231
6715.4500 0.12719564
6715.5000 0.12193898
6715.5500 0.11699308
6715.6000 0.11592052
6715.6500 0.11484796
6715.7000 0.11377541
6715.7500 0.11270285
6715.8000 0.11163029
6715.8500 0.11055773
6715.9000 0.10939349
6715.9500 0.10821269
6716.0000 0.10703188
6716.0500 0.10585107
6716.1000 0.10467026
6716.1500 0.10348945
6716.2000 0.10597515
6716.2500 0.11070063
6716.3000 0.11542611
6716.3500 0.12015159
6716.4000 0.12487707
6716.4500 0.12960254
6716.5000 0.1317426
6716.5500 0.12993721
6716.6000 0.12813183
6716.6500 0.12632645
6716.7000 0.12452107
6716.7500 0.12271568
6716.8000 0.12083471
6716.8500 0.11859037
6716.9000 0.11634603
6716.9500 0.11410168
6717.0000 0.11185734
6717.0500 0.109613
6717.1000 0.10736866
6717.1500 0.11232328
6717.2000 0.11765861
6717.2500 0.12299394
6717.3000 0.12832927
6717.3500 0.1336646
6717.4000 0.13899993
6717.4500 0.13691399
6717.5000 0.13206325
6717.5500 0.1272125
6717.6000 0.12236175
6717.6500 0.11751101
6717.7000 0.11266026
6717.7500 0.10592637
6717.8000 0.09737306
6717.8500 0.08881975
6717.9000 0.08026643
6717.9500 0.07171312
6718.0000 0.06315981
6718.0500 0.058176
6718.1000 0.06193666
6718.1500 0.06569732
6718.2000 0.06945798
6718.2500 0.07321864
6718.3000 0.0769793
6718.3500 0.08022378
6718.4000 0.07685348
6718.4500 0.07348317
6718.5000 0.07011287
6718.5500 0.06674256
6718.6000 0.06337226
6718.6500 0.06000195
6718.7000 0.06160011
6718.7500 0.06403316
6718.8000 0.06646622
6718.8500 0.06889927
6718.9000 0.07133232
6718.9500 0.07376538
6719.0000 0.07597078
6719.0500 0.07804875
6719.1000 0.08012671
6719.1500 0.08220468
6719.2000 0.08428265
6719.2500 0.08636062
6719.3000 0.0877285
6719.3500 0.08814492
6719.4000 0.08856134
6719.4500 0.08897775
6719.5000 0.08939417
6719.5500 0.08981059
6719.6000 0.08951559
6719.6500 0.08662069
6719.7000 0.08372578
6719.7500 0.08083088
6719.8000 0.07793598
6719.8500 0.07504108
6719.9000 0.07216864
6719.9500 0.07556641
6720.0000 0.07896417
6720.0500 0.08236194
6720.1000 0.08575971
6720.1500 0.08915747
6720.2000 0.09255524
6720.2500 0.09149406
6720.3000 0.08927279
6720.3500 0.08705153
6720.4000 0.08483026
6720.4500 0.08260899
6720.5000 0.08038773
6720.5500 0.0802207
6720.6000 0.08151235
6720.6500 0.082804
6720.7000 0.08409565
6720.7500 0.0853873
6720.8000 0.08667895
6720.8500 0.08791349
6720.9000 0.08905372
6720.9500 0.09019395
6721.0000 0.09133419
6721.0500 0.09247442
6721.1000 0.09361466
6721.1500 0.09417358
6721.2000 0.09191359
6721.2500 0.0896536
6721.3000 0.0873936
6721.3500 0.08513361
6721.4000 0.08287362
6721.4500 0.08061363
6721.5000 0.08634561
6721.5500 0.09235939
6721.6000 0.09837317
6721.6500 0.10438695
6721.7000 0.11040073
6721.7500 0.11641451
6721.8000 0.11616557
6721.8500 0.11396241
6721.9000 0.11175926
6721.9500 0.1095561
6722.0000 0.10735295
6722.0500 0.10514979
6722.1000 0.10225114
6722.1500 0.09880529
6722.2000 0.09535943
6722.2500 0.09191357
6722.3000 0.08846771
6722.3500 0.08502185
6722.4000 0.08124382
6722.4500 0.07687118
6722.5000 0.07249854
6722.5500 0.0681259
6722.6000 0.06375325
6722.6500 0.05938061
6722.7000 0.05535563
6722.7500 0.05317766
6722.8000 0.05099969
6722.8500 0.04882172
6722.9000 0.04664376
6722.9500 0.04446579
6723.0000 0.04228782
6723.0500 0.04985747
6723.1000 0.05783673
6723.1500 0.06581598
6723.2000 0.07379523
6723.2500 0.08177448
6723.3000 0.08975373
6723.3500 0.09399254
6723.4000 0.09706436
6723.4500 0.10013617
6723.5000 0.10320799
6723.5500 0.10627981
6723.6000 0.10935162
6723.6500 0.11025453
6723.7000 0.10949427
6723.7500 0.10873401
6723.8000 0.10797375
6723.8500 0.10721349
6723.9000 0.10645323
6723.9500 0.10619593
6724.0000 0.10679123
6724.0500 0.10738653
6724.1000 0.10798182
6724.1500 0.10857712
6724.2000 0.10917242
6724.2500 0.10870255
6724.3000 0.10329217
6724.3500 0.09788178
6724.4000 0.0924714
6724.4500 0.08706102
6724.5000 0.08165064
6724.5500 0.07624026
6724.6000 0.08209097
6724.6500 0.08811381
6724.7000 0.09413664
6724.7500 0.10015947
6724.8000 0.10618231
6724.8500 0.11220514
6724.9000 0.11322134
6724.9500 0.11293701
6725.0000 0.11265267
6725.0500 0.11236834
6725.1000 0.11208401
6725.1500 0.11179967
6725.2000 0.11281274
6725.2500 0.11467669
6725.3000 0.11654063
6725.3500 0.11840458
6725.4000 0.12026852
6725.4500 0.12213247
6725.5000 0.12234085
6725.5500 0.12021857
6725.6000 0.11809628
6725.6500 0.115974
6725.7000 0.11385171
6725.7500 0.11172943
6725.8000 0.11009598
6725.8500 0.11011778
6725.9000 0.11013958
6725.9500 0.11016138
6726.0000 0.11018318
6726.0500 0.11020498
6726.1000 0.10992143
6726.1500 0.10266144
6726.2000 0.09540145
6726.2500 0.08814147
6726.3000 0.08088148
6726.3500 0.07362149
6726.4000 0.0663615
6726.4500 0.06535247
6726.5000 0.06538518
6726.5500 0.0654179
6726.6000 0.06545061
6726.6500 0.06548333
6726.7000 0.06551604
6726.7500 0.06729795
6726.8000 0.06992727
6726.8500 0.07255659
6726.9000 0.0751859
6726.9500 0.07781522
6727.0000 0.08044454
6727.0500 0.08312665
6727.1000 0.08586341
6727.1500 0.08860017
6727.2000 0.09133692
6727.2500 0.09407368
6727.3000 0.09681044
6727.3500 0.09987183
6727.4000 0.10365417
6727.4500 0.10743652
6727.5000 0.11121886
6727.5500 0.11500121
6727.6000 0.11878355
6727.6500 0.12204969
6727.7000 0.12188596
6727.7500 0.12172223
6727.8000 0.1215585
6727.8500 0.12139477
6727.9000 0.12123104
6727.9500 0.12106731
6728.0000 0.1164195
6728.0500 0.11154774
6728.1000 0.10667598
6728.1500 0.10180422
6728.2000 0.09693246
6728.2500 0.0920607
6728.3000 0.08844347
6728.3500 0.08518975
6728.4000 0.08193602
6728.4500 0.0786823
6728.5000 0.07542858
6728.5500 0.07217486
6728.6000 0.06945458
6728.6500 0.06709061
6728.7000 0.06472665
6728.7500 0.06236269
6728.8000 0.05999873
6728.8500 0.05763477
6728.9000 0.0549621
6728.9500 0.05187178
6729.0000 0.04878146
6729.0500 0.04569114
6729.1000 0.04260082
6729.1500 0.0395105
6729.2000 0.0387345
6729.2500 0.04483658
6729.3000 0.05093866
6729.3500 0.05704073
6729.4000 0.06314281
6729.4500 0.06924489
6729.5000 0.07462086
6729.5500 0.0716259
6729.6000 0.06863094
6729.6500 0.06563598
6729.7000 0.06264103
6729.7500 0.05964607
6729.8000 0.05665111
6729.8500 0.05653765
6729.9000 0.05671208
6729.9500 0.05688651
6730.0000 0.05706095
6730.0500 0.05723538
6730.1000 0.05740982
6730.1500 0.06148116
6730.2000 0.06692311
6730.2500 0.07236506
6730.3000 0.07780701
6730.3500 0.08324896
6730.4000 0.08869091
6730.4500 0.08856152
6730.5000 0.08425883
6730.5500 0.07995613
6730.6000 0.07565344
6730.6500 0.07135074
6730.7000 0.06704805
6730.7500 0.06285451
6730.8000 0.05882135
6730.8500 0.0547882
6730.9000 0.05075505
6730.9500 0.04672189
6731.0000 0.04268874
6731.0500 0.04116798
6731.1000 0.0476257
6731.1500 0.05408342
6731.2000 0.06054113
6731.2500 0.06699885
6731.3000 0.07345657
6731.3500 0.07985617
6731.4000 0.08554223
6731.4500 0.09122829
6731.5000 0.09691435
6731.5500 0.10260041
6731.6000 0.10828647
6731.6500 0.11397253
6731.7000 0.11295924
6731.7500 0.11130299
6731.8000 0.10964674
6731.8500 0.10799049
6731.9000 0.10633424
6731.9500 0.10467799
6732.0000 0.10094114
6732.0500 0.09651391
6732.1000 0.09208668
6732.1500 0.08765945
6732.2000 0.08323222
6732.2500 0.07880499
6732.3000 0.07487121
6732.3500 0.07127953
6732.4000 0.06768785
6732.4500 0.06409616
6732.5000 0.06050448
6732.5500 0.0569128
6732.6000 0.05542622
6732.6500 0.05671186
6732.7000 0.05799751
6732.7500 0.05928316
6732.8000 0.06056881
6732.8500 0.06185446
6732.9000 0.06544778
6732.9500 0.07515726
6733.0000 0.08486675
6733.0500 0.09457623
6733.1000 0.10428572
6733.1500 0.11399521
6733.2000 0.12307622
6733.2500 0.12744101
6733.3000 0.13180579
6733.3500 0.13617057
6733.4000 0.14053535
6733.4500 0.14490014
6733.5000 0.14926492
6733.5500 0.14384108
6733.6000 0.13803626
6733.6500 0.13223144
6733.7000 0.12642662
6733.7500 0.1206218
6733.8000 0.11481698
6733.8500 0.11239963
6733.9000 0.11078309
6733.9500 0.10916655
6734.0000 0.10755001
6734.0500 0.10593347
6734.1000 0.10431693
6734.1500 0.10876767
6734.2000 0.11639485
6734.2500 0.12402202
6734.3000 0.1316492
6734.3500 0.13927638
6734.4000 0.14690355
6734.4500 0.1489889
6734.5000 0.14564761
6734.5500 0.14230633
6734.6000 0.13896505
6734.6500 0.13562377
6734.7000 0.13228249
6734.7500 0.12849283
6734.8000 0.12389013
6734.8500 0.11928742
6734.9000 0.11468471
6734.9500 0.110082
6735.0000 0.1054793
6735.0500 0.10156391
6735.1000 0.10028222
6735.1500 0.09900052
6735.2000 0.09771882
6735.2500 0.09643712
6735.3000 0.09515542
6735.3500 0.09384341
6735.4000 0.09205476
6735.4500 0.09026612
6735.5000 0.08847747
6735.5500 0.08668882
6735.6000 0.08490018
6735.6500 0.08311153
6735.7000 0.07554694
6735.7500 0.06743846
6735.8000 0.05932997
6735.8500 0.05122149
6735.9000 0.04311301
6735.9500 0.03500453
6736.0000 0.03247021
6736.0500 0.0316065
6736.1000 0.03074278
6736.1500 0.02987907
6736.2000 0.02901535
6736.2500 0.02815164
6736.3000 0.03084375
6736.3500 0.0356585
6736.4000 0.04047325
6736.4500 0.04528799
6736.5000 0.05010274
6736.5500 0.05491749
6736.6000 0.06047965
6736.6500 0.06683765
6736.7000 0.07319565
6736.7500 0.07955365
6736.8000 0.08591165
6736.8500 0.09226966
6736.9000 0.09525702
6736.9500 0.09180921
6737.0000 0.0883614
6737.0500 0.08491358
6737.1000 0.08146577
6737.1500 0.07801796
6737.2000 0.07425439
6737.2500 0.06926253
6737.3000 0.06427068
6737.3500 0.05927882
6737.4000 0.05428697
6737.4500 0.04929511
6737.5000 0.04467925
6737.5500 0.04533428
6737.6000 0.04598932
6737.6500 0.04664435
6737.7000 0.04729939
6737.7500 0.04795442
6737.8000 0.04860945
6737.8500 0.05743128
6737.9000 0.06686783
6737.9500 0.07630438
6738.0000 0.08574093
6738.0500 0.09517748
6738.1000 0.10461403
6738.1500 0.10537774
6738.2000 0.10390151
6738.2500 0.10242527
6738.3000 0.10094903
6738.3500 0.0994728
6738.4000 0.09799656
6738.4500 0.10103406
6738.5000 0.10638839
6738.5500 0.11174272
6738.6000 0.11709705
6738.6500 0.12245138
6738.7000 0.12780571
6738.7500 0.12742449
6738.8000 0.12192058
6738.8500 0.11641667
6738.9000 0.11091277
6738.9500 0.10540886
6739.0000 0.09990495
6739.0500 0.09449124
6739.1000 0.08921455
6739.1500 0.08393786
6739.2000 0.07866117
6739.2500 0.07338448
6739.3000 0.0681078
6739.3500 0.06442129
6739.4000 0.06509953
6739.4500 0.06577777
6739.5000 0.06645601
6739.5500 0.06713425
6739.6000 0.06781249
6739.6500 0.06855468
6739.7000 0.06969482
6739.7500 0.07083496
6739.8000 0.0719751
6739.8500 0.07311525
6739.9000 0.07425539
6739.9500 0.07542362
6740.0000 0.07907236
6740.0500 0.0827211
6740.1000 0.08636984
6740.1500 0.09001858
6740.2000 0.09366731
6740.2500 0.09731605
6740.3000 0.09776748
6740.3500 0.09780459
6740.4000 0.09784171
6740.4500 0.09787883
6740.5000 0.09791595
6740.5500 0.09795307
6740.6000 0.10203654
6740.6500 0.1073928
6740.7000 0.11274907
6740.7500 0.11810533
6740.8000 0.1234616
6740.8500 0.12881786
6740.9000 0.13055543
6740.9500 0.13023519
6741.0000 0.12991495
6741.0500 0.12959471
6741.1000 0.12927447
6741.1500 0.12895424
6741.2000 0.12660008
6741.2500 0.12233509
6741.3000 0.1180701
6741.3500 0.11380511
6741.4000 0.10954012
6741.4500 0.10527513
6741.5000 0.10375099
6741.5500 0.10642379
6741.6000 0.10909659
6741.6500 0.11176939
6741.7000 0.11444219
6741.7500 0.11711499
6741.8000 0.11680193
6741.8500 0.10865118
6741.9000 0.10050043
6741.9500 0.09234968
6742.0000 0.08419893
6742.0500 0.07604818
6742.1000 0.0692187
6742.1500 0.06942932
6742.2000 0.06963994
6742.2500 0.06985056
6742.3000 0.07006118
6742.3500 0.0702718
6742.4000 0.07077694
6742.4500 0.07808031
6742.5000 0.08538367
6742.5500 0.09268704
6742.6000 0.0999904
6742.6500 0.10729377
6742.7000 0.11459713
6742.7500 0.11480688
6742.8000 0.11445288
6742.8500 0.11409888
6742.9000 0.11374488
6742.9500 0.11339088
6743.0000 0.11303687
6743.0500 0.11397977
6743.1000 0.11522179
6743.1500 0.1164638
6743.2000 0.11770582
6743.2500 0.11894783
6743.3000 0.12018985
6743.3500 0.11710465
6743.4000 0.11216619
6743.4500 0.10722774
6743.5000 0.10228928
6743.5500 0.09735082
6743.6000 0.09241237
6743.6500 0.09098779
6743.7000 0.0920146
6743.7500 0.0930414
6743.8000 0.09406821
6743.8500 0.09509502
6743.9000 0.09612182
6743.9500 0.09587595
6744.0000 0.09424762
6744.0500 0.09261929
6744.1000 0.09099096
6744.1500 0.08936263
6744.2000 0.08773431
6744.2500 0.08347607
6744.3000 0.07475819
6744.3500 0.06604031
6744.4000 0.05732243
6744.4500 0.04860455
6744.5000 0.03988667
6744.5500 0.03227186
6744.6000 0.02773324
6744.6500 0.02319462
6744.7000 0.01865599
6744.7500 0.01411737
6744.8000 0.00957874
6744.8500 0.00677127
6744.9000 0.01316931
6744.9500 0.01956734
6745.0000 0.02596537
6745.0500 0.03236341
6745.1000 0.03876144
6745.1500 0.04532541
6745.2000 0.0547963
6745.2500 0.0642672
6745.3000 0.0737381
6745.3500 0.083209
6745.4000 0.0926799
6745.4500 0.1021508
6745.5000 0.10115387
6745.5500 0.0996184
6745.6000 0.09808294
6745.6500 0.09654748
6745.7000 0.09501202
6745.7500 0.09347655
6745.8000 0.09838297
6745.8500 0.10443057
6745.9000 0.11047817
6745.9500 0.11652577
6746.0000 0.12257337
6746.0500 0.12862097
6746.1000 0.12799606
6746.1500 0.1251388
6746.2000 0.12228154
6746.2500 0.11942429
6746.3000 0.11656703
6746.3500 0.11370977
6746.4000 0.10928519
6746.4500 0.10401844
6746.5000 0.0987517
6746.5500 0.09348496
6746.6000 0.08821821
6746.6500 0.08295147
6746.7000 0.0805274
6746.7500 0.08040092
6746.8000 0.08027443
6746.8500 0.08014795
6746.9000 0.08002146
6746.9500 0.07989497
6747.0000 0.07883745
6747.0500 0.07667337
6747.1000 0.0745093
6747.1500 0.07234523
6747.2000 0.07018115
6747.2500 0.06801708
6747.3000 0.06558848
6747.3500 0.06269409
6747.4000 0.0597997
6747.4500 0.05690531
6747.5000 0.05401092
6747.5500 0.05111653
6747.6000 0.04810232
6747.6500 0.04476231
6747.7000 0.04142229
6747.7500 0.03808227
6747.8000 0.03474226
6747.8500 0.03140224
6747.9000 0.02956324
6747.9500 0.03470836
6748.0000 0.03985347
6748.0500 0.04499858
6748.1000 0.0501437
6748.1500 0.05528881
6748.2000 0.06031416
6748.2500 0.06407159
6748.3000 0.06782902
6748.3500 0.07158644
6748.4000 0.07534387
6748.4500 0.0791013
6748.5000 0.08285872
6748.5500 0.08670643
6748.6000 0.0905544
6748.6500 0.09440238
6748.7000 0.09825035
6748.7500 0.10209832
6748.8000 0.10594629
6748.8500 0.1051235
6748.9000 0.10383453
6748.9500 0.10254556
6749.0000 0.10125659
6749.0500 0.09996763
6749.1000 0.09867866
6749.1500 0.09406731
6749.2000 0.0887404
6749.2500 0.0834135
6749.3000 0.07808659
6749.3500 0.07275968
6749.4000 0.06743278
6749.4500 0.0629177
6749.5000 0.05869124
6749.5500 0.05446479
6749.6000 0.05023834
6749.6500 0.04601189
6749.7000 0.04178544
6749.7500 0.04556987
6749.8000 0.05359204
6749.8500 0.06161422
6749.9000 0.06963639
6749.9500 0.07765857
6750.0000 0.08568074
6750.0500 0.09059802
6750.1000 0.09318935
6750.1500 0.09578067
6750.2000 0.09837199
6750.2500 0.10096331
6750.3000 0.10355464
6750.3500 0.10482855
6750.4000 0.10473561
6750.4500 0.10464267
6750.5000 0.10454974
6750.5500 0.1044568
6750.6000 0.10436386
6750.6500 0.10388974
6750.7000 0.10286991
6750.7500 0.10185009
6750.8000 0.10083027
6750.8500 0.09981045
6750.9000 0.09879062
6750.9500 0.09800872
6751.0000 0.09770314
6751.0500 0.09739755
6751.1000 0.09709197
6751.1500 0.09678639
6751.2000 0.0964808
6751.2500 0.09718619
6751.3000 0.1008243
6751.3500 0.1044624
6751.4000 0.10810051
6751.4500 0.11173861
6751.5000 0.11537672
6751.5500 0.11750323
6751.6000 0.11278935
6751.6500 0.10807548
6751.7000 0.1033616
6751.7500 0.09864773
6751.8000 0.09393386
6751.8500 0.09014332
6751.9000 0.09405759
6751.9500 0.09797187
6752.0000 0.10188614
6752.0500 0.10580042
6752.1000 0.10971469
6752.1500 0.11341921
6752.2000 0.11124227
6752.2500 0.10906533
6752.3000 0.10688838
6752.3500 0.10471144
6752.4000 0.1025345
6752.4500 0.10035756
6752.5000 0.09771272
6752.5500 0.09505004
6752.6000 0.09238735
6752.6500 0.08972467
6752.7000 0.08706199
6752.7500 0.0843993
6752.8000 0.08419278
6752.8500 0.08427912
6752.9000 0.08436546
6752.9500 0.0844518
6753.0000 0.08453814
6753.0500 0.08462448
6753.1000 0.08585925
6753.1500 0.08733749
6753.2000 0.08881573
6753.2500 0.09029397
6753.3000 0.09177221
6753.3500 0.09325045
6753.4000 0.09793248
6753.4500 0.10363683
6753.5000 0.10934119
6753.5500 0.11504554
6753.6000 0.1207499
6753.6500 0.12645425
6753.7000 0.12890312
6753.7500 0.12990649
6753.8000 0.13090986
6753.8500 0.13191322
6753.9000 0.13291659
6753.9500 0.13391996
6754.0000 0.13253569
6754.0500 0.12973908
6754.1000 0.12694247
6754.1500 0.12414586
6754.2000 0.12134925
6754.2500 0.11855264
6754.3000 0.11616676
6754.3500 0.11409641
6754.4000 0.11202606
6754.4500 0.10995571
6754.5000 0.10788536
6754.5500 0.105815
6754.6000 0.10392644
6754.6500 0.10221664
6754.7000 0.10050684
6754.7500 0.09879705
6754.8000 0.09708725
6754.8500 0.09537746
6754.9000 0.09309616
6754.9500 0.0900998
6755.0000 0.08710344
6755.0500 0.08410709
6755.1000 0.08111073
6755.1500 0.07811437
6755.2000 0.07719265
6755.2500 0.07957583
6755.3000 0.08195901
6755.3500 0.08434219
6755.4000 0.08672537
6755.4500 0.08910855
6755.5000 0.09110585
6755.5500 0.09231435
6755.6000 0.09352286
6755.6500 0.09473136
6755.7000 0.09593987
6755.7500 0.09714838
6755.8000 0.09739426
6755.8500 0.09507367
6755.9000 0.09275309
6755.9500 0.09043251
6756.0000 0.08811193
6756.0500 0.08579134
6756.1000 0.08563576
6756.1500 0.09322606
6756.2000 0.10081637
6756.2500 0.10840668
6756.3000 0.11599699
6756.3500 0.12358729
6756.4000 0.13063712
6756.4500 0.1349624
6756.5000 0.13928768
6756.5500 0.14361296
6756.6000 0.14793825
6756.6500 0.15226353
6756.7000 0.15544173
6756.7500 0.14970864
6756.8000 0.14397555
6756.8500 0.13824246
6756.9000 0.13250937
6756.9500 0.12677628
6757.0000 0.1217463
6757.0500 0.1270052
6757.1000 0.13226409
6757.1500 0.13752299
6757.2000 0.14278189
6757.2500 0.14804078
6757.3000 0.15311163
6757.3500 0.14608528
6757.4000 0.13905893
6757.4500 0.13203259
6757.5000 0.12500624
6757.5500 0.11797989
6757.6000 0.11095354
6757.6500 0.11613068
6757.7000 0.12171035
6757.7500 0.12729003
6757.8000 0.1328697
6757.8500 0.13844938
6757.9000 0.14402905
6757.9500 0.13588853
6758.0000 0.12659133
6758.0500 0.11729413
6758.1000 0.10799694
6758.1500 0.09869974
6758.2000 0.08940254
6758.2500 0.08907648
6758.3000 0.08999866
6758.3500 0.09092085
6758.4000 0.09184303
6758.4500 0.09276522
6758.5000 0.0936874
6758.5500 0.09087223
6758.6000 0.0873179
6758.6500 0.08376358
6758.7000 0.08020925
6758.7500 0.07665493
6758.8000 0.0731006
6758.8500 0.07201168
6758.9000 0.07156499
6758.9500 0.0711183
6759.0000 0.0706716
6759.0500 0.07022491
6759.1000 0.06977822
6759.1500 0.07243448
6759.2000 0.07610738
6759.2500 0.07978028
6759.3000 0.08345319
6759.3500 0.08712609
6759.4000 0.09079899
6759.4500 0.08824672
6759.5000 0.0832073
6759.5500 0.07816789
6759.6000 0.07312848
6759.6500 0.06808906
6759.7000 0.06304965
6759.7500 0.06657509
6759.8000 0.07418192
6759.8500 0.08178875
6759.9000 0.08939558
6759.9500 0.09700241
6760.0000 0.10460924
6760.0500 0.10421144
6760.1000 0.09933899
6760.1500 0.09446654
6760.2000 0.08959409
6760.2500 0.08472165
6760.3000 0.0798492
6760.3500 0.08112011
6760.4000 0.08636792
6760.4500 0.09161574
6760.5000 0.09686355
6760.5500 0.10211137
6760.6000 0.10735918
6760.6500 0.10944163
6760.7000 0.10917556
6760.7500 0.10890948
6760.8000 0.10864341
6760.8500 0.10837734
6760.9000 0.10811127
6760.9500 0.10788435
6761.0000 0.10769045
6761.0500 0.10749655
6761.1000 0.10730265
6761.1500 0.10710875
6761.2000 0.10691485
6761.2500 0.10805792
6761.3000 0.11047302
6761.3500 0.11288811
6761.4000 0.1153032
6761.4500 0.11771829
6761.5000 0.12013338
6761.5500 0.12036916
6761.6000 0.11827962
6761.6500 0.11619008
6761.7000 0.11410054
6761.7500 0.112011
6761.8000 0.10992147
6761.8500 0.10970618
6761.9000 0.11172162
6761.9500 0.11373706
6762.0000 0.1157525
6762.0500 0.11776794
6762.1000 0.11978338
6762.1500 0.11914543
6762.2000 0.11500173
6762.2500 0.11085802
6762.3000 0.10671432
6762.3500 0.10257061
6762.4000 0.09842691
6762.4500 0.09582254
6762.5000 0.09546588
6762.5500 0.09510923
6762.6000 0.09475257
6762.6500 0.09439592
6762.7000 0.09403926
6762.7500 0.09306339
6762.8000 0.09109245
6762.8500 0.08912151
6762.9000 0.08715058
6762.9500 0.08517964
6763.0000 0.0832087
6763.0500 0.084998
6763.1000 0.09341043
6763.1500 0.10182286
6763.2000 0.11023529
6763.2500 0.11864772
6763.3000 0.12706015
6763.3500 0.13135754
6763.4000 0.12774275
6763.4500 0.12412797
6763.5000 0.12051319
6763.5500 0.11689841
6763.6000 0.11328363
6763.6500 0.10946425
6763.7000 0.10521719
6763.7500 0.10097014
6763.8000 0.09672308
6763.8500 0.09247602
6763.9000 0.08822897
6763.9500 0.08704464
6764.0000 0.09279032
6764.0500 0.098536
6764.1000 0.10428168
6764.1500 0.11002736
6764.2000 0.11577304
6764.2500 0.11886421
6764.3000 0.11548306
6764.3500 0.1121019
6764.4000 0.10872075
6764.4500 0.1053396
6764.5000 0.10195844
6764.5500 0.09862128
6764.6000 0.09539913
6764.6500 0.09217699
6764.7000 0.08895484
6764.7500 0.08573269
6764.8000 0.08251055
6764.8500 0.08062973
6764.9000 0.08249019
6764.9500 0.08435064
6765.0000 0.0862111
6765.0500 0.08807155
6765.1000 0.08993201
6765.1500 0.09022202
6765.2000 0.08586582
6765.2500 0.08150961
6765.3000 0.07715341
6765.3500 0.0727972
6765.4000 0.068441
6765.4500 0.06532048
6765.5000 0.06605389
6765.5500 0.0667873
6765.6000 0.06752072
6765.6500 0.06825413
6765.7000 0.06898754
6765.7500 0.0695233
6765.8000 0.06941358
6765.8500 0.06930385
6765.9000 0.06919413
6765.9500 0.0690844
6766.0000 0.06897468
6766.0500 0.07037818
6766.1000 0.07692009
6766.1500 0.08346201
6766.2000 0.09000393
6766.2500 0.09654585
6766.3000 0.10308777
6766.3500 0.10839633
6766.4000 0.10938365
6766.4500 0.11037096
6766.5000 0.11135828
6766.5500 0.1123456
6766.6000 0.11333292
6766.6500 0.11436181
6766.7000 0.11553978
6766.7500 0.11671775
6766.8000 0.11789572
6766.8500 0.11907369
6766.9000 0.12025167
6766.9500 0.12004147
6767.0000 0.11477843
6767.0500 0.10951538
6767.1000 0.10425234
6767.1500 0.09898929
6767.2000 0.09372625
6767.2500 0.09052248
6767.3000 0.09486179
6767.3500 0.09920109
6767.4000 0.10354039
6767.4500 0.10787969
6767.5000 0.112219
6767.5500 0.11509565
6767.6000 0.11262742
6767.6500 0.11015919
6767.7000 0.10769096
6767.7500 0.10522273
6767.8000 0.1027545
6767.8500 0.10018656
6767.9000 0.0972583
6767.9500 0.09433003
6768.0000 0.09140176
6768.0500 0.0884735
6768.1000 0.08554523
6768.1500 0.08371938
6768.2000 0.08580059
6768.2500 0.0878818
6768.3000 0.08996302
6768.3500 0.09204423
6768.4000 0.09412544
6768.4500 0.09539457
6768.5000 0.0938645
6768.5500 0.09233444
6768.6000 0.09080437
6768.6500 0.0892743
6768.7000 0.08774423
6768.7500 0.08720833
6768.8000 0.08997915
6768.8500 0.09274996
6768.9000 0.09552077
6768.9500 0.09829159
6769.0000 0.1010624
6769.0500 0.10159317
6769.1000 0.09498783
6769.1500 0.08838248
6769.2000 0.08177713
6769.2500 0.07517179
6769.3000 0.06856644
6769.3500 0.06410171
6769.4000 0.06612308
6769.4500 0.06814446
6769.5000 0.07016583
6769.5500 0.0721872
6769.6000 0.07420858
6769.6500 0.07686869
6769.7000 0.08135772
6769.7500 0.08584675
6769.8000 0.09033578
6769.8500 0.09482482
6769.9000 0.09931385
6769.9500 0.10226395
6770.0000 0.10107477
6770.0500 0.09988559
6770.1000 0.0986964
6770.1500 0.09750722
6770.2000 0.09631804
6770.2500 0.09477109
6770.3000 0.09232519
6770.3500 0.0898793
6770.4000 0.0874334
6770.4500 0.0849875
6770.5000 0.08254161
6770.5500 0.08183135
6770.6000 0.08517428
6770.6500 0.08851721
6770.7000 0.09186014
6770.7500 0.09520307
6770.8000 0.098546
6770.8500 0.10056169
6770.9000 0.09971044
6770.9500 0.09885919
6771.0000 0.09800794
6771.0500 0.09715669
6771.1000 0.09630545
6771.1500 0.09640703
6771.2000 0.09840386
6771.2500 0.10040069
6771.3000 0.10239752
6771.3500 0.10439434
6771.4000 0.10639117
6771.4500 0.10949673
6771.5000 0.11462429
6771.5500 0.11975184
6771.6000 0.1248794
6771.6500 0.13000696
6771.7000 0.13513451
6771.7500 0.13729724
6771.8000 0.13452324
6771.8500 0.13174924
6771.9000 0.12897524
6771.9500 0.12620124
6772.0000 0.12342724
6772.0500 0.12004952
6772.1000 0.11575781
6772.1500 0.1114661
6772.2000 0.1071744
6772.2500 0.10288269
6772.3000 0.09859099
6772.3500 0.09711256
6772.4000 0.09948997
6772.4500 0.10186738
6772.5000 0.10424479
6772.5500 0.1066222
6772.6000 0.10899961
6772.6500 0.10878482
6772.7000 0.10536805
6772.7500 0.10195127
6772.8000 0.0985345
6772.8500 0.09511773
6772.9000 0.09170095
6772.9500 0.09077371
6773.0000 0.09260452
6773.0500 0.09443533
6773.1000 0.09626614
6773.1500 0.09809695
6773.2000 0.09992776
6773.2500 0.10094866
6773.3000 0.10116912
6773.3500 0.10138957
6773.4000 0.10161003
6773.4500 0.10183049
6773.5000 0.10205094
6773.5500 0.10069427
6773.6000 0.09795556
6773.6500 0.09521684
6773.7000 0.09247812
6773.7500 0.08973941
6773.8000 0.08700069
6773.8500 0.08371595
6773.9000 0.08000993
6773.9500 0.07630392
6774.0000 0.0725979
6774.0500 0.06889188
6774.1000 0.06518586
6774.1500 0.06083096
6774.2000 0.05603895
6774.2500 0.05124693
6774.3000 0.04645491
6774.3500 0.0416629
6774.4000 0.03687088
6774.4500 0.03530201
6774.5000 0.03560985
6774.5500 0.0359177
6774.6000 0.03622554
6774.6500 0.03653338
6774.7000 0.03684122
6774.7500 0.0414903
6774.8000 0.0482968
6774.8500 0.0551033
6774.9000 0.0619098
6774.9500 0.0687163
6775.0000 0.0755228
6775.0500 0.07830108
6775.1000 0.07939811
6775.1500 0.08049515
6775.2000 0.08159219
6775.2500 0.08268922
6775.3000 0.08378626
6775.3500 0.08509529
6775.4000 0.08647706
6775.4500 0.08785883
6775.5000 0.08924059
6775.5500 0.09062236
6775.6000 0.09200413
6775.6500 0.08794376
6775.7000 0.08239351
6775.7500 0.07684326
6775.8000 0.071293
6775.8500 0.06574275
6775.9000 0.06019249
6775.9500 0.06221291
6776.0000 0.06581595
6776.0500 0.06941898
6776.1000 0.07302201
6776.1500 0.07662505
6776.2000 0.08022808
6776.2500 0.07610402
6776.3000 0.0708318
6776.3500 0.06555957
6776.4000 0.06028734
6776.4500 0.05501511
6776.5000 0.04974289
6776.5500 0.04590261
6776.6000 0.0421942
6776.6500 0.03848579
6776.7000 0.03477738
6776.7500 0.03106898
6776.8000 0.02736057
6776.8500 0.0336671
6776.9000 0.04036678
6776.9500 0.04706646
6777.0000 0.05376613
6777.0500 0.06046581
6777.1000 0.06710445
6777.1500 0.06787245
6777.2000 0.06864044
6777.2500 0.06940844
6777.3000 0.07017644
6777.3500 0.07094444
6777.4000 0.07206752
6777.4500 0.07876678
6777.5000 0.08546605
6777.5500 0.09216531
6777.6000 0.09886458
6777.6500 0.10556385
6777.7000 0.11134902
6777.7500 0.10980995
6777.8000 0.10827088
6777.8500 0.10673182
6777.9000 0.10519275
6777.9500 0.10365369
6778.0000 0.10141616
6778.0500 0.09560676
6778.1000 0.08979736
6778.1500 0.08398796
6778.2000 0.07817856
6778.2500 0.07236916
6778.3000 0.06772769
6778.3500 0.06728355
6778.4000 0.06683941
6778.4500 0.06639527
6778.5000 0.06595114
6778.5500 0.065507
6778.6000 0.06630435
6778.6500 0.07040237
6778.7000 0.07450039
6778.7500 0.07859842
6778.8000 0.08269644
6778.8500 0.08679447
6778.9000 0.09235804
6778.9500 0.1008906
6779.0000 0.10942316
6779.0500 0.11795573
6779.1000 0.12648829
6779.1500 0.13502085
6779.2000 0.13789578
6779.2500 0.13189052
6779.3000 0.12588525
6779.3500 0.11987999
6779.4000 0.11387473
6779.4500 0.10786946
6779.5000 0.10386556
6779.5500 0.10231398
6779.6000 0.1007624
6779.6500 0.09921083
6779.7000 0.09765925
6779.7500 0.09610767
6779.8000 0.09615904
6779.8500 0.09774374
6779.9000 0.09932844
6779.9500 0.10091314
6780.0000 0.10249783
6780.0500 0.10408253
6780.1000 0.10337374
6780.1500 0.10096524
6780.2000 0.09855675
6780.2500 0.09614825
6780.3000 0.09373976
6780.3500 0.09133126
6780.4000 0.0923394
6780.4500 0.09527665
6780.5000 0.09821389
6780.5500 0.10115114
6780.6000 0.10408839
6780.6500 0.10702564
6780.7000 0.10133872
6780.7500 0.09205071
6780.8000 0.0827627
6780.8500 0.07347469
6780.9000 0.06418668
6780.9500 0.05489867
6781.0000 0.05006244
6781.0500 0.04653147
6781.1000 0.0430005
6781.1500 0.03946953
6781.2000 0.03593857
6781.2500 0.0324076
6781.3000 0.0328478
6781.3500 0.03402957
6781.4000 0.03521135
6781.4500 0.03639312
6781.5000 0.0375749
6781.5500 0.03875667
6781.6000 0.03780331
6781.6500 0.03664788
6781.7000 0.03549245
6781.7500 0.03433702
6781.8000 0.03318159
6781.8500 0.03202616
6781.9000 0.03304613
6781.9500 0.03409704
6782.0000 0.03514795
6782.0500 0.03619886
6782.1000 0.03724977
6782.1500 0.03869174
6782.2000 0.0462658
6782.2500 0.05383985
6782.3000 0.06141391
6782.3500 0.06898797
6782.4000 0.07656202
6782.4500 0.08337155
6782.5000 0.08530145
6782.5500 0.08723135
6782.6000 0.08916126
6782.6500 0.09109116
6782.7000 0.09302106
6782.7500 0.09507471
6782.8000 0.09758696
6782.8500 0.1000992
6782.9000 0.10261145
6782.9500 0.10512369
6783.0000 0.10763594
6783.0500 0.11010833
6783.1000 0.11248364
6783.1500 0.11485894
6783.2000 0.11723425
6783.2500 0.11960956
6783.3000 0.12198487
6783.3500 0.12458038
6783.4000 0.12754889
6783.4500 0.1305174
6783.5000 0.13348591
6783.5500 0.13645442
6783.6000 0.13942293
6783.6500 0.13968904
6783.7000 0.13669034
6783.7500 0.13369163
6783.8000 0.13069293
6783.8500 0.12769422
6783.9000 0.12469551
6783.9500 0.12271396
6784.0000 0.12161263
6784.0500 0.1205113
6784.1000 0.11940997
6784.1500 0.11830865
6784.2000 0.11720732
6784.2500 0.11752194
6784.3000 0.11870133
6784.3500 0.11988071
6784.4000 0.1210601
6784.4500 0.12223948
6784.5000 0.12341887
6784.5500 0.12130465
6784.6000 0.11782639
6784.6500 0.11434812
6784.7000 0.11086986
6784.7500 0.1073916
6784.8000 0.10391334
6784.8500 0.10452715
6784.9000 0.10619623
6784.9500 0.1078653
6785.0000 0.10953438
6785.0500 0.11120345
6785.1000 0.11287253
6785.1500 0.10749653
6785.2000 0.10119956
6785.2500 0.09490258
6785.3000 0.0886056
6785.3500 0.08230862
6785.4000 0.07601164
6785.4500 0.08006104
6785.5000 0.08437207
6785.5500 0.0886831
6785.6000 0.09299414
6785.6500 0.09730517
6785.7000 0.10088742
6785.7500 0.09445522
6785.8000 0.08802303
6785.8500 0.08159084
6785.9000 0.07515864
6785.9500 0.06872645
6786.0000 0.06272146
6786.0500 0.05892816
6786.1000 0.05513486
6786.1500 0.05134156
6786.2000 0.04754826
6786.2500 0.04375496
6786.3000 0.04032736
6786.3500 0.03795428
6786.4000 0.03558121
6786.4500 0.03320813
6786.5000 0.03083505
6786.5500 0.02846197
6786.6000 0.02767005
6786.6500 0.02975513
6786.7000 0.03184022
6786.7500 0.0339253
6786.8000 0.03601039
6786.8500 0.03809547
6786.9000 0.04231327
6786.9500 0.04910231
6787.0000 0.05589135
6787.0500 0.06268038
6787.1000 0.06946942
6787.1500 0.07625846
6787.2000 0.08233506
6787.2500 0.08783735
6787.3000 0.09333964
6787.3500 0.09884193
6787.4000 0.10434421
6787.4500 0.1098465
6787.5000 0.11287695
6787.5500 0.1146084
6787.6000 0.11633984
6787.6500 0.11807129
6787.7000 0.11980273
6787.7500 0.12153417
6787.8000 0.12369683
6787.8500 0.12599648
6787.9000 0.12829612
6787.9500 0.13059577
6788.0000 0.13289541
6788.0500 0.13519505
6788.1000 0.13108695
6788.1500 0.12596923
6788.2000 0.1208515
6788.2500 0.11573378
6788.3000 0.11061606
6788.3500 0.10549834
6788.4000 0.10555134
6788.4500 0.10576197
6788.5000 0.1059726
6788.5500 0.10618323
6788.6000 0.10639387
6788.6500 0.10630599
6788.7000 0.10271469
6788.7500 0.0991234
6788.8000 0.0955321
6788.8500 0.09194081
6788.9000 0.08834952
6788.9500 0.08600359
6789.0000 0.08903019
6789.0500 0.0920568
6789.1000 0.09508341
6789.1500 0.09811001
6789.2000 0.10113662
6789.2500 0.10250596
6789.3000 0.09999759
6789.3500 0.09748922
6789.4000 0.09498085
6789.4500 0.09247248
6789.5000 0.0899641
6789.5500 0.08828197
6789.6000 0.08777797
6789.6500 0.08727396
6789.7000 0.08676996
6789.7500 0.08626596
6789.8000 0.08576195
6789.8500 0.0852907
6789.9000 0.08484888
6789.9500 0.08440707
6790.0000 0.08396526
6790.0500 0.08352344
6790.1000 0.08308163
6790.1500 0.08435058
6790.2000 0.08657125
6790.2500 0.08879191
6790.3000 0.09101258
6790.3500 0.09323324
6790.4000 0.09545391
6790.4500 0.10117977
6790.5000 0.1080121
6790.5500 0.11484443
6790.6000 0.12167677
6790.6500 0.1285091
6790.7000 0.13534143
6790.7500 0.12758015
6790.8000 0.11781319
6790.8500 0.10804624
6790.9000 0.09827928
6790.9500 0.08851233
6791.0000 0.07874537
6791.0500 0.08419973
6791.1000 0.0896564
6791.1500 0.09511306
6791.2000 0.10056972
6791.2500 0.10602639
6791.3000 0.10985354
6791.3500 0.10196504
6791.4000 0.09407655
6791.4500 0.08618805
6791.5000 0.07829956
6791.5500 0.07041107
6791.6000 0.06393564
6791.6500 0.06179269
6791.7000 0.05964974
6791.7500 0.05750679
6791.8000 0.05536384
6791.8500 0.05322089
6791.9000 0.04946542
6791.9500 0.04298024
6792.0000 0.03649506
6792.0500 0.03000988
6792.1000 0.0235247
6792.1500 0.01703953
6792.2000 0.0145127
6792.2500 0.01597028
6792.3000 0.01742786
6792.3500 0.01888545
6792.4000 0.02034303
6792.4500 0.02180061
6792.5000 0.02270415
6792.5500 0.02327801
6792.6000 0.02385187
6792.6500 0.02442574
6792.7000 0.0249996
6792.7500 0.02557346
6792.8000 0.02855093
6792.8500 0.03229949
6792.9000 0.03604805
6792.9500 0.03979661
6793.0000 0.04354516
6793.0500 0.04729372
6793.1000 0.04927602
6793.1500 0.05103751
6793.2000 0.05279899
6793.2500 0.05456048
6793.3000 0.05632197
6793.3500 0.05817628
6793.4000 0.06411569
6793.4500 0.07005509
6793.5000 0.07599449
6793.5500 0.08193389
6793.6000 0.0878733
6793.6500 0.09237709
6793.7000 0.08918161
6793.7500 0.08598612
6793.8000 0.08279063
6793.8500 0.07959515
6793.9000 0.07639966
6793.9500 0.07615403
6794.0000 0.08300288
6794.0500 0.08985172
6794.1000 0.09670057
6794.1500 0.10354941
6794.2000 0.11039826
6794.2500 0.1131164
6794.3000 0.1103991
6794.3500 0.10768179
6794.4000 0.10496449
6794.4500 0.10224719
6794.5000 0.09952988
6794.5500 0.09505043
6794.6000 0.08924984
6794.6500 0.08344926
6794.7000 0.07764867
6794.7500 0.07184809
6794.8000 0.0660475
6794.8500 0.07043565
6794.9000 0.07892843
6794.9500 0.08742121
6795.0000 0.095914
6795.0500 0.10440678
6795.1000 0.11289956
6795.1500 0.11457276
6795.2000 0.11509628
6795.2500 0.11561979
6795.3000 0.11614331
6795.3500 0.11666683
6795.4000 0.11718989
6795.4500 0.11581774
6795.5000 0.1144456
6795.5500 0.11307346
6795.6000 0.11170132
6795.6500 0.11032918
6795.7000 0.10948926
6795.7500 0.1117539
6795.8000 0.11401854
6795.8500 0.11628318
6795.9000 0.11854782
6795.9500 0.12081246
6796.0000 0.12103696
6796.0500 0.11636358
6796.1000 0.11169021
6796.1500 0.10701684
6796.2000 0.10234346
6796.2500 0.09767009
6796.3000 0.09288254
6796.3500 0.08795164
6796.4000 0.08302075
6796.4500 0.07808985
6796.5000 0.07315895
6796.5500 0.06822806
6796.6000 0.06331237
6796.6500 0.05840707
6796.7000 0.05350177
6796.7500 0.04859647
6796.8000 0.04369117
6796.8500 0.03878587
6796.9000 0.03667966
6796.9500 0.03552251
6797.0000 0.03436536
6797.0500 0.03320822
6797.1000 0.03205107
6797.1500 0.03089392
6797.2000 0.03471518
6797.2500 0.03908397
6797.3000 0.04345275
6797.3500 0.04782153
6797.4000 0.05219031
6797.4500 0.05660348
6797.5000 0.06175578
6797.5500 0.06690807
6797.6000 0.07206037
6797.6500 0.07721267
6797.7000 0.08236496
6797.7500 0.08663347
6797.8000 0.08765584
6797.8500 0.08867821
6797.9000 0.08970058
6797.9500 0.09072295
6798.0000 0.09174532
6798.0500 0.09025966
6798.1000 0.08455718
6798.1500 0.07885471
6798.2000 0.07315223
6798.2500 0.06744976
6798.3000 0.06174728
6798.3500 0.05536168
6798.4000 0.04837879
6798.4500 0.0413959
6798.5000 0.03441301
6798.5500 0.02743012
6798.6000 0.02044722
6798.6500 0.01821921
6798.7000 0.01807104
6798.7500 0.01792286
6798.8000 0.01777468
6798.8500 0.0176265
6798.9000 0.01747832
6798.9500 0.02321269
6799.0000 0.02990874
6799.0500 0.03660478
6799.1000 0.04330083
6799.1500 0.04999687
6799.2000 0.05670017
6799.2500 0.06368741
6799.3000 0.07067465
6799.3500 0.07766189
6799.4000 0.08464913
6799.4500 0.09163637
6799.5000 0.09681962
6799.5500 0.09440784
6799.6000 0.09199606
6799.6500 0.08958429
6799.7000 0.08717251
6799.7500 0.08476073
6799.8000 0.08327529
6799.8500 0.08343254
6799.9000 0.08358979
6799.9500 0.08374703
6800.0000 0.08390428
6800.0500 0.08406152
6800.1000 0.08475931
6800.1500 0.08593482
6800.2000 0.08711032
6800.2500 0.08828582
6800.3000 0.08946132
6800.3500 0.09063682
6800.4000 0.09234483
6800.4500 0.09427808
6800.5000 0.09621133
6800.5500 0.09814458
6800.6000 0.10007783
6800.6500 0.10201108
6800.7000 0.09956851
6800.7500 0.09650803
6800.8000 0.09344755
6800.8500 0.09038707
6800.9000 0.08732659
6800.9500 0.08410777
6801.0000 0.0779669
6801.0500 0.07182604
6801.1000 0.06568518
6801.1500 0.05954431
6801.2000 0.05340345
6801.2500 0.05110978
6801.3000 0.06182996
6801.3500 0.07255013
6801.4000 0.08327031
6801.4500 0.09399049
6801.5000 0.10471067
6801.5500 0.11199632
6801.6000 0.11426884
6801.6500 0.11654137
6801.7000 0.11881389
6801.7500 0.12108642
6801.8000 0.12335894
6801.8500 0.12103115
6801.9000 0.11546122
6801.9500 0.10989128
6802.0000 0.10432134
6802.0500 0.09875141
6802.1000 0.09318147
6802.1500 0.08653222
6802.2000 0.07955738
6802.2500 0.07258253
6802.3000 0.06560769
6802.3500 0.05863284
6802.4000 0.051658
6802.4500 0.05645109
6802.5000 0.06184358
6802.5500 0.06723607
6802.6000 0.07262857
6802.6500 0.07802106
6802.7000 0.08192496
6802.7500 0.07640837
6802.8000 0.07089178
6802.8500 0.06537519
6802.9000 0.05985861
6802.9500 0.05434202
6803.0000 0.04954921
6803.0500 0.04627334
6803.1000 0.04299747
6803.1500 0.03972161
6803.2000 0.03644574
6803.2500 0.03316987
6803.3000 0.02752005
6803.3500 0.01960033
6803.4000 0.0116806
6803.4500 0.00376088
6803.5000 -0.00415885
6803.5500 -0.01207858
6803.6000 -0.01298142
6803.6500 -0.01089178
6803.7000 -0.00880215
6803.7500 -0.00671251
6803.8000 -0.00462288
6803.8500 -0.00253324
6803.9000 0.00080244
6803.9500 0.0042882
6804.0000 0.00777397
6804.0500 0.01125973
6804.1000 0.01474549
6804.1500 0.01862446
6804.2000 0.02670316
6804.2500 0.03478187
6804.3000 0.04286058
6804.3500 0.05093929
6804.4000 0.059018
6804.4500 0.06619339
6804.5000 0.07105014
6804.5500 0.07590689
6804.6000 0.08076364
6804.6500 0.08562039
6804.7000 0.09047714
6804.7500 0.09472894
6804.8000 0.09831682
6804.8500 0.1019047
6804.9000 0.10549258
6804.9500 0.10908045
6805.0000 0.11266833
6805.0500 0.11554679
6805.1000 0.11808335
6805.1500 0.12061992
6805.2000 0.12315648
6805.2500 0.12569305
6805.3000 0.12822961
6805.3500 0.12389168
6805.4000 0.118567
6805.4500 0.11324232
6805.5000 0.10791763
6805.5500 0.10259295
6805.6000 0.09805312
6805.6500 0.10308115
6805.7000 0.10810917
6805.7500 0.11313719
6805.8000 0.11816521
6805.8500 0.12319324
6805.9000 0.12689348
6805.9500 0.12715892
6806.0000 0.12742435
6806.0500 0.12768979
6806.1000 0.12795522
6806.1500 0.12822066
6806.2000 0.12522739
6806.2500 0.11875195
6806.3000 0.11227651
6806.3500 0.10580107
6806.4000 0.09932563
6806.4500 0.09285019
6806.5000 0.08886973
6806.5500 0.08601173
6806.6000 0.08315374
6806.6500 0.08029575
6806.7000 0.07743775
6806.7500 0.07457976
6806.8000 0.08123535
6806.8500 0.08897574
6806.9000 0.09671613
6806.9500 0.10445652
6807.0000 0.11219691
6807.0500 0.11901
6807.1000 0.11810301
6807.1500 0.11719602
6807.2000 0.11628903
6807.2500 0.11538204
6807.3000 0.11447505
6807.3500 0.1123278
6807.4000 0.10752653
6807.4500 0.10272525
6807.5000 0.09792398
6807.5500 0.0931227
6807.6000 0.08832143
6807.6500 0.08496993
6807.7000 0.08289694
6807.7500 0.08082395
6807.8000 0.07875096
6807.8500 0.07667797
6807.9000 0.07460498
6807.9500 0.07344073
6808.0000 0.07258596
6808.0500 0.0717312
6808.1000 0.07087644
6808.1500 0.07002168
6808.2000 0.06916692
6808.2500 0.06691885
6808.3000 0.06461601
6808.3500 0.06231317
6808.4000 0.06001033
6808.4500 0.05770749
6808.5000 0.0573185
6808.5500 0.06564475
6808.6000 0.073971
6808.6500 0.08229726
6808.7000 0.09062351
6808.7500 0.09894976
6808.8000 0.10443028
6808.8500 0.10563516
6808.9000 0.10684004
6808.9500 0.10804492
6809.0000 0.1092498
6809.0500 0.11045468
6809.1000 0.1106592
6809.1500 0.11025271
6809.2000 0.10984623
6809.2500 0.10943975
6809.3000 0.10903326
6809.3500 0.10862678
6809.4000 0.10467444
6809.4500 0.10006519
6809.5000 0.09545593
6809.5500 0.09084668
6809.6000 0.08623743
6809.6500 0.08215545
6809.7000 0.08527324
6809.7500 0.08839102
6809.8000 0.09150881
6809.8500 0.09462659
6809.9000 0.09774438
6809.9500 0.09985803
6810.0000 0.09956562
6810.0500 0.09927322
6810.1000 0.09898081
6810.1500 0.09868841
6810.2000 0.098396
6810.2500 0.09207699
6810.3000 0.08024675
6810.3500 0.06841651
6810.4000 0.05658627
6810.4500 0.04475603
6810.5000 0.03292579
6810.5500 0.02461514
6810.6000 0.0174659
6810.6500 0.01031665
6810.7000 0.00316741
6810.7500 -0.00398183
6810.8000 -0.01113108
6810.8500 -0.0093337
6810.9000 -0.00738267
6810.9500 -0.00543164
6811.0000 -0.00348061
6811.0500 -0.00152958
6811.1000 0.0019301
6811.1500 0.01086505
6811.2000 0.01980001
6811.2500 0.02873496
6811.3000 0.03766991
6811.3500 0.04660487
6811.4000 0.05436076
6811.4500 0.06067902
6811.5000 0.06699728
6811.5500 0.07331554
6811.6000 0.0796338
6811.6500 0.08595206
6811.7000 0.08435258
6811.7500 0.07914318
6811.8000 0.07393378
6811.8500 0.06872437
6811.9000 0.06351497
6811.9500 0.05830557
6812.0000 0.05415377
6812.0500 0.05008799
6812.1000 0.04602221
6812.1500 0.04195644
6812.2000 0.03789066
6812.2500 0.03494262
6812.3000 0.03767611
6812.3500 0.0404096
6812.4000 0.0431431
6812.4500 0.04587659
6812.5000 0.04861009
6812.5500 0.05134234
6812.6000 0.05407278
6812.6500 0.05680322
6812.7000 0.05953367
6812.7500 0.06226411
6812.8000 0.06499455
6812.8500 0.06970665
6812.9000 0.07549211
6812.9500 0.08127756
6813.0000 0.08706302
6813.0500 0.09284848
6813.1000 0.09863393
6813.1500 0.09951973
6813.2000 0.09982039
6813.2500 0.10012105
6813.3000 0.10042172
6813.3500 0.10072238
6813.4000 0.10005815
6813.4500 0.09345007
6813.5000 0.08684199
6813.5500 0.0802339
6813.6000 0.07362582
6813.6500 0.06701773
6813.7000 0.06066191
6813.7500 0.05470448
6813.8000 0.04874705
6813.8500 0.04278962
6813.9000 0.0368322
6813.9500 0.03087477
6814.0000 0.02296165
6814.0500 0.01393606
6814.1000 0.00491046
6814.1500 -0.00411513
6814.2000 -0.01314073
6814.2500 -0.02216633
6814.3000 -0.0264752
6814.3500 -0.03019407
6814.4000 -0.03391295
6814.4500 -0.03763183
6814.5000 -0.04135071
6814.5500 -0.04472756
6814.6000 -0.04603648
6814.6500 -0.04734541
6814.7000 -0.04865433
6814.7500 -0.04996325
6814.8000 -0.05127217
6814.8500 -0.04968811
6814.9000 -0.04370467
6814.9500 -0.03772123
6815.0000 -0.03173778
6815.0500 -0.02575434
6815.1000 -0.01977089
6815.1500 -0.01090035
6815.2000 -0.00049697
6815.2500 0.00990641
6815.3000 0.02030978
6815.3500 0.03071316
6815.4000 0.04111654
6815.4500 0.05634176
6815.5000 0.07203584
6815.5500 0.08772992
6815.6000 0.10342401
6815.6500 0.11911809
6815.7000 0.12958401
6815.7500 0.1147501
6815.8000 0.0999162
6815.8500 0.0850823
6815.9000 0.0702484
6815.9500 0.0554145
6816.0000 0.0521375
6816.0500 0.06400415
6816.1000 0.07587081
6816.1500 0.08773747
6816.2000 0.09960412
6816.2500 0.11147078
6816.3000 0.1091444
6816.3500 0.10062193
6816.4000 0.09209947
6816.4500 0.083577
6816.5000 0.07505454
6816.5500 0.06653207
6816.6000 0.06717923
6816.6500 0.06819769
6816.7000 0.06921614
6816.7500 0.0702346
6816.8000 0.07125305
6816.8500 0.07329296
6816.9000 0.07879613
6816.9500 0.0842993
6817.0000 0.08980247
6817.0500 0.09530564
6817.1000 0.10080882
6817.1500 0.10038591
6817.2000 0.09394478
6817.2500 0.08750366
6817.3000 0.08106254
6817.3500 0.07462142
6817.4000 0.06818029
6817.4500 0.06720395
6817.5000 0.06789487
6817.5500 0.06858578
6817.6000 0.0692767
6817.6500 0.06996761
6817.7000 0.07089385
6817.7500 0.07777383
6817.8000 0.0846538
6817.8500 0.09153377
6817.9000 0.09841375
6817.9500 0.10529372
6818.0000 0.10873885
6818.0500 0.10459283
6818.1000 0.10044682
6818.1500 0.0963008
6818.2000 0.09215478
6818.2500 0.08800876
6818.3000 0.08247418
6818.3500 0.07596156
6818.4000 0.06944894
6818.4500 0.06293631
6818.5000 0.05642369
6818.5500 0.04991107
6818.6000 0.05413892
6818.6500 0.06006241
6818.7000 0.06598589
6818.7500 0.07190938
6818.8000 0.07783286
6818.8500 0.08340301
6818.9000 0.08684314
6818.9500 0.09028326
6819.0000 0.09372339
6819.0500 0.09716352
6819.1000 0.10060365
6819.1500 0.10025153
6819.2000 0.09471867
6819.2500 0.08918581
6819.3000 0.08365295
6819.3500 0.07812009
6819.4000 0.07258723
6819.4500 0.07605216
6819.5000 0.08328775
6819.5500 0.09052334
6819.6000 0.09775893
6819.6500 0.10499452
6819.7000 0.11223011
6819.7500 0.11241545
6819.8000 0.11251852
6819.8500 0.1126216
6819.9000 0.11272467
6819.9500 0.11282774
6820.0000 0.10990214
6820.0500 0.09895001
6820.1000 0.08799788
6820.1500 0.07704575
6820.2000 0.06609362
6820.2500 0.05514149
6820.3000 0.05553338
6820.3500 0.06479612
6820.4000 0.07405885
6820.4500 0.08332159
6820.5000 0.09258433
6820.5500 0.10184707
6820.6000 0.09752953
6820.6500 0.09081744
6820.7000 0.08410536
6820.7500 0.07739328
6820.8000 0.0706812
6820.8500 0.06509659
6820.9000 0.06639441
6820.9500 0.06769224
6821.0000 0.06899006
6821.0500 0.07028788
6821.1000 0.07158571
6821.1500 0.0779508
6821.2000 0.09094759
6821.2500 0.10394439
6821.3000 0.11694118
6821.3500 0.12993798
6821.4000 0.14293477
6821.4500 0.14061639
6821.5000 0.13255387
6821.5500 0.12449136
6821.6000 0.11642884
6821.6500 0.10836633
6821.7000 0.10055355
6821.7500 0.10331673
6821.8000 0.10607992
6821.8500 0.10884311
6821.9000 0.1116063
6821.9500 0.11436948
6822.0000 0.11563958
6822.0500 0.11374596
6822.1000 0.11185234
6822.1500 0.10995871
6822.2000 0.10806509
6822.2500 0.10617147
6822.3000 0.10526988
6822.3500 0.10497653
6822.4000 0.10468319
6822.4500 0.10438985
6822.5000 0.1040965
6822.5500 0.10380316
6822.6000 0.09916631
6822.6500 0.09415651
6822.7000 0.0891467
6822.7500 0.08413689
6822.8000 0.07912708
6822.8500 0.07504334
6822.9000 0.07417387
6822.9500 0.07330439
6823.0000 0.07243492
6823.0500 0.07156544
6823.1000 0.07069596
6823.1500 0.07423944
6823.2000 0.08172547
6823.2500 0.08921149
6823.3000 0.09669752
6823.3500 0.10418355
6823.4000 0.11166957
6823.4500 0.11324149
6823.5000 0.11363934
6823.5500 0.11403719
6823.6000 0.11443504
6823.6500 0.11483289
6823.7000 0.11439924
6823.7500 0.10895434
6823.8000 0.10350944
6823.8500 0.09806454
6823.9000 0.09261964
6823.9500 0.08717474
6824.0000 0.08229558
6824.0500 0.07810234
6824.1000 0.0739091
6824.1500 0.06971586
6824.2000 0.06552262
6824.2500 0.06132938
6824.3000 0.05293674
6824.3500 0.04324274
6824.4000 0.03354875
6824.4500 0.02385476
6824.5000 0.01416077
6824.5500 0.0054483
6824.6000 0.00856991
6824.6500 0.01169151
6824.7000 0.01481311
6824.7500 0.01793471
6824.8000 0.02105632
6824.8500 0.02547818
6824.9000 0.03192107
6824.9500 0.03836396
6825.0000 0.04480685
6825.0500 0.05124973
6825.1000 0.05769262
6825.1500 0.05789157
6825.2000 0.05551713
6825.2500 0.05314269
6825.3000 0.05076826
6825.3500 0.04839382
6825.4000 0.0461319
6825.4500 0.0479976
6825.5000 0.04986331
6825.5500 0.05172901
6825.6000 0.05359471
6825.6500 0.05546042
6825.7000 0.05437546
6825.7500 0.04772986
6825.8000 0.04108426
6825.8500 0.03443867
6825.9000 0.02779307
6825.9500 0.02114747
6826.0000 0.02691021
6826.0500 0.03882436
6826.1000 0.05073851
6826.1500 0.06265266
6826.2000 0.07456681
6826.2500 0.08648097
6826.3000 0.07217779
6826.3500 0.05766838
6826.4000 0.04315898
6826.4500 0.02864957
6826.5000 0.01414017
6826.5500 0.00114391
6826.6000 -0.00860086
6826.6500 -0.01834564
6826.7000 -0.02809041
6826.7500 -0.03783518
6826.8000 -0.04757996
6826.8500 -0.04778941
6826.9000 -0.04274417
6826.9500 -0.03769893
6827.0000 -0.0326537
6827.0500 -0.02760846
6827.1000 -0.02256323
6827.1500 -0.00678004
6827.2000 0.00929429
6827.2500 0.02536863
6827.3000 0.04144297
6827.3500 0.05751731
6827.4000 0.06935732
6827.4500 0.07151408
6827.5000 0.07367084
6827.5500 0.0758276
6827.6000 0.07798436
6827.6500 0.08014111
6827.7000 0.08365547
6827.7500 0.08794466
6827.8000 0.09223385
6827.8500 0.09652305
6827.9000 0.10081224
6827.9500 0.10510144
6828.0000 0.1030861
6828.0500 0.10088109
6828.1000 0.09867608
6828.1500 0.09647107
6828.2000 0.09426606
6828.2500 0.09193373
6828.3000 0.08931359
6828.3500 0.08669346
6828.4000 0.08407332
6828.4500 0.08145318
6828.5000 0.07883305
6828.5500 0.07983533
6828.6000 0.08283679
6828.6500 0.08583826
6828.7000 0.08883972
6828.7500 0.09184118
6828.8000 0.09484264
6828.8500 0.08649488
6828.9000 0.07796032
6828.9500 0.06942576
6829.0000 0.0608912
6829.0500 0.05235664
6829.1000 0.04936354
6829.1500 0.0578795
6829.2000 0.06639547
6829.2500 0.07491143
6829.3000 0.0834274
6829.3500 0.09194336
6829.4000 0.09640976
6829.4500 0.09886314
6829.5000 0.10131652
6829.5500 0.1037699
6829.6000 0.10622328
6829.6500 0.10851798
6829.7000 0.09845986
6829.7500 0.08840174
6829.8000 0.07834361
6829.8500 0.06828549
6829.9000 0.05822737
6829.9500 0.05352168
6830.0000 0.05836566
6830.0500 0.06320964
6830.1000 0.06805362
6830.1500 0.0728976
6830.2000 0.07774157
6830.2500 0.0775026
6830.3000 0.07516149
6830.3500 0.07282038
6830.4000 0.07047927
6830.4500 0.06813816
6830.5000 0.06600457
6830.5500 0.06727524
6830.6000 0.06854591
6830.6500 0.06981657
6830.7000 0.07108724
6830.7500 0.07235791
6830.8000 0.07155148
6830.8500 0.06774686
6830.9000 0.06394223
6830.9500 0.0601376
6831.0000 0.05633297
6831.0500 0.05252834
6831.1000 0.05430222
6831.1500 0.05781054
6831.2000 0.06131887
6831.2500 0.0648272
6831.3000 0.06833552
6831.3500 0.07179852
6831.4000 0.07492324
6831.4500 0.07804796
6831.5000 0.08117268
6831.5500 0.0842974
6831.6000 0.08742212
6831.6500 0.08869998
6831.7000 0.08793893
6831.7500 0.08717788
6831.8000 0.08641683
6831.8500 0.08565578
6831.9000 0.08489473
6831.9500 0.08757039
6832.0000 0.09092921
6832.0500 0.09428802
6832.1000 0.09764684
6832.1500 0.10100565
6832.2000 0.10307633
6832.2500 0.09982433
6832.3000 0.09657234
6832.3500 0.09332034
6832.4000 0.09006835
6832.4500 0.08681636
6832.5000 0.083665
6832.5500 0.08059359
6832.6000 0.07752217
6832.6500 0.07445076
6832.7000 0.07137935
6832.7500 0.06830793
6832.8000 0.07620092
6832.8500 0.08502746
6832.9000 0.09385399
6832.9500 0.10268052
6833.0000 0.11150706
6833.0500 0.11504
6833.1000 0.10545735
6833.1500 0.09587469
6833.2000 0.08629204
6833.2500 0.07670939
6833.3000 0.06712673
6833.3500 0.05929557
6833.4000 0.05238553
6833.4500 0.0454755
6833.5000 0.03856546
6833.5500 0.03165542
6833.6000 0.0250659
6833.6500 0.03101243
6833.7000 0.03695895
6833.7500 0.04290547
6833.8000 0.048852
6833.8500 0.05479852
6833.9000 0.05823921
6833.9500 0.05786265
6834.0000 0.05748609
6834.0500 0.05710952
6834.1000 0.05673296
6834.1500 0.0563564
6834.2000 0.05449519
6834.2500 0.05218915
6834.3000 0.04988311
6834.3500 0.04757707
6834.4000 0.04527102
6834.4500 0.04386214
6834.5000 0.04776918
6834.5500 0.05167623
6834.6000 0.05558327
6834.6500 0.05949031
6834.7000 0.06339735
6834.7500 0.06518624
6834.8000 0.06502878
6834.8500 0.06487131
6834.9000 0.06471384
6834.9500 0.06455638
6835.0000 0.06439891
6835.0500 0.06384829
6835.1000 0.06325382
6835.1500 0.06265935
6835.2000 0.06206488
6835.2500 0.06147041
6835.3000 0.05971258
6835.3500 0.05496295
6835.4000 0.05021333
6835.4500 0.0454637
6835.5000 0.04071407
6835.5500 0.03596445
6835.6000 0.0435422
6835.6500 0.05741137
6835.7000 0.07128055
6835.7500 0.08514972
6835.8000 0.0990189
6835.8500 0.11223392
6835.9000 0.11188331
6835.9500 0.11153269
6836.0000 0.11118208
6836.0500 0.11083146
6836.1000 0.11048085
6836.1500 0.10792929
6836.2000 0.10248048
6836.2500 0.09703167
6836.3000 0.09158286
6836.3500 0.08613405
6836.4000 0.08068524
6836.4500 0.08030316
6836.5000 0.08103922
6836.5500 0.08177527
6836.6000 0.08251132
6836.6500 0.08324737
6836.7000 0.08300348
6836.7500 0.07904007
6836.8000 0.07507667
6836.8500 0.07111326
6836.9000 0.06714985
6836.9500 0.06318645
6837.0000 0.06514619
6837.0500 0.0710608
6837.1000 0.0769754
6837.1500 0.08289001
6837.2000 0.08880462
6837.2500 0.09471923
6837.3000 0.07663451
6837.3500 0.0583694
6837.4000 0.04010429
6837.4500 0.02183918
6837.5000 0.00357407
6837.5500 -0.00823777
6837.6000 -0.00983869
6837.6500 -0.01143961
6837.7000 -0.01304053
6837.7500 -0.01464145
6837.8000 -0.01624237
6837.8500 -0.01695949
6837.9000 -0.01743279
6837.9500 -0.0179061
6838.0000 -0.0183794
6838.0500 -0.0188527
6838.1000 -0.01706259
6838.1500 -0.00510646
6838.2000 0.00684966
6838.2500 0.01880578
6838.3000 0.03076191
6838.3500 0.04271803
6838.4000 0.05002928
6838.4500 0.05400779
6838.5000 0.05798629
6838.5500 0.0619648
6838.6000 0.06594331
6838.6500 0.06992181
6838.7000 0.06913568
6838.7500 0.06827298
6838.8000 0.06741028
6838.8500 0.06654758
6838.9000 0.06568487
6838.9500 0.06336503
6839.0000 0.05874622
6839.0500 0.05412741
6839.1000 0.0495086
6839.1500 0.04488979
6839.2000 0.04027099
6839.2500 0.03261633
6839.3000 0.02417168
6839.3500 0.01572702
6839.4000 0.00728236
6839.4500 -0.00116229
6839.5000 -0.00681571
6839.5500 -0.00136626
6839.6000 0.00408319
6839.6500 0.00953265
6839.7000 0.0149821
6839.7500 0.02043155
6839.8000 0.01907402
6839.8500 0.01336618
6839.9000 0.00765834
6839.9500 0.0019505
6840.0000 -0.00375735
6840.0500 -0.00927893
6840.1000 -0.00616313
6840.1500 -0.00304732
6840.2000 0.00006849
6840.2500 0.0031843
6840.3000 0.00630011
6840.3500 0.01489877
6840.4000 0.03064957
6840.4500 0.04640037
6840.5000 0.06215116
6840.5500 0.07790196
6840.6000 0.09365275
6840.6500 0.08848037
6840.7000 0.07957494
6840.7500 0.07066952
6840.8000 0.06176409
6840.8500 0.05285867
6840.9000 0.0463297
6840.9500 0.04638962
6841.0000 0.04644954
6841.0500 0.04650946
6841.1000 0.04656938
6841.1500 0.0466293
6841.2000 0.04940092
6841.2500 0.05342898
6841.3000 0.05745704
6841.3500 0.06148509
6841.4000 0.06551315
6841.4500 0.06915995
6841.5000 0.06950406
6841.5500 0.06984816
6841.6000 0.07019227
6841.6500 0.07053637
6841.7000 0.07088048
6841.7500 0.07017314
6841.8000 0.06851614
6841.8500 0.06685915
6841.9000 0.06520216
6841.9500 0.06354517
6842.0000 0.06188818
6842.0500 0.06310387
6842.1000 0.06447328
6842.1500 0.06584268
6842.2000 0.06721209
6842.2500 0.06858149
6842.3000 0.07150484
6842.3500 0.07702019
6842.4000 0.08253554
6842.4500 0.08805088
6842.5000 0.09356623
6842.5500 0.09908158
6842.6000 0.08845254
6842.6500 0.07384378
6842.7000 0.05923502
6842.7500 0.04462626
6842.8000 0.0300175
6842.8500 0.02092643
6842.9000 0.03015196
6842.9500 0.0393775
6843.0000 0.04860303
6843.0500 0.05782856
6843.1000 0.06705409
6843.1500 0.06709477
6843.2000 0.06245838
6843.2500 0.05782199
6843.3000 0.05318561
6843.3500 0.04854922
6843.4000 0.04451905
6843.4500 0.04622903
6843.5000 0.047939
6843.5500 0.04964898
6843.6000 0.05135895
6843.6500 0.05306893
6843.7000 0.04873721
6843.7500 0.03905391
6843.8000 0.0293706
6843.8500 0.01968729
6843.9000 0.01000398
6843.9500 0.00032068
6844.0000 0.0034692
6844.0500 0.00705722
6844.1000 0.01064524
6844.1500 0.01423326
6844.2000 0.01782128
6844.2500 0.01680008
6844.3000 0.0090163
6844.3500 0.00123251
6844.4000 -0.00655127
6844.4500 -0.01433505
6844.5000 -0.02211884
6844.5500 -0.01474346
6844.6000 -0.00460004
6844.6500 0.00554338
6844.7000 0.01568681
6844.7500 0.02583023
6844.8000 0.03299275
6844.8500 0.03277548
6844.9000 0.03255821
6844.9500 0.03234093
6845.0000 0.03212366
6845.0500 0.03190638
6845.1000 0.03147127
6845.1500 0.03095628
6845.2000 0.03044129
6845.2500 0.0299263
6845.3000 0.02941131
6845.3500 0.02863276
6845.4000 0.02663272
6845.4500 0.02463269
6845.5000 0.02263265
6845.5500 0.02063262
6845.6000 0.01863258
6845.6500 0.02565563
6845.7000 0.0380898
6845.7500 0.05052396
6845.8000 0.06295813
6845.8500 0.0753923
6845.9000 0.08612969
6845.9500 0.07582192
6846.0000 0.06551414
6846.0500 0.05520637
6846.1000 0.0448986
6846.1500 0.03459082
6846.2000 0.03082059
6846.2500 0.03294279
6846.3000 0.03506499
6846.3500 0.03718719
6846.4000 0.03930939
6846.4500 0.04143159
6846.5000 0.04032364
6846.5500 0.03914687
6846.6000 0.03797011
6846.6500 0.03679334
6846.7000 0.03561658
6846.7500 0.03599672
6846.8000 0.03840581
6846.8500 0.0408149
6846.9000 0.04322399
6846.9500 0.04563309
6847.0000 0.04804218
6847.0500 0.04133999
6847.1000 0.03352399
6847.1500 0.02570799
6847.2000 0.01789198
6847.2500 0.01007598
6847.3000 0.00908378
6847.3500 0.02077471
6847.4000 0.03246563
6847.4500 0.04415656
6847.5000 0.05584749
6847.5500 0.06753841
6847.6000 0.06849764
6847.6500 0.06694631
6847.7000 0.06539499
6847.7500 0.06384366
6847.8000 0.06229233
6847.8500 0.05952592
6847.9000 0.05352156
6847.9500 0.04751721
6848.0000 0.04151286
6848.0500 0.0355085
6848.1000 0.02950415
6848.1500 0.03485673
6848.2000 0.04425829
6848.2500 0.05365986
6848.3000 0.06306142
6848.3500 0.07246298
6848.4000 0.07737072
6848.4500 0.06467349
6848.5000 0.05197626
6848.5500 0.03927903
6848.6000 0.0265818
6848.6500 0.01388457
6848.7000 0.01359353
6848.7500 0.01937487
6848.8000 0.0251562
6848.8500 0.03093754
6848.9000 0.03671888
6848.9500 0.04159208
6849.0000 0.04094531
6849.0500 0.04029854
6849.1000 0.03965177
6849.1500 0.039005
6849.2000 0.03835823
6849.2500 0.04103055
6849.3000 0.04579803
6849.3500 0.05056551
6849.4000 0.05533299
6849.4500 0.06010047
6849.5000 0.06332176
6849.5500 0.05024529
6849.6000 0.03716882
6849.6500 0.02409235
6849.7000 0.01101588
6849.7500 -0.00206059
6849.8000 -0.00557923
6849.8500 -0.001653
6849.9000 0.00227324
6849.9500 0.00619947
6850.0000 0.0101257
6850.0500 0.01392905
6850.1000 0.01474343
6850.1500 0.0155578
6850.2000 0.01637218
6850.2500 0.01718656
6850.3000 0.01800094
6850.3500 0.02096072
6850.4000 0.02591113
6850.4500 0.03086154
6850.5000 0.03581195
6850.5500 0.04076236
6850.6000 0.04571277
6850.6500 0.04952049
6850.7000 0.05332799
6850.7500 0.05713548
6850.8000 0.06094298
6850.8500 0.06475047
6850.9000 0.06709737
6850.9500 0.06787938
6851.0000 0.0686614
6851.0500 0.06944341
6851.1000 0.07022542
6851.1500 0.07100743
6851.2000 0.05936122
6851.2500 0.04729883
6851.3000 0.03523645
6851.3500 0.02317407
6851.4000 0.01111168
6851.4500 0.00789287
6851.5000 0.0152965
6851.5500 0.02270014
6851.6000 0.03010377
6851.6500 0.03750741
6851.7000 0.04491104
6851.7500 0.04691089
6851.8000 0.04858346
6851.8500 0.05025603
6851.9000 0.05192859
6851.9500 0.05360116
6852.0000 0.05109542
6852.0500 0.04312622
6852.1000 0.03515702
6852.1500 0.02718782
6852.2000 0.01921861
6852.2500 0.01124941
6852.3000 0.00835025
6852.3500 0.00585807
6852.4000 0.00336588
6852.4500 0.00087369
6852.5000 -0.00161849
6852.5500 -0.00023717
6852.6000 0.00649517
6852.6500 0.01322751
6852.7000 0.01995985
6852.7500 0.0266922
6852.8000 0.03342454
6852.8500 0.02261693
6852.9000 0.01020116
6852.9500 -0.00221461
6853.0000 -0.01463038
6853.0500 -0.02704615
6853.1000 -0.02496435
6853.1500 -0.00236164
6853.2000 0.02024108
6853.2500 0.04284379
6853.3000 0.06544651
6853.3500 0.08804922
6853.4000 0.0742404
6853.4500 0.05699966
6853.5000 0.03975892
6853.5500 0.02251818
6853.6000 0.00527743
6853.6500 0.00083822
6853.7000 0.01439875
6853.7500 0.02795928
6853.8000 0.04151981
6853.8500 0.05508033
6853.9000 0.06864086
6853.9500 0.05834401
6854.0000 0.04595161
6854.0500 0.03355922
6854.1000 0.02116682
6854.1500 0.00877442
6854.2000 0.00332827
6854.2500 0.00728832
6854.3000 0.01124837
6854.3500 0.01520843
6854.4000 0.01916848
6854.4500 0.02312853
6854.5000 0.02345732
6854.5500 0.02352199
6854.6000 0.02358666
6854.6500 0.02365134
6854.7000 0.02371601
6854.7500 0.02530346
6854.8000 0.02881717
6854.8500 0.03233088
6854.9000 0.0358446
6854.9500 0.03935831
6855.0000 0.04287202
6855.0500 0.03556537
6855.1000 0.02772157
6855.1500 0.01987777
6855.2000 0.01203397
6855.2500 0.00419017
6855.3000 0.00556039
6855.3500 0.01749772
6855.4000 0.02943504
6855.4500 0.04137237
6855.5000 0.0533097
6855.5500 0.06524702
6855.6000 0.06113249
6855.6500 0.05670352
6855.7000 0.05227454
6855.7500 0.04784557
6855.8000 0.0434166
6855.8500 0.03942246
6855.9000 0.03586723
6855.9500 0.032312
6856.0000 0.02875677
6856.0500 0.02520155
6856.1000 0.02167252
6856.1500 0.01971008
6856.2000 0.01774764
6856.2500 0.01578519
6856.3000 0.01382275
6856.3500 0.0118603
6856.4000 0.01330373
6856.4500 0.0176821
6856.5000 0.02206047
6856.5500 0.02643884
6856.6000 0.03081721
6856.6500 0.03501665
6856.7000 0.03639865
6856.7500 0.03778065
6856.8000 0.03916265
6856.8500 0.04054466
6856.9000 0.04192666
6856.9500 0.04489172
6857.0000 0.04898352
6857.0500 0.05307531
6857.1000 0.05716711
6857.1500 0.0612589
6857.2000 0.06445055
6857.2500 0.06040282
6857.3000 0.05635508
6857.3500 0.05230735
6857.4000 0.04825961
6857.4500 0.04421187
6857.5000 0.04840284
6857.5500 0.05725061
6857.6000 0.06609839
6857.6500 0.07494617
6857.7000 0.08379394
6857.7500 0.09045423
6857.8000 0.08636436
6857.8500 0.0822745
6857.9000 0.07818463
6857.9500 0.07409477
6858.0000 0.0700049
6858.0500 0.06709759
6858.1000 0.06469422
6858.1500 0.06229085
6858.2000 0.05988748
6858.2500 0.05748411
6858.3000 0.05468416
6858.3500 0.05059466
6858.4000 0.04650515
6858.4500 0.04241564
6858.5000 0.03832614
6858.5500 0.03423663
6858.6000 0.03745956
6858.6500 0.04285284
6858.7000 0.04824613
6858.7500 0.05363942
6858.8000 0.05903271
6858.8500 0.05900006
6858.9000 0.04683159
6858.9500 0.03466312
6859.0000 0.02249464
6859.0500 0.01032617
6859.1000 -0.0018423
6859.1500 0.00489736
6859.2000 0.01500748
6859.2500 0.0251176
6859.3000 0.03522772
6859.3500 0.04533784
6859.4000 0.05386328
6859.4500 0.05991407
6859.5000 0.06596487
6859.5500 0.07201566
6859.6000 0.07806645
6859.6500 0.08411724
6859.7000 0.07570579
6859.7500 0.06627169
6859.8000 0.05683759
6859.8500 0.0474035
6859.9000 0.0379694
6859.9500 0.03596772
6860.0000 0.04203536
6860.0500 0.048103
6860.1000 0.05417064
6860.1500 0.06023828
6860.2000 0.06612526
6860.2500 0.06547001
6860.3000 0.06481477
6860.3500 0.06415953
6860.4000 0.06350429
6860.4500 0.06284905
6860.5000 0.06395588
6860.5500 0.06635867
6860.6000 0.06876147
6860.6500 0.07116426
6860.7000 0.07356705
6860.7500 0.07640739
6860.8000 0.0822427
6860.8500 0.08807801
6860.9000 0.09391332
6860.9500 0.09974864
6861.0000 0.10558395
6861.0500 0.10123089
6861.1000 0.0920976
6861.1500 0.08296432
6861.2000 0.07383103
6861.2500 0.06469775
6861.3000 0.05821855
6861.3500 0.0603431
6861.4000 0.06246764
6861.4500 0.06459218
6861.5000 0.06671673
6861.5500 0.06884127
6861.6000 0.07264775
6861.6500 0.07689385
6861.7000 0.08113995
6861.7500 0.08538604
6861.8000 0.08963214
6861.8500 0.08763929
6861.9000 0.07414826
6861.9500 0.06065722
6862.0000 0.04716619
6862.0500 0.03367515
6862.1000 0.02018411
6862.1500 0.01549352
6862.2000 0.01164541
6862.2500 0.0077973
6862.3000 0.0039492
6862.3500 0.00010109
6862.4000 0.00637593
6862.4500 0.0238192
6862.5000 0.04126246
6862.5500 0.05870573
6862.6000 0.076149
6862.6500 0.09268086
6862.7000 0.08745043
6862.7500 0.08222
6862.8000 0.07698956
6862.8500 0.07175913
6862.9000 0.0665287
6862.9500 0.05837092
6863.0000 0.04831686
6863.0500 0.0382628
6863.1000 0.02820875
6863.1500 0.01815469
6863.2000 0.01276376
6863.2500 0.02928153
6863.3000 0.04579929
6863.3500 0.06231706
6863.4000 0.07883483
6863.4500 0.09535259
6863.5000 0.09359195
6863.5500 0.08560918
6863.6000 0.07762642
6863.6500 0.06964366
6863.7000 0.0616609
6863.7500 0.05886011
6863.8000 0.06714582
6863.8500 0.07543154
6863.9000 0.08371725
6863.9500 0.09200296
6864.0000 0.10028868
6864.0500 0.10462956
6864.1000 0.10849754
6864.1500 0.11236552
6864.2000 0.1162335
6864.2500 0.12010148
6864.3000 0.12132637
6864.3500 0.1195626
6864.4000 0.11779882
6864.4500 0.11603505
6864.5000 0.11427128
6864.5500 0.11243281
6864.6000 0.1091007
6864.6500 0.10576859
6864.7000 0.10243649
6864.7500 0.09910438
6864.8000 0.09577227
6864.8500 0.09814218
6864.9000 0.10389156
6864.9500 0.10964095
6865.0000 0.11539033
6865.0500 0.12113972
6865.1000 0.12408579
6865.1500 0.11649019
6865.2000 0.10889458
6865.2500 0.10129897
6865.3000 0.09370336
6865.3500 0.08610776
6865.4000 0.0899863
6865.4500 0.0968381
6865.5000 0.10368991
6865.5500 0.11054171
6865.6000 0.11739351
6865.6500 0.11931622
6865.7000 0.11320645
6865.7500 0.10709667
6865.8000 0.1009869
6865.8500 0.09487713
6865.9000 0.08876736
6865.9500 0.08119052
6866.0000 0.07356568
6866.0500 0.06594084
6866.1000 0.05831599
6866.1500 0.05069115
6866.2000 0.0534715
6866.2500 0.06448401
6866.3000 0.07549651
6866.3500 0.08650901
6866.4000 0.09752152
6866.4500 0.1037954
6866.5000 0.08326539
6866.5500 0.06273538
6866.6000 0.04220537
6866.6500 0.02167536
6866.7000 0.00114534
6866.7500 0.00889709
6866.8000 0.02637438
6866.8500 0.04385167
6866.9000 0.06132896
6866.9500 0.07880625
6867.0000 0.09176878
6867.0500 0.09596549
6867.1000 0.10016219
6867.1500 0.10435889
6867.2000 0.10855559
6867.2500 0.11275229
6867.3000 0.11011154
6867.3500 0.10701686
6867.4000 0.10392218
6867.4500 0.1008275
6867.5000 0.09773282
6867.5500 0.08721751
6867.6000 0.07031682
6867.6500 0.05341613
6867.7000 0.03651544
6867.7500 0.01961475
6867.8000 0.01103832
6867.8500 0.0539386
6867.9000 0.09683887
6867.9500 0.13973915
6868.0000 0.18263943
6868.0500 0.2255397
6868.1000 0.2265646
6868.1500 0.21309478
6868.2000 0.19962496
6868.2500 0.18615514
6868.3000 0.17268532
6868.3500 0.16220995
6868.4000 0.15733273
6868.4500 0.15245551
6868.5000 0.1475783
6868.5500 0.14270108
6868.6000 0.13782386
6868.6500 0.13615189
6868.7000 0.13462716
6868.7500 0.13310244
6868.8000 0.13157771
6868.8500 0.13005298
6868.9000 0.13108674
6868.9500 0.13408525
6869.0000 0.13708375
6869.0500 0.14008226
6869.1000 0.14308077
6869.1500 0.14640342
6869.2000 0.1512317
6869.2500 0.15605998
6869.3000 0.16088827
6869.3500 0.16571655
6869.4000 0.17054483
6869.4500 0.15989349
6869.5000 0.14514291
6869.5500 0.13039233
6869.6000 0.11564175
6869.6500 0.10089117
6869.7000 0.08800689
6869.7500 0.07785223
6869.8000 0.06769757
6869.8500 0.05754291
6869.9000 0.04738825
6869.9500 0.03772926
6870.0000 0.04866941
6870.0500 0.05960956
6870.1000 0.07054971
6870.1500 0.08148986
6870.2000 0.09243001
6870.2500 0.10044509
6870.3000 0.10683535
6870.3500 0.1132256
6870.4000 0.11961585
6870.4500 0.1260061
6870.5000 0.12879359
6870.5500 0.12154975
6870.6000 0.11430592
6870.6500 0.10706209
6870.7000 0.09981825
6870.7500 0.09257442
6870.8000 0.08967813
6870.8500 0.0873325
6870.9000 0.08498687
6870.9500 0.08264124
6871.0000 0.08029561
6871.0500 0.07780761
6871.1000 0.0751844
6871.1500 0.07256118
6871.2000 0.06993797
6871.2500 0.06731476
6871.3000 0.06719332
6871.3500 0.08241794
6871.4000 0.09764256
6871.4500 0.11286718
6871.5000 0.1280918
6871.5500 0.14331642
6871.6000 0.14363414
6871.6500 0.13948487
6871.7000 0.13533561
6871.7500 0.13118635
6871.8000 0.12703708
6871.8500 0.12166386
6871.9000 0.11445985
6871.9500 0.10725583
6872.0000 0.10005182
6872.0500 0.0928478
6872.1000 0.08592376
6872.1500 0.08698051
6872.2000 0.08803727
6872.2500 0.08909402
6872.3000 0.09015078
6872.3500 0.09120753
6872.4000 0.08837088
6872.4500 0.0836087
6872.5000 0.07884652
6872.5500 0.07408434
6872.6000 0.06932216
6872.6500 0.06717906
6872.7000 0.07096822
6872.7500 0.07475738
6872.8000 0.07854654
6872.8500 0.0823357
6872.9000 0.08612486
6872.9500 0.08487737
6873.0000 0.08333924
6873.0500 0.08180111
6873.1000 0.08026298
6873.1500 0.07872485
6873.2000 0.08039513
6873.2500 0.08432652
6873.3000 0.08825791
6873.3500 0.09218929
6873.4000 0.09612068
6873.4500 0.09943064
6873.5000 0.10065712
6873.5500 0.10188359
6873.6000 0.10311006
6873.6500 0.10433653
6873.7000 0.105563
6873.7500 0.10349631
6873.8000 0.1009586
6873.8500 0.09842088
6873.9000 0.09588317
6873.9500 0.09334545
6874.0000 0.09282802
6874.0500 0.09416068
6874.1000 0.09549335
6874.1500 0.09682601
6874.2000 0.09815867
6874.2500 0.09894527
6874.3000 0.09708641
6874.3500 0.09522755
6874.4000 0.09336869
6874.4500 0.09150983
6874.5000 0.08965097
6874.5500 0.08712969
6874.6000 0.08446518
6874.6500 0.08180066
6874.7000 0.07913614
6874.7500 0.07647162
6874.8000 0.07517053
6874.8500 0.07537462
6874.9000 0.07557871
6874.9500 0.0757828
6875.0000 0.07598688
6875.0500 0.07617669
6875.1000 0.07627125
6875.1500 0.0763658
6875.2000 0.07646036
6875.2500 0.07655492
6875.3000 0.07664947
6875.3500 0.08005587
6875.4000 0.08435607
6875.4500 0.08865628
6875.5000 0.09295648
6875.5500 0.09725668
6875.6000 0.10391419
6875.6500 0.1134932
6875.7000 0.12307221
6875.7500 0.13265122
6875.8000 0.14223023
6875.8500 0.14937984
6875.9000 0.13639047
6875.9500 0.12340111
6876.0000 0.11041174
6876.0500 0.09742237
6876.1000 0.084433
6876.1500 0.09491846
6876.2000 0.1123869
6876.2500 0.12985533
6876.3000 0.14732376
6876.3500 0.16479219
6876.4000 0.16970335
6876.4500 0.15835894
6876.5000 0.14701452
6876.5500 0.1356701
6876.6000 0.12432568
6876.6500 0.11407133
6876.7000 0.11331886
6876.7500 0.11256639
6876.8000 0.11181392
6876.8500 0.11106144
6876.9000 0.11030897
6876.9500 0.10757258
6877.0000 0.10425031
6877.0500 0.10092803
6877.1000 0.09760576
6877.1500 0.09428348
6877.2000 0.08752291
6877.2500 0.07644127
6877.3000 0.06535962
6877.3500 0.05427798
6877.4000 0.04319634
6877.4500 0.03354183
6877.5000 0.03473891
6877.5500 0.03593598
6877.6000 0.03713306
6877.6500 0.03833014
6877.7000 0.03952722
6877.7500 0.0486435
6877.8000 0.05984781
6877.8500 0.07105211
6877.9000 0.08225641
6877.9500 0.09346072
6878.0000 0.10139952
6878.0500 0.10563343
6878.1000 0.10986734
6878.1500 0.11410125
6878.2000 0.11833516
6878.2500 0.12128633
6878.3000 0.11683106
6878.3500 0.11237578
6878.4000 0.1079205
6878.4500 0.10346523
6878.5000 0.09900995
6878.5500 0.11748183
6878.6000 0.14069024
6878.6500 0.16389864
6878.7000 0.18710705
6878.7500 0.21031546
6878.8000 0.21426266
6878.8500 0.19984811
6878.9000 0.18543356
6878.9500 0.17101902
6879.0000 0.15660447
6879.0500 0.14289041
6879.1000 0.13202905
6879.1500 0.12116769
6879.2000 0.11030633
6879.2500 0.09944496
6879.3000 0.0885836
6879.3500 0.0902459
6879.4000 0.09354601
6879.4500 0.09684611
6879.5000 0.10014622
6879.5500 0.10344632
6879.6000 0.11339255
6879.6500 0.1282799
6879.7000 0.14316725
6879.7500 0.1580546
6879.8000 0.17294195
6879.8500 0.18519203
6879.9000 0.19012058
6879.9500 0.19504912
6880.0000 0.19997766
6880.0500 0.20490621
6880.1000 0.20983475
6880.1500 0.19085342
6880.2000 0.17082603
6880.2500 0.15079863
6880.3000 0.13077124
6880.3500 0.11074385
6880.4000 0.11362563
6880.4500 0.12866113
6880.5000 0.14369664
6880.5500 0.15873214
6880.6000 0.17376764
6880.6500 0.17688259
6880.7000 0.15792615
6880.7500 0.1389697
6880.8000 0.12001326
6880.8500 0.10105682
6880.9000 0.08377617
6880.9500 0.09831658
6881.0000 0.11285698
6881.0500 0.12739739
6881.1000 0.1419378
6881.1500 0.15647821
6881.2000 0.14417435
6881.2500 0.12298888
6881.3000 0.10180341
6881.3500 0.08061795
6881.4000 0.05943248
6881.4500 0.05203625
6881.5000 0.06117065
6881.5500 0.07030505
6881.6000 0.07943944
6881.6500 0.08857384
6881.7000 0.09555431
6881.7500 0.09124495
6881.8000 0.08693559
6881.8500 0.08262623
6881.9000 0.07831687
6881.9500 0.07400751
6882.0000 0.07949234
6882.0500 0.08647084
6882.1000 0.09344933
6882.1500 0.10042782
6882.2000 0.10740631
6882.2500 0.10714397
6882.3000 0.101577
6882.3500 0.09601002
6882.4000 0.09044305
6882.4500 0.08487607
6882.5000 0.08823819
6882.5500 0.11360072
6882.6000 0.13896326
6882.6500 0.16432579
6882.7000 0.18968833
6882.7500 0.21495614
6882.8000 0.19825971
6882.8500 0.18156327
6882.9000 0.16486684
6882.9500 0.1481704
6883.0000 0.13147397
6883.0500 0.12627007
6883.1000 0.12558331
6883.1500 0.12489655
6883.2000 0.12420979
6883.2500 0.12352303
6883.3000 0.12835123
6883.3500 0.14032842
6883.4000 0.1523056
6883.4500 0.16428279
6883.5000 0.17625997
6883.5500 0.18579018
6883.6000 0.18199684
6883.6500 0.1782035
6883.7000 0.17441016
6883.7500 0.17061682
6883.8000 0.16682348
6883.8500 0.19008747
6883.9000 0.21715054
6883.9500 0.24421361
6884.0000 0.27127669
6884.0500 0.29833976
6884.1000 0.28921659
6884.1500 0.25603334
6884.2000 0.22285009
6884.2500 0.18966684
6884.3000 0.15648358
6884.3500 0.13327902
6884.4000 0.1306638
6884.4500 0.12804859
6884.5000 0.12543338
6884.5500 0.12281816
6884.6000 0.12108667
6884.6500 0.13474911
6884.7000 0.14841154
6884.7500 0.16207397
6884.8000 0.17573641
6884.8500 0.18939884
6884.9000 0.19770948
6884.9500 0.20454726
6885.0000 0.21138505
6885.0500 0.21822284
6885.1000 0.22506062
6885.1500 0.21403053
6885.2000 0.18624939
6885.2500 0.15846824
6885.3000 0.1306871
6885.3500 0.10290596
6885.4000 0.08699665
6885.4500 0.10667938
6885.5000 0.1263621
6885.5500 0.14604483
6885.6000 0.16572755
6885.6500 0.18541028
6885.7000 0.20026782
6885.7500 0.21505768
6885.8000 0.22984754
6885.8500 0.24463741
6885.9000 0.25942727
6885.9500 0.21745526
6886.0000 0.1538734
6886.0500 0.09029154
6886.1000 0.02670969
6886.1500 -0.03687217
6886.2000 -0.05062676
6886.2500 -0.00691823
6886.3000 0.03679029
6886.3500 0.08049882
6886.4000 0.12420734
6886.4500 0.16117512
6886.5000 0.17225981
6886.5500 0.1833445
6886.6000 0.19442919
6886.6500 0.20551388
6886.7000 0.21659857
6886.7500 0.23000008
6886.8000 0.24352128
6886.8500 0.25704247
6886.9000 0.27056366
6886.9500 0.28408485
6887.0000 0.27174197
6887.0500 0.24816621
6887.1000 0.22459046
6887.1500 0.20101471
6887.2000 0.17743895
6887.2500 0.17917202
6887.3000 0.21239581
6887.3500 0.2456196
6887.4000 0.27884339
6887.4500 0.31206719
6887.5000 0.33262288
6887.5500 0.30122048
6887.6000 0.26981807
6887.6500 0.23841567
6887.7000 0.20701326
6887.7500 0.17561086
6887.8000 0.18260778
6887.8500 0.19168866
6887.9000 0.20076955
6887.9500 0.20985043
6888.0000 0.21893132
6888.0500 0.21960696
6888.1000 0.2167331
6888.1500 0.21385923
6888.2000 0.21098537
6888.2500 0.2081115
6888.3000 0.2050445
6888.3500 0.20175051
6888.4000 0.19845653
6888.4500 0.19516254
6888.5000 0.19186856
6888.5500 0.19322555
6888.6000 0.21122584
6888.6500 0.22922613
6888.7000 0.24722642
6888.7500 0.26522672
6888.8000 0.28322701
6888.8500 0.25204838
6888.9000 0.21982397
6888.9500 0.18759957
6889.0000 0.15537517
6889.0500 0.12315077
6889.1000 0.14953035
6889.1500 0.19628589
6889.2000 0.24304143
6889.2500 0.28979697
6889.3000 0.33655251
6889.3500 0.3436963
6889.4000 0.31230892
6889.4500 0.28092154
6889.5000 0.24953416
6889.5500 0.21814678
6889.6000 0.19635817
6889.6500 0.20001701
6889.7000 0.20367585
6889.7500 0.20733469
6889.8000 0.21099353
6889.8500 0.21459734
6889.9000 0.21697471
6889.9500 0.21935208
6890.0000 0.22172945
6890.0500 0.22410682
6890.1000 0.2264842
6890.1500 0.22963391
6890.2000 0.23296003
6890.2500 0.23628615
6890.3000 0.23961227
6890.3500 0.24293839
6890.4000 0.22616973
6890.4500 0.1952779
6890.5000 0.16438607
6890.5500 0.13349424
6890.6000 0.10260241
6890.6500 0.09197623
6890.7000 0.11698432
6890.7500 0.14199241
6890.8000 0.16700049
6890.8500 0.19200858
6890.9000 0.21193874
6890.9500 0.20064713
6891.0000 0.18935553
6891.0500 0.17806393
6891.1000 0.16677233
6891.1500 0.15548073
6891.2000 0.15183163
6891.2500 0.1488532
6891.3000 0.14587478
6891.3500 0.14289635
6891.4000 0.13991793
6891.4500 0.13810607
6891.5000 0.13679217
6891.5500 0.13547827
6891.6000 0.13416438
6891.6500 0.13285048
6891.7000 0.14305753
6891.7500 0.16552566
6891.8000 0.1879938
6891.8500 0.21046193
6891.9000 0.23293006
6891.9500 0.24133797
6892.0000 0.21175482
6892.0500 0.18217167
6892.1000 0.15258851
6892.1500 0.12300536
6892.2000 0.09522616
6892.2500 0.09680385
6892.3000 0.09838154
6892.3500 0.09995923
6892.4000 0.10153692
6892.4500 0.10311462
6892.5000 0.11626406
6892.5500 0.13149175
6892.6000 0.14671943
6892.6500 0.16194712
6892.7000 0.17717481
6892.7500 0.18896691
6892.8000 0.1988239
6892.8500 0.2086809
6892.9000 0.2185379
6892.9500 0.22839489
6893.0000 -0.1560426
6893.0500 -1.05527148
6893.1000 -1.95450036
6893.1500 -2.85372924
6893.2000 -3.75295812
6893.2500 -4.23950022
6893.3000 -3.34328218
6893.3500 -2.44706414
6893.4000 -1.5508461
6893.4500 -0.65462806
6893.5000 0.21668891
6893.5500 0.22579872
6893.6000 0.23490853
6893.6500 0.24401834
6893.7000 0.25312815
6893.7500 0.26223796
6893.8000 0.27258107
6893.8500 0.28317968
6893.9000 0.29377829
6893.9500 0.3043769
6894.0000 0.31497552
6894.0500 0.31689792
6894.1000 0.313742
6894.1500 0.31058608
6894.2000 0.30743017
6894.2500 0.30427425
6894.3000 0.29916078
6894.3500 0.29150777
6894.4000 0.28385477
6894.4500 0.27620176
6894.5000 0.26854875
6894.5500 0.26598453
6894.6000 0.27936859
6894.6500 0.29275266
6894.7000 0.30613672
6894.7500 0.31952078
6894.8000 0.33035395
6894.8500 0.29332306
6894.9000 0.25629217
6894.9500 0.21926128
6895.0000 0.18223039
6895.0500 0.1451995
6895.1000 0.14173692
6895.1500 0.14367548
6895.2000 0.14561405
6895.2500 0.14755261
6895.3000 0.14949117
6895.3500 0.14111941
6895.4000 0.12776771
6895.4500 0.114416
6895.5000 0.10106429
6895.5500 0.08771258
6895.6000 0.09555104
6895.6500 0.12550515
6895.7000 0.15545926
6895.7500 0.18541336
6895.8000 0.21536747
6895.8500 0.23045879
6895.9000 0.21190961
6895.9500 0.19336043
6896.0000 0.17481125
6896.0500 0.15626207
6896.1000 0.14281254
6896.1500 0.16484985
6896.2000 0.18688717
6896.2500 0.20892449
6896.3000 0.23096181
6896.3500 0.25299913
6896.4000 0.27144034
6896.4500 0.2896802
6896.5000 0.30792006
6896.5500 0.32615992
6896.6000 0.34439978
6896.6500 0.33031921
6896.7000 0.30660708
6896.7500 0.28289495
6896.8000 0.25918281
6896.8500 0.23547068
6896.9000 0.24591884
6896.9500 0.27952623
6897.0000 0.31313361
6897.0500 0.34674099
6897.1000 0.38034838
6897.1500 0.38552064
6897.2000 0.35200436
6897.2500 0.31848807
6897.3000 0.28497179
6897.3500 0.25145551
6897.4000 0.22588809
6897.4500 0.2237411
6897.5000 0.2215941
6897.5500 0.21944711
6897.6000 0.21730012
6897.6500 0.21527753
6897.7000 0.21458921
6897.7500 0.21390089
6897.8000 0.21321257
6897.8500 0.21252425
6897.9000 0.21183593
6897.9500 0.19380281
6898.0000 0.17424687
6898.0500 0.15469093
6898.1000 0.13513498
6898.1500 0.11557904
6898.2000 0.13000579
6898.2500 0.15543553
6898.3000 0.18086526
6898.3500 0.20629499
6898.4000 0.23172473
6898.4500 0.22961939
6898.5000 0.20866665
6898.5500 0.18771391
6898.6000 0.16676118
6898.6500 0.14580844
6898.7000 0.14175118
6898.7500 0.15972687
6898.8000 0.17770256
6898.8500 0.19567826
6898.9000 0.21365395
6898.9500 0.22468432
6899.0000 0.21754103
6899.0500 0.21039774
6899.1000 0.20325445
6899.1500 0.19611116
6899.2000 0.19212031
6899.2500 0.21100794
6899.3000 0.22989558
6899.3500 0.24878321
6899.4000 0.26767085
6899.4500 0.28655848
6899.5000 0.26976244
6899.5500 0.25178046
6899.6000 0.23379847
6899.6500 0.21581648
6899.7000 0.1978345
6899.7500 0.19827568
6899.8000 0.202852
6899.8500 0.20742832
6899.9000 0.21200464
6899.9500 0.21658096
6900.0000 0.23416493
6900.0500 0.25822327
6900.1000 0.2822816
6900.1500 0.30633994
6900.2000 0.33039827
6900.2500 0.330489
6900.3000 0.30852548
6900.3500 0.28656196
6900.4000 0.26459844
6900.4500 0.24263492
6900.5000 0.23876466
6900.5500 0.26491766
6900.6000 0.29107066
6900.6500 0.31722366
6900.7000 0.34337666
6900.7500 0.35919602
6900.8000 0.34107545
6900.8500 0.32295488
6900.9000 0.3048343
6900.9500 0.28671373
6901.0000 0.26848337
6901.0500 0.24918118
6901.1000 0.22987899
6901.1500 0.21057681
6901.2000 0.19127462
6901.2500 0.17197243
6901.3000 0.16144195
6901.3500 0.15132911
6901.4000 0.14121626
6901.4500 0.13110341
6901.5000 0.12099057
6901.5500 0.11407636
6901.6000 0.10787226
6901.6500 0.10166815
6901.7000 0.09546405
6901.7500 0.08925995
6901.8000 0.0915115
6901.8500 0.09766508
6901.9000 0.10381866
6901.9500 0.10997224
6902.0000 0.11612582
6902.0500 0.11851715
6902.1000 0.11785868
6902.1500 0.11720022
6902.2000 0.11654176
6902.2500 0.1158833
6902.3000 0.11523769
6902.3500 0.11460962
6902.4000 0.11398156
6902.4500 0.1133535
6902.5000 0.11272544
6902.5500 0.11579453
6902.6000 0.12770682
6902.6500 0.13961912
6902.7000 0.15153141
6902.7500 0.16344371
6902.8000 0.17439222
6902.8500 0.18061163
6902.9000 0.18683103
6902.9500 0.19305044
6903.0000 0.19926984
6903.0500 0.20643214
6903.1000 0.23318702
6903.1500 0.2599419
6903.2000 0.28669678
6903.2500 0.31345166
6903.3000 0.34020654
6903.3500 0.31337241
6903.4000 0.28217318
6903.4500 0.25097395
6903.5000 0.21977473
6903.5500 0.1885755
6903.6000 0.15744993
6903.6500 0.12634212
6903.7000 0.09523431
6903.7500 0.06412651
6903.8000 0.0330187
6903.8500 0.01725471
6903.9000 0.00842786
6903.9500 -0.00039898
6904.0000 -0.00922583
6904.0500 -0.01805268
6904.1000 -0.01507735
6904.1500 -0.00333792
6904.2000 0.0084015
6904.2500 0.02014093
6904.3000 0.03188036
6904.3500 0.0362046
6904.4000 0.03186673
6904.4500 0.02752886
6904.5000 0.02319099
6904.5500 0.01885312
6904.6000 0.02148451
6904.6500 0.03701722
6904.7000 0.05254992
6904.7500 0.06808263
6904.8000 0.08361534
6904.8500 0.0963026
6904.9000 0.10009659
6904.9500 0.10389059
6905.0000 0.10768459
6905.0500 0.11147859
6905.1000 0.11105994
6905.1500 0.08392846
6905.2000 0.05679699
6905.2500 0.02966552
6905.3000 0.00253404
6905.3500 -0.02249948
6905.4000 0.01552955
6905.4500 0.05355857
6905.5000 0.0915876
6905.5500 0.12961663
6905.6000 0.16764565
6905.6500 0.17500588
6905.7000 0.18006947
6905.7500 0.18513305
6905.8000 0.19019664
6905.8500 0.19526022
6905.9000 0.19628883
6905.9500 0.19649466
6906.0000 0.19670049
6906.0500 0.19690632
6906.1000 0.19711215
6906.1500 0.19852583
6906.2000 0.20037931
6906.2500 0.20223278
6906.3000 0.20408625
6906.3500 0.20593973
6906.4000 0.19949408
6906.4500 0.18833334
6906.5000 0.17717261
6906.5500 0.16601188
6906.6000 0.15485115
6906.6500 0.12653576
6906.7000 0.08386839
6906.7500 0.04120102
6906.8000 -0.00146635
6906.8500 -0.04413372
6906.9000 -0.04719067
6906.9500 -0.00249923
6907.0000 0.0421922
6907.0500 0.08688363
6907.1000 0.13157506
6907.1500 0.15541515
6907.2000 0.14290643
6907.2500 0.13039771
6907.3000 0.11788899
6907.3500 0.10538027
6907.4000 0.10103009
6907.4500 0.11788857
6907.5000 0.13474704
6907.5500 0.15160552
6907.6000 0.168464
6907.6500 0.17535475
6907.7000 0.14063612
6907.7500 0.10591749
6907.8000 0.07119886
6907.8500 0.03648023
6907.9000 0.0106077
6907.9500 0.05567269
6908.0000 0.10073768
6908.0500 0.14580267
6908.1000 0.19086766
6908.1500 0.23441889
6908.2000 0.23012006
6908.2500 0.22582122
6908.3000 0.22152238
6908.3500 0.21722355
6908.4000 0.21292471
6908.4500 0.1774746
6908.5000 0.1404754
6908.5500 0.10347619
6908.6000 0.06647699
6908.6500 0.02947779
6908.7000 0.02707763
6908.7500 0.02954063
6908.8000 0.03200363
6908.8500 0.03446663
6908.9000 0.03692963
6908.9500 0.03960373
6909.0000 0.04232959
6909.0500 0.04505546
6909.1000 0.04778132
6909.1500 0.05050718
6909.2000 0.06125817
6909.2500 0.07495381
6909.3000 0.08864946
6909.3500 0.1023451
6909.4000 0.11604075
6909.4500 0.12241114
6909.5000 0.12504534
6909.5500 0.12767955
6909.6000 0.13031376
6909.6500 0.13294797
6909.7000 0.14588932
6909.7500 0.16584405
6909.8000 0.18579878
6909.8500 0.20575351
6909.9000 0.22570824
6909.9500 0.21528284
6910.0000 0.17792864
6910.0500 0.14057444
6910.1000 0.10322024
6910.1500 0.06586604
6910.2000 0.04511339
6910.2500 0.04328391
6910.3000 0.04145443
6910.3500 0.03962495
6910.4000 0.03779547
6910.4500 0.05037201
6910.5000 0.08396251
6910.5500 0.11755301
6910.6000 0.15114351
6910.6500 0.18473401
6910.7000 0.19175741
6910.7500 0.14907187
6910.8000 0.10638633
6910.8500 0.06370078
6910.9000 0.02101524
6910.9500 3.68729496
6911.0000 16.34347144
6911.0500 28.99964793
6911.1000 41.65582441
6911.1500 54.3120009
6911.2000 60.94708388
6911.2500 48.30748435
6911.3000 35.66788483
6911.3500 23.0282853
6911.4000 10.38868577
6911.4500 0.10159694
6911.5000 0.09806816
6911.5500 0.09453937
6911.6000 0.09101059
6911.6500 0.08748181
6911.7000 0.08330665
6911.7500 0.07504291
6911.8000 0.06677917
6911.8500 0.05851543
6911.9000 0.0502517
6911.9500 0.04375322
6912.0000 0.05531448
6912.0500 0.06687574
6912.1000 0.07843701
6912.1500 0.08999827
6912.2000 0.10030381
6912.2500 0.08317315
6912.3000 0.06604249
6912.3500 0.04891183
6912.4000 0.03178117
6912.4500 0.01465755
6912.5000 0.0078032
6912.5500 0.00094885
6912.6000 -0.0059055
6912.6500 -0.01275986
6912.7000 -0.01961421
6912.7500 -0.02285057
6912.8000 -0.02593539
6912.8500 -0.02902022
6912.9000 -0.03210504
6912.9500 -0.03518986
6913.0000 -0.01953768
6913.0500 -0.00228082
6913.1000 0.01497603
6913.1500 0.03223289
6913.2000 0.04948975
6913.2500 0.0424345
6913.3000 0.03220848
6913.3500 0.02198246
6913.4000 0.01175644
6913.4500 0.00153042
6913.5000 0
6913.5500 0
6913.6000 0
6913.6500 0
6913.7000 0
6913.7500 0
6913.8000 0
6913.8500 0
6913.9000 0
6913.9500 0
6914.0000 0
6914.0500 0
6914.1000 0
6914.1500 0
6914.2000 0
6914.2500 0
6914.3000 0
6914.3500 0
6914.4000 0
6914.4500 0
6914.5000 0
6914.5500 0
6914.6000 0
6914.6500 0
6914.7000 0
