5015.0500 4.80541945
5015.1000 4.78708461
5015.1500 4.8054267
5015.2000 4.82376879
5015.2500 4.84211088
5015.3000 4.86045297
5015.3500 4.75335966
5015.4000 4.63281872
5015.4500 4.51227778
5015.5000 4.39173684
5015.5500 4.31085941
5015.6000 4.52868429
5015.6500 4.74650917
5015.7000 4.96433406
5015.7500 5.18215894
5015.8000 5.24143353
5015.8500 4.98230832
5015.9000 4.72318312
5015.9500 4.46405792
5016.0000 4.20493272
5016.0500 4.12744288
5016.1000 4.19929366
5016.1500 4.27114445
5016.2000 4.34299523
5016.2500 4.41484602
5016.3000 4.44843952
5016.3500 4.47036605
5016.4000 4.49229258
5016.4500 4.51421912
5016.5000 4.53614565
5016.5500 4.56190752
5016.6000 4.58772785
5016.6500 4.61354818
5016.7000 4.63936852
5016.7500 4.640113
5016.8000 4.54350496
5016.8500 4.44689692
5016.9000 4.35028888
5016.9500 4.25368085
5017.0000 4.19862901
5017.0500 4.19961292
5017.1000 4.20059683
5017.1500 4.20158073
5017.2000 4.20256464
5017.2500 4.29480737
5017.3000 4.43662912
5017.3500 4.57845087
5017.4000 4.72027262
5017.4500 4.86209437
5017.5000 4.75273102
5017.5500 4.60626037
5017.6000 4.45978971
5017.6500 4.31331905
5017.7000 4.18253326
5017.7500 4.19985386
5017.8000 4.21717446
5017.8500 4.23449506
5017.9000 4.25181566
5017.9500 4.26216848
5018.0000 4.25780948
5018.0500 4.25345048
5018.1000 4.24909147
5018.1500 4.24473247
5018.2000 4.29303441
5018.2500 4.38473773
5018.3000 4.47644105
5018.3500 4.56814437
5018.4000 4.65984769
5018.4500 4.62393952
5018.5000 4.55122794
5018.5500 4.47851637
5018.6000 4.40580479
5018.6500 4.33353808
5018.7000 4.34512506
5018.7500 4.35671203
5018.8000 4.36829901
5018.8500 4.37988598
5018.9000 4.37732652
5018.9500 4.32885953
5019.0000 4.28039254
5019.0500 4.23192555
5019.1000 4.18345856
5019.1500 4.17452087
5019.2000 4.2106972
5019.2500 4.24687352
5019.3000 4.28304984
5019.3500 4.31922616
5019.4000 4.3321201
5019.4500 4.33501791
5019.5000 4.33791573
5019.5500 4.34081354
5019.6000 4.34371136
5019.6500 4.36341285
5019.7000 4.38431335
5019.7500 4.40521385
5019.8000 4.42611435
5019.8500 4.45015705
5019.9000 4.48972344
5019.9500 4.52928982
5020.0000 4.56885621
5020.0500 4.6084226
5020.1000 4.59530152
5020.1500 4.50459687
5020.2000 4.41389221
5020.2500 4.32318755
5020.3000 4.23248289
5020.3500 4.29343123
5020.4000 4.43905059
5020.4500 4.58466994
5020.5000 4.7302893
5020.5500 4.87590865
5020.6000 4.81240759
5020.6500 4.72043168
5020.7000 4.62845577
5020.7500 4.53647985
5020.8000 4.44097173
5020.8500 4.3195013
5020.9000 4.19803086
5020.9500 4.07656042
5021.0000 3.95508998
5021.0500 3.90040916
5021.1000 3.96419317
5021.1500 4.02797719
5021.2000 4.09176121
5021.2500 4.15554522
5021.3000 4.17729332
5021.3500 4.17130442
5021.4000 4.16531552
5021.4500 4.15932662
5021.5000 4.15333771
5021.5500 4.19012354
5021.6000 4.23472125
5021.6500 4.27931897
5021.7000 4.32391668
5021.7500 4.36690489
5021.8000 4.39358912
5021.8500 4.42027334
5021.9000 4.44695757
5021.9500 4.4736418
5022.0000 4.464235
5022.0500 4.38327879
5022.1000 4.30232257
5022.1500 4.22136635
5022.2000 4.14041014
5022.2500 4.14973663
5022.3000 4.22393057
5022.3500 4.29812451
5022.4000 4.37231846
5022.4500 4.4465124
5022.5000 4.44436807
5022.5500 4.42655362
5022.6000 4.40873916
5022.6500 4.3909247
5022.7000 4.36962373
5022.7500 4.30747469
5022.8000 4.24532565
5022.8500 4.1831766
5022.9000 4.12102756
5022.9500 4.06825018
5023.0000 4.03460684
5023.0500 4.00096351
5023.1000 3.96732017
5023.1500 3.93367683
5023.2000 3.96310971
5023.2500 4.03820733
5023.3000 4.11330494
5023.3500 4.18840256
5023.4000 4.26350017
5023.4500 4.23724873
5023.5000 4.19060951
5023.5500 4.14397029
5023.6000 4.09733108
5023.6500 4.05773514
5023.7000 4.09283826
5023.7500 4.12794137
5023.8000 4.16304449
5023.8500 4.19814761
5023.9000 4.21164016
5023.9500 4.18336461
5024.0000 4.15508906
5024.0500 4.12681351
5024.1000 4.09853796
5024.1500 4.01980489
5024.2000 3.90700515
5024.2500 3.79420542
5024.3000 3.68140568
5024.3500 3.56860594
5024.4000 3.65425352
5024.4500 3.77379583
5024.5000 3.89333813
5024.5500 4.01288043
5024.6000 4.11565786
5024.6500 4.08611099
5024.7000 4.05656413
5024.7500 4.02701726
5024.8000 3.99747039
5024.8500 3.98918247
5024.9000 4.01679028
5024.9500 4.04439809
5025.0000 4.0720059
5025.0500 4.09961371
5025.1000 4.08462069
5025.1500 4.04488981
5025.2000 4.00515893
5025.2500 3.96542805
5025.3000 3.92569717
5025.3500 3.92147113
5025.4000 3.92143302
5025.4500 3.92139491
5025.5000 3.92135679
5025.5500 3.93995072
5025.6000 4.05819368
5025.6500 4.17643664
5025.7000 4.29467961
5025.7500 4.41292257
5025.8000 4.42723734
5025.8500 4.29904824
5025.9000 4.17085915
5025.9500 4.04267005
5026.0000 3.91448095
5026.0500 3.88354135
5026.1000 3.89688502
5026.1500 3.91022868
5026.2000 3.92357235
5026.2500 3.93691602
5026.3000 4.00930856
5026.3500 4.08456918
5026.4000 4.1598298
5026.4500 4.23509043
5026.5000 4.27559695
5026.5500 4.19389633
5026.6000 4.11219571
5026.6500 4.03049509
5026.7000 3.94879446
5026.7500 3.93023313
5026.8000 3.97729986
5026.8500 4.02436658
5026.9000 4.07143331
5026.9500 4.11850003
5027.0000 4.14384883
5027.0500 4.16235559
5027.1000 4.18086234
5027.1500 4.1993691
5027.2000 4.21480261
5027.2500 4.13638599
5027.3000 4.05796937
5027.3500 3.97955275
5027.4000 3.90113613
5027.4500 3.84388713
5027.5000 3.83506349
5027.5500 3.82623985
5027.6000 3.81741621
5027.6500 3.80859257
5027.7000 3.80429622
5027.7500 3.803308
5027.8000 3.80231978
5027.8500 3.80133157
5027.9000 3.80034335
5027.9500 3.86688748
5028.0000 3.94510556
5028.0500 4.02332364
5028.1000 4.10154172
5028.1500 4.16667063
5028.2000 4.14311427
5028.2500 4.11955791
5028.3000 4.09600155
5028.3500 4.07244519
5028.4000 4.03479784
5028.4500 3.9765164
5028.5000 3.91823497
5028.5500 3.85995353
5028.6000 3.80167209
5028.6500 3.8162441
5028.7000 3.86445073
5028.7500 3.91265735
5028.8000 3.96086397
5028.8500 4.0090706
5028.9000 3.98855831
5028.9500 3.9654567
5029.0000 3.94235509
5029.0500 3.91925349
5029.1000 3.91810733
5029.1500 3.98483511
5029.2000 4.05156288
5029.2500 4.11829065
5029.3000 4.18501842
5029.3500 4.15335403
5029.4000 4.03313837
5029.4500 3.9129227
5029.5000 3.79270704
5029.5500 3.67249137
5029.6000 3.7256621
5029.6500 3.81965926
5029.7000 3.91365642
5029.7500 4.00765359
5029.8000 4.09498988
5029.8500 4.1178902
5029.9000 4.14079053
5029.9500 4.16369085
5030.0000 4.18659118
5030.0500 4.17912442
5030.1000 4.12193164
5030.1500 4.06473886
5030.2000 4.00754608
5030.2500 3.9503533
5030.3000 3.93511073
5030.3500 3.94092589
5030.4000 3.94674106
5030.4500 3.95255622
5030.5000 3.95837138
5030.5500 3.96626433
5030.6000 3.97425832
5030.6500 3.98225232
5030.7000 3.99024631
5030.7500 4.01480055
5030.8000 4.0910449
5030.8500 4.16728925
5030.9000 4.2435336
5030.9500 4.31977795
5031.0000 4.29544265
5031.0500 4.18292654
5031.1000 4.07041042
5031.1500 3.95789431
5031.2000 3.8453782
5031.2500 3.90518498
5031.3000 4.00173955
5031.3500 4.09829411
5031.4000 4.19484868
5031.4500 4.27012442
5031.5000 4.18451299
5031.5500 4.09890156
5031.6000 4.01329014
5031.6500 3.92767871
5031.7000 3.86914904
5031.7500 3.84949814
5031.8000 3.82984724
5031.8500 3.81019634
5031.9000 3.79054544
5031.9500 3.83415866
5032.0000 3.90417686
5032.0500 3.97419505
5032.1000 4.04421325
5032.1500 4.11411347
5032.2000 4.11353149
5032.2500 4.11294951
5032.3000 4.11236752
5032.3500 4.11178554
5032.4000 4.09645264
5032.4500 4.04653687
5032.5000 3.99662111
5032.5500 3.94670535
5032.6000 3.89678959
5032.6500 3.89128907
5032.7000 3.91570552
5032.7500 3.94012196
5032.8000 3.96453841
5032.8500 3.98895485
5032.9000 3.97294297
5032.9500 3.95230061
5033.0000 3.93165824
5033.0500 3.91101588
5033.1000 3.90145975
5033.1500 3.93676983
5033.2000 3.97207991
5033.2500 4.00738999
5033.3000 4.04270007
5033.3500 4.05248589
5033.4000 4.03677086
5033.4500 4.02105584
5033.5000 4.00534082
5033.5500 3.98962579
5033.6000 3.9443998
5033.6500 3.8919574
5033.7000 3.83951501
5033.7500 3.78707261
5033.8000 3.74716983
5033.8500 3.81084514
5033.9000 3.87452046
5033.9500 3.93819577
5034.0000 4.00187108
5034.0500 4.00835846
5034.1000 3.93378499
5034.1500 3.85921152
5034.2000 3.78463805
5034.2500 3.71006458
5034.3000 3.67963925
5034.3500 3.66633827
5034.4000 3.65303729
5034.4500 3.63973631
5034.5000 3.62875386
5034.5500 3.69658674
5034.6000 3.76441961
5034.6500 3.83225249
5034.7000 3.90008537
5034.7500 3.92424771
5034.8000 3.86281116
5034.8500 3.80137461
5034.9000 3.73993806
5034.9500 3.67850151
5035.0000 3.69314587
5035.0500 3.7490694
5035.1000 3.80499292
5035.1500 3.86091645
5035.2000 3.91683998
5035.2500 3.86186297
5035.3000 3.80225395
5035.3500 3.74264492
5035.4000 3.6830359
5035.4500 3.63751301
5035.5000 3.6295506
5035.5500 3.6215882
5035.6000 3.6136258
5035.6500 3.6056634
5035.7000 3.60681323
5035.7500 3.61438032
5035.8000 3.62194741
5035.8500 3.6295145
5035.9000 3.63708159
5035.9500 3.62963174
5036.0000 3.62055024
5036.0500 3.61146875
5036.1000 3.60238725
5036.1500 3.59831498
5036.2000 3.61216771
5036.2500 3.62602044
5036.3000 3.63987318
5036.3500 3.65372591
5036.4000 3.67523503
5036.4500 3.70337111
5036.5000 3.73150719
5036.5500 3.75964328
5036.6000 3.78777936
5036.6500 3.76019103
5036.7000 3.72314109
5036.7500 3.68609114
5036.8000 3.6490412
5036.8500 3.62103175
5036.9000 3.63568116
5036.9500 3.65033057
5037.0000 3.66497998
5037.0500 3.67962939
5037.1000 3.65432588
5037.1500 3.58843795
5037.2000 3.52255003
5037.2500 3.4566621
5037.3000 3.39077417
5037.3500 3.37478116
5037.4000 3.36985285
5037.4500 3.36492454
5037.5000 3.35999624
5037.5500 3.365154
5037.6000 3.43120308
5037.6500 3.49725217
5037.7000 3.56330125
5037.7500 3.62935034
5037.8000 3.65684123
5037.8500 3.64030932
5037.9000 3.6237774
5037.9500 3.60724549
5038.0000 3.59071358
5038.0500 3.55210446
5038.1000 3.5077298
5038.1500 3.46335515
5038.2000 3.41898049
5038.2500 3.38463986
5038.3000 3.42378662
5038.3500 3.46293338
5038.4000 3.50208013
5038.4500 3.54122689
5038.5000 3.56275456
5038.5500 3.56262128
5038.6000 3.56248799
5038.6500 3.56235471
5038.7000 3.56222142
5038.7500 3.5772209
5038.8000 3.59653432
5038.8500 3.61584774
5038.9000 3.63516116
5038.9500 3.6554445
5039.0000 3.68365764
5039.0500 3.71187078
5039.1000 3.74008392
5039.1500 3.76829706
5039.2000 3.76749675
5039.2500 3.72992016
5039.3000 3.69234357
5039.3500 3.65476697
5039.4000 3.61719038
5039.4500 3.5982846
5039.5000 3.58482348
5039.5500 3.57136235
5039.6000 3.55790122
5039.6500 3.55055988
5039.7000 3.5934233
5039.7500 3.63628672
5039.8000 3.67915013
5039.8500 3.72201355
5039.9000 3.72336311
5039.9500 3.67278633
5040.0000 3.62220954
5040.0500 3.57163276
5040.1000 3.52105598
5040.1500 3.5401202
5040.2000 3.57869903
5040.2500 3.61727785
5040.3000 3.65585668
5040.3500 3.69206062
5040.4000 3.71070882
5040.4500 3.72935702
5040.5000 3.74800522
5040.5500 3.76665343
5040.6000 3.7581673
5040.6500 3.71762229
5040.7000 3.67707729
5040.7500 3.63653228
5040.8000 3.59598727
5040.8500 3.60350864
5040.9000 3.62313281
5040.9500 3.64275698
5041.0000 3.66238115
5041.0500 3.67856858
5041.1000 3.67373385
5041.1500 3.66889912
5041.2000 3.66406439
5041.2500 3.65922966
5041.3000 3.6325003
5041.3500 3.58237026
5041.4000 3.53224023
5041.4500 3.4821102
5041.5000 3.43198016
5041.5500 3.43186615
5041.6000 3.44218232
5041.6500 3.4524985
5041.7000 3.46281467
5041.7500 3.47127518
5041.8000 3.47084795
5041.8500 3.47042073
5041.9000 3.4699935
5041.9500 3.46956627
5042.0000 3.48365911
5042.0500 3.51119743
5042.1000 3.53873575
5042.1500 3.56627406
5042.2000 3.59381238
5042.2500 3.59827231
5042.3000 3.59918917
5042.3500 3.60010603
5042.4000 3.60102288
5042.4500 3.59522033
5042.5000 3.56500198
5042.5500 3.53478364
5042.6000 3.50456529
5042.6500 3.47434694
5042.7000 3.45562159
5042.7500 3.44571146
5042.8000 3.43580134
5042.8500 3.42589121
5042.9000 3.41598109
5042.9500 3.43170181
5043.0000 3.44973475
5043.0500 3.46776768
5043.1000 3.48580062
5043.1500 3.50765075
5043.2000 3.53983257
5043.2500 3.5720144
5043.3000 3.60419622
5043.3500 3.63637804
5043.4000 3.63747631
5043.4500 3.61980748
5043.5000 3.60213864
5043.5500 3.58446981
5043.6000 3.56680097
5043.6500 3.51663826
5043.7000 3.46576126
5043.7500 3.41488427
5043.8000 3.36400727
5043.8500 3.33976496
5043.9000 3.36847532
5043.9500 3.39718568
5044.0000 3.42589604
5044.0500 3.4546064
5044.1000 3.46682343
5044.1500 3.47170091
5044.2000 3.4765784
5044.2500 3.48145589
5044.3000 3.48720648
5044.3500 3.50932705
5044.4000 3.53144762
5044.4500 3.55356818
5044.5000 3.57568875
5044.5500 3.59146381
5044.6000 3.59812421
5044.6500 3.60478462
5044.7000 3.61144502
5044.7500 3.61810542
5044.8000 3.6172216
5044.8500 3.6141029
5044.9000 3.6109842
5044.9500 3.6078655
5045.0000 3.60379583
5045.0500 3.59356429
5045.1000 3.58333276
5045.1500 3.57310122
5045.2000 3.56286969
5045.2500 3.54311525
5045.3000 3.51372867
5045.3500 3.48434209
5045.4000 3.4549555
5045.4500 3.42556892
5045.5000 3.3921401
5045.5500 3.35806312
5045.6000 3.32398615
5045.6500 3.28990918
5045.7000 3.27837817
5045.7500 3.34332002
5045.8000 3.40826188
5045.8500 3.47320373
5045.9000 3.53814559
5045.9500 3.57259442
5046.0000 3.58626943
5046.0500 3.59994443
5046.1000 3.61361944
5046.1500 3.62729444
5046.2000 3.60408918
5046.2500 3.57947102
5046.3000 3.55485285
5046.3500 3.53023469
5046.4000 3.51007595
5046.4500 3.49886426
5046.5000 3.48765257
5046.5500 3.47644088
5046.6000 3.46522919
5046.6500 3.46584111
5046.7000 3.47143914
5046.7500 3.47703716
5046.8000 3.48263518
5046.8500 3.48675702
5046.9000 3.47276252
5046.9500 3.45876802
5047.0000 3.44477352
5047.0500 3.43077903
5047.1000 3.41308303
5047.1500 3.39083599
5047.2000 3.36858895
5047.2500 3.34634191
5047.3000 3.32409487
5047.3500 3.36527745
5047.4000 3.42010823
5047.4500 3.474939
5047.5000 3.52976977
5047.5500 3.56965964
5047.6000 3.54924068
5047.6500 3.52882172
5047.7000 3.50840276
5047.7500 3.4879838
5047.8000 3.48116289
5047.8500 3.48437663
5047.9000 3.48759037
5047.9500 3.49080411
5048.0000 3.49401785
5048.0500 3.44976106
5048.1000 3.40318677
5048.1500 3.35661247
5048.2000 3.31003818
5048.2500 3.286062
5048.3000 3.30740413
5048.3500 3.32874626
5048.4000 3.35008838
5048.4500 3.37143051
5048.5000 3.37286899
5048.5500 3.36630504
5048.6000 3.35974108
5048.6500 3.35317713
5048.7000 3.35095752
5048.7500 3.39014238
5048.8000 3.42932725
5048.8500 3.46851211
5048.9000 3.50769697
5048.9500 3.51980773
5049.0000 3.50234117
5049.0500 3.4848746
5049.1000 3.46740804
5049.1500 3.44994148
5049.2000 3.43849303
5049.2500 3.42800743
5049.3000 3.41752183
5049.3500 3.40703623
5049.4000 3.39574565
5049.4500 3.38200719
5049.5000 3.36826873
5049.5500 3.35453027
5049.6000 3.3407918
5049.6500 3.33754905
5049.7000 3.34036322
5049.7500 3.34317738
5049.8000 3.34599155
5049.8500 3.34864007
5049.9000 3.34389746
5049.9500 3.33915485
5050.0000 3.33441225
5050.0500 3.32966964
5050.1000 3.32232156
5050.1500 3.31123933
5050.2000 3.3001571
5050.2500 3.28907486
5050.3000 3.27799263
5050.3500 3.301827
5050.4000 3.33432131
5050.4500 3.36681562
5050.5000 3.39930993
5050.5500 3.42775325
5050.6000 3.4392344
5050.6500 3.45071555
5050.7000 3.4621967
5050.7500 3.47367785
5050.8000 3.4687206
5050.8500 3.45212696
5050.9000 3.43553332
5050.9500 3.41893968
5051.0000 3.40234604
5051.0500 3.39577901
5051.1000 3.38942198
5051.1500 3.38306494
5051.2000 3.37670791
5051.2500 3.36805364
5051.3000 3.35556537
5051.3500 3.34307711
5051.4000 3.33058884
5051.4500 3.31810057
5051.5000 3.30748201
5051.5500 3.29741847
5051.6000 3.28735494
5051.6500 3.27729141
5051.7000 3.26627052
5051.7500 3.25053348
5051.8000 3.23479643
5051.8500 3.21905939
5051.9000 3.20332235
5051.9500 3.2078338
5052.0000 3.22776973
5052.0500 3.24770566
5052.1000 3.26764159
5052.1500 3.28757753
5052.2000 3.29851872
5052.2500 3.30915985
5052.3000 3.31980098
5052.3500 3.33044211
5052.4000 3.34138473
5052.4500 3.3528428
5052.5000 3.36430088
5052.5500 3.37575895
5052.6000 3.38721702
5052.6500 3.39316917
5052.7000 3.39749159
5052.7500 3.401814
5052.8000 3.40613642
5052.8500 3.40888741
5052.9000 3.40425065
5052.9500 3.39961388
5053.0000 3.39497711
5053.0500 3.39034034
5053.1000 3.39701966
5053.1500 3.41187936
5053.2000 3.42673906
5053.2500 3.44159876
5053.3000 3.45645846
5053.3500 3.4376883
5053.4000 3.41846375
5053.4500 3.3992392
5053.5000 3.38001465
5053.5500 3.36588409
5053.6000 3.35958353
5053.6500 3.35328297
5053.7000 3.3469824
5053.7500 3.34068184
5053.8000 3.33419143
5053.8500 3.32765441
5053.9000 3.32111739
5053.9500 3.31458037
5054.0000 3.31197932
5054.0500 3.32393756
5054.1000 3.3358958
5054.1500 3.34785404
5054.2000 3.35981227
5054.2500 3.36695941
5054.3000 3.37120739
5054.3500 3.37545538
5054.4000 3.37970336
5054.4500 3.38386475
5054.5000 3.3857336
5054.5500 3.38760246
5054.6000 3.38947132
5054.6500 3.39134017
5054.7000 3.38215472
5054.7500 3.35946087
5054.8000 3.33676702
5054.8500 3.31407317
5054.9000 3.29137932
5054.9500 3.29990278
5055.0000 3.31330151
5055.0500 3.32670025
5055.1000 3.34009898
5055.1500 3.34763042
5055.2000 3.34015177
5055.2500 3.33267313
5055.3000 3.32519448
5055.3500 3.31771583
5055.4000 3.32832418
5055.4500 3.34674387
5055.5000 3.36516357
5055.5500 3.38358326
5055.6000 3.3987856
5055.6500 3.38969884
5055.7000 3.38061208
5055.7500 3.37152532
5055.8000 3.36243855
5055.8500 3.35800645
5055.9000 3.35759104
5055.9500 3.35717562
5056.0000 3.35676021
5056.0500 3.3563448
5056.1000 3.34867564
5056.1500 3.34068721
5056.2000 3.33269879
5056.2500 3.32471036
5056.3000 3.30650277
5056.3500 3.27163123
5056.4000 3.2367597
5056.4500 3.20188816
5056.5000 3.16701663
5056.5500 3.18457514
5056.6000 3.21494251
5056.6500 3.24530988
5056.7000 3.27567725
5056.7500 3.29834724
5056.8000 3.29501754
5056.8500 3.29168785
5056.9000 3.28835815
5056.9500 3.28502845
5057.0000 3.26974218
5057.0500 3.24814236
5057.1000 3.22654254
5057.1500 3.20494272
5057.2000 3.1851424
5057.2500 3.18557443
5057.3000 3.18600645
5057.3500 3.18643848
5057.4000 3.18687051
5057.4500 3.20541557
5057.5000 3.24135229
5057.5500 3.27728901
5057.6000 3.31322572
5057.6500 3.34916244
5057.7000 3.32161325
5057.7500 3.29000319
5057.8000 3.25839313
5057.8500 3.22678307
5057.9000 3.21168612
5057.9500 3.22460474
5058.0000 3.23752337
5058.0500 3.250442
5058.1000 3.26336062
5058.1500 3.27831967
5058.2000 3.29377916
5058.2500 3.30923865
5058.3000 3.32469814
5058.3500 3.34083864
5058.4000 3.35917782
5058.4500 3.377517
5058.5000 3.39585619
5058.5500 3.41419537
5058.6000 3.3976457
5058.6500 3.36400277
5058.7000 3.33035985
5058.7500 3.29671693
5058.8000 3.26919686
5058.8500 3.29272555
5058.9000 3.31625424
5058.9500 3.33978293
5059.0000 3.36331162
5059.0500 3.37676516
5059.1000 3.38178233
5059.1500 3.3867995
5059.2000 3.39181667
5059.2500 3.39683384
5059.3000 3.38212336
5059.3500 3.36706506
5059.4000 3.35200676
5059.4500 3.33694846
5059.5000 3.33588277
5059.5500 3.35395656
5059.6000 3.37203034
5059.6500 3.39010413
5059.7000 3.40817792
5059.7500 3.38184528
5059.8000 3.34847661
5059.8500 3.31510793
5059.9000 3.28173926
5059.9500 3.26590507
5060.0000 3.28995758
5060.0500 3.31401008
5060.1000 3.33806259
5060.1500 3.3621151
5060.2000 3.37933283
5060.2500 3.39425712
5060.3000 3.4091814
5060.3500 3.42410569
5060.4000 3.43379929
5060.4500 3.42167518
5060.5000 3.40955106
5060.5500 3.39742695
5060.6000 3.38530284
5060.6500 3.37575362
5060.7000 3.36765745
5060.7500 3.35956127
5060.8000 3.3514651
5060.8500 3.34108293
5060.9000 3.30652229
5060.9500 3.27196166
5061.0000 3.23740103
5061.0500 3.20284039
5061.1000 3.19180334
5061.1500 3.20123271
5061.2000 3.21066208
5061.2500 3.22009145
5061.3000 3.22952082
5061.3500 3.2294119
5061.4000 3.22915146
5061.4500 3.22889102
5061.5000 3.22863058
5061.5500 3.24546327
5061.6000 3.28447704
5061.6500 3.3234908
5061.7000 3.36250457
5061.7500 3.40151834
5061.8000 3.37898037
5061.8500 3.34862718
5061.9000 3.31827398
5061.9500 3.28792078
5062.0000 3.27270872
5062.0500 3.28679772
5062.1000 3.30088671
5062.1500 3.3149757
5062.2000 3.32906469
5062.2500 3.31541244
5062.3000 3.29461993
5062.3500 3.27382742
5062.4000 3.2530349
5062.4500 3.24214441
5062.5000 3.2607778
5062.5500 3.27941118
5062.6000 3.29804457
5062.6500 3.31667796
5062.7000 3.32382852
5062.7500 3.32624918
5062.8000 3.32866985
5062.8500 3.33109052
5062.9000 3.33156182
5062.9500 3.32228273
5063.0000 3.31300363
5063.0500 3.30372454
5063.1000 3.29444544
5063.1500 3.29758592
5063.2000 3.3081394
5063.2500 3.31869287
5063.3000 3.32924635
5063.3500 3.33754369
5063.4000 3.32218752
5063.4500 3.30683136
5063.5000 3.2914752
5063.5500 3.27611904
5063.6000 3.26919875
5063.6500 3.26920329
5063.7000 3.26920783
5063.7500 3.26921237
5063.8000 3.26933466
5063.8500 3.27872481
5063.9000 3.28811497
5063.9500 3.29750512
5064.0000 3.30689528
5064.0500 3.31758426
5064.1000 3.32969644
5064.1500 3.34180862
5064.2000 3.3539208
5064.2500 3.36603297
5064.3000 3.34928707
5064.3500 3.33079752
5064.4000 3.31230796
5064.4500 3.29381841
5064.5000 3.28410091
5064.5500 3.28699937
5064.6000 3.28989783
5064.6500 3.29279629
5064.7000 3.29569475
5064.7500 3.29309192
5064.8000 3.28972832
5064.8500 3.28636472
5064.9000 3.28300112
5064.9500 3.27297018
5065.0000 3.25045504
5065.0500 3.2279399
5065.1000 3.20542475
5065.1500 3.18290961
5065.2000 3.19413626
5065.2500 3.21281908
5065.3000 3.2315019
5065.3500 3.25018472
5065.4000 3.26145089
5065.4500 3.25466014
5065.5000 3.24786939
5065.5500 3.24107864
5065.6000 3.23428789
5065.6500 3.24385048
5065.7000 3.25844945
5065.7500 3.27304842
5065.8000 3.2876474
5065.8500 3.30191637
5065.9000 3.3151357
5065.9500 3.32835502
5066.0000 3.34157435
5066.0500 3.35479367
5066.1000 3.35226462
5066.1500 3.34346104
5066.2000 3.33465746
5066.2500 3.32585388
5066.3000 3.31668683
5066.3500 3.30599264
5066.4000 3.29529844
5066.4500 3.28460424
5066.5000 3.27391005
5066.5500 3.27306301
5066.6000 3.27705143
5066.6500 3.28103985
5066.7000 3.28502827
5066.7500 3.2786565
5066.8000 3.21373437
5066.8500 3.14881223
5066.9000 3.0838901
5066.9500 3.01896797
5067.0000 3.02126819
5067.0500 3.0628326
5067.1000 3.10439701
5067.1500 3.14596143
5067.2000 3.18323508
5067.2500 3.18698444
5067.3000 3.19073381
5067.3500 3.19448317
5067.4000 3.19823254
5067.4500 3.21898501
5067.5000 3.25121921
5067.5500 3.28345341
5067.6000 3.31568761
5067.6500 3.34348138
5067.7000 3.32131745
5067.7500 3.29915351
5067.8000 3.27698958
5067.8500 3.25482565
5067.9000 3.23865526
5067.9500 3.22705079
5068.0000 3.21544632
5068.0500 3.20384184
5068.1000 3.1932067
5068.1500 3.19928102
5068.2000 3.20535535
5068.2500 3.21142967
5068.3000 3.217504
5068.3500 3.22445984
5068.4000 3.23215662
5068.4500 3.2398534
5068.5000 3.24755018
5068.5500 3.25464257
5068.6000 3.24406589
5068.6500 3.23348921
5068.7000 3.22291254
5068.7500 3.21233586
5068.8000 3.21393438
5068.8500 3.22658882
5068.9000 3.23924325
5068.9500 3.25189769
5069.0000 3.264129
5069.0500 3.25093274
5069.1000 3.23773647
5069.1500 3.2245402
5069.2000 3.21134394
5069.2500 3.22027882
5069.3000 3.25048478
5069.3500 3.28069073
5069.4000 3.31089668
5069.4500 3.34088064
5069.5000 3.3239723
5069.5500 3.30706396
5069.6000 3.29015562
5069.6500 3.27324728
5069.7000 3.27058142
5069.7500 3.28211371
5069.8000 3.29364601
5069.8500 3.3051783
5069.9000 3.3167106
5069.9500 3.2911941
5070.0000 3.26560748
5070.0500 3.24002086
5070.1000 3.21443424
5070.1500 3.20902791
5070.2000 3.22406948
5070.2500 3.23911106
5070.3000 3.25415263
5070.3500 3.2691942
5070.4000 3.2849919
5070.4500 3.3007922
5070.5000 3.31659251
5070.5500 3.33239281
5070.6000 3.33209164
5070.6500 3.31553981
5070.7000 3.29898799
5070.7500 3.28243617
5070.8000 3.26588582
5070.8500 3.26615987
5070.9000 3.26643393
5070.9500 3.26670799
5071.0000 3.26698205
5071.0500 3.27267809
5071.1000 3.28371546
5071.1500 3.29475284
5071.2000 3.30579021
5071.2500 3.31672063
5071.3000 3.31542641
5071.3500 3.31413219
5071.4000 3.31283796
5071.4500 3.31154374
5071.5000 3.30024592
5071.5500 3.27952219
5071.6000 3.25879846
5071.6500 3.23807474
5071.7000 3.21836694
5071.7500 3.2431452
5071.8000 3.26792347
5071.8500 3.29270173
5071.9000 3.31747999
5071.9500 3.3316128
5072.0000 3.33634527
5072.0500 3.34107775
5072.1000 3.34581022
5072.1500 3.34978766
5072.2000 3.33612923
5072.2500 3.32247081
5072.3000 3.30881239
5072.3500 3.29515397
5072.4000 3.28292622
5072.4500 3.27185808
5072.5000 3.26078994
5072.5500 3.2497218
5072.6000 3.23896677
5072.6500 3.23272606
5072.7000 3.22648535
5072.7500 3.22024464
5072.8000 3.21400394
5072.8500 3.22682838
5072.9000 3.25353435
5072.9500 3.28024032
5073.0000 3.30694629
5073.0500 3.3304519
5073.1000 3.32301876
5073.1500 3.31558562
5073.2000 3.30815248
5073.2500 3.30071934
5073.3000 3.31987303
5073.3500 3.3560182
5073.4000 3.39216338
5073.4500 3.42830855
5073.5000 3.45881372
5073.5500 3.45079761
5073.6000 3.4427815
5073.6500 3.43476538
5073.7000 3.42674927
5073.7500 3.41142198
5073.8000 3.39209885
5073.8500 3.37277571
5073.9000 3.35345258
5073.9500 3.33680429
5074.0000 3.33352018
5074.0500 3.33023608
5074.1000 3.32695198
5074.1500 3.32366788
5074.2000 3.32850084
5074.2500 3.33701122
5074.3000 3.34552161
5074.3500 3.354032
5074.4000 3.36441568
5074.4500 3.38180767
5074.5000 3.39919965
5074.5500 3.41659164
5074.6000 3.43398362
5074.6500 3.43003237
5074.7000 3.41838211
5074.7500 3.40673185
5074.8000 3.39508159
5074.8500 3.38788202
5074.9000 3.39333915
5074.9500 3.39879628
5075.0000 3.40425341
5075.0500 3.40971054
5075.1000 3.40136978
5075.1500 3.38928785
5075.2000 3.37720592
5075.2500 3.36512399
5075.3000 3.36033201
5075.3500 3.37142931
5075.4000 3.38252661
5075.4500 3.39362392
5075.5000 3.40472122
5075.5500 3.39920854
5075.6000 3.39061615
5075.6500 3.38202376
5075.7000 3.37343136
5075.7500 3.36760847
5075.8000 3.36642218
5075.8500 3.36523589
5075.9000 3.36404961
5075.9500 3.36286332
5076.0000 3.37228056
5076.0500 3.38280332
5076.1000 3.39332608
5076.1500 3.40384884
5076.2000 3.41339187
5076.2500 3.42168035
5076.3000 3.42996884
5076.3500 3.43825732
5076.4000 3.4465458
5076.4500 3.43358568
5076.5000 3.42002892
5076.5500 3.40647217
5076.6000 3.39291542
5076.6500 3.39111573
5076.7000 3.40069563
5076.7500 3.41027553
5076.8000 3.41985544
5076.8500 3.42937102
5076.9000 3.4375186
5076.9500 3.44566619
5077.0000 3.45381377
5077.0500 3.46196135
5077.1000 3.46125368
5077.1500 3.45421036
5077.2000 3.44716703
5077.2500 3.4401237
5077.3000 3.43504405
5077.3500 3.44406549
5077.4000 3.45308692
5077.4500 3.46210836
5077.5000 3.4711298
5077.5500 3.47089184
5077.6000 3.46594358
5077.6500 3.46099533
5077.7000 3.45604708
5077.7500 3.45301732
5077.8000 3.45744194
5077.8500 3.46186657
5077.9000 3.4662912
5077.9500 3.47071582
5078.0000 3.47863103
5078.0500 3.48772326
5078.1000 3.49681549
5078.1500 3.50590772
5078.2000 3.5092298
5078.2500 3.49857865
5078.3000 3.48792749
5078.3500 3.47727634
5078.4000 3.46662519
5078.4500 3.45929113
5078.5000 3.45259848
5078.5500 3.44590583
5078.6000 3.43921318
5078.6500 3.43185029
5078.7000 3.42341655
5078.7500 3.41498282
5078.8000 3.40654908
5078.8500 3.39811535
5078.9000 3.41359617
5078.9500 3.43078806
5079.0000 3.44797994
5079.0500 3.46517183
5079.1000 3.47663896
5079.1500 3.48197305
5079.2000 3.48730713
5079.2500 3.49264122
5079.3000 3.49653453
5079.3500 3.45901709
5079.4000 3.42149965
5079.4500 3.38398221
5079.5000 3.34646477
5079.5500 3.34147305
5079.6000 3.35948441
5079.6500 3.37749577
5079.7000 3.39550714
5079.7500 3.41514583
5079.8000 3.44485185
5079.8500 3.47455788
5079.9000 3.5042639
5079.9500 3.53396992
5080.0000 3.53617213
5080.0500 3.52623835
5080.1000 3.51630457
5080.1500 3.50637079
5080.2000 3.49515014
5080.2500 3.48006517
5080.3000 3.46498019
5080.3500 3.44989521
5080.4000 3.43481024
5080.4500 3.43624829
5080.5000 3.44163587
5080.5500 3.44702344
5080.6000 3.45241102
5080.6500 3.46152124
5080.7000 3.47709025
5080.7500 3.49265927
5080.8000 3.50822829
5080.8500 3.52379731
5080.9000 3.53665483
5080.9500 3.54929397
5081.0000 3.56193312
5081.0500 3.57457227
5081.1000 3.57856441
5081.1500 3.57343283
5081.2000 3.56830125
5081.2500 3.56316967
5081.3000 3.55826058
5081.3500 3.55766987
5081.4000 3.55707916
5081.4500 3.55648845
5081.5000 3.55589773
5081.5500 3.56235134
5081.6000 3.57325792
5081.6500 3.58416449
5081.7000 3.59507107
5081.7500 3.60108549
5081.8000 3.5844584
5081.8500 3.56783131
5081.9000 3.55120421
5081.9500 3.53457712
5082.0000 3.54557855
5082.0500 3.56608889
5082.1000 3.58659924
5082.1500 3.60710959
5082.2000 3.60957149
5082.2500 3.57214453
5082.3000 3.53471757
5082.3500 3.49729061
5082.4000 3.45986364
5082.4500 3.47430733
5082.5000 3.49579951
5082.5500 3.51729169
5082.6000 3.53878386
5082.6500 3.54528722
5082.7000 3.53350888
5082.7500 3.52173055
5082.8000 3.50995221
5082.8500 3.49829646
5082.9000 3.49210364
5082.9500 3.48591081
5083.0000 3.47971799
5083.0500 3.47352516
5083.1000 3.47602678
5083.1500 3.48445449
5083.2000 3.4928822
5083.2500 3.50130991
5083.3000 3.50680463
5083.3500 3.49784538
5083.4000 3.48888614
5083.4500 3.47992689
5083.5000 3.47096764
5083.5500 3.46474676
5083.6000 3.45946813
5083.6500 3.45418949
5083.7000 3.44891086
5083.7500 3.45313813
5083.8000 3.47750994
5083.8500 3.50188174
5083.9000 3.52625355
5083.9500 3.55062536
5084.0000 3.54422262
5084.0500 3.53434313
5084.1000 3.52446365
5084.1500 3.51458417
5084.2000 3.52056579
5084.2500 3.54389072
5084.3000 3.56721565
5084.3500 3.59054059
5084.4000 3.61172965
5084.4500 3.59833155
5084.5000 3.58493346
5084.5500 3.57153537
5084.6000 3.55813727
5084.6500 3.55477159
5084.7000 3.55705068
5084.7500 3.55932976
5084.8000 3.56160885
5084.8500 3.56273922
5084.9000 3.55986727
5084.9500 3.55699531
5085.0000 3.55412336
5085.0500 3.55125141
5085.1000 3.55185511
5085.1500 3.55328804
5085.2000 3.55472098
5085.2500 3.55615392
5085.3000 3.56009027
5085.3500 3.56789267
5085.4000 3.57569506
5085.4500 3.58349746
5085.5000 3.59129986
5085.5500 3.59124794
5085.6000 3.59103564
5085.6500 3.59082335
5085.7000 3.59061106
5085.7500 3.58751763
5085.8000 3.58223508
5085.8500 3.57695254
5085.9000 3.57167
5085.9500 3.56708964
5086.0000 3.56625707
5086.0500 3.56542451
5086.1000 3.56459195
5086.1500 3.56375939
5086.2000 3.56799846
5086.2500 3.57394033
5086.3000 3.57988221
5086.3500 3.58582408
5086.4000 3.59002324
5086.4500 3.59085132
5086.5000 3.5916794
5086.5500 3.59250749
5086.6000 3.59333557
5086.6500 3.59215296
5086.7000 3.5908288
5086.7500 3.58950465
5086.8000 3.58818049
5086.8500 3.57841643
5086.9000 3.56113709
5086.9500 3.54385775
5087.0000 3.52657842
5087.0500 3.51489998
5087.1000 3.54242137
5087.1500 3.56994275
5087.2000 3.59746414
5087.2500 3.62498552
5087.3000 3.62574456
5087.3500 3.61621746
5087.4000 3.60669036
5087.4500 3.59716326
5087.5000 3.59166961
5087.5500 3.59470764
5087.6000 3.59774568
5087.6500 3.60078372
5087.7000 3.60382176
5087.7500 3.61942635
5087.8000 3.63610965
5087.8500 3.65279296
5087.9000 3.66947627
5087.9500 3.67266834
5088.0000 3.66351573
5088.0500 3.65436312
5088.1000 3.64521051
5088.1500 3.63517924
5088.2000 3.61898245
5088.2500 3.60278566
5088.3000 3.58658887
5088.3500 3.57039208
5088.4000 3.59177758
5088.4500 3.62716357
5088.5000 3.66254956
5088.5500 3.69793555
5088.6000 3.71742752
5088.6500 3.70518839
5088.7000 3.69294927
5088.7500 3.68071014
5088.8000 3.66847102
5088.8500 3.64161113
5088.9000 3.61382105
5088.9500 3.58603098
5089.0000 3.55824091
5089.0500 3.56414653
5089.1000 3.59785157
5089.1500 3.63155661
5089.2000 3.66526166
5089.2500 3.69096205
5089.3000 3.67368239
5089.3500 3.65640274
5089.4000 3.63912308
5089.4500 3.62184343
5089.5000 3.60659258
5089.5500 3.59195678
5089.6000 3.57732098
5089.6500 3.56268518
5089.7000 3.56138224
5089.7500 3.58192232
5089.8000 3.6024624
5089.8500 3.62300247
5089.9000 3.64354255
5089.9500 3.62769766
5090.0000 3.61155964
5090.0500 3.59542162
5090.1000 3.57928361
5090.1500 3.57133179
5090.2000 3.56869594
5090.2500 3.56606009
5090.3000 3.56342423
5090.3500 3.56556704
5090.4000 3.5844689
5090.4500 3.60337076
5090.5000 3.62227262
5090.5500 3.64117448
5090.6000 3.61661292
5090.6500 3.5836965
5090.7000 3.55078009
5090.7500 3.51786368
5090.8000 3.49848646
5090.8500 3.49519852
5090.9000 3.49191058
5090.9500 3.48862264
5091.0000 3.4863033
5091.0500 3.49568138
5091.1000 3.50505945
5091.1500 3.51443752
5091.2000 3.5238156
5091.2500 3.53084456
5091.3000 3.5368537
5091.3500 3.54286285
5091.4000 3.54887199
5091.4500 3.55241468
5091.5000 3.55070192
5091.5500 3.54898916
5091.6000 3.5472764
5091.6500 3.54556364
5091.7000 3.52584931
5091.7500 3.50504367
5091.8000 3.48423802
5091.8500 3.46343238
5091.9000 3.45913991
5091.9500 3.4674281
5092.0000 3.47571629
5092.0500 3.48400448
5092.1000 3.49139241
5092.1500 3.49503136
5092.2000 3.49867031
5092.2500 3.50230926
5092.3000 3.50594821
5092.3500 3.50017983
5092.4000 3.49236034
5092.4500 3.48454084
5092.5000 3.47672135
5092.5500 3.46651454
5092.6000 3.45338598
5092.6500 3.44025742
5092.7000 3.42712885
5092.7500 3.41559316
5092.8000 3.42246302
5092.8500 3.42933288
5092.9000 3.43620275
5092.9500 3.44307261
5093.0000 3.45484061
5093.0500 3.4686001
5093.1000 3.48235959
5093.1500 3.49611908
5093.2000 3.50764673
5093.2500 3.51490982
5093.3000 3.52217291
5093.3500 3.52943599
5093.4000 3.53669908
5093.4500 3.51278812
5093.5000 3.48815858
5093.5500 3.46352904
5093.6000 3.4388995
5093.6500 3.43966924
5093.7000 3.45649438
5093.7500 3.47331952
5093.8000 3.49014465
5093.8500 3.49841894
5093.9000 3.48093706
5093.9500 3.46345518
5094.0000 3.44597329
5094.0500 3.42849141
5094.1000 3.45318007
5094.1500 3.48323551
5094.2000 3.51329096
5094.2500 3.5433464
5094.3000 3.55257838
5094.3500 3.54306631
5094.4000 3.53355424
5094.4500 3.52404217
5094.5000 3.51447538
5094.5500 3.50463522
5094.6000 3.49479505
5094.6500 3.48495488
5094.7000 3.47511471
5094.7500 3.47342447
5094.8000 3.47366378
5094.8500 3.47390308
5094.9000 3.47414239
5094.9500 3.47907152
5095.0000 3.48969376
5095.0500 3.50031601
5095.1000 3.51093826
5095.1500 3.51923094
5095.2000 3.50561721
5095.2500 3.49200348
5095.3000 3.47838974
5095.3500 3.46477601
5095.4000 3.468901
5095.4500 3.47919807
5095.5000 3.48949513
5095.5500 3.4997922
5095.6000 3.50286701
5095.6500 3.49459495
5095.7000 3.48632288
5095.7500 3.47805082
5095.8000 3.46984492
5095.8500 3.46334569
5095.9000 3.45684645
5095.9500 3.45034721
5096.0000 3.44384797
5096.0500 3.44729952
5096.1000 3.45528411
5096.1500 3.46326869
5096.2000 3.47125328
5096.2500 3.47621923
5096.3000 3.47527424
5096.3500 3.47432925
5096.4000 3.47338426
5096.4500 3.47243926
5096.5000 3.46915893
5096.5500 3.46585592
5096.6000 3.46255292
5096.6500 3.45924992
5096.7000 3.45757624
5096.7500 3.45680304
5096.8000 3.45602984
5096.8500 3.45525664
5096.9000 3.45697325
5096.9500 3.46452636
5097.0000 3.47207948
5097.0500 3.47963259
5097.1000 3.48718571
5097.1500 3.50152295
5097.2000 3.51617742
5097.2500 3.5308319
5097.3000 3.54548638
5097.3500 3.53679629
5097.4000 3.51336504
5097.4500 3.48993379
5097.5000 3.46650255
5097.5500 3.45223236
5097.6000 3.46249526
5097.6500 3.47275816
5097.7000 3.48302106
5097.7500 3.49328396
5097.8000 3.47581063
5097.8500 3.45631846
5097.9000 3.43682629
5097.9500 3.41733412
5098.0000 3.42053409
5098.0500 3.43926118
5098.1000 3.45798827
5098.1500 3.47671536
5098.2000 3.49529696
5098.2500 3.51345717
5098.3000 3.53161737
5098.3500 3.54977757
5098.4000 3.56793778
5098.4500 3.55088449
5098.5000 3.53080542
5098.5500 3.51072636
5098.6000 3.49064729
5098.6500 3.49067895
5098.7000 3.50489362
5098.7500 3.51910828
5098.8000 3.53332295
5098.8500 3.54163303
5098.9000 3.53253727
5098.9500 3.52344152
5099.0000 3.51434577
5099.0500 3.50525002
5099.1000 3.50405259
5099.1500 3.50352796
5099.2000 3.50300333
5099.2500 3.5024787
5099.3000 3.50180836
5099.3500 3.50103719
5099.4000 3.50026602
5099.4500 3.49949485
5099.5000 3.5063964
5099.5500 3.53492382
5099.6000 3.56345124
5099.6500 3.59197866
5099.7000 3.62050607
5099.7500 3.60746616
5099.8000 3.59149165
5099.8500 3.57551714
5099.9000 3.55954262
5099.9500 3.53290728
5100.0000 3.49938578
5100.0500 3.46586428
5100.1000 3.43234278
5100.1500 3.41478153
5100.2000 3.43777888
5100.2500 3.46077623
5100.3000 3.48377358
5100.3500 3.50677093
5100.4000 3.49317817
5100.4500 3.47800294
5100.5000 3.46282771
5100.5500 3.44765248
5100.6000 3.45143102
5100.6500 3.46605602
5100.7000 3.48068102
5100.7500 3.49530603
5100.8000 3.50390085
5100.8500 3.4993726
5100.9000 3.49484436
5100.9500 3.49031611
5101.0000 3.48578787
5101.0500 3.48180098
5101.1000 3.47781683
5101.1500 3.47383268
5101.2000 3.46984852
5101.2500 3.4697613
5101.3000 3.47153804
5101.3500 3.47331478
5101.4000 3.47509151
5101.4500 3.47900881
5101.5000 3.48674405
5101.5500 3.4944793
5101.6000 3.50221454
5101.6500 3.50839287
5101.7000 3.48023026
5101.7500 3.45206765
5101.8000 3.42390504
5101.8500 3.39574243
5101.9000 3.41991077
5101.9500 3.4635497
5102.0000 3.50718862
5102.0500 3.55082755
5102.1000 3.56554063
5102.1500 3.53958195
5102.2000 3.51362327
5102.2500 3.48766459
5102.3000 3.46352513
5102.3500 3.45510372
5102.4000 3.44668231
5102.4500 3.43826091
5102.5000 3.4298395
5102.5500 3.4417596
5102.6000 3.45898357
5102.6500 3.47620754
5102.7000 3.49343151
5102.7500 3.50345331
5102.8000 3.50579572
5102.8500 3.50813813
5102.9000 3.51048054
5102.9500 3.51038919
5103.0000 3.49890972
5103.0500 3.48743025
5103.1000 3.47595078
5103.1500 3.46447131
5103.2000 3.45511139
5103.2500 3.44606951
5103.3000 3.43702762
5103.3500 3.42798574
5103.4000 3.44305703
5103.4500 3.47674563
5103.5000 3.51043424
5103.5500 3.54412284
5103.6000 3.56632002
5103.6500 3.55588262
5103.7000 3.54544521
5103.7500 3.5350078
5103.8000 3.52457039
5103.8500 3.51790852
5103.9000 3.51141271
5103.9500 3.5049169
5104.0000 3.49842109
5104.0500 3.48580153
5104.1000 3.46998004
5104.1500 3.45415855
5104.2000 3.43833706
5104.2500 3.43118653
5104.3000 3.43966895
5104.3500 3.44815138
5104.4000 3.4566338
5104.4500 3.46562001
5104.5000 3.48275474
5104.5500 3.49988946
5104.6000 3.51702418
5104.6500 3.5341589
5104.7000 3.500322
5104.7500 3.4504783
5104.8000 3.40063459
5104.8500 3.35079088
5104.9000 3.33026411
5104.9500 3.34344838
5105.0000 3.35663265
5105.0500 3.36981692
5105.1000 3.38330765
5105.1500 3.39828818
5105.2000 3.41326871
5105.2500 3.42824924
5105.3000 3.44322977
5105.3500 3.44515068
5105.4000 3.44524684
5105.4500 3.445343
5105.5000 3.44543915
5105.5500 3.44392583
5105.6000 3.44127329
5105.6500 3.43862075
5105.7000 3.43596822
5105.7500 3.43530871
5105.8000 3.43941177
5105.8500 3.44351483
5105.9000 3.4476179
5105.9500 3.4516766
5106.0000 3.44817599
5106.0500 3.44467538
5106.1000 3.44117477
5106.1500 3.43767416
5106.2000 3.41636062
5106.2500 3.38805051
5106.3000 3.35974039
5106.3500 3.33143028
5106.4000 3.32485946
5106.4500 3.34693221
5106.5000 3.36900495
5106.5500 3.3910777
5106.6000 3.41010465
5106.6500 3.4113608
5106.7000 3.41261695
5106.7500 3.4138731
5106.8000 3.41512925
5106.8500 3.41742574
5106.9000 3.41988809
5106.9500 3.42235045
5107.0000 3.4248128
5107.0500 3.41231512
5107.1000 3.38898452
5107.1500 3.36565393
5107.2000 3.34232334
5107.2500 3.33559071
5107.3000 3.3677974
5107.3500 3.40000409
5107.4000 3.43221078
5107.4500 3.46387909
5107.5000 3.46783922
5107.5500 3.47179936
5107.6000 3.47575949
5107.6500 3.47971963
5107.7000 3.48764646
5107.7500 3.49696264
5107.8000 3.50627882
5107.8500 3.515595
5107.9000 3.51917158
5107.9500 3.51610419
5108.0000 3.51303679
5108.0500 3.50996939
5108.1000 3.50293145
5108.1500 3.47871163
5108.2000 3.45449181
5108.2500 3.43027199
5108.3000 3.40605217
5108.3500 3.40386115
5108.4000 3.40376183
5108.4500 3.4036625
5108.5000 3.40356317
5108.5500 3.41362286
5108.6000 3.42939214
5108.6500 3.44516142
5108.7000 3.4609307
5108.7500 3.46253696
5108.8000 3.43986731
5108.8500 3.41719766
5108.9000 3.39452801
5108.9500 3.37428932
5109.0000 3.37641032
5109.0500 3.37853132
5109.1000 3.38065232
5109.1500 3.38277332
5109.2000 3.3786896
5109.2500 3.3733261
5109.3000 3.3679626
5109.3500 3.3625991
5109.4000 3.36113503
5109.4500 3.36271861
5109.5000 3.36430219
5109.5500 3.36588577
5109.6000 3.3687731
5109.6500 3.37477697
5109.7000 3.38078084
5109.7500 3.3867847
5109.8000 3.39257256
5109.8500 3.39136033
5109.9000 3.39014811
5109.9500 3.38893588
5110.0000 3.38772365
5110.0500 3.39626466
5110.1000 3.40778061
5110.1500 3.41929657
5110.2000 3.43081253
5110.2500 3.42286424
5110.3000 3.39575713
5110.3500 3.36865003
5110.4000 3.34154292
5110.4500 3.32717707
5110.5000 3.35250613
5110.5500 3.3778352
5110.6000 3.40316426
5110.6500 3.42849332
5110.7000 3.42476198
5110.7500 3.42053907
5110.8000 3.41631617
5110.8500 3.41209326
5110.9000 3.4040754
5110.9500 3.39461876
5111.0000 3.38516213
5111.0500 3.37570549
5111.1000 3.36531054
5111.1500 3.3538497
5111.2000 3.34238887
5111.2500 3.33092803
5111.3000 3.32644398
5111.3500 3.34779908
5111.4000 3.36915417
5111.4500 3.39050926
5111.5000 3.41186435
5111.5500 3.42180688
5111.6000 3.43125382
5111.6500 3.44070077
5111.7000 3.45014772
5111.7500 3.43914998
5111.8000 3.41961847
5111.8500 3.40008697
5111.9000 3.38055546
5111.9500 3.37291445
5112.0000 3.37957375
5112.0500 3.38623305
5112.1000 3.39289235
5112.1500 3.40087939
5112.2000 3.4140527
5112.2500 3.42722601
5112.3000 3.44039932
5112.3500 3.45357263
5112.4000 3.45299605
5112.4500 3.45177177
5112.5000 3.4505475
5112.5500 3.44932323
5112.6000 3.45570933
5112.6500 3.46524096
5112.7000 3.47477259
5112.7500 3.48430422
5112.8000 3.4871774
5112.8500 3.4822794
5112.9000 3.47738141
5112.9500 3.47248341
5113.0000 3.46730368
5113.0500 3.4611055
5113.1000 3.45490732
5113.1500 3.44870914
5113.2000 3.44251096
5113.2500 3.42048202
5113.3000 3.39801861
5113.3500 3.37555519
5113.4000 3.35309178
5113.4500 3.3589284
5113.5000 3.37516636
5113.5500 3.39140432
5113.6000 3.40764227
5113.6500 3.40949178
5113.7000 3.39639845
5113.7500 3.38330513
5113.8000 3.37021181
5113.8500 3.36565565
5113.9000 3.38654602
5113.9500 3.40743639
5114.0000 3.42832676
5114.0500 3.44899331
5114.1000 3.45297022
5114.1500 3.45694713
5114.2000 3.46092404
5114.2500 3.46490094
5114.3000 3.44567322
5114.3500 3.4197707
5114.4000 3.39386819
5114.4500 3.36796568
5114.5000 3.35970422
5114.5500 3.36638935
5114.6000 3.37307449
5114.6500 3.37975962
5114.7000 3.38974445
5114.7500 3.40716267
5114.8000 3.42458088
5114.8500 3.4419991
5114.9000 3.45622245
5114.9500 3.43097361
5115.0000 3.40572477
5115.0500 3.38047593
5115.1000 3.35522709
5115.1500 3.33904664
5115.2000 3.32454636
5115.2500 3.31004608
5115.3000 3.2955458
5115.3500 3.30907108
5115.4000 3.34022627
5115.4500 3.37138147
5115.5000 3.40253666
5115.5500 3.4163469
5115.6000 3.40249374
5115.6500 3.38864058
5115.7000 3.37478742
5115.7500 3.36519127
5115.8000 3.37823789
5115.8500 3.39128451
5115.9000 3.40433112
5115.9500 3.41737774
5116.0000 3.42350446
5116.0500 3.42913026
5116.1000 3.43475605
5116.1500 3.44038185
5116.2000 3.42283455
5116.2500 3.39573459
5116.3000 3.36863463
5116.3500 3.34153466
5116.4000 3.33899563
5116.4500 3.36253017
5116.5000 3.38606472
5116.5500 3.40959926
5116.6000 3.42486194
5116.6500 3.41699086
5116.7000 3.40911978
5116.7500 3.40124869
5116.8000 3.3926736
5116.8500 3.36845841
5116.9000 3.34424323
5116.9500 3.32002804
5117.0000 3.29581285
5117.0500 3.30142827
5117.1000 3.31340987
5117.1500 3.32539147
5117.2000 3.33737307
5117.2500 3.35094056
5117.3000 3.36553685
5117.3500 3.38013313
5117.4000 3.39472941
5117.4500 3.40357832
5117.5000 3.40344939
5117.5500 3.40332045
5117.6000 3.40319152
5117.6500 3.40352283
5117.7000 3.40601718
5117.7500 3.40851153
5117.8000 3.41100587
5117.8500 3.41350022
5117.9000 3.39425727
5117.9500 3.37415444
5118.0000 3.35405161
5118.0500 3.33394878
5118.1000 3.32846727
5118.1500 3.32786438
5118.2000 3.3272615
5118.2500 3.32665861
5118.3000 3.32081962
5118.3500 3.31050305
5118.4000 3.30018648
5118.4500 3.28986991
5118.5000 3.29733068
5118.5500 3.34094354
5118.6000 3.3845564
5118.6500 3.42816926
5118.7000 3.46456273
5118.7500 3.44880688
5118.8000 3.43305102
5118.8500 3.41729517
5118.9000 3.40153932
5118.9500 3.38808166
5119.0000 3.37483767
5119.0500 3.36159369
5119.1000 3.34834971
5119.1500 3.34983384
5119.2000 3.35734462
5119.2500 3.3648554
5119.3000 3.37236619
5119.3500 3.37883065
5119.4000 3.38427232
5119.4500 3.389714
5119.5000 3.39515568
5119.5500 3.39515516
5119.6000 3.38264272
5119.6500 3.37013027
5119.7000 3.35761782
5119.7500 3.3459061
5119.8000 3.34125056
5119.8500 3.33659501
5119.9000 3.33193946
5119.9500 3.32728392
5120.0000 3.34677308
5120.0500 3.36888316
5120.1000 3.39099323
5120.1500 3.4131033
5120.2000 3.41658856
5120.2500 3.41222843
5120.3000 3.4078683
5120.3500 3.40350817
5120.4000 3.39939817
5120.4500 3.39553185
5120.5000 3.39166552
5120.5500 3.3877992
5120.6000 3.38487181
5120.6500 3.38402657
5120.7000 3.38318134
5120.7500 3.3823361
5120.8000 3.37962868
5120.8500 3.36279018
5120.9000 3.34595169
5120.9500 3.32911319
5121.0000 3.3122747
5121.0500 3.3187702
5121.1000 3.32719999
5121.1500 3.33562977
5121.2000 3.34405956
5121.2500 3.35193764
5121.3000 3.35961357
5121.3500 3.3672895
5121.4000 3.37496543
5121.4500 3.36700886
5121.5000 3.34582087
5121.5500 3.32463289
5121.6000 3.3034449
5121.6500 3.29537247
5121.7000 3.31136823
5121.7500 3.32736399
5121.8000 3.34335975
5121.8500 3.3558901
5121.9000 3.35091192
5121.9500 3.34593375
5122.0000 3.34095558
5122.0500 3.3359774
5122.1000 3.32937638
5122.1500 3.32274071
5122.2000 3.31610504
5122.2500 3.30946937
5122.3000 3.31145122
5122.3500 3.31566411
5122.4000 3.31987699
5122.4500 3.32408988
5122.5000 3.32201278
5122.5500 3.31593056
5122.6000 3.30984834
5122.6500 3.30376613
5122.7000 3.30403292
5122.7500 3.31275143
5122.8000 3.32146993
5122.8500 3.33018844
5122.9000 3.3369866
5122.9500 3.33797224
5123.0000 3.33895788
5123.0500 3.33994352
5123.1000 3.34048551
5123.1500 3.33504916
5123.2000 3.32961282
5123.2500 3.32417647
5123.3000 3.31874012
5123.3500 3.31068377
5123.4000 3.30230758
5123.4500 3.29393138
5123.5000 3.28555519
5123.5500 3.29515358
5123.6000 3.31192713
5123.6500 3.32870069
5123.7000 3.34547424
5123.7500 3.3446444
5123.8000 3.3287935
5123.8500 3.31294261
5123.9000 3.29709171
5123.9500 3.28650166
5124.0000 3.28503142
5124.0500 3.28356118
5124.1000 3.28209093
5124.1500 3.28614095
5124.2000 3.31320557
5124.2500 3.34027019
5124.3000 3.36733481
5124.3500 3.39345333
5124.4000 3.37840079
5124.4500 3.36334825
5124.5000 3.34829571
5124.5500 3.33324317
5124.6000 3.33681108
5124.6500 3.34359179
5124.7000 3.35037249
5124.7500 3.3571532
5124.8000 3.33887908
5124.8500 3.30906267
5124.9000 3.27924625
5124.9500 3.24942984
5125.0000 3.25383274
5125.0500 3.29010806
5125.1000 3.32638337
5125.1500 3.36265869
5125.2000 3.37999112
5125.2500 3.36249379
5125.3000 3.34499646
5125.3500 3.32749913
5125.4000 3.31659246
5125.4500 3.33411822
5125.5000 3.35164399
5125.5500 3.36916976
5125.6000 3.3855085
5125.6500 3.35641691
5125.7000 3.32732533
5125.7500 3.29823374
5125.8000 3.26914216
5125.8500 3.28977975
5125.9000 3.3182366
5125.9500 3.34669345
5126.0000 3.37515029
5126.0500 3.3715516
5126.1000 3.35448622
5126.1500 3.33742083
5126.2000 3.32035545
5126.2500 3.32179551
5126.3000 3.33864769
5126.3500 3.35549986
5126.4000 3.37235204
5126.4500 3.37788023
5126.5000 3.36557774
5126.5500 3.35327526
5126.6000 3.34097277
5126.6500 3.33357867
5126.7000 3.34237812
5126.7500 3.35117757
5126.8000 3.35997701
5126.8500 3.36691331
5126.9000 3.35188096
5126.9500 3.3368486
5127.0000 3.32181625
5127.0500 3.3067839
5127.1000 3.32059749
5127.1500 3.33674526
5127.2000 3.35289302
5127.2500 3.36904079
5127.3000 3.35691143
5127.3500 3.33650101
5127.4000 3.3160906
5127.4500 3.29568018
5127.5000 3.29958365
5127.5500 3.3181871
5127.6000 3.33679055
5127.6500 3.35539401
5127.7000 3.35882648
5127.7500 3.34544556
5127.8000 3.33206464
5127.8500 3.31868373
5127.9000 3.31132251
5127.9500 3.31636038
5128.0000 3.32139825
5128.0500 3.32643612
5128.1000 3.33200019
5128.1500 3.33994998
5128.2000 3.34789976
5128.2500 3.35584955
5128.3000 3.36230208
5128.3500 3.32863821
5128.4000 3.29497434
5128.4500 3.26131047
5128.5000 3.2276466
5128.5500 3.23599661
5128.6000 3.24939984
5128.6500 3.26280308
5128.7000 3.27620631
5128.7500 3.28991506
5128.8000 3.30372529
5128.8500 3.31753552
5128.9000 3.33134575
5128.9500 3.31842244
5129.0000 3.28841557
5129.0500 3.2584087
5129.1000 3.22840183
5129.1500 3.21774516
5129.2000 3.22882694
5129.2500 3.23990871
5129.3000 3.25099048
5129.3500 3.25331349
5129.4000 3.23810435
5129.4500 3.2228952
5129.5000 3.20768605
5129.5500 3.2041282
5129.6000 3.24813881
5129.6500 3.29214943
5129.7000 3.33616004
5129.7500 3.37503659
5129.8000 3.33588468
5129.8500 3.29673276
5129.9000 3.25758085
5129.9500 3.21842893
5130.0000 3.22233215
5130.0500 3.22957015
5130.1000 3.23680816
5130.1500 3.24404617
5130.2000 3.2286639
5130.2500 3.2074803
5130.3000 3.1862967
5130.3500 3.16511309
5130.4000 3.18566377
5130.4500 3.22723447
5130.5000 3.26880517
5130.5500 3.31037587
5130.6000 3.31612402
5130.6500 3.29081088
5130.7000 3.26549774
5130.7500 3.2401846
5130.8000 3.23364507
5130.8500 3.25439801
5130.9000 3.27515095
5130.9500 3.29590388
5131.0000 3.30283533
5131.0500 3.274379
5131.1000 3.24592267
5131.1500 3.21746635
5131.2000 3.19448619
5131.2500 3.20122392
5131.3000 3.20796166
5131.3500 3.21469939
5131.4000 3.22230848
5131.4500 3.25651635
5131.5000 3.29072422
5131.5500 3.32493209
5131.6000 3.35913996
5131.6500 3.34349094
5131.7000 3.3228649
5131.7500 3.30223885
5131.8000 3.28161281
5131.8500 3.26307419
5131.9000 3.24509669
5131.9500 3.22711918
5132.0000 3.20914168
5132.0500 3.21954335
5132.1000 3.24402131
5132.1500 3.26849927
5132.2000 3.29297724
5132.2500 3.30599458
5132.3000 3.3096405
5132.3500 3.31328642
5132.4000 3.31693233
5132.4500 3.32044528
5132.5000 3.32378427
5132.5500 3.32712326
5132.6000 3.33046225
5132.6500 3.33336381
5132.7000 3.33532604
5132.7500 3.33728828
5132.8000 3.33925051
5132.8500 3.33387771
5132.9000 3.29981512
5132.9500 3.26575254
5133.0000 3.23168995
5133.0500 3.20089228
5133.1000 3.20275027
5133.1500 3.20460826
5133.2000 3.20646626
5133.2500 3.20832425
5133.3000 3.23279942
5133.3500 3.25774627
5133.4000 3.28269312
5133.4500 3.30763997
5133.5000 3.30180738
5133.5500 3.29136125
5133.6000 3.28091511
5133.6500 3.27046898
5133.7000 3.2576687
5133.7500 3.24412958
5133.8000 3.23059046
5133.8500 3.21705134
5133.9000 3.19712396
5133.9500 3.17381679
5134.0000 3.15050962
5134.0500 3.12720245
5134.1000 3.13022056
5134.1500 3.15492878
5134.2000 3.179637
5134.2500 3.20434523
5134.3000 3.2118439
5134.3500 3.19778654
5134.4000 3.18372918
5134.4500 3.16967181
5134.5000 3.16434
5134.5500 3.17587003
5134.6000 3.18740006
5134.6500 3.19893009
5134.7000 3.20469444
5134.7500 3.19214879
5134.8000 3.17960315
5134.8500 3.1670575
5134.9000 3.15866425
5134.9500 3.17591622
5135.0000 3.19316819
5135.0500 3.21042016
5135.1000 3.22766699
5135.1500 3.24479254
5135.2000 3.26191808
5135.2500 3.27904363
5135.3000 3.29616918
5135.3500 3.28430424
5135.4000 3.27069679
5135.4500 3.25708934
5135.5000 3.24348189
5135.5500 3.26548696
5135.6000 3.29390621
5135.6500 3.32232546
5135.7000 3.35074471
5135.7500 3.33322082
5135.8000 3.3006151
5135.8500 3.26800937
5135.9000 3.23540365
5135.9500 3.22633286
5136.0000 3.22940016
5136.0500 3.23246746
5136.1000 3.23553475
5136.1500 3.23842256
5136.2000 3.24117387
5136.2500 3.24392517
5136.3000 3.24667648
5136.3500 3.24537534
5136.4000 3.23964369
5136.4500 3.23391203
5136.5000 3.22818037
5136.5500 3.21948602
5136.6000 3.20613444
5136.6500 3.19278287
5136.7000 3.17943129
5136.7500 3.16910966
5136.8000 3.16581404
5136.8500 3.16251841
5136.9000 3.15922279
5136.9500 3.15642307
5137.0000 3.1554317
5137.0500 3.15444033
5137.1000 3.15344895
5137.1500 3.15198024
5137.2000 3.14733175
5137.2500 3.14268325
5137.3000 3.13803475
5137.3500 3.13418178
5137.4000 3.14637458
5137.4500 3.15856738
5137.5000 3.17076017
5137.5500 3.18295297
5137.6000 3.19120728
5137.6500 3.19932025
5137.7000 3.20743323
5137.7500 3.2155462
5137.8000 3.20660637
5137.8500 3.1954482
5137.9000 3.18429002
5137.9500 3.17313185
5138.0000 3.16369611
5138.0500 3.15467542
5138.1000 3.14565473
5138.1500 3.13663405
5138.2000 3.13718375
5138.2500 3.14130614
5138.3000 3.14542854
5138.3500 3.14955094
5138.4000 3.14244314
5138.4500 3.12933922
5138.5000 3.11623529
5138.5500 3.10313137
5138.6000 3.09659691
5138.6500 3.09487691
5138.7000 3.0931569
5138.7500 3.09143689
5138.8000 3.09771281
5138.8500 3.11186866
5138.9000 3.1260245
5138.9500 3.14018035
5139.0000 3.16021057
5139.0500 3.18797605
5139.1000 3.21574152
5139.1500 3.243507
5139.2000 3.24888976
5139.2500 3.21465735
5139.3000 3.18042493
5139.3500 3.14619252
5139.4000 3.12381539
5139.4500 3.13020762
5139.5000 3.13659985
5139.5500 3.14299209
5139.6000 3.1487756
5139.6500 3.1524508
5139.7000 3.15612601
5139.7500 3.15980121
5139.8000 3.16629046
5139.8500 3.18781455
5139.9000 3.20933863
5139.9500 3.23086272
5140.0000 3.2510225
5140.0500 3.25782841
5140.1000 3.26463431
5140.1500 3.27144021
5140.2000 3.2773136
5140.2500 3.2521211
5140.3000 3.2269286
5140.3500 3.2017361
5140.4000 3.1765436
5140.4500 3.17175297
5140.5000 3.16765852
5140.5500 3.16356407
5140.6000 3.15946962
5140.6500 3.16916445
5140.7000 3.18028531
5140.7500 3.19140618
5140.8000 3.20252705
5140.8500 3.20629682
5140.9000 3.20873833
5140.9500 3.21117984
5141.0000 3.21362135
5141.0500 3.1922023
5141.1000 3.16440478
5141.1500 3.13660725
5141.2000 3.10880973
5141.2500 3.1194647
5141.3000 3.14415628
5141.3500 3.16884787
5141.4000 3.19353946
5141.4500 3.19545832
5141.5000 3.18653758
5141.5500 3.17761683
5141.6000 3.16869609
5141.6500 3.17296704
5141.7000 3.18519167
5141.7500 3.19741629
5141.8000 3.20964091
5141.8500 3.21907312
5141.9000 3.22641263
5141.9500 3.23375215
5142.0000 3.24109167
5142.0500 3.23777281
5142.1000 3.22464686
5142.1500 3.21152091
5142.2000 3.19839495
5142.2500 3.17896893
5142.3000 3.15247817
5142.3500 3.12598742
5142.4000 3.09949666
5142.4500 3.08795318
5142.5000 3.0967649
5142.5500 3.10557661
5142.6000 3.11438833
5142.6500 3.12097112
5142.7000 3.123868
5142.7500 3.12676487
5142.8000 3.12966174
5142.8500 3.13796362
5142.9000 3.15715613
5142.9500 3.17634863
5143.0000 3.19554114
5143.0500 3.20362711
5143.1000 3.18424869
5143.1500 3.16487027
5143.2000 3.14549185
5143.2500 3.12573087
5143.3000 3.10479507
5143.3500 3.08385926
5143.4000 3.06292345
5143.4500 3.05242787
5143.5000 3.08248408
5143.5500 3.11254029
5143.6000 3.1425965
5143.6500 3.16599341
5143.7000 3.15575556
5143.7500 3.14551771
5143.8000 3.13527986
5143.8500 3.12427204
5143.9000 3.10798164
5143.9500 3.09169124
5144.0000 3.07540084
5144.0500 3.06094129
5144.1000 3.0648635
5144.1500 3.0687857
5144.2000 3.07270791
5144.2500 3.07693029
5144.3000 3.08627395
5144.3500 3.0956176
5144.4000 3.10496126
5144.4500 3.11374476
5144.5000 3.0971273
5144.5500 3.08050985
5144.6000 3.06389239
5144.6500 3.04727493
5144.7000 3.08062847
5144.7500 3.11452718
5144.8000 3.14842588
5144.8500 3.18232459
5144.9000 3.14950021
5144.9500 3.11376966
5145.0000 3.07803911
5145.0500 3.04230855
5145.1000 3.06488808
5145.1500 3.09194165
5145.2000 3.11899522
5145.2500 3.14604879
5145.3000 3.13503849
5145.3500 3.11982891
5145.4000 3.10461934
5145.4500 3.08940976
5145.5000 3.07739434
5145.5500 3.06583956
5145.6000 3.05428478
5145.6500 3.04272999
5145.7000 3.05046495
5145.7500 3.0616384
5145.8000 3.07281185
5145.8500 3.08398529
5145.9000 3.06383562
5145.9500 3.03703644
5146.0000 3.01023726
5146.0500 2.98343808
5146.1000 3.00044114
5146.1500 3.02822516
5146.2000 3.05600919
5146.2500 3.08379322
5146.3000 3.09821833
5146.3500 3.10890864
5146.4000 3.11959895
5146.4500 3.13028926
5146.5000 3.12093747
5146.5500 3.10532445
5146.6000 3.08971143
5146.6500 3.07409841
5146.7000 3.05559159
5146.7500 3.0360882
5146.8000 3.01658481
5146.8500 2.99708142
5146.9000 3.00591976
5146.9500 3.02539322
5147.0000 3.04486667
5147.0500 3.06434013
5147.1000 3.06389027
5147.1500 3.05537661
5147.2000 3.04686295
5147.2500 3.0383493
5147.3000 3.03595229
5147.3500 3.03620131
5147.4000 3.03645034
5147.4500 3.03669936
5147.5000 3.03910505
5147.5500 3.04249964
5147.6000 3.04589422
5147.6500 3.04928881
5147.7000 3.04158334
5147.7500 3.02852461
5147.8000 3.01546588
5147.8500 3.00240715
5147.9000 3.01716098
5147.9500 3.04592028
5148.0000 3.07467957
5148.0500 3.10343887
5148.1000 3.08911595
5148.1500 3.05229725
5148.2000 3.01547855
5148.2500 2.97865985
5148.3000 2.96508855
5148.3500 2.96402037
5148.4000 2.96295219
5148.4500 2.96188401
5148.5000 2.97393491
5148.5500 2.99320625
5148.6000 3.0124776
5148.6500 3.03174894
5148.7000 3.02898918
5148.7500 3.01389984
5148.8000 2.99881049
5148.8500 2.98372115
5148.9000 2.99610645
5148.9500 3.02402883
5149.0000 3.05195122
5149.0500 3.0798736
5149.1000 3.07013842
5149.1500 3.03901808
5149.2000 3.00789775
5149.2500 2.97677742
5149.3000 2.98216514
5149.3500 3.00824366
5149.4000 3.03432218
5149.4500 3.0604007
5149.5000 3.08090438
5149.5500 3.09827441
5149.6000 3.11564443
5149.6500 3.13301446
5149.7000 3.12133112
5149.7500 3.09355156
5149.8000 3.06577201
5149.8500 3.03799245
5149.9000 3.01723164
5149.9500 3.00027922
5150.0000 2.9833268
5150.0500 2.96637438
5150.1000 2.97267701
5150.1500 2.9912582
5150.2000 3.00983939
5150.2500 3.02842057
5150.3000 3.03269055
5150.3500 3.02965635
5150.4000 3.02662214
5150.4500 3.02358793
5150.5000 3.02364086
5150.5500 3.02520642
5150.6000 3.02677198
5150.6500 3.02833753
5150.7000 3.01561882
5150.7500 2.99622907
5150.8000 2.97683931
5150.8500 2.95744956
5150.9000 2.95975685
5150.9500 2.97164925
5151.0000 2.98354165
5151.0500 2.99543404
5151.1000 3.00301225
5151.1500 3.00880225
5151.2000 3.01459224
5151.2500 3.02038224
5151.3000 3.00769615
5151.3500 2.98788814
5151.4000 2.96808013
5151.4500 2.94827213
5151.5000 2.96344125
5151.5500 2.99102596
5151.6000 3.01861067
5151.6500 3.04619538
5151.7000 3.06271285
5151.7500 3.0756528
5151.8000 3.08859276
5151.8500 3.10153272
5151.9000 3.095899
5151.9500 3.08486796
5152.0000 3.07383691
5152.0500 3.06280586
5152.1000 3.04283509
5152.1500 3.0205648
5152.2000 2.99829451
5152.2500 2.97602422
5152.3000 2.97854151
5152.3500 2.98659594
5152.4000 2.99465038
5152.4500 3.00270482
5152.5000 2.98454661
5152.5500 2.96142693
5152.6000 2.93830725
5152.6500 2.91518757
5152.7000 2.92738353
5152.7500 2.94505681
5152.8000 2.9627301
5152.8500 2.98040339
5152.9000 2.97793136
5152.9500 2.97302149
5153.0000 2.96811163
5153.0500 2.96320176
5153.1000 2.97007355
5153.1500 2.97797242
5153.2000 2.98587129
5153.2500 2.99377017
5153.3000 2.99623243
5153.3500 2.99840264
5153.4000 3.00057285
5153.4500 3.00274306
5153.5000 3.00186962
5153.5500 3.00093301
5153.6000 2.99999639
5153.6500 2.99899502
5153.7000 2.99254902
5153.7500 2.98610302
5153.8000 2.97965701
5153.8500 2.97399443
5153.9000 2.98484907
5153.9500 2.9957037
5154.0000 3.00655833
5154.0500 3.01510979
5154.1000 2.99726688
5154.1500 2.97942396
5154.2000 2.96158105
5154.2500 2.94937834
5154.3000 2.97987703
5154.3500 3.01037571
5154.4000 3.04087439
5154.4500 3.06116082
5154.5000 3.02557574
5154.5500 2.98999067
5154.6000 2.9544056
5154.6500 2.93000571
5154.7000 2.95212362
5154.7500 2.97424153
5154.8000 2.99635945
5154.8500 3.00941135
5154.9000 2.99288321
5154.9500 2.97635508
5155.0000 2.95982694
5155.0500 2.94503411
5155.1000 2.93477545
5155.1500 2.92451678
5155.2000 2.91425812
5155.2500 2.90889104
5155.3000 2.91389817
5155.3500 2.91890531
5155.4000 2.92391245
5155.4500 2.90944732
5155.5000 2.86118103
5155.5500 2.81291473
5155.6000 2.76464843
5155.6500 2.75164548
5155.7000 2.78895957
5155.7500 2.82627366
5155.8000 2.86358774
5155.8500 2.89545245
5155.9000 2.92092086
5155.9500 2.94638926
5156.0000 2.97185767
5156.0500 2.96903761
5156.1000 2.93897954
5156.1500 2.90892148
5156.2000 2.87886341
5156.2500 2.87194053
5156.3000 2.88317056
5156.3500 2.89440058
5156.4000 2.9056306
5156.4500 2.90928459
5156.5000 2.90814882
5156.5500 2.90701304
5156.6000 2.90587726
5156.6500 2.91363214
5156.7000 2.92583701
5156.7500 2.93804188
5156.8000 2.95024674
5156.8500 2.94973685
5156.9000 2.94432287
5156.9500 2.93890889
5157.0000 2.93349491
5157.0500 2.91679337
5157.1000 2.89687709
5157.1500 2.87696081
5157.2000 2.85704453
5157.2500 2.85003171
5157.3000 2.84554184
5157.3500 2.84105197
5157.4000 2.83656211
5157.4500 2.83058849
5157.5000 2.8244427
5157.5500 2.8182969
5157.6000 2.81215111
5157.6500 2.80404964
5157.7000 2.79586039
5157.7500 2.78767115
5157.8000 2.77984408
5157.8500 2.79020319
5157.9000 2.8005623
5157.9500 2.81092141
5158.0000 2.82019083
5158.0500 2.81749252
5158.1000 2.8147942
5158.1500 2.81209588
5158.2000 2.80732057
5158.2500 2.79066709
5158.3000 2.7740136
5158.3500 2.75736011
5158.4000 2.76148278
5158.4500 2.84116416
5158.5000 2.92084554
5158.5500 3.00052693
5158.6000 3.03903236
5158.6500 2.97370354
5158.7000 2.90837471
5158.7500 2.84304589
5158.8000 2.81043607
5158.8500 2.83761433
5158.9000 2.86479259
5158.9500 2.89197085
5159.0000 2.89738252
5159.0500 2.87333148
5159.1000 2.84928044
5159.1500 2.8252294
5159.2000 2.81430806
5159.2500 2.81664657
5159.3000 2.81898509
5159.3500 2.8213236
5159.4000 2.81905168
5159.4500 2.81332488
5159.5000 2.80759808
5159.5500 2.80187128
5159.6000 2.8066122
5159.6500 2.81705933
5159.7000 2.82750646
5159.7500 2.8379536
5159.8000 2.83531302
5159.8500 2.82768848
5159.9000 2.82006394
5159.9500 2.8124394
5160.0000 2.81822982
5160.0500 2.82731793
5160.1000 2.83640604
5160.1500 2.84549415
5160.2000 2.84421378
5160.2500 2.84155436
5160.3000 2.83889495
5160.3500 2.83623554
5160.4000 2.80769867
5160.4500 2.7781953
5160.5000 2.74869194
5160.5500 2.72178186
5160.6000 2.7476454
5160.6500 2.77350893
5160.7000 2.79937247
5160.7500 2.81921663
5160.8000 2.79917951
5160.8500 2.7791424
5160.9000 2.75910528
5160.9500 2.75711674
5161.0000 2.82029162
5161.0500 2.8834665
5161.1000 2.94664138
5161.1500 2.97379651
5161.2000 2.91853106
5161.2500 2.8632656
5161.3000 2.80800014
5161.3500 2.77447867
5161.4000 2.77457028
5161.4500 2.7746619
5161.5000 2.77475351
5161.5500 2.77424838
5161.6000 2.77310433
5161.6500 2.77196028
5161.7000 2.77081623
5161.7500 2.77108377
5161.8000 2.77239666
5161.8500 2.77370956
5161.9000 2.77502245
5161.9500 2.79028649
5162.0000 2.81249717
5162.0500 2.83470785
5162.1000 2.85691853
5162.1500 2.8538022
5162.2000 2.84278014
5162.2500 2.83175807
5162.3000 2.820736
5162.3500 2.8076766
5162.4000 2.79428027
5162.4500 2.78088393
5162.5000 2.7674876
5162.5500 2.76899708
5162.6000 2.77120018
5162.6500 2.77340328
5162.7000 2.77607446
5162.7500 2.78687528
5162.8000 2.7976761
5162.8500 2.80847692
5162.9000 2.81676159
5162.9500 2.81130937
5163.0000 2.80585716
5163.0500 2.80040495
5163.1000 2.79998425
5163.1500 2.81413705
5163.2000 2.82828985
5163.2500 2.84244266
5163.3000 2.84375278
5163.3500 2.82222559
5163.4000 2.80069841
5163.4500 2.77917122
5163.5000 2.77096075
5163.5500 2.77809004
5163.6000 2.78521934
5163.6500 2.79234863
5163.7000 2.80245006
5163.7500 2.81478516
5163.8000 2.82712026
5163.8500 2.83945536
5163.9000 2.85923528
5163.9500 2.88254094
5164.0000 2.9058466
5164.0500 2.92915226
5164.1000 2.90011163
5164.1500 2.85696899
5164.2000 2.81382636
5164.2500 2.77068373
5164.3000 2.78709028
5164.3500 2.81023143
5164.4000 2.83337258
5164.4500 2.85599491
5164.5000 2.82966047
5164.5500 2.80332602
5164.6000 2.77699158
5164.6500 2.75533309
5164.7000 2.76669498
5164.7500 2.77805686
5164.8000 2.78941875
5164.8500 2.80517621
5164.9000 2.83492454
5164.9500 2.86467287
5165.0000 2.8944212
5165.0500 2.91248142
5165.1000 2.90935713
5165.1500 2.90623285
5165.2000 2.90310856
5165.2500 2.90436916
5165.3000 2.91050513
5165.3500 2.9166411
5165.4000 2.92277706
5165.4500 2.90735737
5165.5000 2.8771398
5165.5500 2.84692223
5165.6000 2.81670466
5165.6500 2.80977592
5165.7000 2.81218294
5165.7500 2.81458996
5165.8000 2.81699698
5165.8500 2.79858685
5165.9000 2.77609922
5165.9500 2.75361159
5166.0000 2.73112395
5166.0500 2.74229156
5166.1000 2.75485974
5166.1500 2.76742793
5166.2000 2.77478806
5166.2500 2.72633974
5166.3000 2.67789141
5166.3500 2.62944308
5166.4000 2.59947847
5166.4500 2.63816264
5166.5000 2.67684681
5166.5500 2.71553098
5166.6000 2.73731514
5166.6500 2.72634939
5166.7000 2.71538365
5166.7500 2.7044179
5166.8000 2.7099472
5166.8500 2.73406944
5166.9000 2.75819169
5166.9500 2.78231393
5167.0000 2.79534001
5167.0500 2.8010086
5167.1000 2.80667719
5167.1500 2.81234579
5167.2000 2.80365512
5167.2500 2.78975979
5167.3000 2.77586446
5167.3500 2.76196913
5167.4000 2.80476587
5167.4500 2.85617601
5167.5000 2.90758615
5167.5500 2.95856165
5167.6000 2.89311377
5167.6500 2.82766589
5167.7000 2.76221801
5167.7500 2.70351826
5167.8000 2.68599503
5167.8500 2.6684718
5167.9000 2.65094857
5167.9500 2.63663091
5168.0000 2.63058199
5168.0500 2.62453307
5168.1000 2.61848416
5168.1500 2.63242691
5168.2000 2.67404465
5168.2500 2.71566239
5168.3000 2.75728013
5168.3500 2.77090306
5168.4000 2.7626119
5168.4500 2.75432074
5168.5000 2.74602957
5168.5500 2.74059502
5168.6000 2.73636209
5168.6500 2.73212916
5168.7000 2.72789623
5168.7500 2.70690899
5168.8000 2.68292726
5168.8500 2.65894552
5168.9000 2.63496378
5168.9500 2.65092612
5169.0000 2.66711698
5169.0500 2.68330784
5169.1000 2.69833611
5169.1500 2.70632416
5169.2000 2.7143122
5169.2500 2.72230024
5169.3000 2.73121021
5169.3500 2.74237049
5169.4000 2.75353077
5169.4500 2.76469105
5169.5000 2.74801321
5169.5500 2.69604832
5169.6000 2.64408343
5169.6500 2.59211854
5169.7000 2.59735098
5169.7500 2.64186452
5169.8000 2.68637807
5169.8500 2.73089162
5169.9000 2.71445378
5169.9500 2.67728297
5170.0000 2.64011216
5170.0500 2.60294135
5170.1000 2.64457607
5170.1500 2.69487055
5170.2000 2.74516503
5170.2500 2.79001936
5170.3000 2.74534296
5170.3500 2.70066657
5170.4000 2.65599017
5170.4500 2.62507581
5170.5000 2.64439321
5170.5500 2.66371061
5170.6000 2.68302801
5170.6500 2.68238809
5170.7000 2.64838693
5170.7500 2.61438576
5170.8000 2.5803846
5170.8500 2.58013365
5170.9000 2.6092128
5170.9500 2.63829196
5171.0000 2.66737112
5171.0500 2.68662987
5171.1000 2.70162451
5171.1500 2.71661916
5171.2000 2.73161381
5171.2500 2.69742424
5171.3000 2.65529067
5171.3500 2.6131571
5171.4000 2.57174253
5171.4500 2.55713293
5171.5000 2.54252333
5171.5500 2.52791373
5171.6000 2.52290038
5171.6500 2.55806818
5171.7000 2.59323599
5171.7500 2.62840379
5171.8000 2.64425806
5171.8500 2.62591499
5171.9000 2.60757192
5171.9500 2.58922885
5172.0000 2.5804964
5172.0500 2.58026762
5172.1000 2.58003884
5172.1500 2.57981005
5172.2000 2.57872529
5172.2500 2.57727658
5172.3000 2.57582787
5172.3500 2.57437917
5172.4000 2.6039481
5172.4500 2.63797799
5172.5000 2.67200788
5172.5500 2.70246874
5172.6000 2.662675
5172.6500 2.62288125
5172.7000 2.58308751
5172.7500 2.56317459
5172.8000 2.61216926
5172.8500 2.66116394
5172.9000 2.71015861
5172.9500 2.70986587
5173.0000 2.63593873
5173.0500 2.56201159
5173.1000 2.48808446
5173.1500 2.4691596
5173.2000 2.490145
5173.2500 2.51113039
5173.3000 2.53211578
5173.3500 2.51805544
5173.4000 2.49289957
5173.4500 2.46774371
5173.5000 2.44258784
5173.5500 2.51583003
5173.6000 2.59523672
5173.6500 2.67464342
5173.7000 2.74811492
5173.7500 2.77967489
5173.8000 2.81123486
5173.8500 2.84279484
5173.9000 2.86370014
5173.9500 2.86072704
5174.0000 2.85775395
5174.0500 2.85478086
5174.1000 2.82907356
5174.1500 2.78012759
5174.2000 2.73118161
5174.2500 2.68223564
5174.3000 2.65284935
5174.3500 2.63258408
5174.4000 2.61231882
5174.4500 2.59205356
5174.5000 2.61738861
5174.5500 2.64948113
5174.6000 2.68157364
5174.6500 2.71072019
5174.7000 2.69481981
5174.7500 2.67891943
5174.8000 2.66301904
5174.8500 2.6423267
5174.9000 2.60750967
5174.9500 2.57269265
5175.0000 2.53787562
5175.0500 2.53633683
5175.1000 2.57600983
5175.1500 2.61568283
5175.2000 2.65535583
5175.2500 2.6469749
5175.3000 2.61175858
5175.3500 2.57654226
5175.4000 2.54132595
5175.4500 2.55975762
5175.5000 2.58855455
5175.5500 2.61735147
5175.6000 2.64423393
5175.6500 2.61982017
5175.7000 2.59540642
5175.7500 2.57099266
5175.8000 2.55062803
5175.8500 2.54341721
5175.9000 2.53620639
5175.9500 2.52899557
5176.0000 2.54556247
5176.0500 2.59285497
5176.1000 2.64014747
5176.1500 2.68743997
5176.2000 2.69906225
5176.2500 2.69050163
5176.3000 2.68194101
5176.3500 2.67338039
5176.4000 2.67849887
5176.4500 2.68617422
5176.5000 2.69384957
5176.5500 2.69854753
5176.6000 2.6440493
5176.6500 2.58955107
5176.7000 2.53505284
5176.7500 2.51277707
5176.8000 2.58476417
5176.8500 2.65675127
5176.9000 2.72873836
5176.9500 2.7788869
5177.0000 2.8037179
5177.0500 2.82854889
5177.1000 2.85337989
5177.1500 2.8471392
5177.2000 2.82579904
5177.2500 2.80445888
5177.3000 2.78311871
5177.3500 2.70187195
5177.4000 2.61278855
5177.4500 2.52370515
5177.5000 2.44819582
5177.5500 2.49881198
5177.6000 2.54942814
5177.6500 2.60004431
5177.7000 2.63164803
5177.7500 2.6212312
5177.8000 2.61081437
5177.8500 2.60039754
5177.9000 2.58791352
5177.9500 2.57357674
5178.0000 2.55923997
5178.0500 2.54490319
5178.1000 2.54256939
5178.1500 2.54435064
5178.2000 2.54613189
5178.2500 2.54791313
5178.3000 2.58473645
5178.3500 2.62288609
5178.4000 2.66103573
5178.4500 2.68769731
5178.5000 2.6633669
5178.5500 2.63903649
5178.6000 2.61470608
5178.6500 2.59057867
5178.7000 2.56674862
5178.7500 2.54291857
5178.8000 2.51908852
5178.8500 2.55854123
5178.9000 2.63531345
5178.9500 2.71208566
5179.0000 2.78885788
5179.0500 2.76102662
5179.1000 2.71529435
5179.1500 2.66956209
5179.2000 2.62825242
5179.2500 2.63765734
5179.3000 2.64706226
5179.3500 2.65646718
5179.4000 2.67440319
5179.4500 2.71150219
5179.5000 2.74860119
5179.5500 2.78570019
5179.6000 2.79105341
5179.6500 2.76907794
5179.7000 2.74710247
5179.7500 2.725127
5179.8000 2.67305006
5179.8500 2.6118915
5179.9000 2.55073294
5179.9500 2.48959659
5180.0000 2.46751784
5180.0500 2.44543908
5180.1000 2.42336033
5180.1500 2.41618162
5180.2000 2.45766609
5180.2500 2.49915055
5180.3000 2.54063501
5180.3500 2.58088833
5180.4000 2.619752
5180.4500 2.65861566
5180.5000 2.69747933
5180.5500 2.71774764
5180.6000 2.73029511
5180.6500 2.74284257
5180.7000 2.75539004
5180.7500 2.76886819
5180.8000 2.78240053
5180.8500 2.79593287
5180.9000 2.79201219
5180.9500 2.7111161
5181.0000 2.63022002
5181.0500 2.54932394
5181.1000 2.49653012
5181.1500 2.48157192
5181.2000 2.46661372
5181.2500 2.45165553
5181.3000 2.47963036
5181.3500 2.52884104
5181.4000 2.57805173
5181.4500 2.62726242
5181.5000 2.56649086
5181.5500 2.49529694
5181.6000 2.42410303
5181.6500 2.35953019
5181.7000 2.32989444
5181.7500 2.30025869
5181.8000 2.27062293
5181.8500 2.26204112
5181.9000 2.28417191
5181.9500 2.30630269
5182.0000 2.32843348
5182.0500 2.3882438
5182.1000 2.4678475
5182.1500 2.54745119
5182.2000 2.62705489
5182.2500 2.54530091
5182.3000 2.44680725
5182.3500 2.34831359
5182.4000 2.27034121
5182.4500 2.3017954
5182.5000 2.33324959
5182.5500 2.36470377
5182.6000 2.38703529
5182.6500 2.39631149
5182.7000 2.40558768
5182.7500 2.41486388
5182.8000 2.4375137
5182.8500 2.46686238
5182.9000 2.49621105
5182.9500 2.52555973
5183.0000 2.5276606
5183.0500 2.5274789
5183.1000 2.5272972
5183.1500 2.51975349
5183.2000 2.47881926
5183.2500 2.43788502
5183.3000 2.39695078
5183.3500 2.37382494
5183.4000 2.3733543
5183.4500 2.37288367
5183.5000 2.37241304
5183.5500 2.35398306
5183.6000 2.32789561
5183.6500 2.30180817
5183.7000 2.27572073
5183.7500 2.27832283
5183.8000 2.28201005
5183.8500 2.28569726
5183.9000 2.28540126
5183.9500 2.27158332
5184.0000 2.25776539
5184.0500 2.24394746
5184.1000 2.25805858
5184.1500 2.30088637
5184.2000 2.34371415
5184.2500 2.38654193
5184.3000 2.38883988
5184.3500 2.37834333
5184.4000 2.36784678
5184.4500 2.35817107
5184.5000 2.37638557
5184.5500 2.39460007
5184.6000 2.41281457
5184.6500 2.4324431
5184.7000 2.45539262
5184.7500 2.47834215
5184.8000 2.50129167
5184.8500 2.52890157
5184.9000 2.56002454
5184.9500 2.59114752
5185.0000 2.6222705
5185.0500 2.55881183
5185.1000 2.47777189
5185.1500 2.39673195
5185.2000 2.3270008
5185.2500 2.34193233
5185.3000 2.35686385
5185.3500 2.37179537
5185.4000 2.38563337
5185.4500 2.39778899
5185.5000 2.40994461
5185.5500 2.42210022
5185.6000 2.42539534
5185.6500 2.42435675
5185.7000 2.42331817
5185.7500 2.42227959
5185.8000 2.47476741
5185.8500 2.53003244
5185.9000 2.58529748
5185.9500 2.6003513
5186.0000 2.48178214
5186.0500 2.36321297
5186.1000 2.24464381
5186.1500 2.2033452
5186.2000 2.2352598
5186.2500 2.2671744
5186.3000 2.299089
5186.3500 2.38399355
5186.4000 2.48238156
5186.4500 2.58076958
5186.5000 2.66297525
5186.5500 2.56487155
5186.6000 2.46676784
5186.6500 2.36866414
5186.7000 2.31041159
5186.7500 2.32028485
5186.8000 2.33015812
5186.8500 2.34003139
5186.9000 2.35829875
5186.9500 2.38094251
5187.0000 2.40358627
5187.0500 2.42623003
5187.1000 2.35538568
5187.1500 2.27931495
5187.2000 2.20324422
5187.2500 2.15854208
5187.3000 2.21409151
5187.3500 2.26964093
5187.4000 2.32519036
5187.4500 2.34580771
5187.5000 2.33558623
5187.5500 2.32536476
5187.6000 2.31514328
5187.6500 2.32268733
5187.7000 2.33398864
5187.7500 2.34528996
5187.8000 2.35690282
5187.8500 2.37077341
5187.9000 2.384644
5187.9500 2.3985146
5188.0000 2.4181114
5188.0500 2.445661
5188.1000 2.4732106
5188.1500 2.50076019
5188.2000 2.46384413
5188.2500 2.40154455
5188.3000 2.33924497
5188.3500 2.27834049
5188.4000 2.29404971
5188.4500 2.30975893
5188.5000 2.32546815
5188.5500 2.33190869
5188.6000 2.31863538
5188.6500 2.30536207
5188.7000 2.29208876
5188.7500 2.22467885
5188.8000 2.12454292
5188.8500 2.024407
5188.9000 1.92427107
5188.9500 2.05612196
5189.0000 2.20591557
5189.0500 2.35570919
5189.1000 2.4685023
5189.1500 2.46064387
5189.2000 2.45278545
5189.2500 2.44492702
5189.3000 2.42656495
5189.3500 2.39935246
5189.4000 2.37213997
5189.4500 2.34492748
5189.5000 2.36337154
5189.5500 2.38973101
5189.6000 2.41609048
5189.6500 2.43171914
5189.7000 2.39237019
5189.7500 2.35302123
5189.8000 2.31367227
5189.8500 2.28788083
5189.9000 2.27702021
5189.9500 2.26615958
5190.0000 2.25529896
5190.0500 2.28315606
5190.1000 2.32130457
5190.1500 2.35945307
5190.2000 2.39986308
5190.2500 2.45941719
5190.3000 2.51897129
5190.3500 2.5785254
5190.4000 2.61389166
5190.4500 2.61623938
5190.5000 2.6185871
5190.5500 2.62093483
5190.6000 2.62993314
5190.6500 2.64124982
5190.7000 2.65256651
5190.7500 2.65599295
5190.8000 2.53949668
5190.8500 2.42300041
5190.9000 2.30650414
5190.9500 2.22763275
5191.0000 2.20925018
5191.0500 2.19086761
5191.1000 2.17248505
5191.1500 2.23001379
5191.2000 2.31903861
5191.2500 2.40806344
5191.3000 2.49641118
5191.3500 2.56398737
5191.4000 2.63156355
5191.4500 2.69913974
5191.5000 2.7044846
5191.5500 2.59818367
5191.6000 2.49188275
5191.6500 2.38558183
5191.7000 2.34906591
5191.7500 2.34452646
5191.8000 2.33998701
5191.8500 2.33522671
5191.9000 2.31612631
5191.9500 2.29702591
5192.0000 2.27792551
5192.0500 2.28918239
5192.1000 2.35779589
5192.1500 2.4264094
5192.2000 2.4950229
5192.2500 2.53116274
5192.3000 2.55191899
5192.3500 2.57267525
5192.4000 2.5926547
5192.4500 2.55147917
5192.5000 2.51030363
5192.5500 2.46912809
5192.6000 2.43424726
5192.6500 2.4111566
5192.7000 2.38806593
5192.7500 2.36497526
5192.8000 2.43700179
5192.8500 2.55274417
5192.9000 2.66848656
5192.9500 2.77991512
5193.0000 2.71369063
5193.0500 2.64746614
5193.1000 2.58124164
5193.1500 2.52983109
5193.2000 2.50432353
5193.2500 2.47881598
5193.3000 2.45330842
5193.3500 2.46829343
5193.4000 2.50018291
5193.4500 2.5320724
5193.5000 2.55957241
5193.5500 2.50127428
5193.6000 2.44297615
5193.6500 2.38467802
5193.7000 2.36354266
5193.7500 2.39971164
5193.8000 2.43588061
5193.8500 2.47204959
5193.9000 2.54975117
5193.9500 2.64207169
5194.0000 2.73439221
5194.0500 2.80561749
5194.1000 2.65670075
5194.1500 2.50778402
5194.2000 2.35886728
5194.2500 2.3259055
5194.3000 2.44246809
5194.3500 2.55903067
5194.4000 2.67559326
5194.4500 2.69172075
5194.5000 2.68076972
5194.5500 2.66981869
5194.6000 2.66618769
5194.6500 2.70750577
5194.7000 2.74882386
5194.7500 2.79014194
5194.8000 2.78968452
5194.8500 2.74643432
5194.9000 2.70318412
5194.9500 2.65993392
5195.0000 2.56868217
5195.0500 2.46892389
5195.1000 2.36916562
5195.1500 2.30506836
5195.2000 2.37801971
5195.2500 2.45097107
5195.3000 2.52392242
5195.3500 2.51716228
5195.4000 2.44903988
5195.4500 2.38091749
5195.5000 2.3127951
5195.5500 2.29973192
5195.6000 2.29112477
5195.6500 2.28251762
5195.7000 2.26483204
5195.7500 2.2245664
5195.8000 2.18430077
5195.8500 2.14403513
5195.9000 2.23974995
5195.9500 2.40870622
5196.0000 2.5776625
5196.0500 2.74501434
5196.1000 2.80443445
5196.1500 2.86385457
5196.2000 2.92327468
5196.2500 2.91644228
5196.3000 2.80192635
5196.3500 2.68741041
5196.4000 2.57289448
5196.4500 2.61490569
5196.5000 2.70945588
5196.5500 2.80400606
5196.6000 2.89645758
5196.6500 2.97322752
5196.7000 3.04999746
5196.7500 3.12676741
5196.8000 3.08258361
5196.8500 2.91196023
5196.9000 2.74133684
5196.9500 2.57071346
5197.0000 2.50089687
5197.0500 2.44730914
5197.1000 2.3937214
5197.1500 2.33082528
5197.2000 2.23767767
5197.2500 2.14453007
5197.3000 2.05138246
5197.3500 2.08689075
5197.4000 2.20437604
5197.4500 2.32186133
5197.5000 2.43934663
5197.5500 2.50017882
5197.6000 2.56031468
5197.6500 2.62045053
5197.7000 2.65258706
5197.7500 2.63631674
5197.8000 2.62004642
5197.8500 2.6037761
5197.9000 2.4484181
5197.9500 2.24585154
5198.0000 2.04328498
5198.0500 1.87001326
5198.1000 1.89581361
5198.1500 1.92161396
5198.2000 1.94741432
5198.2500 2.03690161
5198.3000 2.18720948
5198.3500 2.33751734
5198.4000 2.48782521
5198.4500 2.52140758
5198.5000 2.54148332
5198.5500 2.56155905
5198.6000 2.54923535
5198.6500 2.45466807
5198.7000 2.36010079
5198.7500 2.26553351
5198.8000 2.27153486
5198.8500 2.32696213
5198.9000 2.3823894
5198.9500 2.43618034
5199.0000 2.4642897
5199.0500 2.49239907
5199.1000 2.52050844
5199.1500 2.53550295
5199.2000 2.53452411
5199.2500 2.53354527
5199.3000 2.53256643
5199.3500 0
5199.4000 0
5199.4500 0
