4256.0500 0.20316273
4256.1000 0.2263505
4256.1500 0.24953828
4256.2000 0.20403378
4256.2500 0.14100471
4256.3000 0.07797564
4256.3500 0.01494657
4256.4000 0
4256.4500 0
4256.5000 0
4256.5500 0
4256.6000 0
4256.6500 0
4256.7000 0
4256.7500 0
4256.8000 0
4256.8500 0
4256.9000 0
4256.9500 0
4257.0000 0
4257.0500 0
4257.1000 0
4257.1500 0
4257.2000 0
4257.2500 0
4257.3000 0
4257.3500 0
4257.4000 0
4257.4500 0
4257.5000 0
4257.5500 0
4257.6000 0
4257.6500 0
4257.7000 0
4257.7500 0
4257.8000 0
4257.8500 0
4257.9000 0
4257.9500 0
4258.0000 0
4258.0500 0
4258.1000 0
4258.1500 0
4258.2000 0
4258.2500 0
4258.3000 0
4258.3500 0
4258.4000 0
4258.4500 0
4258.5000 0
4258.5500 0
4258.6000 0
4258.6500 0
4258.7000 0
4258.7500 0
4258.8000 0
4258.8500 0
4258.9000 0
4258.9500 0
4259.0000 0
4259.0500 0
4259.1000 0
4259.1500 0
4259.2000 0
4259.2500 0
4259.3000 0
4259.3500 0
4259.4000 0
4259.4500 0
4259.5000 0
4259.5500 0
4259.6000 0
4259.6500 0
4259.7000 0
4259.7500 0
4259.8000 0
4259.8500 0
4259.9000 0
4259.9500 0
4260.0000 0
4260.0500 0
4260.1000 0
4260.1500 0
4260.2000 0
4260.2500 0
4260.3000 0
4260.3500 0
4260.4000 0
4260.4500 0
4260.5000 0
4260.5500 0
4260.6000 0
4260.6500 0
4260.7000 0
4260.7500 0
4260.8000 0
4260.8500 0
4260.9000 0
4260.9500 0
4261.0000 0
4261.0500 0
4261.1000 0
4261.1500 0
4261.2000 0
4261.2500 0
4261.3000 0
4261.3500 0
4261.4000 0.00812767
4261.4500 0.03056742
4261.5000 0.05300718
4261.5500 0.07544693
4261.6000 0.06814437
4261.6500 0.00886417
4261.7000 -0.05041603
4261.7500 -0.10969623
4261.8000 -0.07723394
4261.8500 0.11341698
4261.9000 0.3040679
4261.9500 0.49471882
4262.0000 0.55907662
4262.0500 0.40981869
4262.1000 0.26056075
4262.1500 0.11130282
4262.2000 0.03681818
4262.2500 0.08569289
4262.3000 0.1345676
4262.3500 0.18344232
4262.4000 0.18968602
4262.4500 0.12771305
4262.5000 0.06574008
4262.5500 0.00376711
4262.6000 -0.02890743
4262.6500 -0.01635852
4262.7000 -0.00380961
4262.7500 0.0087393
4262.8000 0.06765031
4262.8500 0.19522097
4262.9000 0.32279162
4262.9500 0.45036227
4263.0000 0.50028214
4263.0500 0.44044985
4263.1000 0.38061757
4263.1500 0.32078529
4263.2000 0.29392021
4263.2500 0.31129632
4263.3000 0.32867243
4263.3500 0.34604853
4263.4000 0.38231479
4263.4500 0.44252712
4263.5000 0.50273944
4263.5500 0.56295177
4263.6000 0.62161253
4263.6500 0.67842483
4263.7000 0.73523713
4263.7500 0.79204943
4263.8000 0.82811334
4263.8500 0.84106456
4263.9000 0.85401579
4263.9500 0.86696702
4264.0000 0.89963489
4264.0500 0.95273293
4264.1000 1.00583097
4264.1500 1.05892902
4264.2000 1.1113998
4264.2500 1.1632692
4264.3000 1.21513861
4264.3500 1.26700801
4264.4000 1.28832314
4264.4500 1.28268513
4264.5000 1.27704712
4264.5500 1.27140911
4264.6000 1.25176103
4264.6500 1.22080849
4264.7000 1.18985596
4264.7500 1.15890343
4264.8000 1.16227962
4264.8500 1.1908301
4264.9000 1.21938059
4264.9500 1.24793107
4265.0000 1.26166956
4265.0500 1.26560562
4265.1000 1.26954169
4265.1500 1.27347775
4265.2000 1.27428292
4265.2500 1.2732331
4265.3000 1.27218327
4265.3500 1.27113344
4265.4000 1.25373287
4265.4500 1.22773879
4265.5000 1.20174472
4265.5500 1.17575064
4265.6000 1.24259306
4265.6500 1.35224865
4265.7000 1.46190424
4265.7500 1.57155984
4265.8000 1.5733975
4265.8500 1.53218019
4265.9000 1.49096288
4265.9500 1.44974557
4266.0000 1.458244
4266.0500 1.48365003
4266.1000 1.50905606
4266.1500 1.5344621
4266.2000 1.5172461
4266.2500 1.4879499
4266.3000 1.45865369
4266.3500 1.42935748
4266.4000 1.43235558
4266.4500 1.4427595
4266.5000 1.45316341
4266.5500 1.46356733
4266.6000 1.44719781
4266.6500 1.42607005
4266.7000 1.40494229
4266.7500 1.38381453
4266.8000 1.37064972
4266.8500 1.35850862
4266.9000 1.34636752
4266.9500 1.33422642
4267.0000 1.42040763
4267.0500 1.51462757
4267.1000 1.60884751
4267.1500 1.70306746
4267.2000 1.63907489
4267.2500 1.56919139
4267.3000 1.49930789
4267.3500 1.42990245
4267.4000 1.4531999
4267.4500 1.47649735
4267.5000 1.4997948
4267.5500 1.5222603
4267.6000 1.52804454
4267.6500 1.53382877
4267.7000 1.53961301
4267.7500 1.54361278
4267.8000 1.5298354
4267.8500 1.51605801
4267.9000 1.50228063
4267.9500 1.49336862
4268.0000 1.51529119
4268.0500 1.53721375
4268.1000 1.55913632
4268.1500 1.57890107
4268.2000 1.58901237
4268.2500 1.59912368
4268.3000 1.60923498
4268.3500 1.60861271
4268.4000 1.57214565
4268.4500 1.53567858
4268.5000 1.49921151
4268.5500 1.46906339
4268.6000 1.45520166
4268.6500 1.44133993
4268.7000 1.4274782
4268.7500 1.4168952
4268.8000 1.41296998
4268.8500 1.40904476
4268.9000 1.40511955
4268.9500 1.39926717
4269.0000 1.39029363
4269.0500 1.38132009
4269.1000 1.37234654
4269.1500 1.384181
4269.2000 1.42305751
4269.2500 1.46193401
4269.3000 1.50081052
4269.3500 1.5164315
4269.4000 1.50778127
4269.4500 1.49913105
4269.5000 1.49048082
4269.5500 1.49973208
4269.6000 1.52392197
4269.6500 1.54811186
4269.7000 1.57230176
4269.7500 1.56467267
4269.8000 1.53602864
4269.8500 1.50738461
4269.9000 1.47874057
4269.9500 1.47012813
4270.0000 1.47180199
4270.0500 1.47347585
4270.1000 1.47514971
4270.1500 1.45945257
4270.2000 1.43701776
4270.2500 1.41458294
4270.3000 1.39214813
4270.3500 1.40441997
4270.4000 1.42638538
4270.4500 1.44835079
4270.5000 1.4703162
4270.5500 1.48065114
4270.6000 1.48883903
4270.6500 1.49702692
4270.7000 1.50521481
4270.7500 1.46636219
4270.8000 1.4227424
4270.8500 1.3791226
4270.9000 1.33550281
4270.9500 1.4059327
4271.0000 1.47951057
4271.0500 1.55308844
4271.1000 1.6232427
4271.1500 1.61043283
4271.2000 1.59762296
4271.2500 1.5848131
4271.3000 1.56988231
4271.3500 1.53733493
4271.4000 1.50478754
4271.4500 1.47224016
4271.5000 1.45074743
4271.5500 1.48079171
4271.6000 1.510836
4271.6500 1.54088028
4271.7000 1.57062955
4271.7500 1.59947997
4271.8000 1.62833038
4271.8500 1.6571808
4271.9000 1.67762514
4271.9500 1.68011863
4272.0000 1.68261212
4272.0500 1.68510561
4272.1000 1.66657052
4272.1500 1.6154319
4272.2000 1.56429327
4272.2500 1.51315464
4272.3000 1.52952167
4272.3500 1.6230657
4272.4000 1.71660974
4272.4500 1.81015377
4272.5000 1.83311149
4272.5500 1.79651757
4272.6000 1.75992366
4272.6500 1.72332974
4272.7000 1.71393889
4272.7500 1.72125309
4272.8000 1.72856729
4272.8500 1.73588148
4272.9000 1.73760015
4272.9500 1.73689809
4273.0000 1.73619603
4273.0500 1.73549398
4273.1000 1.79039223
4273.1500 1.86117137
4273.2000 1.93195051
4273.2500 2.00272966
4273.3000 1.9799571
4273.3500 1.9418244
4273.4000 1.9036917
4273.4500 1.865559
4273.5000 1.8395133
4273.5500 1.81421956
4273.6000 1.78892583
4273.6500 1.7646402
4273.7000 1.77931592
4273.7500 1.79399163
4273.8000 1.80866734
4273.8500 1.82559691
4273.9000 1.86069918
4273.9500 1.89580145
4274.0000 1.93090372
4274.0500 1.94789146
4274.1000 1.8909405
4274.1500 1.83398955
4274.2000 1.77703859
4274.2500 1.74941849
4274.3000 1.79554471
4274.3500 1.84167093
4274.4000 1.88779715
4274.4500 1.91784458
4274.5000 1.92093869
4274.5500 1.92403281
4274.6000 1.92712692
4274.6500 1.90909351
4274.7000 1.86666052
4274.7500 1.82422753
4274.8000 1.78179453
4274.8500 1.76495085
4274.9000 1.76855781
4274.9500 1.77216478
4275.0000 1.77577175
4275.0500 1.76586014
4275.1000 1.74863314
4275.1500 1.73140613
4275.2000 1.71417913
4275.2500 1.71163783
4275.3000 1.71416934
4275.3500 1.71670086
4275.4000 1.71923237
4275.4500 1.71739443
4275.5000 1.71471782
4275.5500 1.7120412
4275.6000 1.70936459
4275.6500 1.67972174
4275.7000 1.64823503
4275.7500 1.61674832
4275.8000 1.58633798
4275.8500 1.58618567
4275.9000 1.58603336
4275.9500 1.58588105
4276.0000 1.58676736
4276.0500 1.59436463
4276.1000 1.60196191
4276.1500 1.60955918
4276.2000 1.61159974
4276.2500 1.59555283
4276.3000 1.57950593
4276.3500 1.56345902
4276.4000 1.5596265
4276.4500 1.57978923
4276.5000 1.59995196
4276.5500 1.6201147
4276.6000 1.6148651
4276.6500 1.57739737
4276.7000 1.53992964
4276.7500 1.50246191
4276.8000 1.46510994
4276.8500 1.42785429
4276.9000 1.39059863
4276.9500 1.35334297
4277.0000 1.34419021
4277.0500 1.35002637
4277.1000 1.35586253
4277.1500 1.36169869
4277.2000 1.40860979
4277.2500 1.46851016
4277.3000 1.52841054
4277.3500 1.58831092
4277.4000 1.5861326
4277.4500 1.57456643
4277.5000 1.56300025
4277.5500 1.55143407
4277.6000 1.49586269
4277.6500 1.43934056
4277.7000 1.38281843
4277.7500 1.33591918
4277.8000 1.38587064
4277.8500 1.43582211
4277.9000 1.48577357
4277.9500 1.52324585
4278.0000 1.5117898
4278.0500 1.50033374
4278.1000 1.48887769
4278.1500 1.48973413
4278.2000 1.51707302
4278.2500 1.54441191
4278.3000 1.5717508
4278.3500 1.58375214
4278.4000 1.57565643
4278.4500 1.56756072
4278.5000 1.55946501
4278.5500 1.56427264
4278.6000 1.5796537
4278.6500 1.59503476
4278.7000 1.61041583
4278.7500 1.61100019
4278.8000 1.604221
4278.8500 1.59744181
4278.9000 1.59066262
4278.9500 1.58330454
4279.0000 1.5757899
4279.0500 1.56827526
4279.1000 1.56076062
4279.1500 1.56563384
4279.2000 1.57176475
4279.2500 1.57789567
4279.3000 1.58318875
4279.3500 1.56125683
4279.4000 1.53932492
4279.4500 1.517393
4279.5000 1.50429699
4279.5500 1.5400448
4279.6000 1.57579261
4279.6500 1.61154042
4279.7000 1.62319899
4279.7500 1.57224246
4279.8000 1.52128593
4279.8500 1.4703294
4279.9000 1.45253384
4279.9500 1.48370299
4280.0000 1.51487215
4280.0500 1.5460413
4280.1000 1.57578823
4280.1500 1.60427921
4280.2000 1.63277019
4280.2500 1.66126117
4280.3000 1.66439395
4280.3500 1.6544406
4280.4000 1.64448725
4280.4500 1.6345339
4280.5000 1.62962931
4280.5500 1.62607099
4280.6000 1.62251267
4280.6500 1.61895436
4280.7000 1.62835833
4280.7500 1.63887935
4280.8000 1.64940038
4280.8500 1.65833784
4280.9000 1.63906118
4280.9500 1.61978452
4281.0000 1.60050786
4281.0500 1.58046801
4281.1000 1.55710868
4281.1500 1.53374935
4281.2000 1.51039001
4281.2500 1.49460301
4281.3000 1.49475831
4281.3500 1.49491361
4281.4000 1.49506892
4281.4500 1.49564859
4281.5000 1.49672963
4281.5500 1.49781066
4281.6000 1.4988917
4281.6500 1.50154147
4281.7000 1.50525408
4281.7500 1.50896668
4281.8000 1.51267929
4281.8500 1.52069453
4281.9000 1.53026007
4281.9500 1.5398256
4282.0000 1.54939113
4282.0500 1.54215432
4282.1000 1.5325266
4282.1500 1.52289889
4282.2000 1.51314403
4282.2500 1.49605311
4282.3000 1.47896219
4282.3500 1.46187127
4282.4000 1.4572332
4282.4500 1.51800078
4282.5000 1.57876837
4282.5500 1.63953596
4282.6000 1.66533878
4282.6500 1.61114683
4282.7000 1.55695488
4282.7500 1.50276294
4282.8000 1.47399689
4282.8500 1.47635036
4282.9000 1.47870383
4282.9500 1.4810573
4283.0000 1.48769005
4283.0500 1.49721799
4283.1000 1.50674592
4283.1500 1.51627386
4283.2000 1.51845742
4283.2500 1.51812136
4283.3000 1.51778529
4283.3500 1.51744922
4283.4000 1.52097092
4283.4500 1.5249502
4283.5000 1.52892949
4283.5500 1.53181839
4283.6000 1.51138359
4283.6500 1.49094879
4283.7000 1.47051399
4283.7500 1.45503667
4283.8000 1.45981062
4283.8500 1.46458457
4283.9000 1.46935853
4283.9500 1.48168454
4284.0000 1.50803902
4284.0500 1.53439351
4284.1000 1.56074799
4284.1500 1.56294103
4284.2000 1.54140685
4284.2500 1.51987268
4284.3000 1.4983385
4284.3500 1.49300025
4284.4000 1.49598993
4284.4500 1.49897961
4284.5000 1.5019693
4284.5500 1.51062322
4284.6000 1.52054088
4284.6500 1.53045854
4284.7000 1.5403762
4284.7500 1.54039168
4284.8000 1.54016428
4284.8500 1.53993688
4284.9000 1.53938202
4284.9500 1.53674363
4285.0000 1.53410524
4285.0500 1.53146685
4285.1000 1.53053593
4285.1500 1.53364901
4285.2000 1.5367621
4285.2500 1.53987518
4285.3000 1.55086096
4285.3500 1.5711176
4285.4000 1.59137425
4285.4500 1.61163089
4285.5000 1.61261587
4285.5500 1.60193184
4285.6000 1.59124782
4285.6500 1.5805638
4285.7000 1.55793989
4285.7500 1.53209963
4285.8000 1.50625937
4285.8500 1.48041912
4285.9000 1.52028574
4285.9500 1.56332023
4286.0000 1.60635472
4286.0500 1.64360647
4286.1000 1.6390515
4286.1500 1.63449654
4286.2000 1.62994157
4286.2500 1.62216358
4286.3000 1.60650659
4286.3500 1.5908496
4286.4000 1.57519261
4286.4500 1.56986478
4286.5000 1.57664322
4286.5500 1.58342167
4286.6000 1.59020011
4286.6500 1.60276144
4286.7000 1.61869338
4286.7500 1.63462532
4286.8000 1.65055726
4286.8500 1.65651404
4286.9000 1.66004565
4286.9500 1.66357726
4287.0000 1.66710887
4287.0500 1.66975424
4287.1000 1.67238003
4287.1500 1.67500581
4287.2000 1.67826958
4287.2500 1.68504879
4287.3000 1.691828
4287.3500 1.6986072
4287.4000 1.68788626
4287.4500 1.64165458
4287.5000 1.59542289
4287.5500 1.54919121
4287.6000 1.5490477
4287.6500 1.59355395
4287.7000 1.6380602
4287.7500 1.68256645
4287.8000 1.70071871
4287.8500 1.70686471
4287.9000 1.7130107
4287.9500 1.7191567
4288.0000 1.71880171
4288.0500 1.71745278
4288.1000 1.71610384
4288.1500 1.71451364
4288.2000 1.70824453
4288.2500 1.70197543
4288.3000 1.69570633
4288.3500 1.68723715
4288.4000 1.67148383
4288.4500 1.65573051
4288.5000 1.63997719
4288.5500 1.62609123
4288.6000 1.61482471
4288.6500 1.60355819
4288.7000 1.59229167
4288.7500 1.58946604
4288.8000 1.5922282
4288.8500 1.59499036
4288.9000 1.59775252
4288.9500 1.6087902
4289.0000 1.62204805
4289.0500 1.6353059
4289.1000 1.64856376
4289.1500 1.65585654
4289.2000 1.66300593
4289.2500 1.67015533
4289.3000 1.67350756
4289.3500 1.657764
4289.4000 1.64202044
4289.4500 1.62627687
4289.5000 1.62647421
4289.5500 1.65544772
4289.6000 1.68442122
4289.6500 1.71339472
4289.7000 1.70658327
4289.7500 1.67030098
4289.8000 1.6340187
4289.8500 1.59773641
4289.9000 1.60654333
4289.9500 1.63106476
4290.0000 1.65558619
4290.0500 1.68010761
4290.1000 1.67056099
4290.1500 1.65868509
4290.2000 1.64680919
4290.2500 1.63649668
4290.3000 1.63648877
4290.3500 1.63648086
4290.4000 1.63647296
4290.4500 1.63637006
4290.5000 1.63607321
4290.5500 1.63577635
4290.6000 1.6354795
4290.6500 1.6593598
4290.7000 1.70493875
4290.7500 1.7505177
4290.8000 1.79609664
4290.8500 1.76739201
4290.9000 1.71073176
4290.9500 1.65407151
4291.0000 1.59741126
4291.0500 1.5904568
4291.1000 1.58739383
4291.1500 1.58433086
4291.2000 1.58209651
4291.2500 1.58543243
4291.3000 1.58876834
4291.3500 1.59210426
4291.4000 1.60065483
4291.4500 1.6196565
4291.5000 1.63865818
4291.5500 1.65765985
4291.6000 1.66381977
4291.6500 1.65893048
4291.7000 1.65404119
4291.7500 1.6491519
4291.8000 1.6383241
4291.8500 1.62544686
4291.9000 1.61256962
4291.9500 1.59969238
4292.0000 1.61339052
4292.0500 1.62846905
4292.1000 1.64354757
4292.1500 1.6548658
4292.2000 1.64630687
4292.2500 1.63774794
4292.3000 1.62918901
4292.3500 1.62147452
4292.4000 1.61520521
4292.4500 1.6089359
4292.5000 1.60266658
4292.5500 1.59773923
4292.6000 1.59378438
4292.6500 1.58982954
4292.7000 1.58587469
4292.7500 1.59722228
4292.8000 1.61258674
4292.8500 1.62795121
4292.9000 1.64316543
4292.9500 1.63177579
4293.0000 1.62038616
4293.0500 1.60899652
4293.1000 1.6014769
4293.1500 1.60764475
4293.2000 1.6138126
4293.2500 1.61998044
4293.3000 1.62414328
4293.3500 1.62571767
4293.4000 1.62729205
4293.4500 1.62886643
4293.5000 1.62463968
4293.5500 1.61734151
4293.6000 1.61004334
4293.6500 1.60274516
4293.7000 1.61883112
4293.7500 1.63833635
4293.8000 1.65784157
4293.8500 1.67596362
4293.9000 1.68048327
4293.9500 1.68500292
4294.0000 1.68952257
4294.0500 1.68783889
4294.1000 1.67256701
4294.1500 1.65729513
4294.2000 1.64202325
4294.2500 1.63174116
4294.3000 1.62578152
4294.3500 1.61982189
4294.4000 1.61386225
4294.4500 1.61628083
4294.5000 1.62135253
4294.5500 1.62642424
4294.6000 1.63149595
4294.6500 1.63965272
4294.7000 1.64785834
4294.7500 1.65606396
4294.8000 1.66621576
4294.8500 1.68366244
4294.9000 1.70110913
4294.9500 1.71855582
4295.0000 1.72505364
4295.0500 1.71750573
4295.1000 1.70995782
4295.1500 1.70240992
4295.2000 1.69344913
4295.2500 1.6837822
4295.3000 1.67411527
4295.3500 1.66444834
4295.4000 1.67103522
4295.4500 1.67949398
4295.5000 1.68795273
4295.5500 1.69303305
4295.6000 1.67508886
4295.6500 1.65714468
4295.7000 1.63920049
4295.7500 1.62499136
4295.8000 1.61740947
4295.8500 1.60982758
4295.9000 1.60224569
4295.9500 1.61400595
4296.0000 1.63897601
4296.0500 1.66394607
4296.1000 1.68891613
4296.1500 1.69794658
4296.2000 1.70369375
4296.2500 1.70944092
4296.3000 1.71575737
4296.3500 1.73020079
4296.4000 1.74464422
4296.4500 1.75908765
4296.5000 1.76095968
4296.5500 1.73391097
4296.6000 1.70686226
4296.6500 1.67981355
4296.7000 1.67700233
4296.7500 1.69469208
4296.8000 1.71238183
4296.8500 1.73007158
4296.9000 1.745065
4296.9500 1.75930584
4297.0000 1.77354669
4297.0500 1.7874856
4297.1000 1.78864421
4297.1500 1.78980282
4297.2000 1.79096143
4297.2500 1.7923235
4297.3000 1.79424812
4297.3500 1.79617273
4297.4000 1.79809734
4297.4500 1.8009183
4297.5000 1.80460244
4297.5500 1.80828659
4297.6000 1.81197073
4297.6500 1.80338554
4297.7000 1.79080745
4297.7500 1.77822937
4297.8000 1.76564836
4297.8500 1.74928912
4297.9000 1.73292987
4297.9500 1.71657062
4298.0000 1.7016206
4298.0500 1.69093629
4298.1000 1.68025197
4298.1500 1.66956766
4298.2000 1.66918419
4298.2500 1.67922042
4298.3000 1.68925666
4298.3500 1.69929289
4298.4000 1.7026194
4298.4500 1.7036757
4298.5000 1.704732
4298.5500 1.70578829
4298.6000 1.71722971
4298.6500 1.72868675
4298.7000 1.74014379
4298.7500 1.73981246
4298.8000 1.70431433
4298.8500 1.6688162
4298.9000 1.63331806
4298.9500 1.62356528
4299.0000 1.63906185
4299.0500 1.65455842
4299.1000 1.67005499
4299.1500 1.67184434
4299.2000 1.66930318
4299.2500 1.66676202
4299.3000 1.66414055
4299.3500 1.65664895
4299.4000 1.64915736
4299.4500 1.64166576
4299.5000 1.63568541
4299.5500 1.63371388
4299.6000 1.63174235
4299.6500 1.62977082
4299.7000 1.61601854
4299.7500 1.59192658
4299.8000 1.56783462
4299.8500 1.54374267
4299.9000 1.54803457
4299.9500 1.55975288
4300.0000 1.57147118
4300.0500 1.58240112
4300.1000 1.57949532
4300.1500 1.57658951
4300.2000 1.57368371
4300.2500 1.57216274
4300.3000 1.57363315
4300.3500 1.57510356
4300.4000 1.57657397
4300.4500 1.57867527
4300.5000 1.58123299
4300.5500 1.58379072
4300.6000 1.58634844
4300.6500 1.59663057
4300.7000 1.6083269
4300.7500 1.62002323
4300.8000 1.63099954
4300.8500 1.63623925
4300.9000 1.64147895
4300.9500 1.64671865
4301.0000 1.64281637
4301.0500 1.62393648
4301.1000 1.60505659
4301.1500 1.5861767
4301.2000 1.58727105
4301.2500 1.59922609
4301.3000 1.61118112
4301.3500 1.62313615
4301.4000 1.61719334
4301.4500 1.60964701
4301.5000 1.60210067
4301.5500 1.60138954
4301.6000 1.63000656
4301.6500 1.65862357
4301.7000 1.68724058
4301.7500 1.69645313
4301.8000 1.68302223
4301.8500 1.66959133
4301.9000 1.65616044
4301.9500 1.65696687
4302.0000 1.66290122
4302.0500 1.66883557
4302.1000 1.67465729
4302.1500 1.66950019
4302.2000 1.6643431
4302.2500 1.659186
4302.3000 1.6636777
4302.3500 1.69221662
4302.4000 1.72075555
4302.4500 1.74929448
4302.5000 1.74717004
4302.5500 1.72132
4302.6000 1.69546996
4302.6500 1.66961992
4302.7000 1.66097593
4302.7500 1.65554975
4302.8000 1.65012357
4302.8500 1.64656186
4302.9000 1.65637405
4302.9500 1.66618623
4303.0000 1.67599841
4303.0500 1.6751354
4303.1000 1.6584908
4303.1500 1.6418462
4303.2000 1.6252016
4303.2500 1.63890556
4303.3000 1.66650903
4303.3500 1.6941125
4303.4000 1.72171596
4303.4500 1.69904999
4303.5000 1.67480179
4303.5500 1.65055359
4303.6000 1.63611922
4303.6500 1.6504576
4303.7000 1.66479597
4303.7500 1.67913435
4303.8000 1.68907931
4303.8500 1.69528796
4303.9000 1.70149661
4303.9500 1.70770526
4304.0000 1.69842325
4304.0500 1.68591723
4304.1000 1.6734112
4304.1500 1.66263579
4304.2000 1.66501357
4304.2500 1.66739136
4304.3000 1.66976915
4304.3500 1.680134
4304.4000 1.70218174
4304.4500 1.72422948
4304.5000 1.74627722
4304.5500 1.729372
4304.6000 1.69553831
4304.6500 1.66170462
4304.7000 1.62787093
4304.7500 1.6489959
4304.8000 1.67071495
4304.8500 1.692434
4304.9000 1.70406943
4304.9500 1.69012932
4305.0000 1.67618921
4305.0500 1.66224911
4305.1000 1.6608157
4305.1500 1.66853299
4305.2000 1.67625028
4305.2500 1.68396757
4305.3000 1.6829115
4305.3500 1.68058384
4305.4000 1.67825618
4305.4500 1.67554311
4305.5000 1.6709559
4305.5500 1.66636869
4305.6000 1.66178148
4305.6500 1.65789142
4305.7000 1.6547908
4305.7500 1.65169018
4305.8000 1.64858957
4305.8500 1.6515639
4305.9000 1.65636749
4305.9500 1.66117109
4306.0000 1.66567494
4306.0500 1.66616022
4306.1000 1.6666455
4306.1500 1.66713077
4306.2000 1.6682514
4306.2500 1.67044699
4306.3000 1.67264258
4306.3500 1.67483817
4306.4000 1.67178889
4306.4500 1.66621171
4306.5000 1.66063452
4306.5500 1.65505733
4306.6000 1.6679679
4306.6500 1.68126942
4306.7000 1.69457094
4306.7500 1.70549493
4306.8000 1.7104552
4306.8500 1.71541547
4306.9000 1.72037573
4306.9500 1.71113254
4307.0000 1.69210048
4307.0500 1.67306841
4307.1000 1.65403635
4307.1500 1.64522459
4307.2000 1.63754603
4307.2500 1.62986748
4307.3000 1.63124933
4307.3500 1.6667976
4307.4000 1.70234586
4307.4500 1.73789412
4307.5000 1.74034284
4307.5500 1.71226699
4307.6000 1.68419114
4307.6500 1.65611529
4307.7000 1.65793631
4307.7500 1.66579027
4307.8000 1.67364422
4307.8500 1.67924623
4307.9000 1.67158749
4307.9500 1.66392875
4308.0000 1.65627001
4308.0500 1.65556455
4308.1000 1.66303926
4308.1500 1.67051397
4308.2000 1.67798868
4308.2500 1.68604296
4308.3000 1.69426551
4308.3500 1.70248806
4308.4000 1.70765929
4308.4500 1.68261255
4308.5000 1.65756582
4308.5500 1.63251908
4308.6000 1.619237
4308.6500 1.62290766
4308.7000 1.62657832
4308.7500 1.63024898
4308.8000 1.63309159
4308.8500 1.63562614
4308.9000 1.63816068
4308.9500 1.6408625
4309.0000 1.64679476
4309.0500 1.65272702
4309.1000 1.65865927
4309.1500 1.66059055
4309.2000 1.65573373
4309.2500 1.65087692
4309.3000 1.6460201
4309.3500 1.64580165
4309.4000 1.64763166
4309.4500 1.64946167
4309.5000 1.65103129
4309.5500 1.63814597
4309.6000 1.62526066
4309.6500 1.61237535
4309.7000 1.60286241
4309.7500 1.59981061
4309.8000 1.59675881
4309.8500 1.59370701
4309.9000 1.59651945
4309.9500 1.60222793
4310.0000 1.6079364
4310.0500 1.61364488
4310.1000 1.60838749
4310.1500 1.60309814
4310.2000 1.59780879
4310.2500 1.59270219
4310.3000 1.58797344
4310.3500 1.5832447
4310.4000 1.57851596
4310.4500 1.57106575
4310.5000 1.56218901
4310.5500 1.55331228
4310.6000 1.54443555
4310.6500 1.54127125
4310.7000 1.53817978
4310.7500 1.53508831
4310.8000 1.53661456
4310.8500 1.54795619
4310.9000 1.55929782
4310.9500 1.57063945
4311.0000 1.55751512
4311.0500 1.53142869
4311.1000 1.50534226
4311.1500 1.47925582
4311.2000 1.50393217
4311.2500 1.52919237
4311.3000 1.55445256
4311.3500 1.5704538
4311.4000 1.56720639
4311.4500 1.56395898
4311.5000 1.56071156
4311.5500 1.56349601
4311.6000 1.56935801
4311.6500 1.57522001
4311.7000 1.58107057
4311.7500 1.57134601
4311.8000 1.56162144
4311.8500 1.55189688
4311.9000 1.54479066
4311.9500 1.54275539
4312.0000 1.54072013
4312.0500 1.53868486
4312.1000 1.53609432
4312.1500 1.53324429
4312.2000 1.53039426
4312.2500 1.52771301
4312.3000 1.53198171
4312.3500 1.53625041
4312.4000 1.54051911
4312.4500 1.53821617
4312.5000 1.524584
4312.5500 1.51095183
4312.6000 1.49731966
4312.6500 1.50114034
4312.7000 1.51203014
4312.7500 1.52291995
4312.8000 1.53334109
4312.8500 1.53608559
4312.9000 1.53883009
4312.9500 1.54157459
4313.0000 1.54365652
4313.0500 1.54476325
4313.1000 1.54586997
4313.1500 1.5469767
4313.2000 1.54353435
4313.2500 1.53859802
4313.3000 1.5336617
4313.3500 1.53000385
4313.4000 1.53757668
4313.4500 1.5451495
4313.5000 1.55272232
4313.5500 1.5552025
4313.6000 1.5515291
4313.6500 1.54785571
4313.7000 1.54418231
4313.7500 1.55857362
4313.8000 1.57735031
4313.8500 1.596127
4313.9000 1.61015501
4313.9500 1.59881808
4314.0000 1.58748116
4314.0500 1.57614423
4314.1000 1.57357367
4314.1500 1.57936111
4314.2000 1.58514855
4314.2500 1.59093599
4314.3000 1.58996925
4314.3500 1.5879696
4314.4000 1.58596994
4314.4500 1.58814727
4314.5000 1.604796
4314.5500 1.62144474
4314.6000 1.63809348
4314.6500 1.63316571
4314.7000 1.61272969
4314.7500 1.59229366
4314.8000 1.57185764
4314.8500 1.5588678
4314.9000 1.54634614
4314.9500 1.53382448
4315.0000 1.53635321
4315.0500 1.57382126
4315.1000 1.61128931
4315.1500 1.64875736
4315.2000 1.65307579
4315.2500 1.64050613
4315.3000 1.62793646
4315.3500 1.6155969
4315.4000 1.61219063
4315.4500 1.60878435
4315.5000 1.60537807
4315.5500 1.60989475
4315.6000 1.62685978
4315.6500 1.6438248
4315.7000 1.66078983
4315.7500 1.6647792
4315.8000 1.66453372
4315.8500 1.66428824
4315.9000 1.66380031
4315.9500 1.66153679
4316.0000 1.65927326
4316.0500 1.65700974
4316.1000 1.65250293
4316.1500 1.64563818
4316.2000 1.63877343
4316.2500 1.63190868
4316.3000 1.62636
4316.3500 1.62103248
4316.4000 1.61570495
4316.4500 1.61326527
4316.5000 1.62072031
4316.5500 1.62817534
4316.6000 1.63563037
4316.6500 1.64753835
4316.7000 1.66245353
4316.7500 1.67736871
4316.8000 1.69228388
4316.8500 1.6881461
4316.9000 1.68340017
4316.9500 1.67865424
4317.0000 1.68022688
4317.0500 1.69393312
4317.1000 1.70763936
4317.1500 1.72134561
4317.2000 1.70272491
4317.2500 1.67134355
4317.3000 1.6399622
4317.3500 1.61233836
4317.4000 1.62148152
4317.4500 1.63062467
4317.5000 1.63976783
4317.5500 1.64165863
4317.6000 1.63535983
4317.6500 1.62906103
4317.7000 1.62276223
4317.7500 1.63436266
4317.8000 1.64917712
4317.8500 1.66399158
4317.9000 1.6741925
4317.9500 1.66869015
4318.0000 1.6631878
4318.0500 1.65768545
4318.1000 1.65174519
4318.1500 1.64552209
4318.2000 1.63929899
4318.2500 1.63307589
4318.3000 1.62518143
4318.3500 1.61726883
4318.4000 1.60935623
4318.4500 1.60439611
4318.5000 1.60441764
4318.5500 1.60443916
4318.6000 1.60446068
4318.6500 1.61130628
4318.7000 1.62035221
4318.7500 1.62939815
4318.8000 1.63525522
4318.8500 1.62175213
4318.9000 1.60824905
4318.9500 1.59474596
4319.0000 1.59423564
4319.0500 1.60534739
4319.1000 1.61645915
4319.1500 1.6275709
4319.2000 1.64219705
4319.2500 1.65714778
4319.3000 1.67209851
4319.3500 1.67585516
4319.4000 1.65401258
4319.4500 1.63217
4319.5000 1.61032742
4319.5500 1.61679321
4319.6000 1.63572809
4319.6500 1.65466297
4319.7000 1.66990017
4319.7500 1.64552279
4319.8000 1.62114542
4319.8500 1.59676805
4319.9000 1.59400991
4319.9500 1.61488848
4320.0000 1.63576705
4320.0500 1.65664561
4320.1000 1.65687933
4320.1500 1.65406168
4320.2000 1.65124403
4320.2500 1.65340076
4320.3000 1.66928881
4320.3500 1.68517687
4320.4000 1.70106492
4320.4500 1.68456281
4320.5000 1.65150892
4320.5500 1.61845504
4320.6000 1.58751443
4320.6500 1.59036007
4320.7000 1.59320571
4320.7500 1.59605135
4320.8000 1.59654541
4320.8500 1.59424653
4320.9000 1.59194764
4320.9500 1.58964876
4321.0000 1.57822585
4321.0500 1.56527452
4321.1000 1.55232319
4321.1500 1.54178451
4321.2000 1.53821686
4321.2500 1.53464921
4321.3000 1.53108156
4321.3500 1.54499576
4321.4000 1.56796077
4321.4500 1.59092578
4321.5000 1.61074315
4321.5500 1.58279675
4321.6000 1.55485034
4321.6500 1.52690394
4321.7000 1.51657363
4321.7500 1.52643431
4321.8000 1.53629499
4321.8500 1.54615567
4321.9000 1.55829891
4321.9500 1.57077948
4322.0000 1.58326005
4322.0500 1.58682044
4322.1000 1.56718098
4322.1500 1.54754151
4322.2000 1.52790205
4322.2500 1.51612059
4322.3000 1.50794667
4322.3500 1.49977274
4322.4000 1.49322388
4322.4500 1.50230546
4322.5000 1.51138703
4322.5500 1.52046861
4322.6000 1.52529333
4322.6500 1.52593157
4322.7000 1.5265698
4322.7500 1.52720803
4322.8000 1.51854738
4322.8500 1.50902656
4322.9000 1.49950574
4322.9500 1.49665909
4323.0000 1.50750727
4323.0500 1.51835544
4323.1000 1.52920361
4323.1500 1.52894041
4323.2000 1.52479689
4323.2500 1.52065336
4323.3000 1.51767392
4323.3500 1.52099993
4323.4000 1.52432594
4323.4500 1.52765195
4323.5000 1.52979721
4323.5500 1.53105785
4323.6000 1.53231848
4323.6500 1.53357912
4323.7000 1.53215414
4323.7500 1.53069848
4323.8000 1.52924282
4323.8500 1.53059264
4323.9000 1.53603199
4323.9500 1.54147134
4324.0000 1.54691069
4324.0500 1.55991742
4324.1000 1.57451563
4324.1500 1.58911384
4324.2000 1.59241058
4324.2500 1.5612081
4324.3000 1.53000562
4324.3500 1.49880314
4324.4000 1.50624653
4324.4500 1.53285927
4324.5000 1.55947201
4324.5500 1.58297678
4324.6000 1.57554384
4324.6500 1.56811089
4324.7000 1.56067795
4324.7500 1.56674954
4324.8000 1.58552351
4324.8500 1.60429749
4324.9000 1.62307146
4324.9500 1.62708916
4325.0000 1.63017305
4325.0500 1.63325695
4325.1000 1.63126282
4325.1500 1.62050371
4325.2000 1.60974461
4325.2500 1.5989855
4325.3000 1.61935682
4325.3500 1.64778805
4325.4000 1.67621927
4325.4500 1.6963988
4325.5000 1.68782879
4325.5500 1.67925877
4325.6000 1.67068876
4325.6500 1.66965994
4325.7000 1.67264118
4325.7500 1.67562242
4325.8000 1.67848332
4325.8500 1.68002929
4325.9000 1.68157526
4325.9500 1.68312123
4326.0000 1.68014401
4326.0500 1.67292415
4326.1000 1.66570428
4326.1500 1.65848441
4326.2000 1.64928796
4326.2500 1.63998599
4326.3000 1.63068402
4326.3500 1.63154224
4326.4000 1.64871298
4326.4500 1.66588373
4326.5000 1.68305447
4326.5500 1.68434046
4326.6000 1.68212623
4326.6500 1.679912
4326.7000 1.68113786
4326.7500 1.69234917
4326.8000 1.70356049
4326.8500 1.71477181
4326.9000 1.72123514
4326.9500 1.72560686
4327.0000 1.72997858
4327.0500 1.73271155
4327.1000 1.72478985
4327.1500 1.71686815
4327.2000 1.70894645
4327.2500 1.69771102
4327.3000 1.68401198
4327.3500 1.67031294
4327.4000 1.65694332
4327.4500 1.66520364
4327.5000 1.67346395
4327.5500 1.68172427
4327.6000 1.67910735
4327.6500 1.66359667
4327.7000 1.648086
4327.7500 1.63257532
4327.8000 1.62404304
4327.8500 1.61627475
4327.9000 1.60850647
4327.9500 1.60796244
4328.0000 1.62106044
4328.0500 1.63415844
4328.1000 1.64725645
4328.1500 1.64425834
4328.2000 1.63703975
4328.2500 1.62982117
4328.3000 1.6233703
4328.3500 1.6193577
4328.4000 1.61534509
4328.4500 1.61133249
4328.5000 1.60962417
4328.5500 1.6089617
4328.6000 1.60829923
4328.6500 1.60604949
4328.7000 1.59382861
4328.7500 1.58160774
4328.8000 1.56938687
4328.8500 1.56777357
4328.9000 1.57359328
4328.9500 1.57941298
4329.0000 1.58557544
4329.0500 1.60000826
4329.1000 1.61444107
4329.1500 1.62887389
4329.2000 1.62681053
4329.2500 1.60776582
4329.3000 1.58872111
4329.3500 1.56967641
4329.4000 1.57068959
4329.4500 1.57282838
4329.5000 1.57496716
4329.5500 1.57299817
4329.6000 1.56492175
4329.6500 1.55684533
4329.7000 1.54876891
4329.7500 1.53908672
4329.8000 1.52913993
4329.8500 1.51919315
4329.9000 1.5173372
4329.9500 1.53298714
4330.0000 1.54863709
4330.0500 1.56428703
4330.1000 1.56665505
4330.1500 1.56516243
4330.2000 1.56366982
4330.2500 1.56145057
4330.3000 1.55686117
4330.3500 1.55227177
4330.4000 1.54768238
4330.4500 1.54075123
4330.5000 1.53279552
4330.5500 1.52483981
4330.6000 1.51897381
4330.6500 1.52426213
4330.7000 1.52955044
4330.7500 1.53483875
4330.8000 1.53531238
4330.8500 1.5328485
4330.9000 1.53038463
4330.9500 1.52844559
4331.0000 1.53211963
4331.0500 1.53579367
4331.1000 1.53946771
4331.1500 1.54538003
4331.2000 1.55311565
4331.2500 1.56085128
4331.3000 1.56842226
4331.3500 1.56691154
4331.4000 1.56540081
4331.4500 1.56389009
4331.5000 1.56655286
4331.5500 1.57363542
4331.6000 1.58071797
4331.6500 1.58780053
4331.7000 1.56799602
4331.7500 1.54691499
4331.8000 1.52583397
4331.8500 1.51781935
4331.9000 1.5274956
4331.9500 1.53717185
4332.0000 1.54684811
4332.0500 1.53550072
4332.1000 1.52171601
4332.1500 1.50793129
4332.2000 1.49989507
4332.2500 1.50170833
4332.3000 1.50352159
4332.3500 1.50533486
4332.4000 1.51250499
4332.4500 1.52067951
4332.5000 1.52885402
4332.5500 1.52997909
4332.6000 1.51590281
4332.6500 1.50182653
4332.7000 1.48775025
4332.7500 1.47571545
4332.8000 1.46421464
4332.8500 1.45271383
4332.9000 1.44396175
4332.9500 1.44265464
4333.0000 1.44134753
4333.0500 1.44004042
4333.1000 1.43845396
4333.1500 1.43677328
4333.2000 1.4350926
4333.2500 1.4301238
4333.3000 1.41396002
4333.3500 1.39779624
4333.4000 1.38163247
4333.4500 1.37724837
4333.5000 1.37773604
4333.5500 1.37822371
4333.6000 1.37953452
4333.6500 1.3843784
4333.7000 1.38922228
4333.7500 1.39406616
4333.8000 1.39680505
4333.8500 1.39851475
4333.9000 1.40022445
4333.9500 1.39744368
4334.0000 1.37026183
4334.0500 1.34307998
4334.1000 1.31589813
4334.1500 1.31701329
4334.2000 1.33402067
4334.2500 1.35102804
4334.3000 1.36545134
4334.3500 1.36201952
4334.4000 1.35858769
4334.4500 1.35515587
4334.5000 1.35126824
4334.5500 1.34709361
4334.6000 1.34291898
4334.6500 1.33858455
4334.7000 1.3328427
4334.7500 1.32710085
4334.8000 1.321359
4334.8500 1.32217874
4334.9000 1.32753143
4334.9500 1.33288412
4335.0000 1.33680089
4335.0500 1.3246468
4335.1000 1.31249271
4335.1500 1.30033862
4335.2000 1.28823666
4335.2500 1.27617342
4335.3000 1.26411018
4335.3500 1.25408985
4335.4000 1.27270044
4335.4500 1.29131104
4335.5000 1.30992163
4335.5500 1.31877742
4335.6000 1.3199869
4335.6500 1.32119638
4335.7000 1.3218007
4335.7500 1.31214522
4335.8000 1.30248974
4335.8500 1.29283426
4335.9000 1.29496954
4335.9500 1.30667652
4336.0000 1.31838351
4336.0500 1.32990993
4336.1000 1.33795493
4336.1500 1.34599993
4336.2000 1.35404492
4336.2500 1.35202081
4336.3000 1.34168484
4336.3500 1.33134886
4336.4000 1.32156479
4336.4500 1.32286691
4336.5000 1.32416902
4336.5500 1.32547114
4336.6000 1.33155519
4336.6500 1.34158077
4336.7000 1.35160636
4336.7500 1.36027134
4336.8000 1.34310603
4336.8500 1.32594073
4336.9000 1.30877542
4336.9500 1.29606167
4337.0000 1.28694568
4337.0500 1.2778297
4337.1000 1.26952298
4337.1500 1.27456627
4337.2000 1.27960956
4337.2500 1.28465285
4337.3000 1.28767033
4337.3500 1.28911151
4337.4000 1.29055269
4337.4500 1.29151548
4337.5000 1.28599944
4337.5500 1.2804834
4337.6000 1.27496736
4337.6500 1.27305861
4337.7000 1.27380253
4337.7500 1.27454645
4337.8000 1.2751637
4337.8500 1.27441493
4337.9000 1.27366617
4337.9500 1.2729174
4338.0000 1.27865069
4338.0500 1.28880376
4338.1000 1.29895682
4338.1500 1.3073619
4338.2000 1.30093596
4338.2500 1.29451002
4338.3000 1.28808408
4338.3500 1.28785896
4338.4000 1.29147644
4338.4500 1.29509392
4338.5000 1.2941531
4338.5500 1.26283826
4338.6000 1.23152343
4338.6500 1.20020859
4338.7000 1.19924107
4338.7500 1.21499857
4338.8000 1.23075608
4338.8500 1.24430215
4338.9000 1.24623984
4338.9500 1.24817753
4339.0000 1.25011522
4339.0500 1.24344299
4339.1000 1.23265278
4339.1500 1.22186256
4339.2000 1.2114306
4339.2500 1.20248691
4339.3000 1.19354323
4339.3500 1.18459954
4339.4000 1.1776877
4339.4500 1.17159496
4339.5000 1.16550222
4339.5500 1.16215506
4339.6000 1.16787239
4339.6500 1.17358973
4339.7000 1.17930706
4339.7500 1.17963473
4339.8000 1.17819809
4339.8500 1.17676146
4339.9000 1.17432797
4339.9500 1.16927164
4340.0000 1.16421531
4340.0500 1.15915898
4340.1000 1.14883948
4340.1500 1.13719207
4340.2000 1.12554466
4340.2500 1.12240126
4340.3000 1.13710053
4340.3500 1.15179981
4340.4000 1.16649909
4340.4500 1.151855
4340.5000 1.13195653
4340.5500 1.11205806
4340.6000 1.09415628
4340.6500 1.07958805
4340.7000 1.06501981
4340.7500 1.05045158
4340.8000 1.05496722
4340.8500 1.06155213
4340.9000 1.06813704
4340.9500 1.06744535
4341.0000 1.05714193
4341.0500 1.04683851
4341.1000 1.03653509
4341.1500 1.04138684
4341.2000 1.0468591
4341.2500 1.05233137
4341.3000 1.04862296
4341.3500 1.03541918
4341.4000 1.0222154
4341.4500 1.00927151
4341.5000 1.00708362
4341.5500 1.00489572
4341.6000 1.00270783
4341.6500 1.01029457
4341.7000 1.02566427
4341.7500 1.04103397
4341.8000 1.05523051
4341.8500 1.05770144
4341.9000 1.06017236
4341.9500 1.06264329
4342.0000 1.04819877
4342.0500 1.02366082
4342.1000 0.99912287
4342.1500 0.98257207
4342.2000 1.00711364
4342.2500 1.03165521
4342.3000 1.05619679
4342.3500 1.06405729
4342.4000 1.06477868
4342.4500 1.06550007
4342.5000 1.06904292
4342.5500 1.08157208
4342.6000 1.09410125
4342.6500 1.10663042
4342.7000 1.11103044
4342.7500 1.11312038
4342.8000 1.11521033
4342.8500 1.1138863
4342.9000 1.10529347
4342.9500 1.09670065
4343.0000 1.08810782
4343.0500 1.08822438
4343.1000 1.08974055
4343.1500 1.09125672
4343.2000 1.09657921
4343.2500 1.10750254
4343.3000 1.11842587
4343.3500 1.1293492
4343.4000 1.11984853
4343.4500 1.10924559
4343.5000 1.09864265
4343.5500 1.0971631
4343.6000 1.10502596
4343.6500 1.11288882
4343.7000 1.12103383
4343.7500 1.13587256
4343.8000 1.15071129
4343.8500 1.16555002
4343.9000 1.17625374
4343.9500 1.18405922
4344.0000 1.1918647
4344.0500 1.19787053
4344.1000 1.19249188
4344.1500 1.18711323
4344.2000 1.18173458
4344.2500 1.17060555
4344.3000 1.15684659
4344.3500 1.14308763
4344.4000 1.13943131
4344.4500 1.16830802
4344.5000 1.19718472
4344.5500 1.22606143
4344.6000 1.22513896
4344.6500 1.21623903
4344.7000 1.2073391
4344.7500 1.20243764
4344.8000 1.2052361
4344.8500 1.20803456
4344.9000 1.21083302
4344.9500 1.23790887
4345.0000 1.26780676
4345.0500 1.29770466
4345.1000 1.31511071
4345.1500 1.31731212
4345.2000 1.31951352
4345.2500 1.32162712
4345.3000 1.31177594
4345.3500 1.30192476
4345.4000 1.29207359
4345.4500 1.2854023
4345.5000 1.28118284
4345.5500 1.27696338
4345.6000 1.27376661
4345.6500 1.2778558
4345.7000 1.28194499
4345.7500 1.28603418
4345.8000 1.27844283
4345.8500 1.26542091
4345.9000 1.252399
4345.9500 1.25064367
4346.0000 1.28393599
4346.0500 1.31722831
4346.1000 1.35052063
4346.1500 1.36046718
4346.2000 1.36475825
4346.2500 1.36904932
4346.3000 1.36139432
4346.3500 1.33320661
4346.4000 1.3050189
4346.4500 1.27683119
4346.5000 1.28925262
4346.5500 1.30464991
4346.6000 1.32004721
4346.6500 1.33859958
4346.7000 1.36034864
4346.7500 1.3820977
4346.8000 1.40183293
4346.8500 1.39152313
4346.9000 1.38121333
4346.9500 1.37090353
4347.0000 1.36686644
4347.0500 1.36651336
4347.1000 1.36616028
4347.1500 1.37005685
4347.2000 1.39113756
4347.2500 1.41221827
4347.3000 1.43329899
4347.3500 1.43940537
4347.4000 1.44097879
4347.4500 1.44255222
4347.5000 1.44343158
4347.5500 1.442952
4347.6000 1.44247242
4347.6500 1.44199284
4347.7000 1.45648534
4347.7500 1.47246568
4347.8000 1.48844601
4347.8500 1.48033633
4347.9000 1.44636111
4347.9500 1.41238588
4348.0000 1.38123563
4348.0500 1.39776478
4348.1000 1.41429392
4348.1500 1.43082306
4348.2000 1.42037843
4348.2500 1.39414142
4348.3000 1.36790441
4348.3500 1.34737935
4348.4000 1.34878922
4348.4500 1.35019909
4348.5000 1.35160895
4348.5500 1.36580853
4348.6000 1.38354086
4348.6500 1.40127319
4348.7000 1.41219979
4348.7500 1.41111145
4348.8000 1.4100231
4348.8500 1.40893475
4348.9000 1.42078487
4348.9500 1.43345007
4349.0000 1.44611528
4349.0500 1.44680221
4349.1000 1.43647411
4349.1500 1.42614602
4349.2000 1.41786076
4349.2500 1.42751396
4349.3000 1.43716715
4349.3500 1.44682034
4349.4000 1.44236375
4349.4500 1.43140702
4349.5000 1.42045028
4349.5500 1.41520188
4349.6000 1.42553982
4349.6500 1.43587776
4349.7000 1.4462157
4349.7500 1.43500602
4349.8000 1.42007105
4349.8500 1.40513608
4349.9000 1.41991772
4349.9500 1.47279639
4350.0000 1.52567505
4350.0500 1.57648155
4350.1000 1.54614545
4350.1500 1.51580934
4350.2000 1.48547323
4350.2500 1.47409496
4350.3000 1.47470178
4350.3500 1.4753086
4350.4000 1.47961186
4350.4500 1.49856165
4350.5000 1.51751143
4350.5500 1.53646122
4350.6000 1.5115113
4350.6500 1.47499313
4350.7000 1.43847496
4350.7500 1.41735587
4350.8000 1.42110274
4350.8500 1.42484961
4350.9000 1.42859647
4350.9500 1.44315471
4351.0000 1.45799563
4351.0500 1.47283655
4351.1000 1.48306638
4351.1500 1.48978447
4351.2000 1.49650256
4351.2500 1.49786938
4351.3000 1.47153395
4351.3500 1.44519852
4351.4000 1.4188631
4351.4500 1.40367133
4351.5000 1.39205288
4351.5500 1.38043443
4351.6000 1.37209026
4351.6500 1.36973242
4351.7000 1.36737457
4351.7500 1.36501673
4351.8000 1.38086427
4351.8500 1.3976495
4351.9000 1.41443472
4351.9500 1.43112433
4352.0000 1.44773556
4352.0500 1.4643468
4352.1000 1.4734904
4352.1500 1.44002551
4352.2000 1.40656061
4352.2500 1.37309572
4352.3000 1.37324814
4352.3500 1.3846191
4352.4000 1.39599005
4352.4500 1.39392737
4352.5000 1.36708225
4352.5500 1.34023713
4352.6000 1.31339201
4352.6500 1.33743789
4352.7000 1.36391979
4352.7500 1.3904017
4352.8000 1.40999541
4352.8500 1.42413707
4352.9000 1.43827872
4352.9500 1.44669811
4353.0000 1.42576141
4353.0500 1.40482472
4353.1000 1.38388802
4353.1500 1.39904673
4353.2000 1.42503989
4353.2500 1.45103306
4353.3000 1.4648294
4353.3500 1.45840227
4353.4000 1.45197513
4353.4500 1.445548
4353.5000 1.45892971
4353.5500 1.47262635
4353.6000 1.486323
4353.6500 1.47426079
4353.7000 1.44456003
4353.7500 1.41485928
4353.8000 1.40113199
4353.8500 1.44979777
4353.9000 1.49846354
4353.9500 1.54712931
4354.0000 1.53088387
4354.0500 1.49992038
4354.1000 1.46895689
4354.1500 1.46077889
4354.2000 1.48310605
4354.2500 1.50543321
4354.3000 1.52553036
4354.3500 1.49351462
4354.4000 1.46149889
4354.4500 1.42948315
4354.5000 1.44931361
4354.5500 1.49638417
4354.6000 1.54345472
4354.6500 1.57347703
4354.7000 1.55767518
4354.7500 1.54187334
4354.8000 1.5260715
4354.8500 1.55911496
4354.9000 1.59833087
4354.9500 1.63754678
4355.0000 1.63084226
4355.0500 1.57922104
4355.1000 1.52759983
4355.1500 1.48370865
4355.2000 1.49427573
4355.2500 1.5048428
4355.3000 1.51540988
4355.3500 1.50109817
4355.4000 1.47823214
4355.4500 1.45536612
4355.5000 1.46170503
4355.5500 1.51884556
4355.6000 1.5759861
4355.6500 1.63312663
4355.7000 1.62356269
4355.7500 1.61311922
4355.8000 1.60267574
4355.8500 1.59564235
4355.9000 1.59078918
4355.9500 1.585936
4356.0000 1.57998133
4356.0500 1.57042228
4356.1000 1.56086323
4356.1500 1.55130417
4356.2000 1.54663073
4356.2500 1.54275794
4356.3000 1.53888514
4356.3500 1.53402688
4356.4000 1.52812381
4356.4500 1.52222073
4356.5000 1.52241192
4356.5500 1.57062181
4356.6000 1.6188317
4356.6500 1.66704159
4356.7000 1.6268043
4356.7500 1.55563884
4356.8000 1.48447337
4356.8500 1.44233751
4356.9000 1.44957391
4356.9500 1.45681032
4357.0000 1.46406146
4357.0500 1.49325809
4357.1000 1.52245472
4357.1500 1.55165134
4357.2000 1.55232389
4357.2500 1.5363967
4357.3000 1.5204695
4357.3500 1.51757224
4357.4000 1.55088154
4357.4500 1.58419084
4357.5000 1.61750014
4357.5500 1.57330122
4357.6000 1.52031798
4357.6500 1.46733475
4357.7000 1.46395555
4357.7500 1.50406984
4357.8000 1.54418413
4357.8500 1.58141016
4357.9000 1.60438186
4357.9500 1.62735355
4358.0000 1.65032524
4358.0500 1.61809983
4358.1000 1.57252078
4358.1500 1.52694173
4358.2000 1.51399471
4358.2500 1.54208257
4358.3000 1.57017044
4358.3500 1.59551041
4358.4000 1.58999854
4358.4500 1.58448667
4358.5000 1.5789748
4358.5500 1.55856873
4358.6000 1.5324177
4358.6500 1.50626668
4358.7000 1.50160028
4358.7500 1.53470732
4358.8000 1.56781435
4358.8500 1.60085513
4358.9000 1.61930504
4358.9500 1.63775495
4359.0000 1.65620485
4359.0500 1.64835962
4359.1000 1.62620103
4359.1500 1.60404244
4359.2000 1.59058536
4359.2500 1.59826924
4359.3000 1.60595311
4359.3500 1.61363698
4359.4000 1.58844763
4359.4500 1.56103607
4359.5000 1.5336245
4359.5500 1.52304359
4359.6000 1.52450974
4359.6500 1.52597588
4359.7000 1.53748044
4359.7500 1.58258918
4359.8000 1.62769793
4359.8500 1.67280667
4359.9000 1.63544608
4359.9500 1.5866526
4360.0000 1.53785911
4360.0500 1.52264262
4360.1000 1.53749942
4360.1500 1.55235622
4360.2000 1.57145477
4360.2500 1.61016284
4360.3000 1.6488709
4360.3500 1.68757896
4360.4000 1.66944665
4360.4500 1.63960649
4360.5000 1.60976633
4360.5500 1.58643232
4360.6000 1.57010144
4360.6500 1.55377056
4360.7000 1.54139251
4360.7500 1.55433127
4360.8000 1.56727002
4360.8500 1.58020878
4360.9000 1.56300638
4360.9500 1.53776917
4361.0000 1.51253197
4361.0500 1.48967416
4361.1000 1.46978325
4361.1500 1.44989233
4361.2000 1.43379213
4361.2500 1.45120459
4361.3000 1.46861705
4361.3500 1.48602951
4361.4000 1.47504093
4361.4500 1.45504518
4361.5000 1.43504942
4361.5500 1.43630447
4361.6000 1.46716522
4361.6500 1.49802596
4361.7000 1.52733194
4361.7500 1.53814012
4361.8000 1.5489483
4361.8500 1.55975649
4361.9000 1.54153531
4361.9500 1.5130215
4362.0000 1.48450768
4362.0500 1.47147172
4362.1000 1.48165289
4362.1500 1.49183407
4362.2000 1.50119225
4362.2500 1.49826452
4362.3000 1.4953368
4362.3500 1.49240907
4362.4000 1.46557015
4362.4500 1.4297341
4362.5000 1.39389805
4362.5500 1.36015329
4362.6000 1.32965959
4362.6500 1.29916589
4362.7000 1.2721238
4362.7500 1.30182439
4362.8000 1.33152498
4362.8500 1.36122556
4362.9000 1.36539739
4362.9500 1.35984999
4363.0000 1.3543026
4363.0500 1.36202059
4363.1000 1.39029496
4363.1500 1.41856933
4363.2000 1.44285323
4363.2500 1.40592317
4363.3000 1.36899311
4363.3500 1.33206306
4363.4000 1.32590166
4363.4500 1.3310504
4363.5000 1.33619914
4363.5500 1.3388525
4363.6000 1.33779787
4363.6500 1.33674324
4363.7000 1.33833493
4363.7500 1.37287831
4363.8000 1.4074217
4363.8500 1.44196508
4363.9000 1.41139534
4363.9500 1.35882447
4364.0000 1.30625361
4364.0500 1.27232264
4364.1000 1.26396614
4364.1500 1.25560963
4364.2000 1.25030942
4364.2500 1.27354458
4364.3000 1.29677973
4364.3500 1.32001489
4364.4000 1.31277903
4364.4500 1.29659169
4364.5000 1.28040434
4364.5500 1.29590908
4364.6000 1.35012467
4364.6500 1.40434027
4364.7000 1.44690822
4364.7500 1.41040817
4364.8000 1.37390813
4364.8500 1.33740808
4364.9000 1.36766706
4364.9500 1.41382356
4365.0000 1.45998006
4365.0500 1.47449993
4365.1000 1.45582239
4365.1500 1.43714484
4365.2000 1.41990883
4365.2500 1.40974674
4365.3000 1.39958466
4365.3500 1.38942257
4365.4000 1.40084088
4365.4500 1.41601896
4365.5000 1.43119703
4365.5500 1.44881612
4365.6000 1.46855688
4365.6500 1.48829763
4365.7000 1.50065525
4365.7500 1.48674245
4365.8000 1.47282965
4365.8500 1.45891684
4365.9000 1.44866688
4365.9500 1.43880231
4366.0000 1.42893774
4366.0500 1.43322129
4366.1000 1.44728654
4366.1500 1.46135179
4366.2000 1.47002233
4366.2500 1.46473011
4366.3000 1.45943789
4366.3500 1.45414567
4366.4000 1.47397025
4366.4500 1.49464754
4366.5000 1.51532483
4366.5500 1.50505372
4366.6000 1.47860104
4366.6500 1.45214837
4366.7000 1.44286358
4366.7500 1.46586101
4366.8000 1.48885844
4366.8500 1.50981448
4366.9000 1.48007575
4366.9500 1.45033701
4367.0000 1.42059828
4367.0500 1.4156869
4367.1000 1.41989961
4367.1500 1.42411232
4367.2000 1.42130304
4367.2500 1.40898681
4367.3000 1.39667059
4367.3500 1.38853495
4367.4000 1.41122742
4367.4500 1.4339199
4367.5000 1.45661237
4367.5500 1.4479014
4367.6000 1.43206287
4367.6500 1.41622434
4367.7000 1.40395285
4367.7500 1.39508616
4367.8000 1.38621948
4367.8500 1.37662594
4367.9000 1.36428593
4367.9500 1.35194593
4368.0000 1.33960593
4368.0500 1.31996068
4368.1000 1.2995745
4368.1500 1.27918832
4368.2000 1.28309778
4368.2500 1.30269944
4368.3000 1.3223011
4368.3500 1.33003124
4368.4000 1.31112024
4368.4500 1.29220923
4368.5000 1.27383263
4368.5500 1.30870554
4368.6000 1.34357845
4368.6500 1.37845135
4368.7000 1.3682032
4368.7500 1.33976027
4368.8000 1.31131735
4368.8500 1.29804834
4368.9000 1.30605098
4368.9500 1.31405361
4369.0000 1.32286151
4369.0500 1.33751562
4369.1000 1.35216974
4369.1500 1.36682385
4369.2000 1.3275301
4369.2500 1.27693492
4369.3000 1.22633975
4369.3500 1.22284923
4369.4000 1.26054164
4369.4500 1.29823405
4369.5000 1.3217575
4369.5500 1.30072727
4369.6000 1.27969703
4369.6500 1.25866679
4369.7000 1.25325399
4369.7500 1.24866239
4369.8000 1.24407079
4369.8500 1.2226442
4369.9000 1.19253766
4369.9500 1.16243112
4370.0000 1.15210635
4370.0500 1.17538008
4370.1000 1.19865382
4370.1500 1.22124464
4370.2000 1.23622674
4370.2500 1.25120884
4370.3000 1.26619095
4370.3500 1.23242191
4370.4000 1.1860931
4370.4500 1.13976429
4370.5000 1.12278492
4370.5500 1.13412427
4370.6000 1.14546363
4370.6500 1.15283283
4370.7000 1.14642704
4370.7500 1.14002125
4370.8000 1.13361546
4370.8500 1.14664078
4370.9000 1.16091669
4370.9500 1.17519261
4371.0000 1.17236441
4371.0500 1.16058025
4371.1000 1.14879609
4371.1500 1.14529907
4371.2000 1.15566475
4371.2500 1.16603044
4371.3000 1.1795926
4371.3500 1.22434824
4371.4000 1.26910389
4371.4500 1.31385953
4371.5000 1.32804117
4371.5500 1.3351792
4371.6000 1.34231724
4371.6500 1.33874749
4371.7000 1.3258173
4371.7500 1.31288711
4371.8000 1.30381504
4371.8500 1.30599226
4371.9000 1.30816948
4371.9500 1.31034669
4372.0000 1.31163116
4372.0500 1.31289572
4372.1000 1.31416028
4372.1500 1.33092675
4372.2000 1.35427374
4372.2500 1.37762073
4372.3000 1.40880165
4372.3500 1.45050318
4372.4000 1.4922047
4372.4500 1.51721349
4372.5000 1.44953976
4372.5500 1.38186603
4372.6000 1.3141923
4372.6500 1.37720795
4372.7000 1.45814216
4372.7500 1.53907637
4372.8000 1.56559151
4372.8500 1.55690655
4372.9000 1.54822159
4372.9500 1.54024285
4373.0000 1.53365959
4373.0500 1.52707633
4373.1000 1.52136905
4373.1500 1.52809512
4373.2000 1.53482118
4373.2500 1.54154724
4373.3000 1.52124961
4373.3500 1.49405215
4373.4000 1.4668547
4373.4500 1.47201353
4373.5000 1.50605172
4373.5500 1.54008991
4373.6000 1.55338214
4373.6500 1.50798471
4373.7000 1.46258728
4373.7500 1.41718985
4373.8000 1.42216113
4373.8500 1.4273887
4373.9000 1.43261627
4373.9500 1.44209166
4374.0000 1.45314055
4374.0500 1.46418944
4374.1000 1.46240286
4374.1500 1.44587564
4374.2000 1.42934842
4374.2500 1.41803186
4374.3000 1.42727422
4374.3500 1.43651657
4374.4000 1.44575893
4374.4500 1.44067623
4374.5000 1.43467818
4374.5500 1.42868014
4374.6000 1.42806097
4374.6500 1.42998858
4374.7000 1.43191619
4374.7500 1.42424515
4374.8000 1.4032306
4374.8500 1.38221605
4374.9000 1.36670373
4374.9500 1.38027455
4375.0000 1.39384537
4375.0500 1.40741618
4375.1000 1.41275575
4375.1500 1.41718872
4375.2000 1.42162169
4375.2500 1.39659523
4375.3000 1.35524597
4375.3500 1.31389671
4375.4000 1.29437316
4375.4500 1.30940093
4375.5000 1.3244287
4375.5500 1.33797145
4375.6000 1.3417316
4375.6500 1.34549175
4375.7000 1.3492519
4375.7500 1.3478812
4375.8000 1.3457938
4375.8500 1.3437064
4375.9000 1.35034845
4375.9500 1.36224909
4376.0000 1.37414973
4376.0500 1.41223431
4376.1000 1.49458294
4376.1500 1.57693158
4376.2000 1.63989632
4376.2500 1.56108119
4376.3000 1.48226605
4376.3500 1.40345092
4376.4000 1.38643738
4376.4500 1.37867042
4376.5000 1.37090345
4376.5500 1.38988461
4376.6000 1.4252307
4376.6500 1.46057679
4376.7000 1.46426087
4376.7500 1.41448581
4376.8000 1.36471075
4376.8500 1.32100064
4376.9000 1.31994335
4376.9500 1.31888607
4377.0000 1.31782878
4377.0500 1.29314447
4377.1000 1.26517715
4377.1500 1.23720982
4377.2000 1.23592753
4377.2500 1.25015067
4377.3000 1.26437381
4377.3500 1.27944523
4377.4000 1.29585487
4377.4500 1.31226451
4377.5000 1.32354147
4377.5500 1.30440799
4377.6000 1.28527451
4377.6500 1.26614103
4377.7000 1.24476954
4377.7500 1.22315445
4377.8000 1.20153936
4377.8500 1.20157269
4377.9000 1.21274632
4377.9500 1.22391994
4378.0000 1.22011127
4378.0500 1.19558073
4378.1000 1.17105019
4378.1500 1.16157297
4378.2000 1.2206798
4378.2500 1.27978662
4378.3000 1.33889345
4378.3500 1.34693478
4378.4000 1.35179276
4378.4500 1.35665074
4378.5000 1.33413134
4378.5500 1.30008062
4378.6000 1.26602989
4378.6500 1.25946735
4378.7000 1.28428811
4378.7500 1.30910887
4378.8000 1.3282739
4378.8500 1.32863006
4378.9000 1.32898623
4378.9500 1.3293424
4379.0000 1.33044539
4379.0500 1.33155107
4379.1000 1.33265676
4379.1500 1.30596699
4379.2000 1.27062557
4379.2500 1.23528415
4379.3000 1.25332201
4379.3500 1.3187331
4379.4000 1.38414419
4379.4500 1.40304361
4379.5000 1.31235415
4379.5500 1.22166468
4379.6000 1.15188458
4379.6500 1.37288103
4379.7000 1.59387748
4379.7500 1.81487392
4379.8000 1.73285694
4379.8500 1.59190834
4379.9000 1.45095973
4379.9500 1.45272395
4380.0000 1.54640506
4380.0500 1.64008617
4380.1000 1.69739852
4380.1500 1.69544357
4380.2000 1.69348862
4380.2500 1.68406155
4380.3000 1.63336096
4380.3500 1.58266037
4380.4000 1.53195978
4380.4500 1.56458741
4380.5000 1.60375169
4380.5500 1.64291597
4380.6000 1.61175246
4380.6500 1.55076364
4380.7000 1.48977482
4380.7500 1.48525107
4380.8000 1.54236251
4380.8500 1.59947395
4380.9000 1.61898756
4380.9500 1.52864872
4381.0000 1.43830989
4381.0500 1.353897
4381.1000 1.44407432
4381.1500 1.53425165
4381.2000 1.62442897
4381.2500 1.62154978
4381.3000 1.59707388
4381.3500 1.57259797
4381.4000 1.54397083
4381.4500 1.51247564
4381.5000 1.48098046
4381.5500 1.4921058
4381.6000 1.57513829
4381.6500 1.65817078
4381.7000 1.72015685
4381.7500 1.66638308
4381.8000 1.61260931
4381.8500 1.55883554
4381.9000 1.56827256
4381.9500 1.58199539
4382.0000 1.59571822
4382.0500 1.59079904
4382.1000 1.5786348
4382.1500 1.56647055
4382.2000 1.55177609
4382.2500 1.53459867
4382.3000 1.51742125
4382.3500 1.48656795
4382.4000 1.42227499
4382.4500 1.35798202
4382.5000 1.29578975
4382.5500 1.25886014
4382.6000 1.22193053
4382.6500 1.18500091
4382.7000 1.20286095
4382.7500 1.22932773
4382.8000 1.25579452
4382.8500 1.31833285
4382.9000 1.40006756
4382.9500 1.48180228
4383.0000 1.55404834
4383.0500 1.6143181
4383.1000 1.67458786
4383.1500 1.72173135
4383.2000 1.72551921
4383.2500 1.72930707
4383.3000 1.72897149
4383.3500 1.55877443
4383.4000 1.38857737
4383.4500 1.21838031
4383.5000 1.32080299
4383.5500 1.48471549
4383.6000 1.64862799
4383.6500 1.67644014
4383.7000 1.61693498
4383.7500 1.55742982
4383.8000 1.53415275
4383.8500 1.56446653
4383.9000 1.5947803
4383.9500 1.59279914
4384.0000 1.46039521
4384.0500 1.32799128
4384.1000 1.19558735
4384.1500 1.2995489
4384.2000 1.404805
4384.2500 1.51006109
4384.3000 1.51427364
4384.3500 1.49188306
4384.4000 1.46949247
4384.4500 1.47148993
4384.5000 1.49046475
4384.5500 1.50943956
4384.6000 0
4384.6500 0
4384.7000 0
