5969.0500 3.63498175
5969.1000 3.64265455
5969.1500 3.65032734
5969.2000 3.68821632
5969.2500 3.73324081
5969.3000 3.7782653
5969.3500 3.82328979
5969.4000 3.86831428
5969.4500 3.90758291
5969.5000 3.90873353
5969.5500 3.90988415
5969.6000 3.91103476
5969.6500 3.91218538
5969.7000 3.913336
5969.7500 3.87647439
5969.8000 3.79406555
5969.8500 3.71165671
5969.9000 3.62924787
5969.9500 3.54683904
5970.0000 3.4644302
5970.0500 3.48450306
5970.1000 3.5334594
5970.1500 3.58241574
5970.2000 3.63137208
5970.2500 3.68032842
5970.3000 3.72352313
5970.3500 3.71855151
5970.4000 3.71357989
5970.4500 3.70860827
5970.5000 3.70363665
5970.5500 3.69866503
5970.6000 3.71703632
5970.6500 3.76572089
5970.7000 3.81440546
5970.7500 3.86309002
5970.8000 3.91177459
5970.8500 3.96045916
5970.9000 3.92609135
5970.9500 3.86617496
5971.0000 3.80625857
5971.0500 3.74634218
5971.1000 3.68642579
5971.1500 3.63585135
5971.2000 3.67330141
5971.2500 3.71075147
5971.3000 3.74820152
5971.3500 3.78565158
5971.4000 3.82310164
5971.4500 3.83340943
5971.5000 3.80753779
5971.5500 3.78166616
5971.6000 3.75579452
5971.6500 3.72992289
5971.7000 3.70405125
5971.7500 3.69420897
5971.8000 3.68935027
5971.8500 3.68449158
5971.9000 3.67963289
5971.9500 3.6747742
5972.0000 3.67319778
5972.0500 3.70165476
5972.1000 3.73011175
5972.1500 3.75856873
5972.2000 3.78702571
5972.2500 3.81548269
5972.3000 3.83525727
5972.3500 3.84378705
5972.4000 3.85231683
5972.4500 3.86084661
5972.5000 3.86937639
5972.5500 3.87790617
5972.6000 3.85851114
5972.6500 3.83098051
5972.7000 3.80344988
5972.7500 3.77591924
5972.8000 3.74838861
5972.8500 3.72565095
5972.9000 3.7399544
5972.9500 3.75425786
5973.0000 3.76856132
5973.0500 3.78286478
5973.1000 3.79716823
5973.1500 3.80664431
5973.2000 3.81036721
5973.2500 3.81409011
5973.3000 3.81781301
5973.3500 3.82153591
5973.4000 3.82525881
5973.4500 3.81142501
5973.5000 3.79318636
5973.5500 3.77494771
5973.6000 3.75670906
5973.6500 3.73847041
5973.7000 3.72261737
5973.7500 3.72093325
5973.8000 3.71924913
5973.8500 3.71756501
5973.9000 3.7158809
5973.9500 3.71419678
5974.0000 3.7175948
5974.0500 3.72627641
5974.1000 3.73495803
5974.1500 3.74363964
5974.2000 3.75232125
5974.2500 3.76100287
5974.3000 3.76161012
5974.3500 3.76065599
5974.4000 3.75970186
5974.4500 3.75874772
5974.5000 3.75779359
5974.5500 3.74555185
5974.6000 3.68427968
5974.6500 3.6230075
5974.7000 3.56173533
5974.7500 3.50046315
5974.8000 3.43919097
5974.8500 3.42619563
5974.9000 3.45468884
5974.9500 3.48318205
5975.0000 3.51167526
5975.0500 3.54016847
5975.1000 3.56866168
5975.1500 3.60398641
5975.2000 3.6401556
5975.2500 3.67632478
5975.3000 3.71249397
5975.3500 3.74866315
5975.4000 3.77961797
5975.4500 3.79438753
5975.5000 3.80915709
5975.5500 3.82392664
5975.6000 3.8386962
5975.6500 3.85346576
5975.7000 3.844773
5975.7500 3.82036329
5975.8000 3.79595358
5975.8500 3.77154387
5975.9000 3.74713416
5975.9500 3.72272445
5976.0000 3.74129932
5976.0500 3.76187486
5976.1000 3.7824504
5976.1500 3.80302594
5976.2000 3.82360148
5976.2500 3.81942868
5976.3000 3.76111465
5976.3500 3.70280062
5976.4000 3.64448659
5976.4500 3.58617256
5976.5000 3.52785852
5976.5500 3.51476746
5976.6000 3.52361026
5976.6500 3.53245305
5976.7000 3.54129585
5976.7500 3.55013865
5976.8000 3.55678665
5976.8500 3.50216108
5976.9000 3.44753551
5976.9500 3.39290994
5977.0000 3.33828437
5977.0500 3.28365879
5977.1000 3.25518453
5977.1500 3.26638632
5977.2000 3.27758811
5977.2500 3.28878989
5977.3000 3.29999168
5977.3500 3.31119347
5977.4000 3.35266101
5977.4500 3.40360957
5977.5000 3.45455812
5977.5500 3.50550667
5977.6000 3.55645523
5977.6500 3.59989922
5977.7000 3.5918318
5977.7500 3.58376438
5977.8000 3.57569695
5977.8500 3.56762953
5977.9000 3.55956211
5977.9500 3.54899216
5978.0000 3.5358626
5978.0500 3.52273304
5978.1000 3.50960349
5978.1500 3.49647393
5978.2000 3.48334437
5978.2500 3.49595902
5978.3000 3.5126582
5978.3500 3.52935738
5978.4000 3.54605656
5978.4500 3.56275574
5978.5000 3.57806156
5978.5500 3.58878774
5978.6000 3.59951392
5978.6500 3.6102401
5978.7000 3.62096628
5978.7500 3.63169246
5978.8000 3.63408927
5978.8500 3.63104769
5978.9000 3.62800611
5978.9500 3.62496454
5979.0000 3.62192296
5979.0500 3.61888138
5979.1000 3.59351393
5979.1500 3.56764918
5979.2000 3.54178443
5979.2500 3.51591968
5979.3000 3.49005493
5979.3500 3.48109728
5979.4000 3.50313675
5979.4500 3.52517622
5979.5000 3.54721568
5979.5500 3.56925515
5979.6000 3.59129462
5979.6500 3.58352331
5979.7000 3.56467941
5979.7500 3.54583551
5979.8000 3.52699161
5979.8500 3.50814771
5979.9000 3.48903872
5979.9500 3.46771508
5980.0000 3.44639144
5980.0500 3.42506781
5980.1000 3.40374417
5980.1500 3.38242053
5980.2000 3.38455164
5980.2500 3.41147426
5980.3000 3.43839688
5980.3500 3.4653195
5980.4000 3.49224211
5980.4500 3.51916473
5980.5000 3.52038757
5980.5500 3.51766446
5980.6000 3.51494135
5980.6500 3.51221823
5980.7000 3.50949512
5980.7500 3.50487638
5980.8000 3.49454496
5980.8500 3.48421355
5980.9000 3.47388214
5980.9500 3.46355072
5981.0000 3.45321931
5981.0500 3.45522646
5981.1000 3.46438975
5981.1500 3.47355305
5981.2000 3.48271635
5981.2500 3.49187964
5981.3000 3.50060161
5981.3500 3.48550354
5981.4000 3.47040547
5981.4500 3.45530739
5981.5000 3.44020932
5981.5500 3.42511125
5981.6000 3.42192817
5981.6500 3.43625196
5981.7000 3.45057574
5981.7500 3.46489953
5981.8000 3.47922332
5981.8500 3.49354711
5981.9000 3.50776163
5981.9500 3.52194769
5982.0000 3.53613374
5982.0500 3.5503198
5982.1000 3.56450585
5982.1500 3.57574138
5982.2000 3.57380936
5982.2500 3.57187734
5982.3000 3.56994532
5982.3500 3.5680133
5982.4000 3.56608128
5982.4500 3.55509435
5982.5000 3.53739721
5982.5500 3.51970007
5982.6000 3.50200292
5982.6500 3.48430578
5982.7000 3.46660864
5982.7500 3.47690503
5982.8000 3.48815137
5982.8500 3.49939771
5982.9000 3.51064405
5982.9500 3.52189039
5983.0000 3.52078671
5983.0500 3.49787026
5983.1000 3.47495382
5983.1500 3.45203737
5983.2000 3.42912093
5983.2500 3.40620448
5983.3000 3.41472403
5983.3500 3.43331599
5983.4000 3.45190794
5983.4500 3.47049989
5983.5000 3.48909184
5983.5500 3.5062024
5983.6000 3.51521756
5983.6500 3.52423272
5983.7000 3.53324789
5983.7500 3.54226305
5983.8000 3.55127822
5983.8500 3.54585886
5983.9000 3.52879743
5983.9500 3.511736
5984.0000 3.49467457
5984.0500 3.47761314
5984.1000 3.46055171
5984.1500 3.46062268
5984.2000 3.46152142
5984.2500 3.46242017
5984.3000 3.46331891
5984.3500 3.46421765
5984.4000 3.46774333
5984.4500 3.47602546
5984.5000 3.48430759
5984.5500 3.49258972
5984.6000 3.50087185
5984.6500 3.50915398
5984.7000 3.49243139
5984.7500 3.46777702
5984.8000 3.44312265
5984.8500 3.41846829
5984.9000 3.39381392
5984.9500 3.37257408
5985.0000 3.3687296
5985.0500 3.36488511
5985.1000 3.36104062
5985.1500 3.35719613
5985.2000 3.35335164
5985.2500 3.35783002
5985.3000 3.36857435
5985.3500 3.37931867
5985.4000 3.39006299
5985.4500 3.40080731
5985.5000 3.41155164
5985.5500 3.41481182
5985.6000 3.41790697
5985.6500 3.42100212
5985.7000 3.42409727
5985.7500 3.42719243
5985.8000 3.43100873
5985.8500 3.43596318
5985.9000 3.44091763
5985.9500 3.44587208
5986.0000 3.45082653
5986.0500 3.45578097
5986.1000 3.43750026
5986.1500 3.41336779
5986.2000 3.38923531
5986.2500 3.36510283
5986.3000 3.34097035
5986.3500 3.32670791
5986.4000 3.34928973
5986.4500 3.37187154
5986.5000 3.39445336
5986.5500 3.41703518
5986.6000 3.439617
5986.6500 3.43840442
5986.7000 3.4229314
5986.7500 3.40745838
5986.8000 3.39198537
5986.8500 3.37651235
5986.9000 3.36222185
5986.9500 3.37575975
5987.0000 3.38929766
5987.0500 3.40283556
5987.1000 3.41637347
5987.1500 3.42991137
5987.2000 3.43754468
5987.2500 3.43818398
5987.3000 3.43882329
5987.3500 3.4394626
5987.4000 3.44010191
5987.4500 3.44074121
5987.5000 3.43677339
5987.5500 3.4321552
5987.6000 3.427537
5987.6500 3.4229188
5987.7000 3.4183006
5987.7500 3.41746665
5987.8000 3.42561861
5987.8500 3.43377057
5987.9000 3.44192253
5987.9500 3.45007449
5988.0000 3.45822645
5988.0500 3.45093969
5988.1000 3.43758598
5988.1500 3.42423227
5988.2000 3.41087856
5988.2500 3.39752485
5988.3000 3.38592546
5988.3500 3.38501713
5988.4000 3.38410881
5988.4500 3.38320048
5988.5000 3.38229215
5988.5500 3.38138382
5988.6000 3.37919763
5988.6500 3.3760298
5988.7000 3.37286196
5988.7500 3.36969413
5988.8000 3.3665263
5988.8500 3.36335846
5988.9000 3.37452879
5988.9500 3.38581982
5989.0000 3.39711085
5989.0500 3.40840187
5989.1000 3.4196929
5989.1500 3.43718285
5989.2000 3.46325881
5989.2500 3.48933477
5989.3000 3.51541074
5989.3500 3.5414867
5989.4000 3.56756266
5989.4500 3.55781284
5989.5000 3.54166187
5989.5500 3.5255109
5989.6000 3.50935993
5989.6500 3.49320896
5989.7000 3.48262365
5989.7500 3.48641658
5989.8000 3.49020951
5989.8500 3.49400244
5989.9000 3.49779537
5989.9500 3.5015883
5990.0000 3.49365873
5990.0500 3.48096984
5990.1000 3.46828096
5990.1500 3.45559207
5990.2000 3.44290319
5990.2500 3.43061609
5990.3000 3.42069951
5990.3500 3.41078294
5990.4000 3.40086636
5990.4500 3.39094978
5990.5000 3.3810332
5990.5500 3.35778059
5990.6000 3.32487636
5990.6500 3.29197212
5990.7000 3.25906789
5990.7500 3.22616366
5990.8000 3.19423222
5990.8500 3.21900087
5990.9000 3.24376952
5990.9500 3.26853817
5991.0000 3.29330682
5991.0500 3.31807547
5991.1000 3.34043529
5991.1500 3.35991112
5991.2000 3.37938695
5991.2500 3.39886278
5991.3000 3.41833861
5991.3500 3.43781445
5991.4000 3.40383576
5991.4500 3.36357794
5991.5000 3.32332013
5991.5500 3.28306231
5991.6000 3.2428045
5991.6500 3.2227724
5991.7000 3.24268015
5991.7500 3.2625879
5991.8000 3.28249565
5991.8500 3.30240341
5991.9000 3.32231116
5991.9500 3.3194904
5992.0000 3.31022065
5992.0500 3.3009509
5992.1000 3.29168115
5992.1500 3.2824114
5992.2000 3.27414663
5992.2500 3.26937746
5992.3000 3.2646083
5992.3500 3.25983913
5992.4000 3.25506997
5992.4500 3.25030081
5992.5000 3.26675098
5992.5500 3.29369279
5992.6000 3.3206346
5992.6500 3.34757641
5992.7000 3.37451823
5992.7500 3.39332313
5992.8000 3.35043014
5992.8500 3.30753716
5992.9000 3.26464417
5992.9500 3.22175118
5993.0000 3.17885819
5993.0500 3.17747734
5993.1000 3.20800436
5993.1500 3.23853139
5993.2000 3.26905841
5993.2500 3.29958544
5993.3000 3.32946498
5993.3500 3.3190579
5993.4000 3.30865082
5993.4500 3.29824374
5993.5000 3.28783665
5993.5500 3.27742957
5993.6000 3.28065738
5993.6500 3.29940019
5993.7000 3.318143
5993.7500 3.33688581
5993.8000 3.35562862
5993.8500 3.37437143
5993.9000 3.35215488
5993.9500 3.32643496
5994.0000 3.30071505
5994.0500 3.27499513
5994.1000 3.24927522
5994.1500 3.24008772
5994.2000 3.2583154
5994.2500 3.27654307
5994.3000 3.29477075
5994.3500 3.31299842
5994.4000 3.3312261
5994.4500 3.30643071
5994.5000 3.27299057
5994.5500 3.23955044
5994.6000 3.2061103
5994.6500 3.17267017
5994.7000 3.15299049
5994.7500 3.1668842
5994.8000 3.18077792
5994.8500 3.19467163
5994.9000 3.20856535
5994.9500 3.22245906
5995.0000 3.24136049
5995.0500 3.26192886
5995.1000 3.28249722
5995.1500 3.30306559
5995.2000 3.32363395
5995.2500 3.34396374
5995.3000 3.36340318
5995.3500 3.38284262
5995.4000 3.40228206
5995.4500 3.4217215
5995.5000 3.44116093
5995.5500 3.4269304
5995.6000 3.39640897
5995.6500 3.36588754
5995.7000 3.33536611
5995.7500 3.30484468
5995.8000 3.28324545
5995.8500 3.31735537
5995.9000 3.35146528
5995.9500 3.3855752
5996.0000 3.41968512
5996.0500 3.45379503
5996.1000 3.44341843
5996.1500 3.40383775
5996.2000 3.36425706
5996.2500 3.32467638
5996.3000 3.2850957
5996.3500 3.24822853
5996.4000 3.24693974
5996.4500 3.24565095
5996.5000 3.24436215
5996.5500 3.24307336
5996.6000 3.24178457
5996.6500 3.24383685
5996.7000 3.24874029
5996.7500 3.25364373
5996.8000 3.25854716
5996.8500 3.2634506
5996.9000 3.26851325
5996.9500 3.28969261
5997.0000 3.31087196
5997.0500 3.33205132
5997.1000 3.35323067
5997.1500 3.37441003
5997.2000 3.35659466
5997.2500 3.29679328
5997.3000 3.23699191
5997.3500 3.17719053
5997.4000 3.11738915
5997.4500 3.05758778
5997.5000 3.06655748
5997.5500 3.07878235
5997.6000 3.09100722
5997.6500 3.1032321
5997.7000 3.11545697
5997.7500 3.12993442
5997.8000 3.14740264
5997.8500 3.16487086
5997.9000 3.18233907
5997.9500 3.19980729
5998.0000 3.21727551
5998.0500 3.22236758
5998.1000 3.22617463
5998.1500 3.22998168
5998.2000 3.23378873
5998.2500 3.23759578
5998.3000 3.23392501
5998.3500 3.21824804
5998.4000 3.20257107
5998.4500 3.1868941
5998.5000 3.17121713
5998.5500 3.15554016
5998.6000 3.1480873
5998.6500 3.14193805
5998.7000 3.1357888
5998.7500 3.12963955
5998.8000 3.1234903
5998.8500 3.12700786
5998.9000 3.1489526
5998.9500 3.17089733
5999.0000 3.19284207
5999.0500 3.2147868
5999.1000 3.23673153
5999.1500 3.22029367
5999.2000 3.19580011
5999.2500 3.17130656
5999.3000 3.146813
5999.3500 3.12231944
5999.4000 3.10848288
5999.4500 3.11831157
5999.5000 3.12814027
5999.5500 3.13796897
5999.6000 3.14779766
5999.6500 3.15762636
5999.7000 3.14576847
5999.7500 3.12835259
5999.8000 3.11093671
5999.8500 3.09352084
5999.9000 3.07610496
5999.9500 3.07848109
6000.0000 3.13099568
6000.0500 3.18351027
6000.1000 3.23602486
6000.1500 3.28853945
6000.2000 3.34105404
6000.2500 3.33456056
6000.3000 3.31059837
6000.3500 3.28663617
6000.4000 3.26267398
6000.4500 3.23871179
6000.5000 3.22189446
6000.5500 3.22523722
6000.6000 3.22857997
6000.6500 3.23192273
6000.7000 3.23526549
6000.7500 3.23860824
6000.8000 3.25141885
6000.8500 3.26733033
6000.9000 3.28324182
6000.9500 3.2991533
6001.0000 3.31506478
6001.0500 3.31884036
6001.1000 3.28550605
6001.1500 3.25217174
6001.2000 3.21883743
6001.2500 3.18550312
6001.3000 3.15216881
6001.3500 3.15545983
6001.4000 3.17154478
6001.4500 3.18762972
6001.5000 3.20371466
6001.5500 3.21979961
6001.6000 3.23231604
6001.6500 3.23336459
6001.7000 3.23441314
6001.7500 3.23546169
6001.8000 3.23651024
6001.8500 3.23755879
6001.9000 3.22915635
6001.9500 3.21734758
6002.0000 3.20553882
6002.0500 3.19373005
6002.1000 3.18192129
6002.1500 3.17731155
6002.2000 3.19622297
6002.2500 3.21513439
6002.3000 3.23404581
6002.3500 3.25295723
6002.4000 3.27186865
6002.4500 3.25922714
6002.5000 3.23521809
6002.5500 3.21120903
6002.6000 3.18719998
6002.6500 3.16319092
6002.7000 3.14940819
6002.7500 3.16845958
6002.8000 3.18751097
6002.8500 3.20656236
6002.9000 3.22561374
6002.9500 3.24466513
6003.0000 3.2369201
6003.0500 3.21982652
6003.1000 3.20273295
6003.1500 3.18563937
6003.2000 3.1685458
6003.2500 3.16382284
6003.3000 3.19686036
6003.3500 3.22989788
6003.4000 3.26293541
6003.4500 3.29597293
6003.5000 3.32901046
6003.5500 3.3266502
6003.6000 3.31272265
6003.6500 3.29879509
6003.7000 3.28486753
6003.7500 3.27093997
6003.8000 3.25507687
6003.8500 3.23376672
6003.9000 3.21245657
6003.9500 3.19114643
6004.0000 3.16983628
6004.0500 3.14852613
6004.1000 3.13300631
6004.1500 3.11919481
6004.2000 3.1053833
6004.2500 3.0915718
6004.3000 3.07776029
6004.3500 3.07038632
6004.4000 3.07926413
6004.4500 3.08814193
6004.5000 3.09701974
6004.5500 3.10589755
6004.6000 3.11477536
6004.6500 3.11637219
6004.7000 3.11611224
6004.7500 3.1158523
6004.8000 3.11559235
6004.8500 3.11533241
6004.9000 3.12358308
6004.9500 3.15065213
6005.0000 3.17772118
6005.0500 3.20479024
6005.1000 3.23185929
6005.1500 3.25892834
6005.2000 3.25155334
6005.2500 3.2370012
6005.3000 3.22244906
6005.3500 3.20789692
6005.4000 3.19334477
6005.4500 3.18470812
6005.5000 3.18729026
6005.5500 3.1898724
6005.6000 3.19245454
6005.6500 3.19503668
6005.7000 3.19761882
6005.7500 3.19243049
6005.8000 3.18602383
6005.8500 3.17961717
6005.9000 3.17321051
6005.9500 3.16680386
6006.0000 3.15662909
6006.0500 3.14044068
6006.1000 3.12425227
6006.1500 3.10806385
6006.2000 3.09187544
6006.2500 3.07568703
6006.3000 3.08893514
6006.3500 3.10518334
6006.4000 3.12143153
6006.4500 3.13767972
6006.5000 3.15392791
6006.5500 3.17537473
6006.6000 3.20367522
6006.6500 3.23197572
6006.7000 3.26027622
6006.7500 3.28857671
6006.8000 3.31687721
6006.8500 3.29475035
6006.9000 3.27034148
6006.9500 3.2459326
6007.0000 3.22152372
6007.0500 3.19711485
6007.1000 3.18046192
6007.1500 3.17209064
6007.2000 3.16371936
6007.2500 3.15534808
6007.3000 3.1469768
6007.3500 3.13876176
6007.4000 3.14335351
6007.4500 3.14794527
6007.5000 3.15253703
6007.5500 3.15712878
6007.6000 3.16172054
6007.6500 3.15668545
6007.7000 3.14351659
6007.7500 3.13034772
6007.8000 3.11717886
6007.8500 3.10401
6007.9000 3.09216388
6007.9500 3.09697859
6008.0000 3.1017933
6008.0500 3.10660801
6008.1000 3.11142272
6008.1500 3.11623742
6008.2000 3.10969855
6008.2500 3.09579686
6008.3000 3.08189516
6008.3500 3.06799347
6008.4000 3.05409178
6008.4500 3.04508825
6008.5000 3.0658738
6008.5500 3.08665934
6008.6000 3.10744489
6008.6500 3.12823044
6008.7000 3.14901599
6008.7500 3.14940703
6008.8000 3.14008319
6008.8500 3.13075934
6008.9000 3.1214355
6008.9500 3.11211166
6009.0000 3.10688147
6009.0500 3.11659572
6009.1000 3.12630997
6009.1500 3.13602423
6009.2000 3.14573848
6009.2500 3.15545273
6009.3000 3.15234824
6009.3500 3.14506696
6009.4000 3.13778568
6009.4500 3.1305044
6009.5000 3.12322312
6009.5500 3.1172301
6009.6000 3.11431578
6009.6500 3.11140147
6009.7000 3.10848716
6009.7500 3.10557285
6009.8000 3.10265854
6009.8500 3.10027389
6009.9000 3.09799218
6009.9500 3.09571046
6010.0000 3.09342874
6010.0500 3.09114702
6010.1000 3.07953983
6010.1500 3.05279084
6010.2000 3.02604185
6010.2500 2.99929286
6010.3000 2.97254387
6010.3500 2.94579488
6010.4000 2.97907225
6010.4500 3.01710994
6010.5000 3.05514764
6010.5500 3.09318533
6010.6000 3.13122303
6010.6500 3.15400125
6010.7000 3.15980836
6010.7500 3.16561547
6010.8000 3.17142259
6010.8500 3.1772297
6010.9000 3.18259273
6010.9500 3.16813427
6011.0000 3.15367581
6011.0500 3.13921734
6011.1000 3.12475888
6011.1500 3.11030042
6011.2000 3.11202876
6011.2500 3.12587274
6011.3000 3.13971672
6011.3500 3.1535607
6011.4000 3.16740467
6011.4500 3.17827178
6011.5000 3.16800646
6011.5500 3.15774114
6011.6000 3.14747582
6011.6500 3.1372105
6011.7000 3.12694518
6011.7500 3.13361518
6011.8000 3.14838102
6011.8500 3.16314687
6011.9000 3.17791272
6011.9500 3.19267857
6012.0000 3.19647279
6012.0500 3.16378506
6012.1000 3.13109732
6012.1500 3.09840959
6012.2000 3.06572185
6012.2500 3.03303412
6012.3000 3.0187705
6012.3500 3.00948176
6012.4000 3.00019302
6012.4500 2.99090427
6012.5000 2.98161553
6012.5500 2.98444901
6012.6000 3.01028535
6012.6500 3.03612169
6012.7000 3.06195802
6012.7500 3.08779436
6012.8000 3.11363069
6012.8500 3.11256286
6012.9000 3.10865067
6012.9500 3.10473848
6013.0000 3.10082629
6013.0500 3.09691411
6013.1000 3.09772488
6013.1500 3.10396517
6013.2000 3.11020546
6013.2500 3.11644575
6013.3000 3.12268604
6013.3500 3.12894002
6013.4000 3.13567713
6013.4500 3.14241423
6013.5000 3.14915134
6013.5500 3.15588844
6013.6000 3.16262555
6013.6500 3.17556998
6013.7000 3.19280185
6013.7500 3.21003373
6013.8000 3.2272656
6013.8500 3.24449747
6013.9000 3.25722706
6013.9500 3.24576761
6014.0000 3.23430816
6014.0500 3.22284872
6014.1000 3.21138927
6014.1500 3.19992982
6014.2000 3.17276318
6014.2500 3.1396063
6014.3000 3.10644943
6014.3500 3.07329255
6014.4000 3.04013567
6014.4500 3.01978855
6014.5000 3.03043117
6014.5500 3.0410738
6014.6000 3.05171642
6014.6500 3.06235904
6014.7000 3.07300167
6014.7500 3.06317244
6014.8000 3.05008109
6014.8500 3.03698974
6014.9000 3.02389839
6014.9500 3.01080704
6015.0000 3.00929507
6015.0500 3.02287248
6015.1000 3.03644989
6015.1500 3.05002731
6015.2000 3.06360472
6015.2500 3.07711438
6015.3000 3.08150967
6015.3500 3.08590496
6015.4000 3.09030025
6015.4500 3.09469554
6015.5000 3.09909083
6015.5500 3.09903015
6015.6000 3.0957706
6015.6500 3.09251104
6015.7000 3.08925149
6015.7500 3.08599194
6015.8000 3.08172731
6015.8500 3.07212228
6015.9000 3.06251724
6015.9500 3.05291221
6016.0000 3.04330717
6016.0500 3.03370214
6016.1000 3.04049344
6016.1500 3.05315934
6016.2000 3.06582523
6016.2500 3.07849113
6016.3000 3.09115703
6016.3500 3.10375112
6016.4000 3.1161895
6016.4500 3.12862787
6016.5000 3.14106625
6016.5500 3.15350462
6016.6000 3.165943
6016.6500 3.16012603
6016.7000 3.1522021
6016.7500 3.14427816
6016.8000 3.13635423
6016.8500 3.12843029
6016.9000 3.11489789
6016.9500 3.0952653
6017.0000 3.07563271
6017.0500 3.05600012
6017.1000 3.03636753
6017.1500 3.01940817
6017.2000 3.04218911
6017.2500 3.06497004
6017.3000 3.08775097
6017.3500 3.11053191
6017.4000 3.13331284
6017.4500 3.1521447
6017.5000 3.16883705
6017.5500 3.18552941
6017.6000 3.20222177
6017.6500 3.21891412
6017.7000 3.22557168
6017.7500 3.19969491
6017.8000 3.17381813
6017.8500 3.14794135
6017.9000 3.12206457
6017.9500 3.09618779
6018.0000 3.08831278
6018.0500 3.08427205
6018.1000 3.08023132
6018.1500 3.07619059
6018.2000 3.07214986
6018.2500 3.07387149
6018.3000 3.08372826
6018.3500 3.09358503
6018.4000 3.1034418
6018.4500 3.11329857
6018.5000 3.12291654
6018.5500 3.09552703
6018.6000 3.06813751
6018.6500 3.040748
6018.7000 3.01335848
6018.7500 2.98596896
6018.8000 2.98509073
6018.8500 3.00190577
6018.9000 3.01872081
6018.9500 3.03553585
6019.0000 3.05235089
6019.0500 3.06890806
6019.1000 3.08439813
6019.1500 3.0998882
6019.2000 3.11537827
6019.2500 3.13086834
6019.3000 3.14635841
6019.3500 3.12654353
6019.4000 3.09740346
6019.4500 3.0682634
6019.5000 3.03912333
6019.5500 3.00998327
6019.6000 3.00376387
6019.6500 3.03353938
6019.7000 3.06331488
6019.7500 3.09309039
6019.8000 3.12286589
6019.8500 3.1526414
6019.9000 3.15508183
6019.9500 3.15720653
6020.0000 3.15933124
6020.0500 3.16145594
6020.1000 3.16358064
6020.1500 3.14820525
6020.2000 3.12065236
6020.2500 3.09309947
6020.3000 3.06554658
6020.3500 3.03799369
6020.4000 3.0130802
6020.4500 2.99925138
6020.5000 2.98542256
6020.5500 2.97159373
6020.6000 2.95776491
6020.6500 2.94393609
6020.7000 2.97693478
6020.7500 3.02189622
6020.8000 3.06685766
6020.8500 3.11181909
6020.9000 3.15678053
6020.9500 3.18051082
6021.0000 3.1726941
6021.0500 3.16487739
6021.1000 3.15706067
6021.1500 3.14924396
6021.2000 3.14160964
6021.2500 3.1528347
6021.3000 3.16405975
6021.3500 3.1752848
6021.4000 3.18650985
6021.4500 3.1977349
6021.5000 3.19617916
6021.5500 3.18673806
6021.6000 3.17729697
6021.6500 3.16785587
6021.7000 3.15841478
6021.7500 3.14634924
6021.8000 3.12544063
6021.8500 3.10453201
6021.9000 3.0836234
6021.9500 3.06271478
6022.0000 3.04180617
6022.0500 3.04300452
6022.1000 3.04838769
6022.1500 3.05377087
6022.2000 3.05915405
6022.2500 3.06453723
6022.3000 3.07308518
6022.3500 3.0854337
6022.4000 3.09778222
6022.4500 3.11013075
6022.5000 3.12247927
6022.5500 3.13303162
6022.6000 3.11951493
6022.6500 3.10599824
6022.7000 3.09248155
6022.7500 3.07896486
6022.8000 3.06544816
6022.8500 3.05216377
6022.9000 3.03898567
6022.9500 3.02580757
6023.0000 3.01262947
6023.0500 2.99945137
6023.1000 2.99126304
6023.1500 2.99448349
6023.2000 2.99770395
6023.2500 3.00092441
6023.3000 3.00414487
6023.3500 3.00736533
6023.4000 3.0191495
6023.4500 3.0316377
6023.5000 3.04412589
6023.5500 3.05661409
6023.6000 3.06910229
6023.6500 3.06692602
6023.7000 3.05252402
6023.7500 3.03812201
6023.8000 3.02372001
6023.8500 3.00931801
6023.9000 2.99835569
6023.9500 3.00440183
6024.0000 3.01044798
6024.0500 3.01649413
6024.1000 3.02254028
6024.1500 3.02858643
6024.2000 3.02876516
6024.2500 3.02740894
6024.3000 3.02605272
6024.3500 3.02469651
6024.4000 3.02334029
6024.4500 3.0189875
6024.5000 3.01047316
6024.5500 3.00195881
6024.6000 2.99344447
6024.6500 2.98493013
6024.7000 2.97629703
6024.7500 2.96521057
6024.8000 2.9541241
6024.8500 2.94303763
6024.9000 2.93195116
6024.9500 2.9208647
6025.0000 2.94224279
6025.0500 2.97923265
6025.1000 3.01622251
6025.1500 3.05321236
6025.2000 3.09020222
6025.2500 3.10947538
6025.3000 3.08855478
6025.3500 3.06763419
6025.4000 3.04671359
6025.4500 3.025793
6025.5000 3.0048724
6025.5500 3.01835108
6025.6000 3.03409749
6025.6500 3.0498439
6025.7000 3.06559031
6025.7500 3.08133672
6025.8000 3.0952781
6025.8500 3.10786849
6025.9000 3.12045887
6025.9500 3.13304926
6026.0000 3.14563965
6026.0500 3.15425448
6026.1000 3.14766469
6026.1500 3.1410749
6026.2000 3.1344851
6026.2500 3.12789531
6026.3000 3.12130552
6026.3500 3.10932078
6026.4000 3.09634019
6026.4500 3.0833596
6026.5000 3.07037901
6026.5500 3.05739842
6026.6000 3.05471882
6026.6500 3.06308141
6026.7000 3.07144399
6026.7500 3.07980658
6026.8000 3.08816916
6026.8500 3.09302826
6026.9000 3.07282815
6026.9500 3.05262804
6027.0000 3.03242794
6027.0500 3.01222783
6027.1000 2.99202772
6027.1500 3.00596051
6027.2000 3.03042274
6027.2500 3.05488497
6027.3000 3.0793472
6027.3500 3.10380943
6027.4000 3.11337745
6027.4500 3.10127951
6027.5000 3.08918157
6027.5500 3.07708363
6027.6000 3.06498569
6027.6500 3.05332473
6027.7000 3.04961464
6027.7500 3.04590454
6027.8000 3.04219445
6027.8500 3.03848435
6027.9000 3.03477426
6027.9500 3.03900729
6028.0000 3.04667105
6028.0500 3.05433482
6028.1000 3.06199858
6028.1500 3.06966234
6028.2000 3.07180713
6028.2500 3.06352927
6028.3000 3.05525141
6028.3500 3.04697355
6028.4000 3.03869569
6028.4500 3.03041784
6028.5000 3.01947823
6028.5500 3.00852685
6028.6000 2.99757547
6028.6500 2.98662408
6028.7000 2.9756727
6028.7500 2.98802591
6028.8000 3.01311882
6028.8500 3.03821174
6028.9000 3.06330466
6028.9500 3.08839758
6029.0000 3.10702244
6029.0500 3.11048862
6029.1000 3.1139548
6029.1500 3.11742098
6029.2000 3.12088716
6029.2500 3.12435334
6029.3000 3.10763613
6029.3500 3.08992713
6029.4000 3.07221813
6029.4500 3.05450913
6029.5000 3.03680013
6029.5500 3.03183237
6029.6000 3.03505136
6029.6500 3.03827035
6029.7000 3.04148934
6029.7500 3.04470834
6029.8000 3.0484733
6029.8500 3.05374458
6029.9000 3.05901587
6029.9500 3.06428716
6030.0000 3.06955845
6030.0500 3.07482974
6030.1000 3.07094877
6030.1500 3.06632367
6030.2000 3.06169858
6030.2500 3.05707349
6030.3000 3.05244839
6030.3500 3.05869243
6030.4000 3.07264216
6030.4500 3.08659189
6030.5000 3.10054162
6030.5500 3.11449135
6030.6000 3.12169477
6030.6500 3.10833862
6030.7000 3.09498248
6030.7500 3.08162633
6030.8000 3.06827019
6030.8500 3.05491404
6030.9000 3.0585628
6030.9500 3.06388225
6031.0000 3.06920171
6031.0500 3.07452117
6031.1000 3.07984063
6031.1500 3.08818794
6031.2000 3.09876789
6031.2500 3.10934784
6031.3000 3.11992779
6031.3500 3.13050774
6031.4000 3.13416501
6031.4500 3.11616154
6031.5000 3.09815807
6031.5500 3.08015461
6031.6000 3.06215114
6031.6500 3.04414767
6031.7000 3.03890016
6031.7500 3.03490857
6031.8000 3.03091697
6031.8500 3.02692537
6031.9000 3.02293377
6031.9500 3.02433938
6032.0000 3.02965153
6032.0500 3.03496368
6032.1000 3.04027583
6032.1500 3.04558797
6032.2000 3.04739216
6032.2500 3.03875178
6032.3000 3.0301114
6032.3500 3.02147102
6032.4000 3.01283063
6032.4500 3.00419025
6032.5000 3.01269228
6032.5500 3.02259828
6032.6000 3.03250429
6032.6500 3.04241029
6032.7000 3.05231629
6032.7500 3.05931858
6032.8000 3.0643749
6032.8500 3.06943122
6032.9000 3.07448754
6032.9500 3.07954387
6033.0000 3.08887378
6033.0500 3.10948405
6033.1000 3.13009431
6033.1500 3.15070458
6033.2000 3.17131484
6033.2500 3.19192511
6033.3000 3.15765277
6033.3500 3.12063398
6033.4000 3.08361518
6033.4500 3.04659639
6033.5000 3.0095776
6033.5500 3.0019004
6033.6000 3.01134535
6033.6500 3.0207903
6033.7000 3.03023525
6033.7500 3.0396802
6033.8000 3.04362832
6033.8500 3.03546741
6033.9000 3.0273065
6033.9500 3.01914559
6034.0000 3.01098468
6034.0500 3.00282377
6034.1000 3.01347172
6034.1500 3.02422356
6034.2000 3.0349754
6034.2500 3.04572724
6034.3000 3.05647908
6034.3500 3.05449921
6034.4000 3.04648289
6034.4500 3.03846657
6034.5000 3.03045025
6034.5500 3.02243393
6034.6000 3.02286953
6034.6500 3.03808566
6034.7000 3.05330178
6034.7500 3.06851791
6034.8000 3.08373403
6034.8500 3.09791717
6034.9000 3.09279897
6034.9500 3.08768077
6035.0000 3.08256258
6035.0500 3.07744438
6035.1000 3.07232618
6035.1500 3.07902439
6035.2000 3.08988788
6035.2500 3.10075136
6035.3000 3.11161484
6035.3500 3.12247832
6035.4000 3.1282089
6035.4500 3.12712195
6035.5000 3.12603501
6035.5500 3.12494806
6035.6000 3.12386112
6035.6500 3.12338141
6035.7000 3.12730333
6035.7500 3.13122525
6035.8000 3.13514718
6035.8500 3.1390691
6035.9000 3.14299102
6035.9500 3.14321858
6036.0000 3.14260487
6036.0500 3.14199115
6036.1000 3.14137743
6036.1500 3.14076371
6036.2000 3.14244741
6036.2500 3.14634394
6036.3000 3.15024046
6036.3500 3.15413699
6036.4000 3.15803351
6036.4500 3.16294852
6036.5000 3.17179374
6036.5500 3.18063895
6036.6000 3.18948416
6036.6500 3.19832937
6036.7000 3.20717458
6036.7500 3.19448558
6036.8000 3.17950485
6036.8500 3.16452412
6036.9000 3.14954339
6036.9500 3.13456266
6037.0000 3.12781342
6037.0500 3.12647473
6037.1000 3.12513604
6037.1500 3.12379735
6037.2000 3.12245866
6037.2500 3.12786002
6037.3000 3.14865309
6037.3500 3.16944616
6037.4000 3.19023923
6037.4500 3.2110323
6037.5000 3.23157526
6037.5500 3.21794968
6037.6000 3.2043241
6037.6500 3.19069852
6037.7000 3.17707293
6037.7500 3.16344735
6037.8000 3.14870432
6037.8500 3.13350832
6037.9000 3.11831233
6037.9500 3.10311633
6038.0000 3.08792034
6038.0500 3.08159403
6038.1000 3.08764594
6038.1500 3.09369784
6038.2000 3.09974975
6038.2500 3.10580165
6038.3000 3.11086883
6038.3500 3.10903568
6038.4000 3.10720253
6038.4500 3.10536939
6038.5000 3.10353624
6038.5500 3.10170309
6038.6000 3.11196384
6038.6500 3.12463334
6038.7000 3.13730285
6038.7500 3.14997236
6038.8000 3.16264187
6038.8500 3.16396922
6038.9000 3.1558086
6038.9500 3.14764797
6039.0000 3.13948734
6039.0500 3.13132672
6039.1000 3.12830406
6039.1500 3.14016041
6039.2000 3.15201676
6039.2500 3.16387311
6039.3000 3.17572946
6039.3500 3.18758581
6039.4000 3.18052171
6039.4500 3.17288109
6039.5000 3.16524047
6039.5500 3.15759985
6039.6000 3.14995923
6039.6500 3.1364291
6039.7000 3.12020013
6039.7500 3.10397115
6039.8000 3.08774218
6039.8500 3.07151321
6039.9000 3.0795027
6039.9500 3.12342014
6040.0000 3.16733757
6040.0500 3.21125501
6040.1000 3.25517245
6040.1500 3.28979525
6040.2000 3.25698481
6040.2500 3.22417437
6040.3000 3.19136394
6040.3500 3.1585535
6040.4000 3.12574307
6040.4500 3.14158064
6040.5000 3.16660227
6040.5500 3.19162391
6040.6000 3.21664555
6040.6500 3.24166719
6040.7000 3.24208973
6040.7500 3.22340514
6040.8000 3.20472056
6040.8500 3.18603597
6040.9000 3.16735139
6040.9500 3.1561682
6041.0000 3.1637086
6041.0500 3.171249
6041.1000 3.17878939
6041.1500 3.18632979
6041.2000 3.19361422
6041.2500 3.17751995
6041.3000 3.16142567
6041.3500 3.1453314
6041.4000 3.12923713
6041.4500 3.11314286
6041.5000 3.12053961
6041.5500 3.13631059
6041.6000 3.15208158
6041.6500 3.16785256
6041.7000 3.18362355
6041.7500 3.19383069
6041.8000 3.19764019
6041.8500 3.20144969
6041.9000 3.20525919
6041.9500 3.20906869
6042.0000 3.20891054
6042.0500 3.1923389
6042.1000 3.17576727
6042.1500 3.15919563
6042.2000 3.14262399
6042.2500 3.12605235
6042.3000 3.15348045
6042.3500 3.18443612
6042.4000 3.21539178
6042.4500 3.24634745
6042.5000 3.27730311
6042.5500 3.2828276
6042.6000 3.27516127
6042.6500 3.26749494
6042.7000 3.25982861
6042.7500 3.25216228
6042.8000 3.24378951
6042.8500 3.23432437
6042.9000 3.22485923
6042.9500 3.2153941
6043.0000 3.20592896
6043.0500 3.19841738
6043.1000 3.2041461
6043.1500 3.20987482
6043.2000 3.21560354
6043.2500 3.22133226
6043.3000 3.22706098
6043.3500 3.24377019
6043.4000 3.26217843
6043.4500 3.28058667
6043.5000 3.29899492
6043.5500 3.31740316
6043.6000 3.32520383
6043.6500 3.32607917
6043.7000 3.32695451
6043.7500 3.32782985
6043.8000 3.32870519
6043.8500 3.32052422
6043.9000 3.29519481
6043.9500 3.26986541
6044.0000 3.24453601
6044.0500 3.21920661
6044.1000 3.19674938
6044.1500 3.20414425
6044.2000 3.21153912
6044.2500 3.21893398
6044.3000 3.22632885
6044.3500 3.23372372
6044.4000 3.23085355
6044.4500 3.22590353
6044.5000 3.22095351
6044.5500 3.21600349
6044.6000 3.21105347
6044.6500 3.20400805
6044.7000 3.19542557
6044.7500 3.18684309
6044.8000 3.17826061
6044.8500 3.16967814
6044.9000 3.169566
6044.9500 3.18714487
6045.0000 3.20472374
6045.0500 3.22230261
6045.1000 3.23988148
6045.1500 3.25609628
6045.2000 3.25480138
6045.2500 3.25350648
6045.3000 3.25221157
6045.3500 3.25091667
6045.4000 3.24962177
6045.4500 3.24179389
6045.5000 3.23255477
6045.5500 3.22331566
6045.6000 3.21407654
6045.6500 3.20483742
6045.7000 3.20838728
6045.7500 3.22142768
6045.8000 3.23446808
6045.8500 3.24750848
6045.9000 3.26054888
6045.9500 3.26491068
6046.0000 3.2514333
6046.0500 3.23795591
6046.1000 3.22447853
6046.1500 3.21100114
6046.2000 3.19919856
6046.2500 3.20611834
6046.3000 3.21303813
6046.3500 3.21995791
6046.4000 3.22687769
6046.4500 3.23379748
6046.5000 3.23784645
6046.5500 3.24134261
6046.6000 3.24483877
6046.6500 3.24833493
6046.7000 3.25183108
6046.7500 3.26114035
6046.8000 3.27438135
6046.8500 3.28762234
6046.9000 3.30086333
6046.9500 3.31410432
6047.0000 3.31707046
6047.0500 3.30145941
6047.1000 3.28584836
6047.1500 3.2702373
6047.2000 3.25462625
6047.2500 3.24000098
6047.3000 3.23279415
6047.3500 3.22558731
6047.4000 3.21838048
6047.4500 3.21117364
6047.5000 3.2039668
6047.5500 3.22171356
6047.6000 3.24286125
6047.6500 3.26400894
6047.7000 3.28515663
6047.7500 3.30630431
6047.8000 3.30513546
6047.8500 3.29165183
6047.9000 3.2781682
6047.9500 3.26468456
6048.0000 3.25120093
6048.0500 3.24812294
6048.1000 3.25999814
6048.1500 3.27187334
6048.2000 3.28374853
6048.2500 3.29562373
6048.3000 3.30501543
6048.3500 3.30292707
6048.4000 3.3008387
6048.4500 3.29875033
6048.5000 3.29666196
6048.5500 3.29457359
6048.6000 3.29481688
6048.6500 3.29519076
6048.7000 3.29556464
6048.7500 3.29593852
6048.8000 3.29631241
6048.8500 3.29927314
6048.9000 3.30325161
6048.9500 3.30723008
6049.0000 3.31120855
6049.0500 3.31518702
6049.1000 3.31249432
6049.1500 3.30285641
6049.2000 3.29321849
6049.2500 3.28358058
6049.3000 3.27394267
6049.3500 3.26454185
6049.4000 3.25580269
6049.4500 3.24706353
6049.5000 3.23832437
6049.5500 3.22958522
6049.6000 3.22069543
6049.6500 3.20811989
6049.7000 3.19554436
6049.7500 3.18296883
6049.8000 3.17039329
6049.8500 3.15781776
6049.9000 3.18331605
6049.9500 3.21738193
6050.0000 3.25144782
6050.0500 3.28551371
6050.1000 3.31957959
6050.1500 3.32087023
6050.2000 3.2998465
6050.2500 3.27882276
6050.3000 3.25779902
6050.3500 3.23677529
6050.4000 3.22918556
6050.4500 3.24396978
6050.5000 3.25875401
6050.5500 3.27353823
6050.6000 3.28832245
6050.6500 3.30020709
6050.7000 3.29652041
6050.7500 3.29283373
6050.8000 3.28914705
6050.8500 3.28546037
6050.9000 3.28177369
6050.9500 3.28228103
6051.0000 3.28305425
6051.0500 3.28382747
6051.1000 3.28460069
6051.1500 3.28537391
6051.2000 3.29705915
6051.2500 3.31287557
6051.3000 3.328692
6051.3500 3.34450842
6051.4000 3.36032485
6051.4500 3.36323638
6051.5000 3.35384608
6051.5500 3.34445578
6051.6000 3.33506548
6051.6500 3.32567518
6051.7000 3.31817423
6051.7500 3.31507888
6051.8000 3.31198354
6051.8500 3.30888819
6051.9000 3.30579285
6051.9500 3.3023981
6052.0000 3.2959725
6052.0500 3.28954691
6052.1000 3.28312131
6052.1500 3.27669571
6052.2000 3.27027011
6052.2500 3.26034028
6052.3000 3.2499383
6052.3500 3.23953631
6052.4000 3.22913433
6052.4500 3.21873234
6052.5000 3.22632465
6052.5500 3.24261218
6052.6000 3.25889971
6052.6500 3.27518723
6052.7000 3.29147476
6052.7500 3.29543853
6052.8000 3.28543533
6052.8500 3.27543213
6052.9000 3.26542893
6052.9500 3.25542573
6053.0000 3.25176628
6053.0500 3.26571235
6053.1000 3.27965842
6053.1500 3.29360449
6053.2000 3.30755056
6053.2500 3.32035362
6053.3000 3.31604304
6053.3500 3.31173246
6053.4000 3.30742188
6053.4500 3.30311131
6053.5000 3.29880073
6053.5500 3.31262547
6053.6000 3.32935532
6053.6500 3.34608517
6053.7000 3.36281502
6053.7500 3.37954487
6053.8000 3.36887058
6053.8500 3.34425684
6053.9000 3.3196431
6053.9500 3.29502936
6054.0000 3.27041562
6054.0500 3.25810282
6054.1000 3.25992312
6054.1500 3.26174343
6054.2000 3.26356373
6054.2500 3.26538403
6054.3000 3.26239152
6054.3500 3.2463498
6054.4000 3.23030809
6054.4500 3.21426637
6054.5000 3.19822466
6054.5500 3.18592036
6054.6000 3.21961954
6054.6500 3.25331872
6054.7000 3.28701791
6054.7500 3.32071709
6054.8000 3.35441628
6054.8500 3.3432033
6054.9000 3.32600624
6054.9500 3.30880917
6055.0000 3.29161211
6055.0500 3.27441505
6055.1000 3.27687737
6055.1500 3.28811823
6055.2000 3.29935909
6055.2500 3.31059996
6055.3000 3.32184082
6055.3500 3.32458373
6055.4000 3.31888921
6055.4500 3.31319469
6055.5000 3.30750017
6055.5500 3.30180565
6055.6000 3.29461895
6055.6500 3.28417014
6055.7000 3.27372133
6055.7500 3.26327251
6055.8000 3.2528237
6055.8500 3.24528404
6055.9000 3.25764671
6055.9500 3.27000939
6056.0000 3.28237206
6056.0500 3.29473474
6056.1000 3.30709741
6056.1500 3.31083018
6056.2000 3.31403932
6056.2500 3.31724847
6056.3000 3.32045761
6056.3500 3.32366675
6056.4000 3.30874169
6056.4500 3.28807927
6056.5000 3.26741685
6056.5500 3.24675443
6056.6000 3.22609201
6056.6500 3.22110712
6056.7000 3.22756302
6056.7500 3.23401892
6056.8000 3.24047482
6056.8500 3.24693072
6056.9000 3.25463616
6056.9500 3.26423025
6057.0000 3.27382435
6057.0500 3.28341845
6057.1000 3.29301254
6057.1500 3.29631686
6057.2000 3.27729822
6057.2500 3.25827958
6057.3000 3.23926095
6057.3500 3.22024231
6057.4000 3.20286214
6057.4500 3.22188083
6057.5000 3.24089953
6057.5500 3.25991823
6057.6000 3.27893692
6057.6500 3.29795562
6057.7000 3.30451015
6057.7500 3.30916795
6057.8000 3.31382574
6057.8500 3.31848354
6057.9000 3.32314134
6057.9500 3.31461058
6058.0000 3.30027484
6058.0500 3.28593909
6058.1000 3.27160335
6058.1500 3.25726761
6058.2000 3.24700064
6058.2500 3.24045326
6058.3000 3.23390589
6058.3500 3.22735851
6058.4000 3.22081114
6058.4500 3.22544265
6058.5000 3.25064801
6058.5500 3.27585336
6058.6000 3.30105872
6058.6500 3.32626408
6058.7000 3.34544461
6058.7500 3.33778204
6058.8000 3.33011946
6058.8500 3.32245689
6058.9000 3.31479431
6058.9500 3.30716845
6059.0000 3.3017796
6059.0500 3.29639074
6059.1000 3.29100189
6059.1500 3.28561303
6059.2000 3.28022418
6059.2500 3.27794691
6059.3000 3.27621621
6059.3500 3.27448551
6059.4000 3.2727548
6059.4500 3.2710241
6059.5000 3.28284137
6059.5500 3.30084169
6059.6000 3.318842
6059.6500 3.33684231
6059.7000 3.35484262
6059.7500 3.35457423
6059.8000 3.33772903
6059.8500 3.32088383
6059.9000 3.30403863
6059.9500 3.28719343
6060.0000 3.2809343
6060.0500 3.29321
6060.1000 3.3054857
6060.1500 3.3177614
6060.2000 3.33003709
6060.2500 3.33587299
6060.3000 3.31663774
6060.3500 3.29740249
6060.4000 3.27816724
6060.4500 3.25893199
6060.5000 3.24087716
6060.5500 3.24685695
6060.6000 3.25283674
6060.6500 3.25881653
6060.7000 3.26479632
6060.7500 3.27077612
6060.8000 3.27365535
6060.8500 3.27615474
6060.9000 3.27865413
6060.9500 3.28115352
6061.0000 3.28365292
6061.0500 3.28344553
6061.1000 3.2822698
6061.1500 3.28109407
6061.2000 3.27991834
6061.2500 3.27874261
6061.3000 3.27627925
6061.3500 3.2728978
6061.4000 3.26951635
6061.4500 3.2661349
6061.5000 3.26275345
6061.5500 3.2613872
6061.6000 3.26266386
6061.6500 3.26394053
6061.7000 3.26521719
6061.7500 3.26649386
6061.8000 3.27026325
6061.8500 3.28034562
6061.9000 3.29042799
6061.9500 3.30051036
6062.0000 3.31059273
6062.0500 3.31891098
6062.1000 3.31593966
6062.1500 3.31296834
6062.2000 3.30999701
6062.2500 3.30702569
6062.3000 3.30405436
6062.3500 3.30774924
6062.4000 3.31151956
6062.4500 3.31528988
6062.5000 3.3190602
6062.5500 3.32283053
6062.6000 3.30334973
6062.6500 3.27957388
6062.7000 3.25579804
6062.7500 3.23202219
6062.8000 3.20824634
6062.8500 3.20612976
6062.9000 3.21325372
6062.9500 3.22037768
6063.0000 3.22750164
6063.0500 3.2346256
6063.1000 3.24330194
6063.1500 3.25320083
6063.2000 3.26309972
6063.2500 3.2729986
6063.3000 3.28289749
6063.3500 3.28746191
6063.4000 3.28464494
6063.4500 3.28182798
6063.5000 3.27901101
6063.5500 3.27619404
6063.6000 3.27623492
6063.6500 3.28358094
6063.7000 3.29092695
6063.7500 3.29827297
6063.8000 3.30561899
6063.8500 3.31108701
6063.9000 3.30543599
6063.9500 3.29978498
6064.0000 3.29413396
6064.0500 3.28848295
6064.1000 3.28293428
6064.1500 3.2881766
6064.2000 3.29341893
6064.2500 3.29866125
6064.3000 3.30390358
6064.3500 3.3091459
6064.4000 3.287273
6064.4500 3.26155835
6064.5000 3.2358437
6064.5500 3.21012905
6064.6000 3.1844144
6064.6500 3.18820235
6064.7000 3.20214108
6064.7500 3.21607981
6064.8000 3.23001853
6064.8500 3.24395726
6064.9000 3.25816709
6064.9500 3.27254756
6065.0000 3.28692802
6065.0500 3.30130849
6065.1000 3.31568895
6065.1500 3.31777015
6065.2000 3.30679428
6065.2500 3.29581841
6065.3000 3.28484254
6065.3500 3.27386667
6065.4000 3.26288275
6065.4500 3.25188438
6065.5000 3.24088601
6065.5500 3.22988765
6065.6000 3.21888928
6065.6500 3.21273076
6065.7000 3.22254619
6065.7500 3.23236161
6065.8000 3.24217703
6065.8500 3.25199245
6065.9000 3.26013668
6065.9500 3.254575
6066.0000 3.24901332
6066.0500 3.24345163
6066.1000 3.23788995
6066.1500 3.23232826
6066.2000 3.21745876
6066.2500 3.20246127
6066.3000 3.18746379
6066.3500 3.17246631
6066.4000 3.15746883
6066.4500 3.16702192
6066.5000 3.18038029
6066.5500 3.19373866
6066.6000 3.20709703
6066.6500 3.2204554
6066.7000 3.21231491
6066.7500 3.19688444
6066.8000 3.18145397
6066.8500 3.1660235
6066.9000 3.15059303
6066.9500 3.1516473
6067.0000 3.16240963
6067.0500 3.17317196
6067.1000 3.18393429
6067.1500 3.19469662
6067.2000 3.19862494
6067.2500 3.19608001
6067.3000 3.19353509
6067.3500 3.19099016
6067.4000 3.18844523
6067.4500 3.19051124
6067.5000 3.19951217
6067.5500 3.20851311
6067.6000 3.21751405
6067.6500 3.22651499
6067.7000 3.23635681
6067.7500 3.24828997
6067.8000 3.26022314
6067.8500 3.2721563
6067.9000 3.28408947
6067.9500 3.2912567
6068.0000 3.27607915
6068.0500 3.2609016
6068.1000 3.24572406
6068.1500 3.23054651
6068.2000 3.21590599
6068.2500 3.20881268
6068.3000 3.20171936
6068.3500 3.19462604
6068.4000 3.18753272
6068.4500 3.1804394
6068.5000 3.19845334
6068.5500 3.21754954
6068.6000 3.23664573
6068.6500 3.25574193
6068.7000 3.27483813
6068.7500 3.25760117
6068.8000 3.23407947
6068.8500 3.21055777
6068.9000 3.18703607
6068.9500 3.16351437
6069.0000 3.16587542
6069.0500 3.17695624
6069.1000 3.18803706
6069.1500 3.19911788
6069.2000 3.2101987
6069.2500 3.21378625
6069.3000 3.21325107
6069.3500 3.2127159
6069.4000 3.21218073
6069.4500 3.21164555
6069.5000 3.20767256
6069.5500 3.20081527
6069.6000 3.19395797
6069.6500 3.18710068
6069.7000 3.18024339
6069.7500 3.17773244
6069.8000 3.1806624
6069.8500 3.18359236
6069.9000 3.18652232
6069.9500 3.18945228
6070.0000 3.19377398
6070.0500 3.20072632
6070.1000 3.20767866
6070.1500 3.214631
6070.2000 3.22158334
6070.2500 3.22625484
6070.3000 3.22406674
6070.3500 3.22187864
6070.4000 3.21969054
6070.4500 3.21750243
6070.5000 3.21163826
6070.5500 3.18568428
6070.6000 3.1597303
6070.6500 3.13377632
6070.7000 3.10782234
6070.7500 3.08503143
6070.8000 3.11056135
6070.8500 3.13609126
6070.9000 3.16162118
6070.9500 3.18715109
6071.0000 3.21268101
6071.0500 3.20413835
6071.1000 3.19453509
6071.1500 3.18493183
6071.2000 3.17532857
6071.2500 3.16572531
6071.3000 3.166784
6071.3500 3.16929935
6071.4000 3.17181469
6071.4500 3.17433004
6071.5000 3.17684538
6071.5500 3.17546205
6071.6000 3.17305111
6071.6500 3.17064017
6071.7000 3.16822924
6071.7500 3.1658183
6071.8000 3.17869386
6071.8500 3.19797753
6071.9000 3.2172612
6071.9500 3.23654487
6072.0000 3.25582854
6072.0500 3.2582149
6072.1000 3.25022091
6072.1500 3.24222691
6072.2000 3.23423292
6072.2500 3.22623892
6072.3000 3.22620439
6072.3500 3.23306275
6072.4000 3.23992112
6072.4500 3.24677948
6072.5000 3.25363785
6072.5500 3.25201457
6072.6000 3.2401897
6072.6500 3.22836484
6072.7000 3.21653997
6072.7500 3.20471511
6072.8000 3.19371915
6072.8500 3.18411266
6072.9000 3.17450617
6072.9500 3.16489969
6073.0000 3.1552932
6073.0500 3.15214361
6073.1000 3.16442851
6073.1500 3.1767134
6073.2000 3.1889983
6073.2500 3.20128319
6073.3000 3.20902739
6073.3500 3.20047072
6073.4000 3.19191405
6073.4500 3.18335738
6073.5000 3.17480071
6073.5500 3.16713478
6073.6000 3.1648333
6073.6500 3.16253183
6073.7000 3.16023036
6073.7500 3.15792889
6073.8000 3.15680157
6073.8500 3.17162826
6073.9000 3.18645495
6073.9500 3.20128164
6074.0000 3.21610833
6074.0500 3.23093502
6074.1000 3.23787046
6074.1500 3.24477676
6074.2000 3.25168306
6074.2500 3.25858935
6074.3000 3.26549565
6074.3500 3.24914244
6074.4000 3.23092252
6074.4500 3.2127026
6074.5000 3.19448268
6074.5500 3.17626276
6074.6000 3.19243152
6074.6500 3.2143519
6074.7000 3.23627229
6074.7500 3.25819267
6074.8000 3.28011305
6074.8500 3.26842658
6074.9000 3.24777086
6074.9500 3.22711515
6075.0000 3.20645943
6075.0500 3.18580372
6075.1000 3.18606209
6075.1500 3.19431001
6075.2000 3.20255793
6075.2500 3.21080584
6075.3000 3.21905376
6075.3500 3.22028974
6075.4000 3.21790451
6075.4500 3.21551929
6075.5000 3.21313407
6075.5500 3.21074885
6075.6000 3.19931772
6075.6500 3.18177834
6075.7000 3.16423896
6075.7500 3.14669958
6075.8000 3.12916019
6075.8500 3.11939627
6075.9000 3.11636256
6075.9500 3.11332886
6076.0000 3.11029516
6076.0500 3.10726145
6076.1000 3.11734779
6076.1500 3.14183373
6076.2000 3.16631968
6076.2500 3.19080562
6076.3000 3.21529156
6076.3500 3.23302497
6076.4000 3.24139877
6076.4500 3.24977257
6076.5000 3.25814637
6076.5500 3.26652016
6076.6000 3.26075604
6076.6500 3.23018893
6076.7000 3.19962182
6076.7500 3.16905472
6076.8000 3.13848761
6076.8500 3.12069815
6076.9000 3.13152991
6076.9500 3.14236167
6077.0000 3.15319342
6077.0500 3.16402518
6077.1000 3.17606099
6077.1500 3.19159872
6077.2000 3.20713646
6077.2500 3.22267419
6077.3000 3.23821193
6077.3500 3.24607502
6077.4000 3.22411799
6077.4500 3.20216096
6077.5000 3.18020394
6077.5500 3.15824691
6077.6000 3.13917987
6077.6500 3.13585134
6077.7000 3.1325228
6077.7500 3.12919426
6077.8000 3.12586573
6077.8500 3.12474789
6077.9000 3.14203906
6077.9500 3.15933024
6078.0000 3.17662141
6078.0500 3.19391258
6078.1000 3.2096111
6078.1500 3.20075515
6078.2000 3.1918992
6078.2500 3.18304324
6078.3000 3.17418729
6078.3500 3.16553227
6078.4000 3.16905472
6078.4500 3.17257718
6078.5000 3.17609963
6078.5500 3.17962209
6078.6000 3.18314454
6078.6500 3.18292679
6078.7000 3.18260595
6078.7500 3.18228511
6078.8000 3.18196427
6078.8500 3.18164343
6078.9000 3.18628483
6078.9500 3.19128974
6079.0000 3.19629465
6079.0500 3.20129956
6079.1000 3.20630447
6079.1500 3.1790795
6079.2000 3.14794974
6079.2500 3.11681998
6079.3000 3.08569023
6079.3500 3.05456047
6079.4000 3.07470131
6079.4500 3.10362459
6079.5000 3.13254787
6079.5500 3.16147115
6079.6000 3.19039443
6079.6500 3.1795012
6079.7000 3.15970122
6079.7500 3.13990125
6079.8000 3.12010127
6079.8500 3.10030129
6079.9000 3.10422792
6079.9500 3.11475863
6080.0000 3.12528935
6080.0500 3.13582006
6080.1000 3.14635078
6080.1500 3.14996878
6080.2000 3.15126971
6080.2500 3.15257063
6080.3000 3.15387156
6080.3500 3.15517249
6080.4000 3.1579836
6080.4500 3.16138998
6080.5000 3.16479636
6080.5500 3.16820274
6080.6000 3.17160911
6080.6500 3.18134022
6080.7000 3.19394998
6080.7500 3.20655973
6080.8000 3.21916949
6080.8500 3.23177924
6080.9000 3.23739473
6080.9500 3.23938763
6081.0000 3.24138053
6081.0500 3.24337342
6081.1000 3.24536632
6081.1500 3.23316472
6081.2000 3.21269748
6081.2500 3.19223023
6081.3000 3.17176299
6081.3500 3.15129574
6081.4000 3.15390658
6081.4500 3.17147115
6081.5000 3.18903573
6081.5500 3.2066003
6081.6000 3.22416487
6081.6500 3.22813098
6081.7000 3.222381
6081.7500 3.21663103
6081.8000 3.21088106
6081.8500 3.20513109
6081.9000 3.18347203
6081.9500 3.14938079
6082.0000 3.11528955
6082.0500 3.0811983
6082.1000 3.04710706
6082.1500 3.04517726
6082.2000 3.07052903
6082.2500 3.0958808
6082.3000 3.12123257
6082.3500 3.14658435
6082.4000 3.16689087
6082.4500 3.18258448
6082.5000 3.19827809
6082.5500 3.2139717
6082.6000 3.22966531
6082.6500 3.22986498
6082.7000 3.21489844
6082.7500 3.19993191
6082.8000 3.18496538
6082.8500 3.16999884
6082.9000 3.15555539
6082.9500 3.14165649
6083.0000 3.1277576
6083.0500 3.1138587
6083.1000 3.09995981
6083.1500 3.09142526
6083.2000 3.08879226
6083.2500 3.08615926
6083.3000 3.08352626
6083.3500 3.08089326
6083.4000 3.08634137
6083.4500 3.10112425
6083.5000 3.11590713
6083.5500 3.13069001
6083.6000 3.14547288
6083.6500 3.14759012
6083.7000 3.13444367
6083.7500 3.12129722
6083.8000 3.10815077
6083.8500 3.09500432
6083.9000 3.09321785
6083.9500 3.10562247
6084.0000 3.11802709
6084.0500 3.13043171
6084.1000 3.14283633
6084.1500 3.14799763
6084.2000 3.14384002
6084.2500 3.13968241
6084.3000 3.13552481
6084.3500 3.1313672
6084.4000 3.12338131
6084.4500 3.11035602
6084.5000 3.09733073
6084.5500 3.08430543
6084.6000 3.07128014
6084.6500 3.06674556
6084.7000 3.07357165
6084.7500 3.08039775
6084.8000 3.08722384
6084.8500 3.09404994
6084.9000 3.10248748
6084.9500 3.11310213
6085.0000 3.12371677
6085.0500 3.13433142
6085.1000 3.14494606
6085.1500 3.14555836
6085.2000 3.1326166
6085.2500 3.11967483
6085.3000 3.10673306
6085.3500 3.09379129
6085.4000 3.08885946
6085.4500 3.09474202
6085.5000 3.10062459
6085.5500 3.10650716
6085.6000 3.11238973
6085.6500 3.11212723
6085.7000 3.10365347
6085.7500 3.09517971
6085.8000 3.08670595
6085.8500 3.07823219
6085.9000 3.07640649
6085.9500 3.08331461
6086.0000 3.09022272
6086.0500 3.09713084
6086.1000 3.10403896
6086.1500 3.10909244
6086.2000 3.11176617
6086.2500 3.11443991
6086.3000 3.11711364
6086.3500 3.11978738
6086.4000 3.11563589
6086.4500 3.1029866
6086.5000 3.09033731
6086.5500 3.07768803
6086.6000 3.06503874
6086.6500 3.04241486
6086.7000 3.0078185
6086.7500 2.97322214
6086.8000 2.93862578
6086.8500 2.90402942
6086.9000 2.895316
6086.9500 2.91636049
6087.0000 2.93740497
6087.0500 2.95844946
6087.1000 2.97949395
6087.1500 3.0010608
6087.2000 3.02319924
6087.2500 3.04533768
6087.3000 3.06747612
6087.3500 3.08961456
6087.4000 3.09282808
6087.4500 3.07645983
6087.5000 3.06009158
6087.5500 3.04372333
6087.6000 3.02735507
6087.6500 3.02933686
6087.7000 3.04915704
6087.7500 3.06897722
6087.8000 3.08879741
6087.8500 3.10861759
6087.9000 3.11215276
6087.9500 3.10091256
6088.0000 3.08967236
6088.0500 3.07843216
6088.1000 3.06719197
6088.1500 3.06077567
6088.2000 3.05841648
6088.2500 3.0560573
6088.3000 3.05369811
6088.3500 3.05133893
6088.4000 3.04169732
6088.4500 3.02641855
6088.5000 3.01113979
6088.5500 2.99586103
6088.6000 2.98058227
6088.6500 2.98108404
6088.7000 2.99274307
6088.7500 3.00440211
6088.8000 3.01606114
6088.8500 3.02772018
6088.9000 3.0229373
6088.9500 3.00762422
6089.0000 2.99231114
6089.0500 2.97699806
6089.1000 2.96168498
6089.1500 2.96112802
6089.2000 2.96905284
6089.2500 2.97697766
6089.3000 2.98490249
6089.3500 2.99282731
6089.4000 2.99422939
6089.4500 2.99230189
6089.5000 2.99037439
6089.5500 2.98844689
6089.6000 2.98651938
6089.6500 2.99103471
6089.7000 2.99843467
6089.7500 3.00583462
6089.8000 3.01323458
6089.8500 3.02063454
6089.9000 3.02249547
6089.9500 3.02221366
6090.0000 3.02193185
6090.0500 3.02165005
6090.1000 3.02136824
6090.1500 3.03597904
6090.2000 3.05547433
6090.2500 3.07496962
6090.3000 3.0944649
6090.3500 3.11396019
6090.4000 3.10402186
6090.4500 3.08609944
6090.5000 3.06817703
6090.5500 3.05025461
6090.6000 3.03233219
6090.6500 3.01828228
6090.7000 3.00507173
6090.7500 2.99186119
6090.8000 2.97865064
6090.8500 2.9654401
6090.9000 2.97965011
6090.9500 2.99837082
6091.0000 3.01709152
6091.0500 3.03581223
6091.1000 3.05453293
6091.1500 3.05549934
6091.2000 3.05443265
6091.2500 3.05336596
6091.3000 3.05229928
6091.3500 3.05123259
6091.4000 3.04607898
6091.4500 3.04065247
6091.5000 3.03522597
6091.5500 3.02979946
6091.6000 3.02437296
6091.6500 3.03230794
6091.7000 3.0405267
6091.7500 3.04874547
6091.8000 3.05696424
6091.8500 3.06463261
6091.9000 3.04853756
6091.9500 3.03244251
6092.0000 3.01634747
6092.0500 3.00025242
6092.1000 2.98541552
6092.1500 2.98790143
6092.2000 2.99038733
6092.2500 2.99287323
6092.3000 2.99535913
6092.3500 2.99916683
6092.4000 3.01320417
6092.4500 3.02724151
6092.5000 3.04127885
6092.5500 3.05531619
6092.6000 3.06762722
6092.6500 3.07105963
6092.7000 3.07449204
6092.7500 3.07792444
6092.8000 3.08135685
6092.8500 3.08334988
6092.9000 3.08001766
6092.9500 3.07668543
6093.0000 3.07335321
6093.0500 3.07002099
6093.1000 3.06419951
6093.1500 3.05145319
6093.2000 3.03870688
6093.2500 3.02596056
6093.3000 3.01321425
6093.3500 3.00162292
6093.4000 2.99251207
6093.4500 2.98340122
6093.5000 2.97429037
6093.5500 2.96517951
6093.6000 2.9674689
6093.6500 2.9889527
6093.7000 3.0104365
6093.7500 3.0319203
6093.8000 3.0534041
6093.8500 3.05784334
6093.9000 3.03961353
6093.9500 3.02138371
6094.0000 3.0031539
6094.0500 2.98492408
6094.1000 2.9795352
6094.1500 2.98765148
6094.2000 2.99576775
6094.2500 3.00388403
6094.3000 3.0120003
6094.3500 3.01714249
6094.4000 3.01982411
6094.4500 3.02250573
6094.5000 3.02518735
6094.5500 3.02786898
6094.6000 3.02473062
6094.6500 3.01785152
6094.7000 3.01097243
6094.7500 3.00409334
6094.8000 2.99721424
6094.8500 3.00024284
6094.9000 3.00811006
6094.9500 3.01597728
6095.0000 3.02384449
6095.0500 3.03171171
6095.1000 3.03589451
6095.1500 3.03876019
6095.2000 3.04162587
6095.2500 3.04449155
6095.3000 3.04735723
6095.3500 3.04332266
6095.4000 3.03759614
6095.4500 3.03186962
6095.5000 3.0261431
6095.5500 3.02041658
6095.6000 3.02563873
6095.6500 3.03248023
6095.7000 3.03932173
6095.7500 3.04616324
6095.8000 3.05300474
6095.8500 3.06189693
6095.9000 3.07091801
6095.9500 3.07993909
6096.0000 3.08896017
6096.0500 3.09754756
6096.1000 3.07110201
6096.1500 3.04465646
6096.2000 3.0182109
6096.2500 2.99176535
6096.3000 2.96988692
6096.3500 2.99702498
6096.4000 3.02416303
6096.4500 3.05130109
6096.5000 3.07843915
6096.5500 3.09698888
6096.6000 3.07041122
6096.6500 3.04383355
6096.7000 3.01725588
6096.7500 2.99067822
6096.8000 2.96778785
6096.8500 2.95682229
6096.9000 2.94585673
6096.9500 2.93489117
6097.0000 2.92392562
6097.0500 2.92140116
6097.1000 2.93730732
6097.1500 2.95321349
6097.2000 2.96911966
6097.2500 2.98502582
6097.3000 2.99411131
6097.3500 2.99269361
6097.4000 2.99127592
6097.4500 2.98985822
6097.5000 2.98844052
6097.5500 2.99286794
6097.6000 3.00375695
6097.6500 3.01464597
6097.7000 3.02553498
6097.7500 3.03642399
6097.8000 3.03503378
6097.8500 3.02391062
6097.9000 3.01278747
6097.9500 3.00166431
6098.0000 2.99054115
6098.0500 2.9827392
6098.1000 2.97678627
6098.1500 2.97083334
6098.2000 2.96488041
6098.2500 2.95892748
6098.3000 2.9692401
6098.3500 2.98561309
6098.4000 3.00198607
6098.4500 3.01835906
6098.5000 3.03473204
6098.5500 3.01428541
6098.6000 2.98555725
6098.6500 2.95682909
6098.7000 2.92810092
6098.7500 2.89937276
6098.8000 2.91704291
6098.8500 2.93953518
6098.9000 2.96202745
6098.9500 2.98451972
6099.0000 3.00701199
6099.0500 2.99534166
6099.1000 2.98356789
6099.1500 2.97179412
6099.2000 2.96002035
6099.2500 2.94894745
6099.3000 2.94498231
6099.3500 2.94101717
6099.4000 2.93705203
6099.4500 2.93308689
6099.5000 2.93585333
6099.5500 2.9684371
6099.6000 3.00102087
6099.6500 3.03360463
6099.7000 3.0661884
6099.7500 3.08224906
6099.8000 3.05587526
6099.8500 3.02950146
6099.9000 3.00312766
6099.9500 2.97675385
6100.0000 2.9566942
6100.0500 2.94702545
6100.1000 2.9373567
6100.1500 2.92768795
6100.2000 2.91801921
6100.2500 2.91773268
6100.3000 2.92771863
6100.3500 2.93770459
6100.4000 2.94769054
6100.4500 2.9576765
6100.5000 2.96486121
6100.5500 2.9700039
6100.6000 2.97514659
6100.6500 2.98028928
6100.7000 2.98543197
6100.7500 2.98077334
6100.8000 2.97152461
6100.8500 2.96227588
6100.9000 2.95302715
6100.9500 2.94377842
6101.0000 2.94314704
6101.0500 2.94487051
6101.1000 2.94659397
6101.1500 2.94831743
6101.2000 2.95004089
6101.2500 2.94703383
6101.3000 2.9434502
6101.3500 2.93986658
6101.4000 2.93628295
6101.4500 2.93269932
6101.5000 2.94986264
6101.5500 2.96704691
6101.6000 2.98423118
6101.6500 3.00141546
6101.7000 3.01406868
6101.7500 2.98940479
6101.8000 2.9647409
6101.8500 2.94007701
6101.9000 2.91541312
6101.9500 2.89996764
6102.0000 2.91735677
6102.0500 2.9347459
6102.1000 2.95213503
6102.1500 2.96952416
6102.2000 2.98427282
6102.2500 2.99370385
6102.3000 3.00313488
6102.3500 3.01256591
6102.4000 3.02199694
6102.4500 3.01033126
6102.5000 2.97246437
6102.5500 2.93459748
6102.6000 2.89673058
6102.6500 2.85886369
6102.7000 2.85814327
6102.7500 2.8863811
6102.8000 2.91461894
6102.8500 2.94285677
6102.9000 2.9710946
6102.9500 2.98367349
6103.0000 2.98886592
6103.0500 2.99405835
6103.1000 2.99925078
6103.1500 3.00444321
6103.2000 2.98477374
6103.2500 2.95883762
6103.3000 2.9329015
6103.3500 2.90696538
6103.4000 2.88102926
6103.4500 2.87556993
6103.5000 2.87190229
6103.5500 2.86823464
6103.6000 2.864567
6103.6500 2.86099672
6103.7000 2.8596445
6103.7500 2.85829228
6103.8000 2.85694005
6103.8500 2.85558783
6103.9000 2.85652297
6103.9500 2.86893181
6104.0000 2.88134066
6104.0500 2.89374951
6104.1000 2.90615835
6104.1500 2.92097278
6104.2000 2.94161872
6104.2500 2.96226467
6104.3000 2.98291062
6104.3500 3.00355656
6104.4000 3.00226236
6104.4500 2.97060996
6104.5000 2.93895756
6104.5500 2.90730517
6104.6000 2.87565277
6104.6500 2.86997993
6104.7000 2.88567915
6104.7500 2.90137836
6104.8000 2.91707757
6104.8500 2.93277678
6104.9000 2.92723441
6104.9500 2.91167032
6105.0000 2.89610624
6105.0500 2.88054215
6105.1000 2.86497807
6105.1500 2.8825447
6105.2000 2.90778764
6105.2500 2.93303058
6105.3000 2.95827352
6105.3500 2.98351646
6105.4000 2.98697825
6105.4500 2.98919649
6105.5000 2.99141473
6105.5500 2.99363296
6105.6000 2.99430035
6105.6500 2.97754789
6105.7000 2.96079543
6105.7500 2.94404297
6105.8000 2.92729052
6105.8500 2.91309956
6105.9000 2.90803453
6105.9500 2.90296949
6106.0000 2.89790446
6106.0500 2.89283943
6106.1000 2.88788485
6106.1500 2.88312813
6106.2000 2.87837142
6106.2500 2.87361471
6106.3000 2.86885799
6106.3500 2.86828334
6106.4000 2.87190792
6106.4500 2.87553251
6106.5000 2.87915709
6106.5500 2.88278168
6106.6000 2.88945414
6106.6500 2.8978309
6106.7000 2.90620766
6106.7500 2.91458441
6106.8000 2.92296117
6106.8500 2.91072957
6106.9000 2.89286756
6106.9500 2.87500554
6107.0000 2.85714353
6107.0500 2.83928151
6107.1000 2.84068783
6107.1500 2.84351943
6107.2000 2.84635104
6107.2500 2.84918264
6107.3000 2.85326445
6107.3500 2.87202385
6107.4000 2.89078325
6107.4500 2.90954264
6107.5000 2.92830204
6107.5500 2.94495217
6107.6000 2.95444091
6107.6500 2.96392964
6107.7000 2.97341838
6107.7500 2.98290712
6107.8000 2.96752223
6107.8500 2.91124386
6107.9000 2.85496549
6107.9500 2.79868712
6108.0000 2.74240875
6108.0500 2.72880451
6108.1000 2.75295912
6108.1500 2.77711374
6108.2000 2.80126835
6108.2500 2.82542297
6108.3000 2.86052291
6108.3500 2.9006663
6108.4000 2.9408097
6108.4500 2.98095309
6108.5000 3.02109649
6108.5500 3.00534721
6108.6000 2.97897007
6108.6500 2.95259294
6108.7000 2.9262158
6108.7500 2.89983866
6108.8000 2.90167538
6108.8500 2.90358106
6108.9000 2.90548674
6108.9500 2.90739243
6109.0000 2.90533284
6109.0500 2.88190991
6109.1000 2.85848698
6109.1500 2.83506405
6109.2000 2.81164112
6109.2500 2.80147655
6109.3000 2.81985096
6109.3500 2.83822538
6109.4000 2.8565998
6109.4500 2.87497422
6109.5000 2.88348424
6109.5500 2.88128728
6109.6000 2.87909032
6109.6500 2.87689336
6109.7000 2.8746964
6109.7500 2.87745947
6109.8000 2.88297044
6109.8500 2.88848141
6109.9000 2.89399238
6109.9500 2.89950335
6110.0000 2.90447606
6110.0500 2.90932181
6110.1000 2.91416755
6110.1500 2.9190133
6110.2000 2.92385905
6110.2500 2.94200955
6110.3000 2.96048107
6110.3500 2.9789526
6110.4000 2.99742412
6110.4500 3.01061382
6110.5000 2.99276066
6110.5500 2.9749075
6110.6000 2.95705434
6110.6500 2.93920118
6110.7000 2.92803747
6110.7500 2.93135109
6110.8000 2.93466472
6110.8500 2.93797834
6110.9000 2.94129196
6110.9500 2.94857339
6111.0000 2.96001229
6111.0500 2.97145119
6111.1000 2.98289009
6111.1500 2.99432899
6111.2000 2.99297806
6111.2500 2.98510529
6111.3000 2.97723252
6111.3500 2.96935975
6111.4000 2.96148698
6111.4500 2.97721997
6111.5000 2.99751948
6111.5500 3.01781898
6111.6000 3.03811849
6111.6500 3.05768431
6111.7000 3.02969463
6111.7500 3.00170496
6111.8000 2.97371528
6111.8500 2.94572561
6111.9000 2.91659297
6111.9500 2.88271613
6112.0000 2.8488393
6112.0500 2.81496246
6112.1000 2.78108562
6112.1500 2.76034328
6112.2000 2.76151402
6112.2500 2.76268476
6112.3000 2.7638555
6112.3500 2.76502624
6112.4000 2.76812485
6112.4500 2.77275649
6112.5000 2.77738812
6112.5500 2.78201975
6112.6000 2.78665139
6112.6500 2.80274297
6112.7000 2.82284027
6112.7500 2.84293758
6112.8000 2.86303488
6112.8500 2.88313219
6112.9000 2.87272769
6112.9500 2.85990726
6113.0000 2.84708683
6113.0500 2.83426641
6113.1000 2.82642671
6113.1500 2.85733972
6113.2000 2.88825273
6113.2500 2.91916575
6113.3000 2.95007876
6113.3500 2.9657763
6113.4000 2.94644612
6113.4500 2.92711593
6113.5000 2.90778575
6113.5500 2.88845557
6113.6000 2.88163539
6113.6500 2.88765725
6113.7000 2.8936791
6113.7500 2.89970096
6113.8000 2.90572282
6113.8500 2.91329326
6113.9000 2.92157341
6113.9500 2.92985355
6114.0000 2.9381337
6114.0500 2.94641384
6114.1000 2.91943673
6114.1500 2.88763745
6114.2000 2.85583817
6114.2500 2.82403889
6114.3000 2.79460533
6114.3500 2.79422196
6114.4000 2.7938386
6114.4500 2.79345523
6114.5000 2.79307187
6114.5500 2.79895254
6114.6000 2.82154888
6114.6500 2.84414523
6114.7000 2.86674157
6114.7500 2.88933791
6114.8000 2.89226386
6114.8500 2.87314546
6114.9000 2.85402706
6114.9500 2.83490866
6115.0000 2.81579026
6115.0500 2.81593505
6115.1000 2.82547486
6115.1500 2.83501467
6115.2000 2.84455448
6115.2500 2.85409429
6115.3000 2.85239702
6115.3500 2.84908658
6115.4000 2.84577614
6115.4500 2.8424657
6115.5000 2.84017868
6115.5500 2.84991744
6115.6000 2.8596562
6115.6500 2.86939496
6115.7000 2.87913372
6115.7500 2.88456279
6115.8000 2.87912979
6115.8500 2.87369679
6115.9000 2.86826379
6115.9500 2.86283079
6116.0000 2.86644304
6116.0500 2.87941847
6116.1000 2.8923939
6116.1500 2.90536933
6116.2000 2.91834476
6116.2500 2.91495824
6116.3000 2.90457073
6116.3500 2.89418323
6116.4000 2.88379573
6116.4500 2.87340822
6116.5000 2.87125423
6116.5500 2.86990478
6116.6000 2.86855533
6116.6500 2.86720588
6116.7000 2.86659907
6116.7500 2.87127276
6116.8000 2.87594644
6116.8500 2.88062012
6116.9000 2.8852938
6116.9500 2.88381598
6117.0000 2.87025144
6117.0500 2.85668689
6117.1000 2.84312235
6117.1500 2.82955781
6117.2000 2.81923859
6117.2500 2.81154321
6117.3000 2.80384783
6117.3500 2.79615245
6117.4000 2.78845707
6117.4500 2.7930374
6117.5000 2.80127877
6117.5500 2.80952015
6117.6000 2.81776152
6117.6500 2.82600289
6117.7000 2.81277052
6117.7500 2.79930547
6117.8000 2.78584042
6117.8500 2.77237537
6117.9000 2.76383808
6117.9500 2.77384342
6118.0000 2.78384876
6118.0500 2.79385411
6118.1000 2.80385945
6118.1500 2.80638565
6118.2000 2.79909041
6118.2500 2.79179517
6118.3000 2.78449993
6118.3500 2.77720468
6118.4000 2.787665
6118.4500 2.80742263
6118.5000 2.82718027
6118.5500 2.8469379
6118.6000 2.86669554
6118.6500 2.87675654
6118.7000 2.88552056
6118.7500 2.89428457
6118.8000 2.90304859
6118.8500 2.90869531
6118.9000 2.88896313
6118.9500 2.86923095
6119.0000 2.84949878
6119.0500 2.8297666
6119.1000 2.81500222
6119.1500 2.80994868
6119.2000 2.80489514
6119.2500 2.7998416
6119.3000 2.79478806
6119.3500 2.8022103
6119.4000 2.81907657
6119.4500 2.83594283
6119.5000 2.8528091
6119.5500 2.86967537
6119.6000 2.86173602
6119.6500 2.84765517
6119.7000 2.83357433
6119.7500 2.81949348
6119.8000 2.80522216
6119.8500 2.78579331
6119.9000 2.76636446
6119.9500 2.74693561
6120.0000 2.72750676
6120.0500 2.72173117
6120.1000 2.75261647
6120.1500 2.78350176
6120.2000 2.81438705
6120.2500 2.84527234
6120.3000 2.85082922
6120.3500 2.83193185
6120.4000 2.81303448
6120.4500 2.7941371
6120.5000 2.77523973
6120.5500 2.76759443
6120.6000 2.76374245
6120.6500 2.75989047
6120.7000 2.75603849
6120.7500 2.75218651
6120.8000 2.75799352
6120.8500 2.76391145
6120.9000 2.76982939
6120.9500 2.77574732
6121.0000 2.77659325
6121.0500 2.76056337
6121.1000 2.7445335
6121.1500 2.72850362
6121.2000 2.71247375
6121.2500 2.71034193
6121.3000 2.72355764
6121.3500 2.73677334
6121.4000 2.74998904
6121.4500 2.76320475
6121.5000 2.77105232
6121.5500 2.77682284
6121.6000 2.78259337
6121.6500 2.7883639
6121.7000 2.79413442
6121.7500 2.81117496
6121.8000 2.82858204
6121.8500 2.84598912
6121.9000 2.8633962
6121.9500 2.87380937
6122.0000 2.85908391
6122.0500 2.84435846
6122.1000 2.829633
6122.1500 2.81490755
6122.2000 2.8118494
6122.2500 2.82202782
6122.3000 2.83220625
6122.3500 2.84238467
6122.4000 2.85256309
6122.4500 2.83370471
6122.5000 2.80361059
6122.5500 2.77351648
6122.6000 2.74342236
6122.6500 2.71332825
6122.7000 2.72464717
6122.7500 2.73701924
6122.8000 2.74939131
6122.8500 2.76176338
6122.9000 2.77729686
6122.9500 2.8033504
6123.0000 2.82940395
6123.0500 2.8554575
6123.1000 2.88151105
6123.1500 2.87208282
6123.2000 2.82552047
6123.2500 2.77895813
6123.3000 2.73239578
6123.3500 2.68583344
6123.4000 2.67823723
6123.4500 2.68377888
6123.5000 2.68932053
6123.5500 2.69486218
6123.6000 2.70043491
6123.6500 2.70952376
6123.7000 2.71861261
6123.7500 2.72770146
6123.8000 2.73679032
6123.8500 2.74263413
6123.9000 2.73976431
6123.9500 2.73689449
6124.0000 2.73402467
6124.0500 2.73115486
6124.1000 2.73225397
6124.1500 2.73679405
6124.2000 2.74133413
6124.2500 2.7458742
6124.3000 2.75041428
6124.3500 2.76523809
6124.4000 2.78260754
6124.4500 2.79997699
6124.5000 2.81734643
6124.5500 2.83413157
6124.6000 2.8430585
6124.6500 2.85198544
6124.7000 2.86091237
6124.7500 2.8698393
6124.8000 2.86232427
6124.8500 2.82268178
6124.9000 2.7830393
6124.9500 2.74339681
6125.0000 2.70375433
6125.0500 2.68907431
6125.1000 2.69038603
6125.1500 2.69169775
6125.2000 2.69300947
6125.2500 2.69432119
6125.3000 2.70534225
6125.3500 2.7176598
6125.4000 2.72997735
6125.4500 2.74229491
6125.5000 2.75039921
6125.5500 2.7358054
6125.6000 2.7212116
6125.6500 2.7066178
6125.7000 2.69202399
6125.7500 2.6914917
6125.8000 2.70940228
6125.8500 2.72731286
6125.9000 2.74522344
6125.9500 2.76313401
6126.0000 2.77152561
6126.0500 2.7760354
6126.1000 2.78054519
6126.1500 2.78505498
6126.2000 2.78956477
6126.2500 2.76031653
6126.3000 2.73071832
6126.3500 2.70112011
6126.4000 2.6715219
6126.4500 2.64924157
6126.5000 2.64666331
6126.5500 2.64408506
6126.6000 2.64150681
6126.6500 2.63892856
6126.7000 2.64297109
6126.7500 2.65235217
6126.8000 2.66173324
6126.8500 2.67111431
6126.9000 2.68049538
6126.9500 2.71061442
6127.0000 2.7447404
6127.0500 2.77886637
6127.1000 2.81299235
6127.1500 2.83926031
6127.2000 2.81012526
6127.2500 2.78099022
6127.3000 2.75185517
6127.3500 2.72272012
6127.4000 2.70922832
6127.4500 2.7180581
6127.5000 2.72688788
6127.5500 2.73571766
6127.6000 2.74454744
6127.6500 2.74260402
6127.7000 2.73607776
6127.7500 2.72955151
6127.8000 2.72302525
6127.8500 2.716499
6127.9000 2.70836771
6127.9500 2.70022472
6128.0000 2.69208174
6128.0500 2.68393875
6128.1000 2.68169934
6128.1500 2.69422367
6128.2000 2.706748
6128.2500 2.71927234
6128.3000 2.73179667
6128.3500 2.74665766
6128.4000 2.7632092
6128.4500 2.77976073
6128.5000 2.79631227
6128.5500 2.8128638
6128.6000 2.79594847
6128.6500 2.77431669
6128.7000 2.75268492
6128.7500 2.73105314
6128.8000 2.71680006
6128.8500 2.73747155
6128.9000 2.75814303
6128.9500 2.77881452
6129.0000 2.79948601
6129.0500 2.80559583
6129.1000 2.79555014
6129.1500 2.78550444
6129.2000 2.77545874
6129.2500 2.76541305
6129.3000 2.75438013
6129.3500 2.74306123
6129.4000 2.73174233
6129.4500 2.72042342
6129.5000 2.71175641
6129.5500 2.73427073
6129.6000 2.75678505
6129.6500 2.77929936
6129.7000 2.80181368
6129.7500 2.8094553
6129.8000 2.79314521
6129.8500 2.77683511
6129.9000 2.76052502
6129.9500 2.74421493
6130.0000 2.72989505
6130.0500 2.71647158
6130.1000 2.70304812
6130.1500 2.68962466
6130.2000 2.6762012
6130.2500 2.65373314
6130.3000 2.63124268
6130.3500 2.60875223
6130.4000 2.58626177
6130.4500 2.57962443
6130.5000 2.60872431
6130.5500 2.6378242
6130.6000 2.66692408
6130.6500 2.69602396
6130.7000 2.70384418
6130.7500 2.69855196
6130.8000 2.69325975
6130.8500 2.68796753
6130.9000 2.68267531
6130.9500 2.67858254
6131.0000 2.67457746
6131.0500 2.67057237
6131.1000 2.66656729
6131.1500 2.66754303
6131.2000 2.68372757
6131.2500 2.69991211
6131.3000 2.71609665
6131.3500 2.73228119
6131.4000 2.75135981
6131.4500 2.77268282
6131.5000 2.79400582
6131.5500 2.81532883
6131.6000 2.83665183
6131.6500 2.85311542
6131.7000 2.86892529
6131.7500 2.88473517
6131.8000 2.90054504
6131.8500 2.90099241
6131.9000 2.84049513
6131.9500 2.77999785
6132.0000 2.71950057
6132.0500 2.65900328
6132.1000 2.6446683
6132.1500 2.67245008
6132.2000 2.70023187
6132.2500 2.72801365
6132.3000 2.75579544
6132.3500 2.74504152
6132.4000 2.72728321
6132.4500 2.7095249
6132.5000 2.6917666
6132.5500 2.68238499
6132.6000 2.71356624
6132.6500 2.74474748
6132.7000 2.77592873
6132.7500 2.80710997
6132.8000 2.82495225
6132.8500 2.82933911
6132.9000 2.83372596
6132.9500 2.83811282
6133.0000 2.84249968
6133.0500 2.83202818
6133.1000 2.81843067
6133.1500 2.80483317
6133.2000 2.79123566
6133.2500 2.77882709
6133.3000 2.77283985
6133.3500 2.76685261
6133.4000 2.76086537
6133.4500 2.75487813
6133.5000 2.75757989
6133.5500 2.76939913
6133.6000 2.78121837
6133.6500 2.79303761
6133.7000 2.80485685
6133.7500 2.82465142
6133.8000 2.84618009
6133.8500 2.86770876
6133.9000 2.88923743
6133.9500 2.90096447
6134.0000 2.85987376
6134.0500 2.81878305
6134.1000 2.77769234
6134.1500 2.73660163
6134.2000 2.70169497
6134.2500 2.67313915
6134.3000 2.64458333
6134.3500 2.61602751
6134.4000 2.58747169
6134.4500 2.5975019
6134.5000 2.61533135
6134.5500 2.63316079
6134.6000 2.65099024
6134.6500 2.66345724
6134.7000 2.65012174
6134.7500 2.63678625
6134.8000 2.62345075
6134.8500 2.61011525
6134.9000 2.59826316
6134.9500 2.58781385
6135.0000 2.57736454
6135.0500 2.56691523
6135.1000 2.55646591
6135.1500 2.56237075
6135.2000 2.57099188
6135.2500 2.57961302
6135.3000 2.58823416
6135.3500 2.60030667
6135.4000 2.62594172
6135.4500 2.65157677
6135.5000 2.67721182
6135.5500 2.70284687
6135.6000 2.72030311
6135.6500 2.73106335
6135.7000 2.74182359
6135.7500 2.75258382
6135.8000 2.76334406
6135.8500 2.76539551
6135.9000 2.76646343
6135.9500 2.76753134
6136.0000 2.76859926
6136.0500 2.77009883
6136.1000 2.77290096
6136.1500 2.77570309
6136.2000 2.77850522
6136.2500 2.78130735
6136.3000 2.7699601
6136.3500 2.74921829
6136.4000 2.72847647
6136.4500 2.70773465
6136.5000 2.68699284
6136.5500 2.65908594
6136.6000 2.63083944
6136.6500 2.60259294
6136.7000 2.57434645
6136.7500 2.56269475
6136.8000 2.58794264
6136.8500 2.61319052
6136.9000 2.6384384
6136.9500 2.66368629
6137.0000 2.66475859
6137.0500 2.6537819
6137.1000 2.64280521
6137.1500 2.63182852
6137.2000 2.62104263
6137.2500 2.61733643
6137.3000 2.61363023
6137.3500 2.60992402
6137.4000 2.60621782
6137.4500 2.61422419
6137.5000 2.64079847
6137.5500 2.66737274
6137.6000 2.69394702
6137.6500 2.7205213
6137.7000 2.71058063
6137.7500 2.68840725
6137.8000 2.66623387
6137.8500 2.64406049
6137.9000 2.62356682
6137.9500 2.61625593
6138.0000 2.60894504
6138.0500 2.60163416
6138.1000 2.59432327
6138.1500 2.59187055
6138.2000 2.59470893
6138.2500 2.59754731
6138.3000 2.60038569
6138.3500 2.60322408
6138.4000 2.60563047
6138.4500 2.60795824
6138.5000 2.61028601
6138.5500 2.61261378
6138.6000 2.61412863
6138.6500 2.61267673
6138.7000 2.61122483
6138.7500 2.60977293
6138.8000 2.60832103
6138.8500 2.60441064
6138.9000 2.59876216
6138.9500 2.59311368
6139.0000 2.5874652
6139.0500 2.58181672
6139.1000 2.58023271
6139.1500 2.57882563
6139.2000 2.57741856
6139.2500 2.57601148
6139.3000 2.57790095
6139.3500 2.58641024
6139.4000 2.59491952
6139.4500 2.60342881
6139.5000 2.61193809
6139.5500 2.62334992
6139.6000 2.63595718
6139.6500 2.64856444
6139.7000 2.6611717
6139.7500 2.66961228
6139.8000 2.63368029
6139.8500 2.5977483
6139.9000 2.56181632
6139.9500 2.52588433
6140.0000 2.52029461
6140.0500 2.54960137
6140.1000 2.57890813
6140.1500 2.60821489
6140.2000 2.63752165
6140.2500 2.64986991
6140.3000 2.65913238
6140.3500 2.66839485
6140.4000 2.67765732
6140.4500 2.6809772
6140.5000 2.6642565
6140.5500 2.6475358
6140.6000 2.6308151
6140.6500 2.61409441
6140.7000 2.60483382
6140.7500 2.60028161
6140.8000 2.59572941
6140.8500 2.5911772
6140.9000 2.58662499
6140.9500 2.59456281
6141.0000 2.60251151
6141.0500 2.61046022
6141.1000 2.61840892
6141.1500 2.63502827
6141.2000 2.6653879
6141.2500 2.69574753
6141.3000 2.72610716
6141.3500 2.75646679
6141.4000 2.75010154
6141.4500 2.73315728
6141.5000 2.71621302
6141.5500 2.69926875
6141.6000 2.68675071
6141.6500 2.69622682
6141.7000 2.70570293
6141.7500 2.71517904
6141.8000 2.72465515
6141.8500 2.71669105
6141.9000 2.69504636
6141.9500 2.67340168
6142.0000 2.65175699
6142.0500 2.63011231
6142.1000 2.64735856
6142.1500 2.66643818
6142.2000 2.68551779
6142.2500 2.70459741
6142.3000 2.70981666
6142.3500 2.68943748
6142.4000 2.66905831
6142.4500 2.64867914
6142.5000 2.62829997
6142.5500 2.62304779
6142.6000 2.62285819
6142.6500 2.6226686
6142.7000 2.622479
6142.7500 2.62052437
6142.8000 2.60848387
6142.8500 2.59644338
6142.9000 2.58440289
6142.9500 2.5723624
6143.0000 2.56230233
6143.0500 2.55386043
6143.1000 2.54541852
6143.1500 2.53697662
6143.2000 2.52853472
6143.2500 2.53925619
6143.3000 2.55091364
6143.3500 2.56257108
6143.4000 2.57422853
6143.4500 2.58198949
6143.5000 2.5827701
6143.5500 2.58355072
6143.6000 2.58433133
6143.6500 2.58511195
6143.7000 2.58442875
6143.7500 2.58329526
6143.8000 2.58216177
6143.8500 2.58102828
6143.9000 2.5829787
6143.9500 2.59967473
6144.0000 2.61637075
6144.0500 2.63306678
6144.1000 2.6497628
6144.1500 2.6586549
6144.2000 2.66196262
6144.2500 2.66527033
6144.3000 2.66857804
6144.3500 2.67188576
6144.4000 2.61431402
6144.4500 2.55640691
6144.5000 2.49849979
6144.5500 2.44059268
6144.6000 2.41449294
6144.6500 2.43457205
6144.7000 2.45465117
6144.7500 2.47473028
6144.8000 2.4948094
6144.8500 2.51236894
6144.9000 2.52938625
6144.9500 2.54640356
6145.0000 2.56342087
6145.0500 2.57452546
6145.1000 2.5668711
6145.1500 2.55921673
6145.2000 2.55156237
6145.2500 2.54390801
6145.3000 2.54765504
6145.3500 2.55732495
6145.4000 2.56699486
6145.4500 2.57666477
6145.5000 2.58598279
6145.5500 2.59115769
6145.6000 2.5963326
6145.6500 2.6015075
6145.7000 2.60668241
6145.7500 2.59399453
6145.8000 2.56345546
6145.8500 2.5329164
6145.9000 2.50237733
6145.9500 2.47183827
6146.0000 2.4795774
6146.0500 2.49047625
6146.1000 2.5013751
6146.1500 2.51227395
6146.2000 2.5361225
6146.2500 2.5841219
6146.3000 2.6321213
6146.3500 2.6801207
6146.4000 2.7281201
6146.4500 2.69723326
6146.5000 2.64358136
6146.5500 2.58992947
6146.6000 2.53627757
6146.6500 2.49868531
6146.7000 2.52346432
6146.7500 2.54824333
6146.8000 2.57302234
6146.8500 2.59780135
6146.9000 2.61569865
6146.9500 2.62964348
6147.0000 2.6435883
6147.0500 2.65753313
6147.1000 2.6692081
6147.1500 2.64943543
6147.2000 2.62966277
6147.2500 2.6098901
6147.3000 2.59011743
6147.3500 2.5794143
6147.4000 2.57773853
6147.4500 2.57606277
6147.5000 2.57438701
6147.5500 2.57271124
6147.6000 2.57476254
6147.6500 2.57706561
6147.7000 2.57936869
6147.7500 2.58167176
6147.8000 2.5895158
6147.8500 2.60663478
6147.9000 2.62375377
6147.9500 2.64087275
6148.0000 2.65799173
6148.0500 2.63695918
6148.1000 2.60714937
6148.1500 2.57733955
6148.2000 2.54752973
6148.2500 2.5326083
6148.3000 2.56149355
6148.3500 2.59037879
6148.4000 2.61926404
6148.4500 2.64814929
6148.5000 2.64078233
6148.5500 2.61758548
6148.6000 2.59438863
6148.6500 2.57119177
6148.7000 2.55351716
6148.7500 2.56971601
6148.8000 2.58591486
6148.8500 2.60211371
6148.9000 2.61831256
6148.9500 2.62283097
6149.0000 2.61909736
6149.0500 2.61536376
6149.1000 2.61163015
6149.1500 2.60838171
6149.2000 2.61911281
6149.2500 2.62984391
6149.3000 2.64057501
6149.3500 2.65130611
6149.4000 2.65150937
6149.4500 2.64043443
6149.5000 2.6293595
6149.5500 2.61828456
6149.6000 2.60720962
6149.6500 2.58832194
6149.7000 2.56888005
6149.7500 2.54943816
6149.8000 2.52999627
6149.8500 2.50029212
6149.9000 2.45429458
6149.9500 2.40829703
6150.0000 2.36229948
6150.0500 2.31630194
6150.1000 2.34110727
6150.1500 2.37931482
6150.2000 2.41752237
6150.2500 2.45572992
6150.3000 2.48452667
6150.3500 2.49104251
6150.4000 2.49755834
6150.4500 2.50407418
6150.5000 2.51059002
6150.5500 2.53104926
6150.6000 2.55603874
6150.6500 2.58102823
6150.7000 2.60601771
6150.7500 2.61271027
6150.8000 2.55232461
6150.8500 2.49193895
6150.9000 2.43155329
6150.9500 2.37116764
6151.0000 2.37865587
6151.0500 2.41873972
6151.1000 2.45882356
6151.1500 2.49890741
6151.2000 2.53058438
6151.2500 2.50998528
6151.3000 2.48938618
6151.3500 2.46878708
6151.4000 2.44818798
6151.4500 2.45274076
6151.5000 2.47383741
6151.5500 2.49493406
6151.6000 2.51603071
6151.6500 2.53465323
6151.7000 2.52021574
6151.7500 2.50577825
6151.8000 2.49134076
6151.8500 2.47690327
6151.9000 2.49238941
6151.9500 2.5335983
6152.0000 2.57480718
6152.0500 2.61601607
6152.1000 2.65667641
6152.1500 2.62554102
6152.2000 2.59440563
6152.2500 2.56327025
6152.3000 2.53213486
6152.3500 2.51406697
6152.4000 2.51020463
6152.4500 2.50634229
6152.5000 2.50247995
6152.5500 2.49861761
6152.6000 2.49268834
6152.6500 2.48665578
6152.7000 2.48062322
6152.7500 2.47459065
6152.8000 2.46434366
6152.8500 2.44845035
6152.9000 2.43255704
6152.9500 2.41666373
6153.0000 2.40077042
6153.0500 2.40918928
6153.1000 2.42018693
6153.1500 2.43118458
6153.2000 2.44218224
6153.2500 2.43693219
6153.3000 2.40545516
6153.3500 2.37397813
6153.4000 2.3425011
6153.4500 2.31102407
6153.5000 2.32466795
6153.5500 2.3454947
6153.6000 2.36632146
6153.6500 2.38714821
6153.7000 2.39669725
6153.7500 2.38479062
6153.8000 2.37288398
6153.8500 2.36097735
6153.9000 2.34907072
6153.9500 2.35833239
6154.0000 2.37198781
6154.0500 2.38564323
6154.1000 2.39929865
6154.1500 2.40861433
6154.2000 2.40842317
6154.2500 2.40823201
6154.3000 2.40804085
6154.3500 2.40784969
6154.4000 2.38634535
6154.4500 2.35952726
6154.5000 2.33270916
6154.5500 2.30589107
6154.6000 2.29229857
6154.6500 2.31121569
6154.7000 2.33013281
6154.7500 2.34904993
6154.8000 2.36796705
6154.8500 2.37546523
6154.9000 2.3797359
6154.9500 2.38400658
6155.0000 2.38827726
6155.0500 2.39495675
6155.1000 2.40808915
6155.1500 2.42122155
6155.2000 2.43435395
6155.2500 2.44748635
6155.3000 2.45923259
6155.3500 2.47055474
6155.4000 2.48187689
6155.4500 2.49319903
6155.5000 2.50225058
6155.5500 2.50488474
6155.6000 2.5075189
6155.6500 2.51015307
6155.7000 2.51278723
6155.7500 2.51602762
6155.8000 2.51946082
6155.8500 2.52289402
6155.9000 2.52632721
6155.9500 2.52821478
6156.0000 2.52565166
6156.0500 2.52308855
6156.1000 2.52052543
6156.1500 2.51796231
6156.2000 2.50416167
6156.2500 2.48678415
6156.3000 2.46940663
6156.3500 2.45202911
6156.4000 2.43902894
6156.4500 2.43841856
6156.5000 2.43780818
6156.5500 2.4371978
6156.6000 2.43658742
6156.6500 2.44015723
6156.7000 2.44500899
6156.7500 2.44986074
6156.8000 2.4547125
6156.8500 2.46124955
6156.9000 2.47231409
6156.9500 2.48337864
6157.0000 2.49444318
6157.0500 2.50550772
6157.1000 2.49227114
6157.1500 2.47213815
6157.2000 2.45200516
6157.2500 2.43187217
6157.3000 2.43055073
6157.3500 2.47565641
6157.4000 2.52076209
6157.4500 2.56586778
6157.5000 2.61097346
6157.5500 2.6086018
6157.6000 2.59432217
6157.6500 2.58004254
6157.7000 2.56576291
6157.7500 2.54864645
6157.8000 2.52528412
6157.8500 2.5019218
6157.9000 2.47855948
6157.9500 2.45519716
6158.0000 2.45996977
6158.0500 2.47063154
6158.1000 2.4812933
6158.1500 2.49195507
6158.2000 2.49147255
6158.2500 2.46966411
6158.3000 2.44785566
6158.3500 2.42604722
6158.4000 2.40423878
6158.4500 2.39969499
6158.5000 2.39793271
6158.5500 2.39617044
6158.6000 2.39440816
6158.6500 2.38844336
6158.7000 2.37565079
6158.7500 2.36285821
6158.8000 2.35006564
6158.8500 2.33727307
6158.9000 2.35589385
6158.9500 2.37790914
6159.0000 2.39992442
6159.0500 2.42193971
6159.1000 2.42121788
6159.1500 2.38982014
6159.2000 2.3584224
6159.2500 2.32702466
6159.3000 2.29562692
6159.3500 2.33051504
6159.4000 2.36884659
6159.4500 2.40717814
6159.5000 2.44550969
6159.5500 2.47076197
6159.6000 2.48168953
6159.6500 2.4926171
6159.7000 2.50354466
6159.7500 2.51417894
6159.8000 2.47331036
6159.8500 2.43244177
6159.9000 2.39157319
6159.9500 2.3507046
6160.0000 2.34844311
6160.0500 2.37963287
6160.1000 2.41082264
6160.1500 2.4420124
6160.2000 2.47174408
6160.2500 2.48136986
6160.3000 2.49099564
6160.3500 2.50062142
6160.4000 2.51024719
6160.4500 2.48962474
6160.5000 2.44893616
6160.5500 2.40824758
6160.6000 2.36755901
6160.6500 2.33760443
6160.7000 2.37556378
6160.7500 2.41352314
6160.8000 2.45148249
6160.8500 2.48944185
6160.9000 2.5114243
6160.9500 2.5256617
6161.0000 2.5398991
6161.0500 2.5541365
6161.1000 2.55924234
6161.1500 2.53045927
6161.2000 2.50167621
6161.2500 2.47289314
6161.3000 2.44411007
6161.3500 2.4252156
6161.4000 2.40956927
6161.4500 2.39392295
6161.5000 2.37827662
6161.5500 2.36365167
6161.6000 2.35146817
6161.6500 2.33928467
6161.7000 2.32710117
6161.7500 2.31491767
6161.8000 2.31207434
6161.8500 2.31102469
6161.9000 2.30997504
6161.9500 2.3089254
6162.0000 2.31542728
6162.0500 2.33401392
6162.1000 2.35260057
6162.1500 2.37118722
6162.2000 2.38977387
6162.2500 2.38035979
6162.3000 2.36890183
6162.3500 2.35744387
6162.4000 2.34598591
6162.4500 2.34162473
6162.5000 2.34491778
6162.5500 2.34821082
6162.6000 2.35150387
6162.6500 2.35634025
6162.7000 2.40791105
6162.7500 2.45948184
6162.8000 2.51105264
6162.8500 2.56262344
6162.9000 2.5662599
6162.9500 2.53583028
6163.0000 2.50540067
6163.0500 2.47497106
6163.1000 2.45050587
6163.1500 2.46302039
6163.2000 2.47553491
6163.2500 2.48804943
6163.3000 2.50056396
6163.3500 2.48551946
6163.4000 2.45837761
6163.4500 2.43123576
6163.5000 2.40409391
6163.5500 2.37412931
6163.6000 2.33581866
6163.6500 2.29750801
6163.7000 2.25919736
6163.7500 2.22088671
6163.8000 2.2566246
6163.8500 2.30947789
6163.9000 2.36233119
6163.9500 2.41518449
6164.0000 2.43928611
6164.0500 2.41516265
6164.1000 2.3910392
6164.1500 2.36691574
6164.2000 2.34279229
6164.2500 2.32373216
6164.3000 2.30501537
6164.3500 2.28629858
6164.4000 2.26758178
6164.4500 2.2791299
6164.5000 2.32079576
6164.5500 2.36246161
6164.6000 2.40412746
6164.6500 2.44158291
6164.7000 2.42103163
6164.7500 2.40048036
6164.8000 2.37992908
6164.8500 2.3593778
6164.9000 2.36325414
6164.9500 2.38111949
6165.0000 2.39898485
6165.0500 2.41685021
6165.1000 2.42793487
6165.1500 2.41284936
6165.2000 2.39776385
6165.2500 2.38267833
6165.3000 2.36759282
6165.3500 2.36098401
6165.4000 2.35680188
6165.4500 2.35261975
6165.5000 2.34843762
6165.5500 2.33689487
6165.6000 2.31173206
6165.6500 2.28656925
6165.7000 2.26140644
6165.7500 2.23624363
6165.8000 2.27524726
6165.8500 2.31938208
6165.9000 2.3635169
6165.9500 2.40765173
6166.0000 2.42538454
6166.0500 2.41701098
6166.1000 2.40863741
6166.1500 2.40026385
6166.2000 2.39155442
6166.2500 2.37905532
6166.3000 2.36655623
6166.3500 2.35405713
6166.4000 2.34155803
6166.4500 2.3276059
6166.5000 2.31291104
6166.5500 2.29821618
6166.6000 2.28352132
6166.6500 2.27806105
6166.7000 2.30124204
6166.7500 2.32442302
6166.8000 2.34760401
6166.8500 2.370785
6166.9000 2.37318666
6166.9500 2.37126023
6167.0000 2.3693338
6167.0500 2.36740737
6167.1000 2.36829472
6167.1500 2.37317872
6167.2000 2.37806272
6167.2500 2.38294672
6167.3000 2.38783806
6167.3500 2.40953266
6167.4000 2.43122725
6167.4500 2.45292184
6167.5000 2.47461643
6167.5500 2.49047038
6167.6000 2.5022564
6167.6500 2.51404241
6167.7000 2.52582842
6167.7500 2.52946875
6167.8000 2.49605264
6167.8500 2.46263653
6167.9000 2.42922043
6167.9500 2.39580432
6168.0000 2.37062644
6168.0500 2.34787197
6168.1000 2.32511751
6168.1500 2.30236305
6168.2000 2.29788899
6168.2500 2.32495482
6168.3000 2.35202066
6168.3500 2.3790865
6168.4000 2.40615234
6168.4500 2.34225657
6168.5000 2.27485557
6168.5500 2.20745456
6168.6000 2.14005356
6168.6500 2.13718013
6168.7000 2.18488335
6168.7500 2.23258657
6168.8000 2.28028979
6168.8500 2.31356711
6168.9000 2.27113505
6168.9500 2.22870299
6169.0000 2.18627093
6169.0500 2.14383887
6169.1000 2.17183392
6169.1500 2.22191911
6169.2000 2.27200429
6169.2500 2.32208948
6169.3000 2.35635638
6169.3500 2.36300351
6169.4000 2.36965063
6169.4500 2.37629775
6169.5000 2.38294487
6169.5500 2.41808695
6169.6000 2.45414604
6169.6500 2.49020512
6169.7000 2.52626421
6169.7500 2.52248123
6169.8000 2.48927708
6169.8500 2.45607294
6169.9000 2.4228688
6169.9500 2.3909397
6170.0000 2.36468889
6170.0500 2.33843808
6170.1000 2.31218726
6170.1500 2.28593645
6170.2000 2.29252096
6170.2500 2.3076631
6170.3000 2.32280525
6170.3500 2.33794739
6170.4000 2.34055667
6170.4500 2.32474478
6170.5000 2.30893289
6170.5500 2.29312099
6170.6000 2.27731627
6170.6500 2.26189665
6170.7000 2.24647704
6170.7500 2.23105743
6170.8000 2.21563782
6170.8500 2.23870615
6170.9000 2.28405385
6170.9500 2.32940154
6171.0000 2.37474924
6171.0500 2.3994292
6171.1000 2.36217818
6171.1500 2.32492717
6171.2000 2.28767615
6171.2500 2.25042514
6171.3000 2.27596663
6171.3500 2.31098946
6171.4000 2.34601228
6171.4500 2.38103511
6171.5000 2.39406664
6171.5500 2.3841314
6171.6000 2.37419616
6171.6500 2.36426092
6171.7000 2.35358328
6171.7500 2.33697373
6171.8000 2.32036417
6171.8500 2.30375462
6171.9000 2.28714507
6171.9500 2.28274588
6172.0000 2.2827478
6172.0500 2.28274973
6172.1000 2.28275166
6172.1500 2.29216176
6172.2000 2.31825238
6172.2500 2.344343
6172.3000 2.37043362
6172.3500 2.39652424
6172.4000 2.37629539
6172.4500 2.35550081
6172.5000 2.33470624
6172.5500 2.31391166
6172.6000 2.30081015
6172.6500 2.29248431
6172.7000 2.28415847
6172.7500 2.27583263
6172.8000 2.27484368
6172.8500 2.29612736
6172.9000 2.31741105
6172.9500 2.33869473
6173.0000 2.35997842
6173.0500 2.36942049
6173.1000 2.37725287
6173.1500 2.38508526
6173.2000 2.39291764
6173.2500 2.37827366
6173.3000 2.34243051
6173.3500 2.30658736
6173.4000 2.27074421
6173.4500 2.24089815
6173.5000 2.24486156
6173.5500 2.24882497
6173.6000 2.25278838
6173.6500 2.25675179
6173.7000 2.2525129
6173.7500 2.24607304
6173.8000 2.23963319
6173.8500 2.23319333
6173.9000 2.21617791
6173.9500 2.18502655
6174.0000 2.15387519
6174.0500 2.12272383
6174.1000 2.09403624
6174.1500 2.09847138
6174.2000 2.10290653
6174.2500 2.10734167
6174.3000 2.11177682
6174.3500 2.14110531
6174.4000 2.18049068
6174.4500 2.21987606
6174.5000 2.25926143
6174.5500 2.3027439
6174.6000 2.3536052
6174.6500 2.4044665
6174.7000 2.45532781
6174.7500 2.50579557
6174.8000 2.44511836
6174.8500 2.38444116
6174.9000 2.32376395
6174.9500 2.26308675
6175.0000 2.24192717
6175.0500 2.24187957
6175.1000 2.24183198
6175.1500 2.24178438
6175.2000 2.2314336
6175.2500 2.19724628
6175.3000 2.16305896
6175.3500 2.12887164
6175.4000 2.09468432
6175.4500 2.13837421
6175.5000 2.18585776
6175.5500 2.23334132
6175.6000 2.28082487
6175.6500 2.29969595
6175.7000 2.30004604
6175.7500 2.30039613
6175.8000 2.30074622
6175.8500 2.30570745
6175.9000 2.32363692
6175.9500 2.34156638
6176.0000 2.35949585
6176.0500 2.37742532
6176.1000 2.39611968
6176.1500 2.41488119
6176.2000 2.4336427
6176.2500 2.45240421
6176.3000 2.43623267
6176.3500 2.39456197
6176.4000 2.35289126
6176.4500 2.31122056
6176.5000 2.29334173
6176.5500 2.35140553
6176.6000 2.40946934
6176.6500 2.46753314
6176.7000 2.52559694
6176.7500 2.49327867
6176.8000 2.45100718
6176.8500 2.40873569
6176.9000 2.36646419
6176.9500 2.35652703
6177.0000 2.37150485
6177.0500 2.38648266
6177.1000 2.40146047
6177.1500 2.41440842
6177.2000 2.42058166
6177.2500 2.4267549
6177.3000 2.43292815
6177.3500 2.43910139
6177.4000 2.41346685
6177.4500 2.38422123
6177.5000 2.35497562
6177.5500 2.32573
6177.6000 2.28461249
6177.6500 2.23443974
6177.7000 2.18426698
6177.7500 2.13409423
6177.8000 2.10218556
6177.8500 2.12865696
6177.9000 2.15512836
6177.9500 2.18159976
6178.0000 2.20807116
6178.0500 2.25709891
6178.1000 2.30832896
6178.1500 2.35955901
6178.2000 2.41078906
6178.2500 2.39612819
6178.3000 2.33483072
6178.3500 2.27353325
6178.4000 2.21223578
6178.4500 2.1652862
6178.5000 2.15879145
6178.5500 2.1522967
6178.6000 2.14580194
6178.6500 2.13930719
6178.7000 2.15957485
6178.7500 2.18155626
6178.8000 2.20353766
6178.8500 2.22551906
6178.9000 2.24931214
6178.9500 2.27421758
6179.0000 2.29912302
6179.0500 2.32402846
6179.1000 2.34322938
6179.1500 2.34918882
6179.2000 2.35514825
6179.2500 2.36110769
6179.3000 2.36706712
6179.3500 2.3410019
6179.4000 2.31442787
6179.4500 2.28785385
6179.5000 2.26127982
6179.5500 2.245942
6179.6000 2.23615395
6179.6500 2.2263659
6179.7000 2.21657785
6179.7500 2.21479485
6179.8000 2.22748307
6179.8500 2.24017129
6179.9000 2.25285951
6179.9500 2.26585466
6180.0000 2.28541159
6180.0500 2.30496852
6180.1000 2.32452544
6180.1500 2.34408237
6180.2000 2.30528051
6180.2500 2.24543408
6180.3000 2.18558765
6180.3500 2.12574122
6180.4000 2.09545986
6180.4500 2.10485189
6180.5000 2.11424391
6180.5500 2.12363593
6180.6000 2.13731703
6180.6500 2.18221582
6180.7000 2.22711462
6180.7500 2.27201341
6180.8000 2.3169122
6180.8500 2.32640477
6180.9000 2.32793184
6180.9500 2.32945891
6181.0000 2.33098598
6181.0500 2.3398593
6181.1000 2.35568854
6181.1500 2.37151777
6181.2000 2.387347
6181.2500 2.38677115
6181.3000 2.32547448
6181.3500 2.26417781
6181.4000 2.20288114
6181.4500 2.14158448
6181.5000 2.12120305
6181.5500 2.10469493
6181.6000 2.08818681
6181.6500 2.07167869
6181.7000 2.11345538
6181.7500 2.19155141
6181.8000 2.26964744
6181.8500 2.34774347
6181.9000 2.39221319
6181.9500 2.36536454
6182.0000 2.33851588
6182.0500 2.31166723
6182.1000 2.28713138
6182.1500 2.34754352
6182.2000 2.40795566
6182.2500 2.4683678
6182.3000 2.52877995
6182.3500 2.50157139
6182.4000 2.44266564
6182.4500 2.38375989
6182.5000 2.32485414
6182.5500 2.25880063
6182.6000 2.18379437
6182.6500 2.1087881
6182.7000 2.03378184
6182.7500 0
6182.8000 0
6182.8500 0
6182.9000 0
6182.9500 0
