5663.0500 1.80251763
5663.1000 1.79112805
5663.1500 1.78332979
5663.2000 1.77553153
5663.2500 1.76773327
5663.3000 1.75993502
5663.3500 1.75372338
5663.4000 1.75895841
5663.4500 1.76419345
5663.5000 1.76942848
5663.5500 1.77466351
5663.6000 1.77989855
5663.6500 1.78906395
5663.7000 1.79959929
5663.7500 1.81013464
5663.8000 1.82066998
5663.8500 1.83120532
5663.9000 1.83471857
5663.9500 1.82589467
5664.0000 1.81707077
5664.0500 1.80824687
5664.1000 1.79942297
5664.1500 1.79059907
5664.2000 1.81101414
5664.2500 1.83186524
5664.3000 1.85271634
5664.3500 1.87356744
5664.4000 1.89441854
5664.4500 1.9184356
5664.5000 1.94448296
5664.5500 1.97053031
5664.6000 1.99657766
5664.6500 2.02262501
5664.7000 2.03386973
5664.7500 1.99683067
5664.8000 1.9597916
5664.8500 1.92275254
5664.9000 1.88571347
5664.9500 1.84867441
5665.0000 1.82191365
5665.0500 1.79680676
5665.1000 1.77169986
5665.1500 1.74659297
5665.2000 1.72148607
5665.2500 1.72559335
5665.3000 1.76016317
5665.3500 1.794733
5665.4000 1.82930283
5665.4500 1.86387265
5665.5000 1.89288466
5665.5500 1.88078092
5665.6000 1.86867718
5665.6500 1.85657344
5665.7000 1.8444697
5665.7500 1.83236596
5665.8000 1.82883644
5665.8500 1.82816485
5665.9000 1.82749327
5665.9500 1.82682169
5666.0000 1.8261501
5666.0500 1.82639016
5666.1000 1.828103
5666.1500 1.82981585
5666.2000 1.83152869
5666.2500 1.83324154
5666.3000 1.83469157
5666.3500 1.82002913
5666.4000 1.8053667
5666.4500 1.79070427
5666.5000 1.77604184
5666.5500 1.76137941
5666.6000 1.75970367
5666.6500 1.76498519
5666.7000 1.7702667
5666.7500 1.77554822
5666.8000 1.78082973
5666.8500 1.78528731
5666.9000 1.78770456
5666.9500 1.79012182
5667.0000 1.79253908
5667.0500 1.79495634
5667.1000 1.79737359
5667.1500 1.78603104
5667.2000 1.77358186
5667.2500 1.76113267
5667.3000 1.74868349
5667.3500 1.73623431
5667.4000 1.74152596
5667.4500 1.76048452
5667.5000 1.77944308
5667.5500 1.79840164
5667.6000 1.81736019
5667.6500 1.83500558
5667.7000 1.84757533
5667.7500 1.86014508
5667.8000 1.87271483
5667.8500 1.88528458
5667.9000 1.89785433
5667.9500 1.90160154
5668.0000 1.90376276
5668.0500 1.90592398
5668.1000 1.9080852
5668.1500 1.91024642
5668.2000 1.90089558
5668.2500 1.87961568
5668.3000 1.85833579
5668.3500 1.83705589
5668.4000 1.81577599
5668.4500 1.79915891
5668.5000 1.81216938
5668.5500 1.82517985
5668.6000 1.83819032
5668.6500 1.85120079
5668.7000 1.86421126
5668.7500 1.86650808
5668.8000 1.86582263
5668.8500 1.86513719
5668.9000 1.86445174
5668.9500 1.8637663
5669.0000 1.85790619
5669.0500 1.8451844
5669.1000 1.8324626
5669.1500 1.8197408
5669.2000 1.807019
5669.2500 1.79520762
5669.3000 1.79401229
5669.3500 1.79281696
5669.4000 1.79162163
5669.4500 1.7904263
5669.5000 1.78923097
5669.5500 1.79417874
5669.6000 1.801405
5669.6500 1.80863127
5669.7000 1.81585753
5669.7500 1.82308379
5669.8000 1.83113758
5669.8500 1.84053409
5669.9000 1.8499306
5669.9500 1.85932711
5670.0000 1.86872362
5670.0500 1.87707515
5670.1000 1.85623853
5670.1500 1.83540192
5670.2000 1.8145653
5670.2500 1.79372869
5670.3000 1.77289208
5670.3500 1.78084461
5670.4000 1.8017786
5670.4500 1.82271258
5670.5000 1.84364657
5670.5500 1.86458055
5670.6000 1.87170547
5670.6500 1.85264509
5670.7000 1.83358471
5670.7500 1.81452433
5670.8000 1.79546394
5670.8500 1.77645875
5670.9000 1.77761859
5670.9500 1.77877843
5671.0000 1.77993827
5671.0500 1.78109811
5671.1000 1.78225795
5671.1500 1.77865064
5671.2000 1.77260481
5671.2500 1.76655898
5671.3000 1.76051315
5671.3500 1.75446732
5671.4000 1.74939672
5671.4500 1.7463811
5671.5000 1.74336549
5671.5500 1.74034987
5671.6000 1.73733425
5671.6500 1.73431863
5671.7000 1.76443337
5671.7500 1.79510431
5671.8000 1.82577524
5671.8500 1.85644617
5671.9000 1.88711711
5671.9500 1.90106501
5672.0000 1.90587063
5672.0500 1.91067626
5672.1000 1.91548188
5672.1500 1.9202875
5672.2000 1.91967926
5672.2500 1.90707679
5672.3000 1.89447432
5672.3500 1.88187185
5672.4000 1.86926938
5672.4500 1.85666692
5672.5000 1.83292621
5672.5500 1.80892158
5672.6000 1.78491695
5672.6500 1.76091232
5672.7000 1.73690769
5672.7500 1.73549543
5672.8000 1.74656614
5672.8500 1.75763685
5672.9000 1.76870756
5672.9500 1.77977828
5673.0000 1.78902323
5673.0500 1.79425653
5673.1000 1.79948983
5673.1500 1.80472314
5673.2000 1.80995644
5673.2500 1.81518975
5673.3000 1.81713347
5673.3500 1.81901972
5673.4000 1.82090596
5673.4500 1.82279221
5673.5000 1.82467846
5673.5500 1.83256453
5673.6000 1.84362069
5673.6500 1.85467686
5673.7000 1.86573302
5673.7500 1.87678919
5673.8000 1.87656539
5673.8500 1.85314307
5673.9000 1.82972075
5673.9500 1.80629843
5674.0000 1.78287611
5674.0500 1.75949828
5674.1000 1.76721832
5674.1500 1.77493836
5674.2000 1.7826584
5674.2500 1.79037843
5674.3000 1.79809847
5674.3500 1.80374621
5674.4000 1.8084057
5674.4500 1.81306519
5674.5000 1.81772469
5674.5500 1.82238418
5674.6000 1.82204068
5674.6500 1.81257454
5674.7000 1.80310841
5674.7500 1.79364227
5674.8000 1.78417613
5674.8500 1.77479336
5674.9000 1.76787997
5674.9500 1.76096658
5675.0000 1.75405319
5675.0500 1.7471398
5675.1000 1.74022641
5675.1500 1.74579695
5675.2000 1.75640377
5675.2500 1.76701058
5675.3000 1.77761739
5675.3500 1.7882242
5675.4000 1.79813798
5675.4500 1.80698509
5675.5000 1.8158322
5675.5500 1.8246793
5675.6000 1.83352641
5675.6500 1.84047524
5675.7000 1.8245183
5675.7500 1.80856137
5675.8000 1.79260443
5675.8500 1.7766475
5675.9000 1.76069056
5675.9500 1.75609523
5676.0000 1.75507535
5676.0500 1.75405547
5676.1000 1.75303558
5676.1500 1.7520157
5676.2000 1.75260419
5676.2500 1.75518941
5676.3000 1.75777463
5676.3500 1.76035985
5676.4000 1.76294507
5676.4500 1.76444773
5676.5000 1.75889666
5676.5500 1.75334559
5676.6000 1.74779453
5676.6500 1.74224346
5676.7000 1.73669239
5676.7500 1.74716419
5676.8000 1.76112055
5676.8500 1.77507691
5676.9000 1.78903327
5676.9500 1.80298963
5677.0000 1.80954884
5677.0500 1.80903219
5677.1000 1.80851554
5677.1500 1.80799888
5677.2000 1.80748223
5677.2500 1.80606591
5677.3000 1.80110057
5677.3500 1.79613523
5677.4000 1.7911699
5677.4500 1.78620456
5677.5000 1.78123922
5677.5500 1.78279476
5677.6000 1.78511715
5677.6500 1.78743953
5677.7000 1.78976192
5677.7500 1.79208431
5677.8000 1.79332158
5677.8500 1.79380081
5677.9000 1.79428004
5677.9500 1.79475927
5678.0000 1.7952385
5678.0500 1.79200527
5678.1000 1.77941627
5678.1500 1.76682727
5678.2000 1.75423827
5678.2500 1.74164927
5678.3000 1.72906028
5678.3500 1.73653453
5678.4000 1.7444005
5678.4500 1.75226648
5678.5000 1.76013245
5678.5500 1.76799842
5678.6000 1.77859887
5678.6500 1.7904919
5678.7000 1.80238493
5678.7500 1.81427796
5678.8000 1.82617099
5678.8500 1.82642708
5678.9000 1.80758417
5678.9500 1.78874126
5679.0000 1.76989835
5679.0500 1.75105545
5679.1000 1.73392376
5679.1500 1.73657734
5679.2000 1.73923091
5679.2500 1.74188449
5679.3000 1.74453807
5679.3500 1.74719164
5679.4000 1.74766348
5679.4500 1.74752716
5679.5000 1.74739083
5679.5500 1.7472545
5679.6000 1.74711817
5679.6500 1.74160916
5679.7000 1.73041393
5679.7500 1.71921871
5679.8000 1.70802348
5679.8500 1.69682826
5679.9000 1.68744778
5679.9500 1.68575135
5680.0000 1.68405492
5680.0500 1.68235849
5680.1000 1.68066206
5680.1500 1.67896563
5680.2000 1.69410777
5680.2500 1.71116907
5680.3000 1.72823037
5680.3500 1.74529167
5680.4000 1.76235297
5680.4500 1.76423623
5680.5000 1.75624031
5680.5500 1.74824439
5680.6000 1.74024846
5680.6500 1.73225254
5680.7000 1.72510716
5680.7500 1.71980972
5680.8000 1.71451228
5680.8500 1.70921483
5680.9000 1.70391739
5680.9500 1.69915398
5681.0000 1.71434346
5681.0500 1.72953295
5681.1000 1.74472243
5681.1500 1.75991192
5681.2000 1.7751014
5681.2500 1.77304582
5681.3000 1.76487912
5681.3500 1.75671241
5681.4000 1.7485457
5681.4500 1.74037899
5681.5000 1.73529865
5681.5500 1.73395945
5681.6000 1.73262026
5681.6500 1.73128107
5681.7000 1.72994188
5681.7500 1.72922837
5681.8000 1.73163225
5681.8500 1.73403613
5681.9000 1.73644002
5681.9500 1.7388439
5682.0000 1.74124779
5682.0500 1.73480204
5682.1000 1.72719142
5682.1500 1.7195808
5682.2000 1.71197019
5682.2500 1.70435957
5682.3000 1.69923795
5682.3500 1.69576451
5682.4000 1.69229107
5682.4500 1.68881762
5682.5000 1.68534418
5682.5500 1.68571895
5682.6000 1.69423481
5682.6500 1.70275068
5682.7000 1.71126655
5682.7500 1.71978241
5682.8000 1.72743964
5682.8500 1.71538247
5682.9000 1.7033253
5682.9500 1.69126813
5683.0000 1.67921096
5683.0500 1.66715378
5683.1000 1.67051327
5683.1500 1.67863718
5683.2000 1.68676108
5683.2500 1.69488499
5683.3000 1.7030089
5683.3500 1.70265699
5683.4000 1.69339506
5683.4500 1.68413312
5683.5000 1.67487118
5683.5500 1.66560925
5683.6000 1.65583574
5683.6500 1.6441667
5683.7000 1.63249766
5683.7500 1.62082862
5683.8000 1.60915958
5683.8500 1.59749054
5683.9000 1.60438632
5683.9500 1.61248917
5684.0000 1.62059202
5684.0500 1.62869486
5684.1000 1.63679771
5684.1500 1.6407442
5684.2000 1.64261369
5684.2500 1.64448318
5684.3000 1.64635267
5684.3500 1.64822216
5684.4000 1.65170995
5684.4500 1.65766549
5684.5000 1.66362104
5684.5500 1.66957659
5684.6000 1.67553214
5684.6500 1.68120401
5684.7000 1.68492115
5684.7500 1.68863828
5684.8000 1.69235542
5684.8500 1.69607256
5684.9000 1.69978969
5684.9500 1.6860932
5685.0000 1.66953419
5685.0500 1.65297518
5685.1000 1.63641618
5685.1500 1.61985717
5685.2000 1.6268978
5685.2500 1.65018053
5685.3000 1.67346325
5685.3500 1.69674598
5685.4000 1.72002871
5685.4500 1.73463687
5685.5000 1.73141325
5685.5500 1.72818963
5685.6000 1.724966
5685.6500 1.72174238
5685.7000 1.71803328
5685.7500 1.70717767
5685.8000 1.69632207
5685.8500 1.68546647
5685.9000 1.67461087
5685.9500 1.66375527
5686.0000 1.65600855
5686.0500 1.64903238
5686.1000 1.64205621
5686.1500 1.63508004
5686.2000 1.62810387
5686.2500 1.62137145
5686.3000 1.61484621
5686.3500 1.60832097
5686.4000 1.60179573
5686.4500 1.59527049
5686.5000 1.59225572
5686.5500 1.5982159
5686.6000 1.60417609
5686.6500 1.61013627
5686.7000 1.61609645
5686.7500 1.62211863
5686.8000 1.63075211
5686.8500 1.6393856
5686.9000 1.64801908
5686.9500 1.65665257
5687.0000 1.66528605
5687.0500 1.66133943
5687.1000 1.65356333
5687.1500 1.64578723
5687.2000 1.63801113
5687.2500 1.63023503
5687.3000 1.62024502
5687.3500 1.60814062
5687.4000 1.59603623
5687.4500 1.58393183
5687.5000 1.57182743
5687.5500 1.56522416
5687.6000 1.57446018
5687.6500 1.58369621
5687.7000 1.59293223
5687.7500 1.60216825
5687.8000 1.61140618
5687.8500 1.62099115
5687.9000 1.63057611
5687.9500 1.64016108
5688.0000 1.64974605
5688.0500 1.65933101
5688.1000 1.65946327
5688.1500 1.65652164
5688.2000 1.65358001
5688.2500 1.65063837
5688.3000 1.64769674
5688.3500 1.64721675
5688.4000 1.64914813
5688.4500 1.6510795
5688.5000 1.65301087
5688.5500 1.65494224
5688.6000 1.65637035
5688.6500 1.65634446
5688.7000 1.65631858
5688.7500 1.65629269
5688.8000 1.65626681
5688.8500 1.65629241
5688.9000 1.66116005
5688.9500 1.6660277
5689.0000 1.67089534
5689.0500 1.67576298
5689.1000 1.68063062
5689.1500 1.69414054
5689.2000 1.71030032
5689.2500 1.72646009
5689.3000 1.74261986
5689.3500 1.75877964
5689.4000 1.75736935
5689.4500 1.7398425
5689.5000 1.72231565
5689.5500 1.70478881
5689.6000 1.68726196
5689.6500 1.66874837
5689.7000 1.64768781
5689.7500 1.62662725
5689.8000 1.60556669
5689.8500 1.58450613
5689.9000 1.56489351
5689.9500 1.58161874
5690.0000 1.59834397
5690.0500 1.61506921
5690.1000 1.63179444
5690.1500 1.64851967
5690.2000 1.65802031
5690.2500 1.66570154
5690.3000 1.67338278
5690.3500 1.68106402
5690.4000 1.68874526
5690.4500 1.68481744
5690.5000 1.67179637
5690.5500 1.6587753
5690.6000 1.64575424
5690.6500 1.63273317
5690.7000 1.62870276
5690.7500 1.64342045
5690.8000 1.65813814
5690.8500 1.67285583
5690.9000 1.68757352
5690.9500 1.70072116
5691.0000 1.69777839
5691.0500 1.69483562
5691.1000 1.69189286
5691.1500 1.68895009
5691.2000 1.68600732
5691.2500 1.68396421
5691.3000 1.68207354
5691.3500 1.68018286
5691.4000 1.67829219
5691.4500 1.67640152
5691.5000 1.68299751
5691.5500 1.6947347
5691.6000 1.70647188
5691.6500 1.71820907
5691.7000 1.72994626
5691.7500 1.73395386
5691.8000 1.72596284
5691.8500 1.71797181
5691.9000 1.70998079
5691.9500 1.70198976
5692.0000 1.69260894
5692.0500 1.67605422
5692.1000 1.65949949
5692.1500 1.64294477
5692.2000 1.62639005
5692.2500 1.60983533
5692.3000 1.61458183
5692.3500 1.62082861
5692.4000 1.6270754
5692.4500 1.63332218
5692.5000 1.63956896
5692.5500 1.64733478
5692.6000 1.65572848
5692.6500 1.66412217
5692.7000 1.67251587
5692.7500 1.68090957
5692.8000 1.68411111
5692.8500 1.68173961
5692.9000 1.67936812
5692.9500 1.67699663
5693.0000 1.67462513
5693.0500 1.67359676
5693.1000 1.67642101
5693.1500 1.67924527
5693.2000 1.68206952
5693.2500 1.68489378
5693.3000 1.68756115
5693.3500 1.68604303
5693.4000 1.6845249
5693.4500 1.68300678
5693.5000 1.68148866
5693.5500 1.67997054
5693.6000 1.67585968
5693.6500 1.67116099
5693.7000 1.66646229
5693.7500 1.6617636
5693.8000 1.6570649
5693.8500 1.64683669
5693.9000 1.63285498
5693.9500 1.61887326
5694.0000 1.60489155
5694.0500 1.59090984
5694.1000 1.58950153
5694.1500 1.60882077
5694.2000 1.62814
5694.2500 1.64745924
5694.3000 1.66677848
5694.3500 1.68240729
5694.4000 1.67879145
5694.4500 1.67517561
5694.5000 1.67155978
5694.5500 1.66794394
5694.6000 1.6643281
5694.6500 1.66770031
5694.7000 1.67147393
5694.7500 1.67524756
5694.8000 1.67902118
5694.8500 1.68279481
5694.9000 1.67884038
5694.9500 1.67205475
5695.0000 1.66526912
5695.0500 1.65848349
5695.1000 1.65169786
5695.1500 1.65210871
5695.2000 1.65917569
5695.2500 1.66624267
5695.3000 1.67330965
5695.3500 1.68037663
5695.4000 1.68533881
5695.4500 1.68558452
5695.5000 1.68583023
5695.5500 1.68607593
5695.6000 1.68632164
5695.6500 1.68696228
5695.7000 1.69119501
5695.7500 1.69542773
5695.8000 1.69966046
5695.8500 1.70389319
5695.9000 1.70812591
5695.9500 1.71196529
5696.0000 1.71575653
5696.0500 1.71954778
5696.1000 1.72333902
5696.1500 1.72713027
5696.2000 1.71776476
5696.2500 1.70233029
5696.3000 1.68689582
5696.3500 1.67146135
5696.4000 1.65602689
5696.4500 1.65200992
5696.5000 1.66040572
5696.5500 1.66880151
5696.6000 1.67719731
5696.6500 1.68559311
5696.7000 1.68902351
5696.7500 1.67938539
5696.8000 1.66974727
5696.8500 1.66010915
5696.9000 1.65047103
5696.9500 1.64135162
5697.0000 1.63882028
5697.0500 1.63628894
5697.1000 1.6337576
5697.1500 1.63122626
5697.2000 1.62869492
5697.2500 1.63419299
5697.3000 1.64086891
5697.3500 1.64754484
5697.4000 1.65422077
5697.4500 1.66089669
5697.5000 1.66376706
5697.5500 1.66478494
5697.6000 1.66580281
5697.6500 1.66682068
5697.7000 1.66783855
5697.7500 1.66458027
5697.8000 1.65658703
5697.8500 1.6485938
5697.9000 1.64060056
5697.9500 1.63260733
5698.0000 1.62578774
5698.0500 1.6220173
5698.1000 1.61824686
5698.1500 1.61447642
5698.2000 1.61070598
5698.2500 1.60738286
5698.3000 1.60901801
5698.3500 1.61065315
5698.4000 1.61228829
5698.4500 1.61392344
5698.5000 1.61555858
5698.5500 1.61103683
5698.6000 1.60574638
5698.6500 1.60045593
5698.7000 1.59516548
5698.7500 1.58987502
5698.8000 1.59311389
5698.8500 1.60006595
5698.9000 1.607018
5698.9500 1.61397006
5699.0000 1.62092211
5699.0500 1.62405367
5699.1000 1.62345272
5699.1500 1.62285176
5699.2000 1.6222508
5699.2500 1.62164984
5699.3000 1.62181925
5699.3500 1.62365321
5699.4000 1.62548716
5699.4500 1.62732111
5699.5000 1.62915506
5699.5500 1.63085853
5699.6000 1.63167608
5699.6500 1.63249364
5699.7000 1.6333112
5699.7500 1.63412876
5699.8000 1.63494631
5699.8500 1.64969943
5699.9000 1.6653134
5699.9500 1.68092738
5700.0000 1.69654135
5700.0500 1.71215533
5700.1000 1.70163023
5700.1500 1.68270031
5700.2000 1.66377039
5700.2500 1.64484047
5700.3000 1.62591055
5700.3500 1.61509393
5700.4000 1.61032333
5700.4500 1.60555274
5700.5000 1.60078214
5700.5500 1.59601154
5700.6000 1.59132352
5700.6500 1.58676425
5700.7000 1.58220499
5700.7500 1.57764572
5700.8000 1.57308645
5700.8500 1.57233969
5700.9000 1.58594109
5700.9500 1.59954249
5701.0000 1.61314389
5701.0500 1.62674529
5701.1000 1.6399982
5701.1500 1.64219402
5701.2000 1.64438984
5701.2500 1.64658566
5701.3000 1.64878148
5701.3500 1.6509773
5701.4000 1.64984072
5701.4500 1.64812811
5701.5000 1.64641549
5701.5500 1.64470288
5701.6000 1.64299026
5701.6500 1.64241027
5701.7000 1.64237284
5701.7500 1.64233541
5701.8000 1.64229799
5701.8500 1.64226056
5701.9000 1.638966
5701.9500 1.63242803
5702.0000 1.62589007
5702.0500 1.61935211
5702.1000 1.61281415
5702.1500 1.61092189
5702.2000 1.61857207
5702.2500 1.62622226
5702.3000 1.63387244
5702.3500 1.64152263
5702.4000 1.64834586
5702.4500 1.65066966
5702.5000 1.65299346
5702.5500 1.65531727
5702.6000 1.65764107
5702.6500 1.65996487
5702.7000 1.65347447
5702.7500 1.64684543
5702.8000 1.64021639
5702.8500 1.63358735
5702.9000 1.62695832
5702.9500 1.62286911
5703.0000 1.61935561
5703.0500 1.61584212
5703.1000 1.61232862
5703.1500 1.60881512
5703.2000 1.60503298
5703.2500 1.60110449
5703.3000 1.59717601
5703.3500 1.59324752
5703.4000 1.58931903
5703.4500 1.58888
5703.5000 1.59220704
5703.5500 1.59553409
5703.6000 1.59886113
5703.6500 1.60218817
5703.7000 1.60700164
5703.7500 1.61503316
5703.8000 1.62306467
5703.8500 1.63109618
5703.9000 1.6391277
5703.9500 1.64349216
5704.0000 1.62746598
5704.0500 1.6114398
5704.1000 1.59541362
5704.1500 1.57938745
5704.2000 1.56336127
5704.2500 1.56651839
5704.3000 1.56986272
5704.3500 1.57320704
5704.4000 1.57655137
5704.4500 1.57989569
5704.5000 1.58625543
5704.5500 1.59323415
5704.6000 1.60021287
5704.6500 1.60719158
5704.7000 1.6141703
5704.7500 1.61599275
5704.8000 1.61528105
5704.8500 1.61456935
5704.9000 1.61385765
5704.9500 1.61314595
5705.0000 1.61625598
5705.0500 1.62299815
5705.1000 1.62974033
5705.1500 1.6364825
5705.2000 1.64322467
5705.2500 1.64441387
5705.3000 1.63557523
5705.3500 1.62673659
5705.4000 1.61789795
5705.4500 1.60905932
5705.5000 1.60299842
5705.5500 1.60794355
5705.6000 1.61288867
5705.6500 1.6178338
5705.7000 1.62277892
5705.7500 1.62717822
5705.8000 1.62077387
5705.8500 1.61436951
5705.9000 1.60796516
5705.9500 1.6015608
5706.0000 1.59515645
5706.0500 1.59323964
5706.1000 1.59184312
5706.1500 1.5904466
5706.2000 1.58905007
5706.2500 1.58765355
5706.3000 1.59080024
5706.3500 1.59549736
5706.4000 1.60019449
5706.4500 1.60489161
5706.5000 1.60958874
5706.5500 1.61413377
5706.6000 1.6185759
5706.6500 1.62301803
5706.7000 1.62746017
5706.7500 1.6319023
5706.8000 1.62934626
5706.8500 1.61819596
5706.9000 1.60704567
5706.9500 1.59589537
5707.0000 1.58474508
5707.0500 1.57796027
5707.1000 1.58123588
5707.1500 1.58451149
5707.2000 1.5877871
5707.2500 1.5910627
5707.3000 1.59380126
5707.3500 1.5936747
5707.4000 1.59354815
5707.4500 1.59342159
5707.5000 1.59329504
5707.5500 1.59321731
5707.6000 1.5964476
5707.6500 1.59967788
5707.7000 1.60290816
5707.7500 1.60613845
5707.8000 1.60936873
5707.8500 1.59656533
5707.9000 1.58142272
5707.9500 1.56628012
5708.0000 1.55113752
5708.0500 1.53599491
5708.1000 1.540838
5708.1500 1.55298836
5708.2000 1.56513873
5708.2500 1.5772891
5708.3000 1.58943947
5708.3500 1.58945433
5708.4000 1.58115031
5708.4500 1.57284629
5708.5000 1.56454227
5708.5500 1.55623825
5708.6000 1.55407279
5708.6500 1.55923715
5708.7000 1.56440151
5708.7500 1.56956587
5708.8000 1.57473023
5708.8500 1.57555519
5708.9000 1.56714631
5708.9500 1.55873744
5709.0000 1.55032856
5709.0500 1.54191968
5709.1000 1.5351695
5709.1500 1.53572274
5709.2000 1.53627598
5709.2500 1.53682921
5709.3000 1.53738245
5709.3500 1.5382721
5709.4000 1.54530684
5709.4500 1.55234158
5709.5000 1.55937631
5709.5500 1.56641105
5709.6000 1.57344579
5709.6500 1.56648348
5709.7000 1.558307
5709.7500 1.55013052
5709.8000 1.54195403
5709.8500 1.53377755
5709.9000 1.53028679
5709.9500 1.52804233
5710.0000 1.52579787
5710.0500 1.52355341
5710.1000 1.52130895
5710.1500 1.51944186
5710.2000 1.51776823
5710.2500 1.5160946
5710.3000 1.51442097
5710.3500 1.51274734
5710.4000 1.51684029
5710.4500 1.52597152
5710.5000 1.53510276
5710.5500 1.54423399
5710.6000 1.55336522
5710.6500 1.55705929
5710.7000 1.55285687
5710.7500 1.54865446
5710.8000 1.54445204
5710.8500 1.54024962
5710.9000 1.5381299
5710.9500 1.54127889
5711.0000 1.54442788
5711.0500 1.54757688
5711.1000 1.55072587
5711.1500 1.55395884
5711.2000 1.5576318
5711.2500 1.56130475
5711.3000 1.56497771
5711.3500 1.56865066
5711.4000 1.57166891
5711.4500 1.55842987
5711.5000 1.54519084
5711.5500 1.5319518
5711.6000 1.51871276
5711.6500 1.50547373
5711.7000 1.51313482
5711.7500 1.52264807
5711.8000 1.53216132
5711.8500 1.54167458
5711.9000 1.55118783
5711.9500 1.55383974
5712.0000 1.55477554
5712.0500 1.55571135
5712.1000 1.55664716
5712.1500 1.55758297
5712.2000 1.55630861
5712.2500 1.55400709
5712.3000 1.55170558
5712.3500 1.54940407
5712.4000 1.54710256
5712.4500 1.54524232
5712.5000 1.54371913
5712.5500 1.54219593
5712.6000 1.54067274
5712.6500 1.53914955
5712.7000 1.53771262
5712.7500 1.53638002
5712.8000 1.53504741
5712.8500 1.5337148
5712.9000 1.53238219
5712.9500 1.53341509
5713.0000 1.539044
5713.0500 1.54467292
5713.1000 1.55030183
5713.1500 1.55593075
5713.2000 1.55911783
5713.2500 1.55405565
5713.3000 1.54899348
5713.3500 1.54393131
5713.4000 1.53886914
5713.4500 1.53506679
5713.5000 1.54064003
5713.5500 1.54621327
5713.6000 1.55178651
5713.6500 1.55735975
5713.7000 1.56287143
5713.7500 1.5622688
5713.8000 1.56166617
5713.8500 1.56106353
5713.9000 1.5604609
5713.9500 1.55985827
5714.0000 1.56067791
5714.0500 1.56165045
5714.1000 1.56262299
5714.1500 1.56359554
5714.2000 1.56456808
5714.2500 1.56650564
5714.3000 1.56868846
5714.3500 1.57087128
5714.4000 1.5730541
5714.4500 1.57523691
5714.5000 1.57891005
5714.5500 1.58324269
5714.6000 1.58757533
5714.6500 1.59190797
5714.7000 1.5962406
5714.7500 1.59814568
5714.8000 1.59836774
5714.8500 1.5985898
5714.9000 1.59881186
5714.9500 1.59903391
5715.0000 1.5999894
5715.0500 1.60171023
5715.1000 1.60343106
5715.1500 1.60515189
5715.2000 1.60687272
5715.2500 1.60622516
5715.3000 1.60186699
5715.3500 1.59750881
5715.4000 1.59315064
5715.4500 1.58879246
5715.5000 1.58672318
5715.5500 1.59022241
5715.6000 1.59372163
5715.6500 1.59722085
5715.7000 1.60072008
5715.7500 1.602561
5715.8000 1.59753274
5715.8500 1.59250449
5715.9000 1.58747624
5715.9500 1.58244799
5716.0000 1.57770963
5716.0500 1.57560712
5716.1000 1.5735046
5716.1500 1.57140208
5716.2000 1.56929956
5716.2500 1.56719143
5716.3000 1.56400158
5716.3500 1.56081174
5716.4000 1.55762189
5716.4500 1.55443204
5716.5000 1.5512422
5716.5500 1.55728603
5716.6000 1.56421309
5716.6500 1.57114014
5716.7000 1.5780672
5716.7500 1.58499426
5716.8000 1.58577361
5716.8500 1.58521891
5716.9000 1.58466421
5716.9500 1.58410951
5717.0000 1.58355482
5717.0500 1.58486053
5717.1000 1.58684686
5717.1500 1.5888332
5717.2000 1.59081953
5717.2500 1.59280586
5717.3000 1.5947534
5717.3500 1.59667948
5717.4000 1.59860557
5717.4500 1.60053166
5717.5000 1.60245774
5717.5500 1.6044775
5717.6000 1.60657162
5717.6500 1.60866574
5717.7000 1.61075986
5717.7500 1.61285398
5717.8000 1.61481064
5717.8500 1.61661368
5717.9000 1.61841672
5717.9500 1.62021976
5718.0000 1.62202281
5718.0500 1.62178859
5718.1000 1.61834856
5718.1500 1.61490852
5718.2000 1.61146848
5718.2500 1.60802844
5718.3000 1.60684458
5718.3500 1.61077007
5718.4000 1.61469556
5718.4500 1.61862105
5718.5000 1.62254654
5718.5500 1.6232078
5718.6000 1.61265978
5718.6500 1.60211176
5718.7000 1.59156374
5718.7500 1.58101572
5718.8000 1.57263911
5718.8500 1.57694258
5718.9000 1.58124604
5718.9500 1.5855495
5719.0000 1.58985296
5719.0500 1.59436195
5719.1000 1.60167235
5719.1500 1.60898276
5719.2000 1.61629317
5719.2500 1.62360358
5719.3000 1.63091399
5719.3500 1.61725957
5719.4000 1.603435
5719.4500 1.58961042
5719.5000 1.57578585
5719.5500 1.56196128
5719.6000 1.5624386
5719.6500 1.5642102
5719.7000 1.5659818
5719.7500 1.56775341
5719.8000 1.56952501
5719.8500 1.57440079
5719.9000 1.57985234
5719.9500 1.58530388
5720.0000 1.59075543
5720.0500 1.59620698
5720.1000 1.59971601
5720.1500 1.60264982
5720.2000 1.60558363
5720.2500 1.60851744
5720.3000 1.61145125
5720.3500 1.61224691
5720.4000 1.61213051
5720.4500 1.61201411
5720.5000 1.6118977
5720.5500 1.6117813
5720.6000 1.61155532
5720.6500 1.6112655
5720.7000 1.61097568
5720.7500 1.61068587
5720.8000 1.61039605
5720.8500 1.60798928
5720.9000 1.60394788
5720.9500 1.59990649
5721.0000 1.59586509
5721.0500 1.59182369
5721.1000 1.59381001
5721.1500 1.60186934
5721.2000 1.60992867
5721.2500 1.617988
5721.3000 1.62604733
5721.3500 1.62648003
5721.4000 1.61694379
5721.4500 1.60740754
5721.5000 1.59787129
5721.5500 1.58833504
5721.6000 1.58564929
5721.6500 1.59461709
5721.7000 1.60358489
5721.7500 1.61255269
5721.8000 1.62152048
5721.8500 1.62880484
5721.9000 1.63231505
5721.9500 1.63582526
5722.0000 1.63933547
5722.0500 1.64284568
5722.1000 1.64356713
5722.1500 1.63583985
5722.2000 1.62811257
5722.2500 1.62038529
5722.3000 1.61265801
5722.3500 1.60598315
5722.4000 1.60381423
5722.4500 1.60164531
5722.5000 1.59947639
5722.5500 1.59730748
5722.6000 1.59608508
5722.6500 1.60108788
5722.7000 1.60609068
5722.7500 1.61109347
5722.8000 1.61609627
5722.8500 1.62105431
5722.9000 1.6254688
5722.9500 1.6298833
5723.0000 1.63429779
5723.0500 1.63871229
5723.1000 1.64297743
5723.1500 1.64049717
5723.2000 1.63801691
5723.2500 1.63553665
5723.3000 1.63305639
5723.3500 1.63057613
5723.4000 1.62427822
5723.4500 1.61785697
5723.5000 1.61143572
5723.5500 1.60501447
5723.6000 1.59859322
5723.6500 1.60527139
5723.7000 1.61313188
5723.7500 1.62099237
5723.8000 1.62885286
5723.8500 1.63671335
5723.9000 1.63464606
5723.9500 1.63105838
5724.0000 1.6274707
5724.0500 1.62388303
5724.1000 1.62029535
5724.1500 1.62940772
5724.2000 1.64133364
5724.2500 1.65325956
5724.3000 1.66518547
5724.3500 1.67711139
5724.4000 1.67257028
5724.4500 1.66315357
5724.5000 1.65373686
5724.5500 1.64432016
5724.6000 1.63490345
5724.6500 1.63919996
5724.7000 1.64867351
5724.7500 1.65814705
5724.8000 1.6676206
5724.8500 1.67709415
5724.9000 1.67483887
5724.9500 1.66710957
5725.0000 1.65938027
5725.0500 1.65165097
5725.1000 1.64392167
5725.1500 1.64477472
5725.2000 1.6504738
5725.2500 1.65617287
5725.3000 1.66187194
5725.3500 1.66757101
5725.4000 1.66222999
5725.4500 1.64946475
5725.5000 1.6366995
5725.5500 1.62393426
5725.6000 1.61116902
5725.6500 1.61009544
5725.7000 1.61827621
5725.7500 1.62645698
5725.8000 1.63463775
5725.8500 1.64281853
5725.9000 1.6491668
5725.9500 1.65382298
5726.0000 1.65847916
5726.0500 1.66313534
5726.1000 1.66779152
5726.1500 1.66421859
5726.2000 1.65184167
5726.2500 1.63946476
5726.3000 1.62708784
5726.3500 1.61471092
5726.4000 1.60807504
5726.4500 1.60851855
5726.5000 1.60896206
5726.5500 1.60940556
5726.6000 1.60984907
5726.6500 1.61106018
5726.7000 1.61335801
5726.7500 1.61565584
5726.8000 1.61795367
5726.8500 1.6202515
5726.9000 1.62374399
5726.9500 1.62917263
5727.0000 1.63460128
5727.0500 1.64002992
5727.1000 1.64545857
5727.1500 1.64848605
5727.2000 1.64706741
5727.2500 1.64564877
5727.3000 1.64423014
5727.3500 1.6428115
5727.4000 1.64289331
5727.4500 1.64614544
5727.5000 1.64939758
5727.5500 1.65264971
5727.6000 1.65590184
5727.6500 1.65767404
5727.7000 1.65588015
5727.7500 1.65408625
5727.8000 1.65229236
5727.8500 1.65049846
5727.9000 1.64883758
5727.9500 1.64754224
5728.0000 1.64624689
5728.0500 1.64495155
5728.1000 1.6436562
5728.1500 1.64238113
5728.2000 1.6411696
5728.2500 1.63995808
5728.3000 1.63874655
5728.3500 1.63753503
5728.4000 1.63734161
5728.4500 1.64079482
5728.5000 1.64424803
5728.5500 1.64770125
5728.6000 1.65115446
5728.6500 1.65315648
5728.7000 1.64921296
5728.7500 1.64526943
5728.8000 1.6413259
5728.8500 1.63738237
5728.9000 1.63432724
5728.9500 1.63544277
5729.0000 1.63655829
5729.0500 1.63767381
5729.1000 1.63878934
5729.1500 1.64064032
5729.2000 1.64645542
5729.2500 1.65227051
5729.3000 1.65808561
5729.3500 1.6639007
5729.4000 1.66727974
5729.4500 1.65555156
5729.5000 1.64382337
5729.5500 1.63209519
5729.6000 1.620367
5729.6500 1.6106309
5729.7000 1.61513806
5729.7500 1.61964521
5729.8000 1.62415237
5729.8500 1.62865953
5729.9000 1.63254871
5729.9500 1.63133473
5730.0000 1.63012076
5730.0500 1.62890679
5730.1000 1.62769281
5730.1500 1.62655926
5730.2000 1.62619351
5730.2500 1.62582777
5730.3000 1.62546202
5730.3500 1.62509627
5730.4000 1.62484672
5730.4500 1.62587961
5730.5000 1.6269125
5730.5500 1.62794538
5730.6000 1.62897827
5730.6500 1.63007534
5730.7000 1.63198952
5730.7500 1.63390371
5730.8000 1.6358179
5730.8500 1.63773208
5730.9000 1.63973591
5730.9500 1.64304958
5731.0000 1.64636325
5731.0500 1.64967692
5731.1000 1.65299059
5731.1500 1.65616838
5731.2000 1.65708803
5731.2500 1.65800767
5731.3000 1.65892732
5731.3500 1.65984696
5731.4000 1.66054365
5731.4500 1.65708625
5731.5000 1.65362884
5731.5500 1.65017143
5731.6000 1.64671402
5731.6500 1.64367861
5731.7000 1.64927753
5731.7500 1.65487645
5731.8000 1.66047537
5731.8500 1.66607429
5731.9000 1.67143488
5731.9500 1.67158435
5732.0000 1.67173383
5732.0500 1.67188331
5732.1000 1.67203278
5732.1500 1.67196775
5732.2000 1.66705238
5732.2500 1.66213701
5732.3000 1.65722164
5732.3500 1.65230627
5732.4000 1.64763612
5732.4500 1.64849705
5732.5000 1.64935799
5732.5500 1.65021892
5732.6000 1.65107985
5732.6500 1.65192331
5732.7000 1.65238717
5732.7500 1.65285104
5732.8000 1.65331491
5732.8500 1.65377878
5732.9000 1.65408318
5732.9500 1.65116024
5733.0000 1.64823731
5733.0500 1.64531438
5733.1000 1.64239145
5733.1500 1.63966
5733.2000 1.64044612
5733.2500 1.64123224
5733.3000 1.64201836
5733.3500 1.64280448
5733.4000 1.64360988
5733.4500 1.64473047
5733.5000 1.64585106
5733.5500 1.64697166
5733.6000 1.64809225
5733.6500 1.64955537
5733.7000 1.65593384
5733.7500 1.66231231
5733.8000 1.66869078
5733.8500 1.67506926
5733.9000 1.68059196
5733.9500 1.67542595
5734.0000 1.67025994
5734.0500 1.66509393
5734.1000 1.65992792
5734.1500 1.65595681
5734.2000 1.66491613
5734.2500 1.67387546
5734.3000 1.68283478
5734.3500 1.69179411
5734.4000 1.69907542
5734.4500 1.69065306
5734.5000 1.6822307
5734.5500 1.67380834
5734.6000 1.66538598
5734.6500 1.65785331
5734.7000 1.65752133
5734.7500 1.65718935
5734.8000 1.65685737
5734.8500 1.65652539
5734.9000 1.65510174
5734.9500 1.64602806
5735.0000 1.63695437
5735.0500 1.62788068
5735.1000 1.618807
5735.1500 1.6103174
5735.2000 1.60537803
5735.2500 1.60043866
5735.3000 1.59549929
5735.3500 1.59055992
5735.4000 1.58774212
5735.4500 1.5961329
5735.5000 1.60452368
5735.5500 1.61291446
5735.6000 1.62130524
5735.6500 1.62951823
5735.7000 1.63691311
5735.7500 1.64430799
5735.8000 1.65170287
5735.8500 1.65909774
5735.9000 1.66483934
5735.9500 1.66394152
5736.0000 1.6630437
5736.0500 1.66214588
5736.1000 1.66124807
5736.1500 1.66064121
5736.2000 1.66105581
5736.2500 1.6614704
5736.3000 1.661885
5736.3500 1.6622996
5736.4000 1.66365775
5736.4500 1.6679155
5736.5000 1.67217325
5736.5500 1.676431
5736.6000 1.68068875
5736.6500 1.68265631
5736.7000 1.67845749
5736.7500 1.67425868
5736.8000 1.67005986
5736.8500 1.66586105
5736.9000 1.65909478
5736.9500 1.64626894
5737.0000 1.6334431
5737.0500 1.62061727
5737.1000 1.60779143
5737.1500 1.59864766
5737.2000 1.59712069
5737.2500 1.59559372
5737.3000 1.59406675
5737.3500 1.59253977
5737.4000 1.59397141
5737.4500 1.60076354
5737.5000 1.60755567
5737.5500 1.61434781
5737.6000 1.62113994
5737.6500 1.62903116
5737.7000 1.63866413
5737.7500 1.64829711
5737.8000 1.65793008
5737.8500 1.66756306
5737.9000 1.67295895
5737.9500 1.67249452
5738.0000 1.67203009
5738.0500 1.67156566
5738.1000 1.67110122
5738.1500 1.67052609
5738.2000 1.66981775
5738.2500 1.66910941
5738.3000 1.66840106
5738.3500 1.66769272
5738.4000 1.66703325
5738.4500 1.66642473
5738.5000 1.66581622
5738.5500 1.6652077
5738.6000 1.66459919
5738.6500 1.66288653
5738.7000 1.66018185
5738.7500 1.65747717
5738.8000 1.65477249
5738.8500 1.65206782
5738.9000 1.64897709
5738.9500 1.64558965
5739.0000 1.64220222
5739.0500 1.63881479
5739.1000 1.63542735
5739.1500 1.63734778
5739.2000 1.64272491
5739.2500 1.64810203
5739.3000 1.65347915
5739.3500 1.65885628
5739.4000 1.65879976
5739.4500 1.65578214
5739.5000 1.65276453
5739.5500 1.64974691
5739.6000 1.6467293
5739.6500 1.65061367
5739.7000 1.65759284
5739.7500 1.66457202
5739.8000 1.6715512
5739.8500 1.67853037
5739.9000 1.67336464
5739.9500 1.66382151
5740.0000 1.65427838
5740.0500 1.64473525
5740.1000 1.63519213
5740.1500 1.64000463
5740.2000 1.64883807
5740.2500 1.6576715
5740.3000 1.66650494
5740.3500 1.67533837
5740.4000 1.67285639
5740.4500 1.66803729
5740.5000 1.66321819
5740.5500 1.65839909
5740.6000 1.65357999
5740.6500 1.65495126
5740.7000 1.65718327
5740.7500 1.65941528
5740.8000 1.66164729
5740.8500 1.66387931
5740.9000 1.67466003
5740.9500 1.68609875
5741.0000 1.69753748
5741.0500 1.70897621
5741.1000 1.72041493
5741.1500 1.71405351
5741.2000 1.70734039
5741.2500 1.70062727
5741.3000 1.69391415
5741.3500 1.6874941
5741.4000 1.68934774
5741.4500 1.69120138
5741.5000 1.69305502
5741.5500 1.69490866
5741.6000 1.69591918
5741.6500 1.68833024
5741.7000 1.68074129
5741.7500 1.67315234
5741.8000 1.6655634
5741.8500 1.65917453
5741.9000 1.65981323
5741.9500 1.66045193
5742.0000 1.66109063
5742.0500 1.66172933
5742.1000 1.66263135
5742.1500 1.66456131
5742.2000 1.66649126
5742.2500 1.66842122
5742.3000 1.67035118
5742.3500 1.6720226
5742.4000 1.67297133
5742.4500 1.67392006
5742.5000 1.67486879
5742.5500 1.67581752
5742.6000 1.67791303
5742.6500 1.68239547
5742.7000 1.68687791
5742.7500 1.69136035
5742.8000 1.69584278
5742.8500 1.69805848
5742.9000 1.69668478
5742.9500 1.69531108
5743.0000 1.69393737
5743.0500 1.69256367
5743.1000 1.68901288
5743.1500 1.68281308
5743.2000 1.67661328
5743.2500 1.67041349
5743.3000 1.66421369
5743.3500 1.66497798
5743.4000 1.67225779
5743.4500 1.6795376
5743.5000 1.68681741
5743.5500 1.69409722
5743.6000 1.68897356
5743.6500 1.67500234
5743.7000 1.66103112
5743.7500 1.64705989
5743.8000 1.63308867
5743.8500 1.63046535
5743.9000 1.63389393
5743.9500 1.63732251
5744.0000 1.64075108
5744.0500 1.64417966
5744.1000 1.65115519
5744.1500 1.65949507
5744.2000 1.66783495
5744.2500 1.67617483
5744.3000 1.68451471
5744.3500 1.6857465
5744.4000 1.68513089
5744.4500 1.68451528
5744.5000 1.68389967
5744.5500 1.68328406
5744.6000 1.68172357
5744.6500 1.68001778
5744.7000 1.67831199
5744.7500 1.6766062
5744.8000 1.67490041
5744.8500 1.67837503
5744.9000 1.68217314
5744.9500 1.68597125
5745.0000 1.68976936
5745.0500 1.6934503
5745.1000 1.69044628
5745.1500 1.68744225
5745.2000 1.68443823
5745.2500 1.6814342
5745.3000 1.67767027
5745.3500 1.66664375
5745.4000 1.65561724
5745.4500 1.64459072
5745.5000 1.63356421
5745.5500 1.62488171
5745.6000 1.62734847
5745.6500 1.62981524
5745.7000 1.632282
5745.7500 1.63474877
5745.8000 1.63890449
5745.8500 1.64801521
5745.9000 1.65712593
5745.9500 1.66623665
5746.0000 1.67534737
5746.0500 1.68074129
5746.1000 1.67879668
5746.1500 1.67685208
5746.2000 1.67490747
5746.2500 1.67296286
5746.3000 1.67091143
5746.3500 1.6687123
5746.4000 1.66651316
5746.4500 1.66431403
5746.5000 1.66211489
5746.5500 1.6651759
5746.6000 1.67339959
5746.6500 1.68162328
5746.7000 1.68984697
5746.7500 1.69807067
5746.8000 1.70252063
5746.8500 1.70436073
5746.9000 1.70620084
5746.9500 1.70804094
5747.0000 1.70988105
5747.0500 1.70566869
5747.1000 1.69859693
5747.1500 1.69152518
5747.2000 1.68445342
5747.2500 1.67738166
5747.3000 1.67510278
5747.3500 1.67426663
5747.4000 1.67343048
5747.4500 1.67259432
5747.5000 1.67175817
5747.5500 1.67563529
5747.6000 1.68028214
5747.6500 1.68492899
5747.7000 1.68957584
5747.7500 1.69422269
5747.8000 1.68612324
5747.8500 1.67738255
5747.9000 1.66864186
5747.9500 1.65990117
5748.0000 1.65207004
5748.0500 1.66306513
5748.1000 1.67406022
5748.1500 1.68505531
5748.2000 1.6960504
5748.2500 1.70425817
5748.3000 1.69556519
5748.3500 1.68687221
5748.4000 1.67817923
5748.4500 1.66948625
5748.5000 1.6642575
5748.5500 1.67008589
5748.6000 1.67591427
5748.6500 1.68174266
5748.7000 1.68757105
5748.7500 1.69034053
5748.8000 1.68709344
5748.8500 1.68384634
5748.9000 1.68059925
5748.9500 1.67735215
5749.0000 1.67718587
5749.0500 1.680988
5749.1000 1.68479014
5749.1500 1.68859228
5749.2000 1.69239442
5749.2500 1.69661624
5749.3000 1.70119768
5749.3500 1.70577913
5749.4000 1.71036057
5749.4500 1.71494202
5749.5000 1.71201032
5749.5500 1.70488051
5749.6000 1.69775071
5749.6500 1.6906209
5749.7000 1.6834911
5749.7500 1.68097237
5749.8000 1.68002338
5749.8500 1.67907438
5749.9000 1.67812539
5749.9500 1.67717639
5750.0000 1.67948488
5750.0500 1.68235907
5750.1000 1.68523327
5750.1500 1.68810746
5750.2000 1.69098166
5750.2500 1.68997167
5750.3000 1.68879791
5750.3500 1.68762414
5750.4000 1.68645038
5750.4500 1.68533653
5750.5000 1.68503679
5750.5500 1.68473706
5750.6000 1.68443733
5750.6500 1.68413759
5750.7000 1.68288535
5750.7500 1.67726623
5750.8000 1.67164711
5750.8500 1.66602798
5750.9000 1.66040886
5750.9500 1.65885421
5751.0000 1.66719839
5751.0500 1.67554257
5751.1000 1.68388675
5751.1500 1.69223093
5751.2000 1.69382731
5751.2500 1.68549403
5751.3000 1.67716074
5751.3500 1.66882746
5751.4000 1.66049417
5751.4500 1.6571861
5751.5000 1.65852348
5751.5500 1.65986086
5751.6000 1.66119824
5751.6500 1.66253562
5751.7000 1.66558635
5751.7500 1.66961697
5751.8000 1.67364759
5751.8500 1.67767821
5751.9000 1.68170883
5751.9500 1.67826396
5752.0000 1.67238289
5752.0500 1.66650182
5752.1000 1.66062075
5752.1500 1.65473967
5752.2000 1.65492773
5752.2500 1.65599268
5752.3000 1.65705763
5752.3500 1.65812258
5752.4000 1.65918753
5752.4500 1.65680675
5752.5000 1.654408
5752.5500 1.65200924
5752.6000 1.64961049
5752.6500 1.64696485
5752.7000 1.64246259
5752.7500 1.63796033
5752.8000 1.63345807
5752.8500 1.6289558
5752.9000 1.62825023
5752.9500 1.6394734
5753.0000 1.65069657
5753.0500 1.66191974
5753.1000 1.67314291
5753.1500 1.67840081
5753.2000 1.67337031
5753.2500 1.66833981
5753.3000 1.66330931
5753.3500 1.65827881
5753.4000 1.65357223
5753.4500 1.64919731
5753.5000 1.64482239
5753.5500 1.64044747
5753.6000 1.63607255
5753.6500 1.63545179
5753.7000 1.63710586
5753.7500 1.63875994
5753.8000 1.64041401
5753.8500 1.64206809
5753.9000 1.6419985
5753.9500 1.64136286
5754.0000 1.64072722
5754.0500 1.64009158
5754.1000 1.63945594
5754.1500 1.635838
5754.2000 1.6318302
5754.2500 1.62782241
5754.3000 1.62381461
5754.3500 1.6199042
5754.4000 1.62145833
5754.4500 1.62301246
5754.5000 1.62456659
5754.5500 1.62612071
5754.6000 1.62681214
5754.6500 1.6226957
5754.7000 1.61857927
5754.7500 1.61446283
5754.8000 1.6103464
5754.8500 1.60855414
5754.9000 1.6125001
5754.9500 1.61644607
5755.0000 1.62039204
5755.0500 1.624338
5755.1000 1.62551439
5755.1500 1.62295778
5755.2000 1.62040116
5755.2500 1.61784455
5755.3000 1.61528794
5755.3500 1.61403966
5755.4000 1.61379836
5755.4500 1.61355707
5755.5000 1.61331577
5755.5500 1.61307447
5755.6000 1.61312678
5755.6500 1.61330151
5755.7000 1.61347623
5755.7500 1.61365096
5755.8000 1.61382569
5755.8500 1.61554521
5755.9000 1.6175418
5755.9500 1.61953838
5756.0000 1.62153497
5756.0500 1.62353155
5756.1000 1.6249721
5756.1500 1.62640795
5756.2000 1.62784381
5756.2500 1.62927966
5756.3000 1.63097029
5756.3500 1.63426829
5756.4000 1.63756629
5756.4500 1.64086429
5756.5000 1.64416229
5756.5500 1.64589317
5756.6000 1.6436641
5756.6500 1.64143503
5756.7000 1.63920596
5756.7500 1.63697689
5756.8000 1.63880419
5756.8500 1.64597001
5756.9000 1.65313582
5756.9500 1.66030163
5757.0000 1.66746745
5757.0500 1.66969106
5757.1000 1.66835788
5757.1500 1.6670247
5757.2000 1.66569152
5757.2500 1.66435834
5757.3000 1.66142131
5757.3500 1.65789936
5757.4000 1.6543774
5757.4500 1.65085544
5757.5000 1.64733348
5757.5500 1.64250468
5757.6000 1.63750694
5757.6500 1.6325092
5757.7000 1.62751145
5757.7500 1.62276525
5757.8000 1.62408662
5757.8500 1.625408
5757.9000 1.62672937
5757.9500 1.62805074
5758.0000 1.63003153
5758.0500 1.63472416
5758.1000 1.63941678
5758.1500 1.6441094
5758.2000 1.64880203
5758.2500 1.65124748
5758.3000 1.64957257
5758.3500 1.64789766
5758.4000 1.64622275
5758.4500 1.64454784
5758.5000 1.64541986
5758.5500 1.64872198
5758.6000 1.6520241
5758.6500 1.65532622
5758.7000 1.65862834
5758.7500 1.66053035
5758.8000 1.66174921
5758.8500 1.66296806
5758.9000 1.66418692
5758.9500 1.66540578
5759.0000 1.6626811
5759.0500 1.65917111
5759.1000 1.65566112
5759.1500 1.65215113
5759.2000 1.64864114
5759.2500 1.65240637
5759.3000 1.65619129
5759.3500 1.6599762
5759.4000 1.66376111
5759.4500 1.66649247
5759.5000 1.66378149
5759.5500 1.66107051
5759.6000 1.65835954
5759.6500 1.65564856
5759.7000 1.65528085
5759.7500 1.65970108
5759.8000 1.6641213
5759.8500 1.66854153
5759.9000 1.67296175
5759.9500 1.67644438
5760.0000 1.67897623
5760.0500 1.68150808
5760.1000 1.68403993
5760.1500 1.68657178
5760.2000 1.69222806
5760.2500 1.69945159
5760.3000 1.70667513
5760.3500 1.71389866
5760.4000 1.7211222
5760.4500 1.71490613
5760.5000 1.70607098
5760.5500 1.69723583
5760.6000 1.68840068
5760.6500 1.679685
5760.7000 1.6835876
5760.7500 1.68749021
5760.8000 1.69139282
5760.8500 1.69529543
5760.9000 1.69668936
5760.9500 1.68691099
5761.0000 1.67713262
5761.0500 1.66735426
5761.1000 1.65757589
5761.1500 1.65178935
5761.2000 1.65313404
5761.2500 1.65447872
5761.3000 1.6558234
5761.3500 1.65716808
5761.4000 1.65982629
5761.4500 1.66362201
5761.5000 1.66741772
5761.5500 1.67121343
5761.6000 1.67500915
5761.6500 1.67221135
5761.7000 1.66677833
5761.7500 1.66134531
5761.8000 1.65591229
5761.8500 1.65047927
5761.9000 1.65451271
5761.9500 1.65966239
5762.0000 1.66481208
5762.0500 1.66996177
5762.1000 1.67500753
5762.1500 1.67879176
5762.2000 1.68257599
5762.2500 1.68636022
5762.3000 1.69014445
5762.3500 1.69179698
5762.4000 1.68735755
5762.4500 1.68291811
5762.5000 1.67847868
5762.5500 1.67403925
5762.6000 1.66927973
5762.6500 1.66411914
5762.7000 1.65895854
5762.7500 1.65379794
5762.8000 1.64863735
5762.8500 1.64930305
5762.9000 1.65339068
5762.9500 1.65747832
5763.0000 1.66156596
5763.0500 1.6656536
5763.1000 1.65983446
5763.1500 1.65180606
5763.2000 1.64377767
5763.2500 1.63574928
5763.3000 1.62776985
5763.3500 1.62689004
5763.4000 1.62601024
5763.4500 1.62513044
5763.5000 1.62425063
5763.5500 1.62434802
5763.6000 1.62841446
5763.6500 1.63248091
5763.7000 1.63654735
5763.7500 1.6406138
5763.8000 1.64377089
5763.8500 1.64550445
5763.9000 1.647238
5763.9500 1.64897156
5764.0000 1.65070512
5764.0500 1.64303611
5764.1000 1.62865703
5764.1500 1.61427796
5764.2000 1.59989888
5764.2500 1.58551981
5764.3000 1.58763177
5764.3500 1.59442676
5764.4000 1.60122176
5764.4500 1.60801675
5764.5000 1.61481175
5764.5500 1.61751897
5764.6000 1.62012411
5764.6500 1.62272925
5764.7000 1.62533438
5764.7500 1.62709404
5764.8000 1.62483899
5764.8500 1.62258393
5764.9000 1.62032888
5764.9500 1.61807382
5765.0000 1.61983741
5765.0500 1.62833285
5765.1000 1.6368283
5765.1500 1.64532374
5765.2000 1.65381919
5765.2500 1.65476612
5765.3000 1.65013791
5765.3500 1.6455097
5765.4000 1.64088149
5765.4500 1.63625328
5765.5000 1.62879953
5765.5500 1.62053989
5765.6000 1.61228026
5765.6500 1.60402062
5765.7000 1.59576099
5765.7500 1.60520864
5765.8000 1.61497162
5765.8500 1.6247346
5765.9000 1.63449758
5765.9500 1.64341826
5766.0000 1.64871169
5766.0500 1.65400512
5766.1000 1.65929855
5766.1500 1.66459198
5766.2000 1.66349949
5766.2500 1.65266381
5766.3000 1.64182813
5766.3500 1.63099246
5766.4000 1.62015678
5766.4500 1.61991564
5766.5000 1.62659379
5766.5500 1.63327195
5766.6000 1.63995011
5766.6500 1.64662826
5766.7000 1.64743564
5766.7500 1.64691434
5766.8000 1.64639305
5766.8500 1.64587175
5766.9000 1.64544489
5766.9500 1.64835752
5767.0000 1.65127015
5767.0500 1.65418278
5767.1000 1.65709541
5767.1500 1.65749052
5767.2000 1.64996038
5767.2500 1.64243025
5767.3000 1.63490012
5767.3500 1.62736999
5767.4000 1.62728275
5767.4500 1.63606823
5767.5000 1.64485371
5767.5500 1.65363919
5767.6000 1.66242467
5767.6500 1.66142466
5767.7000 1.65566604
5767.7500 1.64990743
5767.8000 1.64414881
5767.8500 1.63839019
5767.9000 1.64846797
5767.9500 1.66048357
5768.0000 1.67249918
5768.0500 1.68451479
5768.1000 1.69461123
5768.1500 1.68928441
5768.2000 1.68395758
5768.2500 1.67863076
5768.3000 1.67330393
5768.3500 1.67158139
5768.4000 1.67711478
5768.4500 1.68264817
5768.5000 1.68818156
5768.5500 1.69371495
5768.6000 1.69599693
5768.6500 1.69566797
5768.7000 1.69533901
5768.7500 1.69501005
5768.8000 1.69468108
5768.8500 1.69196611
5768.9000 1.68857384
5768.9500 1.68518156
5769.0000 1.68178929
5769.0500 1.67837726
5769.1000 1.67078279
5769.1500 1.66318832
5769.2000 1.65559385
5769.2500 1.64799939
5769.3000 1.64489876
5769.3500 1.6566714
5769.4000 1.66844404
5769.4500 1.68021668
5769.5000 1.69198932
5769.5500 1.70176815
5769.6000 1.70921486
5769.6500 1.71666156
5769.7000 1.72410826
5769.7500 1.73155497
5769.8000 1.72719811
5769.8500 1.71757014
5769.9000 1.70794217
5769.9500 1.6983142
5770.0000 1.68868623
5770.0500 1.68585097
5770.1000 1.68358068
5770.1500 1.68131038
5770.2000 1.67904009
5770.2500 1.67668251
5770.3000 1.67385508
5770.3500 1.67102765
5770.4000 1.66820022
5770.4500 1.66537279
5770.5000 1.66378683
5770.5500 1.6641292
5770.6000 1.66447157
5770.6500 1.66481394
5770.7000 1.66515631
5770.7500 1.66668655
5770.8000 1.66891992
5770.8500 1.67115328
5770.9000 1.67338665
5770.9500 1.67562001
5771.0000 1.67196179
5771.0500 1.66739368
5771.1000 1.66282558
5771.1500 1.65825747
5771.2000 1.65414493
5771.2500 1.6538826
5771.3000 1.65362026
5771.3500 1.65335792
5771.4000 1.65309558
5771.4500 1.65491161
5771.5000 1.6606402
5771.5500 1.6663688
5771.6000 1.67209739
5771.6500 1.67782598
5771.7000 1.67680421
5771.7500 1.67108309
5771.8000 1.66536196
5771.8500 1.65964084
5771.9000 1.65391972
5771.9500 1.64852976
5772.0000 1.64320582
5772.0500 1.63788189
5772.1000 1.63255795
5772.1500 1.6273086
5772.2000 1.62292325
5772.2500 1.6185379
5772.3000 1.61415254
5772.3500 1.60976719
5772.4000 1.60765729
5772.4500 1.61023669
5772.5000 1.61281608
5772.5500 1.61539548
5772.6000 1.61797487
5772.6500 1.62133191
5772.7000 1.62526258
5772.7500 1.62919325
5772.8000 1.63312391
5772.8500 1.63705458
5772.9000 1.634721
5772.9500 1.63106607
5773.0000 1.62741115
5773.0500 1.62375623
5773.1000 1.62085668
5773.1500 1.62692828
5773.2000 1.63299988
5773.2500 1.63907148
5773.3000 1.64514308
5773.3500 1.64930155
5773.4000 1.64959417
5773.4500 1.64988678
5773.5000 1.65017939
5773.5500 1.650472
5773.6000 1.64708053
5773.6500 1.64108599
5773.7000 1.63509145
5773.7500 1.62909692
5773.8000 1.62310238
5773.8500 1.63135547
5773.9000 1.64227348
5773.9500 1.65319149
5774.0000 1.6641095
5774.0500 1.67255055
5774.1000 1.65880362
5774.1500 1.64505669
5774.2000 1.63130976
5774.2500 1.61756283
5774.3000 1.61028317
5774.3500 1.61450308
5774.4000 1.618723
5774.4500 1.62294292
5774.5000 1.62716284
5774.5500 1.62422019
5774.6000 1.61690662
5774.6500 1.60959305
5774.7000 1.60227948
5774.7500 1.59496592
5774.8000 1.60198022
5774.8500 1.61088145
5774.9000 1.61978269
5774.9500 1.62868392
5775.0000 1.63590357
5775.0500 1.63342518
5775.1000 1.63094679
5775.1500 1.62846841
5775.2000 1.62599002
5775.2500 1.62101351
5775.3000 1.61249301
5775.3500 1.6039725
5775.4000 1.595452
5775.4500 1.5869315
5775.5000 1.58493802
5775.5500 1.5860066
5775.6000 1.58707518
5775.6500 1.58814376
5775.7000 1.58921234
5775.7500 1.59486254
5775.8000 1.60075678
5775.8500 1.60665101
5775.9000 1.61254525
5775.9500 1.61618259
5776.0000 1.61180541
5776.0500 1.60742822
5776.1000 1.60305103
5776.1500 1.59867384
5776.2000 1.59862516
5776.2500 1.60305364
5776.3000 1.60748211
5776.3500 1.61191058
5776.4000 1.61633905
5776.4500 1.6193614
5776.5000 1.62195165
5776.5500 1.6245419
5776.6000 1.62713215
5776.6500 1.62926632
5776.7000 1.62041155
5776.7500 1.61155678
5776.8000 1.60270201
5776.8500 1.59384723
5776.9000 1.58752633
5776.9500 1.58668238
5777.0000 1.58583842
5777.0500 1.58499447
5777.1000 1.58415052
5777.1500 1.5856821
5777.2000 1.58883532
5777.2500 1.59198855
5777.3000 1.59514178
5777.3500 1.598295
5777.4000 1.60526183
5777.4500 1.61277927
5777.5000 1.6202967
5777.5500 1.62781413
5777.6000 1.632758
5777.6500 1.62366251
5777.7000 1.61456701
5777.7500 1.60547152
5777.8000 1.59637603
5777.8500 1.59162198
5777.9000 1.59244904
5777.9500 1.5932761
5778.0000 1.59410317
5778.0500 1.59493023
5778.1000 1.60039568
5778.1500 1.60764983
5778.2000 1.61490398
5778.2500 1.62215813
5778.3000 1.62928158
5778.3500 1.61886201
5778.4000 1.60844244
5778.4500 1.59802287
5778.5000 1.5876033
5778.5500 1.58300778
5778.6000 1.59235488
5778.6500 1.60170197
5778.7000 1.61104906
5778.7500 1.62039616
5778.8000 1.62294444
5778.8500 1.62063831
5778.9000 1.61833218
5778.9500 1.61602605
5779.0000 1.61371992
5779.0500 1.61364096
5779.1000 1.61388379
5779.1500 1.61412662
5779.2000 1.61436945
5779.2500 1.61419908
5779.3000 1.61194729
5779.3500 1.6096955
5779.4000 1.60744371
5779.4500 1.60519192
5779.5000 1.60411037
5779.5500 1.60440783
5779.6000 1.60470528
5779.6500 1.60500274
5779.7000 1.6053002
5779.7500 1.60326871
5779.8000 1.60047743
5779.8500 1.59768614
5779.9000 1.59489486
5779.9500 1.59202987
5780.0000 1.58777954
5780.0500 1.58352921
5780.1000 1.57927888
5780.1500 1.57502855
5780.2000 1.57251021
5780.2500 1.57322872
5780.3000 1.57394724
5780.3500 1.57466575
5780.4000 1.57538426
5780.4500 1.57993418
5780.5000 1.58656384
5780.5500 1.59319349
5780.6000 1.59982315
5780.6500 1.60645281
5780.7000 1.6004387
5780.7500 1.59374943
5780.8000 1.58706017
5780.8500 1.5803709
5780.9000 1.57647262
5780.9500 1.58085891
5781.0000 1.58524521
5781.0500 1.5896315
5781.1000 1.5940178
5781.1500 1.58981553
5781.2000 1.57876112
5781.2500 1.56770671
5781.3000 1.5566523
5781.3500 1.54559789
5781.4000 1.54704915
5781.4500 1.55050234
5781.5000 1.55395554
5781.5500 1.55740874
5781.6000 1.56080054
5781.6500 1.56389121
5781.7000 1.56698187
5781.7500 1.57007253
5781.8000 1.5731632
5781.8500 1.57282598
5781.9000 1.56874844
5781.9500 1.56467091
5782.0000 1.56059338
5782.0500 1.55651584
5782.1000 1.5589274
5782.1500 1.56307819
5782.2000 1.56722898
5782.2500 1.57137977
5782.3000 1.57453894
5782.3500 1.56883242
5782.4000 1.56312589
5782.4500 1.55741937
5782.5000 1.55171284
5782.5500 1.55094171
5782.6000 1.55715317
5782.6500 1.56336464
5782.7000 1.5695761
5782.7500 1.57578757
5782.8000 1.57399112
5782.8500 1.56922046
5782.9000 1.5644498
5782.9500 1.55967914
5783.0000 1.55500574
5783.0500 1.55235891
5783.1000 1.54971209
5783.1500 1.54706527
5783.2000 1.54441844
5783.2500 1.54369314
5783.3000 1.5463259
5783.3500 1.54895866
5783.4000 1.55159143
5783.4500 1.55422419
5783.5000 1.55591909
5783.5500 1.55718004
5783.6000 1.55844098
5783.6500 1.55970193
5783.7000 1.56093551
5783.7500 1.55664127
5783.8000 1.55234702
5783.8500 1.54805277
5783.9000 1.54375852
5783.9500 1.54118144
5784.0000 1.54212667
5784.0500 1.5430719
5784.1000 1.54401713
5784.1500 1.54496236
5784.2000 1.54430425
5784.2500 1.54279072
5784.3000 1.5412772
5784.3500 1.53976367
5784.4000 1.53825015
5784.4500 1.53737738
5784.5000 1.53651902
5784.5500 1.53566066
5784.6000 1.5348023
5784.6500 1.53697536
5784.7000 1.54604075
5784.7500 1.55510614
5784.8000 1.56417153
5784.8500 1.57323691
5784.9000 1.57232119
5784.9500 1.56565555
5785.0000 1.55898992
5785.0500 1.55232429
5785.1000 1.54565865
5785.1500 1.55005921
5785.2000 1.55486052
5785.2500 1.55966183
5785.3000 1.56446314
5785.3500 1.56549403
5785.4000 1.55760755
5785.4500 1.54972107
5785.5000 1.54183458
5785.5500 1.5339481
5785.6000 1.53551708
5785.6500 1.54261932
5785.7000 1.54972156
5785.7500 1.5568238
5785.8000 1.56392604
5785.8500 1.56354696
5785.9000 1.56290505
5785.9500 1.56226314
5786.0000 1.56162123
5786.0500 1.56045412
5786.1000 1.55807795
5786.1500 1.55570177
5786.2000 1.5533256
5786.2500 1.55094942
5786.3000 1.54913699
5786.3500 1.54764007
5786.4000 1.54614315
5786.4500 1.54464623
5786.5000 1.5431493
5786.5500 1.54079687
5786.6000 1.5384279
5786.6500 1.53605894
5786.7000 1.53368998
5786.7500 1.5349866
5786.8000 1.54398441
5786.8500 1.55298222
5786.9000 1.56198003
5786.9500 1.57097784
5787.0000 1.57317468
5787.0500 1.57195272
5787.1000 1.57073075
5787.1500 1.56950879
5787.2000 1.56825956
5787.2500 1.56431503
5787.3000 1.56037049
5787.3500 1.55642596
5787.4000 1.55248143
5787.4500 1.54981394
5787.5000 1.54945544
5787.5500 1.54909694
5787.6000 1.54873845
5787.6500 1.54837995
5787.7000 1.54690182
5787.7500 1.54495242
5787.8000 1.54300303
5787.8500 1.54105363
5787.9000 1.53969017
5787.9500 1.54880045
5788.0000 1.55791072
5788.0500 1.567021
5788.1000 1.57613128
5788.1500 1.57994981
5788.2000 1.57595344
5788.2500 1.57195707
5788.3000 1.5679607
5788.3500 1.56396433
5788.4000 1.56505939
5788.4500 1.56779711
5788.5000 1.57053483
5788.5500 1.57327255
5788.6000 1.57534909
5788.6500 1.57207316
5788.7000 1.56879723
5788.7500 1.5655213
5788.8000 1.56224537
5788.8500 1.56228588
5788.9000 1.56613624
5788.9500 1.5699866
5789.0000 1.57383696
5789.0500 1.57768732
5789.1000 1.57858312
5789.1500 1.57884075
5789.2000 1.57909839
5789.2500 1.57935602
5789.3000 1.57764393
5789.3500 1.56701441
5789.4000 1.55638489
5789.4500 1.54575537
5789.5000 1.53512585
5789.5500 1.53384256
5789.6000 1.54048793
5789.6500 1.5471333
5789.7000 1.55377867
5789.7500 1.56042404
5789.8000 1.56021477
5789.8500 1.55926661
5789.9000 1.55831845
5789.9500 1.55737029
5790.0000 1.55805326
5790.0500 1.56323904
5790.1000 1.56842482
5790.1500 1.5736106
5790.2000 1.57879638
5790.2500 1.58116774
5790.3000 1.58189115
5790.3500 1.58261456
5790.4000 1.58333797
5790.4500 1.58406138
5790.5000 1.58173479
5790.5500 1.57939915
5790.6000 1.57706351
5790.6500 1.57472787
5790.7000 1.57650274
5790.7500 1.58543049
5790.8000 1.59435824
5790.8500 1.60328599
5790.9000 1.61221374
5790.9500 1.60840079
5791.0000 1.5999802
5791.0500 1.59155961
5791.1000 1.58313901
5791.1500 1.57512667
5791.2000 1.57057846
5791.2500 1.56603026
5791.3000 1.56148205
5791.3500 1.55693385
5791.4000 1.55659569
5791.4500 1.56085499
5791.5000 1.5651143
5791.5500 1.5693736
5791.6000 1.5736329
5791.6500 1.56884164
5791.7000 1.56248006
5791.7500 1.55611848
5791.8000 1.5497569
5791.8500 1.54521323
5791.9000 1.54683014
5791.9500 1.54844705
5792.0000 1.55006395
5792.0500 1.55168086
5792.1000 1.55484367
5792.1500 1.55901529
5792.2000 1.56318692
5792.2500 1.56735854
5792.3000 1.57153016
5792.3500 1.57040971
5792.4000 1.56920288
5792.4500 1.56799605
5792.5000 1.56678922
5792.5500 1.56400007
5792.6000 1.55845012
5792.6500 1.55290017
5792.7000 1.54735022
5792.7500 1.54180027
5792.8000 1.5415036
5792.8500 1.54299293
5792.9000 1.54448227
5792.9500 1.54597161
5793.0000 1.54602173
5793.0500 1.53642235
5793.1000 1.52682297
5793.1500 1.51722359
5793.2000 1.50762421
5793.2500 1.5092167
5793.3000 1.52135475
5793.3500 1.5334928
5793.4000 1.54563084
5793.4500 1.55776889
5793.5000 1.55670559
5793.5500 1.55419998
5793.6000 1.55169436
5793.6500 1.54918875
5793.7000 1.54399627
5793.7500 1.53221626
5793.8000 1.52043626
5793.8500 1.50865626
5793.9000 1.49687625
5793.9500 1.49750099
5794.0000 1.50397736
5794.0500 1.51045373
5794.1000 1.5169301
5794.1500 1.52335844
5794.2000 1.52915659
5794.2500 1.53495474
5794.3000 1.54075289
5794.3500 1.54655104
5794.4000 1.54459358
5794.4500 1.53366628
5794.5000 1.52273899
5794.5500 1.51181169
5794.6000 1.50088439
5794.6500 1.51241836
5794.7000 1.52766479
5794.7500 1.54291122
5794.8000 1.55815765
5794.8500 1.56737153
5794.9000 1.55888519
5794.9500 1.55039885
5795.0000 1.54191252
5795.0500 1.53342618
5795.1000 1.52494922
5795.1500 1.51647726
5795.2000 1.5080053
5795.2500 1.49953335
5795.3000 1.49182759
5795.3500 1.49839854
5795.4000 1.5049695
5795.4500 1.51154045
5795.5000 1.51811141
5795.5500 1.52106519
5795.6000 1.5196275
5795.6500 1.5181898
5795.7000 1.5167521
5795.7500 1.51531441
5795.8000 1.51622081
5795.8500 1.51752813
5795.9000 1.51883545
5795.9500 1.52014276
5796.0000 1.52150683
5796.0500 1.52303426
5796.1000 1.52456169
5796.1500 1.52608912
5796.2000 1.52761655
5796.2500 1.5270795
5796.3000 1.52549416
5796.3500 1.52390881
5796.4000 1.52232347
5796.4500 1.52097231
5796.5000 1.52272204
5796.5500 1.52447177
5796.6000 1.5262215
5796.6500 1.52797123
5796.7000 1.53028979
5796.7500 1.5332276
5796.8000 1.53616542
5796.8500 1.53910323
5796.9000 1.54204105
5796.9500 1.5397036
5797.0000 1.53670684
5797.0500 1.53371008
5797.1000 1.53071332
5797.1500 1.52563954
5797.2000 1.5157332
5797.2500 1.50582685
5797.3000 1.49592051
5797.3500 1.48601416
5797.4000 1.48766504
5797.4500 1.49394836
5797.5000 1.50023169
5797.5500 1.50651502
5797.6000 1.51294729
5797.6500 1.52038799
5797.7000 1.52782869
5797.7500 1.53526938
5797.8000 1.54271008
5797.8500 1.53876455
5797.9000 1.52531691
5797.9500 1.51186927
5798.0000 1.49842163
5798.0500 1.48497399
5798.1000 1.48911364
5798.1500 1.49392765
5798.2000 1.49874165
5798.2500 1.50355565
5798.3000 1.50468956
5798.3500 1.49988529
5798.4000 1.49508102
5798.4500 1.49027674
5798.5000 1.48547247
5798.5500 1.48671101
5798.6000 1.4894252
5798.6500 1.4921394
5798.7000 1.49485359
5798.7500 1.49751339
5798.8000 1.49998733
5798.8500 1.50246127
5798.9000 1.50493521
5798.9500 1.50740916
5799.0000 1.50883809
5799.0500 1.50970599
5799.1000 1.51057388
5799.1500 1.51144177
5799.2000 1.51245118
5799.2500 1.51516908
5799.3000 1.51788698
5799.3500 1.52060488
5799.4000 1.52332278
5799.4500 1.52547791
5799.5000 1.52707896
5799.5500 1.52868001
5799.6000 1.53028106
5799.6500 1.53188211
5799.7000 1.52377009
5799.7500 1.51495902
5799.8000 1.50614794
5799.8500 1.49733687
5799.9000 1.4935574
5799.9500 1.49859208
5800.0000 1.50362675
5800.0500 1.50866143
5800.1000 1.5136961
5800.1500 1.51427696
5800.2000 1.513713
5800.2500 1.51314904
5800.3000 1.51258509
5800.3500 1.5122055
5800.4000 1.5124459
5800.4500 1.5126863
5800.5000 1.5129267
5800.5500 1.5131671
5800.6000 1.51162137
5800.6500 1.50917372
5800.7000 1.50672607
5800.7500 1.50427842
5800.8000 1.5021474
5800.8500 1.50282537
5800.9000 1.50350334
5800.9500 1.50418131
5801.0000 1.50485927
5801.0500 1.50857638
5801.1000 1.51488538
5801.1500 1.52119437
5801.2000 1.52750337
5801.2500 1.53381236
5801.3000 1.53080057
5801.3500 1.52759562
5801.4000 1.52439066
5801.4500 1.52118571
5801.5000 1.51868922
5801.5500 1.51716606
5801.6000 1.51564291
5801.6500 1.51411975
5801.7000 1.5125966
5801.7500 1.51784994
5801.8000 1.52416643
5801.8500 1.53048292
5801.9000 1.53679941
5801.9500 1.53984591
5802.0000 1.53558318
5802.0500 1.53132044
5802.1000 1.5270577
5802.1500 1.52279497
5802.2000 1.52542792
5802.2500 1.53029396
5802.3000 1.53516
5802.3500 1.54002605
5802.4000 1.54400027
5802.4500 1.54447827
5802.5000 1.54495628
5802.5500 1.54543429
5802.6000 1.5459123
5802.6500 1.54296161
5802.7000 1.53818631
5802.7500 1.53341102
5802.8000 1.52863573
5802.8500 1.52442237
5802.9000 1.5250666
5802.9500 1.52571083
5803.0000 1.52635506
5803.0500 1.52699929
5803.1000 1.52624345
5803.1500 1.52437083
5803.2000 1.52249821
5803.2500 1.52062558
5803.3000 1.51881115
5803.3500 1.5225104
5803.4000 1.52620964
5803.4500 1.52990889
5803.5000 1.53360813
5803.5500 1.54062659
5803.6000 1.55144573
5803.6500 1.56226488
5803.7000 1.57308403
5803.7500 1.58390317
5803.8000 1.57399018
5803.8500 1.56236003
5803.9000 1.55072988
5803.9500 1.53909973
5804.0000 1.53169911
5804.0500 1.53112918
5804.1000 1.53055924
5804.1500 1.5299893
5804.2000 1.52941936
5804.2500 1.52789538
5804.3000 1.52619357
5804.3500 1.52449176
5804.4000 1.52278994
5804.4500 1.52076222
5804.5000 1.51799166
5804.5500 1.5152211
5804.6000 1.51245054
5804.6500 1.50967998
5804.7000 1.51437031
5804.7500 1.5213071
5804.8000 1.52824388
5804.8500 1.53518067
5804.9000 1.53831215
5804.9500 1.52897288
5805.0000 1.51963361
5805.0500 1.51029435
5805.1000 1.50095508
5805.1500 1.49546026
5805.2000 1.4916084
5805.2500 1.48775654
5805.3000 1.48390468
5805.3500 1.48202868
5805.4000 1.48987038
5805.4500 1.49771207
5805.5000 1.50555377
5805.5500 1.51339546
5805.6000 1.51857887
5805.6500 1.52226002
5805.7000 1.52594116
5805.7500 1.5296223
5805.8000 1.53053782
5805.8500 1.50918238
5805.9000 1.48782694
5805.9500 1.4664715
5806.0000 1.44511606
5806.0500 1.44265267
5806.1000 1.45366983
5806.1500 1.46468699
5806.2000 1.47570415
5806.2500 1.48640296
5806.3000 1.4919579
5806.3500 1.49751284
5806.4000 1.50306778
5806.4500 1.50862272
5806.5000 1.50790701
5806.5500 1.5017315
5806.6000 1.495556
5806.6500 1.4893805
5806.7000 1.4833188
5806.7500 1.4863013
5806.8000 1.48928381
5806.8500 1.49226632
5806.9000 1.49524883
5806.9500 1.49324486
5807.0000 1.48608958
5807.0500 1.47893431
5807.1000 1.47177904
5807.1500 1.46462376
5807.2000 1.4656103
5807.2500 1.46682364
5807.3000 1.46803697
5807.3500 1.4692503
5807.4000 1.47098239
5807.4500 1.47333457
5807.5000 1.47568674
5807.5500 1.47803892
5807.6000 1.4803911
5807.6500 1.47679721
5807.7000 1.47282181
5807.7500 1.46884641
5807.8000 1.46487101
5807.8500 1.46538349
5807.9000 1.4719558
5807.9500 1.47852811
5808.0000 1.48510042
5808.0500 1.49167273
5808.1000 1.49289563
5808.1500 1.49360781
5808.2000 1.49431998
5808.2500 1.49503215
5808.3000 1.4947764
5808.3500 1.49307956
5808.4000 1.49138273
5808.4500 1.48968589
5808.5000 1.48798905
5808.5500 1.48634762
5808.6000 1.48471288
5808.6500 1.48307814
5808.7000 1.4814434
5808.7500 1.48160721
5808.8000 1.48465081
5808.8500 1.48769442
5808.9000 1.49073802
5808.9500 1.49378162
5809.0000 1.49710505
5809.0500 1.50046731
5809.1000 1.50382957
5809.1500 1.50719182
5809.2000 1.50858798
5809.2500 1.50668527
5809.3000 1.50478255
5809.3500 1.50287983
5809.4000 1.50097711
5809.4500 1.49792263
5809.5000 1.49469651
5809.5500 1.49147038
5809.6000 1.48824426
5809.6500 1.49055889
5809.7000 1.50235804
5809.7500 1.5141572
5809.8000 1.52595635
5809.8500 1.53775551
5809.9000 1.53767274
5809.9500 1.53579576
5810.0000 1.53391879
5810.0500 1.53204181
5810.1000 1.52913748
5810.1500 1.52448719
5810.2000 1.51983689
5810.2500 1.5151866
5810.3000 1.5105363
5810.3500 1.51366465
5810.4000 1.51791786
5810.4500 1.52217107
5810.5000 1.52642429
5810.5500 1.52686592
5810.6000 1.52104805
5810.6500 1.51523018
5810.7000 1.5094123
5810.7500 1.50359443
5810.8000 1.5041043
5810.8500 1.50543753
5810.9000 1.50677076
5810.9500 1.50810399
5811.0000 1.50820256
5811.0500 1.50639294
5811.1000 1.50458331
5811.1500 1.50277369
5811.2000 1.50096407
5811.2500 1.49480275
5811.3000 1.48817087
5811.3500 1.48153899
5811.4000 1.47490711
5811.4500 1.47278053
5811.5000 1.47704212
5811.5500 1.48130371
5811.6000 1.4855653
5811.6500 1.48982689
5811.7000 1.48813853
5811.7500 1.48597697
5811.8000 1.4838154
5811.8500 1.48165384
5811.9000 1.48310752
5811.9500 1.48914998
5812.0000 1.49519244
5812.0500 1.5012349
5812.1000 1.50727735
5812.1500 1.49916661
5812.2000 1.4904137
5812.2500 1.48166079
5812.3000 1.47290789
5812.3500 1.4712093
5812.4000 1.47733528
5812.4500 1.48346126
5812.5000 1.48958724
5812.5500 1.49571322
5812.6000 1.49568672
5812.6500 1.49561826
5812.7000 1.4955498
5812.7500 1.49548133
5812.8000 1.49589028
5812.8500 1.49675078
5812.9000 1.49761128
5812.9500 1.49847178
5813.0000 1.49910739
5813.0500 1.49375862
5813.1000 1.48840985
5813.1500 1.48306107
5813.2000 1.4777123
5813.2500 1.47635341
5813.3000 1.47812815
5813.3500 1.47990289
5813.4000 1.48167763
5813.4500 1.48159914
5813.5000 1.46171744
5813.5500 1.44183574
5813.6000 1.42195405
5813.6500 1.40207235
5813.7000 1.40573297
5813.7500 1.42427888
5813.8000 1.44282479
5813.8500 1.4613707
5813.9000 1.47826684
5813.9500 1.48513706
5814.0000 1.49200728
5814.0500 1.4988775
5814.1000 1.50574771
5814.1500 1.50734575
5814.2000 1.50636521
5814.2500 1.50538467
5814.3000 1.50440413
5814.3500 1.50263356
5814.4000 1.4977688
5814.4500 1.49290404
5814.5000 1.48803929
5814.5500 1.48317453
5814.6000 1.48590776
5814.6500 1.49135469
5814.7000 1.49680162
5814.7500 1.50224854
5814.8000 1.50493249
5814.8500 1.50021635
5814.9000 1.49550021
5814.9500 1.49078407
5815.0000 1.48606793
5815.0500 1.48832086
5815.1000 1.49222458
5815.1500 1.49612829
5815.2000 1.50003201
5815.2500 1.49682834
5815.3000 1.48023249
5815.3500 1.46363664
5815.4000 1.44704079
5815.4500 1.43044494
5815.5000 1.44724446
5815.5500 1.46831863
5815.6000 1.48939281
5815.6500 1.51046699
5815.7000 1.51950134
5815.7500 1.51244066
5815.8000 1.50537998
5815.8500 1.4983193
5815.9000 1.49125861
5815.9500 1.48672742
5816.0000 1.48227194
5816.0500 1.47781646
5816.1000 1.47336098
5816.1500 1.47623524
5816.2000 1.48599744
5816.2500 1.49575964
5816.3000 1.50552184
5816.3500 1.51424751
5816.4000 1.50721897
5816.4500 1.50019042
5816.5000 1.49316188
5816.5500 1.48613333
5816.6000 1.48169189
5816.6500 1.47890782
5816.7000 1.47612374
5816.7500 1.47333967
5816.8000 1.47127879
5816.8500 1.47304564
5816.9000 1.47481249
5816.9500 1.47657934
5817.0000 1.47834619
5817.0500 1.48096649
5817.1000 1.48393556
5817.1500 1.48690462
5817.2000 1.48987369
5817.2500 1.49228484
5817.3000 1.49312837
5817.3500 1.49397189
5817.4000 1.49481541
5817.4500 1.49565893
5817.5000 1.48868996
5817.5500 1.47996708
5817.6000 1.47124421
5817.6500 1.46252134
5817.7000 1.45939294
5817.7500 1.4656913
5817.8000 1.47198966
5817.8500 1.47828802
5817.9000 1.48458638
5817.9500 1.47990124
5818.0000 1.47438702
5818.0500 1.4688728
5818.1000 1.46335858
5818.1500 1.45946392
5818.2000 1.45726312
5818.2500 1.45506232
5818.3000 1.45286152
5818.3500 1.45107155
5818.4000 1.45719359
5818.4500 1.46331563
5818.5000 1.46943768
5818.5500 1.47555972
5818.6000 1.48132922
5818.6500 1.48687478
5818.7000 1.49242034
5818.7500 1.4979659
5818.8000 1.50141505
5818.8500 1.49500195
5818.9000 1.48858886
5818.9500 1.48217576
5819.0000 1.47576266
5819.0500 1.46480545
5819.1000 1.45225726
5819.1500 1.43970907
5819.2000 1.42716088
5819.2500 1.4219642
5819.3000 1.43331193
5819.3500 1.44465965
5819.4000 1.45600738
5819.4500 1.4673551
5819.5000 1.46256511
5819.5500 1.45549538
5819.6000 1.44842564
5819.6500 1.44135591
5819.7000 1.44283693
5819.7500 1.4549225
5819.8000 1.46700807
5819.8500 1.47909364
5819.9000 1.49099631
5819.9500 1.49301262
5820.0000 1.49502893
5820.0500 1.49704524
5820.1000 1.49906155
5820.1500 1.49345533
5820.2000 1.4825857
5820.2500 1.47171607
5820.3000 1.46084644
5820.3500 1.45026292
5820.4000 1.44111152
5820.4500 1.43196013
5820.5000 1.42280873
5820.5500 1.41365733
5820.6000 1.42030346
5820.6500 1.4324112
5820.7000 1.44451894
5820.7500 1.45662668
5820.8000 1.46440913
5820.8500 1.46305392
5820.9000 1.4616987
5820.9500 1.46034349
5821.0000 1.45898828
5821.0500 1.46441464
5821.1000 1.47058568
5821.1500 1.47675671
5821.2000 1.48292775
5821.2500 1.48397227
5821.3000 1.47951715
5821.3500 1.47506203
5821.4000 1.47060691
5821.4500 1.46660455
5821.5000 1.469069
5821.5500 1.47153346
5821.6000 1.47399791
5821.6500 1.47646236
5821.7000 1.48552751
5821.7500 1.49814649
5821.8000 1.51076547
5821.8500 1.52338445
5821.9000 1.52980491
5821.9500 1.5161836
5822.0000 1.5025623
5822.0500 1.488941
5822.1000 1.47531969
5822.1500 1.47110536
5822.2000 1.46889998
5822.2500 1.46669459
5822.3000 1.4644892
5822.3500 1.45894032
5822.4000 1.44864768
5822.4500 1.43835504
5822.5000 1.4280624
5822.5500 1.41786904
5822.6000 1.42994654
5822.6500 1.44202404
5822.7000 1.45410154
5822.7500 1.46617903
5822.8000 1.46631656
5822.8500 1.45839591
5822.9000 1.45047526
5822.9500 1.4425546
5823.0000 1.43573177
5823.0500 1.43355061
5823.1000 1.43136945
5823.1500 1.42918829
5823.2000 1.42700713
5823.2500 1.42460704
5823.3000 1.42214774
5823.3500 1.41968844
5823.4000 1.41722913
5823.4500 1.42025762
5823.5000 1.43206959
5823.5500 1.44388155
5823.6000 1.45569352
5823.6500 1.46750549
5823.7000 1.4649258
5823.7500 1.46210576
5823.8000 1.45928571
5823.8500 1.45646567
5823.9000 1.46030718
5823.9500 1.46888964
5824.0000 1.47747211
5824.0500 1.48605457
5824.1000 1.49203454
5824.1500 1.48666056
5824.2000 1.48128658
5824.2500 1.47591259
5824.3000 1.47053861
5824.3500 1.47007368
5824.4000 1.47091108
5824.4500 1.47174847
5824.5000 1.47258586
5824.5500 1.47354332
5824.6000 1.47468405
5824.6500 1.47582478
5824.7000 1.47696551
5824.7500 1.47804413
5824.8000 1.45759464
5824.8500 1.43714516
5824.9000 1.41669568
5824.9500 1.3962462
5825.0000 1.40222155
5825.0500 1.42498087
5825.1000 1.44774018
5825.1500 1.47049949
5825.2000 1.48798551
5825.2500 1.48697572
5825.3000 1.48596594
5825.3500 1.48495615
5825.4000 1.48394636
5825.4500 1.48500761
5825.5000 1.4864818
5825.5500 1.48795599
5825.6000 1.48943018
5825.6500 1.48835592
5825.7000 1.48413228
5825.7500 1.47990865
5825.8000 1.47568502
5825.8500 1.4714442
5825.9000 1.4669452
5825.9500 1.4624462
5826.0000 1.4579472
5826.0500 1.4534482
5826.1000 1.45384801
5826.1500 1.45656249
5826.2000 1.45927696
5826.2500 1.46199143
5826.3000 1.45969071
5826.3500 1.44554526
5826.4000 1.4313998
5826.4500 1.41725435
5826.5000 1.4031089
5826.5500 1.42135607
5826.6000 1.44251923
5826.6500 1.46368238
5826.7000 1.48484554
5826.7500 1.49136131
5826.8000 1.48534818
5826.8500 1.47933506
5826.9000 1.47332194
5826.9500 1.4685069
5827.0000 1.46988245
5827.0500 1.47125801
5827.1000 1.47263356
5827.1500 1.47400912
5827.2000 1.46965181
5827.2500 1.46374234
5827.3000 1.45783287
5827.3500 1.4519234
5827.4000 1.4458103
5827.4500 1.43940817
5827.5000 1.43300605
5827.5500 1.42660392
5827.6000 1.42038515
5827.6500 1.41841787
5827.7000 1.41645059
5827.7500 1.41448332
5827.8000 1.41251604
5827.8500 1.41220315
5827.9000 1.41270156
5827.9500 1.41319998
5828.0000 1.41369839
5828.0500 1.41283197
5828.1000 1.40881409
5828.1500 1.4047962
5828.2000 1.40077832
5828.2500 1.39676044
5828.3000 1.39888737
5828.3500 1.40144112
5828.4000 1.40399488
5828.4500 1.40654863
5828.5000 1.41263566
5828.5500 1.42139346
5828.6000 1.43015126
5828.6500 1.43890906
5828.7000 1.44940614
5828.7500 1.46662407
5828.8000 1.48384199
5828.8500 1.50105992
5828.9000 1.51827784
5828.9500 1.50899049
5829.0000 1.49477709
5829.0500 1.48056369
5829.1000 1.4663503
5829.1500 1.46371428
5829.2000 1.47349148
5829.2500 1.48326869
5829.3000 1.49304589
5829.3500 1.49827635
5829.4000 1.4712373
5829.4500 1.44419825
5829.5000 1.4171592
5829.5500 1.39012015
5829.6000 1.39479902
5829.6500 1.40916544
5829.7000 1.42353187
5829.7500 1.43789829
5829.8000 1.44875682
5829.8500 1.45457118
5829.9000 1.46038554
5829.9500 1.4661999
5830.0000 1.47142887
5830.0500 1.46677966
5830.1000 1.46213045
5830.1500 1.45748124
5830.2000 1.45283203
5830.2500 1.44054462
5830.3000 1.42503531
5830.3500 1.409526
5830.4000 1.39401668
5830.4500 1.385298
5830.5000 1.38906253
5830.5500 1.39282706
5830.6000 1.39659159
5830.6500 1.40036845
5830.7000 1.40832893
5830.7500 1.41628941
5830.8000 1.42424989
5830.8500 1.43221037
5830.9000 1.4297504
5830.9500 1.42180588
5831.0000 1.41386136
5831.0500 1.40591683
5831.1000 1.40404937
5831.1500 1.4157707
5831.2000 1.42749202
5831.2500 1.43921335
5831.3000 1.45093467
5831.3500 1.44124937
5831.4000 1.43077574
5831.4500 1.4203021
5831.5000 1.40982847
5831.5500 1.40741162
5831.6000 1.40990009
5831.6500 1.41238855
5831.7000 1.41487702
5831.7500 1.41744113
5831.8000 1.42019949
5831.8500 1.42295786
5831.9000 1.42571622
5831.9500 1.42847458
5832.0000 1.42700528
5832.0500 1.42526894
5832.1000 1.42353259
5832.1500 1.42179625
5832.2000 1.42615142
5832.2500 1.43452504
5832.3000 1.44289866
5832.3500 1.45127228
5832.4000 1.45228933
5832.4500 1.43301538
5832.5000 1.41374144
5832.5500 1.39446749
5832.6000 1.37519355
5832.6500 1.36681195
5832.7000 1.35923433
5832.7500 1.35165671
5832.8000 1.34407909
5832.8500 1.34831055
5832.9000 1.3604786
5832.9500 1.37264664
5833.0000 1.38481469
5833.0500 1.39579676
5833.1000 1.40351427
5833.1500 1.41123177
5833.2000 1.41894927
5833.2500 1.42666677
5833.3000 1.42058752
5833.3500 1.41357301
5833.4000 1.4065585
5833.4500 1.39954399
5833.5000 1.39541542
5833.5500 1.39314617
5833.6000 1.39087692
5833.6500 1.38860767
5833.7000 1.38826622
5833.7500 1.39284636
5833.8000 1.39742651
5833.8500 1.40200665
5833.9000 1.4065868
5833.9500 1.40373486
5834.0000 1.40054377
5834.0500 1.39735267
5834.1000 1.39416157
5834.1500 1.39435841
5834.2000 1.39652052
5834.2500 1.39868264
5834.3000 1.40084476
5834.3500 1.40207801
5834.4000 1.40125365
5834.4500 1.40042929
5834.5000 1.39960493
5834.5500 1.39878058
5834.6000 1.3911814
5834.6500 1.38351926
5834.7000 1.37585712
5834.7500 1.36819498
5834.8000 1.37152772
5834.8500 1.38022258
5834.9000 1.38891743
5834.9500 1.39761228
5835.0000 1.39858839
5835.0500 1.3855523
5835.1000 1.37251621
5835.1500 1.35948012
5835.2000 1.34771582
5835.2500 1.36660829
5835.3000 1.38550075
5835.3500 1.40439321
5835.4000 1.42328567
5835.4500 1.41777708
5835.5000 1.40306357
5835.5500 1.38835005
5835.6000 1.37363653
5835.6500 1.37112873
5835.7000 1.38589923
5835.7500 1.40066974
5835.8000 1.41544025
5835.8500 1.42763272
5835.9000 1.41749113
5835.9500 1.40734953
5836.0000 1.39720793
5836.0500 1.38706633
5836.1000 1.39870633
5836.1500 1.41597612
5836.2000 1.4332459
5836.2500 1.45051569
5836.3000 1.44541305
5836.3500 1.41677903
5836.4000 1.38814502
5836.4500 1.35951101
5836.5000 1.3373282
5836.5500 1.34418722
5836.6000 1.35104624
5836.6500 1.35790525
5836.7000 1.36476427
5836.7500 1.37299302
5836.8000 1.38141251
5836.8500 1.389832
5836.9000 1.3982515
5836.9500 1.40670326
5837.0000 1.41517885
5837.0500 1.42365444
5837.1000 1.43213002
5837.1500 1.43159153
5837.2000 1.40724853
5837.2500 1.38290554
5837.3000 1.35856254
5837.3500 1.33421954
5837.4000 1.34032495
5837.4500 1.34719345
5837.5000 1.35406195
5837.5500 1.36093045
5837.6000 1.37088535
5837.6500 1.38230562
5837.7000 1.39372589
5837.7500 1.40514617
5837.8000 1.41005737
5837.8500 1.40444738
5837.9000 1.3988374
5837.9500 1.39322742
5838.0000 1.38932401
5838.0500 1.40311241
5838.1000 1.41690082
5838.1500 1.43068922
5838.2000 1.44447763
5838.2500 1.44804267
5838.3000 1.44897751
5838.3500 1.44991234
5838.4000 1.45084718
5838.4500 1.43835415
5838.5000 1.4126673
5838.5500 1.38698045
5838.6000 1.3612936
5838.6500 1.34113978
5838.7000 1.34118215
5838.7500 1.34122452
5838.8000 1.34126688
5838.8500 1.34130925
5838.9000 1.3594263
5838.9500 1.37895976
5839.0000 1.39849323
5839.0500 1.41802669
5839.1000 1.42858591
5839.1500 1.43412424
5839.2000 1.43966257
5839.2500 1.44520091
5839.3000 1.44039826
5839.3500 1.41695245
5839.4000 1.39350664
5839.4500 1.37006084
5839.5000 1.34918456
5839.5500 1.36048544
5839.6000 1.37178632
5839.6500 1.3830872
5839.7000 1.39438808
5839.7500 1.39042562
5839.8000 1.38247283
5839.8500 1.37452004
5839.9000 1.36656725
5839.9500 1.36494605
5840.0000 1.36933123
5840.0500 1.3737164
5840.1000 1.37810158
5840.1500 1.38394221
5840.2000 1.39451451
5840.2500 1.40508681
5840.3000 1.41565911
5840.3500 1.42623141
5840.4000 1.41156486
5840.4500 1.39581739
5840.5000 1.38006992
5840.5500 1.36432245
5840.6000 1.3568131
5840.6500 1.35310519
5840.7000 1.34939728
5840.7500 1.34568937
5840.8000 1.34031191
5840.8500 1.33254387
5840.9000 1.32477584
5840.9500 1.3170078
5841.0000 1.31263833
5841.0500 1.32918139
5841.1000 1.34572445
5841.1500 1.36226751
5841.2000 1.37881057
5841.2500 1.38304021
5841.3000 1.38543011
5841.3500 1.38782002
5841.4000 1.39020993
5841.4500 1.39523321
5841.5000 1.40199848
5841.5500 1.40876375
5841.6000 1.41552903
5841.6500 1.42151897
5841.7000 1.42597223
5841.7500 1.43042548
5841.8000 1.43487874
5841.8500 1.43853294
5841.9000 1.43164621
5841.9500 1.42475949
5842.0000 1.41787277
5842.0500 1.41098605
5842.1000 1.41850616
5842.1500 1.42946703
5842.2000 1.44042791
5842.2500 1.45138879
5842.3000 1.44934575
5842.3500 1.43647239
5842.4000 1.42359903
5842.4500 1.41072567
5842.5000 1.40104479
5842.5500 1.39934895
5842.6000 1.39765312
5842.6500 1.39595729
5842.7000 1.39468215
5842.7500 1.40841402
5842.8000 1.42214588
5842.8500 1.43587774
5842.9000 1.44960961
5842.9500 1.44450455
5843.0000 1.43379051
5843.0500 1.42307648
5843.1000 1.41236245
5843.1500 1.39904158
5843.2000 1.38327044
5843.2500 1.36749929
5843.3000 1.35172815
5843.3500 1.34226319
5843.4000 1.35055824
5843.4500 1.35885329
5843.5000 1.36714834
5843.5500 1.37533422
5843.6000 1.37295636
5843.6500 1.37057851
5843.7000 1.36820066
5843.7500 1.36582281
5843.8000 1.36660957
5843.8500 1.36839537
5843.9000 1.37018118
5843.9500 1.37196698
5844.0000 1.3742325
5844.0500 1.37695611
5844.1000 1.37967973
5844.1500 1.38240335
5844.2000 1.38412987
5844.2500 1.38308551
5844.3000 1.38204115
5844.3500 1.38099679
5844.4000 1.37988847
5844.4500 1.37554088
5844.5000 1.37119329
5844.5500 1.3668457
5844.6000 1.36249811
5844.6500 1.36747568
5844.7000 1.37514907
5844.7500 1.38282246
5844.8000 1.39049585
5844.8500 1.39388902
5844.9000 1.39354332
5844.9500 1.39319763
5845.0000 1.39285194
5845.0500 1.3883155
5845.1000 1.37368672
5845.1500 1.35905794
5845.2000 1.34442916
5845.2500 1.33085307
5845.3000 1.33547033
5845.3500 1.34008759
5845.4000 1.34470485
5845.4500 1.34932212
5845.5000 1.35761449
5845.5500 1.36672662
5845.6000 1.37583874
5845.6500 1.38495087
5845.7000 1.37832901
5845.7500 1.36041572
5845.8000 1.34250243
5845.8500 1.32458914
5845.9000 1.3168661
5845.9500 1.32820163
5846.0000 1.33953716
5846.0500 1.35087268
5846.1000 1.35934406
5846.1500 1.34604056
5846.2000 1.33273707
5846.2500 1.31943357
5846.3000 1.30613008
5846.3500 1.31261165
5846.4000 1.32164574
5846.4500 1.33067982
5846.5000 1.33971391
5846.5500 1.33787427
5846.6000 1.33035417
5846.6500 1.32283406
5846.7000 1.31531396
5846.7500 1.31303246
5846.8000 1.31770586
5846.8500 1.32237926
5846.9000 1.32705266
5846.9500 1.32763155
5847.0000 1.31223668
5847.0500 1.29684182
5847.1000 1.28144696
5847.1500 1.2660521
5847.2000 1.261217
5847.2500 1.25659657
5847.3000 1.25197613
5847.3500 1.24735569
5847.4000 1.28036392
5847.4500 1.32540082
5847.5000 1.37043772
5847.5500 1.41547463
5847.6000 1.42101318
5847.6500 1.39250966
5847.7000 1.36400615
5847.7500 1.33550264
5847.8000 1.32003628
5847.8500 1.33252109
5847.9000 1.34500589
5847.9500 1.35749069
5848.0000 1.3692926
5848.0500 1.37499493
5848.1000 1.38069725
5848.1500 1.38639958
5848.2000 1.39210191
5848.2500 1.36765475
5848.3000 1.33928767
5848.3500 1.31092059
5848.4000 1.28255351
5848.4500 1.27224544
5848.5000 1.2707982
5848.5500 1.26935095
5848.6000 1.26790371
5848.6500 1.27600806
5848.7000 1.29539817
5848.7500 1.31478828
5848.8000 1.3341784
5848.8500 1.3488613
5848.9000 1.34923821
5848.9500 1.34961512
5849.0000 1.34999202
5849.0500 1.35016139
5849.1000 1.34513448
5849.1500 1.34010758
5849.2000 1.33508067
5849.2500 1.33005377
5849.3000 1.34990289
5849.3500 1.37481526
5849.4000 1.39972764
5849.4500 1.42464001
5849.5000 1.41689234
5849.5500 1.38954887
5849.6000 1.3622054
5849.6500 1.33486193
5849.7000 1.32344697
5849.7500 1.33395934
5849.8000 1.34447172
5849.8500 1.35498409
5849.9000 1.36325253
5849.9500 1.36348003
5850.0000 1.36370752
5850.0500 1.36393502
5850.1000 1.36403862
5850.1500 1.35707664
5850.2000 1.35011466
5850.2500 1.34315268
5850.3000 1.3361907
5850.3500 1.32985753
5850.4000 1.32366433
5850.4500 1.31747113
5850.5000 1.31127793
5850.5500 1.31783857
5850.6000 1.33220673
5850.6500 1.3465749
5850.7000 1.36094306
5850.7500 1.36353048
5850.8000 1.35013189
5850.8500 1.3367333
5850.9000 1.32333471
5850.9500 1.31286955
5851.0000 1.31222965
5851.0500 1.31158976
5851.1000 1.31094986
5851.1500 1.31053863
5851.2000 1.31604519
5851.2500 1.32155176
5851.3000 1.32705832
5851.3500 1.33256488
5851.4000 1.34079725
5851.4500 1.34952527
5851.5000 1.35825329
5851.5500 1.36698132
5851.6000 1.36310006
5851.6500 1.35262771
5851.7000 1.34215537
5851.7500 1.33168302
5851.8000 1.31824359
5851.8500 1.30144416
5851.9000 1.28464474
5851.9500 1.26784531
5852.0000 1.26428892
5852.0500 1.29431283
5852.1000 1.32433674
5852.1500 1.35436065
5852.2000 1.38031717
5852.2500 1.36898789
5852.3000 1.3576586
5852.3500 1.34632932
5852.4000 1.33500003
5852.4500 1.33181734
5852.5000 1.32938625
5852.5500 1.32695516
5852.6000 1.32452408
5852.6500 1.32233356
5852.7000 1.32023006
5852.7500 1.31812656
5852.8000 1.31602306
5852.8500 1.3233032
5852.9000 1.33811223
5852.9500 1.35292126
5853.0000 1.3677303
5853.0500 1.37168936
5853.1000 1.35771544
5853.1500 1.34374153
5853.2000 1.32976762
5853.2500 1.32271826
5853.3000 1.34324064
5853.3500 1.36376301
5853.4000 1.38428538
5853.4500 1.40427181
5853.5000 1.40430573
5853.5500 1.40433966
5853.6000 1.40437359
5853.6500 1.40440752
5853.7000 1.40268552
5853.7500 1.40066147
5853.8000 1.39863743
5853.8500 1.39661338
5853.9000 1.40500122
5853.9500 1.41824472
5854.0000 1.43148822
5854.0500 1.44473172
5854.1000 1.43601369
5854.1500 1.40639214
5854.2000 1.37677058
5854.2500 1.34714903
5854.3000 1.33360538
5854.3500 1.3506715
5854.4000 1.36773762
5854.4500 1.38480374
5854.5000 1.39877356
5854.5500 1.39844997
5854.6000 1.39812638
5854.6500 1.3978028
5854.7000 1.39698535
5854.7500 1.35977594
5854.8000 1.32256654
5854.8500 1.28535714
5854.9000 1.24814774
5854.9500 1.26970234
5855.0000 1.30159644
5855.0500 1.33349054
5855.1000 1.36538465
5855.1500 1.3621743
5855.2000 1.34311981
5855.2500 1.32406531
5855.3000 1.30501082
5855.3500 1.29000781
5855.4000 1.27860756
5855.4500 1.26720732
5855.5000 1.25580708
5855.5500 1.24853007
5855.6000 1.24823594
5855.6500 1.24794182
5855.7000 1.24764769
5855.7500 1.25272804
5855.8000 1.27744781
5855.8500 1.30216758
5855.9000 1.32688735
5855.9500 1.35042318
5856.0000 1.35544857
5856.0500 1.36047397
5856.1000 1.36549936
5856.1500 1.37052475
5856.2000 1.35325568
5856.2500 1.33370131
5856.3000 1.31414695
5856.3500 1.29459259
5856.4000 1.29194827
5856.4500 1.29477381
5856.5000 1.29759934
5856.5500 1.30042487
5856.6000 1.30878354
5856.6500 1.3207425
5856.7000 1.33270147
5856.7500 1.34466044
5856.8000 1.34108458
5856.8500 1.31910151
5856.9000 1.29711844
5856.9500 1.27513536
5857.0000 1.25873846
5857.0500 1.25470474
5857.1000 1.25067102
5857.1500 1.2466373
5857.2000 1.24521759
5857.2500 1.25689249
5857.3000 1.2685674
5857.3500 1.2802423
5857.4000 1.29126689
5857.4500 1.2749712
5857.5000 1.25867551
5857.5500 1.24237983
5857.6000 1.22608414
5857.6500 1.24411197
5857.7000 1.26674281
5857.7500 1.28937365
5857.8000 1.3120045
5857.8500 1.30044835
5857.9000 1.27699943
5857.9500 1.25355052
5858.0000 1.23010161
5858.0500 1.23077497
5858.1000 1.24728182
5858.1500 1.26378867
5858.2000 1.28029553
5858.2500 1.30257034
5858.3000 1.33142306
5858.3500 1.36027577
5858.4000 1.38912849
5858.4500 1.40904322
5858.5000 1.41100088
5858.5500 1.41295855
5858.6000 1.41491621
5858.6500 1.40961257
5858.7000 1.37510284
5858.7500 1.34059312
5858.8000 1.30608339
5858.8500 1.27199457
5858.9000 1.24371435
5858.9500 1.21543414
5859.0000 1.18715392
5859.0500 1.15887371
5859.1000 1.18860281
5859.1500 1.22218779
5859.2000 1.25577276
5859.2500 1.28935774
5859.3000 1.28539665
5859.3500 1.27259633
5859.4000 1.25979601
5859.4500 1.2469957
5859.5000 1.22092126
5859.5500 1.18868208
5859.6000 1.1564429
5859.6500 1.12420373
5859.7000 1.12885757
5859.7500 1.16274078
5859.8000 1.19662398
5859.8500 1.23050719
5859.9000 1.25193785
5859.9500 1.25717454
5860.0000 1.26241123
5860.0500 1.26764792
5860.1000 1.26693485
5860.1500 1.25316899
5860.2000 1.23940312
5860.2500 1.22563725
5860.3000 1.22268884
5860.3500 1.26492268
5860.4000 1.30715652
5860.4500 1.34939035
5860.5000 1.38476473
5860.5500 1.33541498
5860.6000 1.28606522
5860.6500 1.23671547
5860.7000 1.18736572
5860.7500 1.21314478
5860.8000 1.24219401
5860.8500 1.27124324
5860.9000 1.30029247
5860.9500 1.29117576
5861.0000 1.27496927
5861.0500 1.25876278
5861.1000 1.2425563
5861.1500 1.24486087
5861.2000 1.25401014
5861.2500 1.26315941
5861.3000 1.27230868
5861.3500 1.27775795
5861.4000 1.28092431
5861.4500 1.28409068
5861.5000 1.28725704
5861.5500 1.28439398
5861.6000 1.27570231
5861.6500 1.26701064
5861.7000 1.25831897
5861.7500 1.24892486
5861.8000 1.23847781
5861.8500 1.22803076
5861.9000 1.21758371
5861.9500 1.21290832
5862.0000 1.22212384
5862.0500 1.23133937
5862.1000 1.24055489
5862.1500 1.24700985
5862.2000 1.24158539
5862.2500 1.23616093
5862.3000 1.23073647
5862.3500 1.2224262
5862.4000 1.18315309
5862.4500 1.14387997
5862.5000 1.10460686
5862.5500 1.06533375
5862.6000 1.12182193
5862.6500 1.1799055
5862.7000 1.23798907
5862.7500 1.29607264
5862.8000 0
5862.8500 0
5862.9000 0
5862.9500 0
