6691.0500 0.1296677
6691.1000 0.13109485
6691.1500 0.132522
6691.2000 0.13394915
6691.2500 0.1353763
6691.3000 0.13680345
6691.3500 0.13823061
6691.4000 0.13642541
6691.4500 0.1346004
6691.5000 0.1327754
6691.5500 0.1309504
6691.6000 0.12912539
6691.6500 0.12730039
6691.7000 0.12578807
6691.7500 0.13019007
6691.8000 0.13459208
6691.8500 0.13899408
6691.9000 0.14339608
6691.9500 0.14779808
6692.0000 0.15220008
6692.0500 0.15508758
6692.1000 0.14580125
6692.1500 0.13651491
6692.2000 0.12722857
6692.2500 0.11794223
6692.3000 0.10865589
6692.3500 0.09936956
6692.4000 0.09129833
6692.4500 0.08894816
6692.5000 0.08659799
6692.5500 0.08424782
6692.6000 0.08189765
6692.6500 0.07954748
6692.7000 0.07719731
6692.7500 0.07667413
6692.8000 0.08181651
6692.8500 0.08695888
6692.9000 0.09210126
6692.9500 0.09724363
6693.0000 0.10238601
6693.0500 0.10752838
6693.1000 0.11036853
6693.1500 0.10823936
6693.2000 0.1061102
6693.2500 0.10398103
6693.3000 0.10185187
6693.3500 0.0997227
6693.4000 0.09759353
6693.4500 0.09697974
6693.5000 0.09870178
6693.5500 0.10042383
6693.6000 0.10214588
6693.6500 0.10386792
6693.7000 0.10558997
6693.7500 0.10731202
6693.8000 0.10943816
6693.8500 0.11201192
6693.9000 0.11458569
6693.9500 0.11715945
6694.0000 0.11973321
6694.0500 0.12230698
6694.1000 0.12488074
6694.1500 0.12770423
6694.2000 0.13072431
6694.2500 0.1337444
6694.3000 0.13676449
6694.3500 0.13978457
6694.4000 0.14280466
6694.4500 0.14582474
6694.5000 0.14661655
6694.5500 0.14620155
6694.6000 0.14578654
6694.6500 0.14537153
6694.7000 0.14495652
6694.7500 0.14454152
6694.8000 0.14412651
6694.8500 0.14493834
6694.9000 0.14617691
6694.9500 0.14741549
6695.0000 0.14865406
6695.0500 0.14989263
6695.1000 0.1511312
6695.1500 0.15236977
6695.2000 0.15307078
6695.2500 0.15366883
6695.3000 0.15426688
6695.3500 0.15486494
6695.4000 0.15546299
6695.4500 0.15606104
6695.5000 0.15665909
6695.5500 0.15871756
6695.6000 0.16086813
6695.6500 0.16301869
6695.7000 0.16516926
6695.7500 0.16731983
6695.8000 0.1694704
6695.8500 0.17145847
6695.9000 0.17008932
6695.9500 0.16872017
6696.0000 0.16735103
6696.0500 0.16598188
6696.1000 0.16461273
6696.1500 0.16324358
6696.2000 0.16161641
6696.2500 0.15859038
6696.3000 0.15556435
6696.3500 0.15253832
6696.4000 0.14951229
6696.4500 0.14648627
6696.5000 0.14346024
6696.5500 0.14098393
6696.6000 0.13999873
6696.6500 0.13901354
6696.7000 0.13802834
6696.7500 0.13704315
6696.8000 0.13605796
6696.8500 0.13507276
6696.9000 0.13375451
6696.9500 0.13190882
6697.0000 0.13006313
6697.0500 0.12821745
6697.1000 0.12637176
6697.1500 0.12452607
6697.2000 0.12268038
6697.2500 0.12376246
6697.3000 0.12767096
6697.3500 0.13157946
6697.4000 0.13548795
6697.4500 0.13939645
6697.5000 0.14330495
6697.5500 0.14721345
6697.6000 0.14589841
6697.6500 0.14157586
6697.7000 0.13725332
6697.7500 0.13293078
6697.8000 0.12860824
6697.8500 0.1242857
6697.9000 0.11996316
6697.9500 0.117635
6698.0000 0.11592128
6698.0500 0.11420756
6698.1000 0.11249385
6698.1500 0.11078013
6698.2000 0.10906641
6698.2500 0.1073527
6698.3000 0.11239004
6698.3500 0.11819101
6698.4000 0.12399198
6698.4500 0.12979294
6698.5000 0.13559391
6698.5500 0.14139487
6698.6000 0.14698234
6698.6500 0.14690717
6698.7000 0.146832
6698.7500 0.14675684
6698.8000 0.14668167
6698.8500 0.14660651
6698.9000 0.14653134
6698.9500 0.14695354
6699.0000 0.14966747
6699.0500 0.15238141
6699.1000 0.15509534
6699.1500 0.15780928
6699.2000 0.16052321
6699.2500 0.16323714
6699.3000 0.16670539
6699.3500 0.17174492
6699.4000 0.17678446
6699.4500 0.18182399
6699.5000 0.18686353
6699.5500 0.19190306
6699.6000 0.1969426
6699.6500 0.19756101
6699.7000 0.19328122
6699.7500 0.18900143
6699.8000 0.18472164
6699.8500 0.18044185
6699.9000 0.17616207
6699.9500 0.17188228
6700.0000 0.17070524
6700.0500 0.1713623
6700.1000 0.17201937
6700.1500 0.17267643
6700.2000 0.17333349
6700.2500 0.17399056
6700.3000 0.17464762
6700.3500 0.17264326
6700.4000 0.16991684
6700.4500 0.16719042
6700.5000 0.16446399
6700.5500 0.16173757
6700.6000 0.15901115
6700.6500 0.15628473
6700.7000 0.15707737
6700.7500 0.15806023
6700.8000 0.1590431
6700.8500 0.16002596
6700.9000 0.16100883
6700.9500 0.1619917
6701.0000 0.16261995
6701.0500 0.16051528
6701.1000 0.15841062
6701.1500 0.15630596
6701.2000 0.15420129
6701.2500 0.15209663
6701.3000 0.14999197
6701.3500 0.14925722
6701.4000 0.15195926
6701.4500 0.1546613
6701.5000 0.15736333
6701.5500 0.16006537
6701.6000 0.1627674
6701.6500 0.16546944
6701.7000 0.16408423
6701.7500 0.15788464
6701.8000 0.15168505
6701.8500 0.14548546
6701.9000 0.13928587
6701.9500 0.13308628
6702.0000 0.12688669
6702.0500 0.12421965
6702.1000 0.12356295
6702.1500 0.12290625
6702.2000 0.12224955
6702.2500 0.12159285
6702.3000 0.12093616
6702.3500 0.12027946
6702.4000 0.12103383
6702.4500 0.12209907
6702.5000 0.1231643
6702.5500 0.12422954
6702.6000 0.12529478
6702.6500 0.12636002
6702.7000 0.12741701
6702.7500 0.12701335
6702.8000 0.12660969
6702.8500 0.12620603
6702.9000 0.12580238
6702.9500 0.12539872
6703.0000 0.12499506
6703.0500 0.12532728
6703.1000 0.1286828
6703.1500 0.13203832
6703.2000 0.13539384
6703.2500 0.13874936
6703.3000 0.14210488
6703.3500 0.1454604
6703.4000 0.14915465
6703.4500 0.15337899
6703.5000 0.15760333
6703.5500 0.16182767
6703.6000 0.166052
6703.6500 0.17027634
6703.7000 0.17450068
6703.7500 0.17574104
6703.8000 0.17489043
6703.8500 0.17403982
6703.9000 0.17318921
6703.9500 0.1723386
6704.0000 0.17148799
6704.0500 0.17063737
6704.1000 0.16904068
6704.1500 0.16724573
6704.2000 0.16545078
6704.2500 0.16365583
6704.3000 0.16186089
6704.3500 0.16006594
6704.4000 0.15827099
6704.4500 0.15882333
6704.5000 0.15938481
6704.5500 0.15994629
6704.6000 0.16050777
6704.6500 0.16106925
6704.7000 0.16163073
6704.7500 0.16190387
6704.8000 0.16106665
6704.8500 0.16022943
6704.9000 0.15939221
6704.9500 0.15855498
6705.0000 0.15771776
6705.0500 0.15688054
6705.1000 0.15672599
6705.1500 0.15751366
6705.2000 0.15830132
6705.2500 0.15908899
6705.3000 0.15987666
6705.3500 0.16066433
6705.4000 0.16145199
6705.4500 0.16287839
6705.5000 0.16466706
6705.5500 0.16645573
6705.6000 0.1682444
6705.6500 0.17003307
6705.7000 0.17182174
6705.7500 0.17361041
6705.8000 0.17553317
6705.8500 0.17747776
6705.9000 0.17942235
6705.9500 0.18136694
6706.0000 0.18331153
6706.0500 0.18525611
6706.1000 0.1869613
6706.1500 0.18611723
6706.2000 0.18527316
6706.2500 0.1844291
6706.3000 0.18358503
6706.3500 0.18274096
6706.4000 0.1818969
6706.4500 0.18052656
6706.5000 0.17801527
6706.5500 0.17550398
6706.6000 0.17299268
6706.6500 0.17048139
6706.7000 0.1679701
6706.7500 0.16545881
6706.8000 0.16222881
6706.8500 0.15840936
6706.9000 0.15458992
6706.9500 0.15077047
6707.0000 0.14695102
6707.0500 0.14313158
6707.1000 0.13931213
6707.1500 0.13809725
6707.2000 0.13758686
6707.2500 0.13707646
6707.3000 0.13656607
6707.3500 0.13605567
6707.4000 0.13554527
6707.4500 0.13512121
6707.5000 0.13761556
6707.5500 0.1401099
6707.6000 0.14260425
6707.6500 0.14509859
6707.7000 0.14759294
6707.7500 0.15008728
6707.8000 0.15072064
6707.8500 0.14643036
6707.9000 0.14214008
6707.9500 0.1378498
6708.0000 0.13355952
6708.0500 0.12926923
6708.1000 0.12497895
6708.1500 0.12433938
6708.2000 0.12701898
6708.2500 0.12969859
6708.3000 0.13237819
6708.3500 0.13505779
6708.4000 0.1377374
6708.4500 0.140417
6708.5000 0.14585168
6708.5500 0.15207617
6708.6000 0.15830066
6708.6500 0.16452515
6708.7000 0.17074964
6708.7500 0.17697413
6708.8000 0.18291608
6708.8500 0.18095772
6708.9000 0.17899936
6708.9500 0.177041
6709.0000 0.17508264
6709.0500 0.17312428
6709.1000 0.17116593
6709.1500 0.17053834
6709.2000 0.17307925
6709.2500 0.17562016
6709.3000 0.17816107
6709.3500 0.18070198
6709.4000 0.18324289
6709.4500 0.1857838
6709.5000 0.18645714
6709.5500 0.18566865
6709.6000 0.18488017
6709.6500 0.18409169
6709.7000 0.18330321
6709.7500 0.18251473
6709.8000 0.18172625
6709.8500 0.1816462
6709.9000 0.18171125
6709.9500 0.18177631
6710.0000 0.18184136
6710.0500 0.18190641
6710.1000 0.18197146
6710.1500 0.18204121
6710.2000 0.18215185
6710.2500 0.18226249
6710.3000 0.18237314
6710.3500 0.18248378
6710.4000 0.18259442
6710.4500 0.18270506
6710.5000 0.18264449
6710.5500 0.18230438
6710.6000 0.18196427
6710.6500 0.18162416
6710.7000 0.18128405
6710.7500 0.18094394
6710.8000 0.18060383
6710.8500 0.18202795
6710.9000 0.18435845
6710.9500 0.18668896
6711.0000 0.18901946
6711.0500 0.19134997
6711.1000 0.19368048
6711.1500 0.19601098
6711.2000 0.19186992
6711.2500 0.18735409
6711.3000 0.18283826
6711.3500 0.17832243
6711.4000 0.17380661
6711.4500 0.16929078
6711.5000 0.16669705
6711.5500 0.17040225
6711.6000 0.17410746
6711.6500 0.17781266
6711.7000 0.18151786
6711.7500 0.18522307
6711.8000 0.18892827
6711.8500 0.18967661
6711.9000 0.18776282
6711.9500 0.18584904
6712.0000 0.18393525
6712.0500 0.18202147
6712.1000 0.18010768
6712.1500 0.1781939
6712.2000 0.17233758
6712.2500 0.16563062
6712.3000 0.15892366
6712.3500 0.15221669
6712.4000 0.14550973
6712.4500 0.13880277
6712.5000 0.13284102
6712.5500 0.13220714
6712.6000 0.13157326
6712.6500 0.13093937
6712.7000 0.13030549
6712.7500 0.12967161
6712.8000 0.12903773
6712.8500 0.12959282
6712.9000 0.131745
6712.9500 0.13389718
6713.0000 0.13604936
6713.0500 0.13820155
6713.1000 0.14035373
6713.1500 0.14250591
6713.2000 0.14226617
6713.2500 0.14116257
6713.3000 0.14005897
6713.3500 0.13895537
6713.4000 0.13785177
6713.4500 0.13674817
6713.5000 0.13573935
6713.5500 0.13667645
6713.6000 0.13761355
6713.6500 0.13855066
6713.7000 0.13948776
6713.7500 0.14042486
6713.8000 0.14136196
6713.8500 0.14340386
6713.9000 0.14739223
6713.9500 0.15138061
6714.0000 0.15536898
6714.0500 0.15935736
6714.1000 0.16334573
6714.1500 0.16733411
6714.2000 0.17086762
6714.2500 0.17418861
6714.3000 0.1775096
6714.3500 0.18083059
6714.4000 0.18415159
6714.4500 0.18747258
6714.5000 0.19077341
6714.5500 0.18998221
6714.6000 0.189191
6714.6500 0.1883998
6714.7000 0.18760859
6714.7500 0.18681739
6714.8000 0.18602618
6714.8500 0.18539605
6714.9000 0.18508988
6714.9500 0.18478371
6715.0000 0.18447754
6715.0500 0.18417137
6715.1000 0.1838652
6715.1500 0.18355903
6715.2000 0.18284649
6715.2500 0.18192751
6715.3000 0.18100852
6715.3500 0.18008954
6715.4000 0.17917055
6715.4500 0.17825157
6715.5000 0.17733258
6715.5500 0.18052857
6715.6000 0.18373293
6715.6500 0.18693728
6715.7000 0.19014164
6715.7500 0.193346
6715.8000 0.19655035
6715.8500 0.1966243
6715.9000 0.19053038
6715.9500 0.18443646
6716.0000 0.17834253
6716.0500 0.17224861
6716.1000 0.16615469
6716.1500 0.16006077
6716.2000 0.15815112
6716.2500 0.15821789
6716.3000 0.15828467
6716.3500 0.15835144
6716.4000 0.15841822
6716.4500 0.15848499
6716.5000 0.15857723
6716.5500 0.15964122
6716.6000 0.16070522
6716.6500 0.16176921
6716.7000 0.1628332
6716.7500 0.16389719
6716.8000 0.16496118
6716.8500 0.1655538
6716.9000 0.16536315
6716.9500 0.16517251
6717.0000 0.16498186
6717.0500 0.16479122
6717.1000 0.16460058
6717.1500 0.16440993
6717.2000 0.16794433
6717.2500 0.17285864
6717.3000 0.17777294
6717.3500 0.18268725
6717.4000 0.18760155
6717.4500 0.19251585
6717.5000 0.19664734
6717.5500 0.19261435
6717.6000 0.18858137
6717.6500 0.18454838
6717.7000 0.18051539
6717.7500 0.17648241
6717.8000 0.17244942
6717.8500 0.17015377
6717.9000 0.16998925
6717.9500 0.16982474
6718.0000 0.16966023
6718.0500 0.16949571
6718.1000 0.1693312
6718.1500 0.16916669
6718.2000 0.1658892
6718.2500 0.16190279
6718.3000 0.15791638
6718.3500 0.15392997
6718.4000 0.14994356
6718.4500 0.14595715
6718.5000 0.14239615
6718.5500 0.14072522
6718.6000 0.13905429
6718.6500 0.13738335
6718.7000 0.13571242
6718.7500 0.13404149
6718.8000 0.13237056
6718.8500 0.12888736
6718.9000 0.12396123
6718.9500 0.1190351
6719.0000 0.11410897
6719.0500 0.10918284
6719.1000 0.10425671
6719.1500 0.09933058
6719.2000 0.10496516
6719.2500 0.11135167
6719.3000 0.11773818
6719.3500 0.12412469
6719.4000 0.1305112
6719.4500 0.13689771
6719.5000 0.14187784
6719.5500 0.14378715
6719.6000 0.14569646
6719.6500 0.14760577
6719.7000 0.14951508
6719.7500 0.15142439
6719.8000 0.1533337
6719.8500 0.15591075
6719.9000 0.15877604
6719.9500 0.16164133
6720.0000 0.16450662
6720.0500 0.16737191
6720.1000 0.1702372
6720.1500 0.17273275
6720.2000 0.17133066
6720.2500 0.16992857
6720.3000 0.16852648
6720.3500 0.16712439
6720.4000 0.1657223
6720.4500 0.16432022
6720.5000 0.16576167
6720.5500 0.17030132
6720.6000 0.17484097
6720.6500 0.17938063
6720.7000 0.18392028
6720.7500 0.18845993
6720.8000 0.19299958
6720.8500 0.18851594
6720.9000 0.18273462
6720.9500 0.17695331
6721.0000 0.17117199
6721.0500 0.16539067
6721.1000 0.15960936
6721.1500 0.15651969
6721.2000 0.16057142
6721.2500 0.16462315
6721.3000 0.16867488
6721.3500 0.17272661
6721.4000 0.17677834
6721.4500 0.18083007
6721.5000 0.17989266
6721.5500 0.17657451
6721.6000 0.17325636
6721.6500 0.16993821
6721.7000 0.16662006
6721.7500 0.16330191
6721.8000 0.16025475
6721.8500 0.16016447
6721.9000 0.16007419
6721.9500 0.15998391
6722.0000 0.15989363
6722.0500 0.15980335
6722.1000 0.15971307
6722.1500 0.16089407
6722.2000 0.16337361
6722.2500 0.16585314
6722.3000 0.16833268
6722.3500 0.17081221
6722.4000 0.17329175
6722.4500 0.17577129
6722.5000 0.17627178
6722.5500 0.17657461
6722.6000 0.17687744
6722.6500 0.17718026
6722.7000 0.17748309
6722.7500 0.17778592
6722.8000 0.17662414
6722.8500 0.17245391
6722.9000 0.16828368
6722.9500 0.16411346
6723.0000 0.15994323
6723.0500 0.155773
6723.1000 0.15160278
6723.1500 0.14685528
6723.2000 0.14191476
6723.2500 0.13697424
6723.3000 0.13203372
6723.3500 0.1270932
6723.4000 0.12215267
6723.4500 0.11850234
6723.5000 0.1209287
6723.5500 0.12335505
6723.6000 0.12578141
6723.6500 0.12820776
6723.7000 0.13063412
6723.7500 0.13306048
6723.8000 0.14000164
6723.8500 0.14989555
6723.9000 0.15978946
6723.9500 0.16968337
6724.0000 0.17957728
6724.0500 0.18947119
6724.1000 0.1990462
6724.1500 0.20049817
6724.2000 0.20195015
6724.2500 0.20340212
6724.3000 0.2048541
6724.3500 0.20630607
6724.4000 0.20775804
6724.4500 0.20763596
6724.5000 0.20577194
6724.5500 0.20390792
6724.6000 0.2020439
6724.6500 0.20017988
6724.7000 0.19831586
6724.7500 0.19645185
6724.8000 0.19798771
6724.8500 0.1998381
6724.9000 0.20168848
6724.9500 0.20353887
6725.0000 0.20538926
6725.0500 0.20723964
6725.1000 0.20695411
6725.1500 0.202866
6725.2000 0.19877789
6725.2500 0.19468978
6725.3000 0.19060168
6725.3500 0.18651357
6725.4000 0.18242546
6725.4500 0.18249561
6725.5000 0.1835555
6725.5500 0.1846154
6725.6000 0.1856753
6725.6500 0.1867352
6725.7000 0.18779509
6725.7500 0.18813528
6725.8000 0.18642188
6725.8500 0.18470848
6725.9000 0.18299508
6725.9500 0.18128168
6726.0000 0.17956828
6726.0500 0.17785488
6726.1000 0.18101538
6726.1500 0.18611864
6726.2000 0.1912219
6726.2500 0.19632516
6726.3000 0.20142842
6726.3500 0.20653169
6726.4000 0.21032113
6726.4500 0.20788151
6726.5000 0.20544189
6726.5500 0.20300226
6726.6000 0.20056264
6726.6500 0.19812302
6726.7000 0.1956834
6726.7500 0.19477283
6726.8000 0.19473339
6726.8500 0.19469395
6726.9000 0.1946545
6726.9500 0.19461506
6727.0000 0.19457561
6727.0500 0.19374499
6727.1000 0.18607112
6727.1500 0.17839725
6727.2000 0.17072338
6727.2500 0.16304951
6727.3000 0.15537563
6727.3500 0.14770176
6727.4000 0.14394889
6727.4500 0.1431073
6727.5000 0.1422657
6727.5500 0.1414241
6727.6000 0.1405825
6727.6500 0.13974091
6727.7000 0.13920197
6727.7500 0.14468662
6727.8000 0.15017127
6727.8500 0.15565592
6727.9000 0.16114057
6727.9500 0.16662522
6728.0000 0.17210987
6728.0500 0.17467548
6728.1000 0.17460502
6728.1500 0.17453456
6728.2000 0.1744641
6728.2500 0.17439363
6728.3000 0.17432317
6728.3500 0.17427902
6728.4000 0.17809308
6728.4500 0.18190714
6728.5000 0.18572119
6728.5500 0.18953525
6728.6000 0.19334931
6728.6500 0.19716336
6728.7000 0.19829084
6728.7500 0.19664161
6728.8000 0.19499237
6728.8500 0.19334313
6728.9000 0.1916939
6728.9500 0.19004466
6729.0000 0.18839542
6729.0500 0.18325895
6729.1000 0.17805275
6729.1500 0.17284654
6729.2000 0.16764034
6729.2500 0.16243414
6729.3000 0.15722793
6729.3500 0.15098674
6729.4000 0.14359104
6729.4500 0.13619534
6729.5000 0.12879964
6729.5500 0.12140394
6729.6000 0.11400824
6729.6500 0.10661254
6729.7000 0.10656554
6729.7500 0.10675618
6729.8000 0.10694682
6729.8500 0.10713746
6729.9000 0.1073281
6729.9500 0.10751874
6730.0000 0.10869745
6730.0500 0.110998
6730.1000 0.11329855
6730.1500 0.11559909
6730.2000 0.11789964
6730.2500 0.12020018
6730.3000 0.12250073
6730.3500 0.12866927
6730.4000 0.13495097
6730.4500 0.14123267
6730.5000 0.14751436
6730.5500 0.15379606
6730.6000 0.16007776
6730.6500 0.16319843
6730.7000 0.16287408
6730.7500 0.16254972
6730.8000 0.16222537
6730.8500 0.16190101
6730.9000 0.16157666
6730.9500 0.1612523
6731.0000 0.16257805
6731.0500 0.16392202
6731.1000 0.16526599
6731.1500 0.16660997
6731.2000 0.16795394
6731.2500 0.16929791
6731.3000 0.17010742
6731.3500 0.17038944
6731.4000 0.17067146
6731.4500 0.17095348
6731.5000 0.1712355
6731.5500 0.17151751
6731.6000 0.17171973
6731.6500 0.16822448
6731.7000 0.16472924
6731.7500 0.16123399
6731.8000 0.15773875
6731.8500 0.1542435
6731.9000 0.15074825
6731.9500 0.14762619
6732.0000 0.1448187
6732.0500 0.14201121
6732.1000 0.13920372
6732.1500 0.13639624
6732.2000 0.13358875
6732.2500 0.13144275
6732.3000 0.13840534
6732.3500 0.14536792
6732.4000 0.15233051
6732.4500 0.15929309
6732.5000 0.16625568
6732.5500 0.17321827
6732.6000 0.17774362
6732.6500 0.18061984
6732.7000 0.18349607
6732.7500 0.18637229
6732.8000 0.18924852
6732.8500 0.19212475
6732.9000 0.19466356
6732.9500 0.19491968
6733.0000 0.1951758
6733.0500 0.19543192
6733.1000 0.19568804
6733.1500 0.19594416
6733.2000 0.19620028
6733.2500 0.19200251
6733.3000 0.18555839
6733.3500 0.17911426
6733.4000 0.17267014
6733.4500 0.16622602
6733.5000 0.1597819
6733.5500 0.15425743
6733.6000 0.15231463
6733.6500 0.15037183
6733.7000 0.14842904
6733.7500 0.14648624
6733.8000 0.14454344
6733.8500 0.14260064
6733.9000 0.14384005
6733.9500 0.14615447
6734.0000 0.14846888
6734.0500 0.1507833
6734.1000 0.15309772
6734.1500 0.15541213
6734.2000 0.15997805
6734.2500 0.16994372
6734.3000 0.1799094
6734.3500 0.18987507
6734.4000 0.19984075
6734.4500 0.20980643
6734.5000 0.2197721
6734.5500 0.21884823
6734.6000 0.21592143
6734.6500 0.21299462
6734.7000 0.21006782
6734.7500 0.20714101
6734.8000 0.20421421
6734.8500 0.20392616
6734.9000 0.20761915
6734.9500 0.21131215
6735.0000 0.21500515
6735.0500 0.21869814
6735.1000 0.22239114
6735.1500 0.22608413
6735.2000 0.226942
6735.2500 0.22766994
6735.3000 0.22839787
6735.3500 0.22912581
6735.4000 0.22985374
6735.4500 0.23058168
6735.5000 0.23254243
6735.5500 0.23565341
6735.6000 0.23876438
6735.6500 0.24187536
6735.7000 0.24498634
6735.7500 0.24809732
6735.8000 0.25042848
6735.8500 0.24403612
6735.9000 0.23764375
6735.9500 0.23125139
6736.0000 0.22485902
6736.0500 0.21846666
6736.1000 0.2120743
6736.1500 0.20885695
6736.2000 0.20734649
6736.2500 0.20583603
6736.3000 0.20432557
6736.3500 0.20281511
6736.4000 0.20130465
6736.4500 0.19962321
6736.5000 0.19734345
6736.5500 0.19506369
6736.6000 0.19278393
6736.6500 0.19050416
6736.7000 0.1882244
6736.7500 0.18594464
6736.8000 0.18460063
6736.8500 0.18349394
6736.9000 0.18238724
6736.9500 0.18128055
6737.0000 0.18017385
6737.0500 0.17906715
6737.1000 0.17449796
6737.1500 0.16419997
6737.2000 0.15390199
6737.2500 0.14360401
6737.3000 0.13330603
6737.3500 0.12300805
6737.4000 0.11271007
6737.4500 0.10735876
6737.5000 0.10221735
6737.5500 0.09707595
6737.6000 0.09193454
6737.6500 0.08679313
6737.7000 0.08165172
6737.7500 0.08646269
6737.8000 0.09956815
6737.8500 0.11267361
6737.9000 0.12577907
6737.9500 0.13888453
6738.0000 0.15198999
6738.0500 0.16461433
6738.1000 0.17415901
6738.1500 0.1837037
6738.2000 0.19324838
6738.2500 0.20279307
6738.3000 0.21233775
6738.3500 0.22188243
6738.4000 0.22099911
6738.4500 0.21622659
6738.5000 0.21145408
6738.5500 0.20668156
6738.6000 0.20190905
6738.6500 0.19713653
6738.7000 0.1915853
6738.7500 0.18441773
6738.8000 0.17725017
6738.8500 0.17008261
6738.9000 0.16291505
6738.9500 0.15574749
6739.0000 0.14857992
6739.0500 0.14912716
6739.1000 0.15029578
6739.1500 0.1514644
6739.2000 0.15263302
6739.2500 0.15380163
6739.3000 0.15497025
6739.3500 0.15813329
6739.4000 0.16306979
6739.4500 0.1680063
6739.5000 0.1729428
6739.5500 0.17787931
6739.6000 0.18281582
6739.6500 0.1874005
6739.7000 0.18976355
6739.7500 0.1921266
6739.8000 0.19448965
6739.8500 0.1968527
6739.9000 0.19921575
6739.9500 0.20157879
6740.0000 0.2021262
6740.0500 0.20206072
6740.1000 0.20199524
6740.1500 0.20192976
6740.2000 0.20186428
6740.2500 0.2017988
6740.3000 0.20122441
6740.3500 0.1997534
6740.4000 0.19828239
6740.4500 0.19681138
6740.5000 0.19534037
6740.5500 0.19386936
6740.6000 0.19239835
6740.6500 0.18676708
6740.7000 0.18105108
6740.7500 0.17533508
6740.8000 0.16961909
6740.8500 0.16390309
6740.9000 0.15818709
6740.9500 0.1595171
6741.0000 0.16551474
6741.0500 0.17151238
6741.1000 0.17751003
6741.1500 0.18350767
6741.2000 0.18950531
6741.2500 0.19487001
6741.3000 0.19807336
6741.3500 0.20127672
6741.4000 0.20448007
6741.4500 0.20768343
6741.5000 0.21088678
6741.5500 0.21409014
6741.6000 0.21277712
6741.6500 0.21069826
6741.7000 0.2086194
6741.7500 0.20654053
6741.8000 0.20446167
6741.8500 0.2023828
6741.9000 0.20133587
6741.9500 0.20137589
6742.0000 0.20141591
6742.0500 0.20145592
6742.1000 0.20149594
6742.1500 0.20153596
6742.2000 0.20186233
6742.2500 0.20423955
6742.3000 0.20661677
6742.3500 0.20899398
6742.4000 0.2113712
6742.4500 0.21374842
6742.5000 0.21612563
6742.5500 0.21662741
6742.6000 0.21654185
6742.6500 0.2164563
6742.7000 0.21637075
6742.7500 0.21628519
6742.8000 0.21619964
6742.8500 0.21650202
6742.9000 0.2173767
6742.9500 0.21825137
6743.0000 0.21912604
6743.0500 0.22000071
6743.1000 0.22087538
6743.1500 0.22142651
6743.2000 0.21582819
6743.2500 0.21022987
6743.3000 0.20463155
6743.3500 0.19903324
6743.4000 0.19343492
6743.4500 0.1878366
6743.5000 0.18066903
6743.5500 0.17282715
6743.6000 0.16498526
6743.6500 0.15714338
6743.7000 0.1493015
6743.7500 0.14145961
6743.8000 0.13708663
6743.8500 0.13908889
6743.9000 0.14109115
6743.9500 0.14309341
6744.0000 0.14509566
6744.0500 0.14709792
6744.1000 0.14913324
6744.1500 0.15489405
6744.2000 0.16065487
6744.2500 0.16641568
6744.3000 0.17217649
6744.3500 0.17793731
6744.4000 0.18369812
6744.4500 0.1882076
6744.5000 0.19209708
6744.5500 0.19598655
6744.6000 0.19987602
6744.6500 0.20376549
6744.7000 0.20765496
6744.7500 0.21121963
6744.8000 0.21413087
6744.8500 0.21704212
6744.9000 0.21995336
6744.9500 0.2228646
6745.0000 0.22577585
6745.0500 0.22868709
6745.1000 0.22769115
6745.1500 0.22669068
6745.2000 0.22569022
6745.2500 0.22468975
6745.3000 0.22368929
6745.3500 0.22268882
6745.4000 0.21842833
6745.4500 0.2125557
6745.5000 0.20668308
6745.5500 0.20081045
6745.6000 0.19493783
6745.6500 0.1890652
6745.7000 0.18617478
6745.7500 0.18900071
6745.8000 0.19182663
6745.8500 0.19465256
6745.9000 0.19747848
6745.9500 0.20030441
6746.0000 0.20289874
6746.0500 0.19415315
6746.1000 0.18540757
6746.1500 0.17666198
6746.2000 0.1679164
6746.2500 0.15917082
6746.3000 0.15042523
6746.3500 0.14048223
6746.4000 0.13002761
6746.4500 0.11957298
6746.5000 0.10911836
6746.5500 0.09866373
6746.6000 0.08820911
6746.6500 0.08578043
6746.7000 0.09618878
6746.7500 0.10659714
6746.8000 0.11700549
6746.8500 0.12741384
6746.9000 0.1378222
6746.9500 0.14814452
6747.0000 0.15736129
6747.0500 0.16657806
6747.1000 0.17579483
6747.1500 0.1850116
6747.2000 0.19422837
6747.2500 0.20344514
6747.3000 0.20786679
6747.3500 0.21080009
6747.4000 0.21373339
6747.4500 0.21666669
6747.5000 0.21959999
6747.5500 0.22253329
6747.6000 0.22323112
6747.6500 0.22127809
6747.7000 0.21932506
6747.7500 0.21737204
6747.8000 0.21541901
6747.8500 0.21346598
6747.9000 0.21190625
6747.9500 0.21248593
6748.0000 0.21306562
6748.0500 0.2136453
6748.1000 0.21422499
6748.1500 0.21480467
6748.2000 0.21538436
6748.2500 0.21350462
6748.3000 0.21121281
6748.3500 0.208921
6748.4000 0.20662919
6748.4500 0.20433738
6748.5000 0.20204557
6748.5500 0.20165565
6748.6000 0.20275331
6748.6500 0.20385096
6748.7000 0.20494862
6748.7500 0.20604627
6748.8000 0.20714392
6748.8500 0.20643544
6748.9000 0.20082282
6748.9500 0.19521021
6749.0000 0.18959759
6749.0500 0.18398497
6749.1000 0.17837236
6749.1500 0.17275974
6749.2000 0.1737316
6749.2500 0.17483367
6749.3000 0.17593574
6749.3500 0.17703781
6749.4000 0.17813988
6749.4500 0.17924195
6749.5000 0.17567012
6749.5500 0.17005161
6749.6000 0.1644331
6749.6500 0.15881459
6749.7000 0.15319609
6749.7500 0.14757758
6749.8000 0.14780007
6749.8500 0.15629996
6749.9000 0.16479985
6749.9500 0.17329974
6750.0000 0.18179963
6750.0500 0.19029952
6750.1000 0.19800743
6750.1500 0.2006566
6750.2000 0.20330578
6750.2500 0.20595495
6750.3000 0.20860413
6750.3500 0.2112533
6750.4000 0.21390247
6750.4500 0.21258528
6750.5000 0.21062459
6750.5500 0.2086639
6750.6000 0.2067032
6750.6500 0.20474251
6750.7000 0.20278181
6750.7500 0.20233808
6750.8000 0.20295357
6750.8500 0.20356906
6750.9000 0.20418455
6750.9500 0.20480004
6751.0000 0.20541553
6751.0500 0.20288356
6751.1000 0.19368322
6751.1500 0.18448288
6751.2000 0.17528254
6751.2500 0.1660822
6751.3000 0.15688185
6751.3500 0.14810244
6751.4000 0.14643925
6751.4500 0.14477607
6751.5000 0.14311288
6751.5500 0.1414497
6751.6000 0.13978651
6751.6500 0.13812333
6751.7000 0.14399557
6751.7500 0.15181786
6751.8000 0.15964016
6751.8500 0.16746245
6751.9000 0.17528475
6751.9500 0.18310705
6752.0000 0.19035696
6752.0500 0.19711208
6752.1000 0.20386721
6752.1500 0.21062233
6752.2000 0.21737746
6752.2500 0.22413258
6752.3000 0.22821823
6752.3500 0.22549598
6752.4000 0.22277372
6752.4500 0.22005147
6752.5000 0.21732922
6752.5500 0.21460696
6752.6000 0.21204021
6752.6500 0.21444319
6752.7000 0.21684617
6752.7500 0.21924915
6752.8000 0.22165213
6752.8500 0.22405511
6752.9000 0.2264581
6752.9500 0.22508558
6753.0000 0.22266286
6753.0500 0.22024014
6753.1000 0.21781742
6753.1500 0.21539469
6753.2000 0.21297197
6753.2500 0.21461943
6753.3000 0.21976547
6753.3500 0.22491152
6753.4000 0.23005756
6753.4500 0.2352036
6753.5000 0.24034965
6753.5500 0.24343537
6753.6000 0.24163257
6753.6500 0.23982978
6753.7000 0.23802698
6753.7500 0.23622418
6753.8000 0.23442138
6753.8500 0.23257125
6753.9000 0.22996036
6753.9500 0.22734947
6754.0000 0.22473858
6754.0500 0.22212769
6754.1000 0.2195168
6754.1500 0.21690591
6754.2000 0.21866441
6754.2500 0.22135609
6754.3000 0.22404778
6754.3500 0.22673946
6754.4000 0.22943115
6754.4500 0.23212283
6754.5000 0.22847862
6754.5500 0.22048183
6754.6000 0.21248504
6754.6500 0.20448825
6754.7000 0.19649146
6754.7500 0.18849467
6754.8000 0.18400368
6754.8500 0.185615
6754.9000 0.18722632
6754.9500 0.18883764
6755.0000 0.19044896
6755.0500 0.19206028
6755.1000 0.19389172
6755.1500 0.19707187
6755.2000 0.20025202
6755.2500 0.20343217
6755.3000 0.20661232
6755.3500 0.20979247
6755.4000 0.21297261
6755.4500 0.21441421
6755.5000 0.21570272
6755.5500 0.21699122
6755.6000 0.21827973
6755.6500 0.21956824
6755.7000 0.22085674
6755.7500 0.22442998
6755.8000 0.22897705
6755.8500 0.23352411
6755.9000 0.23807117
6755.9500 0.24261824
6756.0000 0.2471653
6756.0500 0.24756955
6756.1000 0.24360189
6756.1500 0.23963423
6756.2000 0.23566657
6756.2500 0.23169891
6756.3000 0.22773125
6756.3500 0.22587407
6756.4000 0.22957365
6756.4500 0.23327322
6756.5000 0.23697279
6756.5500 0.24067237
6756.6000 0.24437194
6756.6500 0.24767484
6756.7000 0.2454786
6756.7500 0.24328235
6756.8000 0.24108611
6756.8500 0.23888987
6756.9000 0.23669363
6756.9500 0.23449738
6757.0000 0.23305075
6757.0500 0.23172351
6757.1000 0.23039628
6757.1500 0.22906904
6757.2000 0.2277418
6757.2500 0.22641457
6757.3000 0.22799434
6757.3500 0.23106341
6757.4000 0.23413248
6757.4500 0.23720155
6757.5000 0.24027063
6757.5500 0.2433397
6757.6000 0.24296623
6757.6500 0.23860266
6757.7000 0.23423909
6757.7500 0.22987552
6757.8000 0.22551195
6757.8500 0.22114838
6757.9000 0.2195614
6757.9500 0.22554339
6758.0000 0.23152538
6758.0500 0.23750737
6758.1000 0.24348936
6758.1500 0.24947135
6758.2000 0.25473414
6758.2500 0.25136288
6758.3000 0.24799162
6758.3500 0.24462036
6758.4000 0.2412491
6758.4500 0.23787784
6758.5000 0.23450658
6758.5500 0.23583502
6758.6000 0.23775211
6758.6500 0.2396692
6758.7000 0.2415863
6758.7500 0.24350339
6758.8000 0.24542048
6758.8500 0.2467846
6758.9000 0.24791595
6758.9500 0.2490473
6759.0000 0.25017865
6759.0500 0.25131
6759.1000 0.25244135
6759.1500 0.25375316
6759.2000 0.25523013
6759.2500 0.25670711
6759.3000 0.25818408
6759.3500 0.25966106
6759.4000 0.26113803
6759.4500 0.26152709
6759.5000 0.25983914
6759.5500 0.25815119
6759.6000 0.25646323
6759.6500 0.25477528
6759.7000 0.25308733
6759.7500 0.25138222
6759.8000 0.24959254
6759.8500 0.24780286
6759.9000 0.24601318
6759.9500 0.2442235
6760.0000 0.24243382
6760.0500 0.24064415
6760.1000 0.23941424
6760.1500 0.23818614
6760.2000 0.23695804
6760.2500 0.23572994
6760.3000 0.23450184
6760.3500 0.23327375
6760.4000 0.23036304
6760.4500 0.22710333
6760.5000 0.22384361
6760.5500 0.22058389
6760.6000 0.21732418
6760.6500 0.21406446
6760.7000 0.2101746
6760.7500 0.20596427
6760.8000 0.20175395
6760.8500 0.19754362
6760.9000 0.19333329
6760.9500 0.18912297
6761.0000 0.18700017
6761.0500 0.18695815
6761.1000 0.18691613
6761.1500 0.18687412
6761.2000 0.1868321
6761.2500 0.18679009
6761.3000 0.18852989
6761.3500 0.19369812
6761.4000 0.19886635
6761.4500 0.20403459
6761.5000 0.20920282
6761.5500 0.21437106
6761.6000 0.21866947
6761.6500 0.21917135
6761.7000 0.21967322
6761.7500 0.2201751
6761.8000 0.22067698
6761.8500 0.22117885
6761.9000 0.22178865
6761.9500 0.22545917
6762.0000 0.2291297
6762.0500 0.23280022
6762.1000 0.23647074
6762.1500 0.24014127
6762.2000 0.24381179
6762.2500 0.24533731
6762.3000 0.24658396
6762.3500 0.24783062
6762.4000 0.24907727
6762.4500 0.25032393
6762.5000 0.25157058
6762.5500 0.25242284
6762.6000 0.25313585
6762.6500 0.25384886
6762.7000 0.25456187
6762.7500 0.25527489
6762.8000 0.2559879
6762.8500 0.25632242
6762.9000 0.25640085
6762.9500 0.25647927
6763.0000 0.2565577
6763.0500 0.25663612
6763.1000 0.25671455
6763.1500 0.25643181
6763.2000 0.25571996
6763.2500 0.25500811
6763.3000 0.25429626
6763.3500 0.25358441
6763.4000 0.25287257
6763.4500 0.25111393
6763.5000 0.24713903
6763.5500 0.24316412
6763.6000 0.23918922
6763.6500 0.23521431
6763.7000 0.23123941
6763.7500 0.22844087
6763.8000 0.2307296
6763.8500 0.23301833
6763.9000 0.23530707
6763.9500 0.2375958
6764.0000 0.23988454
6764.0500 0.24212843
6764.1000 0.24364436
6764.1500 0.24516029
6764.2000 0.24667622
6764.2500 0.24819215
6764.3000 0.24970808
6764.3500 0.25122402
6764.4000 0.24901598
6764.4500 0.24653389
6764.5000 0.24405181
6764.5500 0.24156972
6764.6000 0.23908764
6764.6500 0.23660556
6764.7000 0.23631052
6764.7500 0.23653489
6764.8000 0.23675926
6764.8500 0.23698363
6764.9000 0.23720801
6764.9500 0.23743238
6765.0000 0.238001
6765.0500 0.2387258
6765.1000 0.2394506
6765.1500 0.2401754
6765.2000 0.2409002
6765.2500 0.241625
6765.3000 0.24388104
6765.3500 0.24728782
6765.4000 0.2506946
6765.4500 0.25410138
6765.5000 0.25750816
6765.5500 0.26091494
6765.6000 0.26074146
6765.6500 0.25631648
6765.7000 0.25189151
6765.7500 0.24746653
6765.8000 0.24304155
6765.8500 0.23861657
6765.9000 0.23517454
6765.9500 0.23358596
6766.0000 0.23199738
6766.0500 0.2304088
6766.1000 0.22882022
6766.1500 0.22723164
6766.2000 0.22652756
6766.2500 0.22863789
6766.3000 0.23074822
6766.3500 0.23285855
6766.4000 0.23496888
6766.4500 0.23707921
6766.5000 0.23872584
6766.5500 0.23739832
6766.6000 0.23607081
6766.6500 0.23474329
6766.7000 0.23341578
6766.7500 0.23208827
6766.8000 0.23073264
6766.8500 0.22857378
6766.9000 0.22641493
6766.9500 0.22425607
6767.0000 0.22209721
6767.0500 0.21993835
6767.1000 0.2177795
6767.1500 0.21632719
6767.2000 0.21492327
6767.2500 0.21351934
6767.3000 0.21211541
6767.3500 0.21071149
6767.4000 0.20930756
6767.4500 0.20976215
6767.5000 0.21056763
6767.5500 0.21137311
6767.6000 0.21217859
6767.6500 0.21298407
6767.7000 0.21378956
6767.7500 0.21442119
6767.8000 0.21499475
6767.8500 0.21556832
6767.9000 0.21614188
6767.9500 0.21671544
6768.0000 0.21728901
6768.0500 0.22225396
6768.1000 0.22946909
6768.1500 0.23668423
6768.2000 0.24389936
6768.2500 0.2511145
6768.3000 0.25832963
6768.3500 0.26064777
6768.4000 0.25936021
6768.4500 0.25807266
6768.5000 0.25678511
6768.5500 0.25549756
6768.6000 0.25421001
6768.6500 0.25436453
6768.7000 0.25599722
6768.7500 0.2576299
6768.8000 0.25926258
6768.8500 0.26089527
6768.9000 0.26252795
6768.9500 0.2613413
6769.0000 0.25617804
6769.0500 0.25101478
6769.1000 0.24585152
6769.1500 0.24068826
6769.2000 0.235525
6769.2500 0.23084695
6769.3000 0.22711488
6769.3500 0.22338281
6769.4000 0.21965074
6769.4500 0.21591867
6769.5000 0.2121866
6769.5500 0.21038981
6769.6000 0.21392403
6769.6500 0.21745824
6769.7000 0.22099246
6769.7500 0.22452668
6769.8000 0.22806089
6769.8500 0.23084381
6769.9000 0.23056004
6769.9500 0.23027627
6770.0000 0.22999251
6770.0500 0.22970874
6770.1000 0.22942498
6770.1500 0.22914087
6770.2000 0.22885447
6770.2500 0.22856806
6770.3000 0.22828166
6770.3500 0.22799526
6770.4000 0.22770886
6770.4500 0.22756222
6770.5000 0.22936036
6770.5500 0.23115851
6770.6000 0.23295665
6770.6500 0.23475479
6770.7000 0.23655294
6770.7500 0.23833213
6770.8000 0.23736697
6770.8500 0.23640182
6770.9000 0.23543667
6770.9500 0.23447152
6771.0000 0.23350637
6771.0500 0.23254121
6771.1000 0.23157126
6771.1500 0.23060105
6771.2000 0.22963085
6771.2500 0.22866064
6771.3000 0.22769044
6771.3500 0.22672023
6771.4000 0.22251655
6771.4500 0.21793687
6771.5000 0.2133572
6771.5500 0.20877752
6771.6000 0.20419785
6771.6500 0.19961818
6771.7000 0.19923795
6771.7500 0.19962814
6771.8000 0.20001834
6771.8500 0.20040853
6771.9000 0.20079873
6771.9500 0.20118892
6772.0000 0.20646033
6772.0500 0.21297321
6772.1000 0.21948609
6772.1500 0.22599896
6772.2000 0.23251184
6772.2500 0.23902472
6772.3000 0.24009326
6772.3500 0.23937199
6772.4000 0.23865071
6772.4500 0.23792943
6772.5000 0.23720815
6772.5500 0.23648687
6772.6000 0.23895624
6772.6500 0.24272229
6772.7000 0.24648834
6772.7500 0.25025439
6772.8000 0.25402044
6772.8500 0.25778649
6772.9000 0.25847176
6772.9500 0.25765723
6773.0000 0.2568427
6773.0500 0.25602818
6773.1000 0.25521365
6773.1500 0.25439913
6773.2000 0.25387426
6773.2500 0.25351432
6773.3000 0.25315438
6773.3500 0.25279443
6773.4000 0.25243449
6773.4500 0.25207455
6773.5000 0.25202959
6773.5500 0.25219037
6773.6000 0.25235114
6773.6500 0.25251192
6773.7000 0.2526727
6773.7500 0.25283347
6773.8000 0.25298869
6773.8500 0.25313981
6773.9000 0.25329092
6773.9500 0.25344204
6774.0000 0.25359316
6774.0500 0.25374428
6774.1000 0.25405928
6774.1500 0.25450861
6774.2000 0.25495793
6774.2500 0.25540726
6774.3000 0.25585658
6774.3500 0.25630591
6774.4000 0.25612651
6774.4500 0.25538167
6774.5000 0.25463683
6774.5500 0.25389199
6774.6000 0.25314716
6774.6500 0.25240232
6774.7000 0.25158084
6774.7500 0.25068468
6774.8000 0.24978853
6774.8500 0.24889237
6774.9000 0.24799622
6774.9500 0.24710006
6775.0000 0.24619273
6775.0500 0.24527374
6775.1000 0.24435475
6775.1500 0.24343576
6775.2000 0.24251677
6775.2500 0.24159778
6775.3000 0.24116971
6775.3500 0.24128274
6775.4000 0.24139578
6775.4500 0.24150882
6775.5000 0.24162186
6775.5500 0.2417349
6775.6000 0.24040534
6775.6500 0.23741502
6775.7000 0.2344247
6775.7500 0.23143438
6775.8000 0.22844406
6775.8500 0.22545374
6775.9000 0.2261774
6775.9500 0.2313126
6776.0000 0.23644779
6776.0500 0.24158299
6776.1000 0.24671819
6776.1500 0.25185338
6776.2000 0.25024885
6776.2500 0.24048451
6776.3000 0.23072018
6776.3500 0.22095585
6776.4000 0.21119151
6776.4500 0.20142718
6776.5000 0.19369557
6776.5500 0.18844182
6776.6000 0.18318807
6776.6500 0.17793432
6776.7000 0.17268056
6776.7500 0.16742681
6776.8000 0.16853518
6776.8500 0.17735673
6776.9000 0.18617828
6776.9500 0.19499982
6777.0000 0.20382137
6777.0500 0.21264292
6777.1000 0.22029551
6777.1500 0.22655574
6777.2000 0.23281597
6777.2500 0.23907621
6777.3000 0.24533644
6777.3500 0.25159668
6777.4000 0.25444618
6777.4500 0.25335254
6777.5000 0.2522589
6777.5500 0.25116526
6777.6000 0.25007162
6777.6500 0.24897799
6777.7000 0.24704379
6777.7500 0.24417772
6777.8000 0.24131166
6777.8500 0.23844559
6777.9000 0.23557952
6777.9500 0.23271345
6778.0000 0.23282541
6778.0500 0.23606567
6778.1000 0.23930593
6778.1500 0.24254619
6778.2000 0.24578645
6778.2500 0.24902671
6778.3000 0.24866962
6778.3500 0.24477471
6778.4000 0.2408798
6778.4500 0.23698488
6778.5000 0.23308997
6778.5500 0.22919506
6778.6000 0.22648394
6778.6500 0.22484965
6778.7000 0.22321537
6778.7500 0.22158108
6778.8000 0.2199468
6778.8500 0.21831251
6778.9000 0.21280434
6778.9500 0.20407703
6779.0000 0.19534972
6779.0500 0.18662241
6779.1000 0.17789509
6779.1500 0.16916778
6779.2000 0.17106725
6779.2500 0.18092943
6779.3000 0.19079161
6779.3500 0.20065379
6779.4000 0.21051596
6779.4500 0.22037814
6779.5000 0.22629053
6779.5500 0.22957144
6779.6000 0.23285235
6779.6500 0.23613326
6779.7000 0.23941418
6779.7500 0.24269509
6779.8000 0.24697642
6779.8500 0.25184114
6779.9000 0.25670586
6779.9500 0.26157058
6780.0000 0.2664353
6780.0500 0.27130003
6780.1000 0.26945352
6780.1500 0.26424351
6780.2000 0.25903349
6780.2500 0.25382347
6780.3000 0.24861345
6780.3500 0.24340343
6780.4000 0.23833948
6780.4500 0.23333704
6780.5000 0.2283346
6780.5500 0.22333217
6780.6000 0.21832973
6780.6500 0.2133273
6780.7000 0.21654265
6780.7500 0.2225844
6780.8000 0.22862614
6780.8500 0.23466789
6780.9000 0.24070964
6780.9500 0.24675139
6781.0000 0.24577309
6781.0500 0.24290077
6781.1000 0.24002845
6781.1500 0.23715613
6781.2000 0.23428381
6781.2500 0.23141149
6781.3000 0.23435323
6781.3500 0.2384527
6781.4000 0.24255217
6781.4500 0.24665164
6781.5000 0.2507511
6781.5500 0.25485057
6781.6000 0.25323734
6781.6500 0.25086957
6781.7000 0.2485018
6781.7500 0.24613403
6781.8000 0.24376626
6781.8500 0.24139849
6781.9000 0.24339533
6781.9500 0.24569217
6782.0000 0.24798902
6782.0500 0.25028586
6782.1000 0.25258271
6782.1500 0.25487956
6782.2000 0.25532334
6782.2500 0.2557503
6782.3000 0.25617726
6782.3500 0.25660422
6782.4000 0.25703118
6782.4500 0.25730555
6782.5000 0.25463638
6782.5500 0.25196721
6782.6000 0.24929804
6782.6500 0.24662887
6782.7000 0.2439597
6782.7500 0.24172683
6782.8000 0.24300553
6782.8500 0.24428422
6782.9000 0.24556292
6782.9500 0.24684161
6783.0000 0.24812031
6783.0500 0.24847439
6783.1000 0.24446047
6783.1500 0.24044656
6783.2000 0.23643264
6783.2500 0.23241873
6783.3000 0.22840481
6783.3500 0.22407051
6783.4000 0.21873178
6783.4500 0.21339305
6783.5000 0.20805431
6783.5500 0.20271558
6783.6000 0.19737685
6783.6500 0.19381643
6783.7000 0.1941792
6783.7500 0.19454197
6783.8000 0.19490474
6783.8500 0.19526751
6783.9000 0.19563028
6783.9500 0.19589241
6784.0000 0.19599373
6784.0500 0.19609505
6784.1000 0.19619637
6784.1500 0.19629769
6784.2000 0.19639901
6784.2500 0.19839612
6784.3000 0.20261102
6784.3500 0.20682593
6784.4000 0.21104083
6784.4500 0.21525573
6784.5000 0.21947064
6784.5500 0.22342339
6784.6000 0.2271526
6784.6500 0.2308818
6784.7000 0.23461101
6784.7500 0.23834021
6784.8000 0.24206942
6784.8500 0.24484851
6784.9000 0.24704909
6784.9500 0.24924966
6785.0000 0.25145023
6785.0500 0.2536508
6785.1000 0.25585137
6785.1500 0.26142425
6785.2000 0.26839967
6785.2500 0.2753751
6785.3000 0.28235052
6785.3500 0.28932594
6785.4000 0.29630136
6785.4500 0.29343838
6785.5000 0.28802141
6785.5500 0.28260444
6785.6000 0.27718747
6785.6500 0.2717705
6785.7000 0.26635352
6785.7500 0.26730528
6785.8000 0.26908898
6785.8500 0.27087268
6785.9000 0.27265638
6785.9500 0.27444008
6786.0000 0.27622378
6786.0500 0.27854159
6786.1000 0.28087146
6786.1500 0.28320132
6786.2000 0.28553119
6786.2500 0.28786105
6786.3000 0.2899193
6786.3500 0.28859341
6786.4000 0.28726753
6786.4500 0.28594164
6786.5000 0.28461576
6786.5500 0.28328987
6786.6000 0.28162933
6786.6500 0.27837536
6786.7000 0.27512139
6786.7500 0.27186743
6786.8000 0.26861346
6786.8500 0.2653595
6786.9000 0.26368179
6786.9500 0.26614427
6787.0000 0.26860675
6787.0500 0.27106923
6787.1000 0.27353171
6787.1500 0.2759942
6787.2000 0.27614737
6787.2500 0.27254555
6787.3000 0.26894372
6787.3500 0.26534189
6787.4000 0.26174007
6787.4500 0.25813824
6787.5000 0.2553375
6787.5500 0.25337472
6787.6000 0.25141193
6787.6500 0.24944914
6787.7000 0.24748635
6787.7500 0.24552357
6787.8000 0.24374881
6787.8500 0.24209962
6787.9000 0.24045042
6787.9500 0.23880123
6788.0000 0.23715204
6788.0500 0.23550285
6788.1000 0.23218447
6788.1500 0.22819521
6788.2000 0.22420595
6788.2500 0.22021669
6788.3000 0.21622743
6788.3500 0.21223817
6788.4000 0.20769765
6788.4500 0.20304414
6788.5000 0.19839062
6788.5500 0.19373711
6788.6000 0.1890836
6788.6500 0.18443009
6788.7000 0.17871448
6788.7500 0.17294224
6788.8000 0.16716999
6788.8500 0.16139774
6788.9000 0.1556255
6788.9500 0.15075971
6789.0000 0.15762959
6789.0500 0.16449946
6789.1000 0.17136934
6789.1500 0.17823922
6789.2000 0.1851091
6789.2500 0.19228592
6789.3000 0.20071469
6789.3500 0.20914346
6789.4000 0.21757223
6789.4500 0.22600101
6789.5000 0.23442978
6789.5500 0.24077334
6789.6000 0.24278525
6789.6500 0.24479716
6789.7000 0.24680908
6789.7500 0.24882099
6789.8000 0.2508329
6789.8500 0.25176159
6789.9000 0.25139735
6789.9500 0.2510331
6790.0000 0.25066886
6790.0500 0.25030461
6790.1000 0.24994037
6790.1500 0.25360844
6790.2000 0.26008281
6790.2500 0.26655719
6790.3000 0.27303156
6790.3500 0.27950594
6790.4000 0.28598031
6790.4500 0.2862693
6790.5000 0.28422681
6790.5500 0.28218432
6790.6000 0.28014183
6790.6500 0.27809934
6790.7000 0.27605685
6790.7500 0.27605873
6790.8000 0.27637774
6790.8500 0.27669674
6790.9000 0.27701575
6790.9500 0.27733476
6791.0000 0.27764119
6791.0500 0.27639035
6791.1000 0.27513952
6791.1500 0.27388868
6791.2000 0.27263784
6791.2500 0.271387
6791.3000 0.27025457
6791.3500 0.26977695
6791.4000 0.26929933
6791.4500 0.26882171
6791.5000 0.26834409
6791.5500 0.26786647
6791.6000 0.26740464
6791.6500 0.26697944
6791.7000 0.26655425
6791.7500 0.26612905
6791.8000 0.26570386
6791.8500 0.26527867
6791.9000 0.26556672
6791.9500 0.26671989
6792.0000 0.26787306
6792.0500 0.26902623
6792.1000 0.27017939
6792.1500 0.27133256
6792.2000 0.27182078
6792.2500 0.27187576
6792.3000 0.27193075
6792.3500 0.27198573
6792.4000 0.27204072
6792.4500 0.2720957
6792.5000 0.27395681
6792.5500 0.27638223
6792.6000 0.27880766
6792.6500 0.28123308
6792.7000 0.28365851
6792.7500 0.28608393
6792.8000 0.28528892
6792.8500 0.28421836
6792.9000 0.28314781
6792.9500 0.28207725
6793.0000 0.28100669
6793.0500 0.28002581
6793.1000 0.28003255
6793.1500 0.28003928
6793.2000 0.28004602
6793.2500 0.28005276
6793.3000 0.2800595
6793.3500 0.27917923
6793.4000 0.27561081
6793.4500 0.2720424
6793.5000 0.26847398
6793.5500 0.26490556
6793.6000 0.26133715
6793.6500 0.25767391
6793.7000 0.25387743
6793.7500 0.25008095
6793.8000 0.24628446
6793.8500 0.24248798
6793.9000 0.2386915
6793.9500 0.23513445
6794.0000 0.23174638
6794.0500 0.22835832
6794.1000 0.22497026
6794.1500 0.22158219
6794.2000 0.21819413
6794.2500 0.2102035
6794.3000 0.20075535
6794.3500 0.19130719
6794.4000 0.18185904
6794.4500 0.17241089
6794.5000 0.16296273
6794.5500 0.16237569
6794.6000 0.16239923
6794.6500 0.16242277
6794.7000 0.16244632
6794.7500 0.16246986
6794.8000 0.16293767
6794.8500 0.16684574
6794.9000 0.1707538
6794.9500 0.17466187
6795.0000 0.17856993
6795.0500 0.182478
6795.1000 0.18819016
6795.1500 0.19819348
6795.2000 0.2081968
6795.2500 0.21820012
6795.3000 0.22820343
6795.3500 0.23820675
6795.4000 0.24403592
6795.4500 0.24534987
6795.5000 0.24666383
6795.5500 0.24797779
6795.6000 0.24929174
6795.6500 0.2506057
6795.7000 0.25288603
6795.7500 0.25564766
6795.8000 0.25840929
6795.8500 0.26117092
6795.9000 0.26393255
6795.9500 0.26669418
6796.0000 0.26536584
6796.0500 0.26335769
6796.1000 0.26134954
6796.1500 0.25934139
6796.2000 0.25733324
6796.2500 0.25567895
6796.3000 0.26072342
6796.3500 0.26576789
6796.4000 0.27081236
6796.4500 0.27585683
6796.5000 0.2809013
6796.5500 0.28416446
6796.6000 0.28195706
6796.6500 0.27974967
6796.7000 0.27754228
6796.7500 0.27533489
6796.8000 0.27312749
6796.8500 0.27075116
6796.9000 0.26816316
6796.9500 0.26557516
6797.0000 0.26298715
6797.0500 0.26039915
6797.1000 0.25781115
6797.1500 0.25723481
6797.2000 0.25776652
6797.2500 0.25829824
6797.3000 0.25882996
6797.3500 0.25936167
6797.4000 0.25989339
6797.4500 0.26376012
6797.5000 0.26822213
6797.5500 0.27268414
6797.6000 0.27714615
6797.6500 0.28160817
6797.7000 0.28579218
6797.7500 0.28520003
6797.8000 0.28460789
6797.8500 0.28401574
6797.9000 0.28342359
6797.9500 0.28283145
6798.0000 0.28234865
6798.0500 0.28217036
6798.1000 0.28199207
6798.1500 0.28181378
6798.2000 0.28163549
6798.2500 0.2814572
6798.3000 0.28186764
6798.3500 0.28292581
6798.4000 0.28398397
6798.4500 0.28504213
6798.5000 0.2861003
6798.5500 0.28715846
6798.6000 0.28549273
6798.6500 0.2826079
6798.7000 0.27972307
6798.7500 0.27683824
6798.8000 0.2739534
6798.8500 0.27106857
6798.9000 0.27355807
6798.9500 0.2765907
6799.0000 0.27962332
6799.0500 0.28265594
6799.1000 0.28568856
6799.1500 0.28814668
6799.2000 0.28670293
6799.2500 0.28525918
6799.3000 0.28381543
6799.3500 0.28237167
6799.4000 0.28092792
6799.4500 0.28033587
6799.5000 0.28131734
6799.5500 0.28229882
6799.6000 0.28328029
6799.6500 0.28426176
6799.7000 0.28524324
6799.7500 0.284626
6799.8000 0.28283549
6799.8500 0.28104499
6799.9000 0.27925448
6799.9500 0.27746398
6800.0000 0.27567347
6800.0500 0.27280882
6800.1000 0.269684
6800.1500 0.26655917
6800.2000 0.26343434
6800.2500 0.26030952
6800.3000 0.25720787
6800.3500 0.25472727
6800.4000 0.25224667
6800.4500 0.24976607
6800.5000 0.24728547
6800.5500 0.24480488
6800.6000 0.24247688
6800.6500 0.24056218
6800.7000 0.23864749
6800.7500 0.23673279
6800.8000 0.23481809
6800.8500 0.23290339
6800.9000 0.23290723
6800.9500 0.23478375
6801.0000 0.23666026
6801.0500 0.23853678
6801.1000 0.2404133
6801.1500 0.24228982
6801.2000 0.24692711
6801.2500 0.25250876
6801.3000 0.25809041
6801.3500 0.26367207
6801.4000 0.26925372
6801.4500 0.27483537
6801.5000 0.27983478
6801.5500 0.28482645
6801.6000 0.28981812
6801.6500 0.29480979
6801.7000 0.29980146
6801.7500 0.30370575
6801.8000 0.30399703
6801.8500 0.30428831
6801.9000 0.30457958
6801.9500 0.30487086
6802.0000 0.30516213
6802.0500 0.30404195
6802.1000 0.3013833
6802.1500 0.29872465
6802.2000 0.29606599
6802.2500 0.29340734
6802.3000 0.29074869
6802.3500 0.29252735
6802.4000 0.29596155
6802.4500 0.29939575
6802.5000 0.30282995
6802.5500 0.30626415
6802.6000 0.30969835
6802.6500 0.30915551
6802.7000 0.30853469
6802.7500 0.30791386
6802.8000 0.30729304
6802.8500 0.30667221
6802.9000 0.30658707
6802.9500 0.30823682
6803.0000 0.30988657
6803.0500 0.31153632
6803.1000 0.31318608
6803.1500 0.31483583
6803.2000 0.31536341
6803.2500 0.31474039
6803.3000 0.31411737
6803.3500 0.31349435
6803.4000 0.31287133
6803.4500 0.31224832
6803.5000 0.31308239
6803.5500 0.31439126
6803.6000 0.31570014
6803.6500 0.31700901
6803.7000 0.31831788
6803.7500 0.31952426
6803.8000 0.3149327
6803.8500 0.31034114
6803.9000 0.30574958
6803.9500 0.30115801
6804.0000 0.29656645
6804.0500 0.29449157
6804.1000 0.29878762
6804.1500 0.30308367
6804.2000 0.30737972
6804.2500 0.31167577
6804.3000 0.31597182
6804.3500 0.31570489
6804.4000 0.31172882
6804.4500 0.30775276
6804.5000 0.3037767
6804.5500 0.29980064
6804.6000 0.29582458
6804.6500 0.28995638
6804.7000 0.2836804
6804.7500 0.27740443
6804.8000 0.27112845
6804.8500 0.26485247
6804.9000 0.25916676
6804.9500 0.25901178
6805.0000 0.25885679
6805.0500 0.25870181
6805.1000 0.25854683
6805.1500 0.25839185
6805.2000 0.25607954
6805.2500 0.25013775
6805.3000 0.24419596
6805.3500 0.23825417
6805.4000 0.23231239
6805.4500 0.2263706
6805.5000 0.22022411
6805.5500 0.21396826
6805.6000 0.20771242
6805.6500 0.20145658
6805.7000 0.19520074
6805.7500 0.1889449
6805.8000 0.1888004
6805.8500 0.18909175
6805.9000 0.1893831
6805.9500 0.18967446
6806.0000 0.18996581
6806.0500 0.19257003
6806.1000 0.20348626
6806.1500 0.2144025
6806.2000 0.22531874
6806.2500 0.23623497
6806.3000 0.24715121
6806.3500 0.2521979
6806.4000 0.25148113
6806.4500 0.25076436
6806.5000 0.2500476
6806.5500 0.24933083
6806.6000 0.24861406
6806.6500 0.24881651
6806.7000 0.24925738
6806.7500 0.24969824
6806.8000 0.25013911
6806.8500 0.25057997
6806.9000 0.25187636
6806.9500 0.26224738
6807.0000 0.27261841
6807.0500 0.28298943
6807.1000 0.29336046
6807.1500 0.30373148
6807.2000 0.30961884
6807.2500 0.30821753
6807.3000 0.30681623
6807.3500 0.30541492
6807.4000 0.30401362
6807.4500 0.30261231
6807.5000 0.303792
6807.5500 0.30619646
6807.6000 0.30860092
6807.6500 0.31100538
6807.7000 0.31340983
6807.7500 0.31581429
6807.8000 0.31973665
6807.8500 0.323693
6807.9000 0.32764935
6807.9500 0.3316057
6808.0000 0.33556205
6808.0500 0.33625147
6808.1000 0.32856542
6808.1500 0.32087937
6808.2000 0.31319332
6808.2500 0.30550727
6808.3000 0.29782123
6808.3500 0.29474196
6808.4000 0.29492121
6808.4500 0.29510046
6808.5000 0.29527971
6808.5500 0.29545896
6808.6000 0.29563821
6808.6500 0.29627573
6808.7000 0.29696794
6808.7500 0.29766014
6808.8000 0.29835234
6808.8500 0.29904455
6808.9000 0.29946678
6808.9500 0.29883349
6809.0000 0.2982002
6809.0500 0.2975669
6809.1000 0.29693361
6809.1500 0.29630032
6809.2000 0.29907028
6809.2500 0.30502575
6809.3000 0.31098121
6809.3500 0.31693668
6809.4000 0.32289215
6809.4500 0.32884761
6809.5000 0.33039767
6809.5500 0.33105786
6809.6000 0.33171806
6809.6500 0.33237826
6809.7000 0.33303846
6809.7500 0.33263038
6809.8000 0.32616645
6809.8500 0.31970252
6809.9000 0.31323859
6809.9500 0.30677466
6810.0000 0.30031073
6810.0500 0.29817803
6810.1000 0.30091939
6810.1500 0.30366075
6810.2000 0.30640211
6810.2500 0.30914347
6810.3000 0.31188483
6810.3500 0.3186097
6810.4000 0.32637034
6810.4500 0.33413097
6810.5000 0.3418916
6810.5500 0.34965224
6810.6000 0.35655615
6810.6500 0.35713737
6810.7000 0.35771859
6810.7500 0.35829981
6810.8000 0.35888103
6810.8500 0.35946225
6810.9000 0.35971985
6810.9500 0.35957801
6811.0000 0.35943617
6811.0500 0.35929433
6811.1000 0.35915249
6811.1500 0.35901065
6811.2000 0.35847278
6811.2500 0.35782215
6811.3000 0.35717152
6811.3500 0.35652089
6811.4000 0.35587026
6811.4500 0.35517247
6811.5000 0.3540997
6811.5500 0.35302693
6811.6000 0.35195416
6811.6500 0.35088139
6811.7000 0.34980862
6811.7500 0.34845694
6811.8000 0.346761
6811.8500 0.34506507
6811.9000 0.34336914
6811.9500 0.34167321
6812.0000 0.33997728
6812.0500 0.33469235
6812.1000 0.32843024
6812.1500 0.32216812
6812.2000 0.31590601
6812.2500 0.30964389
6812.3000 0.30403305
6812.3500 0.30290126
6812.4000 0.30176947
6812.4500 0.30063768
6812.5000 0.29950588
6812.5500 0.29837409
6812.6000 0.29600427
6812.6500 0.29224074
6812.7000 0.28847722
6812.7500 0.2847137
6812.8000 0.28095018
6812.8500 0.27718666
6812.9000 0.27948051
6812.9500 0.28313631
6813.0000 0.28679211
6813.0500 0.29044791
6813.1000 0.29410371
6813.1500 0.29860908
6813.2000 0.30741507
6813.2500 0.31622105
6813.3000 0.32502703
6813.3500 0.33383302
6813.4000 0.342639
6813.4500 0.34666692
6813.5000 0.34621316
6813.5500 0.34575939
6813.6000 0.34530563
6813.6500 0.34485186
6813.7000 0.3443981
6813.7500 0.34696568
6813.8000 0.34998648
6813.8500 0.35300728
6813.9000 0.35602808
6813.9500 0.35904888
6814.0000 0.36016809
6814.0500 0.35476084
6814.1000 0.3493536
6814.1500 0.34394635
6814.2000 0.3385391
6814.2500 0.33313186
6814.3000 0.33258522
6814.3500 0.33549811
6814.4000 0.33841099
6814.4500 0.34132388
6814.5000 0.34423677
6814.5500 0.34714966
6814.6000 0.34088483
6814.6500 0.33408862
6814.7000 0.32729241
6814.7500 0.3204962
6814.8000 0.31369999
6814.8500 0.31271461
6814.9000 0.32473351
6814.9500 0.33675242
6815.0000 0.34877132
6815.0500 0.36079023
6815.1000 0.37280913
6815.1500 0.37047707
6815.2000 0.36123209
6815.2500 0.35198711
6815.3000 0.34274213
6815.3500 0.33349715
6815.4000 0.3245181
6815.4500 0.3213938
6815.5000 0.31826949
6815.5500 0.31514519
6815.6000 0.31202089
6815.6500 0.30889658
6815.7000 0.30409922
6815.7500 0.29693839
6815.8000 0.28977756
6815.8500 0.28261673
6815.9000 0.2754559
6815.9500 0.26829507
6816.0000 0.26249289
6816.0500 0.25705625
6816.1000 0.2516196
6816.1500 0.24618296
6816.2000 0.24074632
6816.2500 0.23554451
6816.3000 0.23153988
6816.3500 0.22753525
6816.4000 0.22353063
6816.4500 0.219526
6816.5000 0.21552137
6816.5500 0.21241641
6816.6000 0.21007033
6816.6500 0.20772425
6816.7000 0.20537817
6816.7500 0.20303209
6816.8000 0.200686
6816.8500 0.20798912
6816.9000 0.216093
6816.9500 0.22419688
6817.0000 0.23230076
6817.0500 0.24040464
6817.1000 0.24940244
6817.1500 0.26042035
6817.2000 0.27143826
6817.2500 0.28245618
6817.3000 0.29347409
6817.3500 0.304492
6817.4000 0.30679112
6817.4500 0.3052208
6817.5000 0.30365048
6817.5500 0.30208016
6817.6000 0.30050984
6817.6500 0.2995466
6817.7000 0.30547845
6817.7500 0.31141029
6817.8000 0.31734213
6817.8500 0.32327397
6817.9000 0.32920581
6817.9500 0.33100837
6818.0000 0.32818575
6818.0500 0.32536314
6818.1000 0.32254053
6818.1500 0.31971792
6818.2000 0.3168953
6818.2500 0.32164989
6818.3000 0.32758823
6818.3500 0.33352657
6818.4000 0.33946491
6818.4500 0.34540325
6818.5000 0.34978199
6818.5500 0.34973405
6818.6000 0.34968611
6818.6500 0.34963818
6818.7000 0.34959024
6818.7500 0.3495423
6818.8000 0.3501022
6818.8500 0.35097716
6818.9000 0.35185213
6818.9500 0.35272709
6819.0000 0.35360206
6819.0500 0.35474892
6819.1000 0.36022172
6819.1500 0.36569452
6819.2000 0.37116732
6819.2500 0.37664012
6819.3000 0.38211292
6819.3500 0.38200352
6819.4000 0.37539592
6819.4500 0.36878831
6819.5000 0.36218071
6819.5500 0.3555731
6819.6000 0.34896549
6819.6500 0.34626263
6819.7000 0.34415635
6819.7500 0.34205008
6819.8000 0.3399438
6819.8500 0.33783752
6819.9000 0.33725371
6819.9500 0.34067838
6820.0000 0.34410304
6820.0500 0.34752771
6820.1000 0.35095238
6820.1500 0.35437704
6820.2000 0.35397556
6820.2500 0.35181852
6820.3000 0.34966147
6820.3500 0.34750443
6820.4000 0.34534739
6820.4500 0.34378467
6820.5000 0.34768524
6820.5500 0.3515858
6820.6000 0.35548637
6820.6500 0.35938694
6820.7000 0.3632875
6820.7500 0.36234958
6820.8000 0.3568212
6820.8500 0.35129282
6820.9000 0.34576443
6820.9500 0.34023605
6821.0000 0.33470766
6821.0500 0.33746278
6821.1000 0.34083566
6821.1500 0.34420854
6821.2000 0.34758142
6821.2500 0.3509543
6821.3000 0.356226
6821.3500 0.36501716
6821.4000 0.37380833
6821.4500 0.38259949
6821.5000 0.39139065
6821.5500 0.40018181
6821.6000 0.39816336
6821.6500 0.39296496
6821.7000 0.38776657
6821.7500 0.38256817
6821.8000 0.37736977
6821.8500 0.37403626
6821.9000 0.37828847
6821.9500 0.38254067
6822.0000 0.38679287
6822.0500 0.39104508
6822.1000 0.39529728
6822.1500 0.39802219
6822.2000 0.39982821
6822.2500 0.40163422
6822.3000 0.40344024
6822.3500 0.40524625
6822.4000 0.40668098
6822.4500 0.40158186
6822.5000 0.39648274
6822.5500 0.39138362
6822.6000 0.3862845
6822.6500 0.38118538
6822.7000 0.37705866
6822.7500 0.37396216
6822.8000 0.37086566
6822.8500 0.36776916
6822.9000 0.36467266
6822.9500 0.36157616
6823.0000 0.36425933
6823.0500 0.36744691
6823.1000 0.37063448
6823.1500 0.37382206
6823.2000 0.37700964
6823.2500 0.38036463
6823.3000 0.38402211
6823.3500 0.3876796
6823.4000 0.39133708
6823.4500 0.39499456
6823.5000 0.39865204
6823.5500 0.40060282
6823.6000 0.40211401
6823.6500 0.4036252
6823.7000 0.40513638
6823.7500 0.40664757
6823.8000 0.4070712
6823.8500 0.40398308
6823.9000 0.40089496
6823.9500 0.39780684
6824.0000 0.39471872
6824.0500 0.3916306
6824.1000 0.39533696
6824.1500 0.4022393
6824.2000 0.40914165
6824.2500 0.41604399
6824.3000 0.42294634
6824.3500 0.42846958
6824.4000 0.42443428
6824.4500 0.42039899
6824.5000 0.41636369
6824.5500 0.4123284
6824.6000 0.4082931
6824.6500 0.40341434
6824.7000 0.3979107
6824.7500 0.39240705
6824.8000 0.38690341
6824.8500 0.38139976
6824.9000 0.37605631
6824.9500 0.37692937
6825.0000 0.37780244
6825.0500 0.3786755
6825.1000 0.37954856
6825.1500 0.38042163
6825.2000 0.38039514
6825.2500 0.37938693
6825.3000 0.37837871
6825.3500 0.37737049
6825.4000 0.37636227
6825.4500 0.37535405
6825.5000 0.37230255
6825.5500 0.36910556
6825.6000 0.36590857
6825.6500 0.36271158
6825.7000 0.3595146
6825.7500 0.35430455
6825.8000 0.34596222
6825.8500 0.33761989
6825.9000 0.32927756
6825.9500 0.32093523
6826.0000 0.3125929
6826.0500 0.30809909
6826.1000 0.30427763
6826.1500 0.30045616
6826.2000 0.29663469
6826.2500 0.29281323
6826.3000 0.29232326
6826.3500 0.29912358
6826.4000 0.3059239
6826.4500 0.31272423
6826.5000 0.31952455
6826.5500 0.32632487
6826.6000 0.33274318
6826.6500 0.33905269
6826.7000 0.3453622
6826.7500 0.35167171
6826.8000 0.35798122
6826.8500 0.36225853
6826.9000 0.36028506
6826.9500 0.3583116
6827.0000 0.35633814
6827.0500 0.35436467
6827.1000 0.35239121
6827.1500 0.35427808
6827.2000 0.35770618
6827.2500 0.36113427
6827.3000 0.36456236
6827.3500 0.36799046
6827.4000 0.37020773
6827.4500 0.36713672
6827.5000 0.3640657
6827.5500 0.36099469
6827.6000 0.35792368
6827.6500 0.35485266
6827.7000 0.349013
6827.7500 0.34174862
6827.8000 0.33448425
6827.8500 0.32721988
6827.9000 0.3199555
6827.9500 0.31341148
6828.0000 0.31142481
6828.0500 0.30943815
6828.1000 0.30745148
6828.1500 0.30546482
6828.2000 0.30347816
6828.2500 0.29752907
6828.3000 0.28909977
6828.3500 0.28067046
6828.4000 0.27224116
6828.4500 0.26381185
6828.5000 0.25653559
6828.5500 0.260134
6828.6000 0.26373241
6828.6500 0.26733082
6828.7000 0.27092923
6828.7500 0.27452765
6828.8000 0.28339017
6828.8500 0.29608046
6828.9000 0.30877075
6828.9500 0.32146104
6829.0000 0.33415134
6829.0500 0.34667794
6829.1000 0.35682653
6829.1500 0.36697512
6829.2000 0.37712371
6829.2500 0.38727229
6829.3000 0.39742088
6829.3500 0.40199546
6829.4000 0.40204791
6829.4500 0.40210037
6829.5000 0.40215282
6829.5500 0.40220527
6829.6000 0.40233226
6829.6500 0.40415688
6829.7000 0.4059815
6829.7500 0.40780612
6829.8000 0.40963074
6829.8500 0.41145536
6829.9000 0.41211283
6829.9500 0.41175304
6830.0000 0.41139325
6830.0500 0.41103346
6830.1000 0.41067367
6830.1500 0.41041807
6830.2000 0.41367387
6830.2500 0.41692967
6830.3000 0.42018547
6830.3500 0.42344127
6830.4000 0.42669707
6830.4500 0.42360589
6830.5000 0.4147859
6830.5500 0.40596591
6830.6000 0.39714591
6830.6500 0.38832592
6830.7000 0.37976282
6830.7500 0.38137166
6830.8000 0.38298051
6830.8500 0.38458935
6830.9000 0.38619819
6830.9500 0.38780703
6831.0000 0.39214485
6831.0500 0.39894256
6831.1000 0.40574027
6831.1500 0.41253798
6831.2000 0.41933569
6831.2500 0.42564694
6831.3000 0.41594069
6831.3500 0.40623445
6831.4000 0.3965282
6831.4500 0.38682196
6831.5000 0.37711571
6831.5500 0.37802999
6831.6000 0.38816511
6831.6500 0.39830024
6831.7000 0.40843537
6831.7500 0.4185705
6831.8000 0.42804095
6831.8500 0.42282995
6831.9000 0.41761894
6831.9500 0.41240793
6832.0000 0.40719693
6832.0500 0.40198592
6832.1000 0.40186696
6832.1500 0.40585413
6832.2000 0.4098413
6832.2500 0.41382847
6832.3000 0.41781564
6832.3500 0.42188177
6832.4000 0.42706344
6832.4500 0.43224512
6832.5000 0.43742679
6832.5500 0.44260846
6832.6000 0.44779013
6832.6500 0.44567354
6832.7000 0.43829057
6832.7500 0.4309076
6832.8000 0.42352463
6832.8500 0.41614167
6832.9000 0.40952502
6832.9500 0.40997494
6833.0000 0.41042485
6833.0500 0.41087476
6833.1000 0.41132468
6833.1500 0.41177459
6833.2000 0.41276945
6833.2500 0.41410253
6833.3000 0.41543562
6833.3500 0.4167687
6833.4000 0.41810179
6833.4500 0.41988724
6833.5000 0.42448756
6833.5500 0.42908789
6833.6000 0.43368821
6833.6500 0.43828854
6833.7000 0.44288887
6833.7500 0.43918024
6833.8000 0.43123097
6833.8500 0.4232817
6833.9000 0.41533243
6833.9500 0.40738316
6834.0000 0.40271706
6834.0500 0.41223741
6834.1000 0.42175776
6834.1500 0.4312781
6834.2000 0.44079845
6834.2500 0.4503188
6834.3000 0.4548773
6834.3500 0.45746759
6834.4000 0.46005787
6834.4500 0.46264816
6834.5000 0.46523845
6834.5500 0.4664028
6834.6000 0.46320237
6834.6500 0.46000195
6834.7000 0.45680152
6834.7500 0.4536011
6834.8000 0.45040067
6834.8500 0.44662221
6834.9000 0.44267947
6834.9500 0.43873673
6835.0000 0.43479399
6835.0500 0.43085126
6835.1000 0.42472881
6835.1500 0.41382997
6835.2000 0.40293112
6835.2500 0.39203227
6835.3000 0.38113342
6835.3500 0.37023457
6835.4000 0.37186475
6835.4500 0.37570261
6835.5000 0.37954046
6835.5500 0.38337832
6835.6000 0.38721618
6835.6500 0.39519305
6835.7000 0.40966505
6835.7500 0.42413706
6835.8000 0.43860906
6835.8500 0.45308107
6835.9000 0.46755307
6835.9500 0.46757163
6836.0000 0.46650946
6836.0500 0.46544728
6836.1000 0.4643851
6836.1500 0.46332293
6836.2000 0.46172549
6836.2500 0.45953363
6836.3000 0.45734176
6836.3500 0.4551499
6836.4000 0.45295804
6836.4500 0.45096942
6836.5000 0.45926554
6836.5500 0.46756166
6836.6000 0.47585778
6836.6500 0.4841539
6836.7000 0.49245002
6836.7500 0.49414422
6836.8000 0.490799
6836.8500 0.48745377
6836.9000 0.48410855
6836.9500 0.48076332
6837.0000 0.47755773
6837.0500 0.47540581
6837.1000 0.4732539
6837.1500 0.47110198
6837.2000 0.46895007
6837.2500 0.46679816
6837.3000 0.46957911
6837.3500 0.47479996
6837.4000 0.48002082
6837.4500 0.48524167
6837.5000 0.49046252
6837.5500 0.49567206
6837.6000 0.50084227
6837.6500 0.50601248
6837.7000 0.51118269
6837.7500 0.5163529
6837.8000 0.52152311
6837.8500 0.51480536
6837.9000 0.50472781
6837.9500 0.49465026
6838.0000 0.48457271
6838.0500 0.47449516
6838.1000 0.46808739
6838.1500 0.46886167
6838.2000 0.46963594
6838.2500 0.47041022
6838.3000 0.4711845
6838.3500 0.47195877
6838.4000 0.47007212
6838.4500 0.46788598
6838.5000 0.46569984
6838.5500 0.4635137
6838.6000 0.46132757
6838.6500 0.45711354
6838.7000 0.45053464
6838.7500 0.44395573
6838.8000 0.43737683
6838.8500 0.43079792
6838.9000 0.42431301
6838.9500 0.42126965
6839.0000 0.4182263
6839.0500 0.41518295
6839.1000 0.41213959
6839.1500 0.40909624
6839.2000 0.40598683
6839.2500 0.4028322
6839.3000 0.39967757
6839.3500 0.39652294
6839.4000 0.39336831
6839.4500 0.39147467
6839.5000 0.39606273
6839.5500 0.40065079
6839.6000 0.40523886
6839.6500 0.40982692
6839.7000 0.41441499
6839.7500 0.41952956
6839.8000 0.42483476
6839.8500 0.43013995
6839.9000 0.43544514
6839.9500 0.44075034
6840.0000 0.44712611
6840.0500 0.45591132
6840.1000 0.46469653
6840.1500 0.47348174
6840.2000 0.48226695
6840.2500 0.49105216
6840.3000 0.4755567
6840.3500 0.45685026
6840.4000 0.43814383
6840.4500 0.4194374
6840.5000 0.40073097
6840.5500 0.39349571
6840.6000 0.3996791
6840.6500 0.40586249
6840.7000 0.41204588
6840.7500 0.41822927
6840.8000 0.42384496
6840.8500 0.41606693
6840.9000 0.40828891
6840.9500 0.40051088
6841.0000 0.39273285
6841.0500 0.38495483
6841.1000 0.38954089
6841.1500 0.40162327
6841.2000 0.41370564
6841.2500 0.42578801
6841.3000 0.43787038
6841.3500 0.4495144
6841.4000 0.45947441
6841.4500 0.46943441
6841.5000 0.47939442
6841.5500 0.48935442
6841.6000 0.49931443
6841.6500 0.50836985
6841.7000 0.5171886
6841.7500 0.52600735
6841.8000 0.5348261
6841.8500 0.54364485
6841.9000 0.54732236
6841.9500 0.54263979
6842.0000 0.53795721
6842.0500 0.53327464
6842.1000 0.52859206
6842.1500 0.52390948
6842.2000 0.51976283
6842.2500 0.51563215
6842.3000 0.51150147
6842.3500 0.5073708
6842.4000 0.50324012
6842.4500 0.50260598
6842.5000 0.50468143
6842.5500 0.50675689
6842.6000 0.50883234
6842.6500 0.5109078
6842.7000 0.51255126
6842.7500 0.51188956
6842.8000 0.51122786
6842.8500 0.51056617
6842.9000 0.50990447
6842.9500 0.50924277
6843.0000 0.51595574
6843.0500 0.5250706
6843.1000 0.53418546
6843.1500 0.54330033
6843.2000 0.55241519
6843.2500 0.54704197
6843.3000 0.51510137
6843.3500 0.48316077
6843.4000 0.45122018
6843.4500 0.41927958
6843.5000 0.38733898
6843.5500 0.41546912
6843.6000 0.44652706
6843.6500 0.47758501
6843.7000 0.50864295
6843.7500 0.5397009
6843.8000 0.55441373
6843.8500 0.5560858
6843.9000 0.55775787
6843.9500 0.55942994
6844.0000 0.56110201
6844.0500 0.56217836
6844.1000 0.56014983
6844.1500 0.55812129
6844.2000 0.55609276
6844.2500 0.55406423
6844.3000 0.55203569
6844.3500 0.54555529
6844.4000 0.53772847
6844.4500 0.52990164
6844.5000 0.52207482
6844.5500 0.51424799
6844.6000 0.50924379
6844.6500 0.50891102
6844.7000 0.50857825
6844.7500 0.50824547
6844.8000 0.5079127
6844.8500 0.50757992
6844.9000 0.49947977
6844.9500 0.49128172
6845.0000 0.48308368
6845.0500 0.47488563
6845.1000 0.46668759
6845.1500 0.47361031
6845.2000 0.49059246
6845.2500 0.50757462
6845.3000 0.52455678
6845.3500 0.54153893
6845.4000 0.55311224
6845.4500 0.54499381
6845.5000 0.53687537
6845.5500 0.52875694
6845.6000 0.52063851
6845.6500 0.51252007
6845.7000 0.51852491
6845.7500 0.52737126
6845.8000 0.53621761
6845.8500 0.54506396
6845.9000 0.55391031
6845.9500 0.55195371
6846.0000 0.53687608
6846.0500 0.52179845
6846.1000 0.50672082
6846.1500 0.49164319
6846.2000 0.47816158
6846.2500 0.48505999
6846.3000 0.49195841
6846.3500 0.49885682
6846.4000 0.50575523
6846.4500 0.51265364
6846.5000 0.51723902
6846.5500 0.52081276
6846.6000 0.5243865
6846.6500 0.52796024
6846.7000 0.53153398
6846.7500 0.53548828
6846.8000 0.54024818
6846.8500 0.54500808
6846.9000 0.54976798
6846.9500 0.55452788
6847.0000 0.55928778
6847.0500 0.5809406
6847.1000 0.60352091
6847.1500 0.62610123
6847.2000 0.64868155
6847.2500 0.67126187
6847.3000 0.67269736
6847.3500 0.65863692
6847.4000 0.64457649
6847.4500 0.63051605
6847.5000 0.61645561
6847.5500 0.60635627
6847.6000 0.61131938
6847.6500 0.61628249
6847.7000 0.6212456
6847.7500 0.62620871
6847.8000 0.63117182
6847.8500 0.62654614
6847.9000 0.62011244
6847.9500 0.61367875
6848.0000 0.60724505
6848.0500 0.60081135
6848.1000 0.58995553
6848.1500 0.5742412
6848.2000 0.55852688
6848.2500 0.54281255
6848.3000 0.52709823
6848.3500 0.51389002
6848.4000 0.52023367
6848.4500 0.52657731
6848.5000 0.53292096
6848.5500 0.53926461
6848.6000 0.54560825
6848.6500 0.54645182
6848.7000 0.5454886
6848.7500 0.54452539
6848.8000 0.54356217
6848.8500 0.54259895
6848.9000 0.5465916
6848.9500 0.55821233
6849.0000 0.56983306
6849.0500 0.58145379
6849.1000 0.59307453
6849.1500 0.60395219
6849.2000 0.59543541
6849.2500 0.58691863
6849.3000 0.57840184
6849.3500 0.56988506
6849.4000 0.56136828
6849.4500 0.55672452
6849.5000 0.55388705
6849.5500 0.55104959
6849.6000 0.54821212
6849.6500 0.54537466
6849.7000 0.5442362
6849.7500 0.5465633
6849.8000 0.54889039
6849.8500 0.55121749
6849.9000 0.55354458
6849.9500 0.55587168
6850.0000 0.5616099
6850.0500 0.56742498
6850.1000 0.57324007
6850.1500 0.57905515
6850.2000 0.58487024
6850.2500 0.58130139
6850.3000 0.5721957
6850.3500 0.56309001
6850.4000 0.55398432
6850.4500 0.54487863
6850.5000 0.54041019
6850.5500 0.54775865
6850.6000 0.5551071
6850.6500 0.56245555
6850.7000 0.56980401
6850.7500 0.57715246
6850.8000 0.57588157
6850.8500 0.57402816
6850.9000 0.57217475
6850.9500 0.57032134
6851.0000 0.56846793
6851.0500 0.56133138
6851.1000 0.55057651
6851.1500 0.53982163
6851.2000 0.52906676
6851.2500 0.51831189
6851.3000 0.51259431
6851.3500 0.52180674
6851.4000 0.53101917
6851.4500 0.5402316
6851.5000 0.54944403
6851.5500 0.55865647
6851.6000 0.56521926
6851.6500 0.57152952
6851.7000 0.57783978
6851.7500 0.58415004
6851.8000 0.5904603
6851.8500 0.58705071
6851.9000 0.57647531
6851.9500 0.5658999
6852.0000 0.5553245
6852.0500 0.5447491
6852.1000 0.53574167
6852.1500 0.5316939
6852.2000 0.52764612
6852.2500 0.52359834
6852.3000 0.51955057
6852.3500 0.51550279
6852.4000 0.51747298
6852.4500 0.52006231
6852.5000 0.52265164
6852.5500 0.52524097
6852.6000 0.5278303
6852.6500 0.52786521
6852.7000 0.52601321
6852.7500 0.52416121
6852.8000 0.52230921
6852.8500 0.52045721
6852.9000 0.51818825
6852.9500 0.51463785
6853.0000 0.51108745
6853.0500 0.50753705
6853.1000 0.50398665
6853.1500 0.50043626
6853.2000 0.50837469
6853.2500 0.51734238
6853.3000 0.52631007
6853.3500 0.53527776
6853.4000 0.54424545
6853.4500 0.54519356
6853.5000 0.54061386
6853.5500 0.53603417
6853.6000 0.53145447
6853.6500 0.52687477
6853.7000 0.52592746
6853.7500 0.53489837
6853.8000 0.54386928
6853.8500 0.55284019
6853.9000 0.5618111
6853.9500 0.57078201
6854.0000 0.57062195
6854.0500 0.56994132
6854.1000 0.56926068
6854.1500 0.56858004
6854.2000 0.5678994
6854.2500 0.57053233
6854.3000 0.57514522
6854.3500 0.57975811
6854.4000 0.58437101
6854.4500 0.5889839
6854.5000 0.58897779
6854.5500 0.57858243
6854.6000 0.56818706
6854.6500 0.55779169
6854.7000 0.54739633
6854.7500 0.53700096
6854.8000 0.54739935
6854.8500 0.55797694
6854.9000 0.56855454
6854.9500 0.57913213
6855.0000 0.58970972
6855.0500 0.59712721
6855.1000 0.60303724
6855.1500 0.60894727
6855.2000 0.6148573
6855.2500 0.62076732
6855.3000 0.62267436
6855.3500 0.61760224
6855.4000 0.61253013
6855.4500 0.60745801
6855.5000 0.6023859
6855.5500 0.59722389
6855.6000 0.59048238
6855.6500 0.58374086
6855.7000 0.57699935
6855.7500 0.57025783
6855.8000 0.56351632
6855.8500 0.56919518
6855.9000 0.57912384
6855.9500 0.58905249
6856.0000 0.59898115
6856.0500 0.60890981
6856.1000 0.61857116
6856.1500 0.62788975
6856.2000 0.63720834
6856.2500 0.64652693
6856.3000 0.65584552
6856.3500 0.66467283
6856.4000 0.67030091
6856.4500 0.67592898
6856.5000 0.68155705
6856.5500 0.68718513
6856.6000 0.6928132
6856.6500 0.6868767
6856.7000 0.67857063
6856.7500 0.67026456
6856.8000 0.66195849
6856.8500 0.65365242
6856.9000 0.65239471
6856.9500 0.65742191
6857.0000 0.66244911
6857.0500 0.66747631
6857.1000 0.67250351
6857.1500 0.6770366
6857.2000 0.67990767
6857.2500 0.68277874
6857.3000 0.68564981
6857.3500 0.68852088
6857.4000 0.69139195
6857.4500 0.70040944
6857.5000 0.7098785
6857.5500 0.71934755
6857.6000 0.72881661
6857.6500 0.73828567
6857.7000 0.73702505
6857.7500 0.72961819
6857.8000 0.72221134
6857.8500 0.71480448
6857.9000 0.70739763
6857.9500 0.69401956
6858.0000 0.66914684
6858.0500 0.64427412
6858.1000 0.61940141
6858.1500 0.59452869
6858.2000 0.57108679
6858.2500 0.57494547
6858.3000 0.57880415
6858.3500 0.58266283
6858.4000 0.58652151
6858.4500 0.59038019
6858.5000 0.60686363
6858.5500 0.62734358
6858.6000 0.64782353
6858.6500 0.66830348
6858.7000 0.68878343
6858.7500 0.69129256
6858.8000 0.67362923
6858.8500 0.65596591
6858.9000 0.63830259
6858.9500 0.62063926
6859.0000 0.60623531
6859.0500 0.60623295
6859.1000 0.6062306
6859.1500 0.60622825
6859.2000 0.6062259
6859.2500 0.60622355
6859.3000 0.61561786
6859.3500 0.62605873
6859.4000 0.6364996
6859.4500 0.64694047
6859.5000 0.65738134
6859.5500 0.65529946
6859.6000 0.64543882
6859.6500 0.63557818
6859.7000 0.62571754
6859.7500 0.6158569
6859.8000 0.61764958
6859.8500 0.6425019
6859.9000 0.66735423
6859.9500 0.69220655
6860.0000 0.71705887
6860.0500 0.73971212
6860.1000 0.72556068
6860.1500 0.71140924
6860.2000 0.6972578
6860.2500 0.68310636
6860.3000 0.66895493
6860.3500 0.65599391
6860.4000 0.64337088
6860.4500 0.63074786
6860.5000 0.61812483
6860.5500 0.6055018
6860.6000 0.60662114
6860.6500 0.62131093
6860.7000 0.63600072
6860.7500 0.65069051
6860.8000 0.6653803
6860.8500 0.67358155
6860.9000 0.65996533
6860.9500 0.6463491
6861.0000 0.63273287
6861.0500 0.61911664
6861.1000 0.60550042
6861.1500 0.61777216
6861.2000 0.63120421
6861.2500 0.64463625
6861.3000 0.65806829
6861.3500 0.67150033
6861.4000 0.6667446
6861.4500 0.65369345
6861.5000 0.6406423
6861.5500 0.62759115
6861.6000 0.61454
6861.6500 0.61684371
6861.7000 0.64050775
6861.7500 0.66417178
6861.8000 0.68783582
6861.8500 0.71149985
6861.9000 0.7298891
6861.9500 0.71872346
6862.0000 0.70755783
6862.0500 0.69639219
6862.1000 0.68522656
6862.1500 0.67406092
6862.2000 0.67037116
6862.2500 0.667639
6862.3000 0.66490685
6862.3500 0.66217469
6862.4000 0.65944253
6862.4500 0.65069411
6862.5000 0.6383086
6862.5500 0.62592309
6862.6000 0.61353758
6862.6500 0.60115207
6862.7000 0.59801809
6862.7500 0.61120496
6862.8000 0.62439182
6862.8500 0.63757869
6862.9000 0.65076555
6862.9500 0.66336343
6863.0000 0.6707811
6863.0500 0.67819876
6863.1000 0.68561643
6863.1500 0.69303409
6863.2000 0.70045176
6863.2500 0.69794096
6863.3000 0.69359732
6863.3500 0.68925368
6863.4000 0.68491004
6863.4500 0.68056639
6863.5000 0.68059227
6863.5500 0.6836799
6863.6000 0.68676752
6863.6500 0.68985515
6863.7000 0.69294278
6863.7500 0.69535082
6863.8000 0.69640117
6863.8500 0.69745151
6863.9000 0.69850186
6863.9500 0.6995522
6864.0000 0.70022719
6864.0500 0.69663764
6864.1000 0.6930481
6864.1500 0.68945855
6864.2000 0.68586901
6864.2500 0.68227946
6864.3000 0.66844768
6864.3500 0.65251766
6864.4000 0.63658764
6864.4500 0.62065763
6864.5000 0.60472761
6864.5500 0.60538831
6864.6000 0.61802445
6864.6500 0.63066059
6864.7000 0.64329673
6864.7500 0.65593287
6864.8000 0.66243216
6864.8500 0.65665752
6864.9000 0.65088289
6864.9500 0.64510826
6865.0000 0.63933363
6865.0500 0.63344505
6865.1000 0.62636981
6865.1500 0.61929457
6865.2000 0.61221933
6865.2500 0.6051441
6865.3000 0.59806886
6865.3500 0.60435479
6865.4000 0.6131176
6865.4500 0.62188042
6865.5000 0.63064323
6865.5500 0.63940605
6865.6000 0.64735413
6865.6500 0.65476208
6865.7000 0.66217003
6865.7500 0.66957799
6865.8000 0.67698594
6865.8500 0.68039912
6865.9000 0.67673466
6865.9500 0.6730702
6866.0000 0.66940574
6866.0500 0.66574129
6866.1000 0.66185571
6866.1500 0.656378
6866.2000 0.65090029
6866.2500 0.64542258
6866.3000 0.63994487
6866.3500 0.63446716
6866.4000 0.63390979
6866.4500 0.63399292
6866.5000 0.63407605
6866.5500 0.63415918
6866.6000 0.63424231
6866.6500 0.63925257
6866.7000 0.64692292
6866.7500 0.65459327
6866.8000 0.66226362
6866.8500 0.66993397
6866.9000 0.67276836
6866.9500 0.66880482
6867.0000 0.66484127
6867.0500 0.66087773
6867.1000 0.65691419
6867.1500 0.65339434
6867.2000 0.65184664
6867.2500 0.65029894
6867.3000 0.64875124
6867.3500 0.64720355
6867.4000 0.64565585
6867.4500 0.66623212
6867.5000 0.68789147
6867.5500 0.70955081
6867.6000 0.73121016
6867.6500 0.7528695
6867.7000 0.74728236
6867.7500 0.73134439
6867.8000 0.71540642
6867.8500 0.69946845
6867.9000 0.68353048
6867.9500 0.68055344
6868.0000 0.69065502
6868.0500 0.70075659
6868.1000 0.71085816
6868.1500 0.72095973
6868.2000 0.72659836
6868.2500 0.72032036
6868.3000 0.71404235
6868.3500 0.70776435
6868.4000 0.70148634
6868.4500 0.695816
6868.5000 0.70197026
6868.5500 0.70812453
6868.6000 0.7142788
6868.6500 0.72043306
6868.7000 0.72658733
6868.7500 0.72095651
6868.8000 0.71285965
6868.8500 0.70476278
6868.9000 0.69666591
6868.9500 0.68856904
6869.0000 0.69201782
6869.0500 0.70295097
6869.1000 0.71388411
6869.1500 0.72481726
6869.2000 0.7357504
6869.2500 0.74187232
6869.3000 0.74040928
6869.3500 0.73894624
6869.4000 0.73748321
6869.4500 0.73602017
6869.5000 0.73399705
6869.5500 0.72926249
6869.6000 0.72452792
6869.6500 0.71979336
6869.7000 0.71505879
6869.7500 0.71032423
6869.8000 0.71444349
6869.8500 0.71897093
6869.9000 0.72349838
6869.9500 0.72802582
6870.0000 0.73255327
6870.0500 0.72950192
6870.1000 0.72381967
6870.1500 0.71813741
6870.2000 0.71245516
6870.2500 0.70677291
6870.3000 0.70735264
6870.3500 0.71347776
6870.4000 0.71960288
6870.4500 0.72572799
6870.5000 0.73185311
6870.5500 0.73944181
6870.6000 0.75014028
6870.6500 0.76083876
6870.7000 0.77153723
6870.7500 0.78223571
6870.8000 0.79069829
6870.8500 0.78131525
6870.9000 0.7719322
6870.9500 0.76254915
6871.0000 0.7531661
6871.0500 0.74378305
6871.1000 0.75323036
6871.1500 0.76467059
6871.2000 0.77611082
6871.2500 0.78755104
6871.3000 0.79899127
6871.3500 0.79964561
6871.4000 0.79565271
6871.4500 0.79165981
6871.5000 0.7876669
6871.5500 0.783674
6871.6000 0.78343133
6871.6500 0.78701325
6871.7000 0.79059517
6871.7500 0.7941771
6871.8000 0.79775902
6871.8500 0.79705904
6871.9000 0.78602339
6871.9500 0.77498773
6872.0000 0.76395207
6872.0500 0.75291641
6872.1000 0.74376124
6872.1500 0.75308069
6872.2000 0.76240015
6872.2500 0.7717196
6872.3000 0.78103906
6872.3500 0.79035852
6872.4000 0.78963418
6872.4500 0.78771211
6872.5000 0.78579004
6872.5500 0.78386797
6872.6000 0.7819459
6872.6500 0.78497004
6872.7000 0.79015319
6872.7500 0.79533635
6872.8000 0.80051951
6872.8500 0.80570266
6872.9000 0.79843069
6872.9500 0.77872481
6873.0000 0.75901892
6873.0500 0.73931303
6873.1000 0.71960715
6873.1500 0.70533357
6873.2000 0.7033619
6873.2500 0.70139024
6873.3000 0.69941857
6873.3500 0.6974469
6873.4000 0.69808732
6873.4500 0.71906723
6873.5000 0.74004714
6873.5500 0.76102704
6873.6000 0.78200695
6873.6500 0.80298685
6873.7000 0.77647375
6873.7500 0.7459927
6873.8000 0.71551165
6873.8500 0.68503059
6873.9000 0.65454954
6873.9500 0.66299173
6874.0000 0.6855707
6874.0500 0.70814967
6874.1000 0.73072865
6874.1500 0.75330762
6874.2000 0.75939341
6874.2500 0.75175578
6874.3000 0.74411814
6874.3500 0.73648051
6874.4000 0.72884287
6874.4500 0.7203328
6874.5000 0.71026954
6874.5500 0.70020628
6874.6000 0.69014303
6874.6500 0.68007977
6874.7000 0.66988761
6874.7500 0.65908821
6874.8000 0.6482888
6874.8500 0.6374894
6874.9000 0.62668999
6874.9500 0.61589059
6875.0000 0.62735697
6875.0500 0.63900079
6875.1000 0.65064461
6875.1500 0.66228843
6875.2000 0.67393225
6875.2500 0.68209656
6875.3000 0.68944818
6875.3500 0.6967998
6875.4000 0.70415143
6875.4500 0.71150305
6875.5000 0.71078365
6875.5500 0.70534018
6875.6000 0.69989672
6875.6500 0.69445325
6875.7000 0.68900979
6875.7500 0.69715344
6875.8000 0.72173786
6875.8500 0.74632228
6875.9000 0.77090671
6875.9500 0.79549113
6876.0000 0.80698888
6876.0500 0.78411196
6876.1000 0.76123504
6876.1500 0.73835813
6876.2000 0.71548121
6876.2500 0.69712896
6876.3000 0.71925734
6876.3500 0.74138572
6876.4000 0.7635141
6876.4500 0.78564248
6876.5000 0.80777086
6876.5500 0.7923326
6876.6000 0.77393113
6876.6500 0.75552965
6876.7000 0.73712818
6876.7500 0.71872671
6876.8000 0.72500443
6876.8500 0.73929993
6876.9000 0.75359543
6876.9500 0.76789093
6877.0000 0.78218643
6877.0500 0.79347337
6877.1000 0.80261919
6877.1500 0.81176502
6877.2000 0.82091084
6877.2500 0.83005667
6877.3000 0.83087034
6877.3500 0.81994819
6877.4000 0.80902605
6877.4500 0.79810391
6877.5000 0.78718177
6877.5500 0.78173391
6877.6000 0.79291187
6877.6500 0.80408983
6877.7000 0.8152678
6877.7500 0.82644576
6877.8000 0.83661399
6877.8500 0.83543864
6877.9000 0.83426329
6877.9500 0.83308795
6878.0000 0.8319126
6878.0500 0.83073725
6878.1000 0.81537605
6878.1500 0.79873586
6878.2000 0.78209568
6878.2500 0.76545549
6878.3000 0.74881531
6878.3500 0.74429733
6878.4000 0.74372631
6878.4500 0.7431553
6878.5000 0.74258429
6878.5500 0.74201328
6878.6000 0.75542257
6878.6500 0.77842827
6878.7000 0.80143396
6878.7500 0.82443966
6878.8000 0.84744536
6878.8500 0.85763858
6878.9000 0.85105957
6878.9500 0.84448056
6879.0000 0.83790155
6879.0500 0.83132254
6879.1000 0.82220926
6879.1500 0.80640435
6879.2000 0.79059945
6879.2500 0.77479454
6879.3000 0.75898964
6879.3500 0.74571546
6879.4000 0.75139218
6879.4500 0.75706889
6879.5000 0.7627456
6879.5500 0.76842231
6879.6000 0.77409902
6879.6500 0.77595137
6879.7000 0.77765442
6879.7500 0.77935747
6879.8000 0.78106052
6879.8500 0.78276357
6879.9000 0.81063651
6879.9500 0.84470648
6880.0000 0.87877646
6880.0500 0.91284643
6880.1000 0.9469164
6880.1500 0.94998668
6880.2000 0.93681116
6880.2500 0.92363563
6880.3000 0.91046011
6880.3500 0.89728459
6880.4000 0.88510447
6880.4500 0.87389914
6880.5000 0.86269382
6880.5500 0.85148849
6880.6000 0.84028316
6880.6500 0.82517248
6880.7000 0.80299099
6880.7500 0.78080949
6880.8000 0.758628
6880.8500 0.7364465
6880.9000 0.72028631
6880.9500 0.72707372
6881.0000 0.73386113
6881.0500 0.74064854
6881.1000 0.74743595
6881.1500 0.75438484
6881.2000 0.76380319
6881.2500 0.77322155
6881.3000 0.7826399
6881.3500 0.79205826
6881.4000 0.80147661
6881.4500 0.78650468
6881.5000 0.76930699
6881.5500 0.7521093
6881.6000 0.7349116
6881.6500 0.71771391
6881.7000 0.73726002
6881.7500 0.76760638
6881.8000 0.79795275
6881.8500 0.82829912
6881.9000 0.85864549
6881.9500 0.86798732
6882.0000 0.86503337
6882.0500 0.86207942
6882.1000 0.85912546
6882.1500 0.85617151
6882.2000 0.85004676
6882.2500 0.84062367
6882.3000 0.83120057
6882.3500 0.82177748
6882.4000 0.81235439
6882.4500 0.81102597
6882.5000 0.8246661
6882.5500 0.83830623
6882.6000 0.85194636
6882.6500 0.86558649
6882.7000 0.8751148
6882.7500 0.86947438
6882.8000 0.86383396
6882.8500 0.85819354
6882.9000 0.85255312
6882.9500 0.84797017
6883.0000 0.8560645
6883.0500 0.86415883
6883.1000 0.87225316
6883.1500 0.88034749
6883.2000 0.88844181
6883.2500 0.87523005
6883.3000 0.86071039
6883.3500 0.84619073
6883.4000 0.83167107
6883.4500 0.81715142
6883.5000 0.80309965
6883.5500 0.78915851
6883.6000 0.77521737
6883.6500 0.76127623
6883.7000 0.74733509
6883.7500 0.7424233
6883.8000 0.74182312
6883.8500 0.74122293
6883.9000 0.74062275
6883.9500 0.74002256
6884.0000 0.74312144
6884.0500 0.74929257
6884.1000 0.7554637
6884.1500 0.76163483
6884.2000 0.76780596
6884.2500 0.77775375
6884.3000 0.79297771
6884.3500 0.80820167
6884.4000 0.82342563
6884.4500 0.83864959
6884.5000 0.85295245
6884.5500 0.86499466
6884.6000 0.87703688
6884.6500 0.88907909
6884.7000 0.90112131
6884.7500 0.90700689
6884.8000 0.88133103
6884.8500 0.85565516
6884.9000 0.8299793
6884.9500 0.80430344
6885.0000 0.77919654
6885.0500 0.76834807
6885.1000 0.75749961
6885.1500 0.74665115
6885.2000 0.73580269
6885.2500 0.72495423
6885.3000 0.73326269
6885.3500 0.74335247
6885.4000 0.75344226
6885.4500 0.76353205
6885.5000 0.77362184
6885.5500 0.76648288
6885.6000 0.75484336
6885.6500 0.74320384
6885.7000 0.73156433
6885.7500 0.71992481
6885.8000 0.72024291
6885.8500 0.72639118
6885.9000 0.73253945
6885.9500 0.73868772
6886.0000 0.74483599
6886.0500 0.75292273
6886.1000 0.76257645
6886.1500 0.77223017
6886.2000 0.78188388
6886.2500 0.7915376
6886.3000 0.7980488
6886.3500 0.80048052
6886.4000 0.80291225
6886.4500 0.80534398
6886.5000 0.80777571
6886.5500 0.80616016
6886.6000 0.79589109
6886.6500 0.78562201
6886.7000 0.77535294
6886.7500 0.76508387
6886.8000 0.75751609
6886.8500 0.76051615
6886.9000 0.76351622
6886.9500 0.76651628
6887.0000 0.76951634
6887.0500 0.77371077
6887.1000 0.79000073
6887.1500 0.80629069
6887.2000 0.82258065
6887.2500 0.83887061
6887.3000 0.85516056
6887.3500 0.85228462
6887.4000 0.84896829
6887.4500 0.84565197
6887.5000 0.84233564
6887.5500 0.83901931
6887.6000 0.84134356
6887.6500 0.84453625
6887.7000 0.84772895
6887.7500 0.85092164
6887.8000 0.85411434
6887.8500 0.85949025
6887.9000 0.86556705
6887.9500 0.87164385
6888.0000 0.87772065
6888.0500 0.88379745
6888.1000 0.88335491
6888.1500 0.87938265
6888.2000 0.87541038
6888.2500 0.87143812
6888.3000 0.86746585
6888.3500 0.86640569
6888.4000 0.86780753
6888.4500 0.86920936
6888.5000 0.8706112
6888.5500 0.87201303
6888.6000 0.87297257
6888.6500 0.87336079
6888.7000 0.87374901
6888.7500 0.87413724
6888.8000 0.87452546
6888.8500 0.88991769
6888.9000 0.935473
6888.9500 0.98102832
6889.0000 1.02658363
6889.0500 1.07213895
6889.1000 1.0954685
6889.1500 1.04412276
6889.2000 0.99277703
6889.2500 0.9414313
6889.3000 0.89008557
6889.3500 0.84601989
6889.4000 0.85160111
6889.4500 0.85718233
6889.5000 0.86276354
6889.5500 0.86834476
6889.6000 0.87373
6889.6500 0.87224637
6889.7000 0.87076274
6889.7500 0.8692791
6889.8000 0.86779547
6889.8500 0.86631184
6889.9000 0.88033934
6889.9500 0.89555356
6890.0000 0.91076778
6890.0500 0.925982
6890.1000 0.94119622
6890.1500 0.91798309
6890.2000 0.88697997
6890.2500 0.85597686
6890.3000 0.82497374
6890.3500 0.79397062
6890.4000 0.80681418
6890.4500 0.83544264
6890.5000 0.8640711
6890.5500 0.89269956
6890.6000 0.92132802
6890.6500 0.91689608
6890.7000 0.89390464
6890.7500 0.87091319
6890.8000 0.84792174
6890.8500 0.8249303
6890.9000 0.8228353
6890.9500 0.83804993
6891.0000 0.85326456
6891.0500 0.86847919
6891.1000 0.88369382
6891.1500 0.88989401
6891.2000 0.88528516
6891.2500 0.88067631
6891.3000 0.87606745
6891.3500 0.8714586
6891.4000 0.86988736
6891.4500 0.87362729
6891.5000 0.87736723
6891.5500 0.88110717
6891.6000 0.8848471
6891.6500 0.88348233
6891.7000 0.86860874
6891.7500 0.85373516
6891.8000 0.83886157
6891.8500 0.82398798
6891.9000 0.81162418
6891.9500 0.81024734
6892.0000 0.8088705
6892.0500 0.80749366
6892.1000 0.80611682
6892.1500 0.805655
6892.2000 0.81352457
6892.2500 0.82139413
6892.3000 0.82926369
6892.3500 0.83713326
6892.4000 0.84505207
6892.4500 0.85663666
6892.5000 0.86822124
6892.5500 0.87980583
6892.6000 0.89139042
6892.6500 0.902975
6892.7000 0.86093341
6892.7500 0.81478349
6892.8000 0.76863357
6892.8500 0.72248366
6892.9000 0.67633374
6892.9500 0.70058346
6893.0000 0.73767682
6893.0500 0.77477018
6893.1000 0.81186355
6893.1500 0.84895691
6893.2000 0.84802559
6893.2500 0.83533915
6893.3000 0.8226527
6893.3500 0.80996625
6893.4000 0.7972798
6893.4500 0.80128727
6893.5000 0.81303282
6893.5500 0.82477837
6893.6000 0.83652392
6893.6500 0.84826947
6893.7000 0.84864091
6893.7500 0.84155438
6893.8000 0.83446785
6893.8500 0.82738132
6893.9000 0.82029479
6893.9500 0.82238826
6894.0000 0.83275628
6894.0500 0.84312429
6894.1000 0.85349231
6894.1500 0.86386032
6894.2000 0.87305665
6894.2500 0.88081606
6894.3000 0.88857547
6894.3500 0.89633488
6894.4000 0.90409428
6894.4500 0.89717141
6894.5000 0.86563618
6894.5500 0.83410095
6894.6000 0.80256572
6894.6500 0.77103049
6894.7000 0.7553555
6894.7500 0.77679645
6894.8000 0.7982374
6894.8500 0.81967834
6894.9000 0.84111929
6894.9500 0.85981829
6895.0000 0.86914675
6895.0500 0.8784752
6895.1000 0.88780366
6895.1500 0.89713211
6895.2000 0.9025942
6895.2500 0.8869153
6895.3000 0.8712364
6895.3500 0.85555749
6895.4000 0.83987859
6895.4500 0.82649061
6895.5000 0.83805638
6895.5500 0.84962215
6895.6000 0.86118792
6895.6500 0.87275369
6895.7000 0.88364067
6895.7500 0.8493514
6895.8000 0.81506214
6895.8500 0.78077287
6895.9000 0.74648361
6895.9500 0.71219434
6896.0000 0.72802488
6896.0500 0.74667425
6896.1000 0.76532362
6896.1500 0.78397299
6896.2000 0.80262236
6896.2500 0.80709092
6896.3000 0.80962451
6896.3500 0.81215809
6896.4000 0.81469167
6896.4500 0.81722525
6896.5000 0.85240061
6896.5500 0.895018
6896.6000 0.9376354
6896.6500 0.98025279
6896.7000 1.02287018
6896.7500 0.98435301
6896.8000 0.91878598
6896.8500 0.85321895
6896.9000 0.78765192
6896.9500 0.7220849
6897.0000 0.70964176
6897.0500 0.7214235
6897.1000 0.73320524
6897.1500 0.74498698
6897.2000 0.75676872
6897.2500 0.76416051
6897.3000 0.76891685
6897.3500 0.77367318
6897.4000 0.77842952
6897.4500 0.78318586
6897.5000 0.78449982
6897.5500 0.78315412
6897.6000 0.78180842
6897.6500 0.78046271
6897.7000 0.77911701
6897.7500 0.77847314
6897.8000 0.7785183
6897.8500 0.77856346
6897.9000 0.77860862
6897.9500 0.77865378
6898.0000 0.77816689
6898.0500 0.77701986
6898.1000 0.77587284
6898.1500 0.77472581
6898.2000 0.77357878
6898.2500 0.78689648
6898.3000 0.82291965
6898.3500 0.85894282
6898.4000 0.894966
6898.4500 0.93098917
6898.5000 0.94205741
6898.5500 0.90318818
6898.6000 0.86431896
6898.6500 0.82544973
6898.7000 0.78658051
6898.7500 0.76167587
6898.8000 0.77295583
6898.8500 0.78423578
6898.9000 0.79551574
6898.9500 0.8067957
6899.0000 0.82307915
6899.0500 0.85660718
6899.1000 0.8901352
6899.1500 0.92366323
6899.2000 0.95719125
6899.2500 0.97799617
6899.3000 0.93777132
6899.3500 0.89754647
6899.4000 0.85732162
6899.4500 0.81709677
6899.5000 0.78039991
6899.5500 0.76925977
6899.6000 0.75811962
6899.6500 0.74697948
6899.7000 0.73583933
6899.7500 0.72591997
6899.8000 0.73191051
6899.8500 0.73790105
6899.9000 0.74389159
6899.9500 0.74988213
6900.0000 0.75597109
6900.0500 0.76635687
6900.1000 0.77674265
6900.1500 0.78712844
6900.2000 0.79751422
6900.2500 0.8079
6900.3000 0.79859076
6900.3500 0.78877002
6900.4000 0.77894928
6900.4500 0.76912854
6900.5000 0.75930781
6900.5500 0.76944503
6900.6000 0.78112748
6900.6500 0.79280993
6900.7000 0.80449237
6900.7500 0.81617482
6900.8000 0.81673483
6900.8500 0.81581749
6900.9000 0.81490015
6900.9500 0.81398281
6901.0000 0.81306547
6901.0500 0.7889817
6901.1000 0.76043617
6901.1500 0.73189064
6901.2000 0.70334512
6901.2500 0.67479959
6901.3000 0.70070105
6901.3500 0.74060672
6901.4000 0.78051238
6901.4500 0.82041805
6901.5000 0.86032371
6901.5500 0.84244867
6901.6000 0.8056674
6901.6500 0.76888614
6901.7000 0.73210487
6901.7500 0.6953236
6901.8000 0.69509803
6901.8500 0.70961221
6901.9000 0.72412639
6901.9500 0.73864058
6902.0000 0.75315476
6902.0500 0.76467537
6902.1000 0.77474126
6902.1500 0.78480715
6902.2000 0.79487304
6902.2500 0.80493893
6902.3000 0.81344382
6902.3500 0.82104921
6902.4000 0.82865461
6902.4500 0.83626
6902.5000 0.8438654
6902.5500 0.83902006
6902.6000 0.82577005
6902.6500 0.81252004
6902.7000 0.79927004
6902.7500 0.78602003
6902.8000 0.76542006
6902.8500 0.73906158
6902.9000 0.7127031
6902.9500 0.68634462
6903.0000 0.65998614
6903.0500 0.66101261
6903.1000 0.68676417
6903.1500 0.71251572
6903.2000 0.73826727
6903.2500 0.76401882
6903.3000 0.761504
6903.3500 0.72973976
6903.4000 0.69797552
6903.4500 0.66621128
6903.5000 0.63444703
6903.5500 0.62963059
6903.6000 0.65664072
6903.6500 0.68365084
6903.7000 0.71066097
6903.7500 0.73767109
6903.8000 0.7413014
6903.8500 0.71351203
6903.9000 0.68572265
6903.9500 0.65793328
6904.0000 0.63014391
6904.0500 0.63392738
6904.1000 0.68588925
6904.1500 0.73785113
6904.2000 0.78981301
6904.2500 0.84177488
6904.3000 0.86316612
6904.3500 0.83165574
6904.4000 0.80014537
6904.4500 0.768635
6904.5000 0.73712463
6904.5500 0.71712528
6904.6000 0.71970385
6904.6500 0.72228242
6904.7000 0.72486099
6904.7500 0.72743956
6904.8000 0.72984583
6904.8500 0.73186897
6904.9000 0.73389212
6904.9500 0.73591526
6905.0000 0.7379384
6905.0500 0.73356444
6905.1000 0.71304793
6905.1500 0.69253143
6905.2000 0.67201492
6905.2500 0.65149841
6905.3000 0.64340659
6905.3500 0.67095304
6905.4000 0.69849948
6905.4500 0.72604593
6905.5000 0.75359238
6905.5500 0.76972977
6905.6000 0.74857738
6905.6500 0.727425
6905.7000 0.70627261
6905.7500 0.68512022
6905.8000 0.664691
6905.8500 0.64696402
6905.9000 0.62923704
6905.9500 0.61151006
6906.0000 0.59378307
6906.0500 0.58789312
6906.1000 0.63278636
6906.1500 0.6776796
6906.2000 0.72257284
6906.2500 0.76746608
6906.3000 0.80400252
6906.3500 0.79915363
6906.4000 0.79430473
6906.4500 0.78945584
6906.5000 0.78460694
6906.5500 0.78548615
6906.6000 0.81933131
6906.6500 0.85317646
6906.7000 0.88702162
6906.7500 0.92086678
6906.8000 0.94140404
6906.8500 0.87218693
6906.9000 0.80296982
6906.9500 0.7337527
6907.0000 0.66453559
6907.0500 0.60688342
6907.1000 0.64160645
6907.1500 0.67632948
6907.2000 0.71105251
6907.2500 0.74577554
6907.3000 0.77797729
6907.3500 0.78600688
6907.4000 0.79403648
6907.4500 0.80206607
6907.5000 0.81009567
6907.5500 0.81600043
6907.6000 0.79702554
6907.6500 0.77805065
6907.7000 0.75907576
6907.7500 0.74010087
6907.8000 0.72300059
6907.8500 0.73333712
6907.9000 0.74367365
6907.9500 0.75401018
6908.0000 0.76434671
6908.0500 0.77495154
6908.1000 0.79062618
6908.1500 0.80630083
6908.2000 0.82197547
6908.2500 0.83765012
6908.3000 0.85280946
6908.3500 0.85477776
6908.4000 0.85674605
6908.4500 0.85871435
6908.5000 0.86068264
6908.5500 0.86195805
6908.6000 0.83723408
6908.6500 0.81251012
6908.7000 0.78778615
6908.7500 0.76306218
6908.8000 0.73880714
6908.8500 0.74464543
6908.9000 0.75048372
6908.9500 0.756322
6909.0000 0.76216029
6909.0500 0.76812752
6909.1000 0.7964041
6909.1500 0.82468068
6909.2000 0.85295726
6909.2500 0.88123383
6909.3000 0.90951041
6909.3500 0.87922956
6909.4000 0.84878219
6909.4500 0.81833482
6909.5000 0.78788746
6909.5500 0.75744009
6909.6000 0.75514215
6909.6500 0.75314028
6909.7000 0.75113841
6909.7500 0.74913654
6909.8000 0.74713467
6909.8500 0.73199891
6909.9000 0.71663635
6909.9500 0.7012738
6910.0000 0.68591125
6910.0500 0.6705487
6910.1000 0.70958135
6910.1500 0.7498683
6910.2000 0.79015524
6910.2500 0.83044219
6910.3000 0.87072914
6910.3500 26.47735311
6910.4000 52.79629894
6910.4500 79.11524478
6910.5000 105.43419061
6910.5500 131.75313644
6910.6000 107.00581438
6910.6500 80.6421793
6910.7000 54.27854421
6910.7500 27.91490912
6910.8000 1.55127403
6910.8500 0.66973317
6910.9000 0.66501281
6910.9500 0.66029245
6911.0000 0.65557209
6911.0500 0.65085173
6911.1000 0.67478492
6911.1500 0.69975317
6911.2000 0.72472142
6911.2500 0.74968967
6911.3000 0.77465792
6911.3500 0.77537559
6911.4000 0.77520114
6911.4500 0.7750267
6911.5000 0.77485225
6911.5500 0.7746778
6911.6000 0.78708642
6911.6500 0.7999531
6911.7000 0.81281977
6911.7500 0.82568644
6911.8000 0.83855312
6911.8500 0.82915869
6911.9000 0.81898569
6911.9500 0.8088127
6912.0000 0.7986397
6912.0500 0.7884667
6912.1000 0.73526937
6912.1500 0.68067302
6912.2000 0.62607667
6912.2500 0.57148032
6912.3000 0.51688397
6912.3500 0.52857342
6912.4000 0.54218838
6912.4500 0.55580333
6912.5000 0.56941829
6912.5500 0.58303325
6912.6000 0.59466493
6912.6500 0.60624784
6912.7000 0.61783075
6912.7500 0.62941366
6912.8000 0.64099656
6912.8500 0.6437821
6912.9000 0.64639887
6912.9500 0.64901563
6913.0000 0.65163239
6913.0500 0.65424916
6913.1000 0.62782455
6913.1500 0.60102663
6913.2000 0.57422872
6913.2500 0.5474308
6913.3000 0.52063289
6913.3500 0.53072695
6913.4000 0.54102918
6913.4500 0.55133141
6913.5000 0.56163364
6913.5500 0.57191667
6913.6000 0.57426354
6913.6500 0.57661041
6913.7000 0.57895728
6913.7500 0.58130415
6913.8000 0
6913.8500 0
6913.9000 0
6913.9500 0
6914.0000 0
