5256.0500 1.60179417
5256.1000 1.60317896
5256.1500 1.60456375
5256.2000 1.60594854
5256.2500 1.61359895
5256.3000 1.63563308
5256.3500 1.6576672
5256.4000 1.67970132
5256.4500 1.70173544
5256.5000 1.72850934
5256.5500 1.76634944
5256.6000 1.80418954
5256.6500 1.84202963
5256.7000 1.87986973
5256.7500 1.89856198
5256.8000 1.87204795
5256.8500 1.84553393
5256.9000 1.81901991
5256.9500 1.79250589
5257.0000 1.77414684
5257.0500 1.77514338
5257.1000 1.77613993
5257.1500 1.77713648
5257.2000 1.77813302
5257.2500 1.77379025
5257.3000 1.75678187
5257.3500 1.73977349
5257.4000 1.72276511
5257.4500 1.70575673
5257.5000 1.68926063
5257.5500 1.67397195
5257.6000 1.65868328
5257.6500 1.6433946
5257.7000 1.62810592
5257.7500 1.62422275
5257.8000 1.64689434
5257.8500 1.66956593
5257.9000 1.69223751
5257.9500 1.7149091
5258.0000 1.73810046
5258.0500 1.76248039
5258.1000 1.78686032
5258.1500 1.81124026
5258.2000 1.83562019
5258.2500 1.84807931
5258.3000 1.83391522
5258.3500 1.81975112
5258.4000 1.80558703
5258.4500 1.79142293
5258.5000 1.77528353
5258.5500 1.75485912
5258.6000 1.73443472
5258.6500 1.71401031
5258.7000 1.69358591
5258.7500 1.67943955
5258.8000 1.67845142
5258.8500 1.67746329
5258.9000 1.67647516
5258.9500 1.67548703
5259.0000 1.68022385
5259.0500 1.6964944
5259.1000 1.71276494
5259.1500 1.72903549
5259.2000 1.74530603
5259.2500 1.75008613
5259.3000 1.73272452
5259.3500 1.71536291
5259.4000 1.6980013
5259.4500 1.68063969
5259.5000 1.67586189
5259.5500 1.69416699
5259.6000 1.7124721
5259.6500 1.73077721
5259.7000 1.74908231
5259.7500 1.75647939
5259.8000 1.7449169
5259.8500 1.73335441
5259.9000 1.72179192
5259.9500 1.71022943
5260.0000 1.6977539
5260.0500 1.68378133
5260.1000 1.66980876
5260.1500 1.65583618
5260.2000 1.64186361
5260.2500 1.6421138
5260.3000 1.66426737
5260.3500 1.68642095
5260.4000 1.70857453
5260.4500 1.7307281
5260.5000 1.74365962
5260.5500 1.74330862
5260.6000 1.74295761
5260.6500 1.74260661
5260.7000 1.74225561
5260.7500 1.73970924
5260.8000 1.73421816
5260.8500 1.72872709
5260.9000 1.72323601
5260.9500 1.71774493
5261.0000 1.69688046
5261.0500 1.65689366
5261.1000 1.61690686
5261.1500 1.57692006
5261.2000 1.53693326
5261.2500 1.52358878
5261.3000 1.54084224
5261.3500 1.55809571
5261.4000 1.57534918
5261.4500 1.59260264
5261.5000 1.59447887
5261.5500 1.5801223
5261.6000 1.56576573
5261.6500 1.55140915
5261.7000 1.53705258
5261.7500 1.53254433
5261.8000 1.53754677
5261.8500 1.5425492
5261.9000 1.54755164
5261.9500 1.55255407
5262.0000 1.56745035
5262.0500 1.59104295
5262.1000 1.61463554
5262.1500 1.63822814
5262.2000 1.66182073
5262.2500 1.66345467
5262.3000 1.6476193
5262.3500 1.63178394
5262.4000 1.61594857
5262.4500 1.60011321
5262.5000 1.59568809
5262.5500 1.59942805
5262.6000 1.60316801
5262.6500 1.60690797
5262.7000 1.61064793
5262.7500 1.60331451
5262.8000 1.58890386
5262.8500 1.57449321
5262.9000 1.56008255
5262.9500 1.5456719
5263.0000 1.55640983
5263.0500 1.58138536
5263.1000 1.60636088
5263.1500 1.63133641
5263.2000 1.65631194
5263.2500 1.66799212
5263.3000 1.67306979
5263.3500 1.67814746
5263.4000 1.68322513
5263.4500 1.6883028
5263.5000 1.66556963
5263.5500 1.63086544
5263.6000 1.59616125
5263.6500 1.56145706
5263.7000 1.52675287
5263.7500 1.52095309
5263.8000 1.52577764
5263.8500 1.5306022
5263.9000 1.53542676
5263.9500 1.54025131
5264.0000 1.55283511
5264.0500 1.56780772
5264.1000 1.58278032
5264.1500 1.59775293
5264.2000 1.61272553
5264.2500 1.58633455
5264.3000 1.54955239
5264.3500 1.51277024
5264.4000 1.47598808
5264.4500 1.43920592
5264.5000 1.44081684
5264.5500 1.45001001
5264.6000 1.45920317
5264.6500 1.46839633
5264.7000 1.4775895
5264.7500 1.46599601
5264.8000 1.4513561
5264.8500 1.43671619
5264.9000 1.42207629
5264.9500 1.40743638
5265.0000 1.42676622
5265.0500 1.44943465
5265.1000 1.47210307
5265.1500 1.4947715
5265.2000 1.51743992
5265.2500 1.48957327
5265.3000 1.45905198
5265.3500 1.42853069
5265.4000 1.3980094
5265.4500 1.36748811
5265.5000 1.37636618
5265.5500 1.38560571
5265.6000 1.39484523
5265.6500 1.40408476
5265.7000 1.41356934
5265.7500 1.43024182
5265.8000 1.4469143
5265.8500 1.46358678
5265.9000 1.48025926
5265.9500 1.49472961
5266.0000 1.48252954
5266.0500 1.47032946
5266.1000 1.45812939
5266.1500 1.44592932
5266.2000 1.4317573
5266.2500 1.40323515
5266.3000 1.37471301
5266.3500 1.34619086
5266.4000 1.31766872
5266.4500 1.29931871
5266.5000 1.33185327
5266.5500 1.36438783
5266.6000 1.39692238
5266.6500 1.42945694
5266.7000 1.45638428
5266.7500 1.46267175
5266.8000 1.46895923
5266.8500 1.4752467
5266.9000 1.48153417
5266.9500 1.48643919
5267.0000 1.48744825
5267.0500 1.48845732
5267.1000 1.48946638
5267.1500 1.49047544
5267.2000 1.48673928
5267.2500 1.47251115
5267.3000 1.45828303
5267.3500 1.4440549
5267.4000 1.42982678
5267.4500 1.41911425
5267.5000 1.4145927
5267.5500 1.41007115
5267.6000 1.4055496
5267.6500 1.40102805
5267.7000 1.40627075
5267.7500 1.42532323
5267.8000 1.44437572
5267.8500 1.4634282
5267.9000 1.48248068
5267.9500 1.48280878
5268.0000 1.46180476
5268.0500 1.44080074
5268.1000 1.41979672
5268.1500 1.3987927
5268.2000 1.39665273
5268.2500 1.41179025
5268.3000 1.42692776
5268.3500 1.44206528
5268.4000 1.45720279
5268.4500 1.46687565
5268.5000 1.47255378
5268.5500 1.47823191
5268.6000 1.48391003
5268.6500 1.48958816
5268.7000 1.48578553
5268.7500 1.47652605
5268.8000 1.46726656
5268.8500 1.45800707
5268.9000 1.44874758
5268.9500 1.45158734
5269.0000 1.4597888
5269.0500 1.46799027
5269.1000 1.47619173
5269.1500 1.48439319
5269.2000 1.47481229
5269.2500 1.45938022
5269.3000 1.44394815
5269.3500 1.42851608
5269.4000 1.41308401
5269.4500 1.40695728
5269.5000 1.40296865
5269.5500 1.39898003
5269.6000 1.3949914
5269.6500 1.39100277
5269.7000 1.40515886
5269.7500 1.4219036
5269.8000 1.43864833
5269.8500 1.45539307
5269.9000 1.47213781
5269.9500 1.46814375
5270.0000 1.46278791
5270.0500 1.45743207
5270.1000 1.45207623
5270.1500 1.44673647
5270.2000 1.44698483
5270.2500 1.44723319
5270.3000 1.44748155
5270.3500 1.44772991
5270.4000 1.44741289
5270.4500 1.43942018
5270.5000 1.43142746
5270.5500 1.42343475
5270.6000 1.41544204
5270.6500 1.40824194
5270.7000 1.4060947
5270.7500 1.40394747
5270.8000 1.40180024
5270.8500 1.39965301
5270.9000 1.39901991
5270.9500 1.40430102
5271.0000 1.40958212
5271.0500 1.41486323
5271.1000 1.42014433
5271.1500 1.42513138
5271.2000 1.42933662
5271.2500 1.43354186
5271.3000 1.43774711
5271.3500 1.44195235
5271.4000 1.44393915
5271.4500 1.44169669
5271.5000 1.43945423
5271.5500 1.43721177
5271.6000 1.43496931
5271.6500 1.43609239
5271.7000 1.44193895
5271.7500 1.44778551
5271.8000 1.45363206
5271.8500 1.45947862
5271.9000 1.47315483
5271.9500 1.49500269
5272.0000 1.51685055
5272.0500 1.53869842
5272.1000 1.56054628
5272.1500 1.56274999
5272.2000 1.54975645
5272.2500 1.5367629
5272.3000 1.52376935
5272.3500 1.51077581
5272.4000 1.49286545
5272.4500 1.47218426
5272.5000 1.45150307
5272.5500 1.43082188
5272.6000 1.41014069
5272.6500 1.40975948
5272.7000 1.41740703
5272.7500 1.42505459
5272.8000 1.43270214
5272.8500 1.4403497
5272.9000 1.45126853
5272.9500 1.46303167
5273.0000 1.47479481
5273.0500 1.48655795
5273.1000 1.49832108
5273.1500 1.49493397
5273.2000 1.48937016
5273.2500 1.48380636
5273.3000 1.47824256
5273.3500 1.47267876
5273.4000 1.47290963
5273.4500 1.47341256
5273.5000 1.47391549
5273.5500 1.47441842
5273.6000 1.47486457
5273.6500 1.47384073
5273.7000 1.47281689
5273.7500 1.47179305
5273.8000 1.47076921
5273.8500 1.47234625
5273.9000 1.49290955
5273.9500 1.51347284
5274.0000 1.53403614
5274.0500 1.55459943
5274.1000 1.56782805
5274.1500 1.55261817
5274.2000 1.53740828
5274.2500 1.5221984
5274.3000 1.50698851
5274.3500 1.49593965
5274.4000 1.49503664
5274.4500 1.49413363
5274.5000 1.49323062
5274.5500 1.49232761
5274.6000 1.49427812
5274.6500 1.50092597
5274.7000 1.50757381
5274.7500 1.51422165
5274.8000 1.52086949
5274.8500 1.52560553
5274.9000 1.52815285
5274.9500 1.53070016
5275.0000 1.53324748
5275.0500 1.5357948
5275.1000 1.53507835
5275.1500 1.53175367
5275.2000 1.52842899
5275.2500 1.52510431
5275.3000 1.52177963
5275.3500 1.51458097
5275.4000 1.50526557
5275.4500 1.49595016
5275.5000 1.48663476
5275.5500 1.47731935
5275.6000 1.47467632
5275.6500 1.47439267
5275.7000 1.47410902
5275.7500 1.47382537
5275.8000 1.47354171
5275.8500 1.47899562
5275.9000 1.48560695
5275.9500 1.49221829
5276.0000 1.49882963
5276.0500 1.50544096
5276.1000 1.49496403
5276.1500 1.48313667
5276.2000 1.4713093
5276.2500 1.45948194
5276.3000 1.44802097
5276.3500 1.45236983
5276.4000 1.45671868
5276.4500 1.46106754
5276.5000 1.46541639
5276.5500 1.46801031
5276.6000 1.4577105
5276.6500 1.44741069
5276.7000 1.43711087
5276.7500 1.42681106
5276.8000 1.42295999
5276.8500 1.44221236
5276.9000 1.46146472
5276.9500 1.48071709
5277.0000 1.49996945
5277.0500 1.50751524
5277.1000 1.48994205
5277.1500 1.47236886
5277.2000 1.45479567
5277.2500 1.43722248
5277.3000 1.43073932
5277.3500 1.4396445
5277.4000 1.44854967
5277.4500 1.45745484
5277.5000 1.46636002
5277.5500 1.46396837
5277.6000 1.45119219
5277.6500 1.43841602
5277.7000 1.42563984
5277.7500 1.41286366
5277.8000 1.40995737
5277.8500 1.41298543
5277.9000 1.4160135
5277.9500 1.41904157
5278.0000 1.42206964
5278.0500 1.43344256
5278.1000 1.4479138
5278.1500 1.46238504
5278.2000 1.47685628
5278.2500 1.49132752
5278.3000 1.48832731
5278.3500 1.48188075
5278.4000 1.47543418
5278.4500 1.46898762
5278.5000 1.46254106
5278.5500 1.47937403
5278.6000 1.49762699
5278.6500 1.51587996
5278.7000 1.53413292
5278.7500 1.55021894
5278.8000 1.52601771
5278.8500 1.50181649
5278.9000 1.47761526
5278.9500 1.45341404
5279.0000 1.43328894
5279.0500 1.43443018
5279.1000 1.43557142
5279.1500 1.43671266
5279.2000 1.4378539
5279.2500 1.44099742
5279.3000 1.44950245
5279.3500 1.45800748
5279.4000 1.46651251
5279.4500 1.47501754
5279.5000 1.48158248
5279.5500 1.48503842
5279.6000 1.48849435
5279.6500 1.49195029
5279.7000 1.49540622
5279.7500 1.49915311
5279.8000 1.50319347
5279.8500 1.50723383
5279.9000 1.51127419
5279.9500 1.51531455
5280.0000 1.53223858
5280.0500 1.55730595
5280.1000 1.58237333
5280.1500 1.6074407
5280.2000 1.63250808
5280.2500 1.62578981
5280.3000 1.60724719
5280.3500 1.58870456
5280.4000 1.57016193
5280.4500 1.55161931
5280.5000 1.55336209
5280.5500 1.55878977
5280.6000 1.56421745
5280.6500 1.56964513
5280.7000 1.57507281
5280.7500 1.56910839
5280.8000 1.56273023
5280.8500 1.55635207
5280.9000 1.5499739
5280.9500 1.54376712
5281.0000 1.5394074
5281.0500 1.53504767
5281.1000 1.53068795
5281.1500 1.52632823
5281.2000 1.52279067
5281.2500 1.52241948
5281.3000 1.5220483
5281.3500 1.52167712
5281.4000 1.52130594
5281.4500 1.52168836
5281.5000 1.52361038
5281.5500 1.52553239
5281.6000 1.52745441
5281.6500 1.52937643
5281.7000 1.52805397
5281.7500 1.5228042
5281.8000 1.51755442
5281.8500 1.51230465
5281.9000 1.50705487
5281.9500 1.50072304
5282.0000 1.49359935
5282.0500 1.48647566
5282.1000 1.47935198
5282.1500 1.47222829
5282.2000 1.47090702
5282.2500 1.47202837
5282.3000 1.47314972
5282.3500 1.47427107
5282.4000 1.47539242
5282.4500 1.46725537
5282.5000 1.4572399
5282.5500 1.44722444
5282.6000 1.43720898
5282.6500 1.42719351
5282.7000 1.43378095
5282.7500 1.44105667
5282.8000 1.4483324
5282.8500 1.45560813
5282.9000 1.46123558
5282.9500 1.45026382
5283.0000 1.43929206
5283.0500 1.4283203
5283.1000 1.41734855
5283.1500 1.41106137
5283.2000 1.42121612
5283.2500 1.43137087
5283.3000 1.44152563
5283.3500 1.45168038
5283.4000 1.45856854
5283.4500 1.4595067
5283.5000 1.46044486
5283.5500 1.46138302
5283.6000 1.46232118
5283.6500 1.46044189
5283.7000 1.45561115
5283.7500 1.45078041
5283.8000 1.44594966
5283.8500 1.44111892
5283.9000 1.44268436
5283.9500 1.44811006
5284.0000 1.45353577
5284.0500 1.45896148
5284.1000 1.46438718
5284.1500 1.46778191
5284.2000 1.47053577
5284.2500 1.47328963
5284.3000 1.47604348
5284.3500 1.47879734
5284.4000 1.46766166
5284.4500 1.45494716
5284.5000 1.44223265
5284.5500 1.42951814
5284.6000 1.41761487
5284.6500 1.42682434
5284.7000 1.43603381
5284.7500 1.44524328
5284.8000 1.45445275
5284.8500 1.46204826
5284.9000 1.46215734
5284.9500 1.46226641
5285.0000 1.46237549
5285.0500 1.46248457
5285.1000 1.46342451
5285.1500 1.46613836
5285.2000 1.46885222
5285.2500 1.47156607
5285.3000 1.47427993
5285.3500 1.47183483
5285.4000 1.4633793
5285.4500 1.45492378
5285.5000 1.44646825
5285.5500 1.43801273
5285.6000 1.4293422
5285.6500 1.42053193
5285.7000 1.41172165
5285.7500 1.40291138
5285.8000 1.39410111
5285.8500 1.39581726
5285.9000 1.40101354
5285.9500 1.40620982
5286.0000 1.4114061
5286.0500 1.41660238
5286.1000 1.42535685
5286.1500 1.43451423
5286.2000 1.44367162
5286.2500 1.452829
5286.3000 1.46085052
5286.3500 1.44548081
5286.4000 1.43011111
5286.4500 1.4147414
5286.5000 1.39937169
5286.5500 1.39186829
5286.6000 1.41671072
5286.6500 1.44155315
5286.7000 1.46639558
5286.7500 1.49123801
5286.8000 1.5037355
5286.8500 1.49292074
5286.9000 1.48210598
5286.9500 1.47129122
5287.0000 1.46047646
5287.0500 1.46152516
5287.1000 1.47452849
5287.1500 1.48753183
5287.2000 1.50053517
5287.2500 1.51353851
5287.3000 1.52072344
5287.3500 1.52479246
5287.4000 1.52886149
5287.4500 1.53293051
5287.5000 1.53699953
5287.5500 1.52731889
5287.6000 1.51432206
5287.6500 1.50132523
5287.7000 1.48832839
5287.7500 1.47533156
5287.8000 1.48928114
5287.8500 1.50431239
5287.9000 1.51934364
5287.9500 1.53437489
5288.0000 1.54931458
5288.0500 1.56357267
5288.1000 1.57783077
5288.1500 1.59208886
5288.2000 1.60634695
5288.2500 1.61296194
5288.3000 1.5995987
5288.3500 1.58623545
5288.4000 1.57287221
5288.4500 1.55950896
5288.5000 1.55213233
5288.5500 1.55249075
5288.6000 1.55284918
5288.6500 1.5532076
5288.7000 1.55356602
5288.7500 1.55451653
5288.8000 1.55586646
5288.8500 1.5572164
5288.9000 1.55856633
5288.9500 1.55991626
5289.0000 1.55575121
5289.0500 1.54983795
5289.1000 1.54392469
5289.1500 1.53801142
5289.2000 1.53209816
5289.2500 1.53226277
5289.3000 1.53293625
5289.3500 1.53360974
5289.4000 1.53428322
5289.4500 1.53534933
5289.5000 1.54051151
5289.5500 1.54567369
5289.6000 1.55083587
5289.6500 1.55599805
5289.7000 1.55828134
5289.7500 1.55208612
5289.8000 1.54589089
5289.8500 1.53969566
5289.9000 1.53350044
5289.9500 1.53072594
5290.0000 1.53266018
5290.0500 1.53459441
5290.1000 1.53652864
5290.1500 1.53846288
5290.2000 1.5382528
5290.2500 1.53654873
5290.3000 1.53484466
5290.3500 1.5331406
5290.4000 1.53143653
5290.4500 1.53901045
5290.5000 1.54952632
5290.5500 1.5600422
5290.6000 1.57055807
5290.6500 1.58107394
5290.7000 1.57116237
5290.7500 1.55972313
5290.8000 1.54828389
5290.8500 1.53684465
5290.9000 1.52735652
5290.9500 1.53488286
5291.0000 1.5424092
5291.0500 1.54993554
5291.1000 1.55746187
5291.1500 1.56221508
5291.2000 1.55971658
5291.2500 1.55721807
5291.3000 1.55471956
5291.3500 1.55222106
5291.4000 1.55116834
5291.4500 1.55187086
5291.5000 1.55257338
5291.5500 1.5532759
5291.6000 1.55397841
5291.6500 1.5600645
5291.7000 1.56933961
5291.7500 1.57861473
5291.8000 1.58788985
5291.8500 1.59716496
5291.9000 1.59915603
5291.9500 1.59938961
5292.0000 1.59962318
5292.0500 1.59985676
5292.1000 1.60009034
5292.1500 1.58634161
5292.2000 1.57237326
5292.2500 1.55840491
5292.3000 1.54443656
5292.3500 1.53330696
5292.4000 1.5365699
5292.4500 1.53983284
5292.5000 1.54309578
5292.5500 1.54635872
5292.6000 1.5445962
5292.6500 1.53334498
5292.7000 1.52209377
5292.7500 1.51084255
5292.8000 1.49959134
5292.8500 1.50055458
5292.9000 1.51239126
5292.9500 1.52422794
5293.0000 1.53606462
5293.0500 1.5479013
5293.1000 1.55074529
5293.1500 1.54997184
5293.2000 1.54919838
5293.2500 1.54842492
5293.3000 1.54765147
5293.3500 1.54365043
5293.4000 1.53928485
5293.4500 1.53491926
5293.5000 1.53055368
5293.5500 1.52681372
5293.6000 1.52979148
5293.6500 1.53276923
5293.7000 1.53574698
5293.7500 1.53872474
5293.8000 1.54432395
5293.8500 1.55689811
5293.9000 1.56947227
5293.9500 1.58204642
5294.0000 1.59462058
5294.0500 1.59130046
5294.1000 1.56950441
5294.1500 1.54770836
5294.2000 1.52591231
5294.2500 1.50411626
5294.3000 1.49997938
5294.3500 1.50522601
5294.4000 1.51047263
5294.4500 1.51571925
5294.5000 1.52096587
5294.5500 1.52230771
5294.6000 1.52293261
5294.6500 1.52355751
5294.7000 1.52418241
5294.7500 1.52459306
5294.8000 1.51958586
5294.8500 1.51457866
5294.9000 1.50957146
5294.9500 1.50456426
5295.0000 1.50025203
5295.0500 1.49823392
5295.1000 1.49621581
5295.1500 1.4941977
5295.2000 1.4921796
5295.2500 1.49557771
5295.3000 1.50620662
5295.3500 1.51683553
5295.4000 1.52746444
5295.4500 1.53809335
5295.5000 1.54500764
5295.5500 1.54969621
5295.6000 1.55438477
5295.6500 1.55907333
5295.7000 1.5637619
5295.7500 1.56168676
5295.8000 1.55816374
5295.8500 1.55464072
5295.9000 1.55111769
5295.9500 1.54748909
5296.0000 1.53944152
5296.0500 1.53139394
5296.1000 1.52334637
5296.1500 1.5152988
5296.2000 1.50534787
5296.2500 1.48881424
5296.3000 1.47228061
5296.3500 1.45574698
5296.4000 1.43921336
5296.4500 1.4379715
5296.5000 1.45728759
5296.5500 1.47660368
5296.6000 1.49591977
5296.6500 1.51523586
5296.7000 1.51799444
5296.7500 1.51103345
5296.8000 1.50407246
5296.8500 1.49711147
5296.9000 1.49015048
5296.9500 1.48571611
5297.0000 1.48178111
5297.0500 1.4778461
5297.1000 1.4739111
5297.1500 1.469863
5297.2000 1.46317896
5297.2500 1.45649493
5297.3000 1.44981089
5297.3500 1.44312685
5297.4000 1.4373335
5297.4500 1.43423218
5297.5000 1.43113085
5297.5500 1.42802953
5297.6000 1.4249282
5297.6500 1.42566665
5297.7000 1.43096053
5297.7500 1.43625442
5297.8000 1.4415483
5297.8500 1.44684219
5297.9000 1.45546487
5297.9500 1.46574608
5298.0000 1.47602729
5298.0500 1.4863085
5298.1000 1.49658972
5298.1500 1.49052508
5298.2000 1.48220671
5298.2500 1.47388834
5298.3000 1.46556998
5298.3500 1.45789373
5298.4000 1.45659212
5298.4500 1.45529052
5298.5000 1.45398891
5298.5500 1.45268731
5298.6000 1.45220158
5298.6500 1.4535706
5298.7000 1.45493962
5298.7500 1.45630864
5298.8000 1.45767766
5298.8500 1.45913215
5298.9000 1.46066529
5298.9500 1.46219843
5299.0000 1.46373157
5299.0500 1.46526471
5299.1000 1.45465895
5299.1500 1.43973016
5299.2000 1.42480137
5299.2500 1.40987259
5299.3000 1.3949438
5299.3500 1.40595933
5299.4000 1.41818887
5299.4500 1.43041842
5299.5000 1.44264797
5299.5500 1.45194759
5299.6000 1.44738777
5299.6500 1.44282796
5299.7000 1.43826815
5299.7500 1.43370834
5299.8000 1.42955334
5299.8500 1.42601828
5299.9000 1.42248323
5299.9500 1.41894817
5300.0000 1.41541312
5300.0500 1.41195457
5300.1000 1.40854356
5300.1500 1.40513254
5300.2000 1.40172153
5300.2500 1.39831051
5300.3000 1.400197
5300.3500 1.40309256
5300.4000 1.40598813
5300.4500 1.40888369
5300.5000 1.41195626
5300.5500 1.41759857
5300.6000 1.42324088
5300.6500 1.42888318
5300.7000 1.43452549
5300.7500 1.43903196
5300.8000 1.44076023
5300.8500 1.4424885
5300.9000 1.44421676
5300.9500 1.44594503
5301.0000 1.44517692
5301.0500 1.44207903
5301.1000 1.43898114
5301.1500 1.43588325
5301.2000 1.43278536
5301.2500 1.43347842
5301.3000 1.43546473
5301.3500 1.43745103
5301.4000 1.43943733
5301.4500 1.44142363
5301.5000 1.4546034
5301.5500 1.46806641
5301.6000 1.48152942
5301.6500 1.49499243
5301.7000 1.50335537
5301.7500 1.49209882
5301.8000 1.48084227
5301.8500 1.46958572
5301.9000 1.45832916
5301.9500 1.45150844
5302.0000 1.4503649
5302.0500 1.44922136
5302.1000 1.44807782
5302.1500 1.44693428
5302.2000 1.45605881
5302.2500 1.47018957
5302.3000 1.48432032
5302.3500 1.49845107
5302.4000 1.51258183
5302.4500 1.50997883
5302.5000 1.50566367
5302.5500 1.5013485
5302.6000 1.49703333
5302.6500 1.49320817
5302.7000 1.4923095
5302.7500 1.49141083
5302.8000 1.49051217
5302.8500 1.4896135
5302.9000 1.49137371
5302.9500 1.49745402
5303.0000 1.50353432
5303.0500 1.50961463
5303.1000 1.51569494
5303.1500 1.51749549
5303.2000 1.51667137
5303.2500 1.51584725
5303.3000 1.51502312
5303.3500 1.514199
5303.4000 1.50918148
5303.4500 1.50348156
5303.5000 1.49778165
5303.5500 1.49208173
5303.6000 1.48760716
5303.6500 1.49397399
5303.7000 1.50034082
5303.7500 1.50670765
5303.8000 1.51307448
5303.8500 1.51742295
5303.9000 1.51792867
5303.9500 1.5184344
5304.0000 1.51894012
5304.0500 1.51944584
5304.1000 1.5115055
5304.1500 1.49765936
5304.2000 1.48381322
5304.2500 1.46996708
5304.3000 1.45612094
5304.3500 1.46138251
5304.4000 1.47044866
5304.4500 1.47951482
5304.5000 1.48858097
5304.5500 1.49671504
5304.6000 1.49423377
5304.6500 1.4917525
5304.7000 1.48927123
5304.7500 1.48678996
5304.8000 1.48451258
5304.8500 1.48265143
5304.9000 1.48079028
5304.9500 1.47892913
5305.0000 1.47706798
5305.0500 1.47594125
5305.1000 1.47535027
5305.1500 1.47475929
5305.2000 1.47416831
5305.2500 1.47357733
5305.3000 1.47731689
5305.3500 1.4819502
5305.4000 1.48658351
5305.4500 1.49121682
5305.5000 1.4950245
5305.5500 1.48946027
5305.6000 1.48389604
5305.6500 1.47833181
5305.7000 1.47276759
5305.7500 1.46939712
5305.8000 1.47039473
5305.8500 1.47139234
5305.9000 1.47238995
5305.9500 1.47338756
5306.0000 1.47177867
5306.0500 1.46835099
5306.1000 1.46492331
5306.1500 1.46149563
5306.2000 1.45806794
5306.2500 1.47389965
5306.3000 1.49326423
5306.3500 1.51262881
5306.4000 1.53199339
5306.4500 1.5471132
5306.5000 1.52499049
5306.5500 1.50286778
5306.6000 1.48074507
5306.6500 1.45862236
5306.7000 1.44908363
5306.7500 1.46182397
5306.8000 1.47456432
5306.8500 1.48730467
5306.9000 1.50004501
5306.9500 1.5044674
5307.0000 1.50381146
5307.0500 1.50315551
5307.1000 1.50249957
5307.1500 1.50184363
5307.2000 1.50781543
5307.2500 1.51467226
5307.3000 1.52152908
5307.3500 1.52838591
5307.4000 1.53236857
5307.4500 1.51937657
5307.5000 1.50638457
5307.5500 1.49339256
5307.6000 1.48040056
5307.6500 1.47604468
5307.7000 1.48418178
5307.7500 1.49231888
5307.8000 1.50045598
5307.8500 1.50859308
5307.9000 1.51030481
5307.9500 1.50890848
5308.0000 1.50751215
5308.0500 1.50611581
5308.1000 1.50471948
5308.1500 1.49719069
5308.2000 1.48927434
5308.2500 1.48135799
5308.3000 1.47344163
5308.3500 1.46765085
5308.4000 1.4699312
5308.4500 1.47221154
5308.5000 1.47449189
5308.5500 1.47677224
5308.6000 1.48158265
5308.6500 1.48915957
5308.7000 1.49673649
5308.7500 1.5043134
5308.8000 1.51189032
5308.8500 1.5035492
5308.9000 1.48985188
5308.9500 1.47615457
5309.0000 1.46245725
5309.0500 1.44912029
5309.1000 1.45334642
5309.1500 1.45757255
5309.2000 1.46179867
5309.2500 1.4660248
5309.3000 1.47172227
5309.3500 1.4809648
5309.4000 1.49020733
5309.4500 1.49944985
5309.5000 1.50869238
5309.5500 1.50860169
5309.6000 1.5014077
5309.6500 1.49421372
5309.7000 1.48701974
5309.7500 1.47982575
5309.8000 1.4814203
5309.8500 1.4846431
5309.9000 1.48786589
5309.9500 1.49108869
5310.0000 1.49332899
5310.0500 1.48842341
5310.1000 1.48351784
5310.1500 1.47861226
5310.2000 1.47370669
5310.2500 1.47018724
5310.3000 1.46875234
5310.3500 1.46731743
5310.4000 1.46588253
5310.4500 1.46444763
5310.5000 1.46988986
5310.5500 1.47857997
5310.6000 1.48727009
5310.6500 1.49596021
5310.7000 1.50465032
5310.7500 1.50472494
5310.8000 1.50444423
5310.8500 1.50416351
5310.9000 1.5038828
5310.9500 1.50172134
5311.0000 1.49369735
5311.0500 1.48567336
5311.1000 1.47764937
5311.1500 1.46962538
5311.2000 1.47299152
5311.2500 1.48659239
5311.3000 1.50019327
5311.3500 1.51379415
5311.4000 1.52739502
5311.4500 1.52663213
5311.5000 1.52254085
5311.5500 1.51844957
5311.6000 1.51435829
5311.6500 1.51011055
5311.7000 1.50442868
5311.7500 1.4987468
5311.8000 1.49306492
5311.8500 1.48738304
5311.9000 1.48575502
5311.9500 1.49057044
5312.0000 1.49538586
5312.0500 1.50020129
5312.1000 1.50501671
5312.1500 1.50910658
5312.2000 1.51284764
5312.2500 1.5165887
5312.3000 1.52032977
5312.3500 1.52407083
5312.4000 1.51877951
5312.4500 1.5131685
5312.5000 1.5075575
5312.5500 1.50194649
5312.6000 1.49694763
5312.6500 1.4937127
5312.7000 1.49047777
5312.7500 1.48724284
5312.8000 1.48400791
5312.8500 1.485045
5312.9000 1.48956637
5312.9500 1.49408774
5313.0000 1.49860912
5313.0500 1.50313049
5313.1000 1.50492419
5313.1500 1.50621857
5313.2000 1.50751295
5313.2500 1.50880733
5313.3000 1.50996983
5313.3500 1.51032939
5313.4000 1.51068895
5313.4500 1.51104852
5313.5000 1.51140808
5313.5500 1.51312235
5313.6000 1.5165732
5313.6500 1.52002404
5313.7000 1.52347489
5313.7500 1.52692573
5313.8000 1.53185723
5313.8500 1.53731786
5313.9000 1.54277848
5313.9500 1.54823911
5314.0000 1.55297525
5314.0500 1.5386103
5314.1000 1.52424536
5314.1500 1.50988041
5314.2000 1.49551547
5314.2500 1.48822887
5314.3000 1.4948243
5314.3500 1.50141972
5314.4000 1.50801515
5314.4500 1.51461057
5314.5000 1.51796593
5314.5500 1.51950031
5314.6000 1.52103469
5314.6500 1.52256907
5314.7000 1.52410345
5314.7500 1.51715613
5314.8000 1.50970591
5314.8500 1.5022557
5314.9000 1.49480549
5314.9500 1.49054387
5315.0000 1.4958891
5315.0500 1.50123432
5315.1000 1.50657954
5315.1500 1.51192477
5315.2000 1.509825
5315.2500 1.50177281
5315.3000 1.49372063
5315.3500 1.48566844
5315.4000 1.47761625
5315.4500 1.47349416
5315.5000 1.46999306
5315.5500 1.46649197
5315.6000 1.46299087
5315.6500 1.46081305
5315.7000 1.46497276
5315.7500 1.46913246
5315.8000 1.47329217
5315.8500 1.47745187
5315.9000 1.47947604
5315.9500 1.47921669
5316.0000 1.47895735
5316.0500 1.478698
5316.1000 1.47843865
5316.1500 1.47799553
5316.2000 1.47750506
5316.2500 1.47701459
5316.3000 1.47652412
5316.3500 1.47743423
5316.4000 1.48987344
5316.4500 1.50231266
5316.5000 1.51475187
5316.5500 1.52719108
5316.6000 1.52814714
5316.6500 1.51343081
5316.7000 1.49871449
5316.7500 1.48399816
5316.8000 1.46928183
5316.8500 1.46705735
5316.9000 1.46925042
5316.9500 1.4714435
5317.0000 1.47363658
5317.0500 1.47530334
5317.1000 1.46809412
5317.1500 1.4608849
5317.2000 1.45367568
5317.2500 1.44646646
5317.3000 1.44077297
5317.3500 1.43761062
5317.4000 1.43444827
5317.4500 1.43128592
5317.5000 1.42812357
5317.5500 1.42269748
5317.6000 1.4162754
5317.6500 1.40985333
5317.7000 1.40343125
5317.7500 1.39713283
5317.8000 1.39858223
5317.8500 1.40003162
5317.9000 1.40148102
5317.9500 1.40293041
5318.0000 1.40475021
5318.0500 1.4072945
5318.1000 1.40983878
5318.1500 1.41238306
5318.2000 1.41492735
5318.2500 1.41436371
5318.3000 1.41221501
5318.3500 1.41006631
5318.4000 1.40791762
5318.4500 1.40576892
5318.5000 1.41346044
5318.5500 1.42127618
5318.6000 1.42909191
5318.6500 1.43690765
5318.7000 1.44379411
5318.7500 1.4486519
5318.8000 1.45350969
5318.8500 1.45836748
5318.9000 1.46322527
5318.9500 1.46252064
5319.0000 1.45871612
5319.0500 1.4549116
5319.1000 1.45110708
5319.1500 1.44730256
5319.2000 1.44299786
5319.2500 1.43867847
5319.3000 1.43435908
5319.3500 1.43003969
5319.4000 1.42744684
5319.4500 1.42884204
5319.5000 1.43023725
5319.5500 1.43163245
5319.6000 1.43302766
5319.6500 1.43428406
5319.7000 1.4354604
5319.7500 1.43663673
5319.8000 1.43781306
5319.8500 1.43898939
5319.9000 1.44297553
5319.9500 1.44705604
5320.0000 1.45113656
5320.0500 1.45521707
5320.1000 1.45851084
5320.1500 1.45998808
5320.2000 1.46146532
5320.2500 1.46294256
5320.3000 1.46441981
5320.3500 1.46850491
5320.4000 1.47406798
5320.4500 1.47963105
5320.5000 1.48519412
5320.5500 1.49075718
5320.6000 1.48611569
5320.6500 1.48121979
5320.7000 1.4763239
5320.7500 1.47142801
5320.8000 1.47161778
5320.8500 1.48289605
5320.9000 1.49417432
5320.9500 1.50545259
5321.0000 1.51673086
5321.0500 1.52083579
5321.1000 1.52115463
5321.1500 1.52147347
5321.2000 1.52179231
5321.2500 1.52211115
5321.3000 1.52256633
5321.3500 1.52302206
5321.4000 1.52347779
5321.4500 1.52393352
5321.5000 1.52255947
5321.5500 1.51761435
5321.6000 1.51266922
5321.6500 1.50772409
5321.7000 1.50277896
5321.7500 1.50640812
5321.8000 1.51401777
5321.8500 1.52162742
5321.9000 1.52923707
5321.9500 1.53658868
5322.0000 1.53513043
5322.0500 1.53367218
5322.1000 1.53221392
5322.1500 1.53075567
5322.2000 1.52856576
5322.2500 1.52515807
5322.3000 1.52175037
5322.3500 1.51834268
5322.4000 1.51493498
5322.4500 1.52313906
5322.5000 1.53578021
5322.5500 1.54842137
5322.6000 1.56106253
5322.6500 1.57189702
5322.7000 1.55981977
5322.7500 1.54774253
5322.8000 1.53566529
5322.8500 1.52358804
5322.9000 1.51904973
5322.9500 1.52475269
5323.0000 1.53045565
5323.0500 1.53615861
5323.1000 1.54186157
5323.1500 1.54236452
5323.2000 1.54136883
5323.2500 1.54037314
5323.3000 1.53937745
5323.3500 1.53823565
5323.4000 1.53611526
5323.4500 1.53399487
5323.5000 1.53187447
5323.5500 1.52975408
5323.6000 1.53039812
5323.6500 1.53397899
5323.7000 1.53755985
5323.7500 1.54114072
5323.8000 1.54472159
5323.8500 1.53649438
5323.9000 1.52603834
5323.9500 1.51558229
5324.0000 1.50512625
5324.0500 1.49633354
5324.1000 1.49423989
5324.1500 1.49214625
5324.2000 1.4900526
5324.2500 1.48795895
5324.3000 1.48801301
5324.3500 1.48976864
5324.4000 1.49152426
5324.4500 1.49327989
5324.5000 1.49503551
5324.5500 1.4997502
5324.6000 1.50472796
5324.6500 1.50970572
5324.7000 1.51468349
5324.7500 1.5171599
5324.8000 1.51320791
5324.8500 1.50925592
5324.9000 1.50530393
5324.9500 1.50135193
5325.0000 1.49741904
5325.0500 1.49349674
5325.1000 1.48957443
5325.1500 1.48565213
5325.2000 1.4817213
5325.2500 1.47669296
5325.3000 1.47166462
5325.3500 1.46663627
5325.4000 1.46160793
5325.4500 1.45906722
5325.5000 1.46069854
5325.5500 1.46232985
5325.6000 1.46396117
5325.6500 1.46559248
5325.7000 1.46179686
5325.7500 1.45610169
5325.8000 1.45040652
5325.8500 1.44471135
5325.9000 1.43998262
5325.9500 1.44313116
5326.0000 1.44627969
5326.0500 1.44942823
5326.1000 1.45257676
5326.1500 1.45224754
5326.2000 1.44813854
5326.2500 1.44402953
5326.3000 1.43992053
5326.3500 1.43581153
5326.4000 1.43924603
5326.4500 1.44400692
5326.5000 1.44876781
5326.5500 1.4535287
5326.6000 1.45836097
5326.6500 1.46344182
5326.7000 1.46852268
5326.7500 1.47360353
5326.8000 1.47868438
5326.8500 1.47658463
5326.9000 1.46963942
5326.9500 1.4626942
5327.0000 1.45574898
5327.0500 1.44880377
5327.1000 1.45078383
5327.1500 1.45301685
5327.2000 1.45524986
5327.2500 1.45748287
5327.3000 1.45691282
5327.3500 1.45111774
5327.4000 1.44532267
5327.4500 1.43952759
5327.5000 1.43373251
5327.5500 1.43607855
5327.6000 1.44147807
5327.6500 1.44687758
5327.7000 1.4522771
5327.7500 1.45656296
5327.8000 1.45152307
5327.8500 1.44648319
5327.9000 1.4414433
5327.9500 1.43640342
5328.0000 1.43414568
5328.0500 1.43481296
5328.1000 1.43548024
5328.1500 1.43614752
5328.2000 1.4368148
5328.2500 1.43840744
5328.3000 1.44013877
5328.3500 1.44187011
5328.4000 1.44360144
5328.4500 1.44233729
5328.5000 1.43223745
5328.5500 1.42213762
5328.6000 1.41203778
5328.6500 1.40193795
5328.7000 1.39813294
5328.7500 1.39789832
5328.8000 1.39766369
5328.8500 1.39742906
5328.9000 1.39727289
5328.9500 1.4002606
5329.0000 1.40324831
5329.0500 1.40623602
5329.1000 1.40922373
5329.1500 1.41070013
5329.2000 1.41001944
5329.2500 1.40933875
5329.3000 1.40865805
5329.3500 1.40797736
5329.4000 1.40886558
5329.4500 1.41014365
5329.5000 1.41142172
5329.5500 1.4126998
5329.6000 1.41413392
5329.6500 1.41622759
5329.7000 1.41832126
5329.7500 1.42041493
5329.8000 1.4225086
5329.8500 1.42093681
5329.9000 1.41674395
5329.9500 1.41255108
5330.0000 1.40835822
5330.0500 1.40416536
5330.1000 1.40357868
5330.1500 1.40308007
5330.2000 1.40258146
5330.2500 1.40208284
5330.3000 1.40445661
5330.3500 1.41170803
5330.4000 1.41895946
5330.4500 1.42621088
5330.5000 1.43346231
5330.5500 1.42826114
5330.6000 1.41926573
5330.6500 1.41027032
5330.7000 1.4012749
5330.7500 1.39391711
5330.8000 1.3949276
5330.8500 1.39593809
5330.9000 1.39694859
5330.9500 1.39795908
5331.0000 1.39881686
5331.0500 1.39955574
5331.1000 1.40029461
5331.1500 1.40103349
5331.2000 1.40177236
5331.2500 1.40636861
5331.3000 1.41111648
5331.3500 1.41586436
5331.4000 1.42061223
5331.4500 1.42340093
5331.5000 1.42275897
5331.5500 1.42211701
5331.6000 1.42147505
5331.6500 1.42083309
5331.7000 1.42742516
5331.7500 1.43622494
5331.8000 1.44502472
5331.8500 1.4538245
5331.9000 1.4608492
5331.9500 1.45922153
5332.0000 1.45759386
5332.0500 1.45596619
5332.1000 1.45433852
5332.1500 1.45114098
5332.2000 1.44678622
5332.2500 1.44243146
5332.3000 1.4380767
5332.3500 1.43372194
5332.4000 1.43704636
5332.4500 1.4405079
5332.5000 1.44396944
5332.5500 1.44743098
5332.6000 1.45134391
5332.6500 1.45596102
5332.7000 1.46057812
5332.7500 1.46519523
5332.8000 1.46981233
5332.8500 1.47144856
5332.9000 1.47234038
5332.9500 1.47323219
5333.0000 1.47412401
5333.0500 1.47556221
5333.1000 1.47904239
5333.1500 1.48252258
5333.2000 1.48600276
5333.2500 1.48948295
5333.3000 1.49393647
5333.3500 1.49897803
5333.4000 1.5040196
5333.4500 1.50906116
5333.5000 1.51400787
5333.5500 1.51648944
5333.6000 1.51897101
5333.6500 1.52145257
5333.7000 1.52393414
5333.7500 1.52491095
5333.8000 1.5240641
5333.8500 1.52321725
5333.9000 1.5223704
5333.9500 1.52152355
5334.0000 1.52001851
5334.0500 1.51841381
5334.1000 1.51680912
5334.1500 1.51520442
5334.2000 1.5138458
5334.2500 1.51310057
5334.3000 1.51235535
5334.3500 1.51161012
5334.4000 1.51086489
5334.4500 1.51024256
5334.5000 1.50967152
5334.5500 1.50910049
5334.6000 1.50852946
5334.6500 1.50834268
5334.7000 1.5108207
5334.7500 1.51329871
5334.8000 1.51577673
5334.8500 1.51825474
5334.9000 1.51929386
5334.9500 1.5191459
5335.0000 1.51899795
5335.0500 1.51884999
5335.1000 1.51870203
5335.1500 1.5187354
5335.2000 1.51877413
5335.2500 1.51881285
5335.3000 1.51885158
5335.3500 1.5169076
5335.4000 1.51193863
5335.4500 1.50696966
5335.5000 1.50200069
5335.5500 1.49703172
5335.6000 1.50231201
5335.6500 1.50981184
5335.7000 1.51731166
5335.7500 1.52481149
5335.8000 1.52820061
5335.8500 1.51922014
5335.9000 1.51023967
5335.9500 1.5012592
5336.0000 1.49227873
5336.0500 1.49053527
5336.1000 1.49222492
5336.1500 1.49391457
5336.2000 1.49560422
5336.2500 1.49728813
5336.3000 1.49892481
5336.3500 1.50056149
5336.4000 1.50219817
5336.4500 1.50383485
5336.5000 1.50250917
5336.5500 1.49866029
5336.6000 1.49481141
5336.6500 1.49096254
5336.7000 1.48711366
5336.7500 1.48841165
5336.8000 1.48985252
5336.8500 1.4912934
5336.9000 1.49273428
5336.9500 1.49481599
5337.0000 1.49783015
5337.0500 1.5008443
5337.1000 1.50385845
5337.1500 1.5068726
5337.2000 1.50632788
5337.2500 1.50512064
5337.3000 1.50391339
5337.3500 1.50270614
5337.4000 1.50174745
5337.4500 1.50142738
5337.5000 1.5011073
5337.5500 1.50078723
5337.6000 1.50046716
5337.6500 1.4983868
5337.7000 1.49561728
5337.7500 1.49284777
5337.8000 1.49007825
5337.8500 1.48743469
5337.9000 1.48545968
5337.9500 1.48348468
5338.0000 1.48150967
5338.0500 1.47953466
5338.1000 1.4785146
5338.1500 1.47813175
5338.2000 1.47774889
5338.2500 1.47736604
5338.3000 1.47694687
5338.3500 1.47570782
5338.4000 1.47446877
5338.4500 1.47322972
5338.5000 1.47199068
5338.5500 1.46942201
5338.6000 1.46544965
5338.6500 1.46147728
5338.7000 1.45750491
5338.7500 1.45353254
5338.8000 1.45642802
5338.8500 1.45982572
5338.9000 1.46322341
5338.9500 1.46662111
5339.0000 1.46887166
5339.0500 1.46923985
5339.1000 1.46960805
5339.1500 1.46997624
5339.2000 1.47034443
5339.2500 1.46477024
5339.3000 1.45795156
5339.3500 1.45113289
5339.4000 1.44431421
5339.4500 1.44021846
5339.5000 1.44325092
5339.5500 1.44628339
5339.6000 1.44931585
5339.6500 1.45234831
5339.7000 1.45162506
5339.7500 1.44949407
5339.8000 1.44736307
5339.8500 1.44523207
5339.9000 1.442199
5339.9500 1.43504836
5340.0000 1.42789771
5340.0500 1.42074707
5340.1000 1.41359643
5340.1500 1.41668391
5340.2000 1.42569599
5340.2500 1.43470808
5340.3000 1.44372016
5340.3500 1.45167296
5340.4000 1.44872404
5340.4500 1.44577512
5340.5000 1.4428262
5340.5500 1.43987729
5340.6000 1.43694808
5340.6500 1.43403534
5340.7000 1.43112259
5340.7500 1.42820985
5340.8000 1.42531493
5340.8500 1.42840553
5340.9000 1.43149612
5340.9500 1.43458671
5341.0000 1.4376773
5341.0500 1.44178517
5341.1000 1.44707641
5341.1500 1.45236765
5341.2000 1.45765889
5341.2500 1.46295013
5341.3000 1.46618244
5341.3500 1.46924284
5341.4000 1.47230324
5341.4500 1.47536364
5341.5000 1.47243549
5341.5500 1.45994159
5341.6000 1.44744769
5341.6500 1.43495379
5341.7000 1.42245989
5341.7500 1.43105516
5341.8000 1.44341676
5341.8500 1.45577836
5341.9000 1.46813996
5341.9500 1.47408733
5342.0000 1.46597739
5342.0500 1.45786744
5342.1000 1.44975749
5342.1500 1.44164755
5342.2000 1.43903764
5342.2500 1.43798292
5342.3000 1.4369282
5342.3500 1.43587348
5342.4000 1.43599554
5342.4500 1.43970108
5342.5000 1.44340663
5342.5500 1.44711218
5342.6000 1.45081773
5342.6500 1.44567612
5342.7000 1.43702944
5342.7500 1.42838275
5342.8000 1.41973607
5342.8500 1.4148175
5342.9000 1.42614322
5342.9500 1.43746893
5343.0000 1.44879465
5343.0500 1.46012036
5343.1000 1.46498076
5343.1500 1.46648797
5343.2000 1.46799518
5343.2500 1.46950238
5343.3000 1.47035893
5343.3500 1.46692551
5343.4000 1.4634921
5343.4500 1.46005868
5343.5000 1.45662526
5343.5500 1.45445416
5343.6000 1.45310271
5343.6500 1.45175127
5343.7000 1.45039982
5343.7500 1.44945044
5343.8000 1.45298374
5343.8500 1.45651705
5343.9000 1.46005035
5343.9500 1.46358365
5344.0000 1.46473411
5344.0500 1.46401011
5344.1000 1.46328611
5344.1500 1.46256211
5344.2000 1.46171937
5344.2500 1.45791166
5344.3000 1.45410395
5344.3500 1.45029624
5344.4000 1.44648853
5344.4500 1.44610552
5344.5000 1.44890032
5344.5500 1.45169511
5344.6000 1.45448991
5344.6500 1.45728581
5344.7000 1.46394123
5344.7500 1.47059665
5344.8000 1.47725206
5344.8500 1.48390748
5344.9000 1.48648134
5344.9500 1.48469114
5345.0000 1.48290095
5345.0500 1.48111075
5345.1000 1.47932056
5345.1500 1.48690044
5345.2000 1.49479346
5345.2500 1.50268648
5345.3000 1.5105795
5345.3500 1.51178571
5345.4000 1.50493209
5345.4500 1.49807847
5345.5000 1.49122485
5345.5500 1.48437123
5345.6000 1.48763659
5345.6500 1.49154064
5345.7000 1.49544468
5345.7500 1.49934872
5345.8000 1.50362245
5345.8500 1.50838781
5345.9000 1.51315317
5345.9500 1.51791853
5346.0000 1.52268389
5346.0500 1.52024183
5346.1000 1.51716619
5346.1500 1.51409056
5346.2000 1.51101492
5346.2500 1.50956586
5346.3000 1.51045186
5346.3500 1.51133787
5346.4000 1.51222387
5346.4500 1.51310987
5346.5000 1.50510162
5346.5500 1.49614195
5346.6000 1.48718228
5346.6500 1.47822262
5346.7000 1.47328842
5346.7500 1.47445437
5346.8000 1.47562032
5346.8500 1.47678628
5346.9000 1.47795223
5346.9500 1.48195278
5347.0000 1.48629248
5347.0500 1.49063218
5347.1000 1.49497187
5347.1500 1.49528392
5347.2000 1.48929983
5347.2500 1.48331575
5347.3000 1.47733166
5347.3500 1.47134757
5347.4000 1.47524377
5347.4500 1.48037954
5347.5000 1.4855153
5347.5500 1.49065107
5347.6000 1.49167852
5347.6500 1.48623466
5347.7000 1.48079081
5347.7500 1.47534696
5347.8000 1.4699031
5347.8500 1.46963297
5347.9000 1.47000538
5347.9500 1.4703778
5348.0000 1.47075022
5348.0500 1.47010584
5348.1000 1.46788526
5348.1500 1.46566467
5348.2000 1.46344408
5348.2500 1.46122349
5348.3000 1.46749564
5348.3500 1.47475208
5348.4000 1.48200853
5348.4500 1.48926497
5348.5000 1.49333736
5348.5500 1.49266449
5348.6000 1.49199162
5348.6500 1.49131874
5348.7000 1.49064587
5348.7500 1.48918362
5348.8000 1.48764175
5348.8500 1.48609988
5348.9000 1.48455801
5348.9500 1.48261617
5349.0000 1.4801142
5349.0500 1.47761224
5349.1000 1.47511028
5349.1500 1.47260832
5349.2000 1.47126274
5349.2500 1.47000925
5349.3000 1.46875577
5349.3500 1.46750228
5349.4000 1.46658891
5349.4500 1.46611325
5349.5000 1.46563758
5349.5500 1.46516191
5349.6000 1.46468625
5349.6500 1.46746877
5349.7000 1.47042378
5349.7500 1.4733788
5349.8000 1.47633381
5349.8500 1.47715913
5349.9000 1.47552011
5349.9500 1.47388109
5350.0000 1.47224207
5350.0500 1.47060305
5350.1000 1.47755798
5350.1500 1.48469867
5350.2000 1.49183937
5350.2500 1.49898007
5350.3000 1.49818841
5350.3500 1.48932075
5350.4000 1.48045308
5350.4500 1.47158541
5350.5000 1.46274449
5350.5500 1.45584437
5350.6000 1.44894425
5350.6500 1.44204413
5350.7000 1.43514402
5350.7500 1.43302499
5350.8000 1.43509357
5350.8500 1.43716215
5350.9000 1.43923073
5350.9500 1.44136529
5351.0000 1.44465605
5351.0500 1.4479468
5351.1000 1.45123755
5351.1500 1.4545283
5351.2000 1.45741011
5351.2500 1.45999125
5351.3000 1.4625724
5351.3500 1.46515355
5351.4000 1.46702263
5351.4500 1.46248483
5351.5000 1.45794703
5351.5500 1.45340923
5351.6000 1.44887143
5351.6500 1.45319442
5351.7000 1.46283025
5351.7500 1.47246608
5351.8000 1.48210191
5351.8500 1.49056174
5351.9000 1.49244582
5351.9500 1.49432989
5352.0000 1.49621397
5352.0500 1.49809804
5352.1000 1.49534526
5352.1500 1.49040709
5352.2000 1.48546892
5352.2500 1.48053074
5352.3000 1.47631525
5352.3500 1.47483424
5352.4000 1.47335323
5352.4500 1.47187222
5352.5000 1.4703912
5352.5500 1.47777398
5352.6000 1.48827387
5352.6500 1.49877376
5352.7000 1.50927365
5352.7500 1.51356145
5352.8000 1.50122496
5352.8500 1.48888848
5352.9000 1.476552
5352.9500 1.46421551
5353.0000 1.47496518
5353.0500 1.49128433
5353.1000 1.50760347
5353.1500 1.52392261
5353.2000 1.53292521
5353.2500 1.52776745
5353.3000 1.52260968
5353.3500 1.51745192
5353.4000 1.51229415
5353.4500 1.51041401
5353.5000 1.50899306
5353.5500 1.50757212
5353.6000 1.50615117
5353.6500 1.50668529
5353.7000 1.5099756
5353.7500 1.51326592
5353.8000 1.51655624
5353.8500 1.51984655
5353.9000 1.53157982
5353.9500 1.54371784
5354.0000 1.55585587
5354.0500 1.56799389
5354.1000 1.56641765
5354.1500 1.55084704
5354.2000 1.53527643
5354.2500 1.51970582
5354.3000 1.50498311
5354.3500 1.51229411
5354.4000 1.51960511
5354.4500 1.52691611
5354.5000 1.53422711
5354.5500 1.53425341
5354.6000 1.52901722
5354.6500 1.52378103
5354.7000 1.51854485
5354.7500 1.51415432
5354.8000 1.51565484
5354.8500 1.51715536
5354.9000 1.51865588
5354.9500 1.5201564
5355.0000 1.51940816
5355.0500 1.51756178
5355.1000 1.5157154
5355.1500 1.51386903
5355.2000 1.51356651
5355.2500 1.51874798
5355.3000 1.52392944
5355.3500 1.5291109
5355.4000 1.53429236
5355.4500 1.53741696
5355.5000 1.53992329
5355.5500 1.54242962
5355.6000 1.54493595
5355.6500 1.54709625
5355.7000 1.54851954
5355.7500 1.54994283
5355.8000 1.55136612
5355.8500 1.55278941
5355.9000 1.55540404
5355.9500 1.55819426
5356.0000 1.56098447
5356.0500 1.56377469
5356.1000 1.56177113
5356.1500 1.55328219
5356.2000 1.54479326
5356.2500 1.53630433
5356.3000 1.52781539
5356.3500 1.53393365
5356.4000 1.54035156
5356.4500 1.54676947
5356.5000 1.55318739
5356.5500 1.55171983
5356.6000 1.54343166
5356.6500 1.53514349
5356.7000 1.52685533
5356.7500 1.51992003
5356.8000 1.52603414
5356.8500 1.53214825
5356.9000 1.53826236
5356.9500 1.54437647
5357.0000 1.54310833
5357.0500 1.53791881
5357.1000 1.53272928
5357.1500 1.52753976
5357.2000 1.5233904
5357.2500 1.52306917
5357.3000 1.52274795
5357.3500 1.52242672
5357.4000 1.5221055
5357.4500 1.52053743
5357.5000 1.51860875
5357.5500 1.51668007
5357.6000 1.5147514
5357.6500 1.51513019
5357.7000 1.52000657
5357.7500 1.52488294
5357.8000 1.52975931
5357.8500 1.53463568
5357.9000 1.53082162
5357.9500 1.52608394
5358.0000 1.52134626
5358.0500 1.51660857
5358.1000 1.51587876
5358.1500 1.51966478
5358.2000 1.5234508
5358.2500 1.52723681
5358.3000 1.53072592
5358.3500 1.52667786
5358.4000 1.52262979
5358.4500 1.51858173
5358.5000 1.51453367
5358.5500 1.51385415
5358.6000 1.51535536
5358.6500 1.51685657
5358.7000 1.51835777
5358.7500 1.52075797
5358.8000 1.52732176
5358.8500 1.53388555
5358.9000 1.54044934
5358.9500 1.54701313
5359.0000 1.54327526
5359.0500 1.53609527
5359.1000 1.52891529
5359.1500 1.5217353
5359.2000 1.51975361
5359.2500 1.52866967
5359.3000 1.53758573
5359.3500 1.54650179
5359.4000 1.55541786
5359.4500 1.55293675
5359.5000 1.54915807
5359.5500 1.54537939
5359.6000 1.54160071
5359.6500 1.53933299
5359.7000 1.53874166
5359.7500 1.53815033
5359.8000 1.537559
5359.8500 1.53732555
5359.9000 1.54365175
5359.9500 1.54997794
5360.0000 1.55630413
5360.0500 1.56263033
5360.1000 1.56019687
5360.1500 1.55263765
5360.2000 1.54507843
5360.2500 1.53751921
5360.3000 1.53264258
5360.3500 1.53777302
5360.4000 1.54290346
5360.4500 1.5480339
5360.5000 1.55316434
5360.5500 1.54131285
5360.6000 1.52503866
5360.6500 1.50876447
5360.7000 1.49249028
5360.7500 1.48332945
5360.8000 1.48593437
5360.8500 1.48853929
5360.9000 1.49114421
5360.9500 1.49374913
5361.0000 1.50088498
5361.0500 1.50820165
5361.1000 1.51551833
5361.1500 1.522835
5361.2000 1.52246911
5361.2500 1.51576379
5361.3000 1.50905846
5361.3500 1.50235314
5361.4000 1.49690098
5361.4500 1.49943764
5361.5000 1.50197429
5361.5500 1.50451094
5361.6000 1.50704759
5361.6500 1.50883498
5361.7000 1.51033778
5361.7500 1.51184058
5361.8000 1.51334338
5361.8500 1.51586347
5361.9000 1.5205927
5361.9500 1.52532193
5362.0000 1.53005116
5362.0500 1.53478039
5362.1000 1.53300774
5362.1500 1.53057075
5362.2000 1.52813377
5362.2500 1.52569678
5362.3000 1.51945234
5362.3500 1.50941154
5362.4000 1.49937075
5362.4500 1.48932995
5362.5000 1.47973395
5362.5500 1.47434579
5362.6000 1.46895763
5362.6500 1.46356948
5362.7000 1.45818132
5362.7500 1.4626534
5362.8000 1.47151617
5362.8500 1.48037893
5362.9000 1.4892417
5362.9500 1.49493803
5363.0000 1.49286847
5363.0500 1.49079892
5363.1000 1.48872936
5363.1500 1.4866598
5363.2000 1.47829834
5363.2500 1.46914979
5363.3000 1.46000124
5363.3500 1.45085269
5363.4000 1.4489494
5363.4500 1.45460453
5363.5000 1.46025966
5363.5500 1.46591479
5363.6000 1.47130329
5363.6500 1.47404341
5363.7000 1.47678352
5363.7500 1.47952364
5363.8000 1.48226376
5363.8500 1.47979669
5363.9000 1.47504393
5363.9500 1.47029117
5364.0000 1.46553842
5364.0500 1.46157918
5364.1000 1.45947263
5364.1500 1.45736608
5364.2000 1.45525953
5364.2500 1.45315299
5364.3000 1.45320718
5364.3500 1.45348495
5364.4000 1.45376272
5364.4500 1.45404049
5364.5000 1.4493063
5364.5500 1.43983366
5364.6000 1.43036102
5364.6500 1.42088838
5364.7000 1.41293155
5364.7500 1.41575644
5364.8000 1.41858134
5364.8500 1.42140623
5364.9000 1.42423113
5364.9500 1.42154161
5365.0000 1.41685301
5365.0500 1.41216441
5365.1000 1.40747581
5365.1500 1.40516782
5365.2000 1.40735864
5365.2500 1.40954947
5365.3000 1.41174029
5365.3500 1.41393111
5365.4000 1.41343098
5365.4500 1.41281757
5365.5000 1.41220416
5365.5500 1.41159074
5365.6000 1.40814612
5365.6500 1.40260543
5365.7000 1.39706473
5365.7500 1.39152404
5365.8000 1.38848638
5365.8500 1.3960483
5365.9000 1.40361023
5365.9500 1.41117216
5366.0000 1.41873409
5366.0500 1.41287977
5366.1000 1.40385613
5366.1500 1.39483248
5366.2000 1.38580884
5366.2500 1.38235065
5366.3000 1.38632343
5366.3500 1.39029622
5366.4000 1.394269
5366.4500 1.39813393
5366.5000 1.39990512
5366.5500 1.40167632
5366.6000 1.40344751
5366.6500 1.40521871
5366.7000 1.40328084
5366.7500 1.39952597
5366.8000 1.3957711
5366.8500 1.39201624
5366.9000 1.39013921
5366.9500 1.39275327
5367.0000 1.39536733
5367.0500 1.39798139
5367.1000 1.40059545
5367.1500 1.40900185
5367.2000 1.41791238
5367.2500 1.4268229
5367.3000 1.43573343
5367.3500 1.43579492
5367.4000 1.4285124
5367.4500 1.42122988
5367.5000 1.41394736
5367.5500 1.40727231
5367.6000 1.40347192
5367.6500 1.39967154
5367.7000 1.39587115
5367.7500 1.39207077
5367.8000 1.39713097
5367.8500 1.40435289
5367.9000 1.41157482
5367.9500 1.41879674
5368.0000 1.42571337
5368.0500 1.43223307
5368.1000 1.43875277
5368.1500 1.44527248
5368.2000 1.45107219
5368.2500 1.44685649
5368.3000 1.44264079
5368.3500 1.43842509
5368.4000 1.43420938
5368.4500 1.43109536
5368.5000 1.42845162
5368.5500 1.42580788
5368.6000 1.42316414
5368.6500 1.42132399
5368.7000 1.42107157
5368.7500 1.42081915
5368.8000 1.42056673
5368.8500 1.42031431
5368.9000 1.42742723
5368.9500 1.43474687
5369.0000 1.44206651
5369.0500 1.44938616
5369.1000 1.44710626
5369.1500 1.43870975
5369.2000 1.43031324
5369.2500 1.42191673
5369.3000 1.41508982
5369.3500 1.41296265
5369.4000 1.41083548
5369.4500 1.40870831
5369.5000 1.40658114
5369.5500 1.4029989
5369.6000 1.39923932
5369.6500 1.39547974
5369.7000 1.39172016
5369.7500 1.3886809
5369.8000 1.38627068
5369.8500 1.38386046
5369.9000 1.38145024
5369.9500 1.37914226
5370.0000 1.37730735
5370.0500 1.37547244
5370.1000 1.37363753
5370.1500 1.37180261
5370.2000 1.37629135
5370.2500 1.3821394
5370.3000 1.38798745
5370.3500 1.3938355
5370.4000 1.39784963
5370.4500 1.39979472
5370.5000 1.40173981
5370.5500 1.4036849
5370.6000 1.40447836
5370.6500 1.39667495
5370.7000 1.38887154
5370.7500 1.38106813
5370.8000 1.37326473
5370.8500 1.37492325
5370.9000 1.37944263
5370.9500 1.38396202
5371.0000 1.3884814
5371.0500 1.39503139
5371.1000 1.40439711
5371.1500 1.41376283
5371.2000 1.42312855
5371.2500 1.43132966
5371.3000 1.42443194
5371.3500 1.41753422
5371.4000 1.41063651
5371.4500 1.40373879
5371.5000 1.3975525
5371.5500 1.39163515
5371.6000 1.3857178
5371.6500 1.37980045
5371.7000 1.37760389
5371.7500 1.38144749
5371.8000 1.38529109
5371.8500 1.38913469
5371.9000 1.3929976
5371.9500 1.39734716
5372.0000 1.40169672
5372.0500 1.40604628
5372.1000 1.41039584
5372.1500 1.40439038
5372.2000 1.3938746
5372.2500 1.38335882
5372.3000 1.37284305
5372.3500 1.36377945
5372.4000 1.35733748
5372.4500 1.3508955
5372.5000 1.34445352
5372.5500 1.33825581
5372.6000 1.3455332
5372.6500 1.3528106
5372.7000 1.36008799
5372.7500 1.36736538
5372.8000 1.37108141
5372.8500 1.37312609
5372.9000 1.37517077
5372.9500 1.37721546
5373.0000 1.3806776
5373.0500 1.38683272
5373.1000 1.39298785
5373.1500 1.39914298
5373.2000 1.40516654
5373.2500 1.39884872
5373.3000 1.39253091
5373.3500 1.38621309
5373.4000 1.37989527
5373.4500 1.37823675
5373.5000 1.37879398
5373.5500 1.37935122
5373.6000 1.37990846
5373.6500 1.37960244
5373.7000 1.3776671
5373.7500 1.37573175
5373.8000 1.37379641
5373.8500 1.37186094
5373.9000 1.36991794
5373.9500 1.36797495
5374.0000 1.36603195
5374.0500 1.36408895
5374.1000 1.36997459
5374.1500 1.3794114
5374.2000 1.38884821
5374.2500 1.39828502
5374.3000 1.40394816
5374.3500 1.40292971
5374.4000 1.40191125
5374.4500 1.4008928
5374.5000 1.40019488
5374.5500 1.40823391
5374.6000 1.41627294
5374.6500 1.42431197
5374.7000 1.432351
5374.7500 1.4332094
5374.8000 1.43115339
5374.8500 1.42909737
5374.9000 1.42704136
5374.9500 1.42712323
5375.0000 1.43056763
5375.0500 1.43401204
5375.1000 1.43745644
5375.1500 1.44051189
5375.2000 1.43819492
5375.2500 1.43587795
5375.3000 1.43356098
5375.3500 1.431244
5375.4000 1.43601807
5375.4500 1.44318353
5375.5000 1.450349
5375.5500 1.45751447
5375.6000 1.46322654
5375.6500 1.46700856
5375.7000 1.47079059
5375.7500 1.47457262
5375.8000 1.47837353
5375.8500 1.48232296
5375.9000 1.4862724
5375.9500 1.49022183
5376.0000 1.49417126
5376.0500 1.4947424
5376.1000 1.49445555
5376.1500 1.4941687
5376.2000 1.49388185
5376.2500 1.49285608
5376.3000 1.49104131
5376.3500 1.48922654
5376.4000 1.48741177
5376.4500 1.48376031
5376.5000 1.47121842
5376.5500 1.45867654
5376.6000 1.44613466
5376.6500 1.43359277
5376.7000 1.43486906
5376.7500 1.43838935
5376.8000 1.44190964
5376.8500 1.44542992
5376.9000 1.45421097
5376.9500 1.46728186
5377.0000 1.48035274
5377.0500 1.49342363
5377.1000 1.50063731
5377.1500 1.4895878
5377.2000 1.47853829
5377.2500 1.46748878
5377.3000 1.45643927
5377.3500 1.46421024
5377.4000 1.47326165
5377.4500 1.48231307
5377.5000 1.49136448
5377.5500 1.48877271
5377.6000 1.47937897
5377.6500 1.46998523
5377.7000 1.46059148
5377.7500 1.45593525
5377.8000 1.46100137
5377.8500 1.46606748
5377.9000 1.4711336
5377.9500 1.47599143
5378.0000 1.47288866
5378.0500 1.46978589
5378.1000 1.46668312
5378.1500 1.46358035
5378.2000 1.46114004
5378.2500 1.45895121
5378.3000 1.45676239
5378.3500 1.45457356
5378.4000 1.45378854
5378.4500 1.45489789
5378.5000 1.45600724
5378.5500 1.45711659
5378.6000 1.45846516
5378.6500 1.46144485
5378.7000 1.46442454
5378.7500 1.46740423
5378.8000 1.47038391
5378.8500 1.46526513
5378.9000 1.45850685
5378.9500 1.45174857
5379.0000 1.44499029
5379.0500 1.44301645
5379.1000 1.44517033
5379.1500 1.44732422
5379.2000 1.4494781
5379.2500 1.45192883
5379.3000 1.4553017
5379.3500 1.45867458
5379.4000 1.46204745
5379.4500 1.46542032
5379.5000 1.45869948
5379.5500 1.45146599
5379.6000 1.4442325
5379.6500 1.43699901
5379.7000 1.43715025
5379.7500 1.44108403
5379.8000 1.44501782
5379.8500 1.44895161
5379.9000 1.45259542
5379.9500 1.45575048
5380.0000 1.45890554
5380.0500 1.4620606
5380.1000 1.46434156
5380.1500 1.45720441
5380.2000 1.45006725
5380.2500 1.4429301
5380.3000 1.43579294
5380.3500 1.43228953
5380.4000 1.42970047
5380.4500 1.42711142
5380.5000 1.42452237
5380.5500 1.42371048
5380.6000 1.42457585
5380.6500 1.42544123
5380.7000 1.4263066
5380.7500 1.4245812
5380.8000 1.41425213
5380.8500 1.40392306
5380.9000 1.39359399
5380.9500 1.38326492
5381.0000 1.38890609
5381.0500 1.39538988
5381.1000 1.40187367
5381.1500 1.40835746
5381.2000 1.40599452
5381.2500 1.39927038
5381.3000 1.39254624
5381.3500 1.38582209
5381.4000 1.38205193
5381.4500 1.38287889
5381.5000 1.38370584
5381.5500 1.38453279
5381.6000 1.38530773
5381.6500 1.38567868
5381.7000 1.38604962
5381.7500 1.38642057
5381.8000 1.38679152
5381.8500 1.38464277
5381.9000 1.38200841
5381.9500 1.37937405
5382.0000 1.37673968
5382.0500 1.37564615
5382.1000 1.37574262
5382.1500 1.37583909
5382.2000 1.37593556
5382.2500 1.37409829
5382.3000 1.36756172
5382.3500 1.36102514
5382.4000 1.35448857
5382.4500 1.34825297
5382.5000 1.35654127
5382.5500 1.36482957
5382.6000 1.37311788
5382.6500 1.38140618
5382.7000 1.37781945
5382.7500 1.37028602
5382.8000 1.36275258
5382.8500 1.35521915
5382.9000 1.35354136
5382.9500 1.35814955
5383.0000 1.36275775
5383.0500 1.36736595
5383.1000 1.37114902
5383.1500 1.37192799
5383.2000 1.37270696
5383.2500 1.37348593
5383.3000 1.3742649
5383.3500 1.37477877
5383.4000 1.37527873
5383.4500 1.3757787
5383.5000 1.37627866
5383.5500 1.36953243
5383.6000 1.35947441
5383.6500 1.34941639
5383.7000 1.33935838
5383.7500 1.34102624
5383.8000 1.35862594
5383.8500 1.37622564
5383.9000 1.39382534
5383.9500 1.40537184
5384.0000 1.38585426
5384.0500 1.36633668
5384.1000 1.3468191
5384.1500 1.32730153
5384.2000 1.33000163
5384.2500 1.33506978
5384.3000 1.34013794
5384.3500 1.34520609
5384.4000 1.34595146
5384.4500 1.34432552
5384.5000 1.34269959
5384.5500 1.34107365
5384.6000 1.34402897
5384.6500 1.35417031
5384.7000 1.36431165
5384.7500 1.37445298
5384.8000 1.38310683
5384.8500 1.38217751
5384.9000 1.38124819
5384.9500 1.38031888
5385.0000 1.37938956
5385.0500 1.38130955
5385.1000 1.38361482
5385.1500 1.38592008
5385.2000 1.38822535
5385.2500 1.38104
5385.3000 1.36825427
5385.3500 1.35546853
5385.4000 1.3426828
5385.4500 1.33945638
5385.5000 1.35193441
5385.5500 1.36441244
5385.6000 1.37689047
5385.6500 1.38750678
5385.7000 1.38559215
5385.7500 1.38367752
5385.8000 1.38176289
5385.8500 1.37984826
5385.9000 1.37584136
5385.9500 1.37155402
5386.0000 1.36726669
5386.0500 1.36297935
5386.1000 1.36500421
5386.1500 1.37064567
5386.2000 1.37628713
5386.2500 1.38192859
5386.3000 1.38472242
5386.3500 1.38308411
5386.4000 1.3814458
5386.4500 1.37980749
5386.5000 1.37887205
5386.5500 1.38198036
5386.6000 1.38508867
5386.6500 1.38819697
5386.7000 1.39130528
5386.7500 1.39140574
5386.8000 1.39119585
5386.8500 1.39098596
5386.9000 1.39077607
5386.9500 1.38745762
5387.0000 1.38258268
5387.0500 1.37770774
5387.1000 1.37283279
5387.1500 1.37079776
5387.2000 1.37256251
5387.2500 1.37432726
5387.3000 1.376092
5387.3500 1.37807984
5387.4000 1.38101524
5387.4500 1.38395063
5387.5000 1.38688603
5387.5500 1.38982143
5387.6000 1.39626037
5387.6500 1.40286475
5387.7000 1.40946913
5387.7500 1.41607351
5387.8000 1.41868577
5387.8500 1.41975122
5387.9000 1.42081667
5387.9500 1.42188211
5388.0000 1.41593825
5388.0500 1.40264197
5388.1000 1.38934568
5388.1500 1.3760494
5388.2000 1.3704999
5388.2500 1.38736333
5388.3000 1.40422676
5388.3500 1.42109019
5388.4000 1.43727576
5388.4500 1.42917396
5388.5000 1.42107216
5388.5500 1.41297036
5388.6000 1.40486856
5388.6500 1.40377022
5388.7000 1.40443442
5388.7500 1.40509862
5388.8000 1.40576282
5388.8500 1.40794377
5388.9000 1.41125867
5388.9500 1.41457357
5389.0000 1.41788847
5389.0500 1.41942349
5389.1000 1.41760861
5389.1500 1.41579374
5389.2000 1.41397887
5389.2500 1.41324542
5389.3000 1.42020652
5389.3500 1.42716762
5389.4000 1.43412871
5389.4500 1.44108981
5389.5000 1.43188735
5389.5500 1.42090832
5389.6000 1.40992929
5389.6500 1.39895026
5389.7000 1.40071096
5389.7500 1.40846106
5389.8000 1.41621116
5389.8500 1.42396126
5389.9000 1.42612954
5389.9500 1.42176998
5390.0000 1.41741042
5390.0500 1.41305086
5390.1000 1.4078317
5390.1500 1.39993703
5390.2000 1.39204235
5390.2500 1.38414768
5390.3000 1.37655557
5390.3500 1.37991846
5390.4000 1.38328135
5390.4500 1.38664424
5390.5000 1.39000713
5390.5500 1.38828818
5390.6000 1.38539331
5390.6500 1.38249845
5390.7000 1.37960358
5390.7500 1.38047045
5390.8000 1.38385781
5390.8500 1.38724518
5390.9000 1.39063254
5390.9500 1.391418
5391.0000 1.38808184
5391.0500 1.38474568
5391.1000 1.38140952
5391.1500 1.37768656
5391.2000 1.37216109
5391.2500 1.36663561
5391.3000 1.36111014
5391.3500 1.35558467
5391.4000 1.35017168
5391.4500 1.34476242
5391.5000 1.33935316
5391.5500 1.3339439
5391.6000 1.33937704
5391.6500 1.34822375
5391.7000 1.35707046
5391.7500 1.36591717
5391.8000 1.36264795
5391.8500 1.3496536
5391.9000 1.33665925
5391.9500 1.32366491
5392.0000 1.31898703
5392.0500 1.3297263
5392.1000 1.34046556
5392.1500 1.35120482
5392.2000 1.36080018
5392.2500 1.36378853
5392.3000 1.36677688
5392.3500 1.36976522
5392.4000 1.37275357
5392.4500 1.36758781
5392.5000 1.36195892
5392.5500 1.35633003
5392.6000 1.35070114
5392.6500 1.34895255
5392.7000 1.34852218
5392.7500 1.34809181
5392.8000 1.34766144
5392.8500 1.34907859
5392.9000 1.35201904
5392.9500 1.35495949
5393.0000 1.35789994
5393.0500 1.35789943
5393.1000 1.35246734
5393.1500 1.34703525
5393.2000 1.34160316
5393.2500 1.33706182
5393.3000 1.3373422
5393.3500 1.33762257
5393.4000 1.33790295
5393.4500 1.33818333
5393.5000 1.3366661
5393.5500 1.33507804
5393.6000 1.33348998
5393.6500 1.33190193
5393.7000 1.32405705
5393.7500 1.31434077
5393.8000 1.30462448
5393.8500 1.2949082
5393.9000 1.29847664
5393.9500 1.31170727
5394.0000 1.3249379
5394.0500 1.33816852
5394.1000 1.34520465
5394.1500 1.34253577
5394.2000 1.3398669
5394.2500 1.33719802
5394.3000 1.33570692
5394.3500 1.33887513
5394.4000 1.34204334
5394.4500 1.34521155
5394.5000 1.34829687
5394.5500 1.34609965
5394.6000 1.34390243
5394.6500 1.34170521
5394.7000 1.33950799
5394.7500 1.33809009
5394.8000 1.33683111
5394.8500 1.33557212
5394.9000 1.33431314
5394.9500 1.33270413
5395.0000 1.3309044
5395.0500 1.32910467
5395.1000 1.32730495
5395.1500 1.32526933
5395.2000 1.32296284
5395.2500 1.32065635
5395.3000 1.31834987
5395.3500 1.31773576
5395.4000 1.32136377
5395.4500 1.32499177
5395.5000 1.32861978
5395.5500 1.33154081
5395.6000 1.32852233
5395.6500 1.32550385
5395.7000 1.32248537
5395.7500 1.3194669
5395.8000 1.32133089
5395.8500 1.32356767
5395.9000 1.32580445
5395.9500 1.32804123
5396.0000 1.32674131
5396.0500 1.32428294
5396.1000 1.32182458
5396.1500 1.31936622
5396.2000 1.3193981
5396.2500 1.32124085
5396.3000 1.3230836
5396.3500 1.32492636
5396.4000 1.33034609
5396.4500 1.34099501
5396.5000 1.35164392
5396.5500 1.36229284
5396.6000 1.36789825
5396.6500 1.35707741
5396.7000 1.34625657
5396.7500 1.33543573
5396.8000 1.32543142
5396.8500 1.32714536
5396.9000 1.32885931
5396.9500 1.33057325
5397.0000 1.3322872
5397.0500 1.32923989
5397.1000 1.32564514
5397.1500 1.32205039
5397.2000 1.31845564
5397.2500 1.31329039
5397.3000 1.30754462
5397.3500 1.30179886
5397.4000 1.29605309
5397.4500 1.29711772
5397.5000 1.30342843
5397.5500 1.30973914
5397.6000 1.31604984
5397.6500 1.31781896
5397.7000 1.31280787
5397.7500 1.30779678
5397.8000 1.30278568
5397.8500 1.29905837
5397.9000 1.29942079
5397.9500 1.29978322
5398.0000 1.30014565
5398.0500 1.30023887
5398.1000 1.29715828
5398.1500 1.29407769
5398.2000 1.29099711
5398.2500 1.28791652
5398.3000 1.2842546
5398.3500 1.28054142
5398.4000 1.27682825
5398.4500 1.27311508
5398.5000 1.26869386
5398.5500 1.26405063
5398.6000 1.2594074
5398.6500 1.25476417
5398.7000 1.24864681
5398.7500 1.2415674
5398.8000 1.234488
5398.8500 1.22740859
5398.9000 1.22143493
5398.9500 1.2168104
5399.0000 1.21218588
5399.0500 1.20756136
5399.1000 1.20861615
5399.1500 1.22309697
5399.2000 1.2375778
5399.2500 1.25205862
5399.3000 1.26617928
5399.3500 1.27818669
5399.4000 1.29019411
5399.4500 1.30220152
5399.5000 1.31420893
5399.5500 1.31043544
5399.6000 1.30659027
5399.6500 1.3027451
5399.7000 1.29889993
5399.7500 1.29489763
5399.8000 1.29086692
5399.8500 1.2868362
5399.9000 1.28280549
5399.9500 1.281499
5400.0000 1.28136144
5400.0500 1.28122387
5400.1000 1.28108631
5400.1500 1.28395972
5400.2000 1.28925561
5400.2500 1.29455151
5400.3000 1.29984741
5400.3500 1.29997311
5400.4000 1.29266107
5400.4500 1.28534903
5400.5000 1.27803699
5400.5500 1.27343894
5400.6000 1.27627226
5400.6500 1.27910558
5400.7000 1.2819389
5400.7500 1.28361605
5400.8000 1.27730707
5400.8500 1.27099809
5400.9000 1.26468911
5400.9500 1.25838012
5401.0000 1.26196875
5401.0500 1.26568843
5401.1000 1.26940811
5401.1500 1.27312779
5401.2000 1.27470091
5401.2500 1.275892
5401.3000 1.27708309
5401.3500 1.27827417
5401.4000 1.2916322
5401.4500 1.30990162
5401.5000 1.32817104
5401.5500 1.34644045
5401.6000 1.34422768
5401.6500 1.32702643
5401.7000 1.30982518
5401.7500 1.29262392
5401.8000 1.28279696
5401.8500 1.28220526
5401.9000 1.28161355
5401.9500 1.28102185
5402.0000 1.28256789
5402.0500 1.28882714
5402.1000 1.29508638
5402.1500 1.30134563
5402.2000 1.30481422
5402.2500 1.2957074
5402.3000 1.28660059
5402.3500 1.27749377
5402.4000 1.26937656
5402.4500 1.27904533
5402.5000 1.2887141
5402.5500 1.29838287
5402.6000 1.30805165
5402.6500 1.31118574
5402.7000 1.31379245
5402.7500 1.31639917
5402.8000 1.31900588
5402.8500 1.32253188
5402.9000 1.32628848
5402.9500 1.33004508
5403.0000 1.33380168
5403.0500 1.32687768
5403.1000 1.31481388
5403.1500 1.30275007
5403.2000 1.29068626
5403.2500 1.29853445
5403.3000 1.32252397
5403.3500 1.34651349
5403.4000 1.37050301
5403.4500 1.37377075
5403.5000 1.34968107
5403.5500 1.32559139
5403.6000 1.3015017
5403.6500 1.28416834
5403.7000 1.28178819
5403.7500 1.27940804
5403.8000 1.27702788
5403.8500 1.27317489
5403.9000 1.26316181
5403.9500 1.25314873
5404.0000 1.24313565
5404.0500 1.23474504
5404.1000 1.24601671
5404.1500 1.25728839
5404.2000 1.26856007
5404.2500 1.27983175
5404.3000 1.27565529
5404.3500 1.27085221
5404.4000 1.26604913
5404.4500 1.26124604
5404.5000 1.26824266
5404.5500 1.27736527
5404.6000 1.28648788
5404.6500 1.29561049
5404.7000 1.27902278
5404.7500 1.25317358
5404.8000 1.22732437
5404.8500 1.20147517
5404.9000 1.19859569
5404.9500 1.20952528
5405.0000 1.22045488
5405.0500 1.23138447
5405.1000 1.23205539
5405.1500 1.22308172
5405.2000 1.21410806
5405.2500 1.2051344
5405.3000 1.20392569
5405.3500 1.21399113
5405.4000 1.22405658
5405.4500 1.23412202
5405.5000 1.23677159
5405.5500 1.22226367
5405.6000 1.20775575
5405.6500 1.19324783
5405.7000 1.18643609
5405.7500 1.21094489
5405.8000 1.2354537
5405.8500 1.2599625
5405.9000 1.28085465
5405.9500 1.26699018
5406.0000 1.25312572
5406.0500 1.23926126
5406.1000 1.22539679
5406.1500 1.23449605
5406.2000 1.24376247
5406.2500 1.2530289
5406.3000 1.26229532
5406.3500 1.2467702
5406.4000 1.22826908
5406.4500 1.20976796
5406.5000 1.19126684
5406.5500 1.19546684
5406.6000 1.20554198
5406.6500 1.21561713
5406.7000 1.22569227
5406.7500 1.22829905
5406.8000 1.22766707
5406.8500 1.22703509
5406.9000 1.22640311
5406.9500 1.21478296
5407.0000 1.19590283
5407.0500 1.17702269
5407.1000 1.15814256
5407.1500 1.16261301
5407.2000 1.18966959
5407.2500 1.21672616
5407.3000 1.24378274
5407.3500 1.25519367
5407.4000 1.24464231
5407.4500 1.23409095
5407.5000 1.22353958
5407.5500 1.22282561
5407.6000 1.24251995
5407.6500 1.26221428
5407.7000 1.28190862
5407.7500 1.29186654
5407.8000 1.27030663
5407.8500 1.24874671
5407.9000 1.2271868
5407.9500 1.20876208
5408.0000 1.20834272
5408.0500 1.20792336
5408.1000 1.207504
5408.1500 1.20718487
5408.2000 1.20837873
5408.2500 1.2095726
5408.3000 1.21076646
5408.3500 1.21196032
5408.4000 1.21451686
5408.4500 1.21710478
5408.5000 1.21969271
5408.5500 1.22228063
5408.6000 1.22967491
5408.6500 1.23763682
5408.7000 1.24559873
5408.7500 1.25356063
5408.8000 1.2515248
5408.8500 1.24718632
5408.9000 1.24284784
5408.9500 1.23850936
5409.0000 1.2397753
5409.0500 1.24308522
5409.1000 1.24639515
5409.1500 1.24970507
5409.2000 1.23901335
5409.2500 1.22092217
5409.3000 1.20283099
5409.3500 1.18473981
5409.4000 1.17967038
5409.4500 1.18413644
5409.5000 1.1886025
5409.5500 1.19306856
5409.6000 1.19823569
5409.6500 1.20409875
5409.7000 1.20996182
5409.7500 1.21582488
5409.8000 1.21508569
5409.8500 1.20552062
5409.9000 1.19595555
5409.9500 1.18639048
5410.0000 1.18129023
5410.0500 1.18428194
5410.1000 1.18727365
5410.1500 1.19026535
5410.2000 1.19465109
5410.2500 1.20253859
5410.3000 1.21042609
5410.3500 1.21831359
5410.4000 1.22418735
5410.4500 1.22272819
5410.5000 1.22126903
5410.5500 1.21980988
5410.6000 1.21814629
5410.6500 1.21530298
5410.7000 1.21245967
5410.7500 1.20961636
5410.8000 1.20746287
5410.8500 1.21308587
5410.9000 1.21870887
5410.9500 1.22433186
5411.0000 1.22988647
5411.0500 1.23143926
5411.1000 1.23299205
5411.1500 1.23454485
5411.2000 1.23609764
5411.2500 1.24118022
5411.3000 1.24643431
5411.3500 1.2516884
5411.4000 1.25694249
5411.4500 1.25574164
5411.5000 1.25375975
5411.5500 1.25177787
5411.6000 1.24979598
5411.6500 1.2477767
5411.7000 1.24574986
5411.7500 1.24372302
5411.8000 1.24169619
5411.8500 1.22830827
5411.9000 1.21159325
5411.9500 1.19487822
5412.0000 1.17816319
5412.0500 1.18113495
5412.1000 1.19189604
5412.1500 1.20265713
5412.2000 1.21341822
5412.2500 1.22141638
5412.3000 1.22799797
5412.3500 1.23457956
5412.4000 1.24116115
5412.4500 1.23555187
5412.5000 1.22205534
5412.5500 1.20855881
5412.6000 1.19506228
5412.6500 1.20062903
5412.7000 1.22149204
5412.7500 1.24235505
5412.8000 1.26321806
5412.8500 1.27553011
5412.9000 1.27942715
5412.9500 1.28332419
5413.0000 1.28722123
5413.0500 1.27924667
5413.1000 1.25703726
5413.1500 1.23482786
5413.2000 1.21261845
5413.2500 1.19828379
5413.3000 1.19542202
5413.3500 1.19256025
5413.4000 1.18969848
5413.4500 1.19399807
5413.5000 1.21098304
5413.5500 1.22796801
5413.6000 1.24495299
5413.6500 1.252654
5413.7000 1.24027757
5413.7500 1.22790114
5413.8000 1.21552471
5413.8500 1.20650194
5413.9000 1.20640527
5413.9500 1.2063086
5414.0000 1.20621193
5414.0500 1.20517175
5414.1000 1.20100048
5414.1500 1.19682921
5414.2000 1.19265793
5414.2500 1.19015967
5414.3000 1.19472214
5414.3500 1.19928461
5414.4000 1.20384708
5414.4500 1.20736034
5414.5000 1.20506975
5414.5500 1.20277916
5414.6000 1.20048857
5414.6500 1.19900679
5414.7000 1.20367707
5414.7500 1.20834734
5414.8000 1.21301762
5414.8500 1.21714075
5414.9000 1.21504216
5414.9500 1.21294356
5415.0000 1.21084497
5415.0500 1.20923539
5415.1000 1.21753736
5415.1500 1.22583932
5415.2000 1.23414128
5415.2500 1.2421522
5415.3000 1.23072648
5415.3500 1.21930076
5415.4000 1.20787504
5415.4500 1.19644932
5415.5000 1.20568459
5415.5500 1.21525504
5415.6000 1.22482549
5415.6500 1.23439595
5415.7000 1.23972391
5415.7500 1.24485135
5415.8000 1.24997879
5415.8500 1.25510623
5415.9000 1.23836514
5415.9500 1.21990826
5416.0000 1.20145137
5416.0500 1.18299449
5416.1000 1.18758978
5416.1500 1.19471292
5416.2000 1.20183605
5416.2500 1.20895919
5416.3000 1.20764535
5416.3500 1.20514449
5416.4000 1.20264363
5416.4500 1.20014277
5416.5000 1.2098892
5416.5500 1.22173461
5416.6000 1.23358003
5416.6500 1.24542544
5416.7000 1.24421699
5416.7500 1.24037782
5416.8000 1.23653865
5416.8500 1.23269949
5416.9000 1.22607008
5416.9500 1.21879638
5417.0000 1.21152269
5417.0500 1.20424899
5417.1000 1.20834308
5417.1500 1.2153848
5417.2000 1.22242651
5417.2500 1.22946823
5417.3000 1.2315502
5417.3500 1.23221145
5417.4000 1.23287269
5417.4500 1.23353394
5417.5000 1.22602745
5417.5500 1.21597162
5417.6000 1.2059158
5417.6500 1.19585997
5417.7000 1.19832939
5417.7500 1.20500805
5417.8000 1.21168671
5417.8500 1.21836538
5417.9000 1.22642069
5417.9500 1.23496888
5418.0000 1.24351706
5418.0500 1.25206524
5418.1000 1.23734339
5418.1500 1.21383124
5418.2000 1.1903191
5418.2500 1.16680696
5418.3000 1.17080725
5418.3500 1.18567592
5418.4000 1.20054458
5418.4500 1.21541324
5418.5000 1.22936664
5418.5500 1.24294509
5418.6000 1.25652354
5418.6500 1.27010199
5418.7000 1.27275843
5418.7500 1.27081184
5418.8000 1.26886525
5418.8500 1.26691866
5418.9000 1.27232352
5418.9500 1.28089128
5419.0000 1.28945904
5419.0500 1.2980268
5419.1000 1.28222767
5419.1500 1.25580636
5419.2000 1.22938505
5419.2500 1.20296374
5419.3000 1.21711561
5419.3500 1.249056
5419.4000 1.2809964
5419.4500 1.3129368
5419.5000 1.30458722
5419.5500 1.27860205
5419.6000 1.25261687
5419.6500 1.2266317
5419.7000 1.22609123
5419.7500 1.23658853
5419.8000 1.24708583
5419.8500 1.25758312
5419.9000 1.25120151
5419.9500 1.23761744
5420.0000 1.22403338
5420.0500 1.21044931
5420.1000 1.21008043
5420.1500 1.21521657
5420.2000 1.22035271
5420.2500 1.22548885
5420.3000 1.23759654
5420.3500 1.25251716
5420.4000 1.26743777
5420.4500 1.28235839
5420.5000 1.2778336
5420.5500 1.26577108
5420.6000 1.25370856
5420.6500 1.24164603
5420.7000 1.23504558
5420.7500 1.23046176
5420.8000 1.22587794
5420.8500 1.22129412
5420.9000 1.2390549
5420.9500 1.26460098
5421.0000 1.29014707
5421.0500 1.31569315
5421.1000 1.31251031
5421.1500 1.29997607
5421.2000 1.28744183
5421.2500 1.27490758
5421.3000 1.27489317
5421.3500 1.27864357
5421.4000 1.28239398
5421.4500 1.28614439
5421.5000 1.28204834
5421.5500 1.27580016
5421.6000 1.26955198
5421.6500 1.2633038
5421.7000 1.25774637
5421.7500 1.2523592
5421.8000 1.24697203
5421.8500 1.24158486
5421.9000 1.22433341
5421.9500 1.20450106
5422.0000 1.1846687
5422.0500 1.16483635
5422.1000 1.18345919
5422.1500 1.20930008
5422.2000 1.23514097
5422.2500 1.26098186
5422.3000 1.25225879
5422.3500 1.23810247
5422.4000 1.22394615
5422.4500 1.20978983
5422.5000 1.21118131
5422.5500 1.21453535
5422.6000 1.21788939
5422.6500 1.22124343
5422.7000 1.21880763
5422.7500 1.21582181
5422.8000 1.212836
5422.8500 1.20985018
5422.9000 1.20622347
5422.9500 1.20255594
5423.0000 1.19888842
5423.0500 1.1952209
5423.1000 1.21703126
5423.1500 1.23966784
5423.2000 1.26230442
5423.2500 1.28494101
5423.3000 1.27496966
5423.3500 1.26495295
5423.4000 1.25493625
5423.4500 1.24549164
5423.5000 1.25441951
5423.5500 1.26334738
5423.6000 1.27227525
5423.6500 1.27899608
5423.7000 1.25308682
5423.7500 1.22717757
5423.8000 1.20126832
5423.8500 1.17924622
5423.9000 1.19297149
5423.9500 1.20669677
5424.0000 1.22042204
5424.0500 1.23100781
5424.1000 1.22136753
5424.1500 1.21172725
5424.2000 1.20208696
5424.2500 1.19314377
5424.3000 1.18755112
5424.3500 1.18195847
5424.4000 1.17636582
5424.4500 1.1749814
5424.5000 1.18927185
5424.5500 1.20356229
5424.6000 1.21785273
5424.6500 1.22295748
5424.7000 1.20088969
5424.7500 1.17882189
5424.8000 1.1567541
5424.8500 1.14655723
5424.9000 1.16470135
5424.9500 1.18284547
5425.0000 1.20098959
5425.0500 1.21622135
5425.1000 1.22578316
5425.1500 1.23534498
5425.2000 1.24490679
5425.2500 1.24973081
5425.3000 1.24698825
5425.3500 1.24424569
5425.4000 1.24150313
5425.4500 1.24782936
5425.5000 1.26606354
5425.5500 1.28429772
5425.6000 1.30253189
5425.6500 1.29913357
5425.7000 1.27240997
5425.7500 1.24568637
5425.8000 1.21896276
5425.8500 1.21437515
5425.9000 1.22929241
5425.9500 1.24420967
5426.0000 1.25912692
5426.0500 1.25695714
5426.1000 1.24259495
5426.1500 1.22823277
5426.2000 1.21387058
5426.2500 1.20167217
5426.3000 1.19070603
5426.3500 1.17973988
5426.4000 1.16877373
5426.4500 1.18755988
5426.5000 1.21957057
5426.5500 1.25158127
5426.6000 1.28359197
5426.6500 1.26412972
5426.7000 1.22741798
5426.7500 1.19070625
5426.8000 1.15399451
5426.8500 1.14624491
5426.9000 1.14540926
5426.9500 1.1445736
5427.0000 1.14373795
5427.0500 1.13568963
5427.1000 1.12653623
5427.1500 1.11738283
5427.2000 1.10822943
5427.2500 1.12093133
5427.3000 1.13531428
5427.3500 1.14969722
5427.4000 1.16408017
5427.4500 1.16370456
5427.5000 1.16320373
5427.5500 1.1627029
5427.6000 1.16338917
5427.6500 1.18402144
5427.7000 1.20465372
5427.7500 1.225286
5427.8000 1.24126756
5427.8500 1.22388341
5427.9000 1.20649925
5427.9500 1.18911509
5428.0000 1.17447805
5428.0500 1.17154683
5428.1000 1.16861561
5428.1500 1.16568438
5428.2000 1.1645452
5428.2500 1.16852265
5428.3000 1.17250011
5428.3500 1.17647757
5428.4000 1.17198669
5428.4500 1.15032444
5428.5000 1.1286622
5428.5500 1.10699995
5428.6000 1.11033065
5428.6500 1.15072359
5428.7000 1.19111653
5428.7500 1.23150946
5428.8000 1.2438755
5428.8500 1.22548764
5428.9000 1.20709978
5428.9500 1.18871193
5429.0000 1.19726885
5429.0500 1.22765578
5429.1000 1.25804271
5429.1500 1.28842964
5429.2000 1.27890121
5429.2500 1.24589429
5429.3000 1.21288737
5429.3500 1.17988046
5429.4000 1.17110094
5429.4500 1.17229278
5429.5000 1.17348461
5429.5500 1.17467645
5429.6000 1.15958596
5429.6500 1.14013585
5429.7000 1.12068573
5429.7500 1.10123562
5429.8000 1.13322524
5429.8500 1.17285053
5429.9000 1.21247582
5429.9500 1.25210112
5430.0000 1.23312717
5430.0500 1.21134556
5430.1000 1.18956394
5430.1500 1.16878351
5430.2000 1.17241952
5430.2500 1.17605552
5430.3000 1.17969153
5430.3500 1.17994145
5430.4000 1.15672161
5430.4500 1.13350176
5430.5000 1.11028192
5430.5500 1.10095722
5430.6000 1.14255869
5430.6500 1.18416016
5430.7000 1.22576164
5430.7500 1.25104667
5430.8000 1.23901452
5430.8500 1.22698238
5430.9000 1.21495023
5430.9500 1.19951439
5431.0000 1.17887974
5431.0500 1.15824509
5431.1000 1.13761044
5431.1500 1.14347777
5431.2000 1.17707371
5431.2500 1.21066965
5431.3000 1.24426559
5431.3500 1.25218399
5431.4000 1.24175893
5431.4500 1.23133387
5431.5000 1.22090882
5431.5500 1.22999814
5431.6000 1.2482919
5431.6500 1.26658565
5431.7000 1.2848794
5431.7500 1.28501466
5431.8000 1.27994682
5431.8500 1.27487897
5431.9000 1.26981113
5431.9500 1.25475665
5432.0000 1.23829695
5432.0500 1.22183725
5432.1000 1.20537756
5432.1500 1.21372581
5432.2000 1.22264249
5432.2500 1.23155917
5432.3000 1.23918645
5432.3500 1.23201379
5432.4000 1.22484112
5432.4500 1.21766846
5432.5000 1.20968272
5432.5500 1.19809757
5432.6000 1.18651242
5432.6500 1.17492727
5432.7000 1.16598879
5432.7500 1.16353065
5432.8000 1.16107251
5432.8500 1.15861438
5432.9000 1.15434909
5432.9500 1.1473422
5433.0000 1.1403353
5433.0500 1.13332841
5433.1000 1.12490282
5433.1500 1.11509314
5433.2000 1.10528347
5433.2500 1.09547379
5433.3000 1.10163796
5433.3500 1.11773237
5433.4000 1.13382677
5433.4500 1.14992118
5433.5000 0
5433.5500 0
5433.6000 0
5433.6500 0
