4329.0500 0.45163084
4329.1000 0.48253549
4329.1500 0.49391146
4329.2000 0.50528744
4329.2500 0.51666341
4329.3000 0.49465361
4329.3500 0.43345863
4329.4000 0.37226364
4329.4500 0.31106865
4329.5000 0.28479584
4329.5500 0.32683789
4329.6000 0.36887993
4329.6500 0.41092198
4329.7000 0.47141096
4329.7500 0.59823023
4329.8000 0.7250495
4329.8500 0.85186877
4329.9000 0.95602165
4329.9500 0.85156767
4330.0000 0.7471137
4330.0500 0.64265972
4330.1000 0.53820574
4330.1500 0.52546154
4330.2000 0.51463544
4330.2500 0.50380934
4330.3000 0.49298323
4330.3500 0.41447025
4330.4000 0.32513141
4330.4500 0.23579256
4330.5000 0.14645372
4330.5500 0.16925934
4330.6000 0.23028731
4330.6500 0.29131527
4330.7000 0.35234323
4330.7500 0.376526
4330.8000 0.37912446
4330.8500 0.38172292
4330.9000 0.38432138
4330.9500 0.37990369
4331.0000 0.36891739
4331.0500 0.35793109
4331.1000 0.34694479
4331.1500 0.33113936
4331.2000 0.30820811
4331.2500 0.28527687
4331.3000 0.26234562
4331.3500 0.24085563
4331.4000 0.2228685
4331.4500 0.20488137
4331.5000 0.18689424
4331.5500 0.1862848
4331.6000 0.26448129
4331.6500 0.34267777
4331.7000 0.42087426
4331.7500 0.49191889
4331.8000 0.46928133
4331.8500 0.44664378
4331.9000 0.42400622
4331.9500 0.40136866
4332.0000 0.38514457
4332.0500 0.36917191
4332.1000 0.35319925
4332.1500 0.33722659
4332.2000 0.31821078
4332.2500 0.29867771
4332.3000 0.27914465
4332.3500 0.25961158
4332.4000 0.24626075
4332.4500 0.23498986
4332.5000 0.22371898
4332.5500 0.2124481
4332.6000 0.20055853
4332.6500 0.1883253
4332.7000 0.17609206
4332.7500 0.16385883
4332.8000 0.16876075
4332.8500 0.18834076
4332.9000 0.20792077
4332.9500 0.22750078
4333.0000 0.26218935
4333.0500 0.31646663
4333.1000 0.37074391
4333.1500 0.42502119
4333.2000 0.43069283
4333.2500 0.33916356
4333.3000 0.24763428
4333.3500 0.15610501
4333.4000 0.10089487
4333.4500 0.16566438
4333.5000 0.23043389
4333.5500 0.2952034
4333.6000 0.35362727
4333.6500 0.37049725
4333.7000 0.38736723
4333.7500 0.40423721
4333.8000 0.4193479
4333.8500 0.38398571
4333.9000 0.34862352
4333.9500 0.31326132
4334.0000 0.27789913
4334.0500 0.24135974
4334.1000 0.20473984
4334.1500 0.16811994
4334.2000 0.13150004
4334.2500 0.14749328
4334.3000 0.17355452
4334.3500 0.19961577
4334.4000 0.22567701
4334.4500 0.26019604
4334.5000 0.29762728
4334.5500 0.33505852
4334.6000 0.37248975
4334.6500 0.33672038
4334.7000 0.26144117
4334.7500 0.18616196
4334.8000 0.11088275
4334.8500 0.09929734
4334.9000 0.13854617
4334.9500 0.17779499
4335.0000 0.21704381
4335.0500 0.23905078
4335.1000 0.24113422
4335.1500 0.24321767
4335.2000 0.24530111
4335.2500 0.25755934
4335.3000 0.28693565
4335.3500 0.31631196
4335.4000 0.34568828
4335.4500 0.34506235
4335.5000 0.26833921
4335.5500 0.19161606
4335.6000 0.11489292
4335.6500 0.06903984
4335.7000 0.15156695
4335.7500 0.23409405
4335.8000 0.31662116
4335.8500 0.38833148
4335.9000 0.3688278
4335.9500 0.34932412
4336.0000 0.32982044
4336.0500 0.31084694
4336.1000 0.31884053
4336.1500 0.32683411
4336.2000 0.3348277
4336.2500 0.34282129
4336.3000 0.3542454
4336.3500 0.36591333
4336.4000 0.37758126
4336.4500 0.38924919
4336.5000 0.39087301
4336.5500 0.3907119
4336.6000 0.39055079
4336.6500 0.39038968
4336.7000 0.37917675
4336.7500 0.36458136
4336.8000 0.34998598
4336.8500 0.33539059
4336.9000 0.31424711
4336.9500 0.29006898
4337.0000 0.26589085
4337.0500 0.24171273
4337.1000 0.25565458
4337.1500 0.29479061
4337.2000 0.33392663
4337.2500 0.37306266
4337.3000 0.35936864
4337.3500 0.29728416
4337.4000 0.23519967
4337.4500 0.17311519
4337.5000 0.15333789
4337.5500 0.18678041
4337.6000 0.22022292
4337.6500 0.25366544
4337.7000 0.27229911
4337.7500 0.26516193
4337.8000 0.25802476
4337.8500 0.25088758
4337.9000 0.25775151
4337.9500 0.29921556
4338.0000 0.34067961
4338.0500 0.38214366
4338.1000 0.40688278
4338.1500 0.36957806
4338.2000 0.33227334
4338.2500 0.29496863
4338.3000 0.25867757
4338.3500 0.22873543
4338.4000 0.1987933
4338.4500 0.16885117
4338.5000 0.14179489
4338.5500 0.15685785
4338.6000 0.1719208
4338.6500 0.18698375
4338.7000 0.20204671
4338.7500 0.22313618
4338.8000 0.2442763
4338.8500 0.26541641
4338.9000 0.28655652
4338.9500 0.26342233
4339.0000 0.2364546
4339.0500 0.20948687
4339.1000 0.18251914
4339.1500 0.22514308
4339.2000 0.2800423
4339.2500 0.33494151
4339.3000 0.38984072
4339.3500 0.35720033
4339.4000 0.29999905
4339.4500 0.24279777
4339.5000 0.18559649
4339.5500 0.17271783
4339.6000 0.17769342
4339.6500 0.182669
4339.7000 0.18764458
4339.7500 0.19926014
4339.8000 0.21451605
4339.8500 0.22977195
4339.9000 0.24502785
4339.9500 0.25756116
4340.0000 0.26812323
4340.0500 0.2786853
4340.1000 0.28924738
4340.1500 0.27194202
4340.2000 0.22842227
4340.2500 0.18490253
4340.3000 0.14138279
4340.3500 0.1102604
4340.4000 0.09419098
4340.4500 0.07812155
4340.5000 0.06205213
4340.5500 0.05510203
4340.6000 0.06247104
4340.6500 0.06984004
4340.7000 0.07720904
4340.7500 0.08926131
4340.8000 0.11092495
4340.8500 0.13258859
4340.9000 0.15425223
4340.9500 0.16978904
4341.0000 0.16852914
4341.0500 0.16726925
4341.1000 0.16600935
4341.1500 0.15439324
4341.2000 0.10334925
4341.2500 0.05230527
4341.3000 0.00126128
4341.3500 -0.03725255
4341.4000 -0.00469182
4341.4500 0.02786891
4341.5000 0.06042964
4341.5500 0.09165531
4341.6000 0.10983383
4341.6500 0.12801236
4341.7000 0.14619088
4341.7500 0.16352508
4341.8000 0.15881068
4341.8500 0.15409628
4341.9000 0.14938188
4341.9500 0.14466748
4342.0000 0.14948973
4342.0500 0.15448641
4342.1000 0.15948309
4342.1500 0.16447977
4342.2000 0.1650277
4342.2500 0.165232
4342.3000 0.1654363
4342.3500 0.1656406
4342.4000 0.1573097
4342.4500 0.14776682
4342.5000 0.13822393
4342.5500 0.12868104
4342.6000 0.12586815
4342.6500 0.12449155
4342.7000 0.12311494
4342.7500 0.12173833
4342.8000 0.14442777
4342.8500 0.17415688
4342.9000 0.20388599
4342.9500 0.23361511
4343.0000 0.24621481
4343.0500 0.25229608
4343.1000 0.25837735
4343.1500 0.26445861
4343.2000 0.25738756
4343.2500 0.24401631
4343.3000 0.23064507
4343.3500 0.21727383
4343.4000 0.20341588
4343.4500 0.18927087
4343.5000 0.17512585
4343.5500 0.16098084
4343.6000 0.16160644
4343.6500 0.17279803
4343.7000 0.18398962
4343.7500 0.19518121
4343.8000 0.1808016
4343.8500 0.14446797
4343.9000 0.10813434
4343.9500 0.07180071
4344.0000 0.07021597
4344.0500 0.10419022
4344.1000 0.13816447
4344.1500 0.17213873
4344.2000 0.19468904
4344.2500 0.20336255
4344.3000 0.21203605
4344.3500 0.22070956
4344.4000 0.2176366
4344.4500 0.19765437
4344.5000 0.17767213
4344.5500 0.1576899
4344.6000 0.15534268
4344.6500 0.18309863
4344.7000 0.21085458
4344.7500 0.23861052
4344.8000 0.26365428
4344.8500 0.28319172
4344.9000 0.30272916
4344.9500 0.3222666
4345.0000 0.32803555
4345.0500 0.3003742
4345.1000 0.27271285
4345.1500 0.24505151
4345.2000 0.2244911
4345.2500 0.22472911
4345.3000 0.22496712
4345.3500 0.22520513
4345.4000 0.22450795
4345.4500 0.22046456
4345.5000 0.21642117
4345.5500 0.21237778
4345.6000 0.21164636
4345.6500 0.22565706
4345.7000 0.23966776
4345.7500 0.25367847
4345.8000 0.26573527
4345.8500 0.26668241
4345.9000 0.26762955
4345.9500 0.2685767
4346.0000 0.26888668
4346.0500 0.26437847
4346.1000 0.25987026
4346.1500 0.25536205
4346.2000 0.25136548
4346.2500 0.25286777
4346.3000 0.25437006
4346.3500 0.25587235
4346.4000 0.25837675
4346.4500 0.2782455
4346.5000 0.29811426
4346.5500 0.31798301
4346.6000 0.3370411
4346.6500 0.32461745
4346.7000 0.31219379
4346.7500 0.29977014
4346.8000 0.28734649
4346.8500 0.2701411
4346.9000 0.25292012
4346.9500 0.23569915
4347.0000 0.21847817
4347.0500 0.21398747
4347.1000 0.20989722
4347.1500 0.20580696
4347.2000 0.2017167
4347.2500 0.2143695
4347.3000 0.22802751
4347.3500 0.24168553
4347.4000 0.25534355
4347.4500 0.26122444
4347.5000 0.26641366
4347.5500 0.27160289
4347.6000 0.27679211
4347.6500 0.27475837
4347.7000 0.27187182
4347.7500 0.26898527
4347.8000 0.26609871
4347.8500 0.26066775
4347.9000 0.25486187
4347.9500 0.24905599
4348.0000 0.24325011
4348.0500 0.25693251
4348.1000 0.27405779
4348.1500 0.29118308
4348.2000 0.30830836
4348.2500 0.31273123
4348.3000 0.31453856
4348.3500 0.31634589
4348.4000 0.31815322
4348.4500 0.32239368
4348.5000 0.32720581
4348.5500 0.33201794
4348.6000 0.33683008
4348.6500 0.32922453
4348.7000 0.31834495
4348.7500 0.30746536
4348.8000 0.29658577
4348.8500 0.29239144
4348.9000 0.29014842
4348.9500 0.28790541
4349.0000 0.28566239
4349.0500 0.27980265
4349.1000 0.27278749
4349.1500 0.26577233
4349.2000 0.25875716
4349.2500 0.2751713
4349.3000 0.29969766
4349.3500 0.32422402
4349.4000 0.34875037
4349.4500 0.35030877
4349.5000 0.34332216
4349.5500 0.33633555
4349.6000 0.32934894
4349.6500 0.33297209
4349.7000 0.34080392
4349.7500 0.34863575
4349.8000 0.35646758
4349.8500 0.34515159
4349.9000 0.32579377
4349.9500 0.30643595
4350.0000 0.28707813
4350.0500 0.29295507
4350.1000 0.3099801
4350.1500 0.32700513
4350.2000 0.34403017
4350.2500 0.33604388
4350.3000 0.31650558
4350.3500 0.29696729
4350.4000 0.27742899
4350.4500 0.28018951
4350.5000 0.29365577
4350.5500 0.30712203
4350.6000 0.32058829
4350.6500 0.32390265
4350.7000 0.32217853
4350.7500 0.3204544
4350.8000 0.31873027
4350.8500 0.3139039
4350.9000 0.30749433
4350.9500 0.30108476
4351.0000 0.29467519
4351.0500 0.29205519
4351.1000 0.29141362
4351.1500 0.29077204
4351.2000 0.29013046
4351.2500 0.29089159
4351.3000 0.29239809
4351.3500 0.29390459
4351.4000 0.29541109
4351.4500 0.30262694
4351.5000 0.31291535
4351.5500 0.32320376
4351.6000 0.33349217
4351.6500 0.32861271
4351.7000 0.31550671
4351.7500 0.30240072
4351.8000 0.28929472
4351.8500 0.29217609
4351.9000 0.30375372
4351.9500 0.31533135
4352.0000 0.32690899
4352.0500 0.31646106
4352.1000 0.2940558
4352.1500 0.27165053
4352.2000 0.24924527
4352.2500 0.2496309
4352.3000 0.26230516
4352.3500 0.27497942
4352.4000 0.28765368
4352.4500 0.29313942
4352.5000 0.29479441
4352.5500 0.29644939
4352.6000 0.29810438
4352.6500 0.29494532
4352.7000 0.28926333
4352.7500 0.28358134
4352.8000 0.27789935
4352.8500 0.27001498
4352.9000 0.2610012
4352.9500 0.25198741
4353.0000 0.24297363
4353.0500 0.25055356
4353.1000 0.26641733
4353.1500 0.28228111
4353.2000 0.29814488
4353.2500 0.30352398
4353.3000 0.30383467
4353.3500 0.30414536
4353.4000 0.30445605
4353.4500 0.29988364
4353.5000 0.29303792
4353.5500 0.28619219
4353.6000 0.27934647
4353.6500 0.28007591
4353.7000 0.28418224
4353.7500 0.28828856
4353.8000 0.29239489
4353.8500 0.29598003
4353.9000 0.29934403
4353.9500 0.30270804
4354.0000 0.30607205
4354.0500 0.30080793
4354.1000 0.2920819
4354.1500 0.28335587
4354.2000 0.27462984
4354.2500 0.26469086
4354.3000 0.25429482
4354.3500 0.24389879
4354.4000 0.23350275
4354.4500 0.24468446
4354.5000 0.26344401
4354.5500 0.28220355
4354.6000 0.3009631
4354.6500 0.30549458
4354.7000 0.30540835
4354.7500 0.30532213
4354.8000 0.3052359
4354.8500 0.3038712
4354.9000 0.3021267
4354.9500 0.3003822
4355.0000 0.29863771
4355.0500 0.3083895
4355.1000 0.32123278
4355.1500 0.33407605
4355.2000 0.34691932
4355.2500 0.33823865
4355.3000 0.32438715
4355.3500 0.31053565
4355.4000 0.29668414
4355.4500 0.30169012
4355.5000 0.31067874
4355.5500 0.31966736
4355.6000 0.32865597
4355.6500 0.33387338
4355.7000 0.3384047
4355.7500 0.34293601
4355.8000 0.34746733
4355.8500 0.34150554
4355.9000 0.33394289
4355.9500 0.32638024
4356.0000 0.31881759
4356.0500 0.30933539
4356.1000 0.29961667
4356.1500 0.28989795
4356.2000 0.28017924
4356.2500 0.26484855
4356.3000 0.24899038
4356.3500 0.2331322
4356.4000 0.21727403
4356.4500 0.23591671
4356.5000 0.25680152
4356.5500 0.27768633
4356.6000 0.29857114
4356.6500 0.32390735
4356.7000 0.34940507
4356.7500 0.37490279
4356.8000 0.40040051
4356.8500 0.3820898
4356.9000 0.3634306
4356.9500 0.34477139
4357.0000 0.32655481
4357.0500 0.32965421
4357.1000 0.3327536
4357.1500 0.335853
4357.2000 0.33851162
4357.2500 0.33274071
4357.3000 0.32696981
4357.3500 0.3211989
4357.4000 0.31676479
4357.4500 0.32767191
4357.5000 0.33857903
4357.5500 0.34948615
4357.6000 0.35934053
4357.6500 0.36082543
4357.7000 0.36231033
4357.7500 0.36379523
4357.8000 0.36443002
4357.8500 0.36002855
4357.9000 0.35562707
4357.9500 0.35122559
4358.0000 0.35006409
4358.0500 0.36384192
4358.1000 0.37761975
4358.1500 0.39139757
4358.2000 0.40498815
4358.2500 0.41788744
4358.3000 0.43078672
4358.3500 0.44368601
4358.4000 0.45130944
4358.4500 0.44303542
4358.5000 0.43476139
4358.5500 0.42648736
4358.6000 0.41490113
4358.6500 0.39505901
4358.7000 0.37521689
4358.7500 0.35537476
4358.8000 0.34737718
4358.8500 0.36402639
4358.9000 0.38067561
4358.9500 0.39732482
4359.0000 0.402889
4359.0500 0.38908166
4359.1000 0.37527432
4359.1500 0.36146698
4359.2000 0.35429
4359.2500 0.356876
4359.3000 0.359462
4359.3500 0.362048
4359.4000 0.35587882
4359.4500 0.33883712
4359.5000 0.32179542
4359.5500 0.30475372
4359.6000 0.30219546
4359.6500 0.31478524
4359.7000 0.32737503
4359.7500 0.33996481
4359.8000 0.34241939
4359.8500 0.33598035
4359.9000 0.32954131
4359.9500 0.32310228
4360.0000 0.31957545
4360.0500 0.31817851
4360.1000 0.31678158
4360.1500 0.31538465
4360.2000 0.31323269
4360.2500 0.31062509
4360.3000 0.3080175
4360.3500 0.3054099
4360.4000 0.30241889
4360.4500 0.29923975
4360.5000 0.29606061
4360.5500 0.29288147
4360.6000 0.29417346
4360.6500 0.29721169
4360.7000 0.30024991
4360.7500 0.30328813
4360.8000 0.30799678
4360.8500 0.31320847
4360.9000 0.31842015
4360.9500 0.32363184
4361.0000 0.33063497
4361.0500 0.33803377
4361.1000 0.34543258
4361.1500 0.35283138
4361.2000 0.34805722
4361.2500 0.34147602
4361.3000 0.33489483
4361.3500 0.32831363
4361.4000 0.3218018
4361.4500 0.31529572
4361.5000 0.30878963
4361.5500 0.30228355
4361.6000 0.31368383
4361.6500 0.32549824
4361.7000 0.33731266
4361.7500 0.34830954
4361.8000 0.33488942
4361.8500 0.3214693
4361.9000 0.30804918
4361.9500 0.29744012
4362.0000 0.31577724
4362.0500 0.33411436
4362.1000 0.35245148
4362.1500 0.36759926
4362.2000 0.3640547
4362.2500 0.36051013
4362.3000 0.35696557
4362.3500 0.3525718
4362.4000 0.34486668
4362.4500 0.33716156
4362.5000 0.32945644
4362.5500 0.32409615
4362.6000 0.32528709
4362.6500 0.32647803
4362.7000 0.32766896
4362.7500 0.33187756
4362.8000 0.34237737
4362.8500 0.35287717
4362.9000 0.36337698
4362.9500 0.36767499
4363.0000 0.36210289
4363.0500 0.35653079
4363.1000 0.35095869
4363.1500 0.34586336
4363.2000 0.3413538
4363.2500 0.33684424
4363.3000 0.33233468
4363.3500 0.3321235
4363.4000 0.3359986
4363.4500 0.3398737
4363.5000 0.3437488
4363.5500 0.34740662
4363.6000 0.35090561
4363.6500 0.35440461
4363.7000 0.35790361
4363.7500 0.35943543
4363.8000 0.35987931
4363.8500 0.36032319
4363.9000 0.36076707
4363.9500 0.36124342
4364.0000 0.36173296
4364.0500 0.3622225
4364.1000 0.36271204
4364.1500 0.36314556
4364.2000 0.36356324
4364.2500 0.36398092
4364.3000 0.3643986
4364.3500 0.35015042
4364.4000 0.33329685
4364.4500 0.31644329
4364.5000 0.29958973
4364.5500 0.31244556
4364.6000 0.32789161
4364.6500 0.34333766
4364.7000 0.35878371
4364.7500 0.35492974
4364.8000 0.35091194
4364.8500 0.34689415
4364.9000 0.34358278
4364.9500 0.35052101
4365.0000 0.35745924
4365.0500 0.36439747
4365.1000 0.36888904
4365.1500 0.35816112
4365.2000 0.34743321
4365.2500 0.33670529
4365.3000 0.32949592
4365.3500 0.33523829
4365.4000 0.34098065
4365.4500 0.34672302
4365.5000 0.35237209
4365.5500 0.35779264
4365.6000 0.36321318
4365.6500 0.36863373
4365.7000 0.37284304
4365.7500 0.37496557
4365.8000 0.3770881
4365.8500 0.37921064
4365.9000 0.37511073
4365.9500 0.36327399
4366.0000 0.35143725
4366.0500 0.33960051
4366.1000 0.33539384
4366.1500 0.33808026
4366.2000 0.34076667
4366.2500 0.34345309
4366.3000 0.34375471
4366.3500 0.34250653
4366.4000 0.34125835
4366.4500 0.34001017
4366.5000 0.33577495
4366.5500 0.33018494
4366.6000 0.32459492
4366.6500 0.3190049
4366.7000 0.32323908
4366.7500 0.33039211
4366.8000 0.33754515
4366.8500 0.34469818
4366.9000 0.34642453
4366.9500 0.34723089
4367.0000 0.34803726
4367.0500 0.34884362
4367.1000 0.3555265
4367.1500 0.36258272
4367.2000 0.36963893
4367.2500 0.37642579
4367.3000 0.37335819
4367.3500 0.37029058
4367.4000 0.36722298
4367.4500 0.36437196
4367.5000 0.363203
4367.5500 0.36203404
4367.6000 0.36086508
4367.6500 0.36006311
4367.7000 0.36070504
4367.7500 0.36134697
4367.8000 0.3619889
4367.8500 0.36022199
4367.9000 0.35262463
4367.9500 0.34502727
4368.0000 0.33742992
4368.0500 0.33170145
4368.1000 0.32898127
4368.1500 0.32626109
4368.2000 0.32354092
4368.2500 0.32330587
4368.3000 0.32581599
4368.3500 0.32832612
4368.4000 0.33083624
4368.4500 0.33468586
4368.5000 0.33955337
4368.5500 0.34442088
4368.6000 0.34928839
4368.6500 0.34791972
4368.7000 0.34337283
4368.7500 0.33882594
4368.8000 0.33427905
4368.8500 0.33515609
4368.9000 0.33776736
4368.9500 0.34037863
4369.0000 0.3429899
4369.0500 0.34262804
4369.1000 0.34175857
4369.1500 0.34088909
4369.2000 0.34001962
4369.2500 0.33711198
4369.3000 0.33410097
4369.3500 0.33108996
4369.4000 0.32793493
4369.4500 0.32206726
4369.5000 0.3161996
4369.5500 0.31033194
4369.6000 0.30604803
4369.6500 0.31072285
4369.7000 0.31539768
4369.7500 0.3200725
4369.8000 0.32387169
4369.8500 0.32506012
4369.9000 0.32624856
4369.9500 0.32743699
4370.0000 0.32697299
4370.0500 0.32348314
4370.1000 0.31999329
4370.1500 0.31650345
4370.2000 0.31854234
4370.2500 0.32716644
4370.3000 0.33579055
4370.3500 0.34441466
4370.4000 0.34187743
4370.4500 0.33059539
4370.5000 0.31931335
4370.5500 0.30803131
4370.6000 0.30872131
4370.6500 0.31541193
4370.7000 0.32210254
4370.7500 0.32879316
4370.8000 0.33103414
4370.8500 0.33196602
4370.9000 0.3328979
4370.9500 0.33382978
4371.0000 0.33096014
4371.0500 0.32757383
4371.1000 0.32418753
4371.1500 0.32080122
4371.2000 0.31776443
4371.2500 0.31473146
4371.3000 0.3116985
4371.3500 0.30966053
4371.4000 0.31667027
4371.4500 0.32368001
4371.5000 0.33068974
4371.5500 0.33723412
4371.6000 0.34202916
4371.6500 0.3468242
4371.7000 0.35161924
4371.7500 0.35560979
4371.8000 0.35790871
4371.8500 0.36020763
4371.9000 0.36250655
4371.9500 0.35845924
4372.0000 0.34618915
4372.0500 0.33391905
4372.1000 0.32164896
4372.1500 0.32736062
4372.2000 0.34778337
4372.2500 0.36820612
4372.3000 0.38862887
4372.3500 0.38680486
4372.4000 0.37380251
4372.4500 0.36080016
4372.5000 0.34779781
4372.5500 0.34593086
4372.6000 0.34716369
4372.6500 0.34839652
4372.7000 0.34962935
4372.7500 0.3495512
4372.8000 0.34932745
4372.8500 0.3491037
4372.9000 0.34888214
4372.9500 0.34877325
4373.0000 0.34866437
4373.0500 0.34855549
4373.1000 0.34784669
4373.1500 0.34342256
4373.2000 0.33899844
4373.2500 0.33457431
4373.3000 0.33412617
4373.3500 0.34498256
4373.4000 0.35583895
4373.4500 0.36669534
4373.5000 0.36987331
4373.5500 0.36065558
4373.6000 0.35143785
4373.6500 0.34222012
4373.7000 0.33622112
4373.7500 0.33336535
4373.8000 0.33050957
4373.8500 0.3276538
4373.9000 0.33124333
4373.9500 0.33861024
4374.0000 0.34597715
4374.0500 0.35334405
4374.1000 0.35490841
4374.1500 0.35460174
4374.2000 0.35429507
4374.2500 0.3539884
4374.3000 0.35292319
4374.3500 0.35175747
4374.4000 0.35059174
4374.4500 0.34947782
4374.5000 0.35305649
4374.5500 0.35663517
4374.6000 0.36021384
4374.6500 0.36169542
4374.7000 0.35029312
4374.7500 0.33889082
4374.8000 0.32748852
4374.8500 0.32081802
4374.9000 0.32692956
4374.9500 0.33304111
4375.0000 0.33915266
4375.0500 0.34047037
4375.1000 0.33464189
4375.1500 0.32881341
4375.2000 0.32298493
4375.2500 0.3231304
4375.3000 0.32849039
4375.3500 0.33385038
4375.4000 0.33921036
4375.4500 0.33664471
4375.5000 0.33013129
4375.5500 0.32361787
4375.6000 0.31710445
4375.6500 0.32178436
4375.7000 0.329224
4375.7500 0.33666364
4375.8000 0.34410327
4375.8500 0.33528714
4375.9000 0.32539733
4375.9500 0.31550751
4376.0000 0.30684368
4376.0500 0.3133004
4376.1000 0.31975712
4376.1500 0.32621383
4376.2000 0.33044093
4376.2500 0.32643414
4376.3000 0.32242736
4376.3500 0.31842057
4376.4000 0.31711892
4376.4500 0.32079063
4376.5000 0.32446235
4376.5500 0.32813406
4376.6000 0.33091792
4376.6500 0.33278741
4376.7000 0.3346569
4376.7500 0.33652638
4376.8000 0.33751895
4376.8500 0.33800554
4376.9000 0.33849213
4376.9500 0.33897872
4377.0000 0.3356831
4377.0500 0.33130019
4377.1000 0.32691729
4377.1500 0.32253438
4377.2000 0.32910888
4377.2500 0.33663047
4377.3000 0.34415207
4377.3500 0.35110002
4377.4000 0.34983708
4377.4500 0.34857415
4377.5000 0.34731121
4377.5500 0.34551328
4377.6000 0.34171828
4377.6500 0.33792327
4377.7000 0.33412827
4377.7500 0.33212642
4377.8000 0.33333453
4377.8500 0.33454264
4377.9000 0.33575076
4377.9500 0.3396405
4378.0000 0.34614145
4378.0500 0.35264241
4378.1000 0.35914336
4378.1500 0.35904355
4378.2000 0.35548281
4378.2500 0.35192207
4378.3000 0.34836133
4378.3500 0.34640923
4378.4000 0.344843
4378.4500 0.34327677
4378.5000 0.34171055
4378.5500 0.35189309
4378.6000 0.36258853
4378.6500 0.37328396
4378.7000 0.38214382
4378.7500 0.37629338
4378.8000 0.37044295
4378.8500 0.36459252
4378.9000 0.36046646
4378.9500 0.36112717
4379.0000 0.36178787
4379.0500 0.36244857
4379.1000 0.36495072
4379.1500 0.36999724
4379.2000 0.37504376
4379.2500 0.38009028
4379.3000 0.37814106
4379.3500 0.37104263
4379.4000 0.36394421
4379.4500 0.35684579
4379.5000 0.35859787
4379.5500 0.36356869
4379.6000 0.36853952
4379.6500 0.37351035
4379.7000 0.37739703
4379.7500 0.38115207
4379.8000 0.38490712
4379.8500 0.38842986
4379.9000 0.38765498
4379.9500 0.3868801
4380.0000 0.38610522
4380.0500 0.38352896
4380.1000 0.37425552
4380.1500 0.36498209
4380.2000 0.35570865
4380.2500 0.35371396
4380.3000 0.36391403
4380.3500 0.37411411
4380.4000 0.38431418
4380.4500 0.38295837
4380.5000 0.37162795
4380.5500 0.36029754
4380.6000 0.34896713
4380.6500 0.3508831
4380.7000 0.35845451
4380.7500 0.36602592
4380.8000 0.37359734
4380.8500 0.37162728
4380.9000 0.36818093
4380.9500 0.36473458
4381.0000 0.36144941
4381.0500 0.36298576
4381.1000 0.36452211
4381.1500 0.36605845
4381.2000 0.36673639
4381.2500 0.36397684
4381.3000 0.36121729
4381.3500 0.35845774
4381.4000 0.35805933
4381.4500 0.36170849
4381.5000 0.36535764
4381.5500 0.36900679
4381.6000 0.37153324
4381.6500 0.3730962
4381.7000 0.37465917
4381.7500 0.37622213
4381.8000 0.37383152
4381.8500 0.36981848
4381.9000 0.36580545
4381.9500 0.36179241
4382.0000 0.364343
4382.0500 0.36777985
4382.1000 0.3712167
4382.1500 0.37444404
4382.2000 0.37401349
4382.2500 0.37358293
4382.3000 0.37315237
4382.3500 0.37129997
4382.4000 0.36464531
4382.4500 0.35799065
4382.5000 0.35133599
4382.5500 0.34846105
4382.6000 0.35116574
4382.6500 0.35387042
4382.7000 0.3565751
4382.7500 0.35372733
4382.8000 0.34686508
4382.8500 0.34000283
4382.9000 0.33314058
4382.9500 0.3366289
4383.0000 0.34342087
4383.0500 0.35021283
4383.1000 0.3570048
4383.1500 0.35744848
4383.2000 0.35746426
4383.2500 0.35748004
4383.3000 0.35711774
4383.3500 0.35389628
4383.4000 0.35067481
4383.4500 0.34745335
4383.5000 0.34585065
4383.5500 0.34806385
4383.6000 0.35027706
4383.6500 0.35249026
4383.7000 0.35135757
4383.7500 0.34660109
4383.8000 0.3418446
4383.8500 0.33708812
4383.9000 0.33599278
4383.9500 0.33675504
4384.0000 0.3375173
4384.0500 0.33827957
4384.1000 0.33740455
4384.1500 0.33623577
4384.2000 0.33506699
4384.2500 0.33395984
4384.3000 0.33463163
4384.3500 0.33530342
4384.4000 0.33597521
4384.4500 0.33544118
4384.5000 0.33063762
4384.5500 0.32583405
4384.6000 0.32103048
4384.6500 0.31744716
4384.7000 0.31563365
4384.7500 0.31382013
4384.8000 0.31200662
4384.8500 0.31262948
4384.9000 0.31489621
4384.9500 0.31716295
4385.0000 0.31942968
4385.0500 0.31270269
4385.1000 0.30354536
4385.1500 0.29438804
4385.2000 0.28523071
4385.2500 0.28971214
4385.3000 0.29449261
4385.3500 0.29927308
4385.4000 0.30348285
4385.4500 0.30492521
4385.5000 0.30636756
4385.5500 0.30780992
4385.6000 0.30831565
4385.6500 0.3071885
4385.7000 0.30606135
4385.7500 0.30493421
4385.8000 0.30177701
4385.8500 0.29701963
4385.9000 0.29226225
4385.9500 0.28750488
4386.0000 0.28773865
4386.0500 0.2895918
4386.1000 0.29144496
4386.1500 0.29329811
4386.2000 0.29795151
4386.2500 0.30274612
4386.3000 0.30754073
4386.3500 0.31152791
4386.4000 0.31094286
4386.4500 0.3103578
4386.5000 0.30977275
4386.5500 0.30991903
4386.6000 0.31142756
4386.6500 0.31293609
4386.7000 0.31444461
4386.7500 0.31591923
4386.8000 0.31736606
4386.8500 0.3188129
4386.9000 0.32025973
4386.9500 0.31954811
4387.0000 0.31812161
4387.0500 0.3166951
4387.1000 0.3152686
4387.1500 0.31655551
4387.2000 0.31797372
4387.2500 0.31939193
4387.3000 0.32019583
4387.3500 0.31771675
4387.4000 0.31523768
4387.4500 0.3127586
4387.5000 0.31313039
4387.5500 0.31851484
4387.6000 0.32389929
4387.6500 0.32928375
4387.7000 0.33026937
4387.7500 0.32791754
4387.8000 0.32556571
4387.8500 0.32321388
4387.9000 0.32309284
4387.9500 0.32361651
4388.0000 0.32414019
4388.0500 0.32466387
4388.1000 0.32659982
4388.1500 0.32855855
4388.2000 0.33051729
4388.2500 0.33217011
4388.3000 0.33254855
4388.3500 0.33292699
4388.4000 0.33330543
4388.4500 0.33493626
4388.5000 0.33841322
4388.5500 0.34189017
4388.6000 0.34536713
4388.6500 0.34766692
4388.7000 0.3492327
4388.7500 0.35079848
4388.8000 0.35236425
4388.8500 0.35343986
4388.9000 0.35441422
4388.9500 0.35538859
4389.0000 0.35630917
4389.0500 0.35602806
4389.1000 0.35574696
4389.1500 0.35546585
4389.2000 0.35390192
4389.2500 0.34864849
4389.3000 0.34339507
4389.3500 0.33814165
4389.4000 0.33733026
4389.4500 0.34144247
4389.5000 0.34555468
4389.5500 0.34966689
4389.6000 0.35170671
4389.6500 0.35282295
4389.7000 0.3539392
4389.7500 0.35505544
4389.8000 0.3517069
4389.8500 0.34791841
4389.9000 0.34412991
4389.9500 0.34140701
4390.0000 0.34581456
4390.0500 0.3502221
4390.1000 0.35462965
4390.1500 0.3558704
4390.2000 0.35125227
4390.2500 0.34663415
4390.3000 0.34201603
4390.3500 0.3440166
4390.4000 0.35095232
4390.4500 0.35788804
4390.5000 0.36482376
4390.5500 0.36338135
4390.6000 0.35979161
4390.6500 0.35620187
4390.7000 0.35263331
4390.7500 0.35008934
4390.8000 0.34754536
4390.8500 0.34500139
4390.9000 0.34245822
4390.9500 0.33991754
4391.0000 0.33737685
4391.0500 0.33483617
4391.1000 0.33674991
4391.1500 0.34364218
4391.2000 0.35053445
4391.2500 0.35742672
4391.3000 0.35686706
4391.3500 0.35311232
4391.4000 0.34935758
4391.4500 0.34560284
4391.5000 0.34242005
4391.5500 0.33928114
4391.6000 0.33614223
4391.6500 0.33451933
4391.7000 0.34093248
4391.7500 0.34734562
4391.8000 0.35375877
4391.8500 0.35657939
4391.9000 0.35377672
4391.9500 0.35097405
4392.0000 0.34817138
4392.0500 0.35027625
4392.1000 0.3553626
4392.1500 0.36044895
4392.2000 0.3655353
4392.2500 0.35852154
4392.3000 0.34946343
4392.3500 0.34040531
4392.4000 0.33257774
4392.4500 0.33719232
4392.5000 0.3418069
4392.5500 0.34642148
4392.6000 0.3483132
4392.6500 0.34456706
4392.7000 0.34082093
4392.7500 0.3370748
4392.8000 0.33868011
4392.8500 0.34444783
4392.9000 0.35021555
4392.9500 0.35598327
4393.0000 0.35637573
4393.0500 0.35542812
4393.1000 0.35448051
4393.1500 0.35372144
4393.2000 0.35754144
4393.2500 0.36136144
4393.3000 0.36518144
4393.3500 0.36621736
4393.4000 0.36008659
4393.4500 0.35395583
4393.5000 0.34782506
4393.5500 0.3478998
4393.6000 0.35367593
4393.6500 0.35945206
4393.7000 0.36522819
4393.7500 0.36373996
4393.8000 0.36000394
4393.8500 0.35626792
4393.9000 0.35253963
4393.9500 0.34985416
4394.0000 0.34716868
4394.0500 0.3444832
4394.1000 0.342351
4394.1500 0.34185957
4394.2000 0.34136814
4394.2500 0.34087671
4394.3000 0.34626796
4394.3500 0.35758631
4394.4000 0.36890467
4394.4500 0.38022303
4394.5000 0.3734116
4394.5500 0.3604016
4394.6000 0.3473916
4394.6500 0.3343816
4394.7000 0.33387528
4394.7500 0.33345142
4394.8000 0.33302756
4394.8500 0.33335137
4394.9000 0.33600654
4394.9500 0.33866171
4395.0000 0.34131688
4395.0500 0.34189678
4395.1000 0.34034543
4395.1500 0.33879409
4395.2000 0.33724275
4395.2500 0.34059246
4395.3000 0.34561958
4395.3500 0.3506467
4395.4000 0.35567382
4395.4500 0.35360373
4395.5000 0.35151816
4395.5500 0.34943258
4395.6000 0.34582041
4395.6500 0.33767149
4395.7000 0.32952257
4395.7500 0.32137364
4395.8000 0.320442
4395.8500 0.32653201
4395.9000 0.33262201
4395.9500 0.33871201
4396.0000 0.33983009
4396.0500 0.33940473
4396.1000 0.33897937
4396.1500 0.33850596
4396.2000 0.3357358
4396.2500 0.33296564
4396.3000 0.33019547
4396.3500 0.32751909
4396.4000 0.32508502
4396.4500 0.32265095
4396.5000 0.32021688
4396.5500 0.32050769
4396.6000 0.32313195
4396.6500 0.32575621
4396.7000 0.32838048
4396.7500 0.32831667
4396.8000 0.32757877
4396.8500 0.32684087
4396.9000 0.32633336
4396.9500 0.32934359
4397.0000 0.33235383
4397.0500 0.33536407
4397.1000 0.33985699
4397.1500 0.34743534
4397.2000 0.3550137
4397.2500 0.36259205
4397.3000 0.36169689
4397.3500 0.35488457
4397.4000 0.34807225
4397.4500 0.34125993
4397.5000 0.3364334
4397.5500 0.33194579
4397.6000 0.32745817
4397.6500 0.32466597
4397.7000 0.33421866
4397.7500 0.34377134
4397.8000 0.35332403
4397.8500 0.35943586
4397.9000 0.36013038
4397.9500 0.36082489
4398.0000 0.36151941
4398.0500 0.36080697
4398.1000 0.35936086
4398.1500 0.35791475
4398.2000 0.35646865
4398.2500 0.35520975
4398.3000 0.35396554
4398.3500 0.35272133
4398.4000 0.35224706
4398.4500 0.35488429
4398.5000 0.35752153
4398.5500 0.36015876
4398.6000 0.35965526
4398.6500 0.35561904
4398.7000 0.35158283
4398.7500 0.34754662
4398.8000 0.34907282
4398.8500 0.35251254
4398.9000 0.35595226
4398.9500 0.35935275
4399.0000 0.36068416
4399.0500 0.36201556
4399.1000 0.36334697
4399.1500 0.36256959
4399.2000 0.35673574
4399.2500 0.3509019
4399.3000 0.34506805
4399.3500 0.34481254
4399.4000 0.34874538
4399.4500 0.35267823
4399.5000 0.35661107
4399.5500 0.3580855
4399.6000 0.35912323
4399.6500 0.36016095
4399.7000 0.36121317
4399.7500 0.3623639
4399.8000 0.36351463
4399.8500 0.36466536
4399.9000 0.36543357
4399.9500 0.36564813
4400.0000 0.36586269
4400.0500 0.36607726
4400.1000 0.36529949
4400.1500 0.36407597
4400.2000 0.36285244
4400.2500 0.36162891
4400.3000 0.3566146
4400.3500 0.35149356
4400.4000 0.34637253
4400.4500 0.3433191
4400.5000 0.34626366
4400.5500 0.34920821
4400.6000 0.35215277
4400.6500 0.35026497
4400.7000 0.34428103
4400.7500 0.3382971
4400.8000 0.33231316
4400.8500 0.33192781
4400.9000 0.33271153
4400.9500 0.33349525
4401.0000 0.3335881
4401.0500 0.32833454
4401.1000 0.32308098
4401.1500 0.31782742
4401.2000 0.31602509
4401.2500 0.31934055
4401.3000 0.32265601
4401.3500 0.32597147
4401.4000 0.32674348
4401.4500 0.32638463
4401.5000 0.32602579
4401.5500 0.32566694
4401.6000 0.32803102
4401.6500 0.33044262
4401.7000 0.33285421
4401.7500 0.33473148
4401.8000 0.33519733
4401.8500 0.33566318
4401.9000 0.33612903
4401.9500 0.33485276
4402.0000 0.33224895
4402.0500 0.32964514
4402.1000 0.32704133
4402.1500 0.32984559
4402.2000 0.3335186
4402.2500 0.33719161
4402.3000 0.34019819
4402.3500 0.33962119
4402.4000 0.3390442
4402.4500 0.3384672
4402.5000 0.33808688
4402.5500 0.33794389
4402.6000 0.3378009
4402.6500 0.33765791
4402.7000 0.33415345
4402.7500 0.32953258
4402.8000 0.32491171
4402.8500 0.32063426
4402.9000 0.32297333
4402.9500 0.32531241
4403.0000 0.32765149
4403.0500 0.32999108
4403.1000 0.33233163
4403.1500 0.33467219
4403.2000 0.33701274
4403.2500 0.3386955
4403.3000 0.34002425
4403.3500 0.34135299
4403.4000 0.34268173
4403.4500 0.33696972
4403.5000 0.33090442
4403.5500 0.32483912
4403.6000 0.32307881
4403.6500 0.33386427
4403.7000 0.34464973
4403.7500 0.35543519
4403.8000 0.35733747
4403.8500 0.35225688
4403.9000 0.34717629
4403.9500 0.3420957
4404.0000 0.34580457
4404.0500 0.35087998
4404.1000 0.3559554
4404.1500 0.36427485
4404.2000 0.38819423
4404.2500 0.41211361
4404.3000 0.43603299
4404.3500 0.43348241
4404.4000 0.40225734
4404.4500 0.37103227
4404.5000 0.3398072
4404.5500 0.33721589
4404.6000 0.34228106
4404.6500 0.34734624
4404.7000 0.35135277
4404.7500 0.345744
4404.8000 0.34013524
4404.8500 0.33452647
4404.9000 0.33366854
4404.9500 0.33963329
4405.0000 0.34559805
4405.0500 0.3515628
4405.1000 0.35357656
4405.1500 0.35407624
4405.2000 0.35457592
4405.2500 0.35483344
4405.3000 0.34871056
4405.3500 0.34258768
4405.4000 0.3364648
4405.4500 0.33449398
4405.5000 0.34018925
4405.5500 0.34588452
4405.6000 0.35157979
4405.6500 0.35352041
4405.7000 0.3535886
4405.7500 0.35365678
4405.8000 0.35372496
4405.8500 0.35251851
4405.9000 0.35129175
4405.9500 0.35006498
4406.0000 0.34949151
4406.0500 0.35042419
4406.1000 0.35135687
4406.1500 0.35228955
4406.2000 0.35377335
4406.2500 0.35559222
4406.3000 0.35741109
4406.3500 0.35922996
4406.4000 0.35576053
4406.4500 0.35196802
4406.5000 0.3481755
4406.5500 0.3465551
4406.6000 0.35098727
4406.6500 0.35541945
4406.7000 0.35985162
4406.7500 0.36143626
4406.8000 0.3610168
4406.8500 0.36059734
4406.9000 0.36017788
4406.9500 0.35989983
4407.0000 0.35963562
4407.0500 0.35937141
4407.1000 0.35914065
4407.1500 0.35901815
4407.2000 0.35889566
4407.2500 0.35877316
4407.3000 0.36159812
4407.3500 0.36671724
4407.4000 0.37183636
4407.4500 0.37695548
4407.5000 0.37582079
4407.5500 0.37391121
4407.6000 0.37200163
4407.6500 0.36959412
4407.7000 0.36540402
4407.7500 0.36121392
4407.8000 0.35702382
4407.8500 0.35596863
4407.9000 0.35749826
4407.9500 0.3590279
4408.0000 0.36055754
4408.0500 0.35953623
4408.1000 0.3581637
4408.1500 0.35679118
4408.2000 0.35533248
4408.2500 0.35355164
4408.3000 0.35177079
4408.3500 0.34998995
4408.4000 0.34920522
4408.4500 0.34925468
4408.5000 0.34930414
4408.5500 0.34935361
4408.6000 0.35148313
4408.6500 0.35390008
4408.7000 0.35631704
4408.7500 0.3580442
4408.8000 0.35723932
4408.8500 0.35643445
4408.9000 0.35562958
4408.9500 0.35682426
4409.0000 0.35964988
4409.0500 0.36247551
4409.1000 0.36530113
4409.1500 0.36408539
4409.2000 0.36236291
4409.2500 0.36064044
4409.3000 0.35818622
4409.3500 0.35324809
4409.4000 0.34830995
4409.4500 0.34337182
4409.5000 0.34497556
4409.5500 0.35156122
4409.6000 0.35814688
4409.6500 0.36473255
4409.7000 0.3577072
4409.7500 0.34931868
4409.8000 0.34093017
4409.8500 0.33442616
4409.9000 0.33353362
4409.9500 0.33264109
4410.0000 0.33174855
4410.0500 0.33336016
4410.1000 0.33667633
4410.1500 0.33999249
4410.2000 0.34330866
4410.2500 0.34378881
4410.3000 0.34408712
4410.3500 0.34438542
4410.4000 0.34421051
4410.4500 0.34285218
4410.5000 0.34149384
4410.5500 0.34013551
4410.6000 0.3428133
4410.6500 0.34783422
4410.7000 0.35285513
4410.7500 0.35787604
4410.8000 0.35948284
4410.8500 0.3610232
4410.9000 0.36256356
4410.9500 0.36226885
4411.0000 0.35825308
4411.0500 0.35423731
4411.1000 0.35022154
4411.1500 0.34663984
4411.2000 0.34326165
4411.2500 0.33988346
4411.3000 0.33672344
4411.3500 0.340062
4411.4000 0.34340057
4411.4500 0.34673913
4411.5000 0.34919172
4411.5500 0.35023093
4411.6000 0.35127014
4411.6500 0.35230935
4411.7000 0.3515486
4411.7500 0.35015314
4411.8000 0.34875768
4411.8500 0.34768968
4411.9000 0.34976109
4411.9500 0.35183249
4412.0000 0.3539039
4412.0500 0.35483997
4412.1000 0.35439265
4412.1500 0.35394534
4412.2000 0.35349802
4412.2500 0.35442108
4412.3000 0.35566931
4412.3500 0.35691755
4412.4000 0.35809336
4412.4500 0.35890751
4412.5000 0.35972165
4412.5500 0.3605358
4412.6000 0.36010321
4412.6500 0.35854987
4412.7000 0.35699653
4412.7500 0.3554432
4412.8000 0.35918795
4412.8500 0.36360401
4412.9000 0.36802007
4412.9500 0.37153158
4413.0000 0.37232402
4413.0500 0.37311646
4413.1000 0.3739089
4413.1500 0.37571953
4413.2000 0.3781733
4413.2500 0.38062707
4413.3000 0.38308084
4413.3500 0.37664939
4413.4000 0.37001135
4413.4500 0.36337331
4413.5000 0.36000997
4413.5500 0.36292362
4413.6000 0.36583726
4413.6500 0.36875091
4413.7000 0.36647515
4413.7500 0.36207522
4413.8000 0.35767528
4413.8500 0.3536496
4413.9000 0.35408293
4413.9500 0.35451627
4414.0000 0.35494961
4414.0500 0.35623527
4414.1000 0.35857763
4414.1500 0.36091999
4414.2000 0.36326235
4414.2500 0.36609539
4414.3000 0.3690386
4414.3500 0.3719818
4414.4000 0.3743091
4414.4500 0.37397642
4414.5000 0.37364374
4414.5500 0.37331106
4414.6000 0.37246199
4414.6500 0.37120805
4414.7000 0.36995411
4414.7500 0.36870017
4414.8000 0.36300797
4414.8500 0.3570031
4414.9000 0.35099824
4414.9500 0.34632559
4415.0000 0.34463193
4415.0500 0.34293826
4415.1000 0.3412446
4415.1500 0.34504375
4415.2000 0.3513688
4415.2500 0.35769384
4415.3000 0.36361962
4415.3500 0.36351993
4415.4000 0.36342023
4415.4500 0.36332054
4415.5000 0.36289755
4415.5500 0.36206385
4415.6000 0.36123014
4415.6500 0.36039643
4415.7000 0.35591048
4415.7500 0.35062234
4415.8000 0.34533419
4415.8500 0.34011725
4415.9000 0.33518415
4415.9500 0.33025105
4416.0000 0.32531795
4416.0500 0.32807795
4416.1000 0.33635605
4416.1500 0.34463415
4416.2000 0.35291225
4416.2500 0.35121211
4416.3000 0.34915282
4416.3500 0.34709354
4416.4000 0.34576539
4416.4500 0.3457989
4416.5000 0.34583241
4416.5500 0.34586592
4416.6000 0.34432764
4416.6500 0.34222155
4416.7000 0.34011546
4416.7500 0.33805655
4416.8000 0.33634024
4416.8500 0.33462394
4416.9000 0.33290763
4416.9500 0.33075553
4417.0000 0.32818243
4417.0500 0.32560933
4417.1000 0.32303624
4417.1500 0.32799784
4417.2000 0.33382119
4417.2500 0.33964453
4417.3000 0.34209408
4417.3500 0.33617323
4417.4000 0.33025238
4417.4500 0.32433153
4417.5000 0.32153245
4417.5500 0.32021368
4417.6000 0.31889492
4417.6500 0.31750338
4417.7000 0.31515328
4417.7500 0.31280318
4417.8000 0.31045307
4417.8500 0.30789769
4417.9000 0.30510512
4417.9500 0.30231255
4418.0000 0.29951998
4418.0500 0.30279725
4418.1000 0.30707501
4418.1500 0.31135276
4418.2000 0.31438528
4418.2500 0.31376444
4418.3000 0.31314361
4418.3500 0.31252278
4418.4000 0.31199589
4418.4500 0.31151934
4418.5000 0.3110428
4418.5500 0.31087667
4418.6000 0.31672147
4418.6500 0.32256627
4418.7000 0.32841107
4418.7500 0.33356552
4418.8000 0.33787039
4418.8500 0.34217525
4418.9000 0.34648012
4418.9500 0.33771277
4419.0000 0.32661417
4419.0500 0.31551558
4419.1000 0.30804731
4419.1500 0.31145996
4419.2000 0.31487261
4419.2500 0.31828527
4419.3000 0.32037939
4419.3500 0.32177239
4419.4000 0.3231654
4419.4500 0.32465624
4419.5000 0.32777485
4419.5500 0.33089347
4419.6000 0.33401208
4419.6500 0.33742496
4419.7000 0.34118094
4419.7500 0.34493691
4419.8000 0.34869289
4419.8500 0.34893277
4419.9000 0.34863733
4419.9500 0.34834189
4420.0000 0.34794544
4420.0500 0.34728298
4420.1000 0.34662051
4420.1500 0.34595805
4420.2000 0.34928312
4420.2500 0.35445305
4420.3000 0.35962298
4420.3500 0.36391157
4420.4000 0.35963987
4420.4500 0.35536817
4420.5000 0.35109647
4420.5500 0.3503674
4420.6000 0.35312243
4420.6500 0.35587747
4420.7000 0.3586325
4420.7500 0.35691587
4420.8000 0.35478996
4420.8500 0.35266405
4420.9000 0.35157454
4420.9500 0.35259598
4421.0000 0.35361743
4421.0500 0.35463887
4421.1000 0.35696736
4421.1500 0.35974652
4421.2000 0.36252568
4421.2500 0.36425324
4421.3000 0.36042169
4421.3500 0.35659014
4421.4000 0.3527586
4421.4500 0.35093551
4421.5000 0.3505926
4421.5500 0.35024969
4421.6000 0.34990678
4421.6500 0.35339259
4421.7000 0.35690339
4421.7500 0.36041419
4421.8000 0.3639766
4421.8500 0.36761252
4421.9000 0.37124843
4421.9500 0.37488435
4422.0000 0.36931703
4422.0500 0.36189948
4422.1000 0.35448193
4422.1500 0.35012813
4422.2000 0.35477713
4422.2500 0.35942613
4422.3000 0.36407513
4422.3500 0.36593574
4422.4000 0.36646212
4422.4500 0.3669885
4422.5000 0.36737195
4422.5500 0.36646886
4422.6000 0.36556576
4422.6500 0.36466267
4422.7000 0.36314022
4422.7500 0.36105692
4422.8000 0.35897361
4422.8500 0.3568903
4422.9000 0.36258135
4422.9500 0.36867529
4423.0000 0.37476923
4423.0500 0.37589479
4423.1000 0.36883964
4423.1500 0.36178449
4423.2000 0.35472935
4423.2500 0.35167208
4423.3000 0.34957626
4423.3500 0.34748045
4423.4000 0.34645507
4423.4500 0.34890302
4423.5000 0.35135098
4423.5500 0.35379893
4423.6000 0.35629569
4423.6500 0.3588169
4423.7000 0.36133811
4423.7500 0.36289367
4423.8000 0.35555941
4423.8500 0.34822516
4423.9000 0.3408909
4423.9500 0.3380785
4424.0000 0.33926113
4424.0500 0.34044375
4424.1000 0.34162637
4424.1500 0.34416165
4424.2000 0.34674592
4424.2500 0.3493302
4424.3000 0.35181939
4424.3500 0.35416614
4424.4000 0.3565129
4424.4500 0.35885965
4424.5000 0.35872141
4424.5500 0.35809841
4424.6000 0.35747541
4424.6500 0.35602622
4424.7000 0.35239212
4424.7500 0.34875802
4424.8000 0.34512393
4424.8500 0.34751503
4424.9000 0.35232953
4424.9500 0.35714404
4425.0000 0.36092256
4425.0500 0.35897056
4425.1000 0.35701856
4425.1500 0.35506656
4425.2000 0.35620345
4425.2500 0.35944971
4425.3000 0.36269597
4425.3500 0.36567723
4425.4000 0.36166271
4425.4500 0.35764819
4425.5000 0.35363367
4425.5500 0.35055956
4425.6000 0.34850446
4425.6500 0.34644936
4425.7000 0.34439425
4425.7500 0.34432559
4425.8000 0.34441902
4425.8500 0.34451245
4425.9000 0.34472453
4425.9500 0.34513833
4426.0000 0.34555212
4426.0500 0.34596592
4426.1000 0.35007826
4426.1500 0.35501743
4426.2000 0.3599566
4426.2500 0.36368258
4426.3000 0.36405074
4426.3500 0.36441889
4426.4000 0.36478705
4426.4500 0.36244918
4426.5000 0.35903106
4426.5500 0.35561294
4426.6000 0.35293459
4426.6500 0.35399592
4426.7000 0.35505725
4426.7500 0.35611858
4426.8000 0.35872917
4426.8500 0.3623024
4426.9000 0.36587563
4426.9500 0.36872383
4427.0000 0.36187371
4427.0500 0.35502358
4427.1000 0.34817345
4427.1500 0.3452672
4427.2000 0.34595052
4427.2500 0.34663383
4427.3000 0.34731715
4427.3500 0.34848746
4427.4000 0.3496684
4427.4500 0.35084934
4427.5000 0.35238454
4427.5500 0.35437999
4427.6000 0.35637544
4427.6500 0.35837089
4427.7000 0.35536578
4427.7500 0.35175775
4427.8000 0.34814972
4427.8500 0.34654538
4427.9000 0.34864526
4427.9500 0.35074513
4428.0000 0.352845
4428.0500 0.35107357
4428.1000 0.34839901
4428.1500 0.34572445
4428.2000 0.34602278
4428.2500 0.35428549
4428.3000 0.3625482
4428.3500 0.37081091
4428.4000 0.3729375
4428.4500 0.37283985
4428.5000 0.37274221
4428.5500 0.36992632
4428.6000 0.35604912
4428.6500 0.34217191
4428.7000 0.32829471
4428.7500 0.33111081
4428.8000 0.34245971
4428.8500 0.3538086
4428.9000 0.36388251
4428.9500 0.36522357
4429.0000 0.36656463
4429.0500 0.36790569
4429.1000 0.36554551
4429.1500 0.36065782
4429.2000 0.35577014
4429.2500 0.35138572
4429.3000 0.35458774
4429.3500 0.35778975
4429.4000 0.36099176
4429.4500 0.36024721
4429.5000 0.3560221
4429.5500 0.35179699
4429.6000 0.3475811
4429.6500 0.34876426
4429.7000 0.34994741
4429.7500 0.35113057
4429.8000 0.3511069
4429.8500 0.34973975
4429.9000 0.34837261
4429.9500 0.34700546
4430.0000 0.34127085
4430.0500 0.33528635
4430.1000 0.32930186
4430.1500 0.32997976
4430.2000 0.33986845
4430.2500 0.34975715
4430.3000 0.35964585
4430.3500 0.35246962
4430.4000 0.34328586
4430.4500 0.33410211
4430.5000 0.3280412
4430.5500 0.32727643
4430.6000 0.32651167
4430.6500 0.3257469
4430.7000 0.32929283
4430.7500 0.33360971
4430.8000 0.33792658
4430.8500 0.3405945
4430.9000 0.33986585
4430.9500 0.3391372
4431.0000 0.33840855
4431.0500 0.33942486
4431.1000 0.34085978
4431.1500 0.3422947
4431.2000 0.34298797
4431.2500 0.34184227
4431.3000 0.34069656
4431.3500 0.33955085
4431.4000 0.34123775
4431.4500 0.34377345
4431.5000 0.34630915
4431.5500 0.34692316
4431.6000 0.34185279
4431.6500 0.33678242
4431.7000 0.33171205
4431.7500 0.3365928
4431.8000 0.34502388
4431.8500 0.35345496
4431.9000 0.35950113
4431.9500 0.3572185
4432.0000 0.35493587
4432.0500 0.35265324
4432.1000 0.35036037
4432.1500 0.34806329
4432.2000 0.34576621
4432.2500 0.34344958
4432.3000 0.34105336
4432.3500 0.33865714
4432.4000 0.33626092
4432.4500 0.33761437
4432.5000 0.34068157
4432.5500 0.34374877
4432.6000 0.34635327
4432.6500 0.34680005
4432.7000 0.34724684
4432.7500 0.34769362
4432.8000 0.34715801
4432.8500 0.34613415
4432.9000 0.34511029
4432.9500 0.34413748
4433.0000 0.34343149
4433.0500 0.34272551
4433.1000 0.34201952
4433.1500 0.34216785
4433.2000 0.34276743
4433.2500 0.343367
4433.3000 0.3427706
4433.3500 0.33536041
4433.4000 0.32795023
4433.4500 0.32054004
4433.5000 0.3214163
4433.5500 0.32684468
4433.6000 0.33227306
4433.6500 0.33789585
4433.7000 0.34468637
4433.7500 0.3514769
4433.8000 0.35826742
4433.8500 0.35422082
4433.9000 0.34410985
4433.9500 0.33399887
4434.0000 0.32594983
4434.0500 0.33047986
4434.1000 0.33500988
4434.1500 0.33953991
4434.2000 0.34165526
4434.2500 0.34242204
4434.3000 0.34318883
4434.3500 0.3436771
4434.4000 0.34250486
4434.4500 0.34133263
4434.5000 0.34016039
4434.5500 0.34093107
4434.6000 0.34276272
4434.6500 0.34459437
4434.7000 0.34636736
4434.7500 0.34781089
4434.8000 0.34925443
4434.8500 0.35069796
4434.9000 0.34852189
4434.9500 0.3444532
4435.0000 0.34038451
4435.0500 0.33569775
4435.1000 0.32784507
4435.1500 0.31999239
4435.2000 0.31213971
4435.2500 0.31390913
4435.3000 0.32039211
4435.3500 0.32687508
4435.4000 0.33267602
4435.4500 0.33537492
4435.5000 0.33807382
4435.5500 0.34077271
4435.6000 0.33851956
4435.6500 0.33404626
4435.7000 0.32957297
4435.7500 0.32655634
4435.8000 0.32930003
4435.8500 0.33204372
4435.9000 0.33478741
4435.9500 0.3324253
4436.0000 0.32802205
4436.0500 0.32361881
4436.1000 0.32032368
4436.1500 0.32077755
4436.2000 0.32123142
4436.2500 0.32168529
4436.3000 0.31956966
4436.3500 0.31656552
4436.4000 0.31356138
4436.4500 0.31451718
4436.5000 0.32679353
4436.5500 0.33906987
4436.6000 0.35134622
4436.6500 0.34531419
4436.7000 0.33400998
4436.7500 0.32270576
4436.8000 0.31750737
4436.8500 0.3269105
4436.9000 0.33631363
4436.9500 0.34571677
4437.0000 0.34137865
4437.0500 0.33391064
4437.1000 0.32644263
4437.1500 0.32408634
4437.2000 0.33186447
4437.2500 0.3396426
4437.3000 0.34742073
4437.3500 0.34177236
4437.4000 0.33388825
4437.4500 0.32600415
4437.5000 0.32200715
4437.5500 0.32434143
4437.6000 0.3266757
4437.6500 0.32900998
4437.7000 0.33818305
4437.7500 0.34807626
4437.8000 0.35796946
4437.8500 0.35949619
4437.9000 0.34994314
4437.9500 0.34039009
4438.0000 0.33083704
4438.0500 0.32629888
4438.1000 0.32198649
4438.1500 0.31767411
4438.2000 0.31992689
4438.2500 0.32915714
4438.3000 0.33838739
4438.3500 0.34733656
4438.4000 0.33621896
4438.4500 0.32510137
4438.5000 0.31398378
4438.5500 0.3146874
4438.6000 0.32529885
4438.6500 0.33591029
4438.7000 0.34570774
4438.7500 0.34552642
4438.8000 0.3453451
4438.8500 0.34516378
4438.9000 0.34731785
4438.9500 0.35097768
4439.0000 0.3546375
4439.0500 0.35800612
4439.1000 0.35961141
4439.1500 0.3612167
4439.2000 0.362822
4439.2500 0.3663874
4439.3000 0.37088941
4439.3500 0.37539143
4439.4000 0.37725406
4439.4500 0.36935128
4439.5000 0.36144849
4439.5500 0.35354571
4439.6000 0.35627223
4439.6500 0.36254081
4439.7000 0.36880939
4439.7500 0.37435496
4439.8000 0.37811761
4439.8500 0.38188025
4439.9000 0.3856429
4439.9500 0.3809935
4440.0000 0.37459862
4440.0500 0.36820374
4440.1000 0.36258214
4440.1500 0.35828302
4440.2000 0.3539839
4440.2500 0.34968478
4440.3000 0.34943082
4440.3500 0.34957217
4440.4000 0.34971351
4440.4500 0.35040196
4440.5000 0.35174796
4440.5500 0.35309397
4440.6000 0.35443997
4440.6500 0.36055404
4440.7000 0.36667521
4440.7500 0.37279637
4440.8000 0.36544905
4440.8500 0.34681428
4440.9000 0.32817952
4440.9500 0.31310346
4441.0000 0.33367561
4441.0500 0.35424776
4441.1000 0.37481991
4441.1500 0.37731577
4441.2000 0.36958462
4441.2500 0.36185348
4441.3000 0.35521616
4441.3500 0.35331129
4441.4000 0.35140642
4441.4500 0.34950154
4441.5000 0.35192288
4441.5500 0.3558801
4441.6000 0.35983733
4441.6500 0.36376466
4441.7000 0.3676186
4441.7500 0.37147254
4441.8000 0.37532649
4441.8500 0.37039382
4441.9000 0.36381299
4441.9500 0.35723216
4442.0000 0.35475673
4442.0500 0.35854702
4442.1000 0.36233731
4442.1500 0.3661276
4442.2000 0.35729168
4442.2500 0.3478028
4442.3000 0.33831392
4442.3500 0.35341643
4442.4000 0.39243252
4442.4500 0.43144862
4442.5000 0.48191552
4442.5500 0.69894136
4442.6000 0.91596721
4442.6500 1.13299306
4442.7000 1.1205086
4442.7500 0.96904914
4442.8000 0.81758969
4442.8500 0.68124914
4442.9000 0.61261023
4442.9500 0.54397132
4443.0000 0.47533241
4443.0500 0.48995631
4443.1000 0.53331501
4443.1500 0.57667371
4443.2000 0.59316597
4443.2500 0.54858182
4443.3000 0.50399766
4443.3500 0.45941351
4443.4000 0.42780952
4443.4500 0.39816664
4443.5000 0.36852375
4443.5500 0.34650548
4443.6000 0.33446431
4443.6500 0.32242315
4443.7000 0.31038198
4443.7500 0.31071782
4443.8000 0.31106872
4443.8500 0.31141962
4443.9000 0.31160469
4443.9500 0.31166239
4444.0000 0.31172009
4444.0500 0.31308886
4444.1000 0.32296351
4444.1500 0.33283816
4444.2000 0.34271281
4444.2500 0.33950174
4444.3000 0.33075454
4444.3500 0.32200735
4444.4000 0.31557274
4444.4500 0.3152951
4444.5000 0.31501746
4444.5500 0.31473982
4444.6000 0.30849484
4444.6500 0.30115166
4444.7000 0.29380848
4444.7500 0.29179305
4444.8000 0.29721789
4444.8500 0.30264272
4444.9000 0.30806755
4444.9500 0.31309359
4445.0000 0.31811608
4445.0500 0.32313856
4445.1000 0.31926163
4445.1500 0.30856719
4445.2000 0.29787275
4445.2500 0.28937244
4445.3000 0.294077
4445.3500 0.29878157
4445.4000 0.30348614
4445.4500 0.30814417
4445.5000 0.3127841
4445.5500 0.31742404
4445.6000 0.31965879
4445.6500 0.3162423
4445.7000 0.31282582
4445.7500 0.30940934
4445.8000 0.30842222
4445.8500 0.30777158
4445.9000 0.30712094
4445.9500 0.30799472
4446.0000 0.31066283
4446.0500 0.31333095
4446.1000 0.31585233
4446.1500 0.31498505
4446.2000 0.31411777
4446.2500 0.31325049
4446.3000 0.31421125
4446.3500 0.31626948
4446.4000 0.31832772
4446.4500 0.31974087
4446.5000 0.31871851
4446.5500 0.31769614
4446.6000 0.31667377
4446.6500 0.32468843
4446.7000 0.33503161
4446.7500 0.34537479
4446.8000 0.34698643
4446.8500 0.33447409
4446.9000 0.32196175
4446.9500 0.30944942
4447.0000 0.31535596
4447.0500 0.32182973
4447.1000 0.32830349
4447.1500 0.32819751
4447.2000 0.32290918
4447.2500 0.31762085
4447.3000 0.31220985
4447.3500 0.30610304
4447.4000 0.29999622
4447.4500 0.29388941
4447.5000 0.30850534
4447.5500 0.33034515
4447.6000 0.35218496
4447.6500 0.36370511
4447.7000 0.3546795
4447.7500 0.34565389
4447.8000 0.33662828
4447.8500 0.33504385
4447.9000 0.33403363
4447.9500 0.33302342
4448.0000 0.33484693
4448.0500 0.33924908
4448.1000 0.34365124
4448.1500 0.3471285
4448.2000 0.34382009
4448.2500 0.34051167
4448.3000 0.33720326
4448.3500 0.34136147
4448.4000 0.34845913
4448.4500 0.35555679
4448.5000 0.35951876
4448.5500 0.35670233
4448.6000 0.3538859
4448.6500 0.35106948
4448.7000 0.34878474
4448.7500 0.34654862
4448.8000 0.34431249
4448.8500 0.34327674
4448.9000 0.34336079
4448.9500 0.34344485
4449.0000 0.34377836
4449.0500 0.34594678
4449.1000 0.3481152
4449.1500 0.35028362
4449.2000 0.34748028
4449.2500 0.3427739
4449.3000 0.33806752
4449.3500 0.33258539
4449.4000 0.32551302
4449.4500 0.31844066
4449.5000 0.31136829
4449.5500 0.31542494
4449.6000 0.32027115
4449.6500 0.32511737
4449.7000 0.32968418
4449.7500 0.33401376
4449.8000 0.33834335
4449.8500 0.34034055
4449.9000 0.3290238
4449.9500 0.31770706
4450.0000 0.30639032
4450.0500 0.3035274
4450.1000 0.303356
4450.1500 0.30318461
4450.2000 0.30561222
4450.2500 0.31248169
4450.3000 0.31935116
4450.3500 0.32622063
4450.4000 0.32731859
4450.4500 0.32830445
4450.5000 0.3292903
4450.5500 0.32940753
4450.6000 0.32893092
4450.6500 0.32845431
4450.7000 0.32876569
4450.7500 0.33207512
4450.8000 0.33538454
4450.8500 0.33869396
4450.9000 0.33259365
4450.9500 0.32447666
4451.0000 0.31635968
4451.0500 0.31232354
4451.1000 0.31347967
4451.1500 0.3146358
4451.2000 0.31601724
4451.2500 0.32106986
4451.3000 0.32612248
4451.3500 0.3311751
4451.4000 0.33374053
4451.4500 0.33511801
4451.5000 0.33649549
4451.5500 0.33721037
4451.6000 0.33635604
4451.6500 0.3355017
4451.7000 0.33464737
4451.7500 0.3317148
4451.8000 0.32859709
4451.8500 0.32547939
4451.9000 0.32671661
4451.9500 0.33165299
4452.0000 0.33658938
4452.0500 0.34071469
4452.1000 0.34071764
4452.1500 0.3407206
4452.2000 0.34072355
4452.2500 0.33684913
4452.3000 0.33193957
4452.3500 0.32703
4452.4000 0.32535904
4452.4500 0.32824663
4452.5000 0.33113421
4452.5500 0.33358785
4452.6000 0.32629299
4452.6500 0.31899812
4452.7000 0.31170326
4452.7500 0.31130475
4452.8000 0.3142866
4452.8500 0.31726844
4452.9000 0.319555
4452.9500 0.32022466
4453.0000 0.32089431
4453.0500 0.32156396
4453.1000 0.31853227
4453.1500 0.31522853
4453.2000 0.3119248
4453.2500 0.3101851
4453.3000 0.30965668
4453.3500 0.30912827
4453.4000 0.31040231
4453.4500 0.31903457
4453.5000 0.32766683
4453.5500 0.3362991
4453.6000 0.33808925
4453.6500 0.33848949
4453.7000 0.33888973
4453.7500 0.3384418
4453.8000 0.33702486
4453.8500 0.33560791
4453.9000 0.33512787
4453.9500 0.34276113
4454.0000 0.35039439
4454.0500 0.35802765
4454.1000 0.34992107
4454.1500 0.33632708
4454.2000 0.32273308
4454.2500 0.31484715
4454.3000 0.31624869
4454.3500 0.31765023
4454.4000 0.31909212
4454.4500 0.32241503
4454.5000 0.32573795
4454.5500 0.32906086
4454.6000 0.33982601
4454.6500 0.35438178
4454.7000 0.36893756
4454.7500 0.3735505
4454.8000 0.35553583
4454.8500 0.33752116
4454.9000 0.3195065
4454.9500 0.31947467
4455.0000 0.32040539
4455.0500 0.3213361
4455.1000 0.32374959
4455.1500 0.32717526
4455.2000 0.33060094
4455.2500 0.32778174
4455.3000 0.30525333
4455.3500 0.28272493
4455.4000 0.26019652
4455.4500 0.27117969
4455.5000 0.28638494
4455.5500 0.30159019
4455.6000 0.30751885
4455.6500 0.30544269
4455.7000 0.30336654
4455.7500 0.30149803
4455.8000 0.30053422
4455.8500 0.29957041
4455.9000 0.2986066
4455.9500 0.28646405
4456.0000 0.27215642
4456.0500 0.25784878
4456.1000 0.25016742
4456.1500 0.24938249
4456.2000 0.24859757
4456.2500 0.24922322
4456.3000 0.25827045
4456.3500 0.26731768
4456.4000 0.27636491
4456.4500 0.28436549
4456.5000 0.29210131
4456.5500 0.29983714
4456.6000 0.30621246
4456.6500 0.31095127
4456.7000 0.31569008
4456.7500 0.31811853
4456.8000 0.30204075
4456.8500 0.28596297
4456.9000 0.26988519
4456.9500 0.26969663
4457.0000 0.27427534
4457.0500 0.27885406
4457.1000 0.28375302
4457.1500 0.28907887
4457.2000 0.29440471
4457.2500 0.2989918
4457.3000 0.29603949
4457.3500 0.29308717
4457.4000 0.29013485
4457.4500 0.29422575
4457.5000 0.30065131
4457.5500 0.30707686
4457.6000 0.31261665
4457.6500 0.31690288
4457.7000 0.32118912
4457.7500 0.32326889
4457.8000 0.29935199
4457.8500 0.27543508
4457.9000 0.25151817
4457.9500 0.25126751
4458.0000 0.25917638
4458.0500 0.26708525
4458.1000 0.27704765
4458.1500 0.28996274
4458.2000 0.30287783
4458.2500 0.31453171
4458.3000 0.31127099
4458.3500 0.30801026
4458.4000 0.30474953
4458.4500 0.29939585
4458.5000 0.29333307
4458.5500 0.28727029
4458.6000 0.28283549
4458.6500 0.28067586
4458.7000 0.27851623
4458.7500 0.27557477
4458.8000 0.26457579
4458.8500 0.25357681
4458.9000 0.24257783
4458.9500 0.25922631
4459.0000 0.28455789
4459.0500 0.30988948
4459.1000 0.31770609
4459.1500 0.30274931
4459.2000 0.28779252
4459.2500 0.27596842
4459.3000 0.2895743
4459.3500 0.30318018
4459.4000 0.31678607
4459.4500 0.3207938
4459.5000 0.32218534
4459.5500 0.32357688
4459.6000 0.3277536
4459.6500 0.33515889
4459.7000 0.34256418
4459.7500 0.34753424
4459.8000 0.33774882
4459.8500 0.32796339
4459.9000 0.31817797
4459.9500 0.31662514
4460.0000 0.31686263
4460.0500 0.31710013
4460.1000 0.3241821
4460.1500 0.33804615
4460.2000 0.3519102
4460.2500 0.36021676
4460.3000 0.34394204
4460.3500 0.32766733
4460.4000 0.31139261
4460.4500 0.31074073
4460.5000 0.31247088
4460.5500 0.31420102
4460.6000 0.31665039
4460.6500 0.31968298
4460.7000 0.32271558
4460.7500 0.32547166
4460.8000 0.3273419
4460.8500 0.32921215
4460.9000 0.33108239
4460.9500 0.33202361
4461.0000 0.33288927
4461.0500 0.33375493
4461.1000 0.32200323
4461.1500 0.30228168
4461.2000 0.28256014
4461.2500 0.27666848
4461.3000 0.30271748
4461.3500 0.32876647
4461.4000 0.35481547
4461.4500 0.34118142
4461.5000 0.32725301
4461.5500 0.3133246
4461.6000 0.30716436
4461.6500 0.30458771
4461.7000 0.30201107
4461.7500 0.30388232
4461.8000 0.31309795
4461.8500 0.32231359
4461.9000 0.33035303
4461.9500 0.32306214
4462.0000 0.31577126
4462.0500 0.30848037
4462.1000 0.29971572
4462.1500 0.29050217
4462.2000 0.28128862
4462.2500 0.29012907
4462.3000 0.31991012
4462.3500 0.34969117
4462.4000 0.36995565
4462.4500 0.34049805
4462.5000 0.31104045
4462.5500 0.28158285
4462.6000 0.26975894
4462.6500 0.26081741
4462.7000 0.25187587
4462.7500 0.26813036
4462.8000 0.30421691
4462.8500 0.34030346
4462.9000 0.36178321
4462.9500 0.3418655
4463.0000 0.3219478
4463.0500 0.3020301
4463.1000 0.28440047
4463.1500 0.26685809
4463.2000 0.24931572
4463.2500 0.25692116
4463.3000 0.2770864
4463.3500 0.29725163
4463.4000 0.30808999
4463.4500 0.30316705
4463.5000 0.2982441
4463.5500 0.29459956
4463.6000 0.30610676
4463.6500 0.31761396
4463.7000 0.32912116
4463.7500 0.32271344
4463.8000 0.31140061
4463.8500 0.30008778
4463.9000 0.30231051
4463.9500 0.31842565
4464.0000 0.3345408
4464.0500 0.34875954
4464.1000 0.35553903
4464.1500 0.36231852
4464.2000 0.36909801
4464.2500 0.35335968
4464.3000 0.33550193
4464.3500 0.31764417
4464.4000 0.29868198
4464.4500 0.27906
4464.5000 0.25943802
4464.5500 0.25124057
4464.6000 0.26529444
4464.6500 0.27934831
4464.7000 0.29219903
4464.7500 0.28384199
4464.8000 0.27548495
4464.8500 0.26712792
4464.9000 0.28167674
4464.9500 0.3030938
4465.0000 0.32451086
4465.0500 0.33144582
4465.1000 0.3230739
4465.1500 0.31470199
4465.2000 0.30827234
4465.2500 0.30941242
4465.3000 0.3105525
4465.3500 0.31169258
4465.4000 0.32992717
4465.4500 0.34957933
4465.5000 0.36923148
4465.5500 0.35435924
4465.6000 0.32039034
4465.6500 0.28642144
4465.7000 0.26847842
4465.7500 0.27835687
4465.8000 0.28823531
4465.8500 0.29729441
4465.9000 0.29789654
4465.9500 0.29849867
4466.0000 0.29910079
4466.0500 0.29120483
4466.1000 0.28134598
4466.1500 0.27148713
4466.2000 0.27791756
4466.2500 0.29835899
4466.3000 0.31880042
4466.3500 0.32847038
4466.4000 0.30811543
4466.4500 0.28776048
4466.5000 0.26740552
4466.5500 0.27457135
4466.6000 0.28196849
4466.6500 0.28936562
4466.7000 0.29298156
4466.7500 0.29513071
4466.8000 0.29727985
4466.8500 0.30029533
4466.9000 0.30436737
4466.9500 0.3084394
4467.0000 0.30901188
4467.0500 0.29383198
4467.1000 0.27865209
4467.1500 0.26347219
4467.2000 0.26933236
4467.2500 0.2771668
4467.3000 0.28500123
4467.3500 0.29164371
4467.4000 0.29763829
4467.4500 0.30363287
4467.5000 0.30773372
4467.5500 0.30877992
4467.6000 0.30982612
4467.6500 0.31198728
4467.7000 0.32242322
4467.7500 0.33285916
4467.8000 0.34329511
4467.8500 0.31074822
4467.9000 0.27096983
4467.9500 0.23119144
4468.0000 0.24413967
4468.0500 0.29306178
4468.1000 0.34198389
4468.1500 0.37726875
4468.2000 0.38537093
4468.2500 0.39347312
4468.3000 0.39940426
4468.3500 0.37853392
4468.4000 0.35766358
4468.4500 0.33679324
4468.5000 0.33479114
4468.5500 0.33701569
4468.6000 0.33924024
4468.6500 0.33667572
4468.7000 0.33035207
4468.7500 0.32402842
4468.8000 0.32159243
4468.8500 0.32802768
4468.9000 0.33446293
4468.9500 0.3398664
4469.0000 0.32581472
4469.0500 0.31176304
4469.1000 0.29771136
4469.1500 0.28643742
4469.2000 0.27586999
4469.2500 0.26530257
4469.3000 0.2619587
4469.3500 0.2646384
4469.4000 0.2673181
4469.4500 0.28177004
4469.5000 0.32441496
4469.5500 0.36705988
4469.6000 0.40745547
4469.6500 0.400154
4469.7000 0.39285253
4469.7500 0.38555106
4469.8000 0.37192331
4469.8500 0.35668135
4469.9000 0.34143938
4469.9500 0.31004346
4470.0000 0.26540877
4470.0500 0.22077408
4470.1000 0.20327556
4470.1500 0.24800059
4470.2000 0.29272561
4470.2500 0.33440968
4470.3000 0.32755834
4470.3500 0.320707
4470.4000 0.31385567
4470.4500 0.30307578
4470.5000 0.2914068
4470.5500 0.27973782
4470.6000 0.29037208
4470.6500 0.31761685
4470.7000 0.34486162
4470.7500 0.36122512
4470.8000 0.35569938
4470.8500 0.35017363
4470.9000 0.341952
4470.9500 0.30716993
4471.0000 0.27238787
4471.0500 0.23760581
4471.1000 0.24203539
4471.1500 0.25319792
4471.2000 0.26436046
4471.2500 0.26340756
4471.3000 0.25490114
4471.3500 0.24639471
4471.4000 0.25441851
4471.4500 0.28944896
4471.5000 0.32447942
4471.5500 0.35701786
4471.6000 0.374815
4471.6500 0.39261214
4471.7000 0.41040928
4471.7500 0.40883074
4471.8000 0.40535301
4471.8500 0.40187529
4471.9000 0.35998596
4471.9500 0.29985917
4472.0000 0.23973237
4472.0500 0.21333433
4472.1000 0.2287311
4472.1500 0.24412787
4472.2000 0.25285864
4472.2500 0.23744295
4472.3000 0.22202725
4472.3500 0.20661156
4472.4000 0.26763078
4472.4500 0.32963413
4472.5000 0.39163748
4472.5500 0.39314
4472.6000 0.37547842
4472.6500 0.35781684
4472.7000 0.33953782
4472.7500 0.32071737
4472.8000 0.30189692
4472.8500 0.28381022
4472.9000 0.267377
4472.9500 0.25094378
4473.0000 0.24035523
4473.0500 0.29422508
4473.1000 0.34809494
4473.1500 0.4019648
4473.2000 0.37877233
4473.2500 0.34304651
4473.3000 0.30732069
4473.3500 0.30366935
4473.4000 0.31819377
4473.4500 0.33271819
4473.5000 0.34968796
4473.5500 0.37006692
4473.6000 0.39044588
4473.6500 0.41357555
4473.7000 0.44782733
4473.7500 0.48207911
4473.8000 0.51633088
4473.8500 0.44483017
4473.9000 0.37118042
4473.9500 0.29753066
4474.0000 0.30360581
4474.0500 0.33443209
4474.1000 0.36525837
4474.1500 0.40588959
4474.2000 0.45463069
4474.2500 0.50337179
4474.3000 0.5185683
4474.3500 0.46649399
4474.4000 0.41441968
4474.4500 0.36662267
4474.5000 0.35038256
4474.5500 0.33414245
4474.6000 0.31790234
4474.6500 0.33454229
4474.7000 0.35454556
4474.7500 0.37454883
4474.8000 0.38007988
4474.8500 0.3792971
4474.9000 0.37851433
4474.9500 0.3736388
4475.0000 0.36444339
4475.0500 0.35524799
4475.1000 0.34151043
4475.1500 0.31597411
4475.2000 0.29043778
4475.2500 0.26894728
4475.3000 0.3006927
4475.3500 0.33243813
4475.4000 0.36418355
4475.4500 0.37925026
4475.5000 0.39170294
4475.5500 0.40415562
4475.6000 0.40406683
4475.6500 0.39750554
4475.7000 0.39094425
4475.7500 0.38671728
4475.8000 0.3852764
4475.8500 0.38383552
4475.9000 0.37157152
4475.9500 0.32741684
4476.0000 0.28326215
4476.0500 0.24342424
4476.1000 0.28212902
4476.1500 0.32083381
4476.2000 0.3595386
4476.2500 0.3399329
4476.3000 0.31019946
4476.3500 0.28046603
4476.4000 0.27516884
4476.4500 0.28284866
4476.5000 0.29052848
4476.5500 0.27113226
4476.6000 0.21936716
4476.6500 0.16760205
4476.7000 0.13927684
4476.7500 0.17800391
4476.8000 0.21673097
4476.8500 0.25588546
4476.9000 0.30131385
4476.9500 0.34674223
4477.0000 0.39217062
4477.0500 0.40171431
4477.1000 0.4058839
4477.1500 0.41005348
4477.2000 0.40622568
4477.2500 0.39858088
4477.3000 0.39093609
4477.3500 0.36093857
4477.4000 0.30723454
4477.4500 0.25353051
4477.5000 0.22105209
4477.5500 0.23932436
4477.6000 0.25759662
4477.6500 0.27700245
4477.7000 0.30599905
4477.7500 0.33499565
4477.8000 0.36399225
4477.8500 0.42966961
4477.9000 0.49863593
4477.9500 0.56760225
4478.0000 0.57550984
4478.0500 0.56094129
4478.1000 0.54637275
4478.1500 0.52385913
4478.2000 0.49472238
4478.2500 0.46558562
4478.3000 0.43743907
4478.3500 0.41104514
4478.4000 0.38465121
4478.4500 0.3566824
4478.5000 0.3214343
4478.5500 0.28618621
4478.6000 0.25093811
4478.6500 0.31987571
4478.7000 0.38923854
4478.7500 0.45860137
4478.8000 0.47511499
4478.8500 0.47964897
4478.9000 0.48418295
4478.9500 0.51782699
4479.0000 0.5681532
4479.0500 0.61847942
4479.1000 0.61063719
4479.1500 0.53379059
4479.2000 0.45694398
4479.2500 0.41415105
4479.3000 0.4587918
4479.3500 0.50343256
4479.4000 0.53888211
4479.4500 0.49550745
4479.5000 0.45213279
4479.5500 0.40875814
4479.6000 0.33580111
4479.6500 0.26060923
4479.7000 0.18541735
4479.7500 0.19651198
4479.8000 0.23540988
4479.8500 0.27430778
4479.9000 0.30682345
4479.9500 0.33479399
4480.0000 0.36276453
4480.0500 0.38227185
4480.1000 0.38975168
4480.1500 0.3972315
4480.2000 0.38950271
4480.2500 0.33444886
4480.3000 0.27939502
4480.3500 0.23295541
4480.4000 0.29337628
4480.4500 0.35379714
4480.5000 0.41421801
4480.5500 0.39022832
4480.6000 0.35760433
4480.6500 0.32498034
4480.7000 0.27433316
4480.7500 0.217387
4480.8000 0.16044085
4480.8500 0.16148649
4480.9000 0.20521205
4480.9500 0.24893762
4481.0000 0.29856348
4481.0500 0.35660005
4481.1000 0.41463663
4481.1500 0.43328596
4481.2000 0.33361266
4481.2500 0.23393936
4481.3000 0.14618827
4481.3500 0.1813623
4481.4000 0.21653634
4481.4500 0.25171038
4481.5000 0.32908031
4481.5500 0.4097097
4481.6000 0.49033908
4481.6500 0.45485164
4481.7000 0.38455986
4481.7500 0.31426808
4481.8000 0
4481.8500 0
4481.9000 0
