5970.0500 1.69396686
5970.1000 1.7070521
5970.1500 1.71813248
5970.2000 1.72003813
5970.2500 1.72194377
5970.3000 1.72384941
5970.3500 1.72575505
5970.4000 1.7276607
5970.4500 1.72632774
5970.5000 1.72196423
5970.5500 1.71760072
5970.6000 1.71323722
5970.6500 1.70887371
5970.7000 1.7045102
5970.7500 1.69277593
5970.8000 1.67979481
5970.8500 1.66681368
5970.9000 1.65383255
5970.9500 1.64085143
5971.0000 1.62954444
5971.0500 1.62512706
5971.1000 1.62070969
5971.1500 1.61629232
5971.2000 1.61187494
5971.2500 1.60745757
5971.3000 1.60770221
5971.3500 1.61196433
5971.4000 1.61622645
5971.4500 1.62048857
5971.5000 1.62475069
5971.5500 1.62901281
5971.6000 1.63795474
5971.6500 1.64753345
5971.7000 1.65711216
5971.7500 1.66669088
5971.8000 1.67626959
5971.8500 1.68370185
5971.9000 1.68373172
5971.9500 1.6837616
5972.0000 1.68379148
5972.0500 1.68382136
5972.1000 1.68385124
5972.1500 1.6858308
5972.2000 1.68927633
5972.2500 1.69272187
5972.3000 1.69616741
5972.3500 1.69961294
5972.4000 1.70305848
5972.4500 1.6896202
5972.5000 1.67467952
5972.5500 1.65973885
5972.6000 1.64479817
5972.6500 1.6298575
5972.7000 1.62343679
5972.7500 1.64037871
5972.8000 1.65732064
5972.8500 1.67426257
5972.9000 1.6912045
5972.9500 1.70814642
5973.0000 1.70885762
5973.0500 1.69952063
5973.1000 1.69018364
5973.1500 1.68084665
5973.2000 1.67150965
5973.2500 1.66217266
5973.3000 1.65640696
5973.3500 1.65075361
5973.4000 1.64510026
5973.4500 1.63944691
5973.5000 1.63379356
5973.5500 1.63350132
5973.6000 1.64445461
5973.6500 1.6554079
5973.7000 1.6663612
5973.7500 1.67731449
5973.8000 1.68826778
5973.8500 1.679239
5973.9000 1.66070372
5973.9500 1.64216844
5974.0000 1.62363316
5974.0500 1.60509789
5974.1000 1.5876769
5974.1500 1.60203394
5974.2000 1.61639099
5974.2500 1.63074804
5974.3000 1.64510508
5974.3500 1.65946213
5974.4000 1.66244197
5974.4500 1.64774564
5974.5000 1.6330493
5974.5500 1.61835297
5974.6000 1.60365664
5974.6500 1.5889603
5974.7000 1.58505228
5974.7500 1.5847254
5974.8000 1.58439852
5974.8500 1.58407164
5974.9000 1.58374476
5974.9500 1.58402994
5975.0000 1.58919587
5975.0500 1.5943618
5975.1000 1.59952773
5975.1500 1.60469366
5975.2000 1.60985958
5975.2500 1.61821223
5975.3000 1.63010767
5975.3500 1.64200312
5975.4000 1.65389856
5975.4500 1.66579401
5975.5000 1.67768945
5975.5500 1.67082578
5975.6000 1.66031217
5975.6500 1.64979856
5975.7000 1.63928496
5975.7500 1.62877135
5975.8000 1.61690608
5975.8500 1.59970664
5975.9000 1.58250719
5975.9500 1.56530775
5976.0000 1.54810831
5976.0500 1.53090887
5976.1000 1.52856244
5976.1500 1.53748147
5976.2000 1.54640051
5976.2500 1.55531954
5976.3000 1.56423857
5976.3500 1.57315761
5976.4000 1.57597037
5976.4500 1.57837019
5976.5000 1.58077
5976.5500 1.58316981
5976.6000 1.58556963
5976.6500 1.58029825
5976.7000 1.55763712
5976.7500 1.53497599
5976.8000 1.51231486
5976.8500 1.48965373
5976.9000 1.46699261
5976.9500 1.48227679
5977.0000 1.51566372
5977.0500 1.54905065
5977.1000 1.58243758
5977.1500 1.61582451
5977.2000 1.64711365
5977.2500 1.63802997
5977.3000 1.6289463
5977.3500 1.61986263
5977.4000 1.61077895
5977.4500 1.60169528
5977.5000 1.59774985
5977.5500 1.60080635
5977.6000 1.60386285
5977.6500 1.60691935
5977.7000 1.60997585
5977.7500 1.61303235
5977.8000 1.61100723
5977.8500 1.60770025
5977.9000 1.60439327
5977.9500 1.60108629
5978.0000 1.59777932
5978.0500 1.59785016
5978.1000 1.61380697
5978.1500 1.62976378
5978.2000 1.64572059
5978.2500 1.6616774
5978.3000 1.67763421
5978.3500 1.68182861
5978.4000 1.67653834
5978.4500 1.67124806
5978.5000 1.66595778
5978.5500 1.6606675
5978.6000 1.65537722
5978.6500 1.647733
5978.7000 1.63992063
5978.7500 1.63210825
5978.8000 1.62429588
5978.8500 1.6164835
5978.9000 1.61137497
5978.9500 1.61215927
5979.0000 1.61294357
5979.0500 1.61372787
5979.1000 1.61451218
5979.1500 1.61529648
5979.2000 1.61666702
5979.2500 1.61829217
5979.3000 1.61991733
5979.3500 1.62154249
5979.4000 1.62316765
5979.4500 1.62505927
5979.5000 1.62996105
5979.5500 1.63486283
5979.6000 1.63976461
5979.6500 1.64466639
5979.7000 1.64956817
5979.7500 1.65191665
5979.8000 1.65135018
5979.8500 1.65078372
5979.9000 1.65021725
5979.9500 1.64965079
5980.0000 1.64908432
5980.0500 1.6377606
5980.1000 1.624598
5980.1500 1.61143539
5980.2000 1.59827279
5980.2500 1.58511018
5980.3000 1.57685461
5980.3500 1.58392181
5980.4000 1.590989
5980.4500 1.59805619
5980.5000 1.60512339
5980.5500 1.61219058
5980.6000 1.61444361
5980.6500 1.61390054
5980.7000 1.61335748
5980.7500 1.61281441
5980.8000 1.61227135
5980.8500 1.61148062
5980.9000 1.60065554
5980.9500 1.58983045
5981.0000 1.57900536
5981.0500 1.56818027
5981.1000 1.55735518
5981.1500 1.55272161
5981.2000 1.55674224
5981.2500 1.56076287
5981.3000 1.5647835
5981.3500 1.56880413
5981.4000 1.57282476
5981.4500 1.57629325
5981.5000 1.57963348
5981.5500 1.58297372
5981.6000 1.58631395
5981.6500 1.58965419
5981.7000 1.59314455
5981.7500 1.59720856
5981.8000 1.60127257
5981.8500 1.60533658
5981.9000 1.60940059
5981.9500 1.6134646
5982.0000 1.6150372
5982.0500 1.6149819
5982.1000 1.61492661
5982.1500 1.61487131
5982.2000 1.61481602
5982.2500 1.61478265
5982.3000 1.62068293
5982.3500 1.6265832
5982.4000 1.63248348
5982.4500 1.63838376
5982.5000 1.64428403
5982.5500 1.64624026
5982.6000 1.64237865
5982.6500 1.63851704
5982.7000 1.63465543
5982.7500 1.63079382
5982.8000 1.62693221
5982.8500 1.62330947
5982.9000 1.61974429
5982.9500 1.61617912
5983.0000 1.61261394
5983.0500 1.60904876
5983.1000 1.60669447
5983.1500 1.60891915
5983.2000 1.61114383
5983.2500 1.61336852
5983.3000 1.6155932
5983.3500 1.61781788
5983.4000 1.6191988
5983.4500 1.62004906
5983.5000 1.62089933
5983.5500 1.62174959
5983.6000 1.62259986
5983.6500 1.62323334
5983.7000 1.61332943
5983.7500 1.60342553
5983.8000 1.59352162
5983.8500 1.58361771
5983.9000 1.5737138
5983.9500 1.57223477
5984.0000 1.58202051
5984.0500 1.59180626
5984.1000 1.601592
5984.1500 1.61137774
5984.2000 1.62116348
5984.2500 1.6150667
5984.3000 1.60587885
5984.3500 1.59669101
5984.4000 1.58750316
5984.4500 1.57831531
5984.5000 1.56805229
5984.5500 1.55452496
5984.6000 1.54099763
5984.6500 1.5274703
5984.7000 1.51394297
5984.7500 1.50041564
5984.8000 1.49927707
5984.8500 1.50452269
5984.9000 1.5097683
5984.9500 1.51501392
5985.0000 1.52025953
5985.0500 1.52567025
5985.1000 1.53316026
5985.1500 1.54065028
5985.2000 1.54814029
5985.2500 1.5556303
5985.3000 1.56312031
5985.3500 1.57091442
5985.4000 1.57902672
5985.4500 1.58713903
5985.5000 1.59525133
5985.5500 1.60336363
5985.6000 1.61147593
5985.6500 1.60604517
5985.7000 1.59919737
5985.7500 1.59234956
5985.8000 1.58550176
5985.8500 1.57865396
5985.9000 1.57134936
5985.9500 1.56308888
5986.0000 1.55482839
5986.0500 1.54656791
5986.1000 1.53830743
5986.1500 1.53004694
5986.2000 1.53268893
5986.2500 1.53910374
5986.3000 1.54551856
5986.3500 1.55193338
5986.4000 1.5583482
5986.4500 1.5632455
5986.5000 1.56040435
5986.5500 1.5575632
5986.6000 1.55472206
5986.6500 1.55188091
5986.7000 1.54903977
5986.7500 1.54093574
5986.8000 1.52912075
5986.8500 1.51730576
5986.9000 1.50549078
5986.9500 1.49367579
5987.0000 1.48205881
5987.0500 1.48915635
5987.1000 1.49625388
5987.1500 1.50335141
5987.2000 1.51044895
5987.2500 1.51754648
5987.3000 1.52507742
5987.3500 1.53316912
5987.4000 1.54126081
5987.4500 1.54935251
5987.5000 1.55744421
5987.5500 1.5655359
5987.6000 1.55902856
5987.6500 1.55020201
5987.7000 1.54137546
5987.7500 1.53254892
5987.8000 1.52372237
5987.8500 1.52099704
5987.9000 1.53311066
5987.9500 1.54522429
5988.0000 1.55733792
5988.0500 1.56945154
5988.1000 1.58156517
5988.1500 1.57619509
5988.2000 1.56406939
5988.2500 1.55194368
5988.3000 1.53981798
5988.3500 1.52769228
5988.4000 1.51773528
5988.4500 1.51981122
5988.5000 1.52188715
5988.5500 1.52396309
5988.6000 1.52603902
5988.6500 1.52811496
5988.7000 1.53133028
5988.7500 1.53535188
5988.8000 1.53937348
5988.8500 1.54339508
5988.9000 1.54741668
5988.9500 1.55134234
5989.0000 1.55056431
5989.0500 1.54978627
5989.1000 1.54900823
5989.1500 1.54823019
5989.2000 1.54745215
5989.2500 1.54853445
5989.3000 1.55183741
5989.3500 1.55514038
5989.4000 1.55844334
5989.4500 1.5617463
5989.5000 1.56504927
5989.5500 1.56966086
5989.6000 1.57442893
5989.6500 1.57919699
5989.7000 1.58396505
5989.7500 1.58873311
5989.8000 1.59157006
5989.8500 1.5905223
5989.9000 1.58947453
5989.9500 1.58842676
5990.0000 1.587379
5990.0500 1.58633123
5990.1000 1.57963107
5990.1500 1.57126502
5990.2000 1.56289897
5990.2500 1.55453292
5990.3000 1.54616687
5990.3500 1.53976107
5990.4000 1.54054755
5990.4500 1.54133402
5990.5000 1.5421205
5990.5500 1.54290698
5990.6000 1.54369346
5990.6500 1.54673207
5990.7000 1.55094399
5990.7500 1.55515591
5990.8000 1.55936784
5990.8500 1.56357976
5990.9000 1.56698051
5990.9500 1.56325957
5991.0000 1.55953863
5991.0500 1.55581769
5991.1000 1.55209675
5991.1500 1.54837581
5991.2000 1.54007448
5991.2500 1.52800317
5991.3000 1.51593185
5991.3500 1.50386053
5991.4000 1.49178921
5991.4500 1.47971789
5991.5000 1.48429227
5991.5500 1.48892878
5991.6000 1.49356528
5991.6500 1.49820179
5991.7000 1.5028383
5991.7500 1.50808932
5991.8000 1.51410513
5991.8500 1.52012093
5991.9000 1.52613674
5991.9500 1.53215255
5992.0000 1.53816835
5992.0500 1.53689696
5992.1000 1.5347821
5992.1500 1.53266725
5992.2000 1.53055239
5992.2500 1.52843754
5992.3000 1.5263229
5992.3500 1.52420869
5992.4000 1.52209448
5992.4500 1.51998027
5992.5000 1.51786606
5992.5500 1.51575184
5992.6000 1.51940075
5992.6500 1.5244707
5992.7000 1.52954064
5992.7500 1.53461059
5992.8000 1.53968054
5992.8500 1.54408213
5992.9000 1.54655551
5992.9500 1.54902889
5993.0000 1.55150227
5993.0500 1.55397565
5993.1000 1.55644903
5993.1500 1.5598578
5993.2000 1.56364108
5993.2500 1.56742436
5993.3000 1.57120764
5993.3500 1.57499093
5993.4000 1.57905582
5993.4500 1.5844738
5993.5000 1.58989177
5993.5500 1.59530975
5993.6000 1.60072772
5993.6500 1.6061457
5993.7000 1.60385849
5993.7500 1.59708375
5993.8000 1.590309
5993.8500 1.58353425
5993.9000 1.57675951
5993.9500 1.56977649
5994.0000 1.56076507
5994.0500 1.55175365
5994.1000 1.54274222
5994.1500 1.5337308
5994.2000 1.52471938
5994.2500 1.52330624
5994.3000 1.52796644
5994.3500 1.53262665
5994.4000 1.53728685
5994.4500 1.54194705
5994.5000 1.54665842
5994.5500 1.55388743
5994.6000 1.56111643
5994.6500 1.56834543
5994.7000 1.57557444
5994.7500 1.58280344
5994.8000 1.58475537
5994.8500 1.58111638
5994.9000 1.57747739
5994.9500 1.5738384
5995.0000 1.57019941
5995.0500 1.56656042
5995.1000 1.5586722
5995.1500 1.55057298
5995.2000 1.54247377
5995.2500 1.53437455
5995.3000 1.52627534
5995.3500 1.52218385
5995.4000 1.52359691
5995.4500 1.52500997
5995.5000 1.52642303
5995.5500 1.52783609
5995.6000 1.52924915
5995.6500 1.53108818
5995.7000 1.53297908
5995.7500 1.53486999
5995.8000 1.53676089
5995.8500 1.53865179
5995.9000 1.54105139
5995.9500 1.54434344
5996.0000 1.54763548
5996.0500 1.55092753
5996.1000 1.55421957
5996.1500 1.55751162
5996.2000 1.5536225
5996.2500 1.54832634
5996.3000 1.54303019
5996.3500 1.53773403
5996.4000 1.53243788
5996.4500 1.53507338
5996.5000 1.55529976
5996.5500 1.57552614
5996.6000 1.59575252
5996.6500 1.6159789
5996.7000 1.63620528
5996.7500 1.62888746
5996.8000 1.61410907
5996.8500 1.59933068
5996.9000 1.58455229
5996.9500 1.5697739
5997.0000 1.55680916
5997.0500 1.54888856
5997.1000 1.54096797
5997.1500 1.53304738
5997.2000 1.52512679
5997.2500 1.51720619
5997.3000 1.51573738
5997.3500 1.51649372
5997.4000 1.51725006
5997.4500 1.5180064
5997.5000 1.51876274
5997.5500 1.52071067
5997.6000 1.52678324
5997.6500 1.5328558
5997.7000 1.53892837
5997.7500 1.54500093
5997.8000 1.5510735
5997.8500 1.54951463
5997.9000 1.54478125
5997.9500 1.54004787
5998.0000 1.53531449
5998.0500 1.53058111
5998.1000 1.52681646
5998.1500 1.5271869
5998.2000 1.52755734
5998.2500 1.52792778
5998.3000 1.52829821
5998.3500 1.52866865
5998.4000 1.52637809
5998.4500 1.52280563
5998.5000 1.51923318
5998.5500 1.51566072
5998.6000 1.51208826
5998.6500 1.50903326
5998.7000 1.50866569
5998.7500 1.50829812
5998.8000 1.50793055
5998.8500 1.50756298
5998.9000 1.50719541
5998.9500 1.50955248
5999.0000 1.51337965
5999.0500 1.51720683
5999.1000 1.52103401
5999.1500 1.52486119
5999.2000 1.52669745
5999.2500 1.51621257
5999.3000 1.50572768
5999.3500 1.4952428
5999.4000 1.48475792
5999.4500 1.47427304
5999.5000 1.46857273
5999.5500 1.46568023
5999.6000 1.46278774
5999.6500 1.45989524
5999.7000 1.45700275
5999.7500 1.45545655
5999.8000 1.46353166
5999.8500 1.47160677
5999.9000 1.47968189
5999.9500 1.487757
6000.0000 1.49583211
6000.0500 1.50416689
6000.1000 1.51266296
6000.1500 1.52115904
6000.2000 1.52965511
6000.2500 1.53815119
6000.3000 1.54493925
6000.3500 1.53823869
6000.4000 1.53153814
6000.4500 1.52483758
6000.5000 1.51813702
6000.5500 1.51143647
6000.6000 1.50757627
6000.6500 1.50553612
6000.7000 1.50349597
6000.7500 1.50145582
6000.8000 1.49941566
6000.8500 1.49725794
6000.9000 1.49412959
6000.9500 1.49100123
6001.0000 1.48787288
6001.0500 1.48474452
6001.1000 1.48161617
6001.1500 1.4860932
6001.2000 1.49547137
6001.2500 1.50484954
6001.3000 1.51422771
6001.3500 1.52360588
6001.4000 1.53161838
6001.4500 1.52854639
6001.5000 1.52547439
6001.5500 1.5224024
6001.6000 1.5193304
6001.6500 1.51625841
6001.7000 1.51554776
6001.7500 1.51632932
6001.8000 1.51711088
6001.8500 1.51789245
6001.9000 1.51867401
6001.9500 1.51852522
6002.0000 1.51137873
6002.0500 1.50423224
6002.1000 1.49708575
6002.1500 1.48993926
6002.2000 1.48279276
6002.2500 1.47924256
6002.3000 1.4778646
6002.3500 1.47648663
6002.4000 1.47510866
6002.4500 1.4737307
6002.5000 1.47350086
6002.5500 1.48088584
6002.6000 1.48827083
6002.6500 1.49565582
6002.7000 1.5030408
6002.7500 1.51042579
6002.8000 1.5103634
6002.8500 1.50611389
6002.9000 1.50186438
6002.9500 1.49761487
6003.0000 1.49336535
6003.0500 1.4916352
6003.1000 1.50410263
6003.1500 1.51657006
6003.2000 1.5290375
6003.2500 1.54150493
6003.3000 1.55397237
6003.3500 1.54991976
6003.4000 1.53746281
6003.4500 1.52500585
6003.5000 1.51254889
6003.5500 1.50009193
6003.6000 1.49038394
6003.6500 1.49350979
6003.7000 1.49663564
6003.7500 1.49976149
6003.8000 1.50288734
6003.8500 1.50601319
6003.9000 1.50897507
6003.9500 1.51186381
6004.0000 1.51475255
6004.0500 1.5176413
6004.1000 1.52053004
6004.1500 1.52276356
6004.2000 1.52250429
6004.2500 1.52224501
6004.3000 1.52198574
6004.3500 1.52172646
6004.4000 1.52146718
6004.4500 1.52303269
6004.5000 1.525286
6004.5500 1.5275393
6004.6000 1.52979261
6004.6500 1.53204592
6004.7000 1.53040367
6004.7500 1.51681395
6004.8000 1.50322422
6004.8500 1.48963449
6004.9000 1.47604477
6004.9500 1.46245504
6005.0000 1.47237209
6005.0500 1.48942929
6005.1000 1.5064865
6005.1500 1.5235437
6005.2000 1.54060091
6005.2500 1.54717743
6005.3000 1.52805205
6005.3500 1.50892666
6005.4000 1.48980127
6005.4500 1.47067589
6005.5000 1.4515505
6005.5500 1.45394057
6005.6000 1.46125311
6005.6500 1.46856565
6005.7000 1.4758782
6005.7500 1.48319074
6005.8000 1.49040234
6005.8500 1.49741753
6005.9000 1.50443272
6005.9500 1.51144791
6006.0000 1.5184631
6006.0500 1.52547829
6006.1000 1.52610082
6006.1500 1.52573959
6006.2000 1.52537836
6006.2500 1.52501712
6006.3000 1.52465589
6006.3500 1.52210461
6006.4000 1.51620327
6006.4500 1.51030193
6006.5000 1.50440059
6006.5500 1.49849925
6006.6000 1.49259791
6006.6500 1.49609734
6006.7000 1.50035361
6006.7500 1.50460987
6006.8000 1.50886613
6006.8500 1.5131224
6006.9000 1.51207422
6006.9500 1.50472807
6007.0000 1.49738192
6007.0500 1.49003577
6007.1000 1.48268962
6007.1500 1.47534347
6007.2000 1.46990661
6007.2500 1.46448828
6007.3000 1.45906996
6007.3500 1.45365163
6007.4000 1.4482333
6007.4500 1.45062848
6007.5000 1.46009017
6007.5500 1.46955186
6007.6000 1.47901355
6007.6500 1.48847523
6007.7000 1.49795004
6007.7500 1.50762563
6007.8000 1.51730122
6007.8500 1.5269768
6007.9000 1.53665239
6007.9500 1.54632798
6008.0000 1.54714712
6008.0500 1.54203879
6008.1000 1.53693046
6008.1500 1.53182213
6008.2000 1.5267138
6008.2500 1.52084451
6008.3000 1.51023416
6008.3500 1.49962382
6008.4000 1.48901348
6008.4500 1.47840313
6008.5000 1.46779279
6008.5500 1.47155191
6008.6000 1.48210222
6008.6500 1.49265254
6008.7000 1.50320286
6008.7500 1.51375318
6008.8000 1.52011685
6008.8500 1.51175178
6008.9000 1.50338672
6008.9500 1.49502165
6009.0000 1.48665658
6009.0500 1.47829152
6009.1000 1.47787985
6009.1500 1.47990978
6009.2000 1.4819397
6009.2500 1.48396962
6009.3000 1.48599955
6009.3500 1.48716829
6009.4000 1.48642391
6009.4500 1.48567953
6009.5000 1.48493516
6009.5500 1.48419078
6009.6000 1.48344641
6009.6500 1.47423666
6009.7000 1.46361696
6009.7500 1.45299725
6009.8000 1.44237755
6009.8500 1.43175785
6009.9000 1.42757576
6009.9500 1.43282992
6010.0000 1.43808407
6010.0500 1.44333822
6010.1000 1.44859237
6010.1500 1.45384652
6010.2000 1.45931957
6010.2500 1.46480283
6010.3000 1.4702861
6010.3500 1.47576937
6010.4000 1.48125263
6010.4500 1.48416206
6010.5000 1.48456612
6010.5500 1.48497017
6010.6000 1.48537422
6010.6500 1.48577827
6010.7000 1.48607807
6010.7500 1.48473321
6010.8000 1.48338835
6010.8500 1.48204348
6010.9000 1.48069862
6010.9500 1.47935376
6011.0000 1.47718322
6011.0500 1.47449359
6011.1000 1.47180396
6011.1500 1.46911432
6011.2000 1.46642469
6011.2500 1.46298236
6011.3000 1.45586214
6011.3500 1.44874193
6011.4000 1.44162171
6011.4500 1.43450149
6011.5000 1.42738128
6011.5500 1.43740028
6011.6000 1.45384558
6011.6500 1.47029087
6011.7000 1.48673617
6011.7500 1.50318147
6011.8000 1.51511834
6011.8500 1.51581269
6011.9000 1.51650704
6011.9500 1.51720139
6012.0000 1.51789573
6012.0500 1.51859008
6012.1000 1.514669
6012.1500 1.50991213
6012.2000 1.50515526
6012.2500 1.50039839
6012.3000 1.49564152
6012.3500 1.49151285
6012.4000 1.48829326
6012.4500 1.48507366
6012.5000 1.48185407
6012.5500 1.47863447
6012.6000 1.47541487
6012.6500 1.47403944
6012.7000 1.47271688
6012.7500 1.47139432
6012.8000 1.47007176
6012.8500 1.4687492
6012.9000 1.47306955
6012.9500 1.48225269
6013.0000 1.49143583
6013.0500 1.50061897
6013.1000 1.5098021
6013.1500 1.51692205
6013.2000 1.50619932
6013.2500 1.49547659
6013.3000 1.48475386
6013.3500 1.47403112
6013.4000 1.46330839
6013.4500 1.45969815
6013.5000 1.45956443
6013.5500 1.45943071
6013.6000 1.45929699
6013.6500 1.45916327
6013.7000 1.46024163
6013.7500 1.46513223
6013.8000 1.47002283
6013.8500 1.47491343
6013.9000 1.47980403
6013.9500 1.48469463
6014.0000 1.48270334
6014.0500 1.47912205
6014.1000 1.47554075
6014.1500 1.47195945
6014.2000 1.46837815
6014.2500 1.46763313
6014.3000 1.47142038
6014.3500 1.47520764
6014.4000 1.47899489
6014.4500 1.48278215
6014.5000 1.4865694
6014.5500 1.4851757
6014.6000 1.48356068
6014.6500 1.48194567
6014.7000 1.48033065
6014.7500 1.47871563
6014.8000 1.47636479
6014.8500 1.47337355
6014.9000 1.47038231
6014.9500 1.46739107
6015.0000 1.46439983
6015.0500 1.46096664
6015.1000 1.45402352
6015.1500 1.4470804
6015.2000 1.44013727
6015.2500 1.43319415
6015.3000 1.42625103
6015.3500 1.42220795
6015.4000 1.41946469
6015.4500 1.41672142
6015.5000 1.41397815
6015.5500 1.41123489
6015.6000 1.41077074
6015.6500 1.41644639
6015.7000 1.42212205
6015.7500 1.4277977
6015.8000 1.43347335
6015.8500 1.43914901
6015.9000 1.4455888
6015.9500 1.45216086
6016.0000 1.45873293
6016.0500 1.465305
6016.1000 1.47187706
6016.1500 1.47530445
6016.2000 1.47465875
6016.2500 1.47401306
6016.3000 1.47336737
6016.3500 1.47272167
6016.4000 1.47186039
6016.4500 1.46067616
6016.5000 1.44949194
6016.5500 1.43830771
6016.6000 1.42712349
6016.6500 1.41593926
6016.7000 1.41774025
6016.7500 1.42795724
6016.8000 1.43817423
6016.8500 1.44839122
6016.9000 1.45860821
6016.9500 1.46726089
6017.0000 1.46943802
6017.0500 1.47161516
6017.1000 1.47379229
6017.1500 1.47596943
6017.2000 1.47814656
6017.2500 1.48360046
6017.3000 1.48995762
6017.3500 1.49631478
6017.4000 1.50267194
6017.4500 1.50902909
6017.5000 1.51105365
6017.5500 1.50585038
6017.6000 1.5006471
6017.6500 1.49544382
6017.7000 1.49024055
6017.7500 1.48503727
6017.8000 1.47910372
6017.8500 1.47314538
6017.9000 1.46718703
6017.9500 1.46122869
6018.0000 1.45527035
6018.0500 1.45206337
6018.1000 1.45100864
6018.1500 1.44995391
6018.2000 1.44889919
6018.2500 1.44784446
6018.3000 1.44762827
6018.3500 1.45193054
6018.4000 1.45623281
6018.4500 1.46053508
6018.5000 1.46483735
6018.5500 1.46913962
6018.6000 1.46824134
6018.6500 1.46564176
6018.7000 1.46304217
6018.7500 1.46044259
6018.8000 1.457843
6018.8500 1.45807389
6018.9000 1.46351552
6018.9500 1.46895715
6019.0000 1.47439879
6019.0500 1.47984042
6019.1000 1.48528206
6019.1500 1.48047396
6019.2000 1.47514928
6019.2500 1.4698246
6019.3000 1.46449992
6019.3500 1.45917524
6019.4000 1.45504575
6019.4500 1.45188013
6019.5000 1.44871452
6019.5500 1.4455489
6019.6000 1.44238329
6019.6500 1.43924215
6019.7000 1.43623281
6019.7500 1.43322346
6019.8000 1.43021412
6019.8500 1.42720477
6019.9000 1.42419543
6019.9500 1.42881329
6020.0000 1.43582323
6020.0500 1.44283318
6020.1000 1.44984313
6020.1500 1.45685308
6020.2000 1.45978171
6020.2500 1.4556826
6020.3000 1.45158348
6020.3500 1.44748436
6020.4000 1.44338524
6020.4500 1.43928612
6020.5000 1.43830011
6020.5500 1.43739377
6020.6000 1.43648742
6020.6500 1.43558107
6020.7000 1.43467473
6020.7500 1.43366937
6020.8000 1.43259355
6020.8500 1.43151773
6020.9000 1.4304419
6020.9500 1.42936608
6021.0000 1.42847513
6021.0500 1.42834754
6021.1000 1.42821994
6021.1500 1.42809234
6021.2000 1.42796474
6021.2500 1.42783715
6021.3000 1.42835396
6021.3500 1.42902466
6021.4000 1.42969537
6021.4500 1.43036608
6021.5000 1.43103679
6021.5500 1.43288413
6021.6000 1.43634971
6021.6500 1.43981528
6021.7000 1.44328086
6021.7500 1.44674643
6021.8000 1.45011803
6021.8500 1.45099538
6021.9000 1.45187272
6021.9500 1.45275007
6022.0000 1.45362742
6022.0500 1.45450477
6022.1000 1.45016077
6022.1500 1.4430441
6022.2000 1.43592743
6022.2500 1.42881076
6022.3000 1.42169408
6022.3500 1.41849747
6022.4000 1.42581765
6022.4500 1.43313783
6022.5000 1.44045801
6022.5500 1.44777819
6022.6000 1.45509837
6022.6500 1.44784122
6022.7000 1.43880884
6022.7500 1.42977645
6022.8000 1.42074406
6022.8500 1.41171167
6022.9000 1.41127959
6022.9500 1.41901586
6023.0000 1.42675212
6023.0500 1.43448838
6023.1000 1.44222465
6023.1500 1.44858449
6023.2000 1.44618907
6023.2500 1.44379365
6023.3000 1.44139823
6023.3500 1.43900281
6023.4000 1.43660739
6023.4500 1.43806244
6023.5000 1.44073103
6023.5500 1.44339963
6023.6000 1.44606822
6023.6500 1.44873682
6023.7000 1.44613955
6023.7500 1.43518009
6023.8000 1.42422063
6023.8500 1.41326117
6023.9000 1.40230171
6023.9500 1.39163922
6024.0000 1.40193335
6024.0500 1.41222748
6024.1000 1.42252161
6024.1500 1.43281573
6024.2000 1.44310986
6024.2500 1.4416938
6024.3000 1.4337784
6024.3500 1.42586299
6024.4000 1.41794759
6024.4500 1.41003219
6024.5000 1.40385328
6024.5500 1.40228184
6024.6000 1.4007104
6024.6500 1.39913896
6024.7000 1.39756752
6024.7500 1.39599607
6024.8000 1.40599674
6024.8500 1.41719944
6024.9000 1.42840214
6024.9500 1.43960485
6025.0000 1.45080755
6025.0500 1.45634415
6025.1000 1.45704654
6025.1500 1.45774893
6025.2000 1.45845132
6025.2500 1.45915371
6025.3000 1.46046386
6025.3500 1.46464186
6025.4000 1.46881987
6025.4500 1.47299787
6025.5000 1.47717587
6025.5500 1.48135388
6025.6000 1.47187789
6025.6500 1.45923333
6025.7000 1.44658877
6025.7500 1.4339442
6025.8000 1.42129964
6025.8500 1.41735347
6025.9000 1.42404002
6025.9500 1.43072657
6026.0000 1.43741312
6026.0500 1.44409967
6026.1000 1.44962439
6026.1500 1.44337695
6026.2000 1.43712951
6026.2500 1.43088206
6026.3000 1.42463462
6026.3500 1.41838717
6026.4000 1.42173328
6026.4500 1.4286057
6026.5000 1.43547812
6026.5500 1.44235054
6026.6000 1.44922296
6026.6500 1.45486201
6026.7000 1.45843803
6026.7500 1.46201405
6026.8000 1.46559007
6026.8500 1.46916609
6026.9000 1.47268617
6026.9500 1.47325948
6027.0000 1.47383279
6027.0500 1.47440609
6027.1000 1.4749794
6027.1500 1.47555271
6027.2000 1.47385303
6027.2500 1.47100645
6027.3000 1.46815987
6027.3500 1.46531329
6027.4000 1.46246671
6027.4500 1.45916388
6027.5000 1.45485584
6027.5500 1.45054779
6027.6000 1.44623975
6027.6500 1.44193171
6027.7000 1.43762367
6027.7500 1.43658194
6027.8000 1.4356718
6027.8500 1.43476166
6027.9000 1.43385152
6027.9500 1.43294138
6028.0000 1.43502113
6028.0500 1.4389972
6028.1000 1.44297326
6028.1500 1.44694933
6028.2000 1.4509254
6028.2500 1.45395367
6028.3000 1.45434061
6028.3500 1.45472755
6028.4000 1.45511449
6028.4500 1.45550143
6028.5000 1.45588837
6028.5500 1.45895397
6028.6000 1.46225955
6028.6500 1.46556513
6028.7000 1.4688707
6028.7500 1.47217628
6028.8000 1.47220462
6028.8500 1.46979107
6028.9000 1.46737751
6028.9500 1.46496395
6029.0000 1.46255039
6029.0500 1.46258387
6029.1000 1.47081793
6029.1500 1.47905199
6029.2000 1.48728606
6029.2500 1.49552012
6029.3000 1.50375419
6029.3500 1.50370613
6029.4000 1.50261507
6029.4500 1.50152402
6029.5000 1.50043297
6029.5500 1.49934191
6029.6000 1.49430879
6029.6500 1.48602453
6029.7000 1.47774026
6029.7500 1.46945599
6029.8000 1.46117173
6029.8500 1.45575481
6029.9000 1.46116091
6029.9500 1.46656702
6030.0000 1.47197312
6030.0500 1.47737922
6030.1000 1.48278533
6030.1500 1.48244006
6030.2000 1.48125359
6030.2500 1.48006711
6030.3000 1.47888064
6030.3500 1.47769417
6030.4000 1.47967228
6030.4500 1.48437994
6030.5000 1.4890876
6030.5500 1.49379526
6030.6000 1.49850292
6030.6500 1.50159018
6030.7000 1.49831354
6030.7500 1.4950369
6030.8000 1.49176026
6030.8500 1.48848363
6030.9000 1.48520699
6030.9500 1.48631416
6031.0000 1.48807327
6031.0500 1.48983238
6031.1000 1.49159149
6031.1500 1.4933506
6031.2000 1.49260484
6031.2500 1.48972251
6031.3000 1.48684017
6031.3500 1.48395784
6031.4000 1.4810755
6031.4500 1.47600167
6031.5000 1.46270107
6031.5500 1.44940047
6031.6000 1.43609987
6031.6500 1.42279927
6031.7000 1.40949867
6031.7500 1.42252467
6031.8000 1.43905336
6031.8500 1.45558206
6031.9000 1.47211075
6031.9500 1.48863945
6032.0000 1.4893245
6032.0500 1.47737506
6032.1000 1.46542562
6032.1500 1.45347618
6032.2000 1.44152674
6032.2500 1.43462368
6032.3000 1.44445789
6032.3500 1.45429209
6032.4000 1.46412629
6032.4500 1.4739605
6032.5000 1.4837947
6032.5500 1.48724512
6032.6000 1.49005274
6032.6500 1.49286036
6032.7000 1.49566799
6032.7500 1.49847561
6032.8000 1.49994779
6032.8500 1.50048011
6032.9000 1.50101243
6032.9500 1.50154475
6033.0000 1.50207707
6033.0500 1.5005507
6033.1000 1.49336916
6033.1500 1.48618762
6033.2000 1.47900608
6033.2500 1.47182454
6033.3000 1.46464301
6033.3500 1.46859253
6033.4000 1.47314787
6033.4500 1.4777032
6033.5000 1.48225853
6033.5500 1.48681387
6033.6000 1.48681483
6033.6500 1.48415741
6033.7000 1.4815
6033.7500 1.47884258
6033.8000 1.47618517
6033.8500 1.47782065
6033.9000 1.48874703
6033.9500 1.4996734
6034.0000 1.51059977
6034.0500 1.52152614
6034.1000 1.53242262
6034.1500 1.52961916
6034.2000 1.5268157
6034.2500 1.52401225
6034.3000 1.52120879
6034.3500 1.51840534
6034.4000 1.51655284
6034.4500 1.51512785
6034.5000 1.51370286
6034.5500 1.51227786
6034.6000 1.51085287
6034.6500 1.51112366
6034.7000 1.51417163
6034.7500 1.51721961
6034.8000 1.52026759
6034.8500 1.52331556
6034.9000 1.5256022
6034.9500 1.51776004
6035.0000 1.50991789
6035.0500 1.50207573
6035.1000 1.49423358
6035.1500 1.48639142
6035.2000 1.48460167
6035.2500 1.48469963
6035.3000 1.48479759
6035.3500 1.48489556
6035.4000 1.48499352
6035.4500 1.48453732
6035.5000 1.4834204
6035.5500 1.48230349
6035.6000 1.48118657
6035.6500 1.48006966
6035.7000 1.47942577
6035.7500 1.48142917
6035.8000 1.48343256
6035.8500 1.48543596
6035.9000 1.48743936
6035.9500 1.48944276
6036.0000 1.49019142
6036.0500 1.4907162
6036.1000 1.49124098
6036.1500 1.49176576
6036.2000 1.49229054
6036.2500 1.49415211
6036.3000 1.49712013
6036.3500 1.50008814
6036.4000 1.50305616
6036.4500 1.50602417
6036.5000 1.50681595
6036.5500 1.5009818
6036.6000 1.49514765
6036.6500 1.4893135
6036.7000 1.48347935
6036.7500 1.4776452
6036.8000 1.47703194
6036.8500 1.47669989
6036.9000 1.47636784
6036.9500 1.47603579
6037.0000 1.47570374
6037.0500 1.47941386
6037.1000 1.48528055
6037.1500 1.49114724
6037.2000 1.49701393
6037.2500 1.50288062
6037.3000 1.50518957
6037.3500 1.50108652
6037.4000 1.49698348
6037.4500 1.49288044
6037.5000 1.48877739
6037.5500 1.48488708
6037.6000 1.4841518
6037.6500 1.48341652
6037.7000 1.48268124
6037.7500 1.48194595
6037.8000 1.48121067
6037.8500 1.47751731
6037.9000 1.4729455
6037.9500 1.46837369
6038.0000 1.46380187
6038.0500 1.45923006
6038.1000 1.45910345
6038.1500 1.46378378
6038.2000 1.4684641
6038.2500 1.47314442
6038.3000 1.47782474
6038.3500 1.4824794
6038.4000 1.48702566
6038.4500 1.49157192
6038.5000 1.49611818
6038.5500 1.50066443
6038.6000 1.50521069
6038.6500 1.50201259
6038.7000 1.49799165
6038.7500 1.49397071
6038.8000 1.48994977
6038.8500 1.48592883
6038.9000 1.48221538
6038.9500 1.47869197
6039.0000 1.47516856
6039.0500 1.47164515
6039.1000 1.46812173
6039.1500 1.46544087
6039.2000 1.46444248
6039.2500 1.46344408
6039.3000 1.46244569
6039.3500 1.46144729
6039.4000 1.46095561
6039.4500 1.46991684
6039.5000 1.47887807
6039.5500 1.4878393
6039.6000 1.49680053
6039.6500 1.50576176
6039.7000 1.50198525
6039.7500 1.49439602
6039.8000 1.4868068
6039.8500 1.47921757
6039.9000 1.47162834
6039.9500 1.46590029
6040.0000 1.46210985
6040.0500 1.4583194
6040.1000 1.45452895
6040.1500 1.45073851
6040.2000 1.44910169
6040.2500 1.4554791
6040.3000 1.4618565
6040.3500 1.46823391
6040.4000 1.47461131
6040.4500 1.48098872
6040.5000 1.488185
6040.5500 1.49543798
6040.6000 1.50269097
6040.6500 1.50994396
6040.7000 1.51719695
6040.7500 1.51208805
6040.8000 1.50061706
6040.8500 1.48914607
6040.9000 1.47767508
6040.9500 1.4662041
6041.0000 1.45989914
6041.0500 1.46178544
6041.1000 1.46367173
6041.1500 1.46555802
6041.2000 1.46744431
6041.2500 1.46915042
6041.3000 1.46946797
6041.3500 1.46978552
6041.4000 1.47010307
6041.4500 1.47042063
6041.5000 1.47073818
6041.5500 1.47918499
6041.6000 1.48912845
6041.6500 1.49907191
6041.7000 1.50901537
6041.7500 1.51895883
6041.8000 1.51845835
6041.8500 1.51026174
6041.9000 1.50206513
6041.9500 1.49386851
6042.0000 1.4856719
6042.0500 1.48149411
6042.1000 1.48632375
6042.1500 1.49115339
6042.2000 1.49598303
6042.2500 1.50081266
6042.3000 1.50535384
6042.3500 1.50345283
6042.4000 1.50155182
6042.4500 1.49965081
6042.5000 1.4977498
6042.5500 1.49584878
6042.6000 1.50114493
6042.6500 1.50848576
6042.7000 1.51582659
6042.7500 1.52316742
6042.8000 1.53050825
6042.8500 1.52909431
6042.9000 1.51947573
6042.9500 1.50985715
6043.0000 1.50023857
6043.0500 1.49061999
6043.1000 1.48514266
6043.1500 1.49174881
6043.2000 1.49835496
6043.2500 1.50496112
6043.3000 1.51156727
6043.3500 1.51817342
6043.4000 1.5085887
6043.4500 1.49893614
6043.5000 1.48928359
6043.5500 1.47963104
6043.6000 1.46997848
6043.6500 1.47006988
6043.7000 1.47362096
6043.7500 1.47717204
6043.8000 1.48072311
6043.8500 1.48427419
6043.9000 1.4840223
6043.9500 1.47967826
6044.0000 1.47533421
6044.0500 1.47099016
6044.1000 1.46664612
6044.1500 1.46317968
6044.2000 1.46270243
6044.2500 1.46222519
6044.3000 1.46174794
6044.3500 1.46127069
6044.4000 1.46079345
6044.4500 1.46004398
6044.5000 1.45928719
6044.5500 1.4585304
6044.6000 1.45777361
6044.6500 1.45701682
6044.7000 1.46307548
6044.7500 1.47175581
6044.8000 1.48043615
6044.8500 1.48911648
6044.9000 1.49779682
6044.9500 1.49944539
6045.0000 1.49323298
6045.0500 1.48702057
6045.1000 1.48080816
6045.1500 1.47459575
6045.2000 1.47012821
6045.2500 1.47171625
6045.3000 1.47330429
6045.3500 1.47489233
6045.4000 1.47648037
6045.4500 1.47806841
6045.5000 1.47941911
6045.5500 1.48076417
6045.6000 1.48210923
6045.6500 1.48345429
6045.7000 1.48479935
6045.7500 1.48236567
6045.8000 1.47854457
6045.8500 1.47472347
6045.9000 1.47090237
6045.9500 1.46708127
6046.0000 1.46817607
6046.0500 1.47443538
6046.1000 1.48069468
6046.1500 1.48695399
6046.2000 1.4932133
6046.2500 1.49683801
6046.3000 1.49236397
6046.3500 1.48788993
6046.4000 1.48341589
6046.4500 1.47894185
6046.5000 1.47456845
6046.5500 1.49098709
6046.6000 1.50740573
6046.6500 1.52382436
6046.7000 1.540243
6046.7500 1.55666164
6046.8000 1.55414911
6046.8500 1.54584511
6046.9000 1.53754112
6046.9500 1.52923712
6047.0000 1.52093312
6047.0500 1.51514681
6047.1000 1.51160905
6047.1500 1.50807129
6047.2000 1.50453353
6047.2500 1.50099576
6047.3000 1.49916252
6047.3500 1.50145628
6047.4000 1.50375004
6047.4500 1.50604379
6047.5000 1.50833755
6047.5500 1.51014488
6047.6000 1.50404042
6047.6500 1.49793597
6047.7000 1.49183151
6047.7500 1.48572706
6047.8000 1.4796226
6047.8500 1.48618067
6047.9000 1.49542255
6047.9500 1.50466442
6048.0000 1.5139063
6048.0500 1.52314817
6048.1000 1.52387942
6048.1500 1.5187908
6048.2000 1.51370218
6048.2500 1.50861356
6048.3000 1.50352493
6048.3500 1.49847888
6048.4000 1.49350712
6048.4500 1.48853537
6048.5000 1.48356361
6048.5500 1.47859186
6048.6000 1.47521531
6048.6500 1.48196271
6048.7000 1.48871011
6048.7500 1.49545751
6048.8000 1.50220491
6048.8500 1.50895231
6048.9000 1.50555427
6048.9500 1.50114785
6049.0000 1.49674142
6049.0500 1.492335
6049.1000 1.48792857
6049.1500 1.48842956
6049.2000 1.49119104
6049.2500 1.49395252
6049.3000 1.496714
6049.3500 1.49947547
6049.4000 1.50307263
6049.4500 1.50764586
6049.5000 1.5122191
6049.5500 1.51679233
6049.6000 1.52136556
6049.6500 1.52444073
6049.7000 1.52275734
6049.7500 1.52107395
6049.8000 1.51939057
6049.8500 1.51770718
6049.9000 1.51604034
6049.9500 1.51521921
6050.0000 1.51439808
6050.0500 1.51357695
6050.1000 1.51275582
6050.1500 1.51193469
6050.2000 1.51709962
6050.2500 1.52375619
6050.3000 1.53041275
6050.3500 1.53706932
6050.4000 1.54372589
6050.4500 1.54138162
6050.5000 1.53261057
6050.5500 1.52383952
6050.6000 1.51506847
6050.6500 1.50629742
6050.7000 1.50058065
6050.7500 1.5001116
6050.8000 1.49964255
6050.8500 1.4991735
6050.9000 1.49870445
6050.9500 1.49889101
6051.0000 1.50268068
6051.0500 1.50647036
6051.1000 1.51026003
6051.1500 1.5140497
6051.2000 1.51783937
6051.2500 1.51123015
6051.3000 1.50397555
6051.3500 1.49672094
6051.4000 1.48946634
6051.4500 1.48221173
6051.5000 1.48904708
6051.5500 1.50107378
6051.6000 1.51310047
6051.6500 1.52512716
6051.7000 1.53715385
6051.7500 1.53798167
6051.8000 1.52853508
6051.8500 1.51908848
6051.9000 1.50964189
6051.9500 1.50019529
6052.0000 1.49351491
6052.0500 1.49288161
6052.1000 1.49224832
6052.1500 1.49161502
6052.2000 1.49098172
6052.2500 1.49086075
6052.3000 1.49498067
6052.3500 1.49910058
6052.4000 1.5032205
6052.4500 1.50734041
6052.5000 1.51146032
6052.5500 1.50910226
6052.6000 1.50605054
6052.6500 1.50299883
6052.7000 1.49994711
6052.7500 1.49689539
6052.8000 1.49856818
6052.8500 1.50226242
6052.9000 1.50595666
6052.9500 1.5096509
6053.0000 1.51334514
6053.0500 1.51158457
6053.1000 1.50434712
6053.1500 1.49710967
6053.2000 1.48987222
6053.2500 1.48263477
6053.3000 1.47798779
6053.3500 1.47940802
6053.4000 1.48082826
6053.4500 1.48224849
6053.5000 1.48366872
6053.5500 1.48486902
6053.6000 1.48411192
6053.6500 1.48335482
6053.7000 1.48259772
6053.7500 1.48184062
6053.8000 1.48108351
6053.8500 1.48493595
6053.9000 1.48927573
6053.9500 1.49361551
6054.0000 1.49795529
6054.0500 1.50229507
6054.1000 1.49965456
6054.1500 1.49415372
6054.2000 1.48865288
6054.2500 1.48315204
6054.3000 1.4776512
6054.3500 1.47413453
6054.4000 1.47247997
6054.4500 1.47082542
6054.5000 1.46917087
6054.5500 1.46751631
6054.6000 1.4685757
6054.6500 1.47529818
6054.7000 1.48202067
6054.7500 1.48874315
6054.8000 1.49546564
6054.8500 1.5016922
6054.9000 1.50470437
6054.9500 1.50771655
6055.0000 1.51072872
6055.0500 1.51374089
6055.1000 1.51675307
6055.1500 1.50777618
6055.2000 1.49810054
6055.2500 1.48842491
6055.3000 1.47874927
6055.3500 1.46907363
6055.4000 1.46736825
6055.4500 1.46821061
6055.5000 1.46905298
6055.5500 1.46989534
6055.6000 1.47073771
6055.6500 1.46846859
6055.7000 1.46387319
6055.7500 1.45927779
6055.8000 1.45468238
6055.8500 1.45008698
6055.9000 1.45312172
6055.9500 1.46818131
6056.0000 1.48324089
6056.0500 1.49830048
6056.1000 1.51336007
6056.1500 1.52373345
6056.2000 1.5160213
6056.2500 1.50830916
6056.3000 1.50059701
6056.3500 1.49288486
6056.4000 1.48538701
6056.4500 1.48626118
6056.5000 1.48713536
6056.5500 1.48800953
6056.6000 1.48888371
6056.6500 1.48975788
6056.7000 1.4922993
6056.7500 1.4951449
6056.8000 1.4979905
6056.8500 1.5008361
6056.9000 1.5036817
6056.9500 1.50153204
6057.0000 1.49690013
6057.0500 1.49226821
6057.1000 1.48763629
6057.1500 1.48300437
6057.2000 1.48098998
6057.2500 1.48167879
6057.3000 1.4823676
6057.3500 1.48305641
6057.4000 1.48374522
6057.4500 1.48514205
6057.5000 1.48806124
6057.5500 1.49098043
6057.6000 1.49389962
6057.6500 1.49681882
6057.7000 1.4991012
6057.7500 1.49761412
6057.8000 1.49612703
6057.8500 1.49463994
6057.9000 1.49315285
6057.9500 1.49166576
6058.0000 1.49846611
6058.0500 1.50549481
6058.1000 1.51252352
6058.1500 1.51955223
6058.2000 1.52658094
6058.2500 1.52953509
6058.3000 1.53149232
6058.3500 1.53344956
6058.4000 1.5354068
6058.4500 1.53736404
6058.5000 1.53674386
6058.5500 1.53464383
6058.6000 1.5325438
6058.6500 1.53044377
6058.7000 1.52834373
6058.7500 1.52322626
6058.8000 1.51468792
6058.8500 1.50614959
6058.9000 1.49761125
6058.9500 1.48907292
6059.0000 1.48535073
6059.0500 1.4926723
6059.1000 1.49999387
6059.1500 1.50731544
6059.2000 1.51463701
6059.2500 1.52048503
6059.3000 1.51730014
6059.3500 1.51411525
6059.4000 1.51093036
6059.4500 1.50774546
6059.5000 1.50456057
6059.5500 1.51114128
6059.6000 1.51793738
6059.6500 1.52473348
6059.7000 1.53152958
6059.7500 1.53832568
6059.8000 1.53752649
6059.8500 1.53503938
6059.9000 1.53255228
6059.9500 1.53006517
6060.0000 1.52757806
6060.0500 1.51985508
6060.1000 1.509429
6060.1500 1.49900292
6060.2000 1.48857684
6060.2500 1.47815076
6060.3000 1.4789903
6060.3500 1.49098589
6060.4000 1.50298148
6060.4500 1.51497707
6060.5000 1.52697266
6060.5500 1.53284226
6060.6000 1.52718159
6060.6500 1.52152092
6060.7000 1.51586025
6060.7500 1.51019958
6060.8000 1.50502037
6060.8500 1.50185352
6060.9000 1.49868667
6060.9500 1.49551982
6061.0000 1.49235297
6061.0500 1.48951271
6061.1000 1.49436022
6061.1500 1.49920773
6061.2000 1.50405524
6061.2500 1.50890275
6061.3000 1.51375026
6061.3500 1.51799247
6061.4000 1.5221599
6061.4500 1.52632732
6061.5000 1.53049475
6061.5500 1.53466217
6061.6000 1.54033312
6061.6500 1.54652989
6061.7000 1.55272665
6061.7500 1.55892342
6061.8000 1.56512018
6061.8500 1.56006416
6061.9000 1.54729614
6061.9500 1.53452813
6062.0000 1.52176011
6062.0500 1.50899209
6062.1000 1.50353576
6062.1500 1.50711049
6062.2000 1.51068523
6062.2500 1.51425996
6062.3000 1.5178347
6062.3500 1.52030922
6062.4000 1.52025327
6062.4500 1.52019732
6062.5000 1.52014137
6062.5500 1.52008542
6062.6000 1.52045012
6062.6500 1.523019
6062.7000 1.52558789
6062.7500 1.52815677
6062.8000 1.53072565
6062.8500 1.53314029
6062.9000 1.52762121
6062.9500 1.52210213
6063.0000 1.51658305
6063.0500 1.51106397
6063.1000 1.50554489
6063.1500 1.51284562
6063.2000 1.52190316
6063.2500 1.5309607
6063.3000 1.54001824
6063.3500 1.54907578
6063.4000 1.5512334
6063.4500 1.55098527
6063.5000 1.55073714
6063.5500 1.55048901
6063.6000 1.55024088
6063.6500 1.54733021
6063.7000 1.54268167
6063.7500 1.53803312
6063.8000 1.53338457
6063.8500 1.52873603
6063.9000 1.52461233
6063.9500 1.5210799
6064.0000 1.51754746
6064.0500 1.51401503
6064.1000 1.5104826
6064.1500 1.50873982
6064.2000 1.51051763
6064.2500 1.51229543
6064.3000 1.51407324
6064.3500 1.51585104
6064.4000 1.51879598
6064.4500 1.52625643
6064.5000 1.53371688
6064.5500 1.54117733
6064.6000 1.54863778
6064.6500 1.55475797
6064.7000 1.54443002
6064.7500 1.53410207
6064.8000 1.52377412
6064.8500 1.51344617
6064.9000 1.50311822
6064.9500 1.505975
6065.0000 1.50957117
6065.0500 1.51316734
6065.1000 1.51676352
6065.1500 1.52035969
6065.2000 1.5176924
6065.2500 1.51365062
6065.3000 1.50960883
6065.3500 1.50556705
6065.4000 1.50152527
6065.4500 1.50709525
6065.5000 1.51688759
6065.5500 1.52667994
6065.6000 1.53647229
6065.6500 1.54626464
6065.7000 1.54260175
6065.7500 1.52883478
6065.8000 1.51506781
6065.8500 1.50130084
6065.9000 1.48753387
6065.9500 1.48307503
6066.0000 1.49003644
6066.0500 1.49699784
6066.1000 1.50395925
6066.1500 1.51092066
6066.2000 1.51735541
6066.2500 1.52271401
6066.3000 1.52807261
6066.3500 1.53343121
6066.4000 1.5387898
6066.4500 1.54154988
6066.5000 1.53451691
6066.5500 1.52748393
6066.6000 1.52045096
6066.6500 1.51341798
6066.7000 1.50706971
6066.7500 1.50744537
6066.8000 1.50782103
6066.8500 1.5081967
6066.9000 1.50857236
6066.9500 1.50894802
6067.0000 1.51027305
6067.0500 1.5116207
6067.1000 1.51296835
6067.1500 1.514316
6067.2000 1.51566365
6067.2500 1.51168941
6067.3000 1.50686781
6067.3500 1.5020462
6067.4000 1.49722459
6067.4500 1.49240298
6067.5000 1.49471288
6067.5500 1.499398
6067.6000 1.50408312
6067.6500 1.50876824
6067.7000 1.51345336
6067.7500 1.51199407
6067.8000 1.50706744
6067.8500 1.50214082
6067.9000 1.49721419
6067.9500 1.49228757
6068.0000 1.48835968
6068.0500 1.4853176
6068.1000 1.48227551
6068.1500 1.47923342
6068.2000 1.47619134
6068.2500 1.47317835
6068.3000 1.47020519
6068.3500 1.46723202
6068.4000 1.46425886
6068.4500 1.46128569
6068.5000 1.46283768
6068.5500 1.47417688
6068.6000 1.48551608
6068.6500 1.49685529
6068.7000 1.50819449
6068.7500 1.5163681
6068.8000 1.51275212
6068.8500 1.50913614
6068.9000 1.50552016
6068.9500 1.50190418
6069.0000 1.49880185
6069.0500 1.49990804
6069.1000 1.50101423
6069.1500 1.50212041
6069.2000 1.5032266
6069.2500 1.50435935
6069.3000 1.50901994
6069.3500 1.51368052
6069.4000 1.5183411
6069.4500 1.52300168
6069.5000 1.52766226
6069.5500 1.52137016
6069.6000 1.51396532
6069.6500 1.50656048
6069.7000 1.49915565
6069.7500 1.49175081
6069.8000 1.4933113
6069.8500 1.4969792
6069.9000 1.5006471
6069.9500 1.50431499
6070.0000 1.50798289
6070.0500 1.49827182
6070.1000 1.48318012
6070.1500 1.46808841
6070.2000 1.45299671
6070.2500 1.437905
6070.3000 1.43827471
6070.3500 1.44819
6070.4000 1.4581053
6070.4500 1.46802059
6070.5000 1.47793588
6070.5500 1.48606646
6070.6000 1.49258224
6070.6500 1.49909802
6070.7000 1.5056138
6070.7500 1.51212959
6070.8000 1.5158733
6070.8500 1.5159915
6070.9000 1.5161097
6070.9500 1.51622789
6071.0000 1.51634609
6071.0500 1.51759497
6071.1000 1.52100761
6071.1500 1.52442025
6071.2000 1.52783289
6071.2500 1.53124553
6071.3000 1.53363385
6071.3500 1.53302517
6071.4000 1.53241649
6071.4500 1.53180781
6071.5000 1.53119913
6071.5500 1.53080517
6071.6000 1.53147575
6071.6500 1.53214633
6071.7000 1.53281692
6071.7500 1.5334875
6071.8000 1.53390142
6071.8500 1.53146326
6071.9000 1.5290251
6071.9500 1.52658694
6072.0000 1.52414878
6072.0500 1.52171062
6072.1000 1.51340473
6072.1500 1.50509231
6072.2000 1.49677988
6072.2500 1.48846746
6072.3000 1.48015504
6072.3500 1.48540858
6072.4000 1.49189297
6072.4500 1.49837735
6072.5000 1.50486174
6072.5500 1.51134612
6072.6000 1.50937914
6072.6500 1.50575849
6072.7000 1.50213783
6072.7500 1.49851718
6072.8000 1.49489652
6072.8500 1.49841015
6072.9000 1.50420779
6072.9500 1.51000544
6073.0000 1.51580308
6073.0500 1.52160072
6073.1000 1.52094589
6073.1500 1.51725791
6073.2000 1.51356992
6073.2500 1.50988194
6073.3000 1.50619395
6073.3500 1.50459554
6073.4000 1.50436373
6073.4500 1.50413193
6073.5000 1.50390013
6073.5500 1.50366833
6073.6000 1.50408372
6073.6500 1.50507179
6073.7000 1.50605987
6073.7500 1.50704794
6073.8000 1.50803601
6073.8500 1.50899373
6073.9000 1.50991554
6073.9500 1.51083734
6074.0000 1.51175915
6074.0500 1.51268096
6074.1000 1.5126765
6074.1500 1.5112066
6074.2000 1.5097367
6074.2500 1.5082668
6074.3000 1.5067969
6074.3500 1.50684651
6074.4000 1.51015399
6074.4500 1.51346147
6074.5000 1.51676896
6074.5500 1.52007644
6074.6000 1.52406621
6074.6500 1.53009793
6074.7000 1.53612966
6074.7500 1.54216139
6074.8000 1.54819311
6074.8500 1.55258412
6074.9000 1.5497204
6074.9500 1.54685668
6075.0000 1.54399296
6075.0500 1.54112925
6075.1000 1.53892472
6075.1500 1.54155197
6075.2000 1.54417922
6075.2500 1.54680647
6075.3000 1.54943372
6075.3500 1.55128499
6075.4000 1.54036119
6075.4500 1.52943738
6075.5000 1.51851357
6075.5500 1.50758976
6075.6000 1.49666596
6075.6500 1.50226988
6075.7000 1.50793876
6075.7500 1.51360764
6075.8000 1.51927652
6075.8500 1.52494539
6075.9000 1.52067785
6075.9500 1.51573676
6076.0000 1.51079566
6076.0500 1.50585457
6076.1000 1.50091348
6076.1500 1.5059733
6076.2000 1.51241549
6076.2500 1.51885768
6076.3000 1.52529987
6076.3500 1.53174206
6076.4000 1.52446377
6076.4500 1.51421872
6076.5000 1.50397368
6076.5500 1.49372863
6076.6000 1.48348358
6076.6500 1.4786262
6076.7000 1.47540111
6076.7500 1.47217602
6076.8000 1.46895093
6076.8500 1.46572584
6076.9000 1.46832551
6076.9500 1.47325432
6077.0000 1.47818313
6077.0500 1.48311194
6077.1000 1.48804075
6077.1500 1.4862764
6077.2000 1.48110752
6077.2500 1.47593864
6077.3000 1.47076976
6077.3500 1.46560088
6077.4000 1.46527435
6077.4500 1.46800569
6077.5000 1.47073703
6077.5500 1.47346836
6077.6000 1.4761997
6077.6500 1.47532039
6077.7000 1.47165725
6077.7500 1.4679941
6077.8000 1.46433096
6077.8500 1.46066782
6077.9000 1.45867243
6077.9500 1.45822904
6078.0000 1.45778566
6078.0500 1.45734227
6078.1000 1.45689889
6078.1500 1.45927852
6078.2000 1.46480458
6078.2500 1.47033063
6078.3000 1.47585668
6078.3500 1.48138273
6078.4000 1.48504161
6078.4500 1.48621998
6078.5000 1.48739835
6078.5500 1.48857672
6078.6000 1.48975509
6078.6500 1.48915346
6078.7000 1.48573979
6078.7500 1.48232613
6078.8000 1.47891246
6078.8500 1.47549879
6078.9000 1.47396305
6078.9500 1.47595491
6079.0000 1.47794676
6079.0500 1.47993862
6079.1000 1.48193047
6079.1500 1.48134235
6079.2000 1.47497938
6079.2500 1.46861642
6079.3000 1.46225346
6079.3500 1.4558905
6079.4000 1.45175467
6079.4500 1.45358538
6079.5000 1.45541609
6079.5500 1.45724681
6079.6000 1.45907752
6079.6500 1.46298361
6079.7000 1.47359209
6079.7500 1.48420058
6079.8000 1.49480906
6079.8500 1.50541755
6079.9000 1.51177125
6079.9500 1.50138676
6080.0000 1.49100227
6080.0500 1.48061777
6080.1000 1.47023328
6080.1500 1.46137342
6080.2000 1.45992931
6080.2500 1.45848521
6080.3000 1.45704111
6080.3500 1.455597
6080.4000 1.45476657
6080.4500 1.4577056
6080.5000 1.46064463
6080.5500 1.46358366
6080.6000 1.46652269
6080.6500 1.46853553
6080.7000 1.46313768
6080.7500 1.45773983
6080.8000 1.45234197
6080.8500 1.44694412
6080.9000 1.4425074
6080.9500 1.44857841
6081.0000 1.45464942
6081.0500 1.46072044
6081.1000 1.46679145
6081.1500 1.4722829
6081.2000 1.46838363
6081.2500 1.46448436
6081.3000 1.46058509
6081.3500 1.45668582
6081.4000 1.45318559
6081.4500 1.46099777
6081.5000 1.46880996
6081.5500 1.47662215
6081.6000 1.48443434
6081.6500 1.492102
6081.7000 1.48749044
6081.7500 1.48287888
6081.8000 1.47826733
6081.8500 1.47365577
6081.9000 1.46904421
6081.9500 1.47102142
6082.0000 1.47305971
6082.0500 1.475098
6082.1000 1.47713629
6082.1500 1.47917458
6082.2000 1.47511742
6082.2500 1.47088219
6082.3000 1.46664695
6082.3500 1.46241171
6082.4000 1.45817647
6082.4500 1.45987352
6082.5000 1.4618564
6082.5500 1.46383928
6082.6000 1.46582216
6082.6500 1.46780504
6082.7000 1.46926936
6082.7500 1.47069944
6082.8000 1.47212952
6082.8500 1.4735596
6082.9000 1.47498968
6082.9500 1.47353841
6083.0000 1.47184924
6083.0500 1.47016006
6083.1000 1.46847089
6083.1500 1.46678172
6083.2000 1.46957608
6083.2500 1.47280839
6083.3000 1.4760407
6083.3500 1.47927301
6083.4000 1.48250532
6083.4500 1.48021444
6083.5000 1.47730929
6083.5500 1.47440414
6083.6000 1.47149898
6083.6500 1.46859383
6083.7000 1.46847049
6083.7500 1.46868944
6083.8000 1.46890839
6083.8500 1.46912734
6083.9000 1.46934629
6083.9500 1.46720904
6084.0000 1.46475833
6084.0500 1.46230762
6084.1000 1.45985691
6084.1500 1.4574062
6084.2000 1.46611288
6084.2500 1.47639385
6084.3000 1.48667482
6084.3500 1.49695579
6084.4000 1.50723676
6084.4500 1.50392177
6084.5000 1.49860637
6084.5500 1.49329096
6084.6000 1.48797555
6084.6500 1.48266014
6084.7000 1.47549627
6084.7500 1.46805314
6084.8000 1.46061001
6084.8500 1.45316688
6084.9000 1.44572374
6084.9500 1.45261399
6085.0000 1.46169563
6085.0500 1.47077728
6085.1000 1.47985892
6085.1500 1.48894057
6085.2000 1.48004277
6085.2500 1.46840232
6085.3000 1.45676187
6085.3500 1.44512143
6085.4000 1.43348098
6085.4500 1.43773241
6085.5000 1.44436836
6085.5500 1.45100431
6085.6000 1.45764026
6085.6500 1.4642762
6085.7000 1.46458345
6085.7500 1.46397035
6085.8000 1.46335725
6085.8500 1.46274414
6085.9000 1.46213104
6085.9500 1.455405
6086.0000 1.44783092
6086.0500 1.44025684
6086.1000 1.43268276
6086.1500 1.42510868
6086.2000 1.43666456
6086.2500 1.45070796
6086.3000 1.46475136
6086.3500 1.47879476
6086.4000 1.49283816
6086.4500 1.48942244
6086.5000 1.48392163
6086.5500 1.47842082
6086.6000 1.47292001
6086.6500 1.4674192
6086.7000 1.46475088
6086.7500 1.4623857
6086.8000 1.46002052
6086.8500 1.45765534
6086.9000 1.45529016
6086.9500 1.45322546
6087.0000 1.4511887
6087.0500 1.44915194
6087.1000 1.44711518
6087.1500 1.44507842
6087.2000 1.44001431
6087.2500 1.43471612
6087.3000 1.42941792
6087.3500 1.42411973
6087.4000 1.41882153
6087.4500 1.42306108
6087.5000 1.42787592
6087.5500 1.43269077
6087.6000 1.43750561
6087.6500 1.44232046
6087.7000 1.43950422
6087.7500 1.43636696
6087.8000 1.4332297
6087.8500 1.43009245
6087.9000 1.42695519
6087.9500 1.43302371
6088.0000 1.43930147
6088.0500 1.44557923
6088.1000 1.45185699
6088.1500 1.45813475
6088.2000 1.46832873
6088.2500 1.47853232
6088.3000 1.48873592
6088.3500 1.49893952
6088.4000 1.50866265
6088.4500 1.49351558
6088.5000 1.4783685
6088.5500 1.46322143
6088.6000 1.44807436
6088.6500 1.43364956
6088.7000 1.43570609
6088.7500 1.43776263
6088.8000 1.43981916
6088.8500 1.44187569
6088.9000 1.44439396
6088.9500 1.45337881
6089.0000 1.46236366
6089.0500 1.4713485
6089.1000 1.48033335
6089.1500 1.48740169
6089.2000 1.47576462
6089.2500 1.46412755
6089.3000 1.45249048
6089.3500 1.44085341
6089.4000 1.43132462
6089.4500 1.43713211
6089.5000 1.44293961
6089.5500 1.44874711
6089.6000 1.4545546
6089.6500 1.45870292
6089.7000 1.45347915
6089.7500 1.44825538
6089.8000 1.4430316
6089.8500 1.43780783
6089.9000 1.43378768
6089.9500 1.43519216
6090.0000 1.43659664
6090.0500 1.43800113
6090.1000 1.43940561
6090.1500 1.44208375
6090.2000 1.44942873
6090.2500 1.45677371
6090.3000 1.46411869
6090.3500 1.47146367
6090.4000 1.47580064
6090.4500 1.4710578
6090.5000 1.46631497
6090.5500 1.46157213
6090.6000 1.4568293
6090.6500 1.45262708
6090.7000 1.44978167
6090.7500 1.44693625
6090.8000 1.44409084
6090.8500 1.44124542
6090.9000 1.44008505
6090.9500 1.44246243
6091.0000 1.4448398
6091.0500 1.44721717
6091.1000 1.44959455
6091.1500 1.44986045
6091.2000 1.44640462
6091.2500 1.44294879
6091.3000 1.43949296
6091.3500 1.43603713
6091.4000 1.43400549
6091.4500 1.43408407
6091.5000 1.43416265
6091.5500 1.43424123
6091.6000 1.43431981
6091.6500 1.43532133
6091.7000 1.43747135
6091.7500 1.43962137
6091.8000 1.44177139
6091.8500 1.4439214
6091.9000 1.44588923
6091.9500 1.44766726
6092.0000 1.4494453
6092.0500 1.45122334
6092.1000 1.45300138
6092.1500 1.45299028
6092.2000 1.45142837
6092.2500 1.44986646
6092.3000 1.44830455
6092.3500 1.44674264
6092.4000 1.44898749
6092.4500 1.45395306
6092.5000 1.45891862
6092.5500 1.46388419
6092.6000 1.46884976
6092.6500 1.46923701
6092.7000 1.46696226
6092.7500 1.4646875
6092.8000 1.46241274
6092.8500 1.46013798
6092.9000 1.46035408
6092.9500 1.46172563
6093.0000 1.46309718
6093.0500 1.46446873
6093.1000 1.46584028
6093.1500 1.46355534
6093.2000 1.45995568
6093.2500 1.45635602
6093.3000 1.45275636
6093.3500 1.4491567
6093.4000 1.45000423
6093.4500 1.45203687
6093.5000 1.45406951
6093.5500 1.45610215
6093.6000 1.45813479
6093.6500 1.45380831
6093.7000 1.44831783
6093.7500 1.44282735
6093.8000 1.43733687
6093.8500 1.43184639
6093.9000 1.43156701
6093.9500 1.43184994
6094.0000 1.43213286
6094.0500 1.43241578
6094.1000 1.43269871
6094.1500 1.4255713
6094.2000 1.41814773
6094.2500 1.41072415
6094.3000 1.40330058
6094.3500 1.39626684
6094.4000 1.40642696
6094.4500 1.41658709
6094.5000 1.42674721
6094.5500 1.43690734
6094.6000 1.44611468
6094.6500 1.44498728
6094.7000 1.44385988
6094.7500 1.44273247
6094.8000 1.44160507
6094.8500 1.44155293
6094.9000 1.44767675
6094.9500 1.45380057
6095.0000 1.45992439
6095.0500 1.46604821
6095.1000 1.47102362
6095.1500 1.47177613
6095.2000 1.47252864
6095.2500 1.47328116
6095.3000 1.47403367
6095.3500 1.47113805
6095.4000 1.4589061
6095.4500 1.44667414
6095.5000 1.43444218
6095.5500 1.42221022
6095.6000 1.41527347
6095.6500 1.4181812
6095.7000 1.42108893
6095.7500 1.42399666
6095.8000 1.42690439
6095.8500 1.43071375
6095.9000 1.43576725
6095.9500 1.44082075
6096.0000 1.44587425
6096.0500 1.45092775
6096.1000 1.45248549
6096.1500 1.45043766
6096.2000 1.44838982
6096.2500 1.44634199
6096.3000 1.44429415
6096.3500 1.44142642
6096.4000 1.43792994
6096.4500 1.43443347
6096.5000 1.430937
6096.5500 1.42744053
6096.6000 1.42326464
6096.6500 1.41870881
6096.7000 1.41415298
6096.7500 1.40959714
6096.8000 1.40504131
6096.8500 1.4150253
6096.9000 1.43071037
6096.9500 1.44639544
6097.0000 1.46208051
6097.0500 1.47776558
6097.1000 1.4713636
6097.1500 1.45933521
6097.2000 1.44730682
6097.2500 1.43527843
6097.3000 1.42325004
6097.3500 1.42650455
6097.4000 1.43189732
6097.4500 1.43729008
6097.5000 1.44268285
6097.5500 1.44807561
6097.6000 1.45081462
6097.6500 1.45344071
6097.7000 1.45606681
6097.7500 1.4586929
6097.8000 1.46110939
6097.8500 1.45883294
6097.9000 1.4565565
6097.9500 1.45428006
6098.0000 1.45200361
6098.0500 1.44947964
6098.1000 1.44526887
6098.1500 1.4410581
6098.2000 1.43684733
6098.2500 1.43263655
6098.3000 1.42957072
6098.3500 1.43068969
6098.4000 1.43180866
6098.4500 1.43292764
6098.5000 1.43404661
6098.5500 1.43519385
6098.6000 1.43640601
6098.6500 1.43761816
6098.7000 1.43883032
6098.7500 1.44004247
6098.8000 1.43433678
6098.8500 1.41796688
6098.9000 1.40159698
6098.9500 1.38522708
6099.0000 1.36885718
6099.0500 1.36914778
6099.1000 1.38711185
6099.1500 1.40507591
6099.2000 1.42303998
6099.2500 1.44100404
6099.3000 1.44285683
6099.3500 1.43297951
6099.4000 1.4231022
6099.4500 1.41322488
6099.5000 1.40334757
6099.5500 1.40140497
6099.6000 1.40330444
6099.6500 1.40520391
6099.7000 1.40710338
6099.7500 1.40900284
6099.8000 1.41362547
6099.8500 1.41905929
6099.9000 1.42449311
6099.9500 1.42992693
6100.0000 1.43536076
6100.0500 1.43913557
6100.1000 1.44265996
6100.1500 1.44618436
6100.2000 1.44970876
6100.2500 1.45323315
6100.3000 1.44639067
6100.3500 1.43921511
6100.4000 1.43203955
6100.4500 1.42486399
6100.5000 1.41827809
6100.5500 1.41946259
6100.6000 1.42064709
6100.6500 1.42183158
6100.7000 1.42301608
6100.7500 1.42241204
6100.8000 1.41330845
6100.8500 1.40420485
6100.9000 1.39510125
6100.9500 1.38599766
6101.0000 1.38164086
6101.0500 1.38956284
6101.1000 1.39748482
6101.1500 1.4054068
6101.2000 1.41332878
6101.2500 1.41538683
6101.3000 1.40809404
6101.3500 1.40080125
6101.4000 1.39350846
6101.4500 1.38621568
6101.5000 1.38637168
6101.5500 1.39416761
6101.6000 1.40196353
6101.6500 1.40975946
6101.7000 1.41755538
6101.7500 1.41738475
6101.8000 1.41198162
6101.8500 1.4065785
6101.9000 1.40117537
6101.9500 1.39577225
6102.0000 1.39441298
6102.0500 1.39466461
6102.1000 1.39491623
6102.1500 1.39516786
6102.2000 1.39541949
6102.2500 1.39140392
6102.3000 1.38650395
6102.3500 1.38160399
6102.4000 1.37670402
6102.4500 1.37180406
6102.5000 1.36771698
6102.5500 1.36367887
6102.6000 1.35964075
6102.6500 1.35560264
6102.7000 1.3522506
6102.7500 1.35970757
6102.8000 1.36716453
6102.8500 1.3746215
6102.9000 1.38207847
6102.9500 1.38674811
6103.0000 1.37853168
6103.0500 1.37031524
6103.1000 1.36209881
6103.1500 1.35388237
6103.2000 1.34680358
6103.2500 1.34240933
6103.3000 1.33801507
6103.3500 1.33362081
6103.4000 1.32922656
6103.4500 1.33055196
6103.5000 1.33980519
6103.5500 1.34905843
6103.6000 1.35831166
6103.6500 1.3675649
6103.7000 1.37043171
6103.7500 1.3679064
6103.8000 1.36538109
6103.8500 1.36285578
6103.9000 1.36033047
6103.9500 1.36081002
6104.0000 1.36278997
6104.0500 1.36476991
6104.1000 1.36674985
6104.1500 1.36872979
6104.2000 1.36882467
6104.2500 1.36842863
6104.3000 1.36803258
6104.3500 1.36763654
6104.4000 1.3672405
6104.4500 1.35936347
6104.5000 1.3508487
6104.5500 1.34233393
6104.6000 1.33381916
6104.6500 1.32639503
6104.7000 1.33919556
6104.7500 1.35199608
6104.8000 1.3647966
6104.8500 1.37759713
6104.9000 1.38665326
6104.9500 1.37894106
6105.0000 1.37122887
6105.0500 1.36351668
6105.1000 1.35580449
6105.1500 1.35030886
6105.2000 1.34962074
6105.2500 1.34893261
6105.3000 1.34824449
6105.3500 1.34755637
6105.4000 1.34632044
6105.4500 1.34441566
6105.5000 1.34251087
6105.5500 1.34060609
6105.6000 1.3387013
6105.6500 1.33898201
6105.7000 1.34080301
6105.7500 1.34262401
6105.8000 1.34444501
6105.8500 1.34626601
6105.9000 1.34732833
6105.9500 1.34810227
6106.0000 1.3488762
6106.0500 1.34965014
6106.1000 1.35042408
6106.1500 1.35485199
6106.2000 1.35985398
6106.2500 1.36485596
6106.3000 1.36985794
6106.3500 1.37479747
6106.4000 1.36849983
6106.4500 1.36220218
6106.5000 1.35590453
6106.5500 1.34960689
6106.6000 1.34598059
6106.6500 1.35767342
6106.7000 1.36936625
6106.7500 1.38105909
6106.8000 1.39275192
6106.8500 1.39930679
6106.9000 1.39347007
6106.9500 1.38763334
6107.0000 1.38179662
6107.0500 1.37595989
6107.1000 1.37390974
6107.1500 1.37669108
6107.2000 1.37947243
6107.2500 1.38225378
6107.3000 1.38503512
6107.3500 1.38500621
6107.4000 1.38300256
6107.4500 1.38099891
6107.5000 1.37899526
6107.5500 1.37699161
6107.6000 1.37152595
6107.6500 1.3648242
6107.7000 1.35812245
6107.7500 1.3514207
6107.8000 1.34471894
6107.8500 1.34832189
6107.9000 1.35322268
6107.9500 1.35812348
6108.0000 1.36302427
6108.0500 1.36803152
6108.1000 1.37552602
6108.1500 1.38302052
6108.2000 1.39051501
6108.2500 1.39800951
6108.3000 1.40522871
6108.3500 1.41131583
6108.4000 1.41740295
6108.4500 1.42349007
6108.5000 1.42957718
6108.5500 1.43368861
6108.6000 1.4341603
6108.6500 1.434632
6108.7000 1.43510369
6108.7500 1.43557538
6108.8000 1.43494361
6108.8500 1.43325044
6108.9000 1.43155727
6108.9500 1.4298641
6109.0000 1.42817093
6109.0500 1.42881955
6109.1000 1.43062547
6109.1500 1.43243138
6109.2000 1.4342373
6109.2500 1.43604321
6109.3000 1.43529695
6109.3500 1.43402966
6109.4000 1.43276238
6109.4500 1.4314951
6109.5000 1.43022781
6109.5500 1.42974205
6109.6000 1.42926153
6109.6500 1.42878102
6109.7000 1.42830051
6109.7500 1.42570182
6109.8000 1.41180252
6109.8500 1.39790322
6109.9000 1.38400392
6109.9500 1.37010461
6110.0000 1.36465313
6110.0500 1.3768243
6110.1000 1.38899547
6110.1500 1.40116663
6110.2000 1.4133378
6110.2500 1.4188179
6110.3000 1.4173862
6110.3500 1.41595449
6110.4000 1.41452278
6110.4500 1.41309108
6110.5000 1.4188662
6110.5500 1.42833087
6110.6000 1.43779554
6110.6500 1.44726021
6110.7000 1.45672488
6110.7500 1.45542867
6110.8000 1.45196844
6110.8500 1.44850822
6110.9000 1.44504799
6110.9500 1.4416151
6111.0000 1.44321016
6111.0500 1.44480522
6111.1000 1.44640028
6111.1500 1.44799534
6111.2000 1.44990009
6111.2500 1.45321655
6111.3000 1.45653301
6111.3500 1.45984946
6111.4000 1.46316592
6111.4500 1.46090754
6111.5000 1.44856743
6111.5500 1.43622732
6111.6000 1.42388722
6111.6500 1.41154711
6111.7000 1.4044672
6111.7500 1.40197953
6111.8000 1.39949185
6111.8500 1.39700418
6111.9000 1.39451651
6111.9500 1.40039671
6112.0000 1.40963876
6112.0500 1.41888081
6112.1000 1.42812286
6112.1500 1.43736491
6112.2000 1.43756104
6112.2500 1.4366908
6112.3000 1.43582056
6112.3500 1.43495032
6112.4000 1.43339221
6112.4500 1.42363136
6112.5000 1.41387051
6112.5500 1.40410966
6112.6000 1.3943488
6112.6500 1.38940517
6112.7000 1.3980407
6112.7500 1.40667623
6112.8000 1.41531176
6112.8500 1.4239473
6112.9000 1.42673875
6112.9500 1.42232979
6113.0000 1.41792082
6113.0500 1.41351186
6113.1000 1.40910289
6113.1500 1.40827963
6113.2000 1.40951007
6113.2500 1.41074051
6113.3000 1.41197094
6113.3500 1.41320138
6113.4000 1.41094464
6113.4500 1.40794982
6113.5000 1.404955
6113.5500 1.40196018
6113.6000 1.3990369
6113.6500 1.40038524
6113.7000 1.40173358
6113.7500 1.40308192
6113.8000 1.40443027
6113.8500 1.40515794
6113.9000 1.40354076
6113.9500 1.40192357
6114.0000 1.40030639
6114.0500 1.3986892
6114.1000 1.39589834
6114.1500 1.39137443
6114.2000 1.38685053
6114.2500 1.38232663
6114.3000 1.37780272
6114.3500 1.37397379
6114.4000 1.37060829
6114.4500 1.36724279
6114.5000 1.36387729
6114.5500 1.36051179
6114.6000 1.36195848
6114.6500 1.36462507
6114.7000 1.36729166
6114.7500 1.36995825
6114.8000 1.37262484
6114.8500 1.37333373
6114.9000 1.37403725
6114.9500 1.37474076
6115.0000 1.37544428
6115.0500 1.37560227
6115.1000 1.3735565
6115.1500 1.37151074
6115.2000 1.36946498
6115.2500 1.36741921
6115.3000 1.36469702
6115.3500 1.36096548
6115.4000 1.35723394
6115.4500 1.3535024
6115.5000 1.34977086
6115.5500 1.35174252
6115.6000 1.35742587
6115.6500 1.36310922
6115.7000 1.36879257
6115.7500 1.37447592
6115.8000 1.37401644
6115.8500 1.37213414
6115.9000 1.37025184
6115.9500 1.36836954
6116.0000 1.36642087
6116.0500 1.36118338
6116.1000 1.3559459
6116.1500 1.35070841
6116.2000 1.34547092
6116.2500 1.34411011
6116.3000 1.35577926
6116.3500 1.36744842
6116.4000 1.37911757
6116.4500 1.39078673
6116.5000 1.39113526
6116.5500 1.37710417
6116.6000 1.36307307
6116.6500 1.34904197
6116.7000 1.33501088
6116.7500 1.3379138
6116.8000 1.34980159
6116.8500 1.36168938
6116.9000 1.37357717
6116.9500 1.38546496
6117.0000 1.3845298
6117.0500 1.38164254
6117.1000 1.37875528
6117.1500 1.37586803
6117.2000 1.37298119
6117.2500 1.37009895
6117.3000 1.3672167
6117.3500 1.36433446
6117.4000 1.36145221
6117.4500 1.35874781
6117.5000 1.35645452
6117.5500 1.35416122
6117.6000 1.35186793
6117.6500 1.34957464
6117.7000 1.35611593
6117.7500 1.37076296
6117.8000 1.38540999
6117.8500 1.40005701
6117.9000 1.41470404
6117.9500 1.41828016
6118.0000 1.41802164
6118.0500 1.41776313
6118.1000 1.41750461
6118.1500 1.41724609
6118.2000 1.4128845
6118.2500 1.40837689
6118.3000 1.40386929
6118.3500 1.39936168
6118.4000 1.39673591
6118.4500 1.40212174
6118.5000 1.40750757
6118.5500 1.41289339
6118.6000 1.41827922
6118.6500 1.41931447
6118.7000 1.41425369
6118.7500 1.40919291
6118.8000 1.40413213
6118.8500 1.39907135
6118.9000 1.39848579
6118.9500 1.40036997
6119.0000 1.40225416
6119.0500 1.40413834
6119.1000 1.40602252
6119.1500 1.41141573
6119.2000 1.41731489
6119.2500 1.42321405
6119.3000 1.42911322
6119.3500 1.4336927
6119.4000 1.4270542
6119.4500 1.4204157
6119.5000 1.41377721
6119.5500 1.40713871
6119.6000 1.40244156
6119.6500 1.40154316
6119.7000 1.40064475
6119.7500 1.39974634
6119.8000 1.39884793
6119.8500 1.3955993
6119.9000 1.39059812
6119.9500 1.38559694
6120.0000 1.38059576
6120.0500 1.37559458
6120.1000 1.37685937
6120.1500 1.37960214
6120.2000 1.38234492
6120.2500 1.38508769
6120.3000 1.38699035
6120.3500 1.37190613
6120.4000 1.35682192
6120.4500 1.34173771
6120.5000 1.32665349
6120.5500 1.31746239
6120.6000 1.3229269
6120.6500 1.32839141
6120.7000 1.33385592
6120.7500 1.33932043
6120.8000 1.34812771
6120.8500 1.35992169
6120.9000 1.37171568
6120.9500 1.38350967
6121.0000 1.39530366
6121.0500 1.39432494
6121.1000 1.38955559
6121.1500 1.38478624
6121.2000 1.3800169
6121.2500 1.37538456
6121.3000 1.37926443
6121.3500 1.3831443
6121.4000 1.38702417
6121.4500 1.39090404
6121.5000 1.39099612
6121.5500 1.38043067
6121.6000 1.36986523
6121.6500 1.35929978
6121.7000 1.34873434
6121.7500 1.34563325
6121.8000 1.34969601
6121.8500 1.35375877
6121.9000 1.35782153
6121.9500 1.3618843
6122.0000 1.35586992
6122.0500 1.34667341
6122.1000 1.33747691
6122.1500 1.32828041
6122.2000 1.31928059
6122.2500 1.3273012
6122.3000 1.3353218
6122.3500 1.34334241
6122.4000 1.35136301
6122.4500 1.35752568
6122.5000 1.35852251
6122.5500 1.35951933
6122.6000 1.36051616
6122.6500 1.36151298
6122.7000 1.35471006
6122.7500 1.34068712
6122.8000 1.32666418
6122.8500 1.31264123
6122.9000 1.29861829
6122.9500 1.30510672
6123.0000 1.3175242
6123.0500 1.32994167
6123.1000 1.34235914
6123.1500 1.35450743
6123.2000 1.35898441
6123.2500 1.36346138
6123.3000 1.36793836
6123.3500 1.37241534
6123.4000 1.37373319
6123.4500 1.36745473
6123.5000 1.36117627
6123.5500 1.35489782
6123.6000 1.34861936
6123.6500 1.33735519
6123.7000 1.32209719
6123.7500 1.30683919
6123.8000 1.2915812
6123.8500 1.2763232
6123.9000 1.28212939
6123.9500 1.29260903
6124.0000 1.30308866
6124.0500 1.3135683
6124.1000 1.32305497
6124.1500 1.32161323
6124.2000 1.3201715
6124.2500 1.31872976
6124.3000 1.31728803
6124.3500 1.31613636
6124.4000 1.31552373
6124.4500 1.3149111
6124.5000 1.31429847
6124.5500 1.31368584
6124.6000 1.31440031
6124.6500 1.31593477
6124.7000 1.31746922
6124.7500 1.31900368
6124.8000 1.32053813
6124.8500 1.31916486
6124.9000 1.3174249
6124.9500 1.31568495
6125.0000 1.31394499
6125.0500 1.31196121
6125.1000 1.30869383
6125.1500 1.30542646
6125.2000 1.30215908
6125.2500 1.2988917
6125.3000 1.30405693
6125.3500 1.32026796
6125.4000 1.33647899
6125.4500 1.35269001
6125.5000 1.36890104
6125.5500 1.36251277
6125.6000 1.34679948
6125.6500 1.33108619
6125.7000 1.3153729
6125.7500 1.29965961
6125.8000 1.29844467
6125.8500 1.29745694
6125.9000 1.29646922
6125.9500 1.2954815
6126.0000 1.29336984
6126.0500 1.28810733
6126.1000 1.28284482
6126.1500 1.27758231
6126.2000 1.2723198
6126.2500 1.27170329
6126.3000 1.27499755
6126.3500 1.2782918
6126.4000 1.28158605
6126.4500 1.28488031
6126.5000 1.27650362
6126.5500 1.26564596
6126.6000 1.2547883
6126.6500 1.24393063
6126.7000 1.23616838
6126.7500 1.25394428
6126.8000 1.27172018
6126.8500 1.28949608
6126.9000 1.30727198
6126.9500 1.31735855
6127.0000 1.31557902
6127.0500 1.31379948
6127.1000 1.31201995
6127.1500 1.31024042
6127.2000 1.31386251
6127.2500 1.32002657
6127.3000 1.32619062
6127.3500 1.33235468
6127.4000 1.33851874
6127.4500 1.3334777
6127.5000 1.32807194
6127.5500 1.32266618
6127.6000 1.31726042
6127.6500 1.31561645
6127.7000 1.32475496
6127.7500 1.33389347
6127.8000 1.34303198
6127.8500 1.35217049
6127.9000 1.3480068
6127.9500 1.33298156
6128.0000 1.31795632
6128.0500 1.30293108
6128.1000 1.28790584
6128.1500 1.29507469
6128.2000 1.30634422
6128.2500 1.31761374
6128.3000 1.32888327
6128.3500 1.33791639
6128.4000 1.3331297
6128.4500 1.32834302
6128.5000 1.32355633
6128.5500 1.31876965
6128.6000 1.31483791
6128.6500 1.31201116
6128.7000 1.3091844
6128.7500 1.30635765
6128.8000 1.30353089
6128.8500 1.31082448
6128.9000 1.32177004
6128.9500 1.3327156
6129.0000 1.34366115
6129.0500 1.35430035
6129.1000 1.35652809
6129.1500 1.35875583
6129.2000 1.36098357
6129.2500 1.36321131
6129.3000 1.35786416
6129.3500 1.33762401
6129.4000 1.31738385
6129.4500 1.2971437
6129.5000 1.27690354
6129.5500 1.27539184
6129.6000 1.28437674
6129.6500 1.29336164
6129.7000 1.30234653
6129.7500 1.31133143
6129.8000 1.31325702
6129.8500 1.31478138
6129.9000 1.31630574
6129.9500 1.31783011
6130.0000 1.31921708
6130.0500 1.32019905
6130.1000 1.32118102
6130.1500 1.32216299
6130.2000 1.32314496
6130.2500 1.32626776
6130.3000 1.33105856
6130.3500 1.33584937
6130.4000 1.34064017
6130.4500 1.34543097
6130.5000 1.34691921
6130.5500 1.34792498
6130.6000 1.34893075
6130.6500 1.34993652
6130.7000 1.34886842
6130.7500 1.33864535
6130.8000 1.32842229
6130.8500 1.31819923
6130.9000 1.30797616
6130.9500 1.30743236
6131.0000 1.3166244
6131.0500 1.32581644
6131.1000 1.33500847
6131.1500 1.34420051
6131.2000 1.33395912
6131.2500 1.3192798
6131.3000 1.30460048
6131.3500 1.28992117
6131.4000 1.27836239
6131.4500 1.28744405
6131.5000 1.29652571
6131.5500 1.30560737
6131.6000 1.31468903
6131.6500 1.31826606
6131.7000 1.31512247
6131.7500 1.31197888
6131.8000 1.30883529
6131.8500 1.3056917
6131.9000 1.30937934
6131.9500 1.31509713
6132.0000 1.32081492
6132.0500 1.32653271
6132.1000 1.33126313
6132.1500 1.32638994
6132.2000 1.32151676
6132.2500 1.31664357
6132.3000 1.31177039
6132.3500 1.30690991
6132.4000 1.30206719
6132.4500 1.29722446
6132.5000 1.29238174
6132.5500 1.28753901
6132.6000 1.28767944
6132.6500 1.28954377
6132.7000 1.29140811
6132.7500 1.29327244
6132.8000 1.29586259
6132.8500 1.30803825
6132.9000 1.32021391
6132.9500 1.33238957
6133.0000 1.34456523
6133.0500 1.34605701
6133.1000 1.33148992
6133.1500 1.31692283
6133.2000 1.30235573
6133.2500 1.28778864
6133.3000 1.29115813
6133.3500 1.30115097
6133.4000 1.3111438
6133.4500 1.32113664
6133.5000 1.32989896
6133.5500 1.32030694
6133.6000 1.31071491
6133.6500 1.30112288
6133.7000 1.29153085
6133.7500 1.28689351
6133.8000 1.28978056
6133.8500 1.2926676
6133.9000 1.29555465
6133.9500 1.29844169
6134.0000 1.3031896
6134.0500 1.30861551
6134.1000 1.31404142
6134.1500 1.31946733
6134.2000 1.3236667
6134.2500 1.31170884
6134.3000 1.29975098
6134.3500 1.28779312
6134.4000 1.27583526
6134.4500 1.26948111
6134.5000 1.27119536
6134.5500 1.27290961
6134.6000 1.27462386
6134.6500 1.27633811
6134.7000 1.2769257
6134.7500 1.27713948
6134.8000 1.27735327
6134.8500 1.27756705
6134.9000 1.27829338
6134.9500 1.28398429
6135.0000 1.2896752
6135.0500 1.29536611
6135.1000 1.30105701
6135.1500 1.30495047
6135.2000 1.3065375
6135.2500 1.30812454
6135.3000 1.30971157
6135.3500 1.3112986
6135.4000 1.30921971
6135.4500 1.30613142
6135.5000 1.30304312
6135.5500 1.29995482
6135.6000 1.29852808
6135.6500 1.308036
6135.7000 1.31754393
6135.7500 1.32705186
6135.8000 1.33655978
6135.8500 1.33860291
6135.9000 1.33260511
6135.9500 1.32660732
6136.0000 1.32060952
6136.0500 1.31461172
6136.1000 1.31468239
6136.1500 1.31597283
6136.2000 1.31726328
6136.2500 1.31855372
6136.3000 1.31587132
6136.3500 1.29575115
6136.4000 1.27563098
6136.4500 1.25551081
6136.5000 1.23539064
6136.5500 1.23063126
6136.6000 1.23894776
6136.6500 1.24726425
6136.7000 1.25558074
6136.7500 1.26389724
6136.8000 1.26022973
6136.8500 1.25517868
6136.9000 1.25012763
6136.9500 1.24507658
6137.0000 1.24267984
6137.0500 1.24805716
6137.1000 1.25343449
6137.1500 1.25881181
6137.2000 1.26418913
6137.2500 1.26739593
6137.3000 1.26923969
6137.3500 1.27108344
6137.4000 1.2729272
6137.4500 1.27477096
6137.5000 1.27036912
6137.5500 1.26581171
6137.6000 1.26125429
6137.6500 1.25669688
6137.7000 1.2564944
6137.7500 1.26478961
6137.8000 1.27308483
6137.8500 1.28138004
6137.9000 1.28967526
6137.9500 1.29154455
6138.0000 1.29070791
6138.0500 1.28987127
6138.1000 1.28903463
6138.1500 1.28839205
6138.2000 1.29031846
6138.2500 1.29224487
6138.3000 1.29417127
6138.3500 1.29609768
6138.4000 1.29079823
6138.4500 1.27624573
6138.5000 1.26169322
6138.5500 1.24714071
6138.6000 1.2325882
6138.6500 1.23683304
6138.7000 1.24553151
6138.7500 1.25422997
6138.8000 1.26292843
6138.8500 1.26929231
6138.9000 1.26502984
6138.9500 1.26076738
6139.0000 1.25650491
6139.0500 1.25224244
6139.1000 1.2448316
6139.1500 1.23488102
6139.2000 1.22493045
6139.2500 1.21497988
6139.3000 1.2050293
6139.3500 1.21717647
6139.4000 1.23102309
6139.4500 1.2448697
6139.5000 1.25871631
6139.5500 1.26805621
6139.6000 1.267145
6139.6500 1.2662338
6139.7000 1.26532259
6139.7500 1.26441139
6139.8000 1.25521704
6139.8500 1.24219382
6139.9000 1.22917061
6139.9500 1.2161474
6140.0000 1.20522376
6140.0500 1.22496165
6140.1000 1.24469953
6140.1500 1.26443741
6140.2000 1.28417529
6140.2500 1.29145733
6140.3000 1.28326761
6140.3500 1.27507789
6140.4000 1.26688818
6140.4500 1.25869846
6140.5000 1.25524072
6140.5500 1.25275471
6140.6000 1.2502687
6140.6500 1.24778269
6140.7000 1.24521528
6140.7500 1.24235058
6140.8000 1.23948589
6140.8500 1.23662119
6140.9000 1.23375649
6140.9500 1.23005951
6141.0000 1.22581231
6141.0500 1.22156511
6141.1000 1.21731791
6141.1500 1.21307071
6141.2000 1.22347793
6141.2500 1.23402165
6141.3000 1.24456538
6141.3500 1.2551091
6141.4000 1.2545089
6141.4500 1.23582172
6141.5000 1.21713454
6141.5500 1.19844735
6141.6000 1.17976017
6141.6500 1.1878124
6141.7000 1.20369835
6141.7500 1.21958431
6141.8000 1.23547027
6141.8500 1.24890378
6141.9000 1.25013116
6141.9500 1.25135854
6142.0000 1.25258592
6142.0500 1.2538133
6142.1000 1.24936049
6142.1500 1.24049703
6142.2000 1.23163358
6142.2500 1.22277013
6142.3000 1.21390667
6142.3500 1.22056132
6142.4000 1.22785885
6142.4500 1.23515639
6142.5000 1.24245392
6142.5500 1.2472696
6142.6000 1.24765863
6142.6500 1.24804765
6142.7000 1.24843668
6142.7500 1.2488257
6142.8000 1.24552461
6142.8500 1.24105811
6142.9000 1.23659161
6142.9500 1.23212512
6143.0000 1.22811249
6143.0500 1.22644019
6143.1000 1.22476789
6143.1500 1.22309558
6143.2000 1.22142328
6143.2500 1.21923264
6143.3000 1.21664551
6143.3500 1.21405839
6143.4000 1.21147126
6143.4500 1.20888413
6143.5000 1.20889614
6143.5500 1.20898169
6143.6000 1.20906724
6143.6500 1.2091528
6143.7000 1.21319194
6143.7500 1.22367967
6143.8000 1.2341674
6143.8500 1.24465513
6143.9000 1.25514286
6143.9500 1.26086154
6144.0000 1.26530777
6144.0500 1.26975401
6144.1000 1.27420024
6144.1500 1.27615063
6144.2000 1.26814288
6144.2500 1.26013514
6144.3000 1.25212739
6144.3500 1.24411964
6144.4000 1.2393775
6144.4500 1.23669576
6144.5000 1.23401401
6144.5500 1.23133227
6144.6000 1.22875692
6144.6500 1.22993027
6144.7000 1.23110362
6144.7500 1.23227697
6144.8000 1.23345032
6144.8500 1.23367224
6144.9000 1.23270162
6144.9500 1.23173099
6145.0000 1.23076036
6145.0500 1.22978973
6145.1000 1.22861161
6145.1500 1.22740018
6145.2000 1.22618874
6145.2500 1.22497731
6145.3000 1.22480752
6145.3500 1.22729958
6145.4000 1.22979165
6145.4500 1.23228371
6145.5000 1.23477578
6145.5500 1.24232091
6145.6000 1.25200512
6145.6500 1.26168933
6145.7000 1.27137354
6145.7500 1.27866491
6145.8000 1.26930098
6145.8500 1.25993705
6145.9000 1.25057312
6145.9500 1.24120918
6146.0000 1.24197624
6146.0500 1.25101967
6146.1000 1.2600631
6146.1500 1.26910653
6146.2000 1.27814996
6146.2500 1.27430237
6146.3000 1.27014932
6146.3500 1.26599626
6146.4000 1.26184321
6146.4500 1.25990622
6146.5000 1.26122432
6146.5500 1.26254243
6146.6000 1.26386053
6146.6500 1.26517863
6146.7000 1.25465944
6146.7500 1.24180045
6146.8000 1.22894146
6146.8500 1.21608247
6146.9000 1.20816034
6146.9500 1.21381982
6147.0000 1.2194793
6147.0500 1.22513878
6147.1000 1.23079826
6147.1500 1.22817262
6147.2000 1.22199527
6147.2500 1.21581792
6147.3000 1.20964057
6147.3500 1.20447434
6147.4000 1.20578587
6147.4500 1.20709741
6147.5000 1.20840894
6147.5500 1.20972047
6147.6000 1.22189422
6147.6500 1.24220199
6147.7000 1.26250977
6147.7500 1.28281754
6147.8000 1.30266501
6147.8500 1.27837961
6147.9000 1.2540942
6147.9500 1.2298088
6148.0000 1.20552339
6148.0500 1.19044979
6148.1000 1.18660976
6148.1500 1.18276973
6148.2000 1.1789297
6148.2500 1.17508967
6148.3000 1.18833087
6148.3500 1.20362918
6148.4000 1.21892749
6148.4500 1.2342258
6148.5000 1.24379914
6148.5500 1.2420686
6148.6000 1.24033806
6148.6500 1.23860752
6148.7000 1.23687698
6148.7500 1.22963381
6148.8000 1.22085021
6148.8500 1.21206661
6148.9000 1.203283
6148.9500 1.19631759
6149.0000 1.19548353
6149.0500 1.19464948
6149.1000 1.19381542
6149.1500 1.19298137
6149.2000 1.19200513
6149.2500 1.19096124
6149.3000 1.18991734
6149.3500 1.18887345
6149.4000 1.18972236
6149.4500 1.20345053
6149.5000 1.21717871
6149.5500 1.23090688
6149.6000 1.24463506
6149.6500 1.24749115
6149.7000 1.24248816
6149.7500 1.23748517
6149.8000 1.23248218
6149.8500 1.22720992
6149.9000 1.21438958
6149.9500 1.20156925
6150.0000 1.18874892
6150.0500 1.17592859
6150.1000 1.17110423
6150.1500 1.17459596
6150.2000 1.17808769
6150.2500 1.18157942
6150.3000 1.18507115
6150.3500 1.18194562
6150.4000 1.17845459
6150.4500 1.17496355
6150.5000 1.17147252
6150.5500 1.17311394
6150.6000 1.18223804
6150.6500 1.19136215
6150.7000 1.20048625
6150.7500 1.20961035
6150.8000 1.20818153
6150.8500 1.20514463
6150.9000 1.20210772
6150.9500 1.19907082
6151.0000 1.19923339
6151.0500 1.20587978
6151.1000 1.21252618
6151.1500 1.21917258
6151.2000 1.22581898
6151.2500 1.2255695
6151.3000 1.22353948
6151.3500 1.22150946
6151.4000 1.21947943
6151.4500 1.21513456
6151.5000 1.20423131
6151.5500 1.19332806
6151.6000 1.18242481
6151.6500 1.17152157
6151.7000 1.16939328
6151.7500 1.1705319
6151.8000 1.17167051
6151.8500 1.17280912
6151.9000 1.17889723
6151.9500 1.20500086
6152.0000 1.2311045
6152.0500 1.25720813
6152.1000 1.28331177
6152.1500 1.28747338
6152.2000 1.28080508
6152.2500 1.27413678
6152.3000 1.26746849
6152.3500 1.26168085
6152.4000 1.26119068
6152.4500 1.26070051
6152.5000 1.26021033
6152.5500 1.25972016
6152.6000 1.2556762
6152.6500 1.24942887
6152.7000 1.24318154
6152.7500 1.23693422
6152.8000 1.23078587
6152.8500 1.22559433
6152.9000 1.22040279
6152.9500 1.21521126
6153.0000 1.21001972
6153.0500 1.20914711
6153.1000 1.21150688
6153.1500 1.21386666
6153.2000 1.21622644
6153.2500 1.2185036
6153.3000 1.21927065
6153.3500 1.22003769
6153.4000 1.22080474
6153.4500 1.22157178
6153.5000 1.22584143
6153.5500 1.23317354
6153.6000 1.24050565
6153.6500 1.24783776
6153.7000 1.25518076
6153.7500 1.26315713
6153.8000 1.27113349
6153.8500 1.27910986
6153.9000 1.28708622
6153.9500 1.28335507
6154.0000 1.26801075
6154.0500 1.25266643
6154.1000 1.23732211
6154.1500 1.22197779
6154.2000 1.21482592
6154.2500 1.20776625
6154.3000 1.20070658
6154.3500 1.19364691
6154.4000 1.19477809
6154.4500 1.20487388
6154.5000 1.21496967
6154.5500 1.22506546
6154.6000 1.23516125
6154.6500 1.25287975
6154.7000 1.27085221
6154.7500 1.28882466
6154.8000 1.30679711
6154.8500 1.31254312
6154.9000 1.30392484
6154.9500 1.29530656
6155.0000 1.28668828
6155.0500 1.27806999
6155.1000 1.25530095
6155.1500 1.23184299
6155.2000 1.20838503
6155.2500 1.18492707
6155.3000 1.18291886
6155.3500 1.20722425
6155.4000 1.23152964
6155.4500 1.25583503
6155.5000 1.28014042
6155.5500 1.2699022
6155.6000 1.25770469
6155.6500 1.24550717
6155.7000 1.23330966
6155.7500 1.22751691
6155.8000 1.22970243
6155.8500 1.23188795
6155.9000 1.23407347
6155.9500 1.23625899
6156.0000 1.23321344
6156.0500 1.22986933
6156.1000 1.22652522
6156.1500 1.22318112
6156.2000 1.21986425
6156.2500 1.21658088
6156.3000 1.21329751
6156.3500 1.21001413
6156.4000 1.20673076
6156.4500 1.2016674
6156.5000 1.19651554
6156.5500 1.19136367
6156.6000 1.1862118
6156.6500 1.1823023
6156.7000 1.17985982
6156.7500 1.17741734
6156.8000 1.17497485
6156.8500 1.17253237
6156.9000 1.17443549
6156.9500 1.17649067
6157.0000 1.17854586
6157.0500 1.18060104
6157.1000 1.18119602
6157.1500 1.18018083
6157.2000 1.17916563
6157.2500 1.17815044
6157.3000 1.17713524
6157.3500 1.1857412
6157.4000 1.19447687
6157.4500 1.20321254
6157.5000 1.2119482
6157.5500 1.2133853
6157.6000 1.20751081
6157.6500 1.20163632
6157.7000 1.19576183
6157.7500 1.18992701
6157.8000 1.18685629
6157.8500 1.18378557
6157.9000 1.18071485
6157.9500 1.17764414
6158.0000 1.17393573
6158.0500 1.16966292
6158.1000 1.1653901
6158.1500 1.16111729
6158.2000 1.15687199
6158.2500 1.15316582
6158.3000 1.14945966
6158.3500 1.1457535
6158.4000 1.14204734
6158.4500 1.14610884
6158.5000 1.15606957
6158.5500 1.16603029
6158.6000 1.17599102
6158.6500 1.18508329
6158.7000 1.18538405
6158.7500 1.18568481
6158.8000 1.18598557
6158.8500 1.18628633
6158.9000 1.18184451
6158.9500 1.17441095
6159.0000 1.16697739
6159.0500 1.15954383
6159.1000 1.15459323
6159.1500 1.1651248
6159.2000 1.17565636
6159.2500 1.18618793
6159.3000 1.19671949
6159.3500 1.19783942
6159.4000 1.19421759
6159.4500 1.19059575
6159.5000 1.18697391
6159.5500 1.18197194
6159.6000 1.17121674
6159.6500 1.16046153
6159.7000 1.14970633
6159.7500 1.13895113
6159.8000 1.12841417
6159.8500 1.11796053
6159.9000 1.1075069
6159.9500 1.09705326
6160.0000 1.09334843
6160.0500 1.10928801
6160.1000 1.12522759
6160.1500 1.14116716
6160.2000 1.15710674
6160.2500 1.17120935
6160.3000 1.18482197
6160.3500 1.19843459
6160.4000 1.21204721
6160.4500 1.21345393
6160.5000 1.18949755
6160.5500 1.16554118
6160.6000 1.1415848
6160.6500 1.11762843
6160.7000 1.12687962
6160.7500 1.14144262
6160.8000 1.15600562
6160.8500 1.17056863
6160.9000 1.18227359
6160.9500 1.1897102
6161.0000 1.19714681
6161.0500 1.20458343
6161.1000 1.21202004
6161.1500 1.20086658
6161.2000 1.18856309
6161.2500 1.17625961
6161.3000 1.16395612
6161.3500 1.16137475
6161.4000 1.16915096
6161.4500 1.17692717
6161.5000 1.18470337
6161.5500 1.19247256
6161.6000 1.200001
6161.6500 1.20752945
6161.7000 1.21505789
6161.7500 1.22258633
6161.8000 1.21473697
6161.8500 1.19548766
6161.9000 1.17623835
6161.9500 1.15698905
6162.0000 1.14235228
6162.0500 1.16092914
6162.1000 1.179506
6162.1500 1.19808287
6162.2000 1.21665973
6162.2500 1.21761976
6162.3000 1.20995571
6162.3500 1.20229166
6162.4000 1.19462761
6162.4500 1.18712833
6162.5000 1.18020478
6162.5500 1.17328123
6162.6000 1.16635768
6162.6500 1.15943413
6162.7000 1.15119952
6162.7500 1.14258517
6162.8000 1.13397081
6162.8500 1.12535646
6162.9000 1.11886418
6162.9500 1.11667947
6163.0000 1.11449475
6163.0500 1.11231004
6163.1000 1.11012532
6163.1500 1.11909192
6163.2000 1.12948713
6163.2500 1.13988235
6163.3000 1.15027757
6163.3500 1.15275571
6163.4000 1.14534262
6163.4500 1.13792954
6163.5000 1.13051645
6163.5500 1.12309861
6163.6000 1.11461647
6163.6500 1.10613432
6163.7000 1.09765218
6163.7500 1.08917004
6163.8000 1.08931311
6163.8500 1.0960676
6163.9000 1.1028221
6163.9500 1.1095766
6164.0000 1.11404452
6164.0500 1.10313653
6164.1000 1.09222853
6164.1500 1.08132054
6164.2000 1.07041255
6164.2500 1.0827968
6164.3000 1.10542296
6164.3500 1.12804912
6164.4000 1.15067528
6164.4500 1.17039896
6164.5000 1.18192384
6164.5500 1.19344871
6164.6000 1.20497358
6164.6500 1.21649845
6164.7000 1.21088955
6164.7500 1.20177315
6164.8000 1.19265675
6164.8500 1.18354035
6164.9000 1.169506
6164.9500 1.14810827
6165.0000 1.12671055
6165.0500 1.10531283
6165.1000 1.08391511
6165.1500 1.09546154
6165.2000 1.10793751
6165.2500 1.12041347
6165.3000 1.13288944
6165.3500 1.14322009
6165.4000 1.15176996
6165.4500 1.16031983
6165.5000 1.16886969
6165.5500 1.17794131
6165.6000 1.19076636
6165.6500 1.20359142
6165.7000 1.21641648
6165.7500 1.22924154
6165.8000 1.22074093
6165.8500 1.20307492
6165.9000 1.1854089
6165.9500 1.16774289
6166.0000 1.15076894
6166.0500 1.1355877
6166.1000 1.12040645
6166.1500 1.10522521
6166.2000 1.09004397
6166.2500 1.09969638
6166.3000 1.11341198
6166.3500 1.12712758
6166.4000 1.14084317
6166.4500 1.14456654
6166.5000 1.13567571
6166.5500 1.12678488
6166.6000 1.11789404
6166.6500 1.10956989
6166.7000 1.12216228
6166.7500 1.13475468
6166.8000 1.14734707
6166.8500 1.15993947
6166.9000 1.1622636
6166.9500 1.15809147
6167.0000 1.15391933
6167.0500 1.1497472
6167.1000 1.14462919
6167.1500 1.13573651
6167.2000 1.12684384
6167.2500 1.11795116
6167.3000 1.10905848
6167.3500 1.11902609
6167.4000 1.13400723
6167.4500 1.14898836
6167.5000 1.1639695
6167.5500 1.16923125
6167.6000 1.15872747
6167.6500 1.1482237
6167.7000 1.13771992
6167.7500 1.12721614
6167.8000 1.12374369
6167.8500 1.12045516
6167.9000 1.11716662
6167.9500 1.11387809
6168.0000 1.12178602
6168.0500 1.13816124
6168.1000 1.15453646
6168.1500 1.17091168
6168.2000 1.18172282
6168.2500 1.16458675
6168.3000 1.14745068
6168.3500 1.13031461
6168.4000 1.11317854
6168.4500 1.13558753
6168.5000 1.17018286
6168.5500 1.20477819
6168.6000 1.23937353
6168.6500 1.2576769
6168.7000 1.24758524
6168.7500 1.23749358
6168.8000 1.22740192
6168.8500 1.21731025
6168.9000 1.19726057
6168.9500 1.17686555
6169.0000 1.15647053
6169.0500 1.13607551
6169.1000 1.12642202
6169.1500 1.12486708
6169.2000 1.12331213
6169.2500 1.12175718
6169.3000 1.12360569
6169.3500 1.14143723
6169.4000 1.15926877
6169.4500 1.1771003
6169.5000 1.19493184
6169.5500 1.18663441
6169.6000 1.17108409
6169.6500 1.15553377
6169.7000 1.13998345
6169.7500 1.13005469
6169.8000 1.1288576
6169.8500 1.12766052
6169.9000 1.12646343
6169.9500 1.12531556
6170.0000 1.1451275
6170.0500 1.16493944
6170.1000 1.18475138
6170.1500 1.20456333
6170.2000 1.19709401
6170.2500 1.17253065
6170.3000 1.14796729
6170.3500 1.12340394
6170.4000 1.10680187
6170.4500 1.11700634
6170.5000 1.12721081
6170.5500 1.13741528
6170.6000 1.14761975
6170.6500 1.1548306
6170.7000 1.16149207
6170.7500 1.16815355
6170.8000 1.17481502
6170.8500 1.16924342
6170.9000 1.14946402
6170.9500 1.12968463
6171.0000 1.10990524
6171.0500 1.09202632
6171.1000 1.09538593
6171.1500 1.09874555
6171.2000 1.10210517
6171.2500 1.10546478
6171.3000 1.10419544
6171.3500 1.1009739
6171.4000 1.09775237
6171.4500 1.09453083
6171.5000 1.09177453
6171.5500 1.08997854
6171.6000 1.08818254
6171.6500 1.08638654
6171.7000 1.08459055
6171.7500 1.09820586
6171.8000 1.11261332
6171.8500 1.12702078
6171.9000 1.14142824
6171.9500 1.13901065
6172.0000 1.12429016
6172.0500 1.10956968
6172.1000 1.0948492
6172.1500 1.08350414
6172.2000 1.08517724
6172.2500 1.08685033
6172.3000 1.08852343
6172.3500 1.09019652
6172.4000 1.09818727
6172.4500 1.10741797
6172.5000 1.11664867
6172.5500 1.12587937
6172.6000 1.13179101
6172.6500 1.13392561
6172.7000 1.1360602
6172.7500 1.1381948
6172.8000 1.14005852
6172.8500 1.13951879
6172.9000 1.13897907
6172.9500 1.13843934
6173.0000 1.13789962
6173.0500 1.15007617
6173.1000 1.16679977
6173.1500 1.18352338
6173.2000 1.20024698
6173.2500 1.2019305
6173.3000 1.17840637
6173.3500 1.15488224
6173.4000 1.1313581
6173.4500 1.10801018
6173.5000 1.09854696
6173.5500 1.08908373
6173.6000 1.07962051
6173.6500 1.07015728
6173.7000 1.0808715
6173.7500 1.10230129
6173.8000 1.12373109
6173.8500 1.14516089
6173.9000 1.15612663
6173.9500 1.14214622
6174.0000 1.12816581
6174.0500 1.1141854
6174.1000 1.100205
6174.1500 1.10360284
6174.2000 1.10811694
6174.2500 1.11263104
6174.3000 1.11714514
6174.3500 1.1066277
6174.4000 1.08547066
6174.4500 1.06431362
6174.5000 1.04315658
6174.5500 1.03035769
6174.6000 1.04504095
6174.6500 1.05972421
6174.7000 1.07440748
6174.7500 1.08909074
6174.8000 1.1094874
6174.8500 1.13064379
6174.9000 1.15180019
6174.9500 1.17295658
6175.0000 1.18586536
6175.0500 1.19157176
6175.1000 1.19727815
6175.1500 1.20298454
6175.2000 1.20344386
6175.2500 1.18105867
6175.3000 1.15867348
6175.3500 1.13628829
6175.4000 1.1139031
6175.4500 1.11637289
6175.5000 1.12352392
6175.5500 1.13067495
6175.6000 1.13782597
6175.6500 1.13714854
6175.7000 1.12857974
6175.7500 1.12001095
6175.8000 1.11144215
6175.8500 1.10316997
6175.9000 1.0964994
6175.9500 1.08982882
6176.0000 1.08315825
6176.0500 1.07648768
6176.1000 1.08938609
6176.1500 1.10668886
6176.2000 1.12399162
6176.2500 1.14129439
6176.3000 1.14624246
6176.3500 1.13770251
6176.4000 1.12916256
6176.4500 1.12062261
6176.5000 1.11118017
6176.5500 1.09626815
6176.6000 1.08135613
6176.6500 1.06644412
6176.7000 1.0515321
6176.7500 1.05292067
6176.8000 1.05820866
6176.8500 1.06349666
6176.9000 1.06878465
6176.9500 1.08977133
6177.0000 1.12817505
6177.0500 1.16657876
6177.1000 1.20498248
6177.1500 1.23348046
6177.2000 1.20257455
6177.2500 1.17166864
6177.3000 1.14076273
6177.3500 1.10985682
6177.4000 1.11863667
6177.4500 1.1365115
6177.5000 1.15438633
6177.5500 1.17226116
6177.6000 1.16799752
6177.6500 1.14031593
6177.7000 1.11263434
6177.7500 1.08495275
6177.8000 1.06572361
6177.8500 1.09082678
6177.9000 1.11592995
6177.9500 1.14103312
6178.0000 1.16613629
6178.0500 1.15476869
6178.1000 1.1362504
6178.1500 1.1177321
6178.2000 1.09921381
6178.2500 1.09407343
6178.3000 1.10159296
6178.3500 1.10911249
6178.4000 1.11663202
6178.4500 1.12333971
6178.5000 1.12665877
6178.5500 1.12997783
6178.6000 1.13329689
6178.6500 1.13661595
6178.7000 1.1483666
6178.7500 1.16132696
6178.8000 1.17428732
6178.8500 1.18724768
6178.9000 1.18471489
6178.9500 1.16988769
6179.0000 1.1550605
6179.0500 1.14023331
6179.1000 1.12751563
6179.1500 1.12139259
6179.2000 1.11526955
6179.2500 1.10914651
6179.3000 1.10302347
6179.3500 1.10877873
6179.4000 1.11544277
6179.4500 1.12210681
6179.5000 1.12877086
6179.5500 1.13943982
6179.6000 1.15259192
6179.6500 1.16574403
6179.7000 1.17889614
6179.7500 1.18727703
6179.8000 1.18490758
6179.8500 1.18253814
6179.9000 1.18016869
6179.9500 1.17779924
6180.0000 1.17290323
6180.0500 1.16800541
6180.1000 1.16310758
6180.1500 1.15820976
6180.2000 1.15945081
6180.2500 1.16341202
6180.3000 1.16737322
6180.3500 1.17133443
6180.4000 1.16467531
6180.4500 1.14129203
6180.5000 1.11790874
6180.5500 1.09452545
6180.6000 1.07376139
6180.6500 1.08097488
6180.7000 1.08818836
6180.7500 1.09540185
6180.8000 1.10261534
6180.8500 1.11351858
6180.9000 1.12543484
6180.9500 1.13735109
6181.0000 1.14926734
6181.0500 1.15030453
6181.1000 1.13980628
6181.1500 1.12930803
6181.2000 1.11880978
6181.2500 1.11352824
6181.3000 1.13079347
6181.3500 1.1480587
6181.4000 1.16532393
6181.4500 1.18258916
6181.5000 1.15342217
6181.5500 1.11864586
6181.6000 1.08386955
6181.6500 1.04909324
6181.7000 1.05934114
6181.7500 1.09981753
6181.8000 1.14029393
6181.8500 1.18077032
6181.9000 1.20741089
6181.9500 1.20269816
6182.0000 1.19798544
6182.0500 1.19327271
6182.1000 1.18910015
6182.1500 1.21852676
6182.2000 1.24795337
6182.2500 1.27737998
6182.3000 1.30680658
6182.3500 1.30547766
6182.4000 1.29261385
6182.4500 1.27975004
6182.5000 1.26688623
6182.5500 1.2561308
6182.6000 1.24805389
6182.6500 1.23997697
6182.7000 1.23190006
6182.7500 0
6182.8000 0
6182.8500 0
6182.9000 0
6182.9500 0
