4693.0500 3.05052427
4693.1000 2.98011415
4693.1500 2.91250911
4693.2000 2.84490407
4693.2500 2.77729903
4693.3000 2.78596738
4693.3500 2.97113584
4693.4000 3.15630429
4693.4500 3.34147275
4693.5000 3.52664121
4693.5500 3.48071784
4693.6000 3.38593369
4693.6500 3.29114955
4693.7000 3.1963654
4693.7500 3.16969215
4693.8000 3.26939907
4693.8500 3.36910598
4693.9000 3.4688129
4693.9500 3.56851981
4694.0000 3.54008427
4694.0500 3.49350072
4694.1000 3.44691718
4694.1500 3.40033364
4694.2000 3.35229703
4694.2500 3.30210519
4694.3000 3.25191336
4694.3500 3.20172152
4694.4000 3.15152969
4694.4500 3.08159084
4694.5000 3.01017645
4694.5500 2.93876206
4694.6000 2.86734766
4694.6500 2.86633785
4694.7000 2.94822451
4694.7500 3.03011116
4694.8000 3.11199782
4694.8500 3.19388448
4694.9000 3.20042535
4694.9500 3.20613245
4695.0000 3.21183955
4695.0500 3.21754665
4695.1000 3.18393776
4695.1500 3.11401802
4695.2000 3.04409827
4695.2500 2.97417853
4695.3000 2.91514515
4695.3500 3.05580731
4695.4000 3.19646946
4695.4500 3.33713162
4695.5000 3.47779378
4695.5500 3.57040661
4695.6000 3.62886867
4695.6500 3.68733073
4695.7000 3.74579279
4695.7500 3.78796966
4695.8000 3.70889013
4695.8500 3.62981059
4695.9000 3.55073106
4695.9500 3.47165153
4696.0000 3.42974617
4696.0500 3.40757052
4696.1000 3.38539486
4696.1500 3.36321921
4696.2000 3.3384641
4696.2500 3.30265323
4696.3000 3.26684237
4696.3500 3.2310315
4696.4000 3.19522064
4696.4500 3.16754
4696.5000 3.1429264
4696.5500 3.1183128
4696.6000 3.0936992
4696.6500 3.12524698
4696.7000 3.3133468
4696.7500 3.50144661
4696.8000 3.68954643
4696.8500 3.87764625
4696.9000 3.90197278
4696.9500 3.88611484
4697.0000 3.8702569
4697.0500 3.85439896
4697.1000 3.81704533
4697.1500 3.7385085
4697.2000 3.65997166
4697.2500 3.58143483
4697.3000 3.50289799
4697.3500 3.55064945
4697.4000 3.61498187
4697.4500 3.67931429
4697.5000 3.74364671
4697.5500 3.77773558
4697.6000 3.77106679
4697.6500 3.764398
4697.7000 3.7577292
4697.7500 3.75106041
4697.8000 3.85443404
4697.8500 3.96132871
4697.9000 4.06822337
4697.9500 4.17511803
4698.0000 4.14310355
4698.0500 3.97924887
4698.1000 3.81539419
4698.1500 3.6515395
4698.2000 3.50548712
4698.2500 3.64784591
4698.3000 3.7902047
4698.3500 3.93256349
4698.4000 4.07492228
4698.4500 4.11467571
4698.5000 4.08722642
4698.5500 4.05977712
4698.6000 4.03232782
4698.6500 4.01169807
4698.7000 4.0292999
4698.7500 4.04690172
4698.8000 4.06450355
4698.8500 4.08210537
4698.9000 4.08092694
4698.9500 4.07168175
4699.0000 4.06243656
4699.0500 4.05319137
4699.1000 4.04486438
4699.1500 4.03931103
4699.2000 4.03375769
4699.2500 4.02820435
4699.3000 4.022651
4699.3500 4.00910096
4699.4000 3.99353818
4699.4500 3.97797541
4699.5000 3.96241263
4699.5500 3.93382349
4699.6000 3.88105842
4699.6500 3.82829335
4699.7000 3.77552828
4699.7500 3.72276321
4699.8000 3.73240383
4699.8500 3.74879322
4699.9000 3.76518262
4699.9500 3.78157201
4700.0000 3.77980579
4700.0500 3.75635393
4700.1000 3.73290207
4700.1500 3.70945021
4700.2000 3.68677982
4700.2500 3.74135422
4700.3000 3.79592862
4700.3500 3.85050302
4700.4000 3.90507742
4700.4500 3.91521747
4700.5000 3.89119725
4700.5500 3.86717704
4700.6000 3.84315683
4700.6500 3.81719633
4700.7000 3.77723782
4700.7500 3.7372793
4700.8000 3.69732079
4700.8500 3.65736227
4700.9000 3.66179813
4700.9500 3.68720792
4701.0000 3.7126177
4701.0500 3.73802749
4701.1000 3.74965359
4701.1500 3.71704601
4701.2000 3.68443843
4701.2500 3.65183085
4701.3000 3.61922327
4701.3500 3.61374823
4701.4000 3.615182
4701.4500 3.61661578
4701.5000 3.61804956
4701.5500 3.61265499
4701.6000 3.59499097
4701.6500 3.57732694
4701.7000 3.55966292
4701.7500 3.54199889
4701.8000 3.50096182
4701.8500 3.45786682
4701.9000 3.41477182
4701.9500 3.37167683
4702.0000 3.36034196
4702.0500 3.38318814
4702.1000 3.40603432
4702.1500 3.4288805
4702.2000 3.45118946
4702.2500 3.46216135
4702.3000 3.47313324
4702.3500 3.48410513
4702.4000 3.49507702
4702.4500 3.49253645
4702.5000 3.48135226
4702.5500 3.47016806
4702.6000 3.45898387
4702.6500 3.44628115
4702.7000 3.42644658
4702.7500 3.406612
4702.8000 3.38677743
4702.8500 3.36694286
4702.9000 3.34843818
4702.9500 3.33039533
4703.0000 3.31235247
4703.0500 3.29430962
4703.1000 3.28491551
4703.1500 3.294773
4703.2000 3.3046305
4703.2500 3.31448799
4703.3000 3.32434548
4703.3500 3.38610353
4703.4000 3.45502191
4703.4500 3.52394029
4703.5000 3.59285867
4703.5500 3.61271643
4703.6000 3.57226534
4703.6500 3.53181425
4703.7000 3.49136316
4703.7500 3.45159914
4703.8000 3.44651228
4703.8500 3.44142542
4703.9000 3.43633856
4703.9500 3.4312517
4704.0000 3.42992362
4704.0500 3.43119338
4704.1000 3.43246313
4704.1500 3.43373289
4704.2000 3.43793222
4704.2500 3.45703837
4704.3000 3.47614452
4704.3500 3.49525067
4704.4000 3.51435681
4704.4500 3.53398916
4704.5000 3.55380811
4704.5500 3.57362705
4704.6000 3.593446
4704.6500 3.57193139
4704.7000 3.45978886
4704.7500 3.34764633
4704.8000 3.2355038
4704.8500 3.12336127
4704.9000 3.1833355
4704.9500 3.2647405
4705.0000 3.34614551
4705.0500 3.42755051
4705.1000 3.46594875
4705.1500 3.45513674
4705.2000 3.44432473
4705.2500 3.43351272
4705.3000 3.4209038
4705.3500 3.36970971
4705.4000 3.31851563
4705.4500 3.26732154
4705.5000 3.21612745
4705.5500 3.2340694
4705.6000 3.29372835
4705.6500 3.35338731
4705.7000 3.41304626
4705.7500 3.45216579
4705.8000 3.41108761
4705.8500 3.37000943
4705.9000 3.32893125
4705.9500 3.28785307
4706.0000 3.28849903
4706.0500 3.30056222
4706.1000 3.31262541
4706.1500 3.3246886
4706.2000 3.33995211
4706.2500 3.36072459
4706.3000 3.38149708
4706.3500 3.40226957
4706.4000 3.42304205
4706.4500 3.43394751
4706.5000 3.44434252
4706.5500 3.45473753
4706.6000 3.46513254
4706.6500 3.46421014
4706.7000 3.45345936
4706.7500 3.44270858
4706.8000 3.4319578
4706.8500 3.42568487
4706.9000 3.45204791
4706.9500 3.47841096
4707.0000 3.50477401
4707.0500 3.53113706
4707.1000 3.49830689
4707.1500 3.44096218
4707.2000 3.38361746
4707.2500 3.32627275
4707.3000 3.30099644
4707.3500 3.35247678
4707.4000 3.40395713
4707.4500 3.45543747
4707.5000 3.50691781
4707.5500 3.49358255
4707.6000 3.47168092
4707.6500 3.44977929
4707.7000 3.42787766
4707.7500 3.40604412
4707.8000 3.38428647
4707.8500 3.36252882
4707.9000 3.34077117
4707.9500 3.31856166
4708.0000 3.28969678
4708.0500 3.2608319
4708.1000 3.23196702
4708.1500 3.20310214
4708.2000 3.24767988
4708.2500 3.33088792
4708.3000 3.41409597
4708.3500 3.49730402
4708.4000 3.53682181
4708.4500 3.44392557
4708.5000 3.35102933
4708.5500 3.25813309
4708.6000 3.16523685
4708.6500 3.15249395
4708.7000 3.15480007
4708.7500 3.15710618
4708.8000 3.15941229
4708.8500 3.14702554
4708.9000 3.11569493
4708.9500 3.08436432
4709.0000 3.05303371
4709.0500 3.02488076
4709.1000 3.09058733
4709.1500 3.1562939
4709.2000 3.22200047
4709.2500 3.28770704
4709.3000 3.29186679
4709.3500 3.25983901
4709.4000 3.22781122
4709.4500 3.19578344
4709.5000 3.17696612
4709.5500 3.20293549
4709.6000 3.22890486
4709.6500 3.25487423
4709.7000 3.2808436
4709.7500 3.32782309
4709.8000 3.37920157
4709.8500 3.43058005
4709.9000 3.48195853
4709.9500 3.48726036
4710.0000 3.43073702
4710.0500 3.37421367
4710.1000 3.31769033
4710.1500 3.26242071
4710.2000 3.25031026
4710.2500 3.23819982
4710.3000 3.22608937
4710.3500 3.21397893
4710.4000 3.21282209
4710.4500 3.21808484
4710.5000 3.22334758
4710.5500 3.22861033
4710.6000 3.22424586
4710.6500 3.18833259
4710.7000 3.15241931
4710.7500 3.11650604
4710.8000 3.08059276
4710.8500 3.10301165
4710.9000 3.13669225
4710.9500 3.17037285
4711.0000 3.20405345
4711.0500 3.24054043
4711.1000 3.28054728
4711.1500 3.32055412
4711.2000 3.36056096
4711.2500 3.39818098
4711.3000 3.39054548
4711.3500 3.38290997
4711.4000 3.37527447
4711.4500 3.36763896
4711.5000 3.39299101
4711.5500 3.43551558
4711.6000 3.47804016
4711.6500 3.52056473
4711.7000 3.53755426
4711.7500 3.48417321
4711.8000 3.43079217
4711.8500 3.37741113
4711.9000 3.32403008
4711.9500 3.31661646
4712.0000 3.3157146
4712.0500 3.31481273
4712.1000 3.31391086
4712.1500 3.31948056
4712.2000 3.33187705
4712.2500 3.34427354
4712.3000 3.35667004
4712.3500 3.36909658
4712.4000 3.38179833
4712.4500 3.39450008
4712.5000 3.40720184
4712.5500 3.41990359
4712.6000 3.42767104
4712.6500 3.43343557
4712.7000 3.4392001
4712.7500 3.44496462
4712.8000 3.43594678
4712.8500 3.3962534
4712.9000 3.35656002
4712.9500 3.31686664
4713.0000 3.27717326
4713.0500 3.33694081
4713.1000 3.40303883
4713.1500 3.46913685
4713.2000 3.53523487
4713.2500 3.53051381
4713.3000 3.46928441
4713.3500 3.40805501
4713.4000 3.34682561
4713.4500 3.2932797
4713.5000 3.27638756
4713.5500 3.25949542
4713.6000 3.24260328
4713.6500 3.22571114
4713.7000 3.23981537
4713.7500 3.26208676
4713.8000 3.28435815
4713.8500 3.30662953
4713.9000 3.32204088
4713.9500 3.32760853
4714.0000 3.33317618
4714.0500 3.33874382
4714.1000 3.34344111
4714.1500 3.32091745
4714.2000 3.2983938
4714.2500 3.27587014
4714.3000 3.25334648
4714.3500 3.22978808
4714.4000 3.20567823
4714.4500 3.18156838
4714.5000 3.15745853
4714.5500 3.14983998
4714.6000 3.18574849
4714.6500 3.221657
4714.7000 3.25756552
4714.7500 3.29347403
4714.8000 3.31098992
4714.8500 3.32642272
4714.9000 3.34185553
4714.9500 3.35728833
4715.0000 3.35226774
4715.0500 3.32857983
4715.1000 3.30489193
4715.1500 3.28120402
4715.2000 3.26055021
4715.2500 3.25729966
4715.3000 3.25404911
4715.3500 3.25079857
4715.4000 3.24754802
4715.4500 3.25733238
4715.5000 3.27089763
4715.5500 3.28446288
4715.6000 3.29802813
4715.6500 3.30900613
4715.7000 3.31615024
4715.7500 3.32329435
4715.8000 3.33043846
4715.8500 3.33701107
4715.9000 3.32616468
4715.9500 3.31531829
4716.0000 3.3044719
4716.0500 3.29362552
4716.1000 3.29526528
4716.1500 3.30328932
4716.2000 3.31131337
4716.2500 3.31933741
4716.3000 3.32244491
4716.3500 3.3136694
4716.4000 3.30489389
4716.4500 3.29611838
4716.5000 3.28734287
4716.5500 3.2499931
4716.6000 3.21031694
4716.6500 3.17064077
4716.7000 3.13096461
4716.7500 3.1240555
4716.8000 3.14311851
4716.8500 3.16218152
4716.9000 3.18124454
4716.9500 3.20035953
4717.0000 3.21969323
4717.0500 3.23902693
4717.1000 3.25836063
4717.1500 3.27769434
4717.2000 3.28755511
4717.2500 3.29543858
4717.3000 3.30332205
4717.3500 3.31120552
4717.4000 3.30569828
4717.4500 3.28470132
4717.5000 3.26370437
4717.5500 3.24270741
4717.6000 3.22671755
4717.6500 3.25525502
4717.7000 3.28379249
4717.7500 3.31232996
4717.8000 3.34086743
4717.8500 3.33548366
4717.9000 3.31815565
4717.9500 3.30082765
4718.0000 3.28349964
4718.0500 3.28391793
4718.1000 3.31339472
4718.1500 3.34287152
4718.2000 3.37234831
4718.2500 3.40079982
4718.3000 3.37851107
4718.3500 3.35622233
4718.4000 3.33393359
4718.4500 3.31164484
4718.5000 3.29279085
4718.5500 3.2756942
4718.6000 3.25859755
4718.6500 3.24150091
4718.7000 3.23515943
4718.7500 3.25340204
4718.8000 3.27164465
4718.8500 3.28988726
4718.9000 3.30812987
4718.9500 3.28441763
4719.0000 3.25841458
4719.0500 3.23241152
4719.1000 3.20640846
4719.1500 3.20626563
4719.2000 3.22385788
4719.2500 3.24145013
4719.3000 3.25904238
4719.3500 3.2705913
4719.4000 3.26292212
4719.4500 3.25525295
4719.5000 3.24758378
4719.5500 3.23991461
4719.6000 3.24085297
4719.6500 3.24289497
4719.7000 3.24493697
4719.7500 3.24697896
4719.8000 3.24379341
4719.8500 3.23605622
4719.9000 3.22831903
4719.9500 3.22058185
4720.0000 3.21202676
4720.0500 3.19984072
4720.1000 3.18765468
4720.1500 3.17546864
4720.2000 3.16328261
4720.2500 3.1718921
4720.3000 3.1846344
4720.3500 3.19737671
4720.4000 3.21011902
4720.4500 3.20242278
4720.5000 3.17308121
4720.5500 3.14373965
4720.6000 3.11439809
4720.6500 3.09053548
4720.7000 3.10084032
4720.7500 3.11114517
4720.8000 3.12145002
4720.8500 3.13175486
4720.9000 3.13771591
4720.9500 3.14253486
4721.0000 3.1473538
4721.0500 3.15217275
4721.1000 3.14848337
4721.1500 3.13424729
4721.2000 3.12001122
4721.2500 3.10577514
4721.3000 3.09047332
4721.3500 3.06581947
4721.4000 3.04116561
4721.4500 3.01651176
4721.5000 2.9918579
4721.5500 3.00321089
4721.6000 3.02598616
4721.6500 3.04876144
4721.7000 3.07153671
4721.7500 3.07714242
4721.8000 3.05875645
4721.8500 3.04037047
4721.9000 3.0219845
4721.9500 3.00114735
4722.0000 2.95058271
4722.0500 2.90001807
4722.1000 2.84945342
4722.1500 2.79888878
4722.2000 2.81691755
4722.2500 2.8595118
4722.3000 2.90210606
4722.3500 2.94470031
4722.4000 2.98034912
4722.4500 3.00547166
4722.5000 3.0305942
4722.5500 3.05571673
4722.6000 3.07824958
4722.6500 3.06009015
4722.7000 3.04193073
4722.7500 3.0237713
4722.8000 3.00561188
4722.8500 3.01218936
4722.9000 3.0282333
4722.9500 3.04427723
4723.0000 3.06032117
4723.0500 3.05998499
4723.1000 3.03378129
4723.1500 3.00757758
4723.2000 2.98137387
4723.2500 2.95698636
4723.3000 2.9648618
4723.3500 2.97273724
4723.4000 2.98061267
4723.4500 2.98848811
4723.5000 3.00096041
4723.5500 3.01522072
4723.6000 3.02948103
4723.6500 3.04374134
4723.7000 3.05057364
4723.7500 3.04567578
4723.8000 3.04077792
4723.8500 3.03588005
4723.9000 3.03191788
4723.9500 3.04356015
4724.0000 3.05520241
4724.0500 3.06684468
4724.1000 3.07848695
4724.1500 3.06198837
4724.2000 3.03489658
4724.2500 3.0078048
4724.3000 2.98071301
4724.3500 2.97117882
4724.4000 2.98825142
4724.4500 3.00532402
4724.5000 3.02239662
4724.5500 3.04035172
4724.6000 3.0700892
4724.6500 3.09982668
4724.7000 3.12956416
4724.7500 3.15930164
4724.8000 3.17042304
4724.8500 3.17510206
4724.9000 3.17978107
4724.9500 3.18446009
4725.0000 3.17948551
4725.0500 3.16102692
4725.1000 3.14256834
4725.1500 3.12410975
4725.2000 3.10764323
4725.2500 3.11068781
4725.3000 3.11373239
4725.3500 3.11677697
4725.4000 3.11982156
4725.4500 3.11772762
4725.5000 3.11409145
4725.5500 3.11045528
4725.6000 3.1068191
4725.6500 3.10672248
4725.7000 3.11100904
4725.7500 3.1152956
4725.8000 3.11958216
4725.8500 3.1224935
4725.9000 3.11581892
4725.9500 3.10914434
4726.0000 3.10246977
4726.0500 3.09579519
4726.1000 3.07602031
4726.1500 3.05307745
4726.2000 3.03013459
4726.2500 3.00719172
4726.3000 3.00525969
4726.3500 3.02553404
4726.4000 3.0458084
4726.4500 3.06608275
4726.5000 3.08588115
4726.5500 3.10332523
4726.6000 3.12076931
4726.6500 3.13821339
4726.7000 3.15565747
4726.7500 3.11891714
4726.8000 3.07270979
4726.8500 3.02650244
4726.9000 2.9802951
4726.9500 2.9685492
4727.0000 2.98669951
4727.0500 3.00484982
4727.1000 3.02300013
4727.1500 3.03438983
4727.2000 3.02191707
4727.2500 3.00944432
4727.3000 2.99697156
4727.3500 2.98449881
4727.4000 2.975708
4727.4500 2.96729397
4727.5000 2.95887993
4727.5500 2.9504659
4727.6000 2.94994365
4727.6500 2.95480038
4727.7000 2.95965712
4727.7500 2.96451385
4727.8000 2.96612988
4727.8500 2.9595467
4727.9000 2.95296352
4727.9500 2.94638033
4728.0000 2.93979715
4728.0500 2.96872656
4728.1000 2.99864177
4728.1500 3.02855699
4728.2000 3.0584722
4728.2500 3.06979569
4728.3000 3.07170303
4728.3500 3.07361038
4728.4000 3.07551772
4728.4500 3.07058593
4728.5000 3.05326715
4728.5500 3.03594837
4728.6000 3.0186296
4728.6500 3.00262999
4728.7000 3.01237479
4728.7500 3.02211958
4728.8000 3.03186437
4728.8500 3.04160917
4728.9000 3.04569809
4728.9500 3.04782935
4729.0000 3.04996061
4729.0500 3.05209187
4729.1000 3.05802836
4729.1500 3.06884525
4729.2000 3.07966215
4729.2500 3.09047904
4729.3000 3.09875026
4729.3500 3.09063255
4729.4000 3.08251484
4729.4500 3.07439714
4729.5000 3.06627943
4729.5500 3.04523975
4729.6000 3.02158885
4729.6500 2.99793794
4729.7000 2.97428703
4729.7500 2.96749998
4729.8000 2.97564077
4729.8500 2.98378156
4729.9000 2.99192235
4729.9500 2.99952579
4730.0000 3.00533144
4730.0500 3.0111371
4730.1000 3.01694275
4730.1500 3.02274841
4730.2000 3.0105967
4730.2500 2.99711172
4730.3000 2.98362675
4730.3500 2.97014177
4730.4000 2.98088097
4730.4500 3.0056789
4730.5000 3.03047683
4730.5500 3.05527476
4730.6000 3.0595184
4730.6500 3.02309916
4730.7000 2.98667992
4730.7500 2.95026067
4730.8000 2.9157519
4730.8500 2.92725846
4730.9000 2.93876501
4730.9500 2.95027156
4731.0000 2.96177812
4731.0500 2.97266324
4731.1000 2.98333575
4731.1500 2.99400826
4731.2000 3.00468077
4731.2500 3.01882417
4731.3000 3.03718576
4731.3500 3.05554735
4731.4000 3.07390893
4731.4500 3.08730696
4731.5000 3.07442026
4731.5500 3.06153357
4731.6000 3.04864688
4731.6500 3.03576018
4731.7000 3.00922736
4731.7500 2.98060835
4731.8000 2.95198934
4731.8500 2.92337034
4731.9000 2.91343113
4731.9500 2.91718273
4732.0000 2.92093434
4732.0500 2.92468595
4732.1000 2.93331208
4732.1500 2.95399849
4732.2000 2.97468491
4732.2500 2.99537132
4732.3000 3.01605774
4732.3500 3.01871981
4732.4000 3.0213771
4732.4500 3.02403438
4732.5000 3.02669167
4732.5500 2.99432991
4732.6000 2.94785454
4732.6500 2.90137916
4732.7000 2.85490379
4732.7500 2.84209518
4732.8000 2.87448854
4732.8500 2.9068819
4732.9000 2.93927526
4732.9500 2.9656277
4733.0000 2.95551338
4733.0500 2.94539905
4733.1000 2.93528473
4733.1500 2.9251704
4733.2000 2.94755559
4733.2500 2.9752986
4733.3000 3.00304161
4733.3500 3.03078463
4733.4000 3.03268633
4733.4500 3.01556212
4733.5000 2.99843791
4733.5500 2.9813137
4733.6000 2.96268825
4733.6500 2.94046726
4733.7000 2.91824628
4733.7500 2.89602529
4733.8000 2.87458462
4733.8500 2.90707884
4733.9000 2.93957306
4733.9500 2.97206729
4734.0000 3.00456151
4734.0500 3.00617839
4734.1000 2.99666808
4734.1500 2.98715777
4734.2000 2.97764746
4734.2500 2.96854916
4734.3000 2.95994032
4734.3500 2.95133147
4734.4000 2.94272262
4734.4500 2.93573225
4734.5000 2.93610869
4734.5500 2.93648513
4734.6000 2.93686157
4734.6500 2.93723801
4734.7000 2.91430084
4734.7500 2.88889706
4734.8000 2.86349327
4734.8500 2.83808949
4734.9000 2.84319105
4734.9500 2.86623619
4735.0000 2.88928134
4735.0500 2.91232648
4735.1000 2.92538052
4735.1500 2.92036705
4735.2000 2.91535358
4735.2500 2.91034011
4735.3000 2.90509766
4735.3500 2.89734658
4735.4000 2.8895955
4735.4500 2.88184442
4735.5000 2.87409334
4735.5500 2.86535665
4735.6000 2.85639225
4735.6500 2.84742786
4735.7000 2.83846346
4735.7500 2.84719121
4735.8000 2.87086062
4735.8500 2.89453002
4735.9000 2.91819942
4735.9500 2.92834133
4736.0000 2.90247364
4736.0500 2.87660596
4736.1000 2.85073827
4736.1500 2.82509514
4736.2000 2.84291784
4736.2500 2.86074055
4736.3000 2.87856325
4736.3500 2.89638596
4736.4000 2.90005219
4736.4500 2.89870117
4736.5000 2.89735016
4736.5500 2.89599914
4736.6000 2.90021536
4736.6500 2.91064332
4736.7000 2.92107128
4736.7500 2.93149924
4736.8000 2.93767912
4736.8500 2.9276917
4736.9000 2.91770427
4736.9500 2.90771684
4737.0000 2.89772941
4737.0500 2.90026506
4737.1000 2.90353448
4737.1500 2.90680389
4737.2000 2.9100733
4737.2500 2.92514611
4737.3000 2.94571373
4737.3500 2.96628134
4737.4000 2.98684896
4737.4500 2.98612746
4737.5000 2.95614795
4737.5500 2.92616844
4737.6000 2.89618893
4737.6500 2.8684281
4737.7000 2.85221821
4737.7500 2.83600832
4737.8000 2.81979842
4737.8500 2.80358853
4737.9000 2.847608
4737.9500 2.89815536
4738.0000 2.94870272
4738.0500 2.99925009
4738.1000 3.0024996
4738.1500 2.97965217
4738.2000 2.95680474
4738.2500 2.9339573
4738.3000 2.91895128
4738.3500 2.91632523
4738.4000 2.91369919
4738.4500 2.91107315
4738.5000 2.90943898
4738.5500 2.91431258
4738.6000 2.91918618
4738.6500 2.92405978
4738.7000 2.92893338
4738.7500 2.91935905
4738.8000 2.90777467
4738.8500 2.8961903
4738.9000 2.88460592
4738.9500 2.88412188
4739.0000 2.89030906
4739.0500 2.89649624
4739.1000 2.90268342
4739.1500 2.90383297
4739.2000 2.89649596
4739.2500 2.88915894
4739.3000 2.88182193
4739.3500 2.87740251
4739.4000 2.89407806
4739.4500 2.91075362
4739.5000 2.92742918
4739.5500 2.94410474
4739.6000 2.92954921
4739.6500 2.91039488
4739.7000 2.89124055
4739.7500 2.87208623
4739.8000 2.86373733
4739.8500 2.8619291
4739.9000 2.86012087
4739.9500 2.85831264
4740.0000 2.86093153
4740.0500 2.87091796
4740.1000 2.88090439
4740.1500 2.89089082
4740.2000 2.89989469
4740.2500 2.9022587
4740.3000 2.9046227
4740.3500 2.9069867
4740.4000 2.9093507
4740.4500 2.92579975
4740.5000 2.94410435
4740.5500 2.96240896
4740.6000 2.98071357
4740.6500 2.97559289
4740.7000 2.95726252
4740.7500 2.93893215
4740.8000 2.92060179
4740.8500 2.90538102
4740.9000 2.89489542
4740.9500 2.88440981
4741.0000 2.87392421
4741.0500 2.86514758
4741.1000 2.86572344
4741.1500 2.86629929
4741.2000 2.86687515
4741.2500 2.86745101
4741.3000 2.88592209
4741.3500 2.90608248
4741.4000 2.92624286
4741.4500 2.94640324
4741.5000 2.94541344
4741.5500 2.93419971
4741.6000 2.92298599
4741.6500 2.91177226
4741.7000 2.89768372
4741.7500 2.87987114
4741.8000 2.86205856
4741.8500 2.84424599
4741.9000 2.83481693
4741.9500 2.85927666
4742.0000 2.88373639
4742.0500 2.90819612
4742.1000 2.93265585
4742.1500 2.93451449
4742.2000 2.93548355
4742.2500 2.93645262
4742.3000 2.93742168
4742.3500 2.92945927
4742.4000 2.91814433
4742.4500 2.90682938
4742.5000 2.89551444
4742.5500 2.89303154
4742.6000 2.89962507
4742.6500 2.9062186
4742.7000 2.91281214
4742.7500 2.91498156
4742.8000 2.90458628
4742.8500 2.89419101
4742.9000 2.88379574
4742.9500 2.87418334
4743.0000 2.8909754
4743.0500 2.90776747
4743.1000 2.92455953
4743.1500 2.94135159
4743.2000 2.94127243
4743.2500 2.93693112
4743.3000 2.93258981
4743.3500 2.9282485
4743.4000 2.92349965
4743.4500 2.9184421
4743.5000 2.91338455
4743.5500 2.908327
4743.6000 2.90201712
4743.6500 2.89328499
4743.7000 2.88455287
4743.7500 2.87582075
4743.8000 2.86822012
4743.8500 2.86943304
4743.9000 2.87064595
4743.9500 2.87185886
4744.0000 2.87307178
4744.0500 2.87015988
4744.1000 2.86672715
4744.1500 2.86329441
4744.2000 2.85986167
4744.2500 2.87087893
4744.3000 2.88923635
4744.3500 2.90759378
4744.4000 2.9259512
4744.4500 2.94233466
4744.5000 2.95620121
4744.5500 2.97006776
4744.6000 2.98393431
4744.6500 2.99225424
4744.7000 2.98057272
4744.7500 2.9688912
4744.8000 2.95720967
4744.8500 2.94552815
4744.9000 2.94194597
4744.9500 2.93839787
4745.0000 2.93484977
4745.0500 2.93130166
4745.1000 2.91605193
4745.1500 2.89741788
4745.2000 2.87878383
4745.2500 2.86014978
4745.3000 2.86140644
4745.3500 2.87850405
4745.4000 2.89560165
4745.4500 2.91269926
4745.5000 2.92287095
4745.5500 2.9195276
4745.6000 2.91618426
4745.6500 2.91284091
4745.7000 2.9103711
4745.7500 2.91418013
4745.8000 2.91798916
4745.8500 2.9217982
4745.9000 2.92560723
4745.9500 2.93073869
4746.0000 2.93600641
4746.0500 2.94127413
4746.1000 2.94654184
4746.1500 2.94207666
4746.2000 2.93328366
4746.2500 2.92449066
4746.3000 2.91569767
4746.3500 2.91296505
4746.4000 2.91682497
4746.4500 2.92068488
4746.5000 2.92454479
4746.5500 2.92519573
4746.6000 2.91703214
4746.6500 2.90886855
4746.7000 2.90070496
4746.7500 2.893097
4746.8000 2.89486129
4746.8500 2.89662558
4746.9000 2.89838987
4746.9500 2.90015417
4747.0000 2.90677778
4747.0500 2.91428462
4747.1000 2.92179146
4747.1500 2.9292983
4747.2000 2.93434399
4747.2500 2.9379907
4747.3000 2.94163741
4747.3500 2.94528412
4747.4000 2.9411729
4747.4500 2.92678308
4747.5000 2.91239327
4747.5500 2.89800346
4747.6000 2.88761012
4747.6500 2.89107583
4747.7000 2.89454154
4747.7500 2.89800725
4747.8000 2.90099945
4747.8500 2.87911491
4747.9000 2.85723037
4747.9500 2.83534583
4748.0000 2.81346129
4748.0500 2.82926296
4748.1000 2.85363658
4748.1500 2.87801019
4748.2000 2.90238381
4748.2500 2.92129307
4748.3000 2.93673605
4748.3500 2.95217902
4748.4000 2.967622
4748.4500 2.98060513
4748.5000 2.9900514
4748.5500 2.99949767
4748.6000 3.00894393
4748.6500 3.01436309
4748.7000 3.00460437
4748.7500 2.99484566
4748.8000 2.98508694
4748.8500 2.97526581
4748.9000 2.95947214
4748.9500 2.94367847
4749.0000 2.9278848
4749.0500 2.91209113
4749.1000 2.90160825
4749.1500 2.89235369
4749.2000 2.88309913
4749.2500 2.87384458
4749.3000 2.88499938
4749.3500 2.90892366
4749.4000 2.93284793
4749.4500 2.95677221
4749.5000 2.96757379
4749.5500 2.96019912
4749.6000 2.95282444
4749.6500 2.94544976
4749.7000 2.94161955
4749.7500 2.9500283
4749.8000 2.95843704
4749.8500 2.96684578
4749.9000 2.97451951
4749.9500 2.95924301
4750.0000 2.9439665
4750.0500 2.92869
4750.1000 2.9134135
4750.1500 2.9089681
4750.2000 2.90660638
4750.2500 2.90424465
4750.3000 2.90188293
4750.3500 2.89719897
4750.4000 2.89125052
4750.4500 2.88530207
4750.5000 2.87935362
4750.5500 2.87617786
4750.6000 2.87629115
4750.6500 2.87640444
4750.7000 2.87651773
4750.7500 2.88512039
4750.8000 2.91684781
4750.8500 2.94857524
4750.9000 2.98030266
4750.9500 3.00831474
4751.0000 2.99407125
4751.0500 2.97982776
4751.1000 2.96558427
4751.1500 2.95134078
4751.2000 2.95029019
4751.2500 2.95079932
4751.3000 2.95130846
4751.3500 2.95181759
4751.4000 2.94747021
4751.4500 2.94112854
4751.5000 2.93478687
4751.5500 2.9284452
4751.6000 2.92519903
4751.6500 2.92475704
4751.7000 2.92431505
4751.7500 2.92387307
4751.8000 2.92602962
4751.8500 2.93319352
4751.9000 2.94035743
4751.9500 2.94752133
4752.0000 2.95498487
4752.0500 2.96402411
4752.1000 2.97306335
4752.1500 2.98210258
4752.2000 2.99114182
4752.2500 2.98334282
4752.3000 2.97518395
4752.3500 2.96702508
4752.4000 2.95886621
4752.4500 2.96010553
4752.5000 2.96370108
4752.5500 2.96729664
4752.6000 2.9708922
4752.6500 2.97637273
4752.7000 2.98300278
4752.7500 2.98963283
4752.8000 2.99626288
4752.8500 2.99652988
4752.9000 2.98882855
4752.9500 2.98112723
4753.0000 2.9734259
4753.0500 2.96726617
4753.1000 2.96531755
4753.1500 2.96336892
4753.2000 2.9614203
4753.2500 2.96086257
4753.3000 2.97384834
4753.3500 2.98683412
4753.4000 2.9998199
4753.4500 3.01280567
4753.5000 3.00338434
4753.5500 2.99200032
4753.6000 2.98061631
4753.6500 2.9692323
4753.7000 2.96408032
4753.7500 2.96103944
4753.8000 2.95799856
4753.8500 2.95495768
4753.9000 2.95548168
4753.9500 2.95863366
4754.0000 2.96178565
4754.0500 2.96493764
4754.1000 2.96911434
4754.1500 2.9747934
4754.2000 2.98047247
4754.2500 2.98615153
4754.3000 2.98706687
4754.3500 2.97260533
4754.4000 2.95814378
4754.4500 2.94368224
4754.5000 2.93047368
4754.5500 2.93424358
4754.6000 2.93801348
4754.6500 2.94178337
4754.7000 2.94555327
4754.7500 2.95032154
4754.8000 2.95519814
4754.8500 2.96007475
4754.9000 2.96495136
4754.9500 2.97419373
4755.0000 2.98499673
4755.0500 2.99579973
4755.1000 3.00660272
4755.1500 3.00359745
4755.2000 2.99027706
4755.2500 2.97695667
4755.3000 2.96363628
4755.3500 2.95684712
4755.4000 2.95948318
4755.4500 2.96211925
4755.5000 2.96475531
4755.5500 2.97110701
4755.6000 2.98876121
4755.6500 3.00641542
4755.7000 3.02406963
4755.7500 3.03947161
4755.8000 3.03114328
4755.8500 3.02281495
4755.9000 3.01448662
4755.9500 3.00615828
4756.0000 3.00927065
4756.0500 3.01328214
4756.1000 3.01729364
4756.1500 3.02130513
4756.2000 3.02024429
4756.2500 3.0176578
4756.3000 3.01507131
4756.3500 3.01248482
4756.4000 3.00321489
4756.4500 2.98970032
4756.5000 2.97618576
4756.5500 2.96267119
4756.6000 2.96466768
4756.6500 2.98519974
4756.7000 3.0057318
4756.7500 3.02626386
4756.8000 3.03743272
4756.8500 3.02683324
4756.9000 3.01623376
4756.9500 3.00563428
4757.0000 2.99783735
4757.0500 3.00628651
4757.1000 3.01473567
4757.1500 3.02318483
4757.2000 3.03163399
4757.2500 3.04018396
4757.3000 3.04873447
4757.3500 3.05728498
4757.4000 3.06583549
4757.4500 3.06222
4757.5000 3.05634563
4757.5500 3.05047125
4757.6000 3.04459688
4757.6500 3.03604011
4757.7000 3.02629683
4757.7500 3.01655354
4757.8000 3.00681026
4757.8500 3.00522796
4757.9000 3.01047489
4757.9500 3.01572182
4758.0000 3.02096874
4758.0500 3.02135367
4758.1000 3.01434474
4758.1500 3.00733582
4758.2000 3.00032689
4758.2500 2.99645738
4758.3000 3.0019969
4758.3500 3.00753642
4758.4000 3.01307594
4758.4500 3.01845996
4758.5000 3.02251635
4758.5500 3.02657274
4758.6000 3.03062913
4758.6500 3.03468552
4758.7000 3.03680091
4758.7500 3.03883688
4758.8000 3.04087285
4758.8500 3.04290883
4758.9000 3.03962635
4758.9500 3.03515841
4759.0000 3.03069047
4759.0500 3.02622253
4759.1000 3.02687317
4759.1500 3.02997759
4759.2000 3.033082
4759.2500 3.03618641
4759.3000 3.03717505
4759.3500 3.03632751
4759.4000 3.03547997
4759.4500 3.03463243
4759.5000 3.04026095
4759.5500 3.05576792
4759.6000 3.07127488
4759.6500 3.08678185
4759.7000 3.09132734
4759.7500 3.06431114
4759.8000 3.03729493
4759.8500 3.01027872
4759.9000 2.98634281
4759.9500 2.98483318
4760.0000 2.98332355
4760.0500 2.98181391
4760.1000 2.98030428
4760.1500 2.99767732
4760.2000 3.01533898
4760.2500 3.03300064
4760.3000 3.0506623
4760.3500 3.04440793
4760.4000 3.03394357
4760.4500 3.02347921
4760.5000 3.01301485
4760.5500 3.01874085
4760.6000 3.03086089
4760.6500 3.04298093
4760.7000 3.05510096
4760.7500 3.06360698
4760.8000 3.06954542
4760.8500 3.07548387
4760.9000 3.08142231
4760.9500 3.08055565
4761.0000 3.07149151
4761.0500 3.06242737
4761.1000 3.05336322
4761.1500 3.04459775
4761.2000 3.03645618
4761.2500 3.02831461
4761.3000 3.02017303
4761.3500 3.01269882
4761.4000 3.00797808
4761.4500 3.00325735
4761.5000 2.99853662
4761.5500 2.99496762
4761.6000 3.00727796
4761.6500 3.01958831
4761.7000 3.03189865
4761.7500 3.044209
4761.8000 3.04273288
4761.8500 3.04039797
4761.9000 3.03806307
4761.9500 3.03572817
4762.0000 3.04188939
4762.0500 3.04996266
4762.1000 3.05803593
4762.1500 3.0661092
4762.2000 3.06257729
4762.2500 3.05389036
4762.3000 3.04520344
4762.3500 3.03651651
4762.4000 3.0303373
4762.4500 3.02605178
4762.5000 3.02176626
4762.5500 3.01748074
4762.6000 3.0227267
4762.6500 3.03970345
4762.7000 3.0566802
4762.7500 3.07365696
4762.8000 3.07954211
4762.8500 3.06270386
4762.9000 3.04586561
4762.9500 3.02902737
4763.0000 3.01474214
4763.0500 3.01012309
4763.1000 3.00550404
4763.1500 3.00088499
4763.2000 2.99870276
4763.2500 3.02084337
4763.3000 3.04298399
4763.3500 3.0651246
4763.4000 3.08726522
4763.4500 3.07202866
4763.5000 3.05580978
4763.5500 3.03959091
4763.6000 3.02337204
4763.6500 3.02348837
4763.7000 3.02628774
4763.7500 3.02908711
4763.8000 3.03188648
4763.8500 3.02571089
4763.9000 3.01645775
4763.9500 3.00720461
4764.0000 2.99795147
4764.0500 2.99295864
4764.1000 2.99045087
4764.1500 2.98794309
4764.2000 2.98543532
4764.2500 2.98304788
4764.3000 2.98077164
4764.3500 2.9784954
4764.4000 2.97621916
4764.4500 2.97987809
4764.5000 2.99211065
4764.5500 3.0043432
4764.6000 3.01657575
4764.6500 3.02347861
4764.7000 3.01792313
4764.7500 3.01236764
4764.8000 3.00681216
4764.8500 3.00267742
4764.9000 3.00454582
4764.9500 3.00641422
4765.0000 3.00828262
4765.0500 3.00982429
4765.1000 3.00781841
4765.1500 3.00581253
4765.2000 3.00380665
4765.2500 3.00180077
4765.3000 3.00282997
4765.3500 3.00392587
4765.4000 3.00502176
4765.4500 3.00611765
4765.5000 3.01249819
4765.5500 3.01964147
4765.6000 3.02678475
4765.6500 3.03392803
4765.7000 3.03695456
4765.7500 3.03875454
4765.8000 3.04055453
4765.8500 3.04235451
4765.9000 3.03877945
4765.9500 3.03253585
4766.0000 3.02629226
4766.0500 3.02004866
4766.1000 3.02202969
4766.1500 3.03028555
4766.2000 3.03854141
4766.2500 3.04679727
4766.3000 3.04954252
4766.3500 3.04600957
4766.4000 3.04247662
4766.4500 3.03894367
4766.5000 3.03735068
4766.5500 3.03907709
4766.6000 3.04080349
4766.6500 3.0425299
4766.7000 3.03945876
4766.7500 3.02351373
4766.8000 3.00756871
4766.8500 2.99162368
4766.9000 2.98186305
4766.9500 3.00119224
4767.0000 3.02052144
4767.0500 3.03985063
4767.1000 3.05814885
4767.1500 3.06465057
4767.2000 3.07115228
4767.2500 3.077654
4767.3000 3.08415572
4767.3500 3.05748197
4767.4000 3.03035879
4767.4500 3.00323561
4767.5000 2.97611242
4767.5500 2.98950446
4767.6000 3.00769485
4767.6500 3.02588524
4767.7000 3.04407562
4767.7500 3.04060866
4767.8000 3.03182161
4767.8500 3.02303457
4767.9000 3.01424753
4767.9500 3.02012548
4768.0000 3.03191519
4768.0500 3.04370491
4768.1000 3.05549463
4768.1500 3.05459
4768.2000 3.04603011
4768.2500 3.03747021
4768.3000 3.02891032
4768.3500 3.02013812
4768.4000 3.01118225
4768.4500 3.00222638
4768.5000 2.99327051
4768.5500 2.99336356
4768.6000 3.00453025
4768.6500 3.01569694
4768.7000 3.02686362
4768.7500 3.03321864
4768.8000 3.03118289
4768.8500 3.02914714
4768.9000 3.0271114
4768.9500 3.02084561
4769.0000 3.00372592
4769.0500 2.98660623
4769.1000 2.96948654
4769.1500 2.95977928
4769.2000 2.98016609
4769.2500 3.0005529
4769.3000 3.02093971
4769.3500 3.03530909
4769.4000 3.00384195
4769.4500 2.97237481
4769.5000 2.94090767
4769.5500 2.91132907
4769.6000 2.93279258
4769.6500 2.9542561
4769.7000 2.97571961
4769.7500 2.99718313
4769.8000 3.00420078
4769.8500 3.01056198
4769.9000 3.01692318
4769.9500 3.02328437
4770.0000 3.00737195
4770.0500 2.98838205
4770.1000 2.96939214
4770.1500 2.95040224
4770.2000 2.94142006
4770.2500 2.9349102
4770.3000 2.92840034
4770.3500 2.92189048
4770.4000 2.93707085
4770.4500 2.96042039
4770.5000 2.98376992
4770.5500 3.00711945
4770.6000 2.99502291
4770.6500 2.96401963
4770.7000 2.93301634
4770.7500 2.90201305
4770.8000 2.90210759
4770.8500 2.92480409
4770.9000 2.94750058
4770.9500 2.97019708
4771.0000 2.97513375
4771.0500 2.96282073
4771.1000 2.9505077
4771.1500 2.93819468
4771.2000 2.9327308
4771.2500 2.93610206
4771.3000 2.93947331
4771.3500 2.94284456
4771.4000 2.94656979
4771.4500 2.95090471
4771.5000 2.95523964
4771.5500 2.95957456
4771.6000 2.95779344
4771.6500 2.94168482
4771.7000 2.9255762
4771.7500 2.90946758
4771.8000 2.90107944
4771.8500 2.91821377
4771.9000 2.9353481
4771.9500 2.95248242
4772.0000 2.96578371
4772.0500 2.95990317
4772.1000 2.95402262
4772.1500 2.94814208
4772.2000 2.94453161
4772.2500 2.96089046
4772.3000 2.97724931
4772.3500 2.99360815
4772.4000 3.00797361
4772.4500 2.97299539
4772.5000 2.93801717
4772.5500 2.90303896
4772.6000 2.86806074
4772.6500 2.88095412
4772.7000 2.89498393
4772.7500 2.90901373
4772.8000 2.92304353
4772.8500 2.92100265
4772.9000 2.91748846
4772.9500 2.91397427
4773.0000 2.91046008
4773.0500 2.92550105
4773.1000 2.9436518
4773.1500 2.96180255
4773.2000 2.9799533
4773.2500 2.96620122
4773.3000 2.94437989
4773.3500 2.92255856
4773.4000 2.90073722
4773.4500 2.91021054
4773.5000 2.93062079
4773.5500 2.95103104
4773.6000 2.97144129
4773.6500 2.97793543
4773.7000 2.9780347
4773.7500 2.97813397
4773.8000 2.97823324
4773.8500 2.97120466
4773.9000 2.95999905
4773.9500 2.94879343
4774.0000 2.93758781
4774.0500 2.93069122
4774.1000 2.9269523
4774.1500 2.92321338
4774.2000 2.91947445
4774.2500 2.92056454
4774.3000 2.92602512
4774.3500 2.9314857
4774.4000 2.93694629
4774.4500 2.93808787
4774.5000 2.93443615
4774.5500 2.93078444
4774.6000 2.92713273
4774.6500 2.92704348
4774.7000 2.93178863
4774.7500 2.93653378
4774.8000 2.94127893
4774.8500 2.94091446
4774.9000 2.93206236
4774.9500 2.92321025
4775.0000 2.91435814
4775.0500 2.90959833
4775.1000 2.91320236
4775.1500 2.91680639
4775.2000 2.92041042
4775.2500 2.92278417
4775.3000 2.92203363
4775.3500 2.92128309
4775.4000 2.92053256
4775.4500 2.91656155
4775.5000 2.9022655
4775.5500 2.88796945
4775.6000 2.8736734
4775.6500 2.86414685
4775.7000 2.87440891
4775.7500 2.88467097
4775.8000 2.89493303
4775.8500 2.90386424
4775.9000 2.90536553
4775.9500 2.90686681
4776.0000 2.9083681
4776.0500 2.90719513
4776.1000 2.88457033
4776.1500 2.86194552
4776.2000 2.83932072
4776.2500 2.81947967
4776.3000 2.83605309
4776.3500 2.85262651
4776.4000 2.86919993
4776.4500 2.8857944
4776.5000 2.90301711
4776.5500 2.92023982
4776.6000 2.93746253
4776.6500 2.95468524
4776.7000 2.95952075
4776.7500 2.96429498
4776.8000 2.96906922
4776.8500 2.97384345
4776.9000 2.94779873
4776.9500 2.92043529
4777.0000 2.89307184
4777.0500 2.8657084
4777.1000 2.87945707
4777.1500 2.89658264
4777.2000 2.9137082
4777.2500 2.93083377
4777.3000 2.93235545
4777.3500 2.93195772
4777.4000 2.93155999
4777.4500 2.93116227
4777.5000 2.95022962
4777.5500 2.97251645
4777.6000 2.99480328
4777.6500 3.01709011
4777.7000 3.01184506
4777.7500 3.00083776
4777.8000 2.98983046
4777.8500 2.97882317
4777.9000 2.97198962
4777.9500 2.966219
4778.0000 2.96044838
4778.0500 2.95467775
4778.1000 2.95826224
4778.1500 2.96466702
4778.2000 2.97107179
4778.2500 2.97747657
4778.3000 2.95622627
4778.3500 2.92530691
4778.4000 2.89438755
4778.4500 2.86346819
4778.5000 2.87087506
4778.5500 2.89357615
4778.6000 2.91627724
4778.6500 2.93897833
4778.7000 2.94382078
4778.7500 2.94063376
4778.8000 2.93744673
4778.8500 2.93425971
4778.9000 2.93977974
4778.9500 2.94966335
4779.0000 2.95954696
4779.0500 2.96943057
4779.1000 2.96629679
4779.1500 2.95595812
4779.2000 2.94561946
4779.2500 2.93528079
4779.3000 2.93340685
4779.3500 2.93666561
4779.4000 2.93992438
4779.4500 2.94318315
4779.5000 2.93658243
4779.5500 2.923479
4779.6000 2.91037558
4779.6500 2.89727216
4779.7000 2.90071941
4779.7500 2.91596201
4779.8000 2.9312046
4779.8500 2.9464472
4779.9000 2.94921252
4779.9500 2.94242721
4780.0000 2.9356419
4780.0500 2.92885658
4780.1000 2.93617125
4780.1500 2.9550116
4780.2000 2.97385195
4780.2500 2.99269229
4780.3000 2.99834759
4780.3500 2.99255577
4780.4000 2.98676394
4780.4500 2.98097211
4780.5000 2.97899718
4780.5500 2.98052335
4780.6000 2.98204952
4780.6500 2.98357569
4780.7000 2.97730894
4780.7500 2.96352858
4780.8000 2.94974822
4780.8500 2.93596786
4780.9000 2.92893286
4780.9500 2.92869945
4781.0000 2.92846605
4781.0500 2.92823265
4781.1000 2.92617337
4781.1500 2.92219823
4781.2000 2.91822308
4781.2500 2.91424793
4781.3000 2.91931408
4781.3500 2.93420331
4781.4000 2.94909254
4781.4500 2.96398178
4781.5000 2.96736991
4781.5500 2.95788386
4781.6000 2.94839781
4781.6500 2.93891176
4781.7000 2.93075165
4781.7500 2.92411313
4781.8000 2.91747461
4781.8500 2.9108361
4781.9000 2.89428311
4781.9500 2.86612451
4782.0000 2.8379659
4782.0500 2.8098073
4782.1000 2.80708262
4782.1500 2.83457502
4782.2000 2.86206741
4782.2500 2.88955981
4782.3000 2.8998243
4782.3500 2.8894197
4782.4000 2.8790151
4782.4500 2.8686105
4782.5000 2.87059183
4782.5500 2.88750349
4782.6000 2.90441515
4782.6500 2.92132681
4782.7000 2.92681048
4782.7500 2.91852327
4782.8000 2.91023607
4782.8500 2.90194887
4782.9000 2.89982191
4782.9500 2.90507806
4783.0000 2.9103342
4783.0500 2.91559035
4783.1000 2.91354158
4783.1500 2.90282906
4783.2000 2.89211653
4783.2500 2.881404
4783.3000 2.86980316
4783.3500 2.857165
4783.4000 2.84452684
4783.4500 2.83188867
4783.5000 2.83483578
4783.5500 2.85561189
4783.6000 2.87638801
4783.6500 2.89716412
4783.7000 2.90390149
4783.7500 2.89498486
4783.8000 2.88606822
4783.8500 2.87715158
4783.9000 2.86635114
4783.9500 2.85351346
4784.0000 2.84067577
4784.0500 2.82783809
4784.1000 2.8286872
4784.1500 2.84382004
4784.2000 2.85895287
4784.2500 2.87408571
4784.3000 2.87807758
4784.3500 2.87090549
4784.4000 2.86373341
4784.4500 2.85656133
4784.5000 2.85592305
4784.5500 2.86153973
4784.6000 2.86715641
4784.6500 2.8727731
4784.7000 2.87945799
4784.7500 2.88711488
4784.8000 2.89477177
4784.8500 2.90242866
4784.9000 2.90827328
4784.9500 2.91255866
4785.0000 2.91684404
4785.0500 2.92112942
4785.1000 2.91538859
4785.1500 2.90153445
4785.2000 2.88768031
4785.2500 2.87382617
4785.3000 2.87402934
4785.3500 2.88487199
4785.4000 2.89571464
4785.4500 2.90655729
4785.5000 2.90734849
4785.5500 2.90106563
4785.6000 2.89478277
4785.6500 2.88849991
4785.7000 2.87841666
4785.7500 2.86586176
4785.8000 2.85330686
4785.8500 2.84075197
4785.9000 2.83401507
4785.9500 2.83075129
4786.0000 2.82748751
4786.0500 2.82422373
4786.1000 2.82134742
4786.1500 2.81868185
4786.2000 2.81601628
4786.2500 2.8133507
4786.3000 2.81899484
4786.3500 2.8287223
4786.4000 2.83844975
4786.4500 2.84817721
4786.5000 2.84856076
4786.5500 2.84483559
4786.6000 2.84111042
4786.6500 2.83738525
4786.7000 2.83410968
4786.7500 2.83100903
4786.8000 2.82790838
4786.8500 2.82480774
4786.9000 2.82452601
4786.9500 2.8252015
4787.0000 2.82587699
4787.0500 2.82655248
4787.1000 2.83131809
4787.1500 2.83727539
4787.2000 2.8432327
4787.2500 2.84919001
4787.3000 2.85129462
4787.3500 2.85245713
4787.4000 2.85361963
4787.4500 2.85478214
4787.5000 2.85589193
4787.5500 2.85699123
4787.6000 2.85809053
4787.6500 2.85918983
4787.7000 2.85456482
4787.7500 2.84905101
4787.8000 2.8435372
4787.8500 2.83802339
4787.9000 2.84694101
4787.9500 2.85748799
4788.0000 2.86803497
4788.0500 2.87858196
4788.1000 2.8699645
4788.1500 2.8599658
4788.2000 2.84996709
4788.2500 2.83996839
4788.3000 2.83193035
4788.3500 2.82395657
4788.4000 2.81598278
4788.4500 2.80817239
4788.5000 2.83266305
4788.5500 2.8571537
4788.6000 2.88164436
4788.6500 2.90455987
4788.7000 2.89248178
4788.7500 2.88040369
4788.8000 2.8683256
4788.8500 2.85676259
4788.9000 2.85093631
4788.9500 2.84511004
4789.0000 2.83928376
4789.0500 2.83582266
4789.1000 2.84922896
4789.1500 2.86263525
4789.2000 2.87604155
4789.2500 2.88560893
4789.3000 2.87572683
4789.3500 2.86584473
4789.4000 2.85596263
4789.4500 2.84865999
4789.5000 2.85118016
4789.5500 2.85370032
4789.6000 2.85622048
4789.6500 2.86051325
4789.7000 2.8700564
4789.7500 2.87959956
4789.8000 2.88914271
4789.8500 2.89386565
4789.9000 2.88723872
4789.9500 2.88061178
4790.0000 2.87398484
4790.0500 2.87153392
4790.1000 2.87700907
4790.1500 2.88248422
4790.2000 2.88795937
4790.2500 2.89173396
4790.3000 2.89288544
4790.3500 2.89403693
4790.4000 2.89518841
4790.4500 2.89151454
4790.5000 2.88176975
4790.5500 2.87202496
4790.6000 2.86228016
4790.6500 2.8606791
4790.7000 2.86743121
4790.7500 2.87418332
4790.8000 2.88093542
4790.8500 2.89309678
4790.9000 2.90976066
4790.9500 2.92642454
4791.0000 2.94308842
4791.0500 2.943265
4791.1000 2.93240916
4791.1500 2.92155331
4791.2000 2.91069746
4791.2500 2.90121163
4791.3000 2.89245138
4791.3500 2.88369114
4791.4000 2.87493089
4791.4500 2.87783528
4791.5000 2.88551131
4791.5500 2.89318733
4791.6000 2.90086336
4791.6500 2.89703648
4791.7000 2.88971333
4791.7500 2.88239017
4791.8000 2.87506701
4791.8500 2.87682883
4791.9000 2.88051245
4791.9500 2.88419607
4792.0000 2.88787969
4792.0500 2.87447104
4792.1000 2.85884524
4792.1500 2.84321944
4792.2000 2.82759364
4792.2500 2.82069577
4792.3000 2.81429376
4792.3500 2.80789175
4792.4000 2.80157491
4792.4500 2.8050887
4792.5000 2.80860248
4792.5500 2.81211627
4792.6000 2.81752928
4792.6500 2.84734005
4792.7000 2.87715083
4792.7500 2.9069616
4792.8000 2.92887804
4792.8500 2.90112502
4792.9000 2.87337201
4792.9500 2.84561899
4793.0000 2.82167915
4793.0500 2.81267833
4793.1000 2.80367751
4793.1500 2.7946767
4793.2000 2.79010237
4793.2500 2.79744526
4793.3000 2.80478815
4793.3500 2.81213104
4793.4000 2.81255266
4793.4500 2.7995159
4793.5000 2.78647914
4793.5500 2.77344238
4793.6000 2.77547152
4793.6500 2.79920922
4793.7000 2.82294692
4793.7500 2.84668463
4793.8000 2.85267202
4793.8500 2.83950982
4793.9000 2.82634762
4793.9500 2.81318543
4794.0000 2.81109193
4794.0500 2.81792072
4794.1000 2.82474951
4794.1500 2.8315783
4794.2000 2.83405491
4794.2500 2.83394925
4794.3000 2.83384359
4794.3500 2.83373794
4794.4000 2.82885321
4794.4500 2.82194792
4794.5000 2.81504264
4794.5500 2.80813736
4794.6000 2.81410288
4794.6500 2.82371219
4794.7000 2.8333215
4794.7500 2.84293081
4794.8000 2.84279461
4794.8500 2.84103449
4794.9000 2.83927437
4794.9500 2.83751425
4795.0000 2.82037575
4795.0500 2.80219042
4795.1000 2.78400509
4795.1500 2.76649413
4795.2000 2.78879236
4795.2500 2.81109059
4795.3000 2.83338882
4795.3500 2.85389046
4795.4000 2.85792006
4795.4500 2.86194966
4795.5000 2.86597925
4795.5500 2.86775711
4795.6000 2.85936823
4795.6500 2.85097934
4795.7000 2.84259045
4795.7500 2.83813893
4795.8000 2.84457475
4795.8500 2.85101057
4795.9000 2.85744639
4795.9500 2.85889714
4796.0000 2.85113707
4796.0500 2.84337699
4796.1000 2.83561692
4796.1500 2.83059795
4796.2000 2.82909573
4796.2500 2.82759351
4796.3000 2.82609129
4796.3500 2.82962041
4796.4000 2.83768009
4796.4500 2.84573977
4796.5000 2.85379945
4796.5500 2.85642975
4796.6000 2.85567037
4796.6500 2.85491099
4796.7000 2.85415162
4796.7500 2.83676945
4796.8000 2.81247823
4796.8500 2.788187
4796.9000 2.76389577
4796.9500 2.77026265
4797.0000 2.78436862
4797.0500 2.79847459
4797.1000 2.81258056
4797.1500 2.81748525
4797.2000 2.82127353
4797.2500 2.8250618
4797.3000 2.82885008
4797.3500 2.83761618
4797.4000 2.84645069
4797.4500 2.8552852
4797.5000 2.86335165
4797.5500 2.86286411
4797.6000 2.86237656
4797.6500 2.86188902
4797.7000 2.86057879
4797.7500 2.85551165
4797.8000 2.85044451
4797.8500 2.84537737
4797.9000 2.84137899
4797.9500 2.84015372
4798.0000 2.83892844
4798.0500 2.83770317
4798.1000 2.8492494
4798.1500 2.88180769
4798.2000 2.91436599
4798.2500 2.94692429
4798.3000 2.96708015
4798.3500 2.97375639
4798.4000 2.98043263
4798.4500 2.98710887
4798.5000 2.96120942
4798.5500 2.91187948
4798.6000 2.86254955
4798.6500 2.81321961
4798.7000 2.79368322
4798.7500 2.78782203
4798.8000 2.78196084
4798.8500 2.77609965
4798.9000 2.79108098
4798.9500 2.81158729
4799.0000 2.8320936
4799.0500 2.85259991
4799.1000 2.85893746
4799.1500 2.863645
4799.2000 2.86835255
4799.2500 2.8729536
4799.3000 2.85397877
4799.3500 2.83500395
4799.4000 2.81602912
4799.4500 2.80023583
4799.5000 2.80929929
4799.5500 2.81836275
4799.6000 2.82742621
4799.6500 2.82890774
4799.7000 2.80408568
4799.7500 2.77926363
4799.8000 2.75444158
4799.8500 2.7390414
4799.9000 2.74231594
4799.9500 2.74559049
4800.0000 2.74886503
4800.0500 2.75354149
4800.1000 2.7599437
4800.1500 2.7663459
4800.2000 2.77274811
4800.2500 2.76487466
4800.3000 2.74589495
4800.3500 2.72691524
4800.4000 2.70793553
4800.4500 2.70281243
4800.5000 2.7042719
4800.5500 2.70573138
4800.6000 2.70719085
4800.6500 2.71570098
4800.7000 2.72603186
4800.7500 2.73636274
4800.8000 2.74669361
4800.8500 2.75639409
4800.9000 2.76603442
4800.9500 2.77567475
4801.0000 2.78440955
4801.0500 2.76603853
4801.1000 2.74766751
4801.1500 2.72929649
4801.2000 2.71626416
4801.2500 2.73276937
4801.3000 2.74927458
4801.3500 2.76577979
4801.4000 2.7794855
4801.4500 2.78581566
4801.5000 2.79214581
4801.5500 2.79847597
4801.6000 2.79392344
4801.6500 2.77294479
4801.7000 2.75196614
4801.7500 2.73098748
4801.8000 2.72317033
4801.8500 2.72734805
4801.9000 2.73152577
4801.9500 2.73570349
4802.0000 2.7325192
4802.0500 2.7253565
4802.1000 2.7181938
4802.1500 2.7110311
4802.2000 2.71840005
4802.2500 2.72995183
4802.3000 2.74150362
4802.3500 2.75305541
4802.4000 2.75199837
4802.4500 2.74961951
4802.5000 2.74724065
4802.5500 2.74595174
4802.6000 2.77466831
4802.6500 2.80338488
4802.7000 2.83210144
4802.7500 2.8525874
4802.8000 2.83181257
4802.8500 2.81103775
4802.9000 2.79026292
4802.9500 2.77637114
4803.0000 2.77862641
4803.0500 2.78088169
4803.1000 2.78313697
4803.1500 2.778459
4803.2000 2.76469314
4803.2500 2.75092727
4803.3000 2.73716141
4803.3500 2.74057089
4803.4000 2.75704562
4803.4500 2.77352036
4803.5000 2.78999509
4803.5500 2.79546803
4803.6000 2.79632576
4803.6500 2.79718348
4803.7000 2.79804121
4803.7500 2.79673682
4803.8000 2.79502766
4803.8500 2.7933185
4803.9000 2.79160934
4803.9500 2.78636258
4804.0000 2.78104901
4804.0500 2.77573544
4804.1000 2.77201712
4804.1500 2.77978586
4804.2000 2.7875546
4804.2500 2.79532334
4804.3000 2.8078044
4804.3500 2.83344092
4804.4000 2.85907744
4804.4500 2.88471397
4804.5000 2.90482097
4804.5500 2.91686628
4804.6000 2.9289116
4804.6500 2.94095692
4804.7000 2.95789012
4804.7500 2.97880184
4804.8000 2.99971357
4804.8500 3.0206253
4804.9000 3.03109359
4804.9500 3.03702269
4805.0000 3.04295179
4805.0500 3.04888088
4805.1000 3.035568
4805.1500 3.01870161
4805.2000 3.00183523
4805.2500 2.98496884
4805.3000 2.9830752
4805.3500 2.98129449
4805.4000 2.97951378
4805.4500 2.97503503
4805.5000 2.95428568
4805.5500 2.93353632
4805.6000 2.91278696
4805.6500 2.89198908
4805.7000 2.87107428
4805.7500 2.85015948
4805.8000 2.82924468
4805.8500 2.80956777
4805.9000 2.79143068
4805.9500 2.77329359
4806.0000 2.7551565
4806.0500 2.73295205
4806.1000 2.70802869
4806.1500 2.68310533
4806.2000 2.65818196
4806.2500 2.66217747
4806.3000 2.67558911
4806.3500 2.68900076
4806.4000 2.70241241
4806.4500 2.70934265
4806.5000 2.71563751
4806.5500 2.72193236
4806.6000 2.7260837
4806.6500 2.70103772
4806.7000 2.67599173
4806.7500 2.65094574
4806.8000 2.63354941
4806.8500 2.64214391
4806.9000 2.65073841
4806.9500 2.65933291
4807.0000 2.66289319
4807.0500 2.65850361
4807.1000 2.65411403
4807.1500 2.64972446
4807.2000 2.65414374
4807.2500 2.66578834
4807.3000 2.67743295
4807.3500 2.68907755
4807.4000 2.69004407
4807.4500 2.68669907
4807.5000 2.68335406
4807.5500 2.68000906
4807.6000 2.691298
4807.6500 2.70464543
4807.7000 2.71799286
4807.7500 2.7308813
4807.8000 2.73338444
4807.8500 2.73588758
4807.9000 2.73839072
4807.9500 2.73970647
4808.0000 2.73653656
4808.0500 2.73336664
4808.1000 2.73019672
4808.1500 2.72623786
4808.2000 2.72097864
4808.2500 2.71571942
4808.3000 2.7104602
4808.3500 2.72391938
4808.4000 2.75286483
4808.4500 2.78181027
4808.5000 2.81075572
4808.5500 2.78690216
4808.6000 2.7423337
4808.6500 2.69776525
4808.7000 2.6531968
4808.7500 2.65142153
4808.8000 2.65490713
4808.8500 2.65839274
4808.9000 2.66368463
4808.9500 2.69532353
4809.0000 2.72696243
4809.0500 2.75860133
4809.1000 2.77315385
4809.1500 2.73334044
4809.2000 2.69352704
4809.2500 2.65371364
4809.3000 2.64540231
4809.3500 2.68141793
4809.4000 2.71743354
4809.4500 2.75344916
4809.5000 2.76275325
4809.5500 2.75372995
4809.6000 2.74470665
4809.6500 2.73568334
4809.7000 2.72376754
4809.7500 2.71099772
4809.8000 2.69822791
4809.8500 2.6854581
4809.9000 2.69020579
4809.9500 2.69582964
4810.0000 2.7014535
4810.0500 2.70762609
4810.1000 2.71734454
4810.1500 2.72706299
4810.2000 2.73678144
4810.2500 2.73993436
4810.3000 2.72894154
4810.3500 2.71794873
4810.4000 2.70695591
4810.4500 2.69833844
4810.5000 2.69208374
4810.5500 2.68582903
4810.6000 2.67957433
4810.6500 2.68658062
4810.7000 2.6996289
4810.7500 2.71267718
4810.8000 2.72572546
4810.8500 2.74140848
4810.9000 2.75747136
4810.9500 2.77353424
4811.0000 2.7871254
4811.0500 2.76353765
4811.1000 2.73994991
4811.1500 2.71636217
4811.2000 2.69951868
4811.2500 2.70269166
4811.3000 2.70586464
4811.3500 2.70903762
4811.4000 2.70885811
4811.4500 2.70446418
4811.5000 2.70007024
4811.5500 2.69567631
4811.6000 2.69435037
4811.6500 2.69478481
4811.7000 2.69521925
4811.7500 2.6956537
4811.8000 2.69759684
4811.8500 2.69985094
4811.9000 2.70210504
4811.9500 2.70397128
4812.0000 2.69017691
4812.0500 2.67638253
4812.1000 2.66258815
4812.1500 2.65147951
4812.2000 2.64986195
4812.2500 2.6482444
4812.3000 2.64662685
4812.3500 2.65356516
4812.4000 2.6724016
4812.4500 2.69123804
4812.5000 2.71007448
4812.5500 2.72628417
4812.6000 2.74086593
4812.6500 2.7554477
4812.7000 2.77002946
4812.7500 2.75335948
4812.8000 2.72972707
4812.8500 2.70609467
4812.9000 2.68314043
4812.9500 2.69414889
4813.0000 2.70515735
4813.0500 2.71616582
4813.1000 2.7259143
4813.1500 2.73126488
4813.2000 2.73661547
4813.2500 2.74196605
4813.3000 2.74062657
4813.3500 2.73031539
4813.4000 2.72000421
4813.4500 2.70969303
4813.5000 2.70140095
4813.5500 2.69427965
4813.6000 2.68715834
4813.6500 2.68003703
4813.7000 2.68230338
4813.7500 2.68635612
4813.8000 2.69040886
4813.8500 2.69442293
4813.9000 2.69768062
4813.9500 2.70093831
4814.0000 2.704196
4814.0500 2.71073336
4814.1000 2.72667864
4814.1500 2.74262393
4814.2000 2.75856921
4814.2500 2.74977364
4814.3000 2.71304521
4814.3500 2.67631678
4814.4000 2.63958834
4814.4500 2.63083063
4814.5000 2.63509956
4814.5500 2.63936849
4814.6000 2.64363742
4814.6500 2.64145843
4814.7000 2.63853234
4814.7500 2.63560625
4814.8000 2.63295577
4814.8500 2.63250323
4814.9000 2.63205069
4814.9500 2.63159816
4815.0000 2.63206644
4815.0500 2.63442102
4815.1000 2.6367756
4815.1500 2.63913018
4815.2000 2.6308012
4815.2500 2.61358856
4815.3000 2.59637593
4815.3500 2.5791633
4815.4000 2.58369065
4815.4500 2.59488485
4815.5000 2.60607906
4815.5500 2.61727326
4815.6000 2.6042987
4815.6500 2.5909804
4815.7000 2.5776621
4815.7500 2.56756502
4815.8000 2.56973345
4815.8500 2.57190187
4815.9000 2.57407029
4815.9500 2.57716631
4816.0000 2.58148505
4816.0500 2.58580379
4816.1000 2.59012253
4816.1500 2.59260456
4816.2000 2.59412391
4816.2500 2.59564325
4816.3000 2.5971626
4816.3500 2.60751027
4816.4000 2.61903682
4816.4500 2.63056338
4816.5000 2.63895162
4816.5500 2.62185495
4816.6000 2.60475828
4816.6500 2.58766162
4816.7000 2.57965689
4816.7500 2.58942419
4816.8000 2.59919149
4816.8500 2.60895879
4816.9000 2.61625112
4816.9500 2.62166569
4817.0000 2.62708027
4817.0500 2.63249484
4817.1000 2.62025573
4817.1500 2.6036065
4817.2000 2.58695728
4817.2500 2.5712752
4817.3000 2.58393732
4817.3500 2.59659943
4817.4000 2.60926155
4817.4500 2.61731734
4817.5000 2.61274221
4817.5500 2.60816709
4817.6000 2.60359197
4817.6500 2.60457475
4817.7000 2.61105299
4817.7500 2.61753122
4817.8000 2.62400945
4817.8500 2.62022572
4817.9000 2.61283231
4817.9500 2.60543891
4818.0000 2.59804551
4818.0500 2.59313293
4818.1000 2.5882759
4818.1500 2.58341887
4818.2000 2.58024837
4818.2500 2.58313568
4818.3000 2.58602298
4818.3500 2.58891029
4818.4000 2.58566002
4818.4500 2.57517031
4818.5000 2.56468061
4818.5500 2.5541909
4818.6000 2.55954089
4818.6500 2.57164004
4818.7000 2.58373919
4818.7500 2.59583835
4818.8000 2.59806964
4818.8500 2.59972643
4818.9000 2.60138322
4818.9500 2.60051278
4819.0000 2.58887628
4819.0500 2.57723977
4819.1000 2.56560326
4819.1500 2.55634234
4819.2000 2.55014687
4819.2500 2.5439514
4819.3000 2.53775592
4819.3500 2.54084473
4819.4000 2.54821355
4819.4500 2.55558236
4819.5000 2.56295118
4819.5500 2.57421768
4819.6000 2.585761
4819.6500 2.59730431
4819.7000 2.60480173
4819.7500 2.5943899
4819.8000 2.58397806
4819.8500 2.57356623
4819.9000 2.5698999
4819.9500 2.57495099
4820.0000 2.58000207
4820.0500 2.58505316
4820.1000 2.58066398
4820.1500 2.57202481
4820.2000 2.56338564
4820.2500 2.55474647
4820.3000 2.54647007
4820.3500 2.53821509
4820.4000 2.5299601
4820.4500 2.52558364
4820.5000 2.53669083
4820.5500 2.54779802
4820.6000 2.55890521
4820.6500 2.56633289
4820.7000 2.56940173
4820.7500 2.57247057
4820.8000 2.5755394
4820.8500 2.57973709
4820.9000 2.58438135
4820.9500 2.5890256
4821.0000 2.59366985
4821.0500 2.58377956
4821.1000 2.57354271
4821.1500 2.56330587
4821.2000 2.55140189
4821.2500 2.53416766
4821.3000 2.51693344
4821.3500 2.49969921
4821.4000 2.49751838
4821.4500 2.51032106
4821.5000 2.52312374
4821.5500 2.53592642
4821.6000 2.52982141
4821.6500 2.51792256
4821.7000 2.5060237
4821.7500 2.49424475
4821.8000 2.48620136
4821.8500 2.47815797
4821.9000 2.47011458
4821.9500 2.46858028
4822.0000 2.48236998
4822.0500 2.49615969
4822.1000 2.50994939
4822.1500 2.5239625
4822.2000 2.53814655
4822.2500 2.55233059
4822.3000 2.56651464
4822.3500 2.55139375
4822.4000 2.53053692
4822.4500 2.50968009
4822.5000 2.49322187
4822.5500 2.51329841
4822.6000 2.53337494
4822.6500 2.55345148
4822.7000 2.56602516
4822.7500 2.56635648
4822.8000 2.5666878
4822.8500 2.56701913
4822.9000 2.55408517
4822.9500 2.53412962
4823.0000 2.51417407
4823.0500 2.49421852
4823.1000 2.49047913
4823.1500 2.48797601
4823.2000 2.4854729
4823.2500 2.4838189
4823.3000 2.48544137
4823.3500 2.48706384
4823.4000 2.4886863
4823.4500 2.50336101
4823.5000 2.53195923
4823.5500 2.56055746
4823.6000 2.58915568
4823.6500 2.58141035
4823.7000 2.56239245
4823.7500 2.54337454
4823.8000 2.52507193
4823.8500 2.522292
4823.9000 2.51951208
4823.9500 2.51673215
4824.0000 2.5159356
4824.0500 2.51923555
4824.1000 2.5225355
4824.1500 2.52583544
4824.2000 2.53842475
4824.2500 2.55695895
4824.3000 2.57549315
4824.3500 2.59402735
4824.4000 2.58315372
4824.4500 2.56881886
4824.5000 2.554484
4824.5500 2.54146626
4824.6000 2.53440804
4824.6500 2.52734983
4824.7000 2.52029162
4824.7500 2.52937285
4824.8000 2.55674933
4824.8500 2.5841258
4824.9000 2.61150228
4824.9500 2.61161867
4825.0000 2.6030211
4825.0500 2.59442353
4825.1000 2.58718711
4825.1500 2.60681353
4825.2000 2.62643995
4825.2500 2.64606637
4825.3000 2.65334808
4825.3500 2.63667357
4825.4000 2.61999907
4825.4500 2.60332457
4825.5000 2.58337143
4825.5500 2.56151978
4825.6000 2.53966813
4825.6500 2.51781648
4825.7000 2.53627247
4825.7500 2.55786061
4825.8000 2.57944875
4825.8500 2.6001026
4825.9000 2.61751778
4825.9500 2.63493295
4826.0000 2.65234813
4826.0500 2.64384109
4826.1000 2.61152705
4826.1500 2.579213
4826.2000 2.54689896
4826.2500 2.53586483
4826.3000 2.5295009
4826.3500 2.52313698
4826.4000 2.51711026
4826.4500 2.51355217
4826.5000 2.50999407
4826.5500 2.50643597
4826.6000 2.50586333
4826.6500 2.50938447
4826.7000 2.5129056
4826.7500 2.51642673
4826.8000 2.50779434
4826.8500 2.4945438
4826.9000 2.48129326
4826.9500 2.46851326
4827.0000 2.47151055
4827.0500 2.47450783
4827.1000 2.47750511
4827.1500 2.47851439
4827.2000 2.47557136
4827.2500 2.47262832
4827.3000 2.46968529
4827.3500 2.46941748
4827.4000 2.47064304
4827.4500 2.47186859
4827.5000 2.47309415
4827.5500 2.46375396
4827.6000 2.45386047
4827.6500 2.44396698
4827.7000 2.44057397
4827.7500 2.45567149
4827.8000 2.47076902
4827.8500 2.48586655
4827.9000 2.48366583
4827.9500 2.46848873
4828.0000 2.45331162
4828.0500 2.43813451
4828.1000 2.42844879
4828.1500 2.41948342
4828.2000 2.41051805
4828.2500 2.40897511
4828.3000 2.43748103
4828.3500 2.46598696
4828.4000 2.49449288
4828.4500 2.50186269
4828.5000 2.48920974
4828.5500 2.47655679
4828.6000 2.46390384
4828.6500 2.44761118
4828.7000 2.43057494
4828.7500 2.4135387
4828.8000 2.39799641
4828.8500 2.39101437
4828.9000 2.38403232
4828.9500 2.37705028
4829.0000 2.37758601
4829.0500 2.38666026
4829.1000 2.3957345
4829.1500 2.40480875
4829.2000 2.4221865
4829.2500 2.44178171
4829.3000 2.46137693
4829.3500 2.47701296
4829.4000 2.46114707
4829.4500 2.44528119
4829.5000 2.42941531
4829.5500 2.41988487
4829.6000 2.41856782
4829.6500 2.41725077
4829.7000 2.41593373
4829.7500 2.44007161
4829.8000 2.47221844
4829.8500 2.50436526
4829.9000 2.53089364
4829.9500 2.4986643
4830.0000 2.46643496
4830.0500 2.43420562
4830.1000 2.4170291
4830.1500 2.42104721
4830.2000 2.42506532
4830.2500 2.42908343
4830.3000 2.40796812
4830.3500 2.37823571
4830.4000 2.34850329
4830.4500 2.32091178
4830.5000 2.31954161
4830.5500 2.31817144
4830.6000 2.31680127
4830.6500 2.3304707
4830.7000 2.36599063
4830.7500 2.40151056
4830.8000 2.43703049
4830.8500 2.454534
4830.9000 2.46574974
4830.9500 2.47696547
4831.0000 2.48530179
4831.0500 2.45877537
4831.1000 2.43224895
4831.1500 2.40572253
4831.2000 2.39044043
4831.2500 2.39115998
4831.3000 2.39187952
4831.3500 2.39259907
4831.4000 2.39388854
4831.4500 2.39536747
4831.5000 2.39684641
4831.5500 2.3976982
4831.6000 2.39218662
4831.6500 2.38667504
4831.7000 2.38116346
4831.7500 2.38917322
4831.8000 2.41508283
4831.8500 2.44099244
4831.9000 2.46690205
4831.9500 2.44292088
4832.0000 2.40423374
4832.0500 2.3655466
4832.1000 2.33102244
4832.1500 2.32829648
4832.2000 2.32557052
4832.2500 2.32284456
4832.3000 2.33885002
4832.3500 2.3767925
4832.4000 2.41473497
4832.4500 2.45267745
4832.5000 2.43963987
4832.5500 2.41439593
4832.6000 2.389152
4832.6500 2.37143728
4832.7000 2.39493963
4832.7500 2.41844199
4832.8000 2.44194434
4832.8500 2.44161961
4832.9000 2.41779919
4832.9500 2.39397877
4833.0000 2.37015836
4833.0500 2.37055004
4833.1000 2.37508261
4833.1500 2.37961518
4833.2000 2.37924966
4833.2500 2.35998332
4833.3000 2.34071698
4833.3500 2.32145063
4833.4000 2.32362314
4833.4500 2.34270354
4833.5000 2.36178394
4833.5500 2.38086433
4833.6000 2.37204915
4833.6500 2.36060104
4833.7000 2.34915293
4833.7500 2.34296473
4833.8000 2.35100921
4833.8500 2.3590537
4833.9000 2.36709819
4833.9500 2.36066688
4834.0000 2.34563636
4834.0500 2.33060584
4834.1000 2.31557532
4834.1500 2.32040693
4834.2000 2.32551558
4834.2500 2.33062423
4834.3000 2.33417817
4834.3500 2.33480072
4834.4000 2.33542328
4834.4500 2.33604583
4834.5000 2.33961823
4834.5500 2.34440553
4834.6000 2.34919284
4834.6500 2.35273411
4834.7000 2.34007786
4834.7500 2.32742161
4834.8000 2.31476537
4834.8500 2.31025858
4834.9000 2.31629431
4834.9500 2.32233004
4835.0000 2.32836577
4835.0500 2.31631282
4835.1000 2.29979284
4835.1500 2.28327285
4835.2000 2.27428926
4835.2500 2.30227455
4835.3000 2.33025983
4835.3500 2.35824511
4835.4000 2.38061007
4835.4500 2.39815125
4835.5000 2.41569243
4835.5500 2.43323361
4835.6000 2.42294496
4835.6500 2.40984823
4835.7000 2.3967515
4835.7500 2.38961272
4835.8000 2.39779638
4835.8500 2.40598004
4835.9000 2.41416369
4835.9500 2.40765285
4836.0000 2.39333408
4836.0500 2.3790153
4836.1000 2.36537569
4836.1500 2.37577231
4836.2000 2.38616894
4836.2500 2.39656557
4836.3000 2.39982483
4836.3500 2.39252657
4836.4000 2.38522831
4836.4500 2.37793005
4836.5000 2.37734244
4836.5500 2.37864037
4836.6000 2.37993829
4836.6500 2.38103257
4836.7000 2.38105265
4836.7500 2.38107273
4836.8000 2.3810928
4836.8500 2.38430365
4836.9000 2.39023801
4836.9500 2.39617236
4837.0000 2.40210671
4837.0500 2.38960321
4837.1000 2.37551943
4837.1500 2.36143566
4837.2000 2.35478836
4837.2500 2.36516408
4837.3000 2.3755398
4837.3500 2.38591552
4837.4000 2.39645564
4837.4500 2.40707016
4837.5000 2.41768468
4837.5500 2.42652533
4837.6000 2.41324748
4837.6500 2.39996962
4837.7000 2.38669176
4837.7500 2.37971791
4837.8000 2.38010037
4837.8500 2.38048282
4837.9000 2.38086528
4837.9500 2.3817051
4838.0000 2.38262553
4838.0500 2.38354597
4838.1000 2.3845497
4838.1500 2.38581688
4838.2000 2.38708407
4838.2500 2.38835125
4838.3000 2.3822951
4838.3500 2.37196991
4838.4000 2.36164473
4838.4500 2.3511732
4838.5000 2.33491597
4838.5500 2.31865874
4838.6000 2.30240151
4838.6500 2.30526086
4838.7000 2.33462497
4838.7500 2.36398909
4838.8000 2.39335321
4838.8500 2.35959971
4838.9000 2.31150081
4838.9500 2.26340191
4839.0000 2.22736492
4839.0500 2.23615682
4839.1000 2.24494871
4839.1500 2.25374061
4839.2000 2.29143949
4839.2500 2.34756914
4839.3000 2.40369879
4839.3500 2.45887327
4839.4000 2.42587164
4839.4500 2.39287001
4839.5000 2.35986839
4839.5500 2.33031375
4839.6000 2.30567442
4839.6500 2.28103509
4839.7000 2.25639575
4839.7500 2.29575649
4839.8000 2.34963278
4839.8500 2.40350907
4839.9000 2.43565982
4839.9500 2.3905464
4840.0000 2.34543297
4840.0500 2.30031954
4840.1000 2.30806566
4840.1500 2.34749375
4840.2000 2.38692184
4840.2500 2.42438945
4840.3000 2.40341402
4840.3500 2.38243859
4840.4000 2.36146316
4840.4500 2.35535609
4840.5000 2.36808861
4840.5500 2.38082112
4840.6000 2.39355363
4840.6500 2.3668692
4840.7000 2.33329214
4840.7500 2.29971509
4840.8000 2.27357974
4840.8500 2.26833453
4840.9000 2.26308933
4840.9500 2.25784412
4841.0000 2.24571234
4841.0500 2.23027377
4841.1000 2.2148352
4841.1500 2.2029237
4841.2000 2.22669222
4841.2500 2.25046073
4841.3000 2.27422925
4841.3500 2.28411997
4841.4000 2.28044892
4841.4500 2.27677787
4841.5000 2.27310682
4841.5500 2.27660339
4841.6000 2.28069798
4841.6500 2.28479257
4841.7000 2.28209737
4841.7500 2.26631894
4841.8000 2.2505405
4841.8500 2.23476207
4841.9000 2.2502571
4841.9500 2.27553287
4842.0000 2.30080863
4842.0500 2.31622243
4842.1000 2.28769541
4842.1500 2.2591684
4842.2000 2.23064138
4842.2500 2.22269756
4842.3000 2.22812094
4842.3500 2.23354432
4842.4000 2.2390373
4842.4500 2.24672892
4842.5000 2.25442054
4842.5500 2.26211215
4842.6000 2.26182305
4842.6500 2.25203348
4842.7000 2.24224391
4842.7500 2.23245433
4842.8000 2.22179279
4842.8500 2.21101662
4842.9000 2.20024044
4842.9500 2.19810057
4843.0000 2.21495675
4843.0500 2.23181292
4843.1000 2.2486691
4843.1500 2.25645961
4843.2000 2.26110954
4843.2500 2.26575948
4843.3000 2.26920758
4843.3500 2.26696275
4843.4000 2.26471792
4843.4500 2.2624731
4843.5000 2.26822684
4843.5500 2.27915153
4843.6000 2.29007623
4843.6500 2.29900798
4843.7000 2.26229846
4843.7500 2.22558894
4843.8000 2.18887942
4843.8500 2.18078141
4843.9000 2.20395809
4843.9500 2.22713477
4844.0000 2.25031145
4844.0500 2.24027572
4844.1000 2.22715993
4844.1500 2.21404415
4844.2000 2.19432003
4844.2500 2.16253361
4844.3000 2.13074719
4844.3500 2.09896078
4844.4000 2.11573729
4844.4500 2.14509815
4844.5000 2.17445901
4844.5500 2.19431754
4844.6000 2.183396
4844.6500 2.17247445
4844.7000 2.16155291
4844.7500 2.14956602
4844.8000 2.13707555
4844.8500 2.12458509
4844.9000 2.11347541
4844.9500 2.11215453
4845.0000 2.11083365
4845.0500 2.10951277
4845.1000 2.11793284
4845.1500 2.1337118
4845.2000 2.14949076
4845.2500 2.16474661
4845.3000 2.14998512
4845.3500 2.13522363
4845.4000 2.12046215
4845.4500 2.10602198
4845.5000 2.09194993
4845.5500 2.07787789
4845.6000 2.06380585
4845.6500 2.07178214
4845.7000 2.08176923
4845.7500 2.09175632
4845.8000 2.10860891
4845.8500 2.13724004
4845.9000 2.16587118
4845.9500 2.19450232
4846.0000 2.1650743
4846.0500 2.12303152
4846.1000 2.08098875
4846.1500 2.05437093
4846.2000 2.06817067
4846.2500 2.08197041
4846.3000 2.09577015
4846.3500 2.11305271
4846.4000 2.13160789
4846.4500 2.15016306
4846.5000 2.16663899
4846.5500 2.17425085
4846.6000 2.18186271
4846.6500 2.18947456
4846.7000 2.17848723
4846.7500 2.15744378
4846.8000 2.13640033
4846.8500 2.11249117
4846.9000 2.06529645
4846.9500 2.01810173
4847.0000 1.97090701
4847.0500 1.97058167
4847.1000 2.00539105
4847.1500 2.04020043
4847.2000 2.07311113
4847.2500 2.05362406
4847.3000 2.03413699
4847.3500 2.01464991
4847.4000 2.01561316
4847.4500 2.03703975
4847.5000 2.05846634
4847.5500 2.07989292
4847.6000 2.08558526
4847.6500 2.09072661
4847.7000 2.09586796
4847.7500 2.10240228
4847.8000 2.11075366
4847.8500 2.11910504
4847.9000 2.12745642
4847.9500 2.14344468
4848.0000 2.16025162
4848.0500 2.17705855
4848.1000 2.15528161
4848.1500 2.06888672
4848.2000 1.98249182
4848.2500 1.89609692
4848.3000 1.91817261
4848.3500 1.95999167
4848.4000 2.00181074
4848.4500 2.0264865
4848.5000 2.01466779
4848.5500 2.00284909
4848.6000 1.99103038
4848.6500 1.97725829
4848.7000 1.96298146
4848.7500 1.94870464
4848.8000 1.93836884
4848.8500 1.93862464
4848.9000 1.93888045
4848.9500 1.93913626
4849.0000 1.94301327
4849.0500 1.9481028
4849.1000 1.95319233
4849.1500 1.95398332
4849.2000 1.94026799
4849.2500 1.92655267
4849.3000 1.91283734
4849.3500 1.94978002
4849.4000 2.0074667
4849.4500 2.06515338
4849.5000 2.1027204
4849.5500 2.05552137
4849.6000 2.00832235
4849.6500 1.96112332
4849.7000 1.91833909
4849.7500 1.87767435
4849.8000 1.83700962
4849.8500 1.80509377
4849.9000 1.81880257
4849.9500 1.83251136
4850.0000 1.84622016
4850.0500 1.87142501
4850.1000 1.90288466
4850.1500 1.9343443
4850.2000 1.95872138
4850.2500 1.9380369
4850.3000 1.91735243
4850.3500 1.89666796
4850.4000 1.89302366
4850.4500 1.89958247
4850.5000 1.90614128
4850.5500 1.91310111
4850.6000 1.92309928
4850.6500 1.93309744
4850.7000 1.94309561
4850.7500 1.93160339
4850.8000 1.90632405
4850.8500 1.88104472
4850.9000 1.86087373
4850.9500 1.88508116
4851.0000 1.9092886
4851.0500 1.93349603
4851.1000 1.95029255
4851.1500 1.96212241
4851.2000 1.97395226
4851.2500 1.98287251
4851.3000 1.96430271
4851.3500 1.9457329
4851.4000 1.9271631
4851.4500 1.91410712
4851.5000 1.90481747
4851.5500 1.89552782
4851.6000 1.88760482
4851.6500 1.89284465
4851.7000 1.89808448
4851.7500 1.90332432
4851.8000 1.89719861
4851.8500 1.88335062
4851.9000 1.86950263
4851.9500 1.85608383
4852.0000 1.84660294
4852.0500 1.83712205
4852.1000 1.82764116
4852.1500 1.74816278
4852.2000 1.62251995
4852.2500 1.49687713
4852.3000 1.39939645
4852.3500 1.53363926
4852.4000 1.66788207
4852.4500 1.80212488
4852.5000 1.87528149
4852.5500 1.91029573
4852.6000 1.94530996
4852.6500 1.96842158
4852.7000 1.90770018
4852.7500 1.84697878
4852.8000 1.78625738
4852.8500 1.78308833
4852.9000 1.81306976
4852.9500 1.8430512
4853.0000 1.86749014
4853.0500 1.85955439
4853.1000 1.85161864
4853.1500 1.8436829
4853.2000 1.83740842
4853.2500 1.83199241
4853.3000 1.82657639
4853.3500 1.82671633
4853.4000 1.85324851
4853.4500 1.87978069
4853.5000 1.90631287
4853.5500 1.87589167
4853.6000 1.81988021
4853.6500 1.76386875
4853.7000 1.72148976
4853.7500 1.73116862
4853.8000 1.74084749
4853.8500 1.75052636
4853.9000 1.76648854
4853.9500 1.78481558
4854.0000 1.80314262
4854.0500 1.81376484
4854.1000 1.80090359
4854.1500 1.78804234
4854.2000 1.77518109
4854.2500 1.76422309
4854.3000 1.75383677
4854.3500 1.74345045
4854.4000 1.74128977
4854.4500 1.75902938
4854.5000 1.77676898
4854.5500 1.79450859
4854.6000 1.77019264
4854.6500 1.73648052
4854.7000 1.7027684
4854.7500 1.69066157
4854.8000 1.71979631
4854.8500 1.74893105
4854.9000 1.77806579
4854.9500 1.73830693
4855.0000 1.68840367
4855.0500 1.63850042
4855.1000 1.60690938
4855.1500 1.60267201
4855.2000 1.59843464
4855.2500 1.59419727
4855.3000 1.6017355
4855.3500 1.61013514
4855.4000 1.61853478
4855.4500 1.63120539
4855.5000 1.64880685
4855.5500 1.66640831
4855.6000 1.68400977
4855.6500 1.68594983
4855.7000 1.68785745
4855.7500 1.68976508
4855.8000 1.66916223
4855.8500 1.62885232
4855.9000 1.58854242
4855.9500 1.54989426
4856.0000 1.53334013
4856.0500 1.51678599
4856.1000 1.50023186
4856.1500 1.50800636
4856.2000 1.53145449
4856.2500 1.55490262
4856.3000 1.57647
4856.3500 1.58720125
4856.4000 1.59793249
4856.4500 1.60866373
4856.5000 1.58037572
4856.5500 1.53448243
4856.6000 1.48858914
4856.6500 1.46430998
4856.7000 1.51167583
4856.7500 1.55904168
4856.8000 1.60640753
4856.8500 1.58263698
4856.9000 1.53832327
4856.9500 1.49400955
4857.0000 1.4501788
4857.0500 1.40736701
4857.1000 1.36455521
4857.1500 1.32174341
4857.2000 1.35891753
4857.2500 1.40818153
4857.3000 1.45744553
4857.3500 1.48937519
4857.4000 1.49710091
4857.4500 1.50482663
4857.5000 1.51255235
4857.5500 1.47870069
4857.6000 1.44344832
4857.6500 1.40819595
4857.7000 1.40073118
4857.7500 1.4190201
4857.8000 1.43730902
4857.8500 1.45480036
4857.9000 1.46202173
4857.9500 1.46924311
4858.0000 1.47646449
4858.0500 1.47689363
4858.1000 1.47327561
4858.1500 1.4696576
4858.2000 1.46640547
4858.2500 1.46479047
4858.3000 1.46317548
4858.3500 1.46156048
4858.4000 1.42289839
4858.4500 1.37123373
4858.5000 1.31956907
4858.5500 1.31648842
4858.6000 1.42718681
4858.6500 1.53788519
4858.7000 1.64858358
4858.7500 1.60841113
4858.8000 1.54362615
4858.8500 1.47884118
4858.9000 1.44840652
4858.9500 1.465069
4859.0000 1.48173147
4859.0500 1.49839395
4859.1000 1.48341298
4859.1500 1.46795805
4859.2000 1.45250312
4859.2500 1.44514042
4859.3000 1.44439256
4859.3500 1.44364469
4859.4000 1.43153332
4859.4500 1.33341654
4859.5000 1.23529976
4859.5500 1.13718298
4859.6000 1.16664898
4859.6500 1.25487275
4859.7000 1.34309651
4859.7500 1.41448724
4859.8000 1.43647518
4859.8500 1.45846312
4859.9000 1.48045107
4859.9500 1.44194243
4860.0000 1.39060957
4860.0500 1.3392767
4860.1000 1.31730438
4860.1500 1.33982629
4860.2000 1.36234821
4860.2500 1.38487012
4860.3000 1.44720633
4860.3500 1.51071099
4860.4000 1.57421565
4860.4500 1.59883293
4860.5000 1.59123627
4860.5500 1.58363961
4860.6000 1.57093451
4860.6500 1.52209583
4860.7000 1.47325714
4860.7500 1.42441845
4860.8000 1.44448371
4860.8500 1.49375732
4860.9000 1.54303092
4860.9500 1.5792454
4861.0000 1.58224708
4861.0500 1.58524876
4861.1000 1.58825043
4861.1500 1.50784535
4861.2000 1.41427252
4861.2500 1.32069968
4861.3000 1.31554825
4861.3500 1.41997388
4861.4000 1.5243995
4861.4500 1.62503944
4861.5000 1.60734252
4861.5500 1.5896456
4861.6000 1.57194869
4861.6500 1.52904386
4861.7000 1.4704861
4861.7500 1.41192834
4861.8000 1.39041664
4861.8500 1.51315267
4861.9000 1.6358887
4861.9500 1.75862473
4862.0000 1.66626776
4862.0500 1.51785467
4862.1000 1.36944158
4862.1500 1.35738927
4862.2000 1.56437176
4862.2500 1.77135424
4862.3000 1.97833673
4862.3500 1.79806719
4862.4000 1.60811705
4862.4500 1.4181669
4862.5000 1.37731091
4862.5500 1.44937191
4862.6000 1.52143291
4862.6500 1.57633248
4862.7000 1.54372899
4862.7500 1.5111255
4862.8000 1.47852202
4862.8500 1.46559282
4862.9000 1.45886302
4862.9500 1.45213321
4863.0000 1.45776062
4863.0500 1.4855161
4863.1000 1.51327158
4863.1500 1.54102706
4863.2000 1.46193328
4863.2500 1.37812859
4863.3000 1.2943239
4863.3500 1.24837919
4863.4000 1.23233686
4863.4500 1.21629454
4863.5000 1.20482014
4863.5500 1.21712071
4863.6000 1.22942128
4863.6500 1.24172185
4863.7000 1.24793625
4863.7500 1.25228232
4863.8000 1.25662838
4863.8500 1.26142729
4863.9000 1.26699533
4863.9500 1.27256337
4864.0000 1.27813141
4864.0500 1.34459254
4864.1000 1.41245194
4864.1500 1.48031133
4864.2000 1.49978004
4864.2500 1.48506563
4864.3000 1.47035122
4864.3500 1.4636456
4864.4000 1.48978943
4864.4500 1.51593327
4864.5000 1.5420771
4864.5500 1.46622903
4864.6000 1.3660683
4864.6500 1.26590757
4864.7000 1.18977081
4864.7500 1.14674058
4864.8000 1.10371034
4864.8500 1.07006989
4864.9000 1.29514257
4864.9500 1.52021525
4865.0000 1.74528794
4865.0500 1.68638778
4865.1000 1.47528113
4865.1500 1.26417449
4865.2000 1.11051189
4865.2500 1.11328577
4865.3000 1.11605965
4865.3500 1.11883353
4865.4000 1.1760698
4865.4500 1.24020107
4865.5000 1.30433233
4865.5500 1.30093469
4865.6000 1.23218295
4865.6500 1.16343122
4865.7000 1.11345107
4865.7500 1.18881501
4865.8000 1.26417895
4865.8500 1.33954289
4865.9000 1.29686624
4865.9500 1.21564384
4866.0000 1.13442145
4866.0500 1.11956529
4866.1000 1.21348198
4866.1500 1.30739868
4866.2000 1.40136349
4866.2500 1.50395669
4866.3000 1.60654989
4866.3500 1.7091431
4866.4000 1.73611492
4866.4500 1.71936991
4866.5000 1.7026249
4866.5500 1.71176458
4866.6000 1.79332277
4866.6500 1.87488096
4866.7000 1.95643915
4866.7500 1.83468607
4866.8000 1.68894703
4866.8500 1.54320798
4866.9000 1.50699069
4866.9500 1.56901451
4867.0000 1.63103832
4867.0500 1.67741039
4867.1000 1.64242311
4867.1500 1.60743583
4867.2000 1.57244855
4867.2500 1.56618822
4867.3000 1.56724255
4867.3500 1.56829688
4867.4000 0
4867.4500 0
4867.5000 0
