5139.0500 4.08757925
5139.1000 4.10243636
5139.1500 4.1251439
5139.2000 4.14785144
5139.2500 4.17055898
5139.3000 4.19326652
5139.3500 4.19832817
5139.4000 4.17570491
5139.4500 4.15308166
5139.5000 4.1304584
5139.5500 4.10783515
5139.6000 4.11095393
5139.6500 4.13477116
5139.7000 4.15858838
5139.7500 4.1824056
5139.8000 4.20622282
5139.8500 4.16025551
5139.9000 4.08718767
5139.9500 4.01411984
5140.0000 3.941052
5140.0500 3.86798416
5140.1000 3.88655255
5140.1500 3.91677053
5140.2000 3.94698852
5140.2500 3.97720651
5140.3000 4.00724812
5140.3500 4.03426453
5140.4000 4.06128094
5140.4500 4.08829735
5140.5000 4.11531376
5140.5500 4.13540747
5140.6000 4.1315077
5140.6500 4.12760793
5140.7000 4.12370816
5140.7500 4.11980839
5140.8000 4.10229421
5140.8500 4.06381387
5140.9000 4.02533353
5140.9500 3.98685319
5141.0000 3.94837285
5141.0500 3.9514521
5141.1000 3.98660179
5141.1500 4.02175147
5141.2000 4.05690116
5141.2500 4.09205084
5141.3000 4.11105101
5141.3500 4.1242623
5141.4000 4.13747359
5141.4500 4.15068488
5141.5000 4.16389618
5141.5500 4.18461136
5141.6000 4.20607975
5141.6500 4.22754815
5141.7000 4.24901654
5141.7500 4.26721308
5141.8000 4.24896843
5141.8500 4.23072377
5141.9000 4.21247912
5141.9500 4.19423447
5142.0000 4.17382618
5142.0500 4.14716126
5142.1000 4.12049633
5142.1500 4.09383141
5142.2000 4.06716648
5142.2500 4.05785392
5142.3000 4.07131165
5142.3500 4.08476939
5142.4000 4.09822712
5142.4500 4.11168486
5142.5000 4.10876427
5142.5500 4.09532703
5142.6000 4.08188979
5142.6500 4.06845256
5142.7000 4.05501532
5142.7500 4.04955049
5142.8000 4.04625076
5142.8500 4.04295102
5142.9000 4.03965129
5142.9500 4.03635155
5143.0000 4.0955384
5143.0500 4.15700187
5143.1000 4.21846533
5143.1500 4.2799288
5143.2000 4.32250077
5143.2500 4.25298509
5143.3000 4.18346941
5143.3500 4.11395373
5143.4000 4.04443805
5143.4500 4.01354001
5143.5000 4.06299921
5143.5500 4.11245841
5143.6000 4.16191761
5143.6500 4.2113768
5143.7000 4.21969996
5143.7500 4.18784806
5143.8000 4.15599616
5143.8500 4.12414426
5143.9000 4.09229236
5143.9500 4.06727805
5144.0000 4.04536157
5144.0500 4.0234451
5144.1000 4.00152863
5144.1500 3.97961215
5144.2000 3.99801442
5144.2500 4.02236327
5144.3000 4.04671211
5144.3500 4.07106096
5144.4000 4.09585902
5144.4500 4.12827185
5144.5000 4.16068467
5144.5500 4.19309749
5144.6000 4.22551032
5144.6500 4.23611166
5144.7000 4.17799027
5144.7500 4.11986888
5144.8000 4.06174749
5144.8500 4.0036261
5144.9000 3.96990836
5144.9500 3.96892379
5145.0000 3.96793923
5145.0500 3.96695466
5145.1000 3.9659701
5145.1500 4.01221615
5145.2000 4.08811991
5145.2500 4.16402367
5145.3000 4.23992743
5145.3500 4.31583119
5145.4000 4.27542772
5145.4500 4.20638608
5145.5000 4.13734443
5145.5500 4.06830278
5145.6000 3.99926113
5145.6500 3.99887912
5145.7000 3.99908248
5145.7500 3.99928583
5145.8000 3.99948919
5145.8500 4.00510716
5145.9000 4.03511789
5145.9500 4.06512863
5146.0000 4.09513937
5146.0500 4.1251501
5146.1000 4.12990018
5146.1500 4.09214127
5146.2000 4.05438236
5146.2500 4.01662345
5146.3000 3.97886454
5146.3500 3.98690616
5146.4000 4.03023642
5146.4500 4.07356668
5146.5000 4.11689694
5146.5500 4.1602272
5146.6000 4.16520696
5146.6500 4.15793464
5146.7000 4.15066232
5146.7500 4.14338999
5146.8000 4.13611767
5146.8500 4.0704934
5146.9000 4.00192204
5146.9500 3.93335067
5147.0000 3.86477931
5147.0500 3.81199281
5147.1000 3.85083255
5147.1500 3.88967229
5147.2000 3.92851202
5147.2500 3.96735176
5147.3000 3.99351915
5147.3500 3.99541131
5147.4000 3.99730347
5147.4500 3.99919563
5147.5000 4.00108779
5147.5500 3.9912155
5147.6000 3.97132153
5147.6500 3.95142755
5147.7000 3.93153358
5147.7500 3.91163961
5147.8000 3.92459913
5147.8500 3.94922178
5147.9000 3.97384444
5147.9500 3.99846709
5148.0000 4.02308975
5148.0500 4.0016055
5148.1000 3.97702156
5148.1500 3.95243762
5148.2000 3.92785367
5148.2500 3.90526046
5148.3000 3.89520708
5148.3500 3.8851537
5148.4000 3.87510031
5148.4500 3.86504693
5148.5000 3.86957697
5148.5500 3.90267028
5148.6000 3.9357636
5148.6500 3.96885691
5148.7000 4.00195023
5148.7500 4.00897273
5148.8000 3.9937856
5148.8500 3.97859848
5148.9000 3.96341135
5148.9500 3.94822423
5149.0000 3.94262262
5149.0500 3.94033698
5149.1000 3.93805135
5149.1500 3.93576571
5149.2000 3.93348008
5149.2500 3.94734536
5149.3000 3.96211513
5149.3500 3.9768849
5149.4000 3.99165466
5149.4500 4.00039701
5149.5000 3.97550239
5149.5500 3.95060778
5149.6000 3.92571317
5149.6500 3.90081856
5149.7000 3.88069088
5149.7500 3.86911332
5149.8000 3.85753577
5149.8500 3.84595821
5149.9000 3.83438066
5149.9500 3.84021615
5150.0000 3.8594605
5150.0500 3.87870485
5150.1000 3.89794919
5150.1500 3.91719354
5150.2000 3.89516842
5150.2500 3.86102157
5150.3000 3.82687472
5150.3500 3.79272787
5150.4000 3.75858102
5150.4500 3.75724696
5150.5000 3.7565151
5150.5500 3.75578325
5150.6000 3.7550514
5150.6500 3.76118501
5150.7000 3.79621066
5150.7500 3.83123631
5150.8000 3.86626196
5150.8500 3.90128762
5150.9000 3.91948925
5150.9500 3.91277144
5151.0000 3.90605363
5151.0500 3.89933582
5151.1000 3.89261801
5151.1500 3.90874025
5151.2000 3.93915603
5151.2500 3.96957181
5151.3000 3.99998759
5151.3500 4.03040337
5151.4000 4.01326106
5151.4500 3.9862489
5151.5000 3.95923675
5151.5500 3.93222459
5151.6000 3.9061252
5151.6500 3.90073928
5151.7000 3.89535337
5151.7500 3.88996745
5151.8000 3.88458153
5151.8500 3.88181902
5151.9000 3.88662924
5151.9500 3.89143946
5152.0000 3.89624967
5152.0500 3.90105989
5152.1000 3.88969004
5152.1500 3.86032165
5152.2000 3.83095327
5152.2500 3.80158488
5152.3000 3.77221649
5152.3500 3.75112643
5152.4000 3.7337466
5152.4500 3.71636676
5152.5000 3.69898693
5152.5500 3.68160709
5152.6000 3.73579133
5152.6500 3.79716916
5152.7000 3.85854699
5152.7500 3.91992482
5152.8000 3.96990309
5152.8500 3.94209966
5152.9000 3.91429623
5152.9500 3.88649281
5153.0000 3.85868938
5153.0500 3.83420724
5153.1000 3.81594747
5153.1500 3.79768771
5153.2000 3.77942794
5153.2500 3.76116818
5153.3000 3.73418024
5153.3500 3.7005869
5153.4000 3.66699355
5153.4500 3.6334002
5153.5000 3.59980686
5153.5500 3.62745199
5153.6000 3.67123336
5153.6500 3.71501474
5153.7000 3.75879612
5153.7500 3.80214092
5153.8000 3.81625178
5153.8500 3.83036263
5153.9000 3.84447348
5153.9500 3.85858434
5154.0000 3.85954253
5154.0500 3.81862194
5154.1000 3.77770135
5154.1500 3.73678076
5154.2000 3.69586017
5154.2500 3.68705028
5154.3000 3.71528605
5154.3500 3.74352182
5154.4000 3.77175759
5154.4500 3.79999336
5154.5000 3.82493384
5154.5500 3.84839845
5154.6000 3.87186306
5154.6500 3.89532766
5154.7000 3.91879227
5154.7500 3.91250515
5154.8000 3.9035622
5154.8500 3.89461925
5154.9000 3.88567629
5154.9500 3.87850106
5155.0000 3.88162753
5155.0500 3.88475399
5155.1000 3.88788046
5155.1500 3.89100693
5155.2000 3.89272987
5155.2500 3.89212265
5155.3000 3.89151543
5155.3500 3.89090821
5155.4000 3.89030099
5155.4500 3.89060076
5155.5000 3.89148924
5155.5500 3.89237773
5155.6000 3.89326622
5155.6500 3.89415471
5155.7000 3.89298411
5155.7500 3.89141521
5155.8000 3.88984631
5155.8500 3.88827742
5155.9000 3.88491853
5155.9500 3.85795144
5156.0000 3.83098435
5156.0500 3.80401727
5156.1000 3.77705018
5156.1500 3.76486502
5156.2000 3.78651028
5156.2500 3.80815553
5156.3000 3.82980079
5156.3500 3.85144604
5156.4000 3.86244732
5156.4500 3.86433465
5156.5000 3.86622198
5156.5500 3.86810932
5156.6000 3.86999665
5156.6500 3.85967115
5156.7000 3.84578787
5156.7500 3.83190458
5156.8000 3.8180213
5156.8500 3.8043297
5156.9000 3.8076623
5156.9500 3.8109949
5157.0000 3.81432751
5157.0500 3.81766011
5157.1000 3.81745201
5157.1500 3.8065597
5157.2000 3.79566738
5157.2500 3.78477507
5157.3000 3.77388275
5157.3500 3.76203574
5157.4000 3.749186
5157.4500 3.73633627
5157.5000 3.72348653
5157.5500 3.71063679
5157.6000 3.72267856
5157.6500 3.74403928
5157.7000 3.76539999
5157.7500 3.7867607
5157.8000 3.80812141
5157.8500 3.79442647
5157.9000 3.77959208
5157.9500 3.76475768
5158.0000 3.74992329
5158.0500 3.73382396
5158.1000 3.71298008
5158.1500 3.6921362
5158.2000 3.67129232
5158.2500 3.65044843
5158.3000 3.64474374
5158.3500 3.65728193
5158.4000 3.66982011
5158.4500 3.6823583
5158.5000 3.69489648
5158.5500 3.73941089
5158.6000 3.79778725
5158.6500 3.8561636
5158.7000 3.91453996
5158.7500 3.97291631
5158.8000 4.00345807
5158.8500 4.03230862
5158.9000 4.06115917
5158.9500 4.09000973
5159.0000 4.10679689
5159.0500 4.07178939
5159.1000 4.0367819
5159.1500 4.00177441
5159.2000 3.96676691
5159.2500 3.92444633
5159.3000 3.87267169
5159.3500 3.82089705
5159.4000 3.76912241
5159.4500 3.71734777
5159.5000 3.70582912
5159.5500 3.71286862
5159.6000 3.71990812
5159.6500 3.72694762
5159.7000 3.73398712
5159.7500 3.71778154
5159.8000 3.69992875
5159.8500 3.68207597
5159.9000 3.66422318
5159.9500 3.64713708
5160.0000 3.63344532
5160.0500 3.61975355
5160.1000 3.60606178
5160.1500 3.59237001
5160.2000 3.59886976
5160.2500 3.63151582
5160.3000 3.66416188
5160.3500 3.69680795
5160.4000 3.72945401
5160.4500 3.74161122
5160.5000 3.74449003
5160.5500 3.74736884
5160.6000 3.75024765
5160.6500 3.75312646
5160.7000 3.77921523
5160.7500 3.80673506
5160.8000 3.8342549
5160.8500 3.86177473
5160.9000 3.87624949
5160.9500 3.83742017
5161.0000 3.79859086
5161.0500 3.75976154
5161.1000 3.72093222
5161.1500 3.6965544
5161.2000 3.68967125
5161.2500 3.68278809
5161.3000 3.67590493
5161.3500 3.66902177
5161.4000 3.67388698
5161.4500 3.68356953
5161.5000 3.69325208
5161.5500 3.70293462
5161.6000 3.71261717
5161.6500 3.72960534
5161.7000 3.74684205
5161.7500 3.76407876
5161.8000 3.78131548
5161.8500 3.78718495
5161.9000 3.75413979
5161.9500 3.72109462
5162.0000 3.68804946
5162.0500 3.65500429
5162.1000 3.64573458
5162.1500 3.66159835
5162.2000 3.67746212
5162.2500 3.69332589
5162.3000 3.70918967
5162.3500 3.69794424
5162.4000 3.67752885
5162.4500 3.65711346
5162.5000 3.63669808
5162.5500 3.61662355
5162.6000 3.63232538
5162.6500 3.64802721
5162.7000 3.66372903
5162.7500 3.67943086
5162.8000 3.68539524
5162.8500 3.66539148
5162.9000 3.64538773
5162.9500 3.62538398
5163.0000 3.60538023
5163.0500 3.59860468
5163.1000 3.60323115
5163.1500 3.60785763
5163.2000 3.6124841
5163.2500 3.61711058
5163.3000 3.62852754
5163.3500 3.64161557
5163.4000 3.6547036
5163.4500 3.66779164
5163.5000 3.67910254
5163.5500 3.66644627
5163.6000 3.65379
5163.6500 3.64113374
5163.7000 3.62847747
5163.7500 3.61972593
5163.8000 3.61866899
5163.8500 3.61761204
5163.9000 3.6165551
5163.9500 3.61549815
5164.0000 3.61644796
5164.0500 3.61870619
5164.1000 3.62096442
5164.1500 3.62322265
5164.2000 3.62548087
5164.2500 3.6337661
5164.3000 3.64291154
5164.3500 3.65205698
5164.4000 3.66120243
5164.4500 3.66460379
5164.5000 3.63439597
5164.5500 3.60418816
5164.6000 3.57398034
5164.6500 3.54377252
5164.7000 3.54159926
5164.7500 3.57847349
5164.8000 3.61534771
5164.8500 3.65222194
5164.9000 3.68909617
5164.9500 3.69410141
5165.0000 3.68485271
5165.0500 3.67560401
5165.1000 3.66635531
5165.1500 3.65710661
5165.2000 3.62689167
5165.2500 3.59591838
5165.3000 3.56494509
5165.3500 3.5339718
5165.4000 3.51664768
5165.4500 3.54247007
5165.5000 3.56829245
5165.5500 3.59411483
5165.6000 3.61993722
5165.6500 3.63795211
5165.7000 3.64866255
5165.7500 3.65937299
5165.8000 3.67008343
5165.8500 3.68079386
5165.9000 3.66620857
5165.9500 3.64506291
5166.0000 3.62391725
5166.0500 3.60277158
5166.1000 3.58339885
5166.1500 3.58668096
5166.2000 3.58996307
5166.2500 3.59324518
5166.3000 3.59652729
5166.3500 3.59934867
5166.4000 3.60132261
5166.4500 3.60329655
5166.5000 3.60527049
5166.5500 3.60724443
5166.6000 3.60145929
5166.6500 3.59117383
5166.7000 3.58088837
5166.7500 3.57060291
5166.8000 3.56031745
5166.8500 3.55455055
5166.9000 3.5492049
5166.9500 3.54385924
5167.0000 3.53851359
5167.0500 3.538536
5167.1000 3.56035065
5167.1500 3.58216529
5167.2000 3.60397994
5167.2500 3.62579459
5167.3000 3.63368578
5167.3500 3.62659365
5167.4000 3.61950151
5167.4500 3.61240937
5167.5000 3.60531724
5167.5500 3.6008089
5167.6000 3.59708638
5167.6500 3.59336385
5167.7000 3.58964132
5167.7500 3.5864964
5167.8000 3.59366552
5167.8500 3.60083464
5167.9000 3.60800376
5167.9500 3.61517288
5168.0000 3.60917426
5168.0500 3.57765748
5168.1000 3.54614071
5168.1500 3.51462394
5168.2000 3.48310717
5168.2500 3.48513046
5168.3000 3.50695098
5168.3500 3.52877151
5168.4000 3.55059203
5168.4500 3.57241256
5168.5000 3.56452421
5168.5500 3.553996
5168.6000 3.5434678
5168.6500 3.53293959
5168.7000 3.52274294
5168.7500 3.51380058
5168.8000 3.50485821
5168.8500 3.49591585
5168.9000 3.48697348
5168.9500 3.49497544
5169.0000 3.51986343
5169.0500 3.54475141
5169.1000 3.5696394
5169.1500 3.59452739
5169.2000 3.59153267
5169.2500 3.58129359
5169.3000 3.57105451
5169.3500 3.56081543
5169.4000 3.55117971
5169.4500 3.54781353
5169.5000 3.54444734
5169.5500 3.54108116
5169.6000 3.53771498
5169.6500 3.53509644
5169.7000 3.53368269
5169.7500 3.53226894
5169.8000 3.5308552
5169.8500 3.52944145
5169.9000 3.52199197
5169.9500 3.51169153
5170.0000 3.50139109
5170.0500 3.49109065
5170.1000 3.4807902
5170.1500 3.48331029
5170.2000 3.48613801
5170.2500 3.48896573
5170.3000 3.49179345
5170.3500 3.49084176
5170.4000 3.47992957
5170.4500 3.46901738
5170.5000 3.45810519
5170.5500 3.44719301
5170.6000 3.4499709
5170.6500 3.46288027
5170.7000 3.47578964
5170.7500 3.48869901
5170.8000 3.50160839
5170.8500 3.49580317
5170.9000 3.48733523
5170.9500 3.47886729
5171.0000 3.47039936
5171.0500 3.46330127
5171.1000 3.46255874
5171.1500 3.46181622
5171.2000 3.4610737
5171.2500 3.46033118
5171.3000 3.46890178
5171.3500 3.48754871
5171.4000 3.50619564
5171.4500 3.52484257
5171.5000 3.5434895
5171.5500 3.54602907
5171.6000 3.54414268
5171.6500 3.5422563
5171.7000 3.54036991
5171.7500 3.53692194
5171.8000 3.51762877
5171.8500 3.4983356
5171.9000 3.47904244
5171.9500 3.45974927
5172.0000 3.45399865
5172.0500 3.46889488
5172.1000 3.48379111
5172.1500 3.49868734
5172.2000 3.51358357
5172.2500 3.51646991
5172.3000 3.51429763
5172.3500 3.51212535
5172.4000 3.50995307
5172.4500 3.50763269
5172.5000 3.4934079
5172.5500 3.4791831
5172.6000 3.4649583
5172.6500 3.45073351
5172.7000 3.4417417
5172.7500 3.44376425
5172.8000 3.44578679
5172.8500 3.44780933
5172.9000 3.44983188
5172.9500 3.45545095
5173.0000 3.46315509
5173.0500 3.47085922
5173.1000 3.47856336
5173.1500 3.48626749
5173.2000 3.50378617
5173.2500 3.52187514
5173.3000 3.53996411
5173.3500 3.55805307
5173.4000 3.5613329
5173.4500 3.52208731
5173.5000 3.48284171
5173.5500 3.44359612
5173.6000 3.40435052
5173.6500 3.40606405
5173.7000 3.43834485
5173.7500 3.47062564
5173.8000 3.50290644
5173.8500 3.53518724
5173.9000 3.55185971
5173.9500 3.56656625
5174.0000 3.5812728
5174.0500 3.59597934
5174.1000 3.60135623
5174.1500 3.5705016
5174.2000 3.53964697
5174.2500 3.50879234
5174.3000 3.47793771
5174.3500 3.46910512
5174.4000 3.48039362
5174.4500 3.49168213
5174.5000 3.50297063
5174.5500 3.51425914
5174.6000 3.51246113
5174.6500 3.50819787
5174.7000 3.50393461
5174.7500 3.49967135
5174.8000 3.4941461
5174.8500 3.48207135
5174.9000 3.4699966
5174.9500 3.45792185
5175.0000 3.44584711
5175.0500 3.44221208
5175.1000 3.44761885
5175.1500 3.45302561
5175.2000 3.45843237
5175.2500 3.46383913
5175.3000 3.46008962
5175.3500 3.45412431
5175.4000 3.448159
5175.4500 3.44219369
5175.5000 3.43898896
5175.5500 3.4544765
5175.6000 3.46996404
5175.6500 3.48545158
5175.7000 3.50093912
5175.7500 3.50204225
5175.8000 3.4858014
5175.8500 3.46956055
5175.9000 3.4533197
5175.9500 3.43707885
5176.0000 3.42977042
5176.0500 3.42499322
5176.1000 3.42021602
5176.1500 3.41543882
5176.2000 3.41079746
5176.2500 3.40729948
5176.3000 3.4038015
5176.3500 3.40030352
5176.4000 3.39680554
5176.4500 3.39808252
5176.5000 3.40557834
5176.5500 3.41307416
5176.6000 3.42056999
5176.6500 3.42806581
5176.7000 3.4272477
5176.7500 3.42385626
5176.8000 3.42046482
5176.8500 3.41707338
5176.9000 3.41444122
5176.9500 3.41911825
5177.0000 3.42379527
5177.0500 3.4284723
5177.1000 3.43314933
5177.1500 3.43940841
5177.2000 3.44780152
5177.2500 3.45619463
5177.3000 3.46458774
5177.3500 3.47298085
5177.4000 3.46570812
5177.4500 3.45344808
5177.5000 3.44118805
5177.5500 3.42892801
5177.6000 3.41865149
5177.6500 3.42784061
5177.7000 3.43702974
5177.7500 3.44621887
5177.8000 3.45540799
5177.8500 3.45780653
5177.9000 3.45111475
5177.9500 3.44442296
5178.0000 3.43773118
5178.0500 3.43103939
5178.1000 3.4271795
5178.1500 3.42419497
5178.2000 3.42121044
5178.2500 3.41822591
5178.3000 3.41625564
5178.3500 3.42328021
5178.4000 3.43030478
5178.4500 3.43732935
5178.5000 3.44435392
5178.5500 3.44321331
5178.6000 3.43167888
5178.6500 3.42014444
5178.7000 3.40861001
5178.7500 3.39707558
5178.8000 3.39331107
5178.8500 3.39174123
5178.9000 3.39017139
5178.9500 3.38860156
5179.0000 3.3884909
5179.0500 3.39900844
5179.1000 3.40952598
5179.1500 3.42004351
5179.2000 3.43056105
5179.2500 3.43493184
5179.3000 3.43216942
5179.3500 3.429407
5179.4000 3.42664458
5179.4500 3.42388216
5179.5000 3.42483526
5179.5500 3.42668167
5179.6000 3.42852807
5179.6500 3.43037447
5179.7000 3.43181147
5179.7500 3.43094058
5179.8000 3.43006969
5179.8500 3.4291988
5179.9000 3.42832791
5179.9500 3.42979604
5180.0000 3.43363772
5180.0500 3.4374794
5180.1000 3.44132109
5180.1500 3.44516277
5180.2000 3.43149643
5180.2500 3.41457393
5180.3000 3.39765143
5180.3500 3.38072893
5180.4000 3.36883625
5180.4500 3.37821876
5180.5000 3.38760126
5180.5500 3.39698376
5180.6000 3.40636627
5180.6500 3.41368117
5180.7000 3.41923776
5180.7500 3.42479436
5180.8000 3.43035096
5180.8500 3.43590755
5180.9000 3.41479102
5180.9500 3.39040525
5181.0000 3.36601947
5181.0500 3.34163369
5181.1000 3.32551262
5181.1500 3.33522317
5181.2000 3.34493371
5181.2500 3.35464426
5181.3000 3.3643548
5181.3500 3.37615198
5181.4000 3.38936854
5181.4500 3.40258511
5181.5000 3.41580167
5181.5500 3.42901824
5181.6000 3.41840921
5181.6500 3.40652261
5181.7000 3.39463601
5181.7500 3.38274941
5181.8000 3.3816727
5181.8500 3.40531614
5181.9000 3.42895959
5181.9500 3.45260304
5182.0000 3.47624649
5182.0500 3.47790933
5182.1000 3.46827785
5182.1500 3.45864637
5182.2000 3.44901488
5182.2500 3.43924399
5182.3000 3.42190873
5182.3500 3.40457346
5182.4000 3.38723819
5182.4500 3.36990292
5182.5000 3.36554266
5182.5500 3.38264131
5182.6000 3.39973996
5182.6500 3.41683861
5182.7000 3.43393726
5182.7500 3.4391472
5182.8000 3.4401084
5182.8500 3.4410696
5182.9000 3.44203079
5182.9500 3.44185381
5183.0000 3.43117931
5183.0500 3.4205048
5183.1000 3.40983029
5183.1500 3.39915578
5183.2000 3.39555815
5183.2500 3.40026425
5183.3000 3.40497035
5183.3500 3.40967645
5183.4000 3.41438255
5183.4500 3.41531582
5183.5000 3.41544109
5183.5500 3.41556635
5183.6000 3.41569162
5183.6500 3.41315327
5183.7000 3.39913366
5183.7500 3.38511405
5183.8000 3.37109445
5183.8500 3.35707484
5183.9000 3.3509724
5183.9500 3.35123838
5184.0000 3.35150436
5184.0500 3.35177034
5184.1000 3.35203632
5184.1500 3.35849078
5184.2000 3.36547384
5184.2500 3.37245689
5184.3000 3.37943995
5184.3500 3.38219108
5184.4000 3.37456159
5184.4500 3.3669321
5184.5000 3.35930262
5184.5500 3.35167313
5184.6000 3.35953564
5184.6500 3.37541035
5184.7000 3.39128507
5184.7500 3.40715978
5184.8000 3.4227709
5184.8500 3.42980894
5184.9000 3.43684698
5184.9500 3.44388503
5185.0000 3.45092307
5185.0500 3.44975087
5185.1000 3.43635276
5185.1500 3.42295466
5185.2000 3.40955656
5185.2500 3.39615846
5185.3000 3.39067139
5185.3500 3.38748264
5185.4000 3.38429389
5185.4500 3.38110515
5185.5000 3.37864002
5185.5500 3.38030058
5185.6000 3.38196114
5185.6500 3.3836217
5185.7000 3.38528226
5185.7500 3.39052895
5185.8000 3.39902318
5185.8500 3.40751741
5185.9000 3.41601164
5185.9500 3.42450587
5186.0000 3.41487536
5186.0500 3.40326536
5186.1000 3.39165536
5186.1500 3.38004536
5186.2000 3.37342713
5186.2500 3.3796756
5186.3000 3.38592408
5186.3500 3.39217256
5186.4000 3.39842104
5186.4500 3.39201574
5186.5000 3.37905439
5186.5500 3.36609304
5186.6000 3.35313169
5186.6500 3.34166245
5186.7000 3.36683791
5186.7500 3.39201338
5186.8000 3.41718884
5186.8500 3.44236431
5186.9000 3.4605587
5186.9500 3.46914243
5187.0000 3.47772616
5187.0500 3.48630989
5187.1000 3.49489362
5187.1500 3.48942605
5187.2000 3.48052448
5187.2500 3.47162291
5187.3000 3.46272134
5187.3500 3.45288465
5187.4000 3.4390005
5187.4500 3.42511635
5187.5000 3.41123221
5187.5500 3.39734806
5187.6000 3.40550721
5187.6500 3.43009493
5187.7000 3.45468265
5187.7500 3.47927037
5187.8000 3.5038581
5187.8500 3.48372667
5187.9000 3.46170717
5187.9500 3.43968768
5188.0000 3.41766818
5188.0500 3.40300834
5188.1000 3.40218402
5188.1500 3.4013597
5188.2000 3.40053538
5188.2500 3.39971106
5188.3000 3.39247517
5188.3500 3.38294187
5188.4000 3.37340857
5188.4500 3.36387528
5188.5000 3.35778603
5188.5500 3.37549998
5188.6000 3.39321393
5188.6500 3.41092788
5188.7000 3.42864183
5188.7500 3.43581017
5188.8000 3.43315901
5188.8500 3.43050785
5188.9000 3.42785669
5188.9500 3.42520553
5189.0000 3.4147349
5189.0500 3.40349549
5189.1000 3.39225607
5189.1500 3.38101666
5189.2000 3.37656654
5189.2500 3.38763289
5189.3000 3.39869923
5189.3500 3.40976557
5189.4000 3.42083192
5189.4500 3.42234334
5189.5000 3.41974999
5189.5500 3.41715664
5189.6000 3.41456328
5189.6500 3.41172307
5189.7000 3.40655431
5189.7500 3.40138555
5189.8000 3.39621679
5189.8500 3.39104803
5189.9000 3.38546009
5189.9500 3.37944185
5190.0000 3.37342361
5190.0500 3.36740537
5190.1000 3.36138713
5190.1500 3.35098048
5190.2000 3.34004404
5190.2500 3.32910761
5190.3000 3.31817117
5190.3500 3.30401456
5190.4000 3.28206333
5190.4500 3.26011211
5190.5000 3.23816088
5190.5500 3.21620966
5190.6000 3.24215995
5190.6500 3.28926494
5190.7000 3.33636992
5190.7500 3.3834749
5190.8000 3.42400003
5190.8500 3.40271555
5190.9000 3.38143108
5190.9500 3.36014661
5191.0000 3.33886214
5191.0500 3.34586767
5191.1000 3.38116252
5191.1500 3.41645736
5191.2000 3.4517522
5191.2500 3.48704705
5191.3000 3.48594206
5191.3500 3.48101809
5191.4000 3.47609412
5191.4500 3.47117016
5191.5000 3.46335465
5191.5500 3.44914298
5191.6000 3.4349313
5191.6500 3.42071963
5191.7000 3.40650795
5191.7500 3.42252408
5191.8000 3.450362
5191.8500 3.47819992
5191.9000 3.50603784
5191.9500 3.52817668
5192.0000 3.51136515
5192.0500 3.49455362
5192.1000 3.47774209
5192.1500 3.46093056
5192.2000 3.45868343
5192.2500 3.46895988
5192.3000 3.47923634
5192.3500 3.4895128
5192.4000 3.49978926
5192.4500 3.49246617
5192.5000 3.48419628
5192.5500 3.4759264
5192.6000 3.46765652
5192.6500 3.45929608
5192.7000 3.45077567
5192.7500 3.44225525
5192.8000 3.43373484
5192.8500 3.42521443
5192.9000 3.4187569
5192.9500 3.41289735
5193.0000 3.4070378
5193.0500 3.40117826
5193.1000 3.39693006
5193.1500 3.39953744
5193.2000 3.40214482
5193.2500 3.4047522
5193.3000 3.40735958
5193.3500 3.40973207
5193.4000 3.41195223
5193.4500 3.4141724
5193.5000 3.41639256
5193.5500 3.41862328
5193.6000 3.4212806
5193.6500 3.42393791
5193.7000 3.42659523
5193.7500 3.42925254
5193.8000 3.43049399
5193.8500 3.42995508
5193.9000 3.42941617
5193.9500 3.42887725
5194.0000 3.42833834
5194.0500 3.43139536
5194.1000 3.43502296
5194.1500 3.43865055
5194.2000 3.44227815
5194.2500 3.44440616
5194.3000 3.44276082
5194.3500 3.44111547
5194.4000 3.43947013
5194.4500 3.43782478
5194.5000 3.43848035
5194.5500 3.4400895
5194.6000 3.44169866
5194.6500 3.44330781
5194.7000 3.44667768
5194.7500 3.46174186
5194.8000 3.47680603
5194.8500 3.4918702
5194.9000 3.50693438
5194.9500 3.50630601
5195.0000 3.49314573
5195.0500 3.47998545
5195.1000 3.46682517
5195.1500 3.4536649
5195.2000 3.44948253
5195.2500 3.4454611
5195.3000 3.44143967
5195.3500 3.43741824
5195.4000 3.43520684
5195.4500 3.43559952
5195.5000 3.4359922
5195.5500 3.43638487
5195.6000 3.43677755
5195.6500 3.44294184
5195.7000 3.45021373
5195.7500 3.45748561
5195.8000 3.46475749
5195.8500 3.465683
5195.9000 3.4493802
5195.9500 3.4330774
5196.0000 3.4167746
5196.0500 3.4004718
5196.1000 3.39794254
5196.1500 3.401297
5196.2000 3.40465146
5196.2500 3.40800592
5196.3000 3.41280452
5196.3500 3.42698129
5196.4000 3.44115806
5196.4500 3.45533483
5196.5000 3.46951159
5196.5500 3.48867917
5196.6000 3.51165076
5196.6500 3.53462234
5196.7000 3.55759392
5196.7500 3.58044298
5196.8000 3.55933282
5196.8500 3.53822266
5196.9000 3.5171125
5196.9500 3.49600234
5197.0000 3.48541936
5197.0500 3.48826914
5197.1000 3.49111892
5197.1500 3.4939687
5197.2000 3.49681848
5197.2500 3.50473669
5197.3000 3.51336422
5197.3500 3.52199176
5197.4000 3.53061929
5197.4500 3.53467606
5197.5000 3.52885641
5197.5500 3.52303676
5197.6000 3.51721711
5197.6500 3.51139745
5197.7000 3.51403975
5197.7500 3.51940122
5197.8000 3.52476268
5197.8500 3.53012415
5197.9000 3.53435626
5197.9500 3.53402881
5198.0000 3.53370136
5198.0500 3.53337391
5198.1000 3.53304647
5198.1500 3.53390666
5198.2000 3.53543052
5198.2500 3.53695438
5198.3000 3.53847823
5198.3500 3.53928623
5198.4000 3.53246674
5198.4500 3.52564726
5198.5000 3.51882777
5198.5500 3.51200828
5198.6000 3.51294504
5198.6500 3.52072218
5198.7000 3.52849933
5198.7500 3.53627648
5198.8000 3.54405362
5198.8500 3.55993979
5198.9000 3.5760064
5198.9500 3.59207302
5199.0000 3.60813963
5199.0500 3.61450353
5199.1000 3.6078143
5199.1500 3.60112508
5199.2000 3.59443585
5199.2500 3.58774663
5199.3000 3.58004644
5199.3500 3.57220293
5199.4000 3.56435941
5199.4500 3.5565159
5199.5000 3.55200121
5199.5500 3.55435127
5199.6000 3.55670134
5199.6500 3.5590514
5199.7000 3.56140146
5199.7500 3.54158462
5199.8000 3.51546418
5199.8500 3.48934375
5199.9000 3.46322332
5199.9500 3.45546799
5200.0000 3.50853538
5200.0500 3.56160278
5200.1000 3.61467017
5200.1500 3.66773756
5200.2000 3.66447274
5200.2500 3.63548798
5200.3000 3.60650322
5200.3500 3.57751846
5200.4000 3.55328495
5200.4500 3.55765091
5200.5000 3.56201687
5200.5500 3.56638282
5200.6000 3.57074878
5200.6500 3.57703287
5200.7000 3.58459738
5200.7500 3.59216189
5200.8000 3.5997264
5200.8500 3.60611767
5200.9000 3.59352614
5200.9500 3.5809346
5201.0000 3.56834307
5201.0500 3.55575154
5201.1000 3.55377066
5201.1500 3.56166169
5201.2000 3.56955272
5201.2500 3.57744374
5201.3000 3.58533477
5201.3500 3.58710962
5201.4000 3.58875431
5201.4500 3.590399
5201.5000 3.5920437
5201.5500 3.59065985
5201.6000 3.58544642
5201.6500 3.58023298
5201.7000 3.57501954
5201.7500 3.56980611
5201.8000 3.56493089
5201.8500 3.56009103
5201.9000 3.55525117
5201.9500 3.55041131
5202.0000 3.55370791
5202.0500 3.57083536
5202.1000 3.58796281
5202.1500 3.60509025
5202.2000 3.6222177
5202.2500 3.62306676
5202.3000 3.62073987
5202.3500 3.61841297
5202.4000 3.61608608
5202.4500 3.61607079
5202.5000 3.62133742
5202.5500 3.62660405
5202.6000 3.63187068
5202.6500 3.6371373
5202.7000 3.64558577
5202.7500 3.65496649
5202.8000 3.66434721
5202.8500 3.67372793
5202.9000 3.67635159
5202.9500 3.65800486
5203.0000 3.63965813
5203.0500 3.6213114
5203.1000 3.60296467
5203.1500 3.60709249
5203.2000 3.62016527
5203.2500 3.63323805
5203.3000 3.64631082
5203.3500 3.65495111
5203.4000 3.64447584
5203.4500 3.63400058
5203.5000 3.62352531
5203.5500 3.61305005
5203.6000 3.61362255
5203.6500 3.61982378
5203.7000 3.62602501
5203.7500 3.63222623
5203.8000 3.635934
5203.8500 3.62407177
5203.9000 3.61220954
5203.9500 3.60034731
5204.0000 3.58848507
5204.0500 3.598797
5204.1000 3.62299491
5204.1500 3.64719282
5204.2000 3.67139072
5204.2500 3.69214314
5204.3000 3.67934303
5204.3500 3.66654292
5204.4000 3.65374281
5204.4500 3.6409427
5204.5000 3.62843719
5204.5500 3.61615152
5204.6000 3.60386585
5204.6500 3.59158018
5204.7000 3.58081482
5204.7500 3.59694302
5204.8000 3.61307122
5204.8500 3.62919942
5204.9000 3.64532762
5204.9500 3.64789239
5205.0000 3.63870074
5205.0500 3.62950909
5205.1000 3.62031743
5205.1500 3.61112754
5205.2000 3.60202771
5205.2500 3.59292788
5205.3000 3.58382805
5205.3500 3.57472822
5205.4000 3.57287335
5205.4500 3.57814782
5205.5000 3.5834223
5205.5500 3.58869678
5205.6000 3.59397125
5205.6500 3.607426
5205.7000 3.62096185
5205.7500 3.63449769
5205.8000 3.64803353
5205.8500 3.65290813
5205.9000 3.64831201
5205.9500 3.64371589
5206.0000 3.63911977
5206.0500 3.63452365
5206.1000 3.64047507
5206.1500 3.64679203
5206.2000 3.65310899
5206.2500 3.65942595
5206.3000 3.65983121
5206.3500 3.65320278
5206.4000 3.64657435
5206.4500 3.63994592
5206.5000 3.63331749
5206.5500 3.63606318
5206.6000 3.63932141
5206.6500 3.64257963
5206.7000 3.64583785
5206.7500 3.63942544
5206.8000 3.62075438
5206.8500 3.60208332
5206.9000 3.58341226
5206.9500 3.5647412
5207.0000 3.57357384
5207.0500 3.58431343
5207.1000 3.59505302
5207.1500 3.60579261
5207.2000 3.61245734
5207.2500 3.61373527
5207.3000 3.6150132
5207.3500 3.61629112
5207.4000 3.61756905
5207.4500 3.61881854
5207.5000 3.62006581
5207.5500 3.62131308
5207.6000 3.62256035
5207.6500 3.62261741
5207.7000 3.62106885
5207.7500 3.6195203
5207.8000 3.61797174
5207.8500 3.61642318
5207.9000 3.61524699
5207.9500 3.61410088
5208.0000 3.61295477
5208.0500 3.61180867
5208.1000 3.60737265
5208.1500 3.59850603
5208.2000 3.58963942
5208.2500 3.58077281
5208.3000 3.57190619
5208.3500 3.56542882
5208.4000 3.55913586
5208.4500 3.55284289
5208.5000 3.54654992
5208.5500 3.54745024
5208.6000 3.55781132
5208.6500 3.56817241
5208.7000 3.57853349
5208.7500 3.58889457
5208.8000 3.58480714
5208.8500 3.57974572
5208.9000 3.57468429
5208.9500 3.56962287
5209.0000 3.57077218
5209.0500 3.57972675
5209.1000 3.58868133
5209.1500 3.59763591
5209.2000 3.60659048
5209.2500 3.60026637
5209.3000 3.59315065
5209.3500 3.58603493
5209.4000 3.5789192
5209.4500 3.57119191
5209.5000 3.56274585
5209.5500 3.5542998
5209.6000 3.54585375
5209.6500 3.5374077
5209.7000 3.55356101
5209.7500 3.57047391
5209.8000 3.58738681
5209.8500 3.60429971
5209.9000 3.60819837
5209.9500 3.59809574
5210.0000 3.58799312
5210.0500 3.5778905
5210.1000 3.56778787
5210.1500 3.57269107
5210.2000 3.57767309
5210.2500 3.5826551
5210.3000 3.58763712
5210.3500 3.58974656
5210.4000 3.58908695
5210.4500 3.58842734
5210.5000 3.58776773
5210.5500 3.58677608
5210.6000 3.57280051
5210.6500 3.55882494
5210.7000 3.54484937
5210.7500 3.5308738
5210.8000 3.52089192
5210.8500 3.51428402
5210.9000 3.50767611
5210.9500 3.50106821
5211.0000 3.49565637
5211.0500 3.50880496
5211.1000 3.52195356
5211.1500 3.53510215
5211.2000 3.54825075
5211.2500 3.5571565
5211.3000 3.56299473
5211.3500 3.56883295
5211.4000 3.57467118
5211.4500 3.5796109
5211.5000 3.57660548
5211.5500 3.57360005
5211.6000 3.57059463
5211.6500 3.56758921
5211.7000 3.57212394
5211.7500 3.58119867
5211.8000 3.59027339
5211.8500 3.59934811
5211.9000 3.60737053
5211.9500 3.60934108
5212.0000 3.61131162
5212.0500 3.61328217
5212.1000 3.61525272
5212.1500 3.60053831
5212.2000 3.57773312
5212.2500 3.55492793
5212.3000 3.53212273
5212.3500 3.51720636
5212.4000 3.53382064
5212.4500 3.55043493
5212.5000 3.56704922
5212.5500 3.5836635
5212.6000 3.58224349
5212.6500 3.57409158
5212.7000 3.56593967
5212.7500 3.55778777
5212.8000 3.5521617
5212.8500 3.55381457
5212.9000 3.55546744
5212.9500 3.55712031
5213.0000 3.55877318
5213.0500 3.55373205
5213.1000 3.54689451
5213.1500 3.54005696
5213.2000 3.53321941
5213.2500 3.52917562
5213.3000 3.53105225
5213.3500 3.53292888
5213.4000 3.53480551
5213.4500 3.53668214
5213.5000 3.53693898
5213.5500 3.53691925
5213.6000 3.53689953
5213.6500 3.5368798
5213.7000 3.53297841
5213.7500 3.52298251
5213.8000 3.51298661
5213.8500 3.50299072
5213.9000 3.49299482
5213.9500 3.50856975
5214.0000 3.52620576
5214.0500 3.54384177
5214.1000 3.56147778
5214.1500 3.56639478
5214.2000 3.5565663
5214.2500 3.54673782
5214.3000 3.53690935
5214.3500 3.52704569
5214.4000 3.50113729
5214.4500 3.4752289
5214.5000 3.4493205
5214.5500 3.4234121
5214.6000 3.41976006
5214.6500 3.4348657
5214.7000 3.44997134
5214.7500 3.46507699
5214.8000 3.48009363
5214.8500 3.49414605
5214.9000 3.50819848
5214.9500 3.5222509
5215.0000 3.53630333
5215.0500 3.54585482
5215.1000 3.55273717
5215.1500 3.55961952
5215.2000 3.56650187
5215.2500 3.57214985
5215.3000 3.57187071
5215.3500 3.57159157
5215.4000 3.57131243
5215.4500 3.57103329
5215.5000 3.56416682
5215.5500 3.55471792
5215.6000 3.54526902
5215.6500 3.53582012
5215.7000 3.52933004
5215.7500 3.53101372
5215.8000 3.53269739
5215.8500 3.53438106
5215.9000 3.53606474
5215.9500 3.54098018
5216.0000 3.54663127
5216.0500 3.55228237
5216.1000 3.55793346
5216.1500 3.56151272
5216.2000 3.56148393
5216.2500 3.56145514
5216.3000 3.56142635
5216.3500 3.56139756
5216.4000 3.53640701
5216.4500 3.50913786
5216.5000 3.4818687
5216.5500 3.45459954
5216.6000 3.45300329
5216.6500 3.48043499
5216.7000 3.50786669
5216.7500 3.5352984
5216.8000 3.56194795
5216.8500 3.55639324
5216.9000 3.55083852
5216.9500 3.54528381
5217.0000 3.5397291
5217.0500 3.53602509
5217.1000 3.53366405
5217.1500 3.53130302
5217.2000 3.52894198
5217.2500 3.5258574
5217.3000 3.51820213
5217.3500 3.51054686
5217.4000 3.50289159
5217.4500 3.49523632
5217.5000 3.49653107
5217.5500 3.50174897
5217.6000 3.50696688
5217.6500 3.51218478
5217.7000 3.51367936
5217.7500 3.50430898
5217.8000 3.49493861
5217.8500 3.48556823
5217.9000 3.47619785
5217.9500 3.47753411
5218.0000 3.48127475
5218.0500 3.48501539
5218.1000 3.48875603
5218.1500 3.49034777
5218.2000 3.48842454
5218.2500 3.48650131
5218.3000 3.48457808
5218.3500 3.48265485
5218.4000 3.47561541
5218.4500 3.46827019
5218.5000 3.46092498
5218.5500 3.45357976
5218.6000 3.45429599
5218.6500 3.462782
5218.7000 3.47126801
5218.7500 3.47975402
5218.8000 3.48706968
5218.8500 3.48020255
5218.9000 3.47333542
5218.9500 3.46646829
5219.0000 3.45960116
5219.0500 3.45217099
5219.1000 3.44443046
5219.1500 3.43668994
5219.2000 3.42894941
5219.2500 3.42474708
5219.3000 3.43350181
5219.3500 3.44225655
5219.4000 3.45101129
5219.4500 3.45976602
5219.5000 3.48280299
5219.5500 3.50973423
5219.6000 3.53666548
5219.6500 3.56359673
5219.7000 3.5711784
5219.7500 3.54412408
5219.8000 3.51706975
5219.8500 3.49001543
5219.9000 3.46296111
5219.9500 3.46609279
5220.0000 3.47140927
5220.0500 3.47672575
5220.1000 3.48204223
5220.1500 3.47890025
5220.2000 3.46756656
5220.2500 3.45623288
5220.3000 3.4448992
5220.3500 3.43566617
5220.4000 3.44906541
5220.4500 3.46246465
5220.5000 3.47586389
5220.5500 3.48926313
5220.6000 3.48274354
5220.6500 3.46611184
5220.7000 3.44948015
5220.7500 3.43284845
5220.8000 3.43324781
5220.8500 3.48669056
5220.9000 3.5401333
5220.9500 3.59357605
5221.0000 3.64701879
5221.0500 3.62801225
5221.1000 3.59355574
5221.1500 3.55909922
5221.2000 3.52464271
5221.2500 3.51295252
5221.3000 3.53445436
5221.3500 3.5559562
5221.4000 3.57745804
5221.4500 3.59895989
5221.5000 3.56519478
5221.5500 3.53092118
5221.6000 3.49664758
5221.6500 3.46237397
5221.7000 3.45079531
5221.7500 3.45589876
5221.8000 3.46100221
5221.8500 3.46610566
5221.9000 3.47064287
5221.9500 3.47227768
5222.0000 3.47391248
5222.0500 3.47554729
5222.1000 3.4771821
5222.1500 3.46801968
5222.2000 3.45528825
5222.2500 3.44255682
5222.3000 3.42982539
5222.3500 3.42166115
5222.4000 3.42231047
5222.4500 3.42295979
5222.5000 3.42360911
5222.5500 3.42425842
5222.6000 3.43252969
5222.6500 3.44135254
5222.7000 3.4501754
5222.7500 3.45899826
5222.8000 3.46992381
5222.8500 3.48275074
5222.9000 3.49557767
5222.9500 3.5084046
5223.0000 3.5192954
5223.0500 3.51587917
5223.1000 3.51246294
5223.1500 3.50904671
5223.2000 3.50563049
5223.2500 3.50558139
5223.3000 3.50687648
5223.3500 3.50817156
5223.4000 3.50946664
5223.4500 3.50980462
5223.5000 3.5080284
5223.5500 3.50625218
5223.6000 3.50447596
5223.6500 3.50269973
5223.7000 3.49763542
5223.7500 3.49224592
5223.8000 3.48685641
5223.8500 3.4814669
5223.9000 3.47986769
5223.9500 3.48191287
5224.0000 3.48395806
5224.0500 3.48600325
5224.1000 3.48930542
5224.1500 3.50266779
5224.2000 3.51603016
5224.2500 3.52939253
5224.3000 3.5427549
5224.3500 3.53516046
5224.4000 3.51916202
5224.4500 3.50316359
5224.5000 3.48716515
5224.5500 3.47723839
5224.6000 3.48033851
5224.6500 3.48343863
5224.7000 3.48653875
5224.7500 3.48963887
5224.8000 3.48103414
5224.8500 3.47145988
5224.9000 3.46188561
5224.9500 3.45231134
5225.0000 3.45748485
5225.0500 3.47570814
5225.1000 3.49393144
5225.1500 3.51215474
5225.2000 3.5240282
5225.2500 3.49657879
5225.3000 3.46912938
5225.3500 3.44167997
5225.4000 3.41423056
5225.4500 3.42037639
5225.5000 3.43778243
5225.5500 3.45518847
5225.6000 3.47259451
5225.6500 3.48892662
5225.7000 3.50335248
5225.7500 3.51777833
5225.8000 3.53220419
5225.8500 3.54663004
5225.9000 3.50681836
5225.9500 3.46551299
5226.0000 3.42420761
5226.0500 3.38290224
5226.1000 3.37675038
5226.1500 3.39528129
5226.2000 3.4138122
5226.2500 3.43234311
5226.3000 3.44641755
5226.3500 3.44302213
5226.4000 3.43962671
5226.4500 3.43623129
5226.5000 3.43283587
5226.5500 3.44462949
5226.6000 3.45974698
5226.6500 3.47486447
5226.7000 3.48998195
5226.7500 3.49098577
5226.8000 3.4739628
5226.8500 3.45693983
5226.9000 3.43991687
5226.9500 3.42406864
5227.0000 3.42687174
5227.0500 3.42967485
5227.1000 3.43247795
5227.1500 3.43528105
5227.2000 3.44113625
5227.2500 3.44842218
5227.3000 3.45570811
5227.3500 3.46299404
5227.4000 3.46703419
5227.4500 3.46363946
5227.5000 3.46024472
5227.5500 3.45684999
5227.6000 3.45345525
5227.6500 3.46442795
5227.7000 3.47650856
5227.7500 3.48858917
5227.8000 3.50066979
5227.8500 3.49892394
5227.9000 3.48606452
5227.9500 3.4732051
5228.0000 3.46034568
5228.0500 3.45037055
5228.1000 3.45337323
5228.1500 3.45637592
5228.2000 3.45937861
5228.2500 3.4623813
5228.3000 3.45204037
5228.3500 3.43858468
5228.4000 3.425129
5228.4500 3.41167332
5228.5000 3.40595749
5228.5500 3.41004716
5228.6000 3.41413683
5228.6500 3.4182265
5228.7000 3.42218168
5228.7500 3.42442859
5228.8000 3.4266755
5228.8500 3.42892242
5228.9000 3.43116933
5228.9500 3.43575049
5229.0000 3.44130223
5229.0500 3.44685396
5229.1000 3.4524057
5229.1500 3.45224165
5229.2000 3.44103723
5229.2500 3.4298328
5229.3000 3.41862837
5229.3500 3.40742395
5229.4000 3.4147864
5229.4500 3.42257836
5229.5000 3.43037032
5229.5500 3.43816229
5229.6000 3.44103975
5229.6500 3.44084248
5229.7000 3.44064521
5229.7500 3.44044794
5229.8000 3.43837178
5229.8500 3.43078805
5229.9000 3.42320432
5229.9500 3.41562058
5230.0000 3.40803685
5230.0500 3.40991178
5230.1000 3.41289549
5230.1500 3.41587921
5230.2000 3.41886292
5230.2500 3.41217246
5230.3000 3.39714973
5230.3500 3.382127
5230.4000 3.36710427
5230.4500 3.35861391
5230.5000 3.3796956
5230.5500 3.40077728
5230.6000 3.42185897
5230.6500 3.44294066
5230.7000 3.44638253
5230.7500 3.44611059
5230.8000 3.44583866
5230.8500 3.44556672
5230.9000 3.44581441
5230.9500 3.44664169
5231.0000 3.44746897
5231.0500 3.44829625
5231.1000 3.44888578
5231.1500 3.44774557
5231.2000 3.44660536
5231.2500 3.44546515
5231.3000 3.44432494
5231.3500 3.44176398
5231.4000 3.4387797
5231.4500 3.43579543
5231.5000 3.43281115
5231.5500 3.429043
5231.6000 3.42419919
5231.6500 3.41935537
5231.7000 3.41451155
5231.7500 3.41019348
5231.8000 3.41244244
5231.8500 3.4146914
5231.9000 3.41694036
5231.9500 3.41918932
5232.0000 3.41784631
5232.0500 3.41516261
5232.1000 3.4124789
5232.1500 3.4097952
5232.2000 3.40952698
5232.2500 3.41313741
5232.3000 3.41674784
5232.3500 3.42035827
5232.4000 3.42307646
5232.4500 3.40483497
5232.5000 3.38659349
5232.5500 3.368352
5232.6000 3.35011051
5232.6500 3.35421274
5232.7000 3.36791879
5232.7500 3.38162484
5232.8000 3.39533089
5232.8500 3.41038843
5232.9000 3.42785446
5232.9500 3.44532049
5233.0000 3.46278651
5233.0500 3.47954951
5233.1000 3.46352465
5233.1500 3.44749979
5233.2000 3.43147493
5233.2500 3.41545008
5233.3000 3.4181302
5233.3500 3.42945014
5233.4000 3.44077008
5233.4500 3.45209002
5233.5000 3.45385861
5233.5500 3.43777871
5233.6000 3.42169881
5233.6500 3.40561891
5233.7000 3.38972315
5233.7500 3.38621761
5233.8000 3.38271208
5233.8500 3.37920655
5233.9000 3.37570101
5233.9500 3.36961822
5234.0000 3.36233481
5234.0500 3.3550514
5234.1000 3.34776799
5234.1500 3.34812313
5234.2000 3.36258597
5234.2500 3.37704882
5234.3000 3.39151167
5234.3500 3.40549451
5234.4000 3.39796172
5234.4500 3.39042893
5234.5000 3.38289615
5234.5500 3.37536336
5234.6000 3.3749023
5234.6500 3.37756085
5234.7000 3.38021941
5234.7500 3.38287796
5234.8000 3.38603507
5234.8500 3.39005033
5234.9000 3.3940656
5234.9500 3.39808086
5235.0000 3.40184512
5235.0500 3.39996376
5235.1000 3.39808241
5235.1500 3.39620105
5235.2000 3.3943197
5235.2500 3.39339166
5235.3000 3.39283588
5235.3500 3.3922801
5235.4000 3.39172432
5235.4500 3.39557042
5235.5000 3.4060946
5235.5500 3.41661878
5235.6000 3.42714296
5235.6500 3.43578309
5235.7000 3.42181043
5235.7500 3.40783778
5235.8000 3.39386512
5235.8500 3.37989247
5235.9000 3.37452554
5235.9500 3.37190528
5236.0000 3.36928503
5236.0500 3.36666477
5236.1000 3.36890512
5236.1500 3.3773138
5236.2000 3.38572248
5236.2500 3.39413117
5236.3000 3.40030729
5236.3500 3.39083985
5236.4000 3.38137242
5236.4500 3.37190499
5236.5000 3.36243755
5236.5500 3.35573102
5236.6000 3.34966963
5236.6500 3.34360824
5236.7000 3.33754685
5236.7500 3.34276923
5236.8000 3.35937485
5236.8500 3.37598047
5236.9000 3.39258609
5236.9500 3.40133706
5237.0000 3.37583686
5237.0500 3.35033666
5237.1000 3.32483646
5237.1500 3.29933627
5237.2000 3.31366435
5237.2500 3.33358831
5237.3000 3.35351226
5237.3500 3.37343621
5237.4000 3.38378547
5237.4500 3.38687023
5237.5000 3.38995499
5237.5500 3.39303976
5237.6000 3.39223233
5237.6500 3.38045629
5237.7000 3.36868025
5237.7500 3.35690421
5237.8000 3.34512818
5237.8500 3.35003419
5237.9000 3.35569429
5237.9500 3.3613544
5238.0000 3.36701451
5238.0500 3.36295372
5238.1000 3.35373006
5238.1500 3.34450641
5238.2000 3.33528276
5238.2500 3.32842747
5238.3000 3.32595089
5238.3500 3.32347431
5238.4000 3.32099773
5238.4500 3.31910436
5238.5000 3.32818726
5238.5500 3.33727016
5238.6000 3.34635307
5238.6500 3.35543597
5238.7000 3.3662062
5238.7500 3.37753463
5238.8000 3.38886306
5238.8500 3.40019149
5238.9000 3.40239413
5238.9500 3.39361794
5239.0000 3.38484174
5239.0500 3.37606554
5239.1000 3.36756794
5239.1500 3.36055558
5239.2000 3.35354323
5239.2500 3.34653087
5239.3000 3.33951851
5239.3500 3.33390045
5239.4000 3.32850276
5239.4500 3.32310506
5239.5000 3.31770737
5239.5500 3.31953871
5239.6000 3.32680958
5239.6500 3.33408044
5239.7000 3.34135131
5239.7500 3.3367142
5239.8000 3.30134643
5239.8500 3.26597866
5239.9000 3.2306109
5239.9500 3.19524313
5240.0000 3.22965388
5240.0500 3.26480751
5240.1000 3.29996114
5240.1500 3.33511476
5240.2000 3.33808005
5240.2500 3.32732887
5240.3000 3.31657769
5240.3500 3.30582651
5240.4000 3.30546713
5240.4500 3.31978831
5240.5000 3.33410949
5240.5500 3.34843067
5240.6000 3.36072194
5240.6500 3.35934297
5240.7000 3.35796401
5240.7500 3.35658505
5240.8000 3.35520608
5240.8500 3.35052794
5240.9000 3.34524766
5240.9500 3.33996739
5241.0000 3.33468711
5241.0500 3.33556693
5241.1000 3.34121708
5241.1500 3.34686724
5241.2000 3.35251739
5241.2500 3.35370377
5241.3000 3.34358288
5241.3500 3.33346199
5241.4000 3.3233411
5241.4500 3.31328387
5241.5000 3.31888216
5241.5500 3.32448044
5241.6000 3.33007873
5241.6500 3.33567701
5241.7000 3.34110155
5241.7500 3.34646071
5241.8000 3.35181987
5241.8500 3.35717903
5241.9000 3.35451179
5241.9500 3.34206352
5242.0000 3.32961524
5242.0500 3.31716697
5242.1000 3.30788909
5242.1500 3.31341304
5242.2000 3.31893699
5242.2500 3.32446094
5242.3000 3.32998489
5242.3500 3.3240247
5242.4000 3.31683982
5242.4500 3.30965494
5242.5000 3.30247006
5242.5500 3.30261482
5242.6000 3.30701978
5242.6500 3.31142474
5242.7000 3.31582971
5242.7500 3.31820251
5242.8000 3.31700558
5242.8500 3.31580865
5242.9000 3.31461172
5242.9500 3.31390966
5243.0000 3.31794013
5243.0500 3.3219706
5243.1000 3.32600107
5243.1500 3.33003154
5243.2000 3.3197178
5243.2500 3.30642712
5243.3000 3.29313643
5243.3500 3.27984574
5243.4000 3.27639738
5243.4500 3.28058368
5243.5000 3.28476998
5243.5500 3.28895627
5243.6000 3.28719882
5243.6500 3.27155612
5243.7000 3.25591343
5243.7500 3.24027074
5243.8000 3.22591146
5243.8500 3.24412572
5243.9000 3.26233999
5243.9500 3.28055425
5244.0000 3.29876852
5244.0500 3.31526735
5244.1000 3.33127564
5244.1500 3.34728394
5244.2000 3.36329223
5244.2500 3.35357128
5244.3000 3.31999736
5244.3500 3.28642344
5244.4000 3.25284952
5244.4500 3.23185496
5244.5000 3.24633401
5244.5500 3.26081307
5244.6000 3.27529212
5244.6500 3.28955526
5244.7000 3.26927691
5244.7500 3.24899856
5244.8000 3.22872021
5244.8500 3.20844186
5244.9000 3.21653973
5244.9500 3.23398494
5245.0000 3.25143015
5245.0500 3.26887536
5245.1000 3.2700176
5245.1500 3.25484322
5245.2000 3.23966883
5245.2500 3.22449445
5245.3000 3.21545098
5245.3500 3.22490456
5245.4000 3.23435813
5245.4500 3.2438117
5245.5000 3.25326527
5245.5500 3.24344789
5245.6000 3.23362412
5245.6500 3.22380034
5245.7000 3.21397657
5245.7500 3.2220338
5245.8000 3.23598883
5245.8500 3.24994387
5245.9000 3.2638989
5245.9500 3.26372226
5246.0000 3.24974107
5246.0500 3.23575988
5246.1000 3.22177869
5246.1500 3.21422198
5246.2000 3.22482573
5246.2500 3.23542947
5246.3000 3.24603321
5246.3500 3.25658437
5246.4000 3.26432455
5246.4500 3.27206474
5246.5000 3.27980492
5246.5500 3.2875451
5246.6000 3.28921254
5246.6500 3.28913698
5246.7000 3.28906142
5246.7500 3.28898587
5246.8000 3.28353838
5246.8500 3.27346295
5246.9000 3.26338752
5246.9500 3.2533121
5247.0000 3.24572089
5247.0500 3.24395399
5247.1000 3.24218709
5247.1500 3.24042018
5247.2000 3.23942351
5247.2500 3.25000402
5247.3000 3.26058453
5247.3500 3.27116505
5247.4000 3.28174556
5247.4500 3.27694688
5247.5000 3.26893894
5247.5500 3.26093099
5247.6000 3.25292305
5247.6500 3.24596486
5247.7000 3.23972443
5247.7500 3.233484
5247.8000 3.22724358
5247.8500 3.22175843
5247.9000 3.21760403
5247.9500 3.21344963
5248.0000 3.20929524
5248.0500 3.20534151
5248.1000 3.20270953
5248.1500 3.20007756
5248.2000 3.19744558
5248.2500 3.1948136
5248.3000 3.21172827
5248.3500 3.23073912
5248.4000 3.24974997
5248.4500 3.26876082
5248.5000 3.27481231
5248.5500 3.27465474
5248.6000 3.27449718
5248.6500 3.27433962
5248.7000 3.27050498
5248.7500 3.26218714
5248.8000 3.2538693
5248.8500 3.24555146
5248.9000 3.24108927
5248.9500 3.24977656
5249.0000 3.25846386
5249.0500 3.26715115
5249.1000 3.27572047
5249.1500 3.25795694
5249.2000 3.24019342
5249.2500 3.22242989
5249.3000 3.20466636
5249.3500 3.20392852
5249.4000 3.20788736
5249.4500 3.2118462
5249.5000 3.21580504
5249.5500 3.21021469
5249.6000 3.19726372
5249.6500 3.18431275
5249.7000 3.17136178
5249.7500 3.16049941
5249.8000 3.15356323
5249.8500 3.14662705
5249.9000 3.13969086
5249.9500 3.13600015
5250.0000 3.15376724
5250.0500 3.17153433
5250.1000 3.18930142
5250.1500 3.20706851
5250.2000 3.2100701
5250.2500 3.2117373
5250.3000 3.21340451
5250.3500 3.21507172
5250.4000 3.21536514
5250.4500 3.21508224
5250.5000 3.21479934
5250.5500 3.21451644
5250.6000 3.21138015
5250.6500 3.20531439
5250.7000 3.19924863
5250.7500 3.19318286
5250.8000 3.19574338
5250.8500 3.22005315
5250.9000 3.24436292
5250.9500 3.26867269
5251.0000 3.29007607
5251.0500 3.27622633
5251.1000 3.26237658
5251.1500 3.24852684
5251.2000 3.23467709
5251.2500 3.23821762
5251.3000 3.24435776
5251.3500 3.2504979
5251.4000 3.25663804
5251.4500 3.25295378
5251.5000 3.2443283
5251.5500 3.23570282
5251.6000 3.22707734
5251.6500 3.22135625
5251.7000 3.21901225
5251.7500 3.21666825
5251.8000 3.21432424
5251.8500 3.21062182
5251.9000 3.20307331
5251.9500 3.19552481
5252.0000 3.1879763
5252.0500 3.18128953
5252.1000 3.18780756
5252.1500 3.19432559
5252.2000 3.20084362
5252.2500 3.20736165
5252.3000 3.20901826
5252.3500 3.20990399
5252.4000 3.21078973
5252.4500 3.21167546
5252.5000 3.20444235
5252.5500 3.19314906
5252.6000 3.18185577
5252.6500 3.17056248
5252.7000 3.16252238
5252.7500 3.15812526
5252.8000 3.15372813
5252.8500 3.14933101
5252.9000 3.15068433
5252.9500 3.16693682
5253.0000 3.18318931
5253.0500 3.1994418
5253.1000 3.2134213
5253.1500 3.2034989
5253.2000 3.1935765
5253.2500 3.1836541
5253.3000 3.17373171
5253.3500 3.18808629
5253.4000 3.20523377
5253.4500 3.22238125
5253.5000 3.23952873
5253.5500 3.23951546
5253.6000 3.2324397
5253.6500 3.22536394
5253.7000 3.21828819
5253.7500 3.20096344
5253.8000 3.17424176
5253.8500 3.14752009
5253.9000 3.12079841
5253.9500 3.10285999
5254.0000 3.10223553
5254.0500 3.10161106
5254.1000 3.10098659
5254.1500 3.10108071
5254.2000 3.10515096
5254.2500 3.1092212
5254.3000 3.11329145
5254.3500 3.11736169
5254.4000 3.14546442
5254.4500 3.17427976
5254.5000 3.20309509
5254.5500 3.23191043
5254.6000 3.23193704
5254.6500 3.22435582
5254.7000 3.2167746
5254.7500 3.20919339
5254.8000 3.20015776
5254.8500 3.19020154
5254.9000 3.18024532
5254.9500 3.1702891
5255.0000 3.16504689
5255.0500 3.16591691
5255.1000 3.16678693
5255.1500 3.16765695
5255.2000 3.16887075
5255.2500 3.17106245
5255.3000 3.17325416
5255.3500 3.17544587
5255.4000 3.17760941
5255.4500 3.17947529
5255.5000 3.18134116
5255.5500 3.18320704
5255.6000 3.18507291
5255.6500 3.19487081
5255.7000 3.20541135
5255.7500 3.21595188
5255.8000 3.22649241
5255.8500 3.21716935
5255.9000 3.20101132
5255.9500 3.18485329
5256.0000 3.16869526
5256.0500 3.16953114
5256.1000 3.18291529
5256.1500 3.19629944
5256.2000 3.20968359
5256.2500 3.2184778
5256.3000 3.22061583
5256.3500 3.22275386
5256.4000 3.22489189
5256.4500 3.22473973
5256.5000 3.21744041
5256.5500 3.21014109
5256.6000 3.20284177
5256.6500 3.19651706
5256.7000 3.2015765
5256.7500 3.20663594
5256.8000 3.21169538
5256.8500 3.21675482
5256.9000 3.21016484
5256.9500 3.20251623
5257.0000 3.19486761
5257.0500 3.18721899
5257.1000 3.1766456
5257.1500 3.16512916
5257.2000 3.15361271
5257.2500 3.14209627
5257.3000 3.13989659
5257.3500 3.14397784
5257.4000 3.14805908
5257.4500 3.15214032
5257.5000 3.15244625
5257.5500 3.14794934
5257.6000 3.14345243
5257.6500 3.13895551
5257.7000 3.13887551
5257.7500 3.14990097
5257.8000 3.16092643
5257.8500 3.17195189
5257.9000 3.18243734
5257.9500 3.18932962
5258.0000 3.19622189
5258.0500 3.20311416
5258.1000 3.21000643
5258.1500 3.20959271
5258.2000 3.20901774
5258.2500 3.20844278
5258.3000 3.20786782
5258.3500 3.19841454
5258.4000 3.18711467
5258.4500 3.1758148
5258.5000 3.16451493
5258.5500 3.15774672
5258.6000 3.15312189
5258.6500 3.14849706
5258.7000 3.14387223
5258.7500 3.15191861
5258.8000 3.17112831
5258.8500 3.19033801
5258.9000 3.20954772
5258.9500 3.21873461
5259.0000 3.21198049
5259.0500 3.20522638
5259.1000 3.19847226
5259.1500 3.1886144
5259.2000 3.16903973
5259.2500 3.14946505
5259.3000 3.12989038
5259.3500 3.11331548
5259.4000 3.12379328
5259.4500 3.13427107
5259.5000 3.14474887
5259.5500 3.15522666
5259.6000 3.15731902
5259.6500 3.15905481
5259.7000 3.16079059
5259.7500 3.16252637
5259.8000 3.16517355
5259.8500 3.16802042
5259.9000 3.17086729
5259.9500 3.17371416
5260.0000 3.16615023
5260.0500 3.15375438
5260.1000 3.14135852
5260.1500 3.12896267
5260.2000 3.12625808
5260.2500 3.13156634
5260.3000 3.1368746
5260.3500 3.14218287
5260.4000 3.14754646
5260.4500 3.15298855
5260.5000 3.15843064
5260.5500 3.16387272
5260.6000 3.16805241
5260.6500 3.16900547
5260.7000 3.16995853
5260.7500 3.17091159
5260.8000 3.16939392
5260.8500 3.15394521
5260.9000 3.13849651
5260.9500 3.12304781
5261.0000 3.10860174
5261.0500 3.13928638
5261.1000 3.16997101
5261.1500 3.20065565
5261.2000 3.23134029
5261.2500 3.22424209
5261.3000 3.21268797
5261.3500 3.20113384
5261.4000 3.18957972
5261.4500 3.1789668
5261.5000 3.16863667
5261.5500 3.15830655
5261.6000 3.14797642
5261.6500 3.14857496
5261.7000 3.15518619
5261.7500 3.16179742
5261.8000 3.16840864
5261.8500 3.1672703
5261.9000 3.15906117
5261.9500 3.15085204
5262.0000 3.1426429
5262.0500 3.13944146
5262.1000 3.14367703
5262.1500 3.1479126
5262.2000 3.15214818
5262.2500 3.15939168
5262.3000 3.17423448
5262.3500 3.18907729
5262.4000 3.20392009
5262.4500 3.21587988
5262.5000 3.21340075
5262.5500 3.21092162
5262.6000 3.20844249
5262.6500 3.20507213
5262.7000 3.18511347
5262.7500 3.16515482
5262.8000 3.14519617
5262.8500 3.12523752
5262.9000 3.13663789
5262.9500 3.15013864
5263.0000 3.1636394
5263.0500 3.17714016
5263.1000 3.17069623
5263.1500 3.16002611
5263.2000 3.14935599
5263.2500 3.13868587
5263.3000 3.12737764
5263.3500 3.11581478
5263.4000 3.10425191
5263.4500 3.09268904
5263.5000 3.09832236
5263.5500 3.11513219
5263.6000 3.13194203
5263.6500 3.14875186
5263.7000 3.15984906
5263.7500 3.1652127
5263.8000 3.17057634
5263.8500 3.17593997
5263.9000 3.18405768
5263.9500 3.19641519
5264.0000 3.20877269
5264.0500 3.2211302
5264.1000 3.22369654
5264.1500 3.2023121
5264.2000 3.18092767
5264.2500 3.15954324
5264.3000 3.14194004
5264.3500 3.14063971
5264.4000 3.13933938
5264.4500 3.13803906
5264.5000 3.13575732
5264.5500 3.12331225
5264.6000 3.11086717
5264.6500 3.0984221
5264.7000 3.08597703
5264.7500 3.08816354
5264.8000 3.09050457
5264.8500 3.09284559
5264.9000 3.09518661
5264.9500 3.09628835
5265.0000 3.09724119
5265.0500 3.09819403
5265.1000 3.09914687
5265.1500 3.09432965
5265.2000 3.08804854
5265.2500 3.08176743
5265.3000 3.07548632
5265.3500 3.0867786
5265.4000 3.10545132
5265.4500 3.12412405
5265.5000 3.14279678
5265.5500 3.14875398
5265.6000 3.14666802
5265.6500 3.14458206
5265.7000 3.1424961
5265.7500 3.13429724
5265.8000 3.12051309
5265.8500 3.10672894
5265.9000 3.09294479
5265.9500 3.0786301
5266.0000 3.06362428
5266.0500 3.04861845
5266.1000 3.03361263
5266.1500 3.03009205
5266.2000 3.0481184
5266.2500 3.06614476
5266.3000 3.08417111
5266.3500 3.09543424
5266.4000 3.08772906
5266.4500 3.08002388
5266.5000 3.0723187
5266.5500 3.06688929
5266.6000 3.07184912
5266.6500 3.07680895
5266.7000 3.08176878
5266.7500 3.08449549
5266.8000 3.06672753
5266.8500 3.04895956
5266.9000 3.0311916
5266.9500 3.01392564
5267.0000 3.02324254
5267.0500 3.03255944
5267.1000 3.04187634
5267.1500 3.05119324
5267.2000 3.05777817
5267.2500 3.06419037
5267.3000 3.07060256
5267.3500 3.07701475
5267.4000 3.09034722
5267.4500 3.10476671
5267.5000 3.11918621
5267.5500 3.1336057
5267.6000 3.12229144
5267.6500 3.10412326
5267.7000 3.08595509
5267.7500 3.06778691
5267.8000 3.05861307
5267.8500 3.05299225
5267.9000 3.04737143
5267.9500 3.04175062
5268.0000 3.03991842
5268.0500 3.04016502
5268.1000 3.04041162
5268.1500 3.04065822
5268.2000 3.04858142
5268.2500 3.06214845
5268.3000 3.07571547
5268.3500 3.0892825
5268.4000 3.09035715
5268.4500 3.07936309
5268.5000 3.06836902
5268.5500 3.05737496
5268.6000 3.05343554
5268.6500 3.05837795
5268.7000 3.06332036
5268.7500 3.06826278
5268.8000 3.0665814
5268.8500 3.05402126
5268.9000 3.04146112
5268.9500 3.02890099
5269.0000 3.01622367
5269.0500 3.00329266
5269.1000 2.99036164
5269.1500 2.97743063
5269.2000 2.97317364
5269.2500 2.9942341
5269.3000 3.01529455
5269.3500 3.03635501
5269.4000 3.05019781
5269.4500 3.03446095
5269.5000 3.01872409
5269.5500 3.00298722
5269.6000 2.98863689
5269.6500 2.98288646
5269.7000 2.97713603
5269.7500 2.9713856
5269.8000 2.96872297
5269.8500 3.0000537
5269.9000 3.03138443
5269.9500 3.06271516
5270.0000 3.09263116
5270.0500 3.07590163
5270.1000 3.05917211
5270.1500 3.04244258
5270.2000 3.02571305
5270.2500 3.0148715
5270.3000 3.00416649
5270.3500 2.99346147
5270.4000 2.98275645
5270.4500 2.96720465
5270.5000 2.95127105
5270.5500 2.93533745
5270.6000 2.91940384
5270.6500 2.92312985
5270.7000 2.92957855
5270.7500 2.93602726
5270.8000 2.94247597
5270.8500 2.94111885
5270.9000 2.93817961
5270.9500 2.93524037
5271.0000 2.93230113
5271.0500 2.93677855
5271.1000 2.94327127
5271.1500 2.94976399
5271.2000 2.95625671
5271.2500 2.95460024
5271.3000 2.95012408
5271.3500 2.94564791
5271.4000 2.94117174
5271.4500 2.94806209
5271.5000 2.95979404
5271.5500 2.97152599
5271.6000 2.98325794
5271.6500 2.99220518
5271.7000 2.99972666
5271.7500 3.00724814
5271.8000 3.01476963
5271.8500 3.00853196
5271.9000 2.99397591
5271.9500 2.97941986
5272.0000 2.96486381
5272.0500 2.95584502
5272.1000 2.95072519
5272.1500 2.94560536
5272.2000 2.94048553
5272.2500 2.93838939
5272.3000 2.93874579
5272.3500 2.93910219
5272.4000 2.93945858
5272.4500 2.94218289
5272.5000 2.94709963
5272.5500 2.95201638
5272.6000 2.95693312
5272.6500 2.96468132
5272.7000 2.97539926
5272.7500 2.98611719
5272.8000 2.99683513
5272.8500 3.00155506
5272.9000 2.99919631
5272.9500 2.99683756
5273.0000 2.99447881
5273.0500 2.99664076
5273.1000 3.0047701
5273.1500 3.01289943
5273.2000 3.02102876
5273.2500 3.01252747
5273.3000 2.97960781
5273.3500 2.94668815
5273.4000 2.91376848
5273.4500 2.90015732
5273.5000 2.91791513
5273.5500 2.93567294
5273.6000 2.95343075
5273.6500 2.96849862
5273.7000 2.97875591
5273.7500 2.98901321
5273.8000 2.9992705
5273.8500 3.00742475
5273.9000 3.01146038
5273.9500 3.01549602
5274.0000 3.01953165
5274.0500 3.01850672
5274.1000 3.00668693
5274.1500 2.99486715
5274.2000 2.98304736
5274.2500 2.97562544
5274.3000 2.97836421
5274.3500 2.98110298
5274.4000 2.98384175
5274.4500 2.98636222
5274.5000 2.98833972
5274.5500 2.99031722
5274.6000 2.99229473
5274.6500 2.99670401
5274.7000 3.00758257
5274.7500 3.01846112
5274.8000 3.02933968
5274.8500 3.03535266
5274.9000 3.02761851
5274.9500 3.01988436
5275.0000 3.01215021
5275.0500 3.00273625
5275.1000 2.98832
5275.1500 2.97390375
5275.2000 2.9594875
5275.2500 2.95004282
5275.3000 2.95607396
5275.3500 2.96210509
5275.4000 2.96813623
5275.4500 2.97274306
5275.5000 2.97275578
5275.5500 2.97276851
5275.6000 2.97278123
5275.6500 2.97224432
5275.7000 2.96988745
5275.7500 2.96753058
5275.8000 2.96517371
5275.8500 2.96450633
5275.9000 2.96952653
5275.9500 2.97454673
5276.0000 2.97956692
5276.0500 2.98412444
5276.1000 2.98711413
5276.1500 2.99010381
5276.2000 2.9930935
5276.2500 2.99049968
5276.3000 2.96905198
5276.3500 2.94760429
5276.4000 2.92615659
5276.4500 2.90680302
5276.5000 2.89442556
5276.5500 2.8820481
5276.6000 2.86967063
5276.6500 2.86494772
5276.7000 2.88513498
5276.7500 2.90532224
5276.8000 2.92550951
5276.8500 2.93994067
5276.9000 2.93624512
5276.9500 2.93254957
5277.0000 2.92885401
5277.0500 2.92541072
5277.1000 2.92272924
5277.1500 2.92004776
5277.2000 2.91736628
5277.2500 2.91404368
5277.3000 2.90887988
5277.3500 2.90371608
5277.4000 2.89855228
5277.4500 2.89386741
5277.5000 2.89048019
5277.5500 2.88709296
5277.6000 2.88370574
5277.6500 2.87799334
5277.7000 2.86638067
5277.7500 2.854768
5277.8000 2.84315532
5277.8500 2.83758033
5277.9000 2.84625811
5277.9500 2.85493589
5278.0000 2.86361367
5278.0500 2.86744966
5278.1000 2.86071918
5278.1500 2.8539887
5278.2000 2.84725822
5278.2500 2.84987336
5278.3000 2.87123355
5278.3500 2.89259373
5278.4000 2.91395392
5278.4500 2.92431968
5278.5000 2.91452952
5278.5500 2.90473937
5278.6000 2.89494921
5278.6500 2.88791144
5278.7000 2.8854611
5278.7500 2.88301077
5278.8000 2.88056043
5278.8500 2.87447112
5278.9000 2.86289674
5278.9500 2.85132235
5279.0000 2.83974797
5279.0500 2.84138581
5279.1000 2.86093795
5279.1500 2.88049009
5279.2000 2.90004223
5279.2500 2.9074152
5279.3000 2.90001636
5279.3500 2.89261751
5279.4000 2.88521867
5279.4500 2.89214362
5279.5000 2.91451584
5279.5500 2.93688807
5279.6000 2.95926029
5279.6500 2.96397923
5279.7000 2.9518833
5279.7500 2.93978737
5279.8000 2.92769144
5279.8500 2.92153389
5279.9000 2.92033419
5279.9500 2.9191345
5280.0000 2.9179348
5280.0500 2.92131514
5280.1000 2.92801714
5280.1500 2.93471914
5280.2000 2.94142114
5280.2500 2.94224838
5280.3000 2.93941442
5280.3500 2.93658047
5280.4000 2.93374652
5280.4500 2.92783183
5280.5000 2.92028949
5280.5500 2.91274714
5280.6000 2.90520479
5280.6500 2.89439859
5280.7000 2.88215569
5280.7500 2.8699128
5280.8000 2.8576699
5280.8500 2.84165906
5280.9000 2.82429815
5280.9500 2.80693724
5281.0000 2.78957632
5281.0500 2.81450143
5281.1000 2.85136188
5281.1500 2.88822234
5281.2000 2.92508279
5281.2500 2.91472496
5281.3000 2.89437562
5281.3500 2.87402628
5281.4000 2.85367695
5281.4500 2.86885497
5281.5000 2.88921809
5281.5500 2.90958121
5281.6000 2.92994433
5281.6500 2.92051293
5281.7000 2.9085519
5281.7500 2.89659086
5281.8000 2.88462983
5281.8500 2.85451386
5281.9000 2.82388751
5281.9500 2.79326117
5282.0000 2.76456957
5282.0500 2.8101518
5282.1000 2.85573403
5282.1500 2.90131626
5282.2000 2.94056875
5282.2500 2.90696541
5282.3000 2.87336208
5282.3500 2.83975874
5282.4000 2.8134738
5282.4500 2.83356302
5282.5000 2.85365224
5282.5500 2.87374146
5282.6000 2.88780216
5282.6500 2.87689459
5282.7000 2.86598702
5282.7500 2.85507944
5282.8000 2.84689158
5282.8500 2.84667068
5282.9000 2.84644978
5282.9500 2.84622887
5283.0000 2.84815853
5283.0500 2.8547362
5283.1000 2.86131387
5283.1500 2.86789154
5283.2000 2.86220281
5283.2500 2.83649872
5283.3000 2.81079463
5283.3500 2.78509054
5283.4000 2.76743009
5283.4500 2.75978301
5283.5000 2.75213594
5283.5500 2.74448886
5283.6000 2.7518726
5283.6500 2.77353888
5283.7000 2.79520516
5283.7500 2.81687144
5283.8000 2.81607282
5283.8500 2.79913277
5283.9000 2.78219271
5283.9500 2.76525265
5284.0000 2.75898457
5284.0500 2.75839103
5284.1000 2.75779749
5284.1500 2.75720395
5284.2000 2.7509206
5284.2500 2.7424861
5284.3000 2.73405159
5284.3500 2.72561709
5284.4000 2.74804049
5284.4500 2.77816502
5284.5000 2.80828956
5284.5500 2.83841409
5284.6000 2.84715631
5284.6500 2.85289227
5284.7000 2.85862823
5284.7500 2.86436419
5284.8000 2.86329408
5284.8500 2.86190348
5284.9000 2.86051287
5284.9500 2.8582016
5285.0000 2.83062313
5285.0500 2.80304467
5285.1000 2.7754662
5285.1500 2.75374175
5285.2000 2.77614539
5285.2500 2.79854904
5285.3000 2.82095268
5285.3500 2.83467554
5285.4000 2.81387545
5285.4500 2.79307537
5285.5000 2.77227528
5285.5500 2.76594336
5285.6000 2.79563046
5285.6500 2.82531756
5285.7000 2.85500466
5285.7500 2.86274098
5285.8000 2.8337451
5285.8500 2.80474921
5285.9000 2.77575333
5285.9500 2.7786156
5286.0000 2.81837063
5286.0500 2.85812565
5286.1000 2.89788068
5286.1500 2.89531963
5286.2000 2.85876863
5286.2500 2.82221764
5286.3000 2.78566664
5286.3500 2.77280016
5286.4000 2.77282331
5286.4500 2.77284646
5286.5000 2.77286961
5286.5500 2.78814624
5286.6000 2.80871449
5286.6500 2.82928273
5286.7000 2.84985097
5286.7500 2.84473853
5286.8000 2.83470362
5286.8500 2.82466872
5286.9000 2.81463382
5286.9500 2.80873884
5287.0000 2.80311886
5287.0500 2.79749888
5287.1000 2.79250699
5287.1500 2.80336137
5287.2000 2.81421576
5287.2500 2.82507014
5287.3000 2.83473299
5287.3500 2.83710013
5287.4000 2.83946726
5287.4500 2.8418344
5287.5000 2.83769118
5287.5500 2.81343202
5287.6000 2.78917285
5287.6500 2.76491368
5287.7000 2.74462723
5287.7500 2.73170309
5287.8000 2.71877895
5287.8500 2.70585482
5287.9000 2.70381453
5287.9500 2.71463821
5288.0000 2.72546189
5288.0500 2.73628556
5288.1000 2.74641339
5288.1500 2.75601197
5288.2000 2.76561055
5288.2500 2.77520912
5288.3000 2.77397216
5288.3500 2.76762533
5288.4000 2.7612785
5288.4500 2.75493167
5288.5000 2.77205486
5288.5500 2.7953066
5288.6000 2.81855833
5288.6500 2.84181006
5288.7000 2.83260222
5288.7500 2.82011383
5288.8000 2.80762545
5288.8500 2.79535147
5288.9000 2.79132421
5288.9500 2.78729695
5289.0000 2.7832697
5289.0500 2.78181064
5289.1000 2.7955769
5289.1500 2.80934317
5289.2000 2.82310943
5289.2500 2.82949126
5289.3000 2.81541191
5289.3500 2.80133256
5289.4000 2.78725321
5289.4500 2.77391389
5289.5000 2.76174224
5289.5500 2.74957058
5289.6000 2.73739893
5289.6500 2.7331233
5289.7000 2.7363582
5289.7500 2.73959309
5289.8000 2.74282798
5289.8500 2.75933527
5289.9000 2.78334157
5289.9500 2.80734787
5290.0000 2.83135417
5290.0500 2.8321127
5290.1000 2.82582118
5290.1500 2.81952966
5290.2000 2.81323815
5290.2500 2.8159758
5290.3000 2.81974447
5290.3500 2.82351315
5290.4000 2.8265008
5290.4500 2.8038782
5290.5000 2.7812556
5290.5500 2.758633
5290.6000 2.73884799
5290.6500 2.73357547
5290.7000 2.72830296
5290.7500 2.72303045
5290.8000 2.72065665
5290.8500 2.72506653
5290.9000 2.72947642
5290.9500 2.7338863
5291.0000 2.7374316
5291.0500 2.73986344
5291.1000 2.74229528
5291.1500 2.74472712
5291.2000 2.76099495
5291.2500 2.78741948
5291.3000 2.81384402
5291.3500 2.84026855
5291.4000 2.81994807
5291.4500 2.78128101
5291.5000 2.74261394
5291.5500 2.70394688
5291.6000 2.67714281
5291.6500 2.65224606
5291.7000 2.62734931
5291.7500 2.60285483
5291.8000 2.63779503
5291.8500 2.67273524
5291.9000 2.70767544
5291.9500 2.73609072
5292.0000 2.72861697
5292.0500 2.72114322
5292.1000 2.71366948
5292.1500 2.70464047
5292.2000 2.69203115
5292.2500 2.67942183
5292.3000 2.66681251
5292.3500 2.65016752
5292.4000 2.62866376
5292.4500 2.60716001
5292.5000 2.58565625
5292.5500 2.60208133
5292.6000 2.64311414
5292.6500 2.68414696
5292.7000 2.72517978
5292.7500 2.20968346
5292.8000 1.51956958
5292.8500 0.82945569
5292.9000 0.1393418
5292.9500 0.71240069
5293.0000 1.39869601
5293.0500 2.08499133
5293.1000 2.71909044
5293.1500 2.72022023
5293.2000 2.72135002
5293.2500 2.72247981
5293.3000 2.71936224
5293.3500 2.70253464
5293.4000 2.68570704
5293.4500 2.66887944
5293.5000 2.65961293
5293.5500 2.66174672
5293.6000 2.6638805
5293.6500 2.66601428
5293.7000 2.6584853
5293.7500 2.64345296
5293.8000 2.62842063
5293.8500 2.61338829
5293.9000 2.62282818
5293.9500 2.64136865
5294.0000 2.65990913
5294.0500 2.67844961
5294.1000 2.69396396
5294.1500 2.70913032
5294.2000 2.72429668
5294.2500 2.7375063
5294.3000 2.72333337
5294.3500 2.70916045
5294.4000 2.69498752
5294.4500 2.68040595
5294.5000 2.66451909
5294.5500 2.64863223
5294.6000 2.63274538
5294.6500 2.63251235
5294.7000 2.65461435
5294.7500 2.67671636
5294.8000 2.69881837
5294.8500 2.6870666
5294.9000 2.6515554
5294.9500 2.6160442
5295.0000 2.58053301
5295.0500 2.57801672
5295.1000 2.58563324
5295.1500 2.59324975
5295.2000 2.60086627
5295.2500 2.59106881
5295.3000 2.58024624
5295.3500 2.56942367
5295.4000 2.55995171
5295.4500 2.55987666
5295.5000 2.55980161
5295.5500 2.55972657
5295.6000 2.55891035
5295.6500 2.55643543
5295.7000 2.55396051
5295.7500 2.5514856
5295.8000 2.56568546
5295.8500 2.59697044
5295.9000 2.62825543
5295.9500 2.65954042
5296.0000 2.68659304
5296.0500 2.71166236
5296.1000 2.73673167
5296.1500 2.76180099
5296.2000 2.72922721
5296.2500 2.68802694
5296.3000 2.64682667
5296.3500 2.60654183
5296.4000 2.58043489
5296.4500 2.55432794
5296.5000 2.52822099
5296.5500 2.5216319
5296.6000 2.57255109
5296.6500 2.62347028
5296.7000 2.67438947
5296.7500 2.69958182
5296.8000 2.6930816
5296.8500 2.68658138
5296.9000 2.68008115
5296.9500 2.67568542
5297.0000 2.67244985
5297.0500 2.66921427
5297.1000 2.6659787
5297.1500 2.65005226
5297.2000 2.63176455
5297.2500 2.61347685
5297.3000 2.59760031
5297.3500 2.6346811
5297.4000 2.67176189
5297.4500 2.70884268
5297.5000 2.73356982
5297.5500 2.72041024
5297.6000 2.70725066
5297.6500 2.69409108
5297.7000 2.67141859
5297.7500 2.63712666
5297.8000 2.60283474
5297.8500 2.56854281
5297.9000 2.55857598
5297.9500 2.5613451
5298.0000 2.56411422
5298.0500 2.56688333
5298.1000 2.56916686
5298.1500 2.57137425
5298.2000 2.57358165
5298.2500 2.57519378
5298.3000 2.56941348
5298.3500 2.56363317
5298.4000 2.55785286
5298.4500 2.55737392
5298.5000 2.57009738
5298.5500 2.58282084
5298.6000 2.5955443
5298.6500 2.59130265
5298.7000 2.57012385
5298.7500 2.54894506
5298.8000 2.52776626
5298.8500 2.53388689
5298.9000 2.5508222
5298.9500 2.5677575
5299.0000 2.58469281
5299.0500 2.59237705
5299.1000 2.59940792
5299.1500 2.60643879
5299.2000 2.61501465
5299.2500 2.63209465
5299.3000 2.64917465
5299.3500 2.66625466
5299.4000 2.67505069
5299.4500 2.67006324
5299.5000 2.66507578
5299.5500 2.66008833
5299.6000 2.63152295
5299.6500 2.587172
5299.7000 2.54282106
5299.7500 2.49847011
5299.8000 2.49612374
5299.8500 2.50271798
5299.9000 2.50931222
5299.9500 2.51516781
5300.0000 2.5075495
5300.0500 2.49993118
5300.1000 2.49231286
5300.1500 2.5031985
5300.2000 2.56134158
5300.2500 2.61948465
5300.3000 2.67762773
5300.3500 2.70278717
5300.4000 2.69660103
5300.4500 2.69041489
5300.5000 2.68422876
5300.5500 2.6578627
5300.6000 2.62462674
5300.6500 2.59139079
5300.7000 2.55815484
5300.7500 2.55546828
5300.8000 2.55336482
5300.8500 2.55126136
5300.9000 2.54935537
5300.9500 2.54815581
5301.0000 2.54695625
5301.0500 2.54575669
5301.1000 2.56767119
5301.1500 2.61698332
5301.2000 2.66629546
5301.2500 2.7156076
5301.3000 2.70974538
5301.3500 2.68008881
5301.4000 2.65043224
5301.4500 2.62077567
5301.5000 2.61613936
5301.5500 2.61305131
5301.6000 2.60996326
5301.6500 2.60684116
5301.7000 2.60357074
5301.7500 2.60030032
5301.8000 2.5970299
5301.8500 2.58351552
5301.9000 2.55662324
5301.9500 2.52973096
5302.0000 2.50283868
5302.0500 2.49776587
5302.1000 2.50284045
5302.1500 2.50791503
5302.2000 2.5129896
5302.2500 2.49396302
5302.3000 2.47321742
5302.3500 2.45247182
5302.4000 2.43942638
5302.4500 2.46002614
5302.5000 2.48062589
5302.5500 2.50122565
5302.6000 2.48860468
5302.6500 2.43387663
5302.7000 2.37914859
5302.7500 2.32442055
5302.8000 2.35291495
5302.8500 2.41745919
5302.9000 2.48200343
5302.9500 2.54654767
5303.0000 2.54867417
5303.0500 2.54795861
5303.1000 2.54724305
5303.1500 2.53492085
5303.2000 2.480746
5303.2500 2.42657116
5303.3000 2.37239631
5303.3500 2.3742544
5303.4000 2.43687858
5303.4500 2.49950276
5303.5000 2.56212694
5303.5500 2.56235092
5303.6000 2.54114111
5303.6500 2.5199313
5303.7000 2.49897443
5303.7500 2.50099084
5303.8000 2.50300724
5303.8500 2.50502365
5303.9000 2.51803229
5303.9500 2.55938831
5304.0000 2.60074434
5304.0500 2.64210036
5304.1000 2.6414462
5304.1500 2.60640865
5304.2000 2.57137109
5304.2500 2.53633353
5304.3000 2.52792771
5304.3500 2.52527359
5304.4000 2.52261946
5304.4500 2.51586909
5304.5000 2.47091178
5304.5500 2.42595448
5304.6000 2.38099717
5304.6500 2.36094928
5304.7000 2.38272897
5304.7500 2.40450866
5304.8000 2.42628834
5304.8500 2.46780646
5304.9000 2.51987654
5304.9500 2.57194663
5305.0000 2.62401671
5305.0500 2.5802621
5305.1000 2.529517
5305.1500 2.4787719
5305.2000 2.44129671
5305.2500 2.45245739
5305.3000 2.46361806
5305.3500 2.47477873
5305.4000 2.46998634
5305.4500 2.44915662
5305.5000 2.42832691
5305.5500 2.40749719
5305.6000 2.42474904
5305.6500 2.45243145
5305.7000 2.48011385
5305.7500 2.50636197
5305.8000 2.5144719
5305.8500 2.52258182
5305.9000 2.53069174
5305.9500 2.52592862
5306.0000 2.49862963
5306.0500 2.47133065
5306.1000 2.44403166
5306.1500 2.46079091
5306.2000 2.50067315
5306.2500 2.5405554
5306.3000 2.58043764
5306.3500 2.6026511
5306.4000 2.62393571
5306.4500 2.64522033
5306.5000 2.64863852
5306.5500 2.59738016
5306.6000 2.54612181
5306.6500 2.49486345
5306.7000 2.50119377
5306.7500 2.55569818
5306.8000 2.6102026
5306.8500 2.66470701
5306.9000 2.64738403
5306.9500 2.6168573
5307.0000 2.58633057
5307.0500 2.55778809
5307.1000 2.54076695
5307.1500 2.5237458
5307.2000 2.50672465
5307.2500 2.49999316
5307.3000 2.50578134
5307.3500 2.51156953
5307.4000 2.51735771
5307.4500 2.51978593
5307.5000 2.52113737
5307.5500 2.52248882
5307.6000 2.52621221
5307.6500 2.56378217
5307.7000 2.60135213
5307.7500 2.63892209
5307.8000 2.66251781
5307.8500 2.66288974
5307.9000 2.66326168
5307.9500 2.66363361
5308.0000 2.70750503
5308.0500 2.77111662
5308.1000 2.83472822
5308.1500 2.89793161
5308.2000 2.76053005
5308.2500 2.62312849
5308.3000 2.48572693
5308.3500 2.4307769
5308.4000 2.55248492
5308.4500 2.67419295
5308.5000 2.79590098
5308.5500 2.7767201
5308.6000 2.67704168
5308.6500 2.57736326
5308.7000 2.47768484
5308.7500 2.50518252
5308.8000 2.53845288
5308.8500 2.57172325
5308.9000 2.59517681
5308.9500 2.59323252
5309.0000 2.59128823
5309.0500 2.58934394
5309.1000 2.58657459
5309.1500 2.58326196
5309.2000 2.57994933
5309.2500 2.5766367
5309.3000 2.52015853
5309.3500 2.45962774
5309.4000 2.39909695
5309.4500 2.34541225
5309.5000 2.31147998
5309.5500 2.2775477
5309.6000 2.24361543
5309.6500 2.2846662
5309.7000 2.37834069
5309.7500 2.47201517
5309.8000 2.56568966
5309.8500 2.58903513
5309.9000 2.60625223
5309.9500 2.62346933
5310.0000 2.61972475
5310.0500 2.5544462
5310.1000 2.48916766
5310.1500 2.42388911
5310.2000 2.40756638
5310.2500 2.42521359
5310.3000 2.44286079
5310.3500 2.46050799
5310.4000 2.45628842
5310.4500 2.45038842
5310.5000 2.44448842
5310.5500 2.44979284
5310.6000 2.48555562
5310.6500 2.5213184
5310.7000 2.55708118
5310.7500 2.54197605
5310.8000 2.49451862
5310.8500 2.44706119
5310.9000 2.39960377
5310.9500 2.38313796
5311.0000 2.36811287
5311.0500 2.35308778
5311.1000 2.36067376
5311.1500 2.42053654
5311.2000 2.48039932
5311.2500 2.54026211
5311.3000 2.50713709
5311.3500 2.42400968
5311.4000 2.34088227
5311.4500 2.2578551
5311.5000 2.31606638
5311.5500 2.37427766
5311.6000 2.43248894
5311.6500 2.46350857
5311.7000 2.44471899
5311.7500 2.4259294
5311.8000 2.40713982
5311.8500 2.37951716
5311.9000 2.34824417
5311.9500 2.31697118
5312.0000 0
5312.0500 0
5312.1000 0
5312.1500 0
