4424.0500 2.77274958
4424.1000 2.70438862
4424.1500 2.63602767
4424.2000 2.65946269
4424.2500 2.72641083
4424.3000 2.79335896
4424.3500 2.8603071
4424.4000 2.87350246
4424.4500 2.8385688
4424.5000 2.80363514
4424.5500 2.76870148
4424.6000 2.74363025
4424.6500 2.73480014
4424.7000 2.72597003
4424.7500 2.71713992
4424.8000 2.70377011
4424.8500 2.67512269
4424.9000 2.64647527
4424.9500 2.61782785
4425.0000 2.58624882
4425.0500 2.52157515
4425.1000 2.45690148
4425.1500 2.39222782
4425.2000 2.32755415
4425.2500 2.28277769
4425.3000 2.23939107
4425.3500 2.19600445
4425.4000 2.15261782
4425.4500 2.17031168
4425.5000 2.20433177
4425.5500 2.23835186
4425.6000 2.27237196
4425.6500 2.27573005
4425.7000 2.26217524
4425.7500 2.24862044
4425.8000 2.23506563
4425.8500 2.21459683
4425.9000 2.18724037
4425.9500 2.15988392
4426.0000 2.13252746
4426.0500 2.12687938
4426.1000 2.16008485
4426.1500 2.19329033
4426.2000 2.2264958
4426.2500 2.2405994
4426.3000 2.18577179
4426.3500 2.13094419
4426.4000 2.07611658
4426.4500 2.02739399
4426.5000 2.0523054
4426.5500 2.07721682
4426.6000 2.10212824
4426.6500 2.12703965
4426.7000 2.11864119
4426.7500 2.10800997
4426.8000 2.09737876
4426.8500 2.08674755
4426.9000 2.10466153
4426.9500 2.12976353
4427.0000 2.15486552
4427.0500 2.17996752
4427.1000 2.20040157
4427.1500 2.21844745
4427.2000 2.23649333
4427.2500 2.25453921
4427.3000 2.24341866
4427.3500 2.20594028
4427.4000 2.1684619
4427.4500 2.13098352
4427.5000 2.1182943
4427.5500 2.14436465
4427.6000 2.17043501
4427.6500 2.19650537
4427.7000 2.20648309
4427.7500 2.16967045
4427.8000 2.13285781
4427.8500 2.09604517
4427.9000 2.06412768
4427.9500 2.06718075
4428.0000 2.07023382
4428.0500 2.07328689
4428.1000 2.07633995
4428.1500 2.09079173
4428.2000 2.10535036
4428.2500 2.119909
4428.3000 2.13446764
4428.3500 2.13214565
4428.4000 2.12706832
4428.4500 2.12199099
4428.5000 2.11691365
4428.5500 2.07408243
4428.6000 2.01726546
4428.6500 1.9604485
4428.7000 1.90363153
4428.7500 1.90422268
4428.8000 1.94296693
4428.8500 1.98171119
4428.9000 2.02045544
4428.9500 2.04668434
4429.0000 2.05896066
4429.0500 2.07123699
4429.1000 2.08351332
4429.1500 2.08515426
4429.2000 2.0666924
4429.2500 2.04823055
4429.3000 2.02976869
4429.3500 2.00806061
4429.4000 1.97485628
4429.4500 1.94165194
4429.5000 1.90844761
4429.5500 1.88122491
4429.6000 1.91069577
4429.6500 1.94016662
4429.7000 1.96963748
4429.7500 1.99910834
4429.8000 1.98007957
4429.8500 1.9596398
4429.9000 1.93920003
4429.9500 1.91876026
4430.0000 1.93302986
4430.0500 1.95346945
4430.1000 1.97390904
4430.1500 1.99434863
4430.2000 1.98143173
4430.2500 1.95601765
4430.3000 1.93060357
4430.3500 1.90518949
4430.4000 1.9051223
4430.4500 1.92147335
4430.5000 1.9378244
4430.5500 1.95417545
4430.6000 1.96271639
4430.6500 1.96304263
4430.7000 1.96336886
4430.7500 1.9636951
4430.8000 1.87505624
4430.8500 1.63422632
4430.9000 1.39339641
4430.9500 1.15256649
4431.0000 1.03749588
4431.0500 1.29671263
4431.1000 1.55592938
4431.1500 1.81514613
4431.2000 2.03810673
4431.2500 2.02901761
4431.3000 2.01992849
4431.3500 2.01083937
4431.4000 2.00246078
4431.4500 2.02922943
4431.5000 2.05599809
4431.5500 2.08276674
4431.6000 2.10953539
4431.6500 2.10910618
4431.7000 2.10584025
4431.7500 2.10257432
4431.8000 2.09930839
4431.8500 2.10483039
4431.9000 2.11265557
4431.9500 2.12048075
4432.0000 2.12830592
4432.0500 2.1554688
4432.1000 2.19172426
4432.1500 2.22797972
4432.2000 2.26423518
4432.2500 2.27563074
4432.3000 2.26820121
4432.3500 2.26077169
4432.4000 2.25334217
4432.4500 2.23873215
4432.5000 2.21565942
4432.5500 2.1925867
4432.6000 2.16951397
4432.6500 2.1586652
4432.7000 2.17051661
4432.7500 2.18236802
4432.8000 2.19421942
4432.8500 2.20591978
4432.9000 2.21714718
4432.9500 2.22837459
4433.0000 2.23960199
4433.0500 2.24144239
4433.1000 2.18322456
4433.1500 2.12500674
4433.2000 2.06678891
4433.2500 2.01111391
4433.3000 2.03959062
4433.3500 2.06806733
4433.4000 2.09654404
4433.4500 2.12502075
4433.5000 2.15548864
4433.5500 2.18611904
4433.6000 2.21674945
4433.6500 2.24737985
4433.7000 2.27138002
4433.7500 2.29393279
4433.8000 2.31648557
4433.8500 2.33903834
4433.9000 2.32244702
4433.9500 2.2904921
4434.0000 2.25853718
4434.0500 2.22658225
4434.1000 2.21501751
4434.1500 2.21613565
4434.2000 2.21725379
4434.2500 2.21837193
4434.3000 2.23886225
4434.3500 2.2775266
4434.4000 2.31619095
4434.4500 2.3548553
4434.5000 2.37078704
4434.5500 2.35486462
4434.6000 2.3389422
4434.6500 2.32301978
4434.7000 2.31423243
4434.7500 2.32074741
4434.8000 2.32726238
4434.8500 2.33377735
4434.9000 2.34407814
4434.9500 2.36775402
4435.0000 2.3914299
4435.0500 2.41510578
4435.1000 2.4334431
4435.1500 2.41416039
4435.2000 2.39487768
4435.2500 2.37559497
4435.3000 2.35787365
4435.3500 2.39243974
4435.4000 2.42700583
4435.4500 2.46157193
4435.5000 2.49613802
4435.5500 2.50516869
4435.6000 2.51241768
4435.6500 2.51966667
4435.7000 2.52691566
4435.7500 2.54215899
4435.8000 2.55890675
4435.8500 2.57565451
4435.9000 2.59240227
4435.9500 2.622449
4436.0000 2.65694009
4436.0500 2.69143118
4436.1000 2.72592227
4436.1500 2.7383902
4436.2000 2.7394358
4436.2500 2.7404814
4436.3000 2.741527
4436.3500 2.71590377
4436.4000 2.67003849
4436.4500 2.62417321
4436.5000 2.57830792
4436.5500 2.54902145
4436.6000 2.53772555
4436.6500 2.52642966
4436.7000 2.51513376
4436.7500 2.5142118
4436.8000 2.52939877
4436.8500 2.54458575
4436.9000 2.55977272
4436.9500 2.56963972
4437.0000 2.56737988
4437.0500 2.56512004
4437.1000 2.5628602
4437.1500 2.56493399
4437.2000 2.58244517
4437.2500 2.59995636
4437.3000 2.61746755
4437.3500 2.6299863
4437.4000 2.61038386
4437.4500 2.59078141
4437.5000 2.57117897
4437.5500 2.55311476
4437.6000 2.56372903
4437.6500 2.5743433
4437.7000 2.58495757
4437.7500 2.59557183
4437.8000 2.5915774
4437.8500 2.58710562
4437.9000 2.58263385
4437.9500 2.57816208
4438.0000 2.58331536
4438.0500 2.58969636
4438.1000 2.59607737
4438.1500 2.60245837
4438.2000 2.61096602
4438.2500 2.61998406
4438.3000 2.6290021
4438.3500 2.63802014
4438.4000 2.64534253
4438.4500 2.65202849
4438.5000 2.65871445
4438.5500 2.6654004
4438.6000 2.63881021
4438.6500 2.59420781
4438.7000 2.54960541
4438.7500 2.50500301
4438.8000 2.50566761
4438.8500 2.54026177
4438.9000 2.57485594
4438.9500 2.6094501
4439.0000 2.61808807
4439.0500 2.60028947
4439.1000 2.58249086
4439.1500 2.56469226
4439.2000 2.54714203
4439.2500 2.52993435
4439.3000 2.51272666
4439.3500 2.49551898
4439.4000 2.48071004
4439.4500 2.47042937
4439.5000 2.4601487
4439.5500 2.44986803
4439.6000 2.44631886
4439.6500 2.46066641
4439.7000 2.47501396
4439.7500 2.48936151
4439.8000 2.5057567
4439.8500 2.53026991
4439.9000 2.55478312
4439.9500 2.57929633
4440.0000 2.59726595
4440.0500 2.57167415
4440.1000 2.54608235
4440.1500 2.52049056
4440.2000 2.49542755
4440.2500 2.47852796
4440.3000 2.46162838
4440.3500 2.44472879
4440.4000 2.4278292
4440.4500 2.45390665
4440.5000 2.48032455
4440.5500 2.50674244
4440.6000 2.53316033
4440.6500 2.50250198
4440.7000 2.46718344
4440.7500 2.4318649
4440.8000 2.39654636
4440.8500 2.38261142
4440.9000 2.37221672
4440.9500 2.36182202
4441.0000 2.35142732
4441.0500 2.35162832
4441.1000 2.35460412
4441.1500 2.35757991
4441.2000 2.36055571
4441.2500 2.37873568
4441.3000 2.40259488
4441.3500 2.42645407
4441.4000 2.45031327
4441.4500 2.43421718
4441.5000 2.39796633
4441.5500 2.36171549
4441.6000 2.32546465
4441.6500 2.32631819
4441.7000 2.35165914
4441.7500 2.3770001
4441.8000 2.40234105
4441.8500 2.40766
4441.9000 2.39600652
4441.9500 2.38435304
4442.0000 2.37269957
4442.0500 2.35803263
4442.1000 2.3401152
4442.1500 2.32219777
4442.2000 2.30428034
4442.2500 2.29859999
4442.3000 2.30967932
4442.3500 2.32075865
4442.4000 2.33183797
4442.4500 2.33169911
4442.5000 2.31196115
4442.5500 2.29222319
4442.6000 2.27248523
4442.6500 2.25834518
4442.7000 2.25683539
4442.7500 2.2553256
4442.8000 2.25381582
4442.8500 2.25567796
4442.9000 2.26758858
4442.9500 2.2794992
4443.0000 2.29140982
4443.0500 2.30185621
4443.1000 2.30631447
4443.1500 2.31077274
4443.2000 2.315231
4443.2500 2.31837802
4443.3000 2.31365244
4443.3500 2.30892686
4443.4000 2.30420128
4443.4500 2.2996316
4443.5000 2.29663533
4443.5500 2.29363907
4443.6000 2.29064281
4443.6500 2.2873394
4443.7000 2.27638534
4443.7500 2.26543127
4443.8000 2.25447721
4443.8500 2.24352314
4443.9000 2.25064331
4443.9500 2.2579808
4444.0000 2.26531829
4444.0500 2.27265578
4444.1000 2.27648095
4444.1500 2.28007682
4444.2000 2.28367269
4444.2500 2.28726856
4444.3000 2.28160666
4444.3500 2.27480506
4444.4000 2.26800346
4444.4500 2.26120186
4444.5000 2.2414289
4444.5500 2.21924262
4444.6000 2.19705634
4444.6500 2.17487006
4444.7000 2.19993787
4444.7500 2.23704461
4444.8000 2.27415134
4444.8500 2.31125808
4444.9000 2.30245214
4444.9500 2.27849337
4445.0000 2.25453459
4445.0500 2.23057582
4445.1000 2.23029319
4445.1500 2.23978301
4445.2000 2.24927282
4445.2500 2.25876263
4445.3000 2.25103427
4445.3500 2.23462789
4445.4000 2.2182215
4445.4500 2.20181512
4445.5000 2.20246116
4445.5500 2.21342515
4445.6000 2.22438915
4445.6500 2.23535314
4445.7000 2.24482731
4445.7500 2.25323249
4445.8000 2.26163768
4445.8500 2.27004286
4445.9000 2.26265456
4445.9500 2.24194868
4446.0000 2.2212428
4446.0500 2.20053692
4446.1000 2.18535885
4446.1500 2.17562317
4446.2000 2.16588748
4446.2500 2.15615179
4446.3000 2.14827179
4446.3500 2.14251536
4446.4000 2.13675893
4446.4500 2.1310025
4446.5000 2.13509581
4446.5500 2.1522527
4446.6000 2.16940958
4446.6500 2.18656647
4446.7000 2.20455619
4446.7500 2.22382431
4446.8000 2.24309243
4446.8500 2.26236055
4446.9000 2.24261055
4446.9500 2.15354479
4447.0000 2.06447902
4447.0500 1.97541326
4447.1000 1.92355682
4447.1500 1.94830382
4447.2000 1.97305082
4447.2500 1.99779783
4447.3000 2.02193352
4447.3500 2.04460677
4447.4000 2.06728002
4447.4500 2.08995327
4447.5000 2.10727755
4447.5500 2.10966786
4447.6000 2.11205817
4447.6500 2.11444847
4447.7000 2.08717179
4447.7500 1.96263454
4447.8000 1.83809729
4447.8500 1.71356004
4447.9000 1.63787808
4447.9500 1.75185892
4448.0000 1.86583977
4448.0500 1.97982061
4448.1000 2.07645822
4448.1500 2.0924592
4448.2000 2.10846018
4448.2500 2.12446116
4448.3000 2.13957318
4448.3500 2.14965844
4448.4000 2.1597437
4448.4500 2.16982897
4448.5000 2.17763719
4448.5500 2.16945023
4448.6000 2.16126326
4448.6500 2.1530763
4448.7000 2.1470051
4448.7500 2.15996554
4448.8000 2.17292597
4448.8500 2.18588641
4448.9000 2.19747075
4448.9500 2.19245793
4449.0000 2.18744512
4449.0500 2.1824323
4449.1000 2.17764727
4449.1500 2.17683993
4449.2000 2.1760326
4449.2500 2.17522526
4449.3000 2.17437484
4449.3500 2.17225578
4449.4000 2.17013672
4449.4500 2.16801767
4449.5000 2.16620219
4449.5500 2.18813955
4449.6000 2.21007692
4449.6500 2.23201429
4449.7000 2.25395166
4449.7500 2.24902598
4449.8000 2.2439239
4449.8500 2.23882181
4449.9000 2.23371973
4449.9500 2.20493624
4450.0000 2.17555598
4450.0500 2.14617572
4450.1000 2.11679545
4450.1500 2.12197865
4450.2000 2.12866024
4450.2500 2.13534184
4450.3000 2.14202343
4450.3500 2.148429
4450.4000 2.15481775
4450.4500 2.1612065
4450.5000 2.16759525
4450.5500 2.1685071
4450.6000 2.16899255
4450.6500 2.169478
4450.7000 2.16996346
4450.7500 2.19186984
4450.8000 2.21579012
4450.8500 2.23971041
4450.9000 2.26363069
4450.9500 2.2676459
4451.0000 2.26948489
4451.0500 2.27132387
4451.1000 2.27316286
4451.1500 2.26726301
4451.2000 2.26040583
4451.2500 2.25354866
4451.3000 2.24669149
4451.3500 2.22121367
4451.4000 2.193184
4451.4500 2.16515433
4451.5000 2.13712467
4451.5500 2.15464597
4451.6000 2.17896641
4451.6500 2.20328686
4451.7000 2.2276073
4451.7500 2.22388547
4451.8000 2.215669
4451.8500 2.20745252
4451.9000 2.19923605
4451.9500 2.18094187
4452.0000 2.1609343
4452.0500 2.14092674
4452.1000 2.12091918
4452.1500 2.10720073
4452.2000 2.09460425
4452.2500 2.08200778
4452.3000 2.06941131
4452.3500 2.08624946
4452.4000 2.10854391
4452.4500 2.13083836
4452.5000 2.15313281
4452.5500 2.18110538
4452.6000 2.21016174
4452.6500 2.2392181
4452.7000 2.26827446
4452.7500 2.24957677
4452.8000 2.22157345
4452.8500 2.19357014
4452.9000 2.16556682
4452.9500 2.14971027
4453.0000 2.13625049
4453.0500 2.12279072
4453.1000 2.10933094
4453.1500 2.07863328
4453.2000 2.04451891
4453.2500 2.01040455
4453.3000 1.97629018
4453.3500 1.99785999
4453.4000 2.03042922
4453.4500 2.06299845
4453.5000 2.09556769
4453.5500 2.1062484
4453.6000 2.11265446
4453.6500 2.11906051
4453.7000 2.12546657
4453.7500 2.14376351
4453.8000 2.16433762
4453.8500 2.18491172
4453.9000 2.20548583
4453.9500 2.19185897
4454.0000 2.17186387
4454.0500 2.15186877
4454.1000 2.13187367
4454.1500 2.11932121
4454.2000 2.10810409
4454.2500 2.09688698
4454.3000 2.08566986
4454.3500 2.09167616
4454.4000 2.10063128
4454.4500 2.1095864
4454.5000 2.11854152
4454.5500 2.12856582
4454.6000 2.13876293
4454.6500 2.14896004
4454.7000 2.15915715
4454.7500 2.15963946
4454.8000 2.15865716
4454.8500 2.15767486
4454.9000 2.15669255
4454.9500 2.14777154
4455.0000 2.1377497
4455.0500 2.12772786
4455.1000 2.11770602
4455.1500 2.12885472
4455.2000 2.14265891
4455.2500 2.15646309
4455.3000 2.17026728
4455.3500 2.18854104
4455.4000 2.20731159
4455.4500 2.22608213
4455.5000 2.24485268
4455.5500 2.23394276
4455.6000 2.22018646
4455.6500 2.20643017
4455.7000 2.19267387
4455.7500 2.18988279
4455.8000 2.18796658
4455.8500 2.18605036
4455.9000 2.18413415
4455.9500 2.17827629
4456.0000 2.17217053
4456.0500 2.16606476
4456.1000 2.159959
4456.1500 2.17032216
4456.2000 2.18143175
4456.2500 2.19254133
4456.3000 2.20365092
4456.3500 2.21461019
4456.4000 2.22556538
4456.4500 2.23652056
4456.5000 2.24747575
4456.5500 2.25905834
4456.6000 2.27064627
4456.6500 2.28223419
4456.7000 2.29346508
4456.7500 2.27162953
4456.8000 2.24979398
4456.8500 2.22795843
4456.9000 2.20730187
4456.9500 2.22362695
4457.0000 2.23995202
4457.0500 2.2562771
4457.1000 2.27045084
4457.1500 2.24556977
4457.2000 2.22068871
4457.2500 2.19580765
4457.3000 2.17241093
4457.3500 2.16742106
4457.4000 2.16243118
4457.4500 2.15744131
4457.5000 2.15537994
4457.5500 2.18023044
4457.6000 2.20508094
4457.6500 2.22993143
4457.7000 2.2519815
4457.7500 2.25401911
4457.8000 2.25605673
4457.8500 2.25809434
4457.9000 2.25908398
4457.9500 2.25406335
4458.0000 2.24904272
4458.0500 2.24402209
4458.1000 2.24005992
4458.1500 2.24107735
4458.2000 2.24209478
4458.2500 2.24311222
4458.3000 2.2453467
4458.3500 2.25235288
4458.4000 2.25935906
4458.4500 2.26636525
4458.5000 2.26979732
4458.5500 2.26141441
4458.6000 2.25303149
4458.6500 2.24464858
4458.7000 2.24211561
4458.7500 2.25602834
4458.8000 2.26994107
4458.8500 2.28385379
4458.9000 2.30903132
4458.9500 2.36130983
4459.0000 2.41358834
4459.0500 2.46586685
4459.1000 2.49958835
4459.1500 2.49493573
4459.2000 2.49028311
4459.2500 2.48563049
4459.3000 2.47379897
4459.3500 2.44917165
4459.4000 2.42454433
4459.4500 2.39991701
4459.5000 2.37244967
4459.5500 2.34061325
4459.6000 2.30877683
4459.6500 2.2769404
4459.7000 2.25661979
4459.7500 2.25158901
4459.8000 2.24655824
4459.8500 2.24152746
4459.9000 2.23659546
4459.9500 2.23177651
4460.0000 2.22695755
4460.0500 2.22213859
4460.1000 2.22558447
4460.1500 2.23715646
4460.2000 2.24872846
4460.2500 2.26030045
4460.3000 2.2580089
4460.3500 2.24405919
4460.4000 2.23010947
4460.4500 2.21615976
4460.5000 2.21613343
4460.5500 2.22605429
4460.6000 2.23597516
4460.6500 2.24589602
4460.7000 2.24281086
4460.7500 2.23190459
4460.8000 2.22099832
4460.8500 2.21009205
4460.9000 2.21385606
4460.9500 2.22495176
4461.0000 2.23604746
4461.0500 2.24714316
4461.1000 2.24176798
4461.1500 2.22967099
4461.2000 2.217574
4461.2500 2.205477
4461.3000 2.21370713
4461.3500 2.22854458
4461.4000 2.24338203
4461.4500 2.25821948
4461.5000 2.25430882
4461.5500 2.24572024
4461.6000 2.23713166
4461.6500 2.22854308
4461.7000 2.22552839
4461.7500 2.22352023
4461.8000 2.22151207
4461.8500 2.21950392
4461.9000 2.20763179
4461.9500 2.194601
4462.0000 2.18157021
4462.0500 2.16853943
4462.1000 2.18004313
4462.1500 2.19300681
4462.2000 2.20597048
4462.2500 2.21893416
4462.3000 2.22146767
4462.3500 2.22393713
4462.4000 2.22640659
4462.4500 2.22821016
4462.5000 2.21590495
4462.5500 2.20359975
4462.6000 2.19129455
4462.6500 2.18085396
4462.7000 2.18770153
4462.7500 2.19454911
4462.8000 2.20139668
4462.8500 2.20676018
4462.9000 2.20376323
4462.9500 2.20076628
4463.0000 2.19776934
4463.0500 2.19199612
4463.1000 2.1754735
4463.1500 2.15895089
4463.2000 2.14242827
4463.2500 2.13438376
4463.3000 2.15035932
4463.3500 2.16633488
4463.4000 2.18231043
4463.4500 2.19169297
4463.5000 2.18691052
4463.5500 2.18212808
4463.6000 2.17734564
4463.6500 2.17163848
4463.7000 2.16439313
4463.7500 2.15714779
4463.8000 2.14990245
4463.8500 2.14787816
4463.9000 2.15265125
4463.9500 2.15742433
4464.0000 2.16219741
4464.0500 2.16766927
4464.1000 2.17385546
4464.1500 2.18004165
4464.2000 2.18622783
4464.2500 2.17839291
4464.3000 2.159347
4464.3500 2.14030108
4464.4000 2.12125517
4464.4500 2.13098376
4464.5000 2.15849933
4464.5500 2.1860149
4464.6000 2.21353048
4464.6500 2.2068716
4464.7000 2.18423454
4464.7500 2.16159748
4464.8000 2.13896041
4464.8500 2.13306363
4464.9000 2.13286833
4464.9500 2.13267302
4465.0000 2.13247771
4465.0500 2.14527823
4465.1000 2.16109562
4465.1500 2.17691302
4465.2000 2.19273041
4465.2500 2.17139284
4465.3000 2.14490994
4465.3500 2.11842705
4465.4000 2.09194416
4465.4500 2.09991347
4465.5000 2.10983991
4465.5500 2.11976635
4465.6000 2.12950595
4465.6500 2.12717878
4465.7000 2.12485161
4465.7500 2.12252444
4465.8000 2.12002302
4465.8500 2.11565466
4465.9000 2.1112863
4465.9500 2.10691794
4466.0000 2.10225537
4466.0500 2.09600835
4466.1000 2.08976133
4466.1500 2.08351431
4466.2000 2.0768588
4466.2500 2.06882765
4466.3000 2.0607965
4466.3500 2.05276536
4466.4000 2.05245269
4466.4500 2.06994282
4466.5000 2.08743295
4466.5500 2.10492308
4466.6000 2.11746862
4466.6500 2.12184404
4466.7000 2.12621947
4466.7500 2.1305949
4466.8000 2.13258088
4466.8500 2.13167855
4466.9000 2.13077623
4466.9500 2.1298739
4467.0000 2.12656674
4467.0500 2.12112331
4467.1000 2.11567989
4467.1500 2.11023646
4467.2000 2.10531977
4467.2500 2.10074335
4467.3000 2.09616694
4467.3500 2.09159053
4467.4000 2.07684174
4467.4500 2.05744971
4467.5000 2.03805769
4467.5500 2.01866566
4467.6000 1.94302501
4467.6500 1.8502773
4467.7000 1.7575296
4467.7500 1.66478189
4467.8000 1.74305802
4467.8500 1.85196342
4467.9000 1.96086882
4467.9500 2.06977422
4468.0000 2.06645773
4468.0500 2.05476539
4468.1000 2.04307305
4468.1500 2.03169954
4468.2000 2.04260757
4468.2500 2.05351559
4468.3000 2.06442361
4468.3500 2.07291478
4468.4000 2.05935834
4468.4500 2.0458019
4468.5000 2.03224546
4468.5500 2.02119262
4468.6000 2.02119876
4468.6500 2.0212049
4468.7000 2.02121104
4468.7500 2.02384417
4468.8000 2.03352527
4468.8500 2.04320636
4468.9000 2.05288745
4468.9500 2.05941543
4469.0000 2.06032761
4469.0500 2.0612398
4469.1000 2.06215198
4469.1500 2.0636775
4469.2000 2.06595642
4469.2500 2.06823535
4469.3000 2.07051428
4469.3500 2.06603319
4469.4000 2.05577167
4469.4500 2.04551016
4469.5000 2.03524865
4469.5500 2.0338424
4469.6000 2.03762606
4469.6500 2.04140973
4469.7000 2.04519339
4469.7500 2.04793411
4469.8000 2.05027533
4469.8500 2.05261655
4469.9000 2.05495776
4469.9500 2.04919118
4470.0000 2.04160506
4470.0500 2.03401894
4470.1000 2.02643282
4470.1500 2.04141104
4470.2000 2.05857959
4470.2500 2.07574814
4470.3000 2.09265415
4470.3500 2.07457732
4470.4000 2.05650049
4470.4500 2.03842367
4470.5000 2.02299092
4470.5500 2.03021477
4470.6000 2.03743862
4470.6500 2.04466247
4470.7000 2.05176461
4470.7500 2.05838797
4470.8000 2.06501133
4470.8500 2.07163469
4470.9000 2.07588122
4470.9500 2.07463436
4471.0000 2.07338751
4471.0500 2.07214066
4471.1000 2.07001873
4471.1500 2.06659748
4471.2000 2.06317622
4471.2500 2.05975496
4471.3000 2.05254402
4471.3500 2.04160375
4471.4000 2.03066347
4471.4500 2.01972319
4471.5000 2.01881931
4471.5500 2.02442135
4471.6000 2.03002338
4471.6500 2.03562542
4471.7000 2.02619231
4471.7500 2.0106341
4471.8000 1.9950759
4471.8500 1.9795177
4471.9000 1.98181319
4471.9500 1.98814808
4472.0000 1.99448298
4472.0500 2.00081788
4472.1000 1.9930929
4472.1500 1.98417154
4472.2000 1.97525017
4472.2500 1.96674364
4472.3000 1.97222736
4472.3500 1.97771108
4472.4000 1.9831948
4472.4500 1.98728212
4472.5000 1.9825839
4472.5500 1.97788569
4472.6000 1.97318747
4472.6500 1.96955599
4472.7000 1.96918312
4472.7500 1.96881025
4472.8000 1.96843738
4472.8500 1.97187563
4472.9000 1.98217113
4472.9500 1.99246664
4473.0000 2.00276214
4473.0500 2.00131216
4473.1000 1.98656274
4473.1500 1.97181333
4473.2000 1.95706391
4473.2500 1.94849037
4473.3000 1.94435514
4473.3500 1.9402199
4473.4000 1.93608466
4473.4500 1.93876268
4473.5000 1.94441859
4473.5500 1.9500745
4473.6000 1.9557304
4473.6500 1.96220137
4473.7000 1.96886228
4473.7500 1.9755232
4473.8000 1.98218411
4473.8500 1.98497977
4473.9000 1.98747227
4473.9500 1.98996477
4474.0000 1.99245726
4474.0500 1.99494933
4474.1000 1.99744141
4474.1500 1.99993348
4474.2000 2.00012629
4474.2500 1.98853174
4474.3000 1.9769372
4474.3500 1.96534265
4474.4000 1.95957289
4474.4500 1.96856791
4474.5000 1.97756293
4474.5500 1.98655794
4474.6000 1.99108908
4474.6500 1.989027
4474.7000 1.98696492
4474.7500 1.98490284
4474.8000 1.98882295
4474.8500 1.99814123
4474.9000 2.0074595
4474.9500 2.01677778
4475.0000 2.02136739
4475.0500 2.0233967
4475.1000 2.025426
4475.1500 2.02745531
4475.2000 2.03592268
4475.2500 2.04628108
4475.3000 2.05663948
4475.3500 2.06699788
4475.4000 2.06583312
4475.4500 2.06336403
4475.5000 2.06089493
4475.5500 2.05859455
4475.6000 2.06292566
4475.6500 2.06725676
4475.7000 2.07158787
4475.7500 2.07503419
4475.8000 2.07356115
4475.8500 2.07208811
4475.9000 2.07061508
4475.9500 2.07001692
4476.0000 2.071655
4476.0500 2.07329308
4476.1000 2.07493117
4476.1500 2.07988753
4476.2000 2.08959702
4476.2500 2.09930652
4476.3000 2.10901602
4476.3500 2.11428049
4476.4000 2.11579125
4476.4500 2.117302
4476.5000 2.11881276
4476.5500 2.11450535
4476.6000 2.1073882
4476.6500 2.10027105
4476.7000 2.09315389
4476.7500 2.0984268
4476.8000 2.10665024
4476.8500 2.11487368
4476.9000 2.12309711
4476.9500 2.13080212
4477.0000 2.13847528
4477.0500 2.14614844
4477.1000 2.15263849
4477.1500 2.14509093
4477.2000 2.13754337
4477.2500 2.12999582
4477.3000 2.12459321
4477.3500 2.12704665
4477.4000 2.12950009
4477.4500 2.13195352
4477.5000 2.13665919
4477.5500 2.1455045
4477.6000 2.15434982
4477.6500 2.16319513
4477.7000 2.17056546
4477.7500 2.17640907
4477.8000 2.18225267
4477.8500 2.18809627
4477.9000 2.18314658
4477.9500 2.17189997
4478.0000 2.16065337
4478.0500 2.14940677
4478.1000 2.15168228
4478.1500 2.15793193
4478.2000 2.16418158
4478.2500 2.17043122
4478.3000 2.17218468
4478.3500 2.17352212
4478.4000 2.17485956
4478.4500 2.17652937
4478.5000 2.18350958
4478.5500 2.1904898
4478.6000 2.19747001
4478.6500 2.20247735
4478.7000 2.19976949
4478.7500 2.19706162
4478.8000 2.19435375
4478.8500 2.19620684
4478.9000 2.20654817
4478.9500 2.21688951
4479.0000 2.22723085
4479.0500 2.23126302
4479.1000 2.22889823
4479.1500 2.22653343
4479.2000 2.22416864
4479.2500 2.23309896
4479.3000 2.24825375
4479.3500 2.26340854
4479.4000 2.27856333
4479.4500 2.27507831
4479.5000 2.26675805
4479.5500 2.2584378
4479.6000 2.25011755
4479.6500 2.24639338
4479.7000 2.24293935
4479.7500 2.23948532
4479.8000 2.23770433
4479.8500 2.25166155
4479.9000 2.26561876
4479.9500 2.27957598
4480.0000 2.29003886
4480.0500 2.28995358
4480.1000 2.2898683
4480.1500 2.28978301
4480.2000 2.2866384
4480.2500 2.27895677
4480.3000 2.27127513
4480.3500 2.2635935
4480.4000 2.25870503
4480.4500 2.25603105
4480.5000 2.25335707
4480.5500 2.25068309
4480.6000 2.25693882
4480.6500 2.26677198
4480.7000 2.27660514
4480.7500 2.28643831
4480.8000 2.28517454
4480.8500 2.28227174
4480.9000 2.27936894
4480.9500 2.27610721
4481.0000 2.26115651
4481.0500 2.24620581
4481.1000 2.2312551
4481.1500 2.22103026
4481.2000 2.23102806
4481.2500 2.24102585
4481.3000 2.25102364
4481.3500 2.25553325
4481.4000 2.24985979
4481.4500 2.24418632
4481.5000 2.23851286
4481.5500 2.23762459
4481.6000 2.2412947
4481.6500 2.24496481
4481.7000 2.24863492
4481.7500 2.2477547
4481.8000 2.24468575
4481.8500 2.24161679
4481.9000 2.23854784
4481.9500 2.23328425
4482.0000 2.2276009
4482.0500 2.22191756
4482.1000 2.21632072
4482.1500 2.22855383
4482.2000 2.24078694
4482.2500 2.25302005
4482.3000 2.25911587
4482.3500 2.23553352
4482.4000 2.21195117
4482.4500 2.18836882
4482.5000 2.17402296
4482.5500 2.17768369
4482.6000 2.18134442
4482.6500 2.18500515
4482.7000 2.18885969
4482.7500 2.19290204
4482.8000 2.19694439
4482.8500 2.20098674
4482.9000 2.19722423
4482.9500 2.18975258
4483.0000 2.18228093
4483.0500 2.17480927
4483.1000 2.18265479
4483.1500 2.19322469
4483.2000 2.20379459
4483.2500 2.21416116
4483.3000 2.21517722
4483.3500 2.21619328
4483.4000 2.21720933
4483.4500 2.21504229
4483.5000 2.19971169
4483.5500 2.18438108
4483.6000 2.16905047
4483.6500 2.16808245
4483.7000 2.19164116
4483.7500 2.21519988
4483.8000 2.2387586
4483.8500 2.24356383
4483.9000 2.23271678
4483.9500 2.22186973
4484.0000 2.21102268
4484.0500 2.19442199
4484.1000 2.17560559
4484.1500 2.15678918
4484.2000 2.13797278
4484.2500 2.12923028
4484.3000 2.12160677
4484.3500 2.11398326
4484.4000 2.10826166
4484.4500 2.12464031
4484.5000 2.14101896
4484.5500 2.15739761
4484.6000 2.17087598
4484.6500 2.17608279
4484.7000 2.1812896
4484.7500 2.1864964
4484.8000 2.1895022
4484.8500 2.18971951
4484.9000 2.18993682
4484.9500 2.19015413
4485.0000 2.18377704
4485.0500 2.17342313
4485.1000 2.16306921
4485.1500 2.1527153
4485.2000 2.14834252
4485.2500 2.14539429
4485.3000 2.14244606
4485.3500 2.13949783
4485.4000 2.1458034
4485.4500 2.15217766
4485.5000 2.15855191
4485.5500 2.16213816
4485.6000 2.15291781
4485.6500 2.14369746
4485.7000 2.13447711
4485.7500 2.13228318
4485.8000 2.1422562
4485.8500 2.15222921
4485.9000 2.16220222
4485.9500 2.16529891
4486.0000 2.16287211
4486.0500 2.16044531
4486.1000 2.15801851
4486.1500 2.15932976
4486.2000 2.16192606
4486.2500 2.16452237
4486.3000 2.16711868
4486.3500 2.16879369
4486.4000 2.17040461
4486.4500 2.17201553
4486.5000 2.17403933
4486.5500 2.17890409
4486.6000 2.18376885
4486.6500 2.18863361
4486.7000 2.19395348
4486.7500 2.20024053
4486.8000 2.20652758
4486.8500 2.21281463
4486.9000 2.20553981
4486.9500 2.18545468
4487.0000 2.16536955
4487.0500 2.14528443
4487.1000 2.14449975
4487.1500 2.15161108
4487.2000 2.15872242
4487.2500 2.16583375
4487.3000 2.17956863
4487.3500 2.19398872
4487.4000 2.20840881
4487.4500 2.21987319
4487.5000 2.20586943
4487.5500 2.19186567
4487.6000 2.17786191
4487.6500 2.16883606
4487.7000 2.17126707
4487.7500 2.17369809
4487.8000 2.17612911
4487.8500 2.17448784
4487.9000 2.1688221
4487.9500 2.16315635
4488.0000 2.15749061
4488.0500 2.16265141
4488.1000 2.17236042
4488.1500 2.18206943
4488.2000 2.19177844
4488.2500 2.19088911
4488.3000 2.18890746
4488.3500 2.18692581
4488.4000 2.18522809
4488.4500 2.18582493
4488.5000 2.18642178
4488.5500 2.18701863
4488.6000 2.1902859
4488.6500 2.19936489
4488.7000 2.20844388
4488.7500 2.21752287
4488.8000 2.22163907
4488.8500 2.22118717
4488.9000 2.22073527
4488.9500 2.22028338
4489.0000 2.21840914
4489.0500 2.2160028
4489.1000 2.21359646
4489.1500 2.21119012
4489.2000 2.22247565
4489.2500 2.23469809
4489.3000 2.24692054
4489.3500 2.25624415
4489.4000 2.24851924
4489.4500 2.24079434
4489.5000 2.23306944
4489.5500 2.22221731
4489.6000 2.20570461
4489.6500 2.18919191
4489.7000 2.17267921
4489.7500 2.17097468
4489.8000 2.18055284
4489.8500 2.19013099
4489.9000 2.19970915
4489.9500 2.2025873
4490.0000 2.20358042
4490.0500 2.20457354
4490.1000 2.20556666
4490.1500 2.20852891
4490.2000 2.21150213
4490.2500 2.21447534
4490.3000 2.21457869
4490.3500 2.2038639
4490.4000 2.19314911
4490.4500 2.18243431
4490.5000 2.1788878
4490.5500 2.18499876
4490.6000 2.19110972
4490.6500 2.19722069
4490.7000 2.19753411
4490.7500 2.1946366
4490.8000 2.19173909
4490.8500 2.18884157
4490.9000 2.18598513
4490.9500 2.18313525
4491.0000 2.18028537
4491.0500 2.17825759
4491.1000 2.18541639
4491.1500 2.1925752
4491.2000 2.199734
4491.2500 2.20179209
4491.3000 2.19212673
4491.3500 2.18246137
4491.4000 2.17279601
4491.4500 2.17082678
4491.5000 2.17580993
4491.5500 2.18079308
4491.6000 2.18577623
4491.6500 2.18341714
4491.7000 2.17859447
4491.7500 2.1737718
4491.8000 2.16894913
4491.8500 2.17160205
4491.9000 2.17445995
4491.9500 2.17731784
4492.0000 2.1792973
4492.0500 2.17774163
4492.1000 2.17618596
4492.1500 2.17463029
4492.2000 2.17819532
4492.2500 2.18866238
4492.3000 2.19912944
4492.3500 2.20959651
4492.4000 2.19946057
4492.4500 2.17842352
4492.5000 2.15738646
4492.5500 2.13634941
4492.6000 2.15012336
4492.6500 2.16850055
4492.7000 2.18687775
4492.7500 2.20320331
4492.8000 2.20352211
4492.8500 2.20384091
4492.9000 2.20415971
4492.9500 2.20236183
4493.0000 2.19654861
4493.0500 2.19073539
4493.1000 2.18492218
4493.1500 2.18678076
4493.2000 2.19424212
4493.2500 2.20170347
4493.3000 2.20916482
4493.3500 2.20336774
4493.4000 2.194498
4493.4500 2.18562825
4493.5000 2.17708894
4493.5500 2.17525785
4493.6000 2.17342675
4493.6500 2.17159566
4493.7000 2.17084918
4493.7500 2.17284776
4493.8000 2.17484634
4493.8500 2.17684492
4493.9000 2.17055137
4493.9500 2.15662353
4494.0000 2.14269569
4494.0500 2.12876785
4494.1000 2.12721463
4494.1500 2.12958488
4494.2000 2.13195514
4494.2500 2.1343254
4494.3000 2.13399056
4494.3500 2.13365316
4494.4000 2.13331577
4494.4500 2.13234288
4494.5000 2.12935781
4494.5500 2.12637274
4494.6000 2.12338768
4494.6500 2.12299369
4494.7000 2.12538248
4494.7500 2.12777127
4494.8000 2.13016007
4494.8500 2.13514178
4494.9000 2.14110464
4494.9500 2.1470675
4495.0000 2.15303036
4495.0500 2.1453309
4495.1000 2.13720849
4495.1500 2.12908608
4495.2000 2.12169792
4495.2500 2.11698046
4495.3000 2.112263
4495.3500 2.10754553
4495.4000 2.10482355
4495.4500 2.10442073
4495.5000 2.10401792
4495.5500 2.1036151
4495.6000 2.11197897
4495.6500 2.12391469
4495.7000 2.13585041
4495.7500 2.14778613
4495.8000 2.13904452
4495.8500 2.12943494
4495.9000 2.11982537
4495.9500 2.11359828
4496.0000 2.12008855
4496.0500 2.12657881
4496.1000 2.13306908
4496.1500 2.13740478
4496.2000 2.13922797
4496.2500 2.14105116
4496.3000 2.14287436
4496.3500 2.14095013
4496.4000 2.1375277
4496.4500 2.13410527
4496.5000 2.13068285
4496.5500 2.14438535
4496.6000 2.15864834
4496.6500 2.17291133
4496.7000 2.18172423
4496.7500 2.1715917
4496.8000 2.16145917
4496.8500 2.15132664
4496.9000 2.14342872
4496.9500 2.13795471
4497.0000 2.13248071
4497.0500 2.12700671
4497.1000 2.13016373
4497.1500 2.13639853
4497.2000 2.14263332
4497.2500 2.14886812
4497.3000 2.14608889
4497.3500 2.14327144
4497.4000 2.140454
4497.4500 2.13933499
4497.5000 2.14316249
4497.5500 2.14699
4497.6000 2.15081751
4497.6500 2.15316265
4497.7000 2.15412069
4497.7500 2.15507873
4497.8000 2.15603677
4497.8500 2.15150943
4497.9000 2.14542394
4497.9500 2.13933846
4498.0000 2.13359853
4498.0500 2.13571142
4498.1000 2.1378243
4498.1500 2.13993719
4498.2000 2.13851618
4498.2500 2.12910667
4498.3000 2.11969716
4498.3500 2.11028765
4498.4000 2.11431631
4498.4500 2.12838245
4498.5000 2.14244858
4498.5500 2.15651471
4498.6000 2.15140777
4498.6500 2.14263104
4498.7000 2.13385431
4498.7500 2.1279999
4498.8000 2.14642118
4498.8500 2.16484246
4498.9000 2.18326374
4498.9500 2.18536835
4499.0000 2.16047836
4499.0500 2.13558836
4499.1000 2.11069837
4499.1500 2.11000007
4499.2000 2.12248914
4499.2500 2.13497821
4499.3000 2.14746728
4499.3500 2.15649678
4499.4000 2.16522075
4499.4500 2.17394473
4499.5000 2.17817214
4499.5500 2.163439
4499.6000 2.14870586
4499.6500 2.13397272
4499.7000 2.12731771
4499.7500 2.12993012
4499.8000 2.13254252
4499.8500 2.13515492
4499.9000 2.14345425
4499.9500 2.15374206
4500.0000 2.16402986
4500.0500 2.17410488
4500.1000 2.17211317
4500.1500 2.17012145
4500.2000 2.16812973
4500.2500 2.1648705
4500.3000 2.15858088
4500.3500 2.15229125
4500.4000 2.14600163
4500.4500 2.14264156
4500.5000 2.14145845
4500.5500 2.14027535
4500.6000 2.13909225
4500.6500 2.15264374
4500.7000 2.16872137
4500.7500 2.184799
4500.8000 2.195489
4500.8500 2.1715981
4500.9000 2.14770719
4500.9500 2.12381628
4501.0000 2.10820884
4501.0500 2.10417596
4501.1000 2.10014307
4501.1500 2.09611019
4501.2000 2.10985338
4501.2500 2.13119093
4501.3000 2.15252848
4501.3500 2.17386603
4501.4000 2.15045329
4501.4500 2.12637645
4501.5000 2.1022996
4501.5500 2.0872214
4501.6000 2.0963153
4501.6500 2.10540919
4501.7000 2.11450309
4501.7500 2.11397407
4501.8000 2.10583427
4501.8500 2.09769448
4501.9000 2.08955468
4501.9500 2.10387045
4502.0000 2.12225303
4502.0500 2.14063561
4502.1000 2.15390151
4502.1500 2.13470064
4502.2000 2.11549977
4502.2500 2.0962989
4502.3000 2.09268484
4502.3500 2.11000324
4502.4000 2.12732165
4502.4500 2.14464006
4502.5000 2.1427599
4502.5500 2.1333643
4502.6000 2.1239687
4502.6500 2.11472491
4502.7000 2.11827916
4502.7500 2.12183341
4502.8000 2.12538766
4502.8500 2.12786576
4502.9000 2.12790282
4502.9500 2.12793987
4503.0000 2.12797693
4503.0500 2.13142469
4503.1000 2.13713299
4503.1500 2.14284129
4503.2000 2.14854959
4503.2500 2.14545772
4503.3000 2.14136667
4503.3500 2.13727561
4503.4000 2.13485569
4503.4500 2.13929692
4503.5000 2.14373815
4503.5500 2.14817938
4503.6000 2.14335638
4503.6500 2.12907736
4503.7000 2.11479834
4503.7500 2.10051932
4503.8000 2.10376327
4503.8500 2.11152323
4503.9000 2.11928318
4503.9500 2.12584458
4504.0000 2.12118391
4504.0500 2.11652324
4504.1000 2.11186257
4504.1500 2.1031433
4504.2000 2.08831324
4504.2500 2.07348318
4504.3000 2.05865313
4504.3500 2.05828517
4504.4000 2.06403009
4504.4500 2.069775
4504.5000 2.07548967
4504.5500 2.07740133
4504.6000 2.079313
4504.6500 2.08122467
4504.7000 2.08119616
4504.7500 2.07693051
4504.8000 2.07266486
4504.8500 2.06839921
4504.9000 2.06881908
4504.9500 2.07209286
4505.0000 2.07536663
4505.0500 2.07864041
4505.1000 2.08051003
4505.1500 2.08227403
4505.2000 2.08403804
4505.2500 2.08378402
4505.3000 2.07713368
4505.3500 2.07048335
4505.4000 2.06383302
4505.4500 2.05622076
4505.5000 2.04782406
4505.5500 2.03942735
4505.6000 2.03103065
4505.6500 2.04122805
4505.7000 2.05437753
4505.7500 2.06752702
4505.8000 2.0782346
4505.8500 2.07753825
4505.9000 2.0768419
4505.9500 2.07614555
4506.0000 2.06399066
4506.0500 2.0399542
4506.1000 2.01591774
4506.1500 1.99188129
4506.2000 1.98159418
4506.2500 1.97460142
4506.3000 1.96760866
4506.3500 1.96418818
4506.4000 1.98607743
4506.4500 2.00796667
4506.5000 2.02985592
4506.5500 2.03520538
4506.6000 2.01966236
4506.6500 2.00411934
4506.7000 1.98857632
4506.7500 1.99856148
4506.8000 2.01655377
4506.8500 2.03454606
4506.9000 2.05016232
4506.9500 2.03911053
4507.0000 2.02805873
4507.0500 2.01700693
4507.1000 2.00771334
4507.1500 2.00101803
4507.2000 1.99432272
4507.2500 1.9876274
4507.3000 1.98818456
4507.3500 1.99147114
4507.4000 1.99475773
4507.4500 1.99794988
4507.5000 1.99937531
4507.5500 2.00080074
4507.6000 2.00222617
4507.6500 2.00305213
4507.7000 2.00288373
4507.7500 2.00271532
4507.8000 2.00254692
4507.8500 2.00704111
4507.9000 2.01350789
4507.9500 2.01997467
4508.0000 2.0260961
4508.0500 2.02123845
4508.1000 2.01638079
4508.1500 2.01152314
4508.2000 2.00703736
4508.2500 2.00321416
4508.3000 1.99939097
4508.3500 1.99556777
4508.4000 2.00064341
4508.4500 2.00972301
4508.5000 2.01880261
4508.5500 2.02755915
4508.6000 2.0213147
4508.6500 2.01507026
4508.7000 2.00882582
4508.7500 2.00511382
4508.8000 2.00602952
4508.8500 2.00694523
4508.9000 2.00786093
4508.9500 2.00949384
4509.0000 2.01145277
4509.0500 2.0134117
4509.1000 2.01552293
4509.1500 2.02424732
4509.2000 2.0329717
4509.2500 2.04169609
4509.3000 2.04654214
4509.3500 2.04445527
4509.4000 2.0423684
4509.4500 2.04028153
4509.5000 2.04447677
4509.5500 2.05141387
4509.6000 2.05835097
4509.6500 2.06515284
4509.7000 2.06820318
4509.7500 2.07125353
4509.8000 2.07430387
4509.8500 2.07191779
4509.9000 2.06045677
4509.9500 2.04899575
4510.0000 2.03753473
4510.0500 2.04459489
4510.1000 2.05901301
4510.1500 2.07343113
4510.2000 2.087022
4510.2500 2.08716121
4510.3000 2.08730042
4510.3500 2.08743963
4510.4000 2.08801774
4510.4500 2.08925038
4510.5000 2.09048302
4510.5500 2.09171566
4510.6000 2.08446248
4510.6500 2.0743211
4510.7000 2.06417972
4510.7500 2.05506097
4510.8000 2.05604099
4510.8500 2.05702102
4510.9000 2.05800104
4510.9500 2.0577991
4511.0000 2.05608699
4511.0500 2.05437487
4511.1000 2.05266275
4511.1500 2.06039572
4511.2000 2.07067979
4511.2500 2.08096385
4511.3000 2.09128179
4511.3500 2.1018134
4511.4000 2.112345
4511.4500 2.12287661
4511.5000 2.11753385
4511.5500 2.09550742
4511.6000 2.073481
4511.6500 2.05145457
4511.7000 2.05511137
4511.7500 2.06367834
4511.8000 2.07224531
4511.8500 2.08273704
4511.9000 2.10129525
4511.9500 2.11985346
4512.0000 2.13841167
4512.0500 2.13322706
4512.1000 2.10837958
4512.1500 2.08353209
4512.2000 2.05868461
4512.2500 2.06943453
4512.3000 2.08402738
4512.3500 2.09862024
4512.4000 2.10566719
4512.4500 2.09116366
4512.5000 2.07666012
4512.5500 2.06215659
4512.6000 2.0648431
4512.6500 2.07818529
4512.7000 2.09152747
4512.7500 2.10486966
4512.8000 2.0926181
4512.8500 2.07975156
4512.9000 2.06688502
4512.9500 2.05716459
4513.0000 2.05363502
4513.0500 2.05010545
4513.1000 2.04657587
4513.1500 2.0598699
4513.2000 2.08042278
4513.2500 2.10097566
4513.3000 2.11948365
4513.3500 2.1067476
4513.4000 2.09401155
4513.4500 2.0812755
4513.5000 2.07506381
4513.5500 2.0776616
4513.6000 2.08025938
4513.6500 2.08285717
4513.7000 2.09752366
4513.7500 2.11538356
4513.8000 2.13324345
4513.8500 2.14791535
4513.9000 2.14550217
4513.9500 2.14308899
4514.0000 2.14067581
4514.0500 2.13519836
4514.1000 2.12694801
4514.1500 2.11869766
4514.2000 2.1104473
4514.2500 2.10972681
4514.3000 2.10990025
4514.3500 2.11007368
4514.4000 2.11385228
4514.4500 2.12768068
4514.5000 2.14150908
4514.5500 2.15533748
4514.6000 2.15555943
4514.6500 2.14797297
4514.7000 2.1403865
4514.7500 2.13293589
4514.8000 2.14244561
4514.8500 2.15195533
4514.9000 2.16146505
4514.9500 2.16838924
4515.0000 2.17112587
4515.0500 2.1738625
4515.1000 2.17659914
4515.1500 2.30347227
4515.2000 2.47024905
4515.2500 2.63702583
4515.3000 2.76047834
4515.3500 2.60143798
4515.4000 2.44239762
4515.4500 2.28335726
4515.5000 2.20337135
4515.5500 2.19921323
4515.6000 2.19505511
4515.6500 2.19089699
4515.7000 2.16975202
4515.7500 2.14648783
4515.8000 2.12322363
4515.8500 2.10711183
4515.9000 2.11043993
4515.9500 2.11376803
4516.0000 2.11709612
4516.0500 2.12163272
4516.1000 2.12681985
4516.1500 2.13200698
4516.2000 2.1369072
4516.2500 2.13323738
4516.3000 2.12956756
4516.3500 2.12589773
4516.4000 2.11978001
4516.4500 2.11022494
4516.5000 2.10066987
4516.5500 2.0911148
4516.6000 2.10226057
4516.6500 2.11855878
4516.7000 2.13485699
4516.7500 2.14585917
4516.8000 2.13378954
4516.8500 2.1217199
4516.9000 2.10965027
4516.9500 2.10787889
4517.0000 2.11375356
4517.0500 2.11962822
4517.1000 2.12550289
4517.1500 2.11783906
4517.2000 2.10964531
4517.2500 2.10145155
4517.3000 2.09103236
4517.3500 2.0765161
4517.4000 2.06199985
4517.4500 2.04748359
4517.5000 2.05029385
4517.5500 2.05910155
4517.6000 2.06790925
4517.6500 2.07551444
4517.7000 2.07541224
4517.7500 2.07531004
4517.8000 2.07520785
4517.8500 2.07053662
4517.9000 2.06178567
4517.9500 2.05303472
4518.0000 2.04428376
4518.0500 2.04401992
4518.1000 2.04446573
4518.1500 2.04491155
4518.2000 2.04794567
4518.2500 2.05651527
4518.3000 2.06508487
4518.3500 2.07365447
4518.4000 2.07173854
4518.4500 2.06565551
4518.5000 2.05957248
4518.5500 2.05382423
4518.6000 2.05068222
4518.6500 2.04754022
4518.7000 2.04439822
4518.7500 2.04096315
4518.8000 2.03725017
4518.8500 2.03353719
4518.9000 2.02982421
4518.9500 2.01677416
4519.0000 2.00284505
4519.0500 1.98891593
4519.1000 1.98043031
4519.1500 1.98373541
4519.2000 1.98704052
4519.2500 1.99034563
4519.3000 1.99942582
4519.3500 2.01076324
4519.4000 2.02210066
4519.4500 2.03220844
4519.5000 2.03357599
4519.5500 2.03494355
4519.6000 2.03631111
4519.6500 2.03394052
4519.7000 2.02824056
4519.7500 2.02254059
4519.8000 2.01684063
4519.8500 2.01283347
4519.9000 2.00894258
4519.9500 2.00505168
4520.0000 2.00291069
4520.0500 2.00411015
4520.1000 2.00530961
4520.1500 2.00650907
4520.2000 1.9989281
4520.2500 1.98846751
4520.3000 1.97800691
4520.3500 1.9718869
4520.4000 1.98796914
4520.4500 2.00405138
4520.5000 2.02013362
4520.5500 2.02159098
4520.6000 2.01225
4520.6500 2.00290902
4520.7000 1.99356805
4520.7500 1.98676851
4520.8000 1.9799993
4520.8500 1.97323008
4520.9000 1.97560342
4520.9500 1.99155437
4521.0000 2.00750533
4521.0500 2.02345628
4521.1000 2.00577611
4521.1500 1.98060391
4521.2000 1.95543171
4521.2500 1.93954713
4521.3000 1.95398739
4521.3500 1.96842765
4521.4000 1.98286791
4521.4500 1.98789697
4521.5000 1.98791042
4521.5500 1.98792386
4521.6000 1.98926034
4521.6500 2.00779039
4521.7000 2.02632044
4521.7500 2.04485048
4521.8000 2.04863192
4521.8500 2.03717253
4521.9000 2.02571315
4521.9500 2.01425376
4522.0000 2.0129072
4522.0500 2.01251983
4522.1000 2.01213245
4522.1500 2.01692873
4522.2000 2.03196081
4522.2500 2.04699288
4522.3000 2.06202496
4522.3500 2.06527439
4522.4000 2.06480743
4522.4500 2.06434047
4522.5000 2.0656987
4522.5500 2.07507146
4522.6000 2.08444421
4522.6500 2.09381697
4522.7000 2.08547904
4522.7500 2.06591281
4522.8000 2.04634658
4522.8500 2.02765176
4522.9000 2.03001094
4522.9500 2.03237012
4523.0000 2.0347293
4523.0500 2.04033875
4523.1000 2.04963227
4523.1500 2.05892579
4523.2000 2.0682193
4523.2500 2.06632978
4523.3000 2.06318297
4523.3500 2.06003617
4523.4000 2.06145957
4523.4500 2.07214582
4523.5000 2.08283207
4523.5500 2.09351832
4523.6000 2.10282939
4523.6500 2.11171346
4523.7000 2.12059753
4523.7500 2.12553385
4523.8000 2.11437736
4523.8500 2.10322087
4523.9000 2.09206438
4523.9500 2.09489774
4524.0000 2.105872
4524.0500 2.11684626
4524.1000 2.12615862
4524.1500 2.11288587
4524.2000 2.09961311
4524.2500 2.08634036
4524.3000 2.08485746
4524.3500 2.09487691
4524.4000 2.10489637
4524.4500 2.11491582
4524.5000 2.12969628
4524.5500 2.14475361
4524.6000 2.15981094
4524.6500 2.16341915
4524.7000 2.14875
4524.7500 2.13408084
4524.8000 2.11941169
4524.8500 2.11519339
4524.9000 2.11316902
4524.9500 2.11114466
4525.0000 2.10813957
4525.0500 2.10247053
4525.1000 2.09680148
4525.1500 2.09113243
4525.2000 2.08458391
4525.2500 2.07768121
4525.3000 2.07077851
4525.3500 2.06112588
4525.4000 2.03681514
4525.4500 2.0125044
4525.5000 1.98819366
4525.5500 1.98570855
4525.6000 1.99751661
4525.6500 2.00932466
4525.7000 2.02019744
4525.7500 2.01395636
4525.8000 2.00771529
4525.8500 2.00147422
4525.9000 1.99820255
4525.9500 1.99789314
4526.0000 1.99758373
4526.0500 1.99727431
4526.1000 1.99831345
4526.1500 1.99942262
4526.2000 2.00053179
4526.2500 1.99563624
4526.3000 1.98180452
4526.3500 1.9679728
4526.4000 1.95414108
4526.4500 1.95503867
4526.5000 1.95844613
4526.5500 1.96185359
4526.6000 1.96100511
4526.6500 1.95060183
4526.7000 1.94019854
4526.7500 1.92979526
4526.8000 1.94334957
4526.8500 1.96433903
4526.9000 1.98532848
4526.9500 2.0003417
4527.0000 1.99409161
4527.0500 1.98784151
4527.1000 1.98159142
4527.1500 1.97601509
4527.2000 1.9707604
4527.2500 1.96550572
4527.3000 1.95909928
4527.3500 1.94535111
4527.4000 1.93160295
4527.4500 1.91785478
4527.5000 1.92519331
4527.5500 1.94685084
4527.6000 1.96850838
4527.6500 1.98810726
4527.7000 1.97351339
4527.7500 1.95891952
4527.8000 1.94432564
4527.8500 1.95342788
4527.9000 1.98446944
4527.9500 2.01551101
4528.0000 2.04655258
4528.0500 2.03856294
4528.1000 2.0298964
4528.1500 2.02122986
4528.2000 2.01751263
4528.2500 2.01989604
4528.3000 2.02227945
4528.3500 2.02466286
4528.4000 2.02549124
4528.4500 2.02617349
4528.5000 2.02685575
4528.5500 2.02581318
4528.6000 2.02197483
4528.6500 2.01813647
4528.7000 2.01429811
4528.7500 2.00962878
4528.8000 2.00481307
4528.8500 1.99999737
4528.9000 2.00099267
4528.9500 2.01432658
4529.0000 2.02766049
4529.0500 2.04099439
4529.1000 2.03924237
4529.1500 2.03351292
4529.2000 2.02778347
4529.2500 2.02667253
4529.3000 2.03845134
4529.3500 2.05023015
4529.4000 2.06200895
4529.4500 2.05014431
4529.5000 2.02986301
4529.5500 2.00958171
4529.6000 1.99502798
4529.6500 2.00171229
4529.7000 2.00839659
4529.7500 2.0150809
4529.8000 2.01280095
4529.8500 2.00646685
4529.9000 2.00013275
4529.9500 1.99473983
4530.0000 1.99407512
4530.0500 1.99341041
4530.1000 1.9927457
4530.1500 1.99618496
4530.2000 2.00188604
4530.2500 2.00758712
4530.3000 2.01356469
4530.3500 2.02148446
4530.4000 2.02940423
4530.4500 2.03732399
4530.5000 2.032253
4530.5500 2.01872881
4530.6000 2.00520462
4530.6500 1.99224184
4530.7000 1.9850806
4530.7500 1.97791936
4530.8000 1.97075812
4530.8500 1.96689937
4530.9000 1.96551258
4530.9500 1.96412579
4531.0000 1.96326622
4531.0500 1.97115353
4531.1000 1.97904085
4531.1500 1.98692816
4531.2000 1.98202353
4531.2500 1.96635447
4531.3000 1.95068541
4531.3500 1.93533879
4531.4000 1.93025068
4531.4500 1.92516257
4531.5000 1.92007446
4531.5500 1.92592332
4531.6000 1.94190159
4531.6500 1.95787985
4531.7000 1.97348846
4531.7500 1.94889794
4531.8000 1.92430743
4531.8500 1.89971692
4531.9000 1.89204425
4531.9500 1.90126837
4532.0000 1.91049248
4532.0500 1.9197166
4532.1000 1.9052046
4532.1500 1.89051961
4532.2000 1.87583461
4532.2500 1.87060938
4532.3000 1.87537001
4532.3500 1.88013065
4532.4000 1.88489128
4532.4500 1.89106364
4532.5000 1.89726271
4532.5500 1.90346177
4532.6000 1.91441688
4532.6500 1.93057306
4532.7000 1.94672924
4532.7500 1.96288543
4532.8000 1.96203233
4532.8500 1.96074536
4532.9000 1.95945839
4532.9500 1.97014136
4533.0000 1.99411516
4533.0500 2.01808896
4533.1000 2.04206276
4533.1500 2.0303723
4533.2000 2.01772385
4533.2500 2.0050754
4533.3000 1.99293355
4533.3500 1.98135146
4533.4000 1.96976937
4533.4500 1.95818728
4533.5000 1.96933118
4533.5500 1.98099621
4533.6000 1.99266124
4533.6500 1.99839858
4533.7000 1.99774864
4533.7500 1.99709869
4533.8000 1.99644874
4533.8500 1.98966876
4533.9000 1.98280398
4533.9500 1.9759392
4534.0000 1.9727094
4534.0500 1.97322339
4534.1000 1.97373737
4534.1500 1.97425063
4534.2000 1.9702386
4534.2500 1.96622658
4534.3000 1.96221455
4534.3500 1.97117128
4534.4000 1.99264063
4534.4500 2.01410997
4534.5000 2.03504025
4534.5500 2.02813872
4534.6000 2.02123718
4534.6500 2.01433565
4534.7000 2.00458103
4534.7500 1.99229948
4534.8000 1.98001793
4534.8500 1.96848492
4534.9000 1.97365974
4534.9500 1.97883456
4535.0000 1.98400938
4535.0500 1.98179226
4535.1000 1.9736892
4535.1500 1.96558614
4535.2000 1.95762251
4535.2500 1.95146136
4535.3000 1.94530021
4535.3500 1.93913905
4535.4000 1.92556434
4535.4500 1.90679841
4535.5000 1.88803248
4535.5500 1.87218948
4535.6000 1.88105847
4535.6500 1.88992745
4535.7000 1.89879644
4535.7500 1.88352485
4535.8000 1.85374702
4535.8500 1.82396919
4535.9000 1.80596224
4535.9500 1.85748382
4536.0000 1.90900539
4536.0500 1.96052696
4536.1000 1.9850933
4536.1500 1.99615285
4536.2000 2.0072124
4536.2500 2.01387222
4536.3000 2.00163437
4536.3500 1.98939652
4536.4000 1.97715867
4536.4500 1.96663274
4536.5000 1.95679664
4536.5500 1.94696054
4536.6000 1.9370575
4536.6500 1.92694008
4536.7000 1.91682267
4536.7500 1.90670525
4536.8000 1.92119647
4536.8500 1.94327131
4536.9000 1.96534614
4536.9500 1.9786813
4537.0000 1.97084093
4537.0500 1.96300057
4537.1000 1.9551602
4537.1500 1.9558038
4537.2000 1.95829544
4537.2500 1.96078709
4537.3000 1.9576049
4537.3500 1.94394955
4537.4000 1.93029419
4537.4500 1.91663883
4537.5000 1.932413
4537.5500 1.95209033
4537.6000 1.97176765
4537.6500 1.98338797
4537.7000 1.9836829
4537.7500 1.98397783
4537.8000 1.98427276
4537.8500 1.97442284
4537.9000 1.96403602
4537.9500 1.9536492
4538.0000 1.9576428
4538.0500 1.97690305
4538.1000 1.9961633
4538.1500 2.01432323
4538.2000 1.9827315
4538.2500 1.95113977
4538.3000 1.91954803
4538.3500 1.91402308
4538.4000 1.92902162
4538.4500 1.94402016
4538.5000 1.95823255
4538.5500 1.96525881
4538.6000 1.97228507
4538.6500 1.97931133
4538.7000 1.97871861
4538.7500 1.97382155
4538.8000 1.96892449
4538.8500 1.95716072
4538.9000 1.91425368
4538.9500 1.87134663
4539.0000 1.82843959
4539.0500 1.81852956
4539.1000 1.82122485
4539.1500 1.82392014
4539.2000 1.82473505
4539.2500 1.82040818
4539.3000 1.81608131
4539.3500 1.81175444
4539.4000 1.83438969
4539.4500 1.86321662
4539.5000 1.89204355
4539.5500 1.90645761
4539.6000 1.89524656
4539.6500 1.8840355
4539.7000 1.87282445
4539.7500 1.86960711
4539.8000 1.86719985
4539.8500 1.86479258
4539.9000 1.86394267
4539.9500 1.86494123
4540.0000 1.86593979
4540.0500 1.86682707
4540.1000 1.85358534
4540.1500 1.84034361
4540.2000 1.82710188
4540.2500 1.84030834
4540.3000 1.87432628
4540.3500 1.90834422
4540.4000 1.93584274
4540.4500 1.91202794
4540.5000 1.88821315
4540.5500 1.86439836
4540.6000 1.86526699
4540.6500 1.87845354
4540.7000 1.8916401
4540.7500 1.89888056
4540.8000 1.88537117
4540.8500 1.87186178
4540.9000 1.85835239
4540.9500 1.86007367
4541.0000 1.86609965
4541.0500 1.87212563
4541.1000 1.87985167
4541.1500 1.89090991
4541.2000 1.90196815
4541.2500 1.91302639
4541.3000 1.88988948
4541.3500 1.86283847
4541.4000 1.83578746
4541.4500 1.82163363
4541.5000 1.82274072
4541.5500 1.82384781
4541.6000 1.82505789
4541.6500 1.83130503
4541.7000 1.83755216
4541.7500 1.8437993
4541.8000 1.8546182
4541.8500 1.86870279
4541.9000 1.88278739
4541.9500 1.89425316
4542.0000 1.89062882
4542.0500 1.88700449
4542.1000 1.88338015
4542.1500 1.84032293
4542.2000 1.78144864
4542.2500 1.72257435
4542.3000 1.69395913
4542.3500 1.74283338
4542.4000 1.79170763
4542.4500 1.84058188
4542.5000 1.86201597
4542.5500 1.87857801
4542.6000 1.89514006
4542.6500 1.90271654
4542.7000 1.8978275
4542.7500 1.89293845
4542.8000 1.8880494
4542.8500 1.91133944
4542.9000 1.934919
4542.9500 1.95849856
4543.0000 1.97493529
4543.0500 1.98580635
4543.1000 1.99667741
4543.1500 2.00500641
4543.2000 1.99712402
4543.2500 1.98924164
4543.3000 1.98135925
4543.3500 1.95758313
4543.4000 1.92732563
4543.4500 1.89706812
4543.5000 1.88598458
4543.5500 1.92267811
4543.6000 1.95937165
4543.6500 1.99606519
4543.7000 2.00798365
4543.7500 2.0159932
4543.8000 2.02400274
4543.8500 2.01772015
4543.9000 1.9934195
4543.9500 1.96911886
4544.0000 1.94473359
4544.0500 1.91662786
4544.1000 1.88852212
4544.1500 1.86041639
4544.2000 1.86510414
4544.2500 1.89134484
4544.3000 1.91758555
4544.3500 1.93568192
4544.4000 1.9181061
4544.4500 1.90053027
4544.5000 1.88295445
4544.5500 1.88159072
4544.6000 1.88508015
4544.6500 1.88856958
4544.7000 1.89297583
4544.7500 1.89905052
4544.8000 1.9051252
4544.8500 1.91119988
4544.9000 1.89670422
4544.9500 1.88091735
4545.0000 1.86513047
4545.0500 1.86472915
4545.1000 1.87805281
4545.1500 1.89137646
4545.2000 1.89932763
4545.2500 1.86688523
4545.3000 1.83444284
4545.3500 1.80200044
4545.4000 1.79317222
4545.4500 1.7941048
4545.5000 1.79503738
4545.5500 1.80532227
4545.6000 1.83753603
4545.6500 1.86974978
4545.7000 1.90196353
4545.7500 1.8565408
4545.8000 1.80168831
4545.8500 1.74683581
4545.9000 1.73113349
4545.9500 1.75688713
4546.0000 1.78264077
4546.0500 1.80452003
4546.1000 1.78243271
4546.1500 1.76034538
4546.2000 1.73825806
4546.2500 1.71972554
4546.3000 1.70288471
4546.3500 1.68604389
4546.4000 1.67686898
4546.4500 1.68786223
4546.5000 1.69885547
4546.5500 1.70984872
4546.6000 1.74142163
4546.6500 1.77594638
4546.7000 1.81047112
4546.7500 1.80524078
4546.8000 1.75606845
4546.8500 1.70689612
4546.9000 1.66370516
4546.9500 1.69251274
4547.0000 1.72132032
4547.0500 1.75012789
4547.1000 1.74510868
4547.1500 1.72414954
4547.2000 1.7031904
4547.2500 1.68979304
4547.3000 1.69546015
4547.3500 1.70112726
4547.4000 1.70679438
4547.4500 1.70948452
4547.5000 1.71180512
4547.5500 1.71412571
4547.6000 1.69904538
4547.6500 1.66631462
4547.7000 1.63358386
4547.7500 1.60693204
4547.8000 1.63231994
4547.8500 1.65770784
4547.9000 1.68309574
4547.9500 1.69692265
4548.0000 1.70611954
4548.0500 1.71531643
4548.1000 1.71752723
4548.1500 1.70521326
4548.2000 1.69289929
4548.2500 1.68058531
4548.3000 1.65217452
4548.3500 1.62267763
4548.4000 1.59318074
4548.4500 1.59864084
4548.5000 1.63269015
4548.5500 1.66673946
4548.6000 1.69176675
4548.6500 1.67103938
4548.7000 1.65031201
4548.7500 1.62958464
4548.8000 1.6324265
4548.8500 1.64189294
4548.9000 1.65135939
4548.9500 1.6561219
4549.0000 1.65376292
4549.0500 1.65140394
4549.1000 1.64911106
4549.1500 1.65081804
4549.2000 1.65252502
4549.2500 1.65423201
4549.3000 1.69996412
4549.3500 1.77089057
4549.4000 1.84181701
4549.4500 1.88270695
4549.5000 1.83679675
4549.5500 1.79088654
4549.6000 1.74497634
4549.6500 1.71319298
4549.7000 1.68334637
4549.7500 1.65349975
4549.8000 1.64984209
4549.8500 1.67205308
4549.9000 1.69426406
4549.9500 1.71079355
4550.0000 1.68862262
4550.0500 1.66645169
4550.1000 1.64428076
4550.1500 1.66120257
4550.2000 1.69086194
4550.2500 1.72052131
4550.3000 1.73320671
4550.3500 1.71840478
4550.4000 1.70360285
4550.4500 1.68917191
4550.5000 1.70940549
4550.5500 1.72963907
4550.6000 1.74987264
4550.6500 1.75970773
4550.7000 1.76371149
4550.7500 1.76771526
4550.8000 1.77797861
4550.8500 1.80498609
4550.9000 1.83199357
4550.9500 1.85900105
4551.0000 1.86033497
4551.0500 1.85896813
4551.1000 1.8576013
4551.1500 1.85944963
4551.2000 1.86404987
4551.2500 1.86865011
4551.3000 1.8712705
4551.3500 1.86449972
4551.4000 1.85772895
4551.4500 1.85095818
4551.5000 1.81592914
4551.5500 1.7743021
4551.6000 1.73267505
4551.6500 1.72341062
4551.7000 1.75392516
4551.7500 1.7844397
4551.8000 1.81149383
4551.8500 1.80258986
4551.9000 1.79368589
4551.9500 1.78478192
4552.0000 1.80428065
4552.0500 1.83437681
4552.1000 1.86447297
4552.1500 1.86344426
4552.2000 1.80943188
4552.2500 1.7554195
4552.3000 1.70251965
4552.3500 1.73318662
4552.4000 1.7638536
4552.4500 1.79452057
4552.5000 1.80406083
4552.5500 1.80259685
4552.6000 1.80113288
4552.6500 1.79486083
4552.7000 1.77753907
4552.7500 1.76021731
4552.8000 1.74289555
4552.8500 1.71522846
4552.9000 1.68701894
4552.9500 1.65880942
4553.0000 1.64890563
4553.0500 1.65128418
4553.1000 1.65366273
4553.1500 1.65959887
4553.2000 1.6763202
4553.2500 1.69304153
4553.3000 1.70976286
4553.3500 1.72994322
4553.4000 1.75051253
4553.4500 1.77108184
4553.5000 1.7781435
4553.5500 1.77420264
4553.6000 1.77026178
4553.6500 1.76398391
4553.7000 1.74861998
4553.7500 1.73325605
4553.8000 1.71789213
4553.8500 1.67407762
4553.9000 1.6256075
4553.9500 1.57713738
4554.0000 1.56864161
4554.0500 1.59772214
4554.1000 1.62680266
4554.1500 1.65312386
4554.2000 1.66624081
4554.2500 1.67935776
4554.3000 1.69247472
4554.3500 1.68424745
4554.4000 1.67169625
4554.4500 1.65914506
4554.5000 1.65891683
4554.5500 1.67143561
4554.6000 1.68395439
4554.6500 1.688045
4554.7000 1.64542107
4554.7500 1.60279713
4554.8000 1.56017319
4554.8500 1.54375523
4554.9000 1.53326819
4554.9500 1.52278116
4555.0000 1.52251205
4555.0500 1.5333409
4555.1000 1.54416975
4555.1500 1.55471616
4555.2000 1.56359142
4555.2500 1.57246668
4555.3000 1.58134194
4555.3500 1.55436541
4555.4000 1.51903873
4555.4500 1.48371204
4555.5000 1.47150338
4555.5500 1.48444831
4555.6000 1.49739324
4555.6500 1.50848434
4555.7000 1.50890737
4555.7500 1.5093304
4555.8000 1.50975343
4555.8500 1.51580488
4555.9000 1.52310455
4555.9500 1.53040422
4556.0000 1.53050554
4556.0500 1.52312154
4556.1000 1.51573753
4556.1500 1.50623543
4556.2000 1.48587917
4556.2500 1.4655229
4556.3000 1.44516664
4556.3500 1.50651774
4556.4000 1.58370642
4556.4500 1.6608951
4556.5000 1.6738488
4556.5500 1.62589744
4556.6000 1.57794608
4556.6500 1.53563955
4556.7000 1.51735415
4556.7500 1.49906875
4556.8000 1.48078335
4556.8500 1.52604205
4556.9000 1.58091667
4556.9500 1.63579129
4557.0000 1.66166362
4557.0500 1.66362936
4557.1000 1.6655951
4557.1500 1.65989437
4557.2000 1.62839048
4557.2500 1.59688659
4557.3000 1.56538269
4557.3500 1.54057463
4557.4000 1.51641854
4557.4500 1.49226246
4557.5000 1.50828388
4557.5500 1.55167682
4557.6000 1.59506976
4557.6500 1.62704381
4557.7000 1.6295999
4557.7500 1.632156
4557.8000 1.6347121
4557.8500 1.59542538
4557.9000 1.55465541
4557.9500 1.51388545
4558.0000 1.48596829
4558.0500 1.46487441
4558.1000 1.44378053
4558.1500 1.44768579
4558.2000 1.49969194
4558.2500 1.55169809
4558.3000 1.60116967
4558.3500 1.57412657
4558.4000 1.54708347
4558.4500 1.52004038
4558.5000 1.55120405
4558.5500 1.60461779
4558.6000 1.65803154
4558.6500 1.68068236
4558.7000 1.66017449
4558.7500 1.63966663
4558.8000 1.61748452
4558.8500 1.58177999
4558.9000 1.54607545
4558.9500 1.51037092
4559.0000 1.49349849
4559.0500 1.48117331
4559.1000 1.46884813
4559.1500 1.46144224
4559.2000 1.45891361
4559.2500 1.45638498
4559.3000 1.45978036
4559.3500 1.48685668
4559.4000 1.513933
4559.4500 1.54100933
4559.5000 1.55567273
4559.5500 1.56894733
4559.6000 1.58222193
4559.6500 1.57730903
4559.7000 1.56026915
4559.7500 1.54322928
4559.8000 1.53482793
4559.8500 1.54640537
4559.9000 1.5579828
4559.9500 1.56937893
4560.0000 1.54527583
4560.0500 1.52117272
4560.1000 1.49706962
4560.1500 1.50002541
4560.2000 1.51405405
4560.2500 1.5280827
4560.3000 1.55575216
4560.3500 1.60261334
4560.4000 1.64947452
4560.4500 1.68417565
4560.5000 1.63187924
4560.5500 1.57958283
4560.6000 1.52728641
4560.6500 1.52856431
4560.7000 1.54072841
4560.7500 1.55289251
4560.8000 1.59622064
4560.8500 1.6659977
4560.9000 1.73577476
4560.9500 1.78343743
4561.0000 1.76547309
4561.0500 1.74750875
4561.1000 1.72954442
4561.1500 1.67988794
4561.2000 1.62906427
4561.2500 1.5782406
4561.3000 1.58029846
4561.3500 1.607444
4561.4000 1.63458953
4561.4500 1.64144987
4561.5000 1.61702009
4561.5500 1.59259032
4561.6000 1.57018596
4561.6500 1.56421808
4561.7000 1.55825019
4561.7500 1.55228231
4561.8000 1.56574654
4561.8500 1.58326374
4561.9000 1.60078095
4561.9500 1.61359162
4562.0000 1.62249605
4562.0500 1.63140048
4562.1000 1.6378434
4562.1500 1.63752231
4562.2000 1.63720121
4562.2500 1.63688011
4562.3000 1.61790238
4562.3500 1.59870746
4562.4000 1.57951254
4562.4500 1.54402909
4562.5000 1.50194065
4562.5500 1.45985221
4562.6000 1.44944732
4562.6500 1.48005906
4562.7000 1.51067081
4562.7500 1.5253466
4562.8000 1.45725516
4562.8500 1.38916372
4562.9000 1.32107227
4562.9500 1.38477686
4563.0000 1.46503458
4563.0500 1.5452923
4563.1000 1.53431575
4563.1500 1.46663526
4563.2000 1.39895477
4563.2500 1.35295128
4563.3000 1.34786398
4563.3500 1.34277667
4563.4000 1.33935037
4563.4500 1.35576486
4563.5000 1.37217935
4563.5500 1.38859384
4563.6000 1.34843967
4563.6500 1.29497386
4563.7000 1.24150806
4563.7500 1.2497805
4563.8000 1.30999426
4563.8500 1.37020801
4563.9000 1.40678474
4563.9500 1.38197239
4564.0000 1.35716003
4564.0500 1.33284378
4564.1000 1.34289698
4564.1500 1.35295019
4564.2000 1.36300339
4564.2500 1.34564035
4564.3000 1.31922543
4564.3500 1.29281051
4564.4000 1.28992138
4564.4500 1.31145273
4564.5000 1.33298408
4564.5500 1.34992693
4564.6000 1.35158424
4564.6500 1.35324156
4564.7000 1.35489888
4564.7500 1.40719549
4564.8000 1.46092861
4564.8500 1.51466174
4564.9000 1.46329429
4564.9500 1.37009066
4565.0000 1.27688704
4565.0500 1.27440625
4565.1000 1.37865468
4565.1500 1.48290311
4565.2000 1.56208314
4565.2500 1.54403795
4565.3000 1.52599276
4565.3500 1.50794757
4565.4000 1.4240987
4565.4500 1.33691972
4565.5000 1.24974074
4565.5500 1.25505906
4565.6000 1.30001814
4565.6500 1.34497722
4565.7000 1.33733338
4565.7500 1.26526912
4565.8000 1.19320485
4565.8500 1.15313399
4565.9000 1.24076545
4565.9500 1.3283969
4566.0000 1.41602836
4566.0500 1.45574859
4566.1000 1.49307961
4566.1500 1.53041064
4566.2000 1.48416952
4566.2500 1.40312515
4566.3000 1.32208079
4566.3500 1.31533763
4566.4000 1.3955323
4566.4500 1.47572696
4566.5000 1.54773941
4566.5500 1.59022212
4566.6000 1.63270483
4566.6500 1.67518754
4566.7000 1.60609742
4566.7500 1.5340818
4566.8000 1.46206618
4566.8500 1.42393084
4566.9000 1.39811997
4566.9500 1.37230911
4567.0000 1.34889222
4567.0500 1.32793325
4567.1000 1.30697429
4567.1500 1.29103853
4567.2000 1.28978706
4567.2500 1.28853558
4567.3000 1.28709706
4567.3500 1.27527747
4567.4000 1.26345788
4567.4500 1.25163829
4567.5000 1.27131942
4567.5500 1.29979017
4567.6000 1.32826091
4567.6500 1.33812257
4567.7000 1.33259295
4567.7500 1.32706332
4567.8000 1.33786633
4567.8500 1.38432986
4567.9000 1.4307934
4567.9500 1.46300658
4568.0000 1.33626579
4568.0500 1.209525
4568.1000 1.08278421
4568.1500 1.11103403
4568.2000 1.16625971
4568.2500 1.22148539
4568.3000 1.30125529
4568.3500 1.39590517
4568.4000 1.49055506
4568.4500 1.49915765
4568.5000 1.37580941
4568.5500 1.25246117
4568.6000 1.16069526
4568.6500 1.22511382
4568.7000 1.28953238
4568.7500 1.35395094
4568.8000 1.39787977
4568.8500 1.44057054
4568.9000 1.48326132
4568.9500 1.42156716
4569.0000 1.31911269
4569.0500 1.21665822
4569.1000 1.19478964
4569.1500 1.2545881
4569.2000 1.31438655
4569.2500 1.36746146
4569.3000 1.40285481
4569.3500 1.43824817
4569.4000 1.46721025
4569.4500 1.38706772
4569.5000 1.30692519
4569.5500 1.22678266
4569.6000 1.19380138
4569.6500 1.16999305
4569.7000 1.14618472
4569.7500 1.17656872
4569.8000 1.24016571
4569.8500 1.3037627
4569.9000 1.34934699
4569.9500 1.36837935
4570.0000 1.38741172
4570.0500 1.40294644
4570.1000 1.40354225
4570.1500 1.40413807
4570.2000 1.40473389
4570.2500 1.34943147
4570.3000 1.29278804
4570.3500 1.2361446
4570.4000 1.30971085
4570.4500 1.4233273
4570.5000 1.53694374
4570.5500 0
4570.6000 0
4570.6500 0
