4917.0500 3.54086024
4917.1000 3.51665589
4917.1500 3.44200363
4917.2000 3.36735137
4917.2500 3.29269912
4917.3000 3.21804686
4917.3500 3.26076253
4917.4000 3.35081968
4917.4500 3.44087683
4917.5000 3.53093397
4917.5500 3.61060114
4917.6000 3.58265347
4917.6500 3.55470581
4917.7000 3.52675814
4917.7500 3.49881048
4917.8000 3.49050137
4917.8500 3.5048093
4917.9000 3.51911722
4917.9500 3.53342515
4918.0000 3.54773307
4918.0500 3.53710183
4918.1000 3.52181552
4918.1500 3.50652922
4918.2000 3.49124292
4918.2500 3.49512766
4918.3000 3.56624022
4918.3500 3.63735278
4918.4000 3.70846534
4918.4500 3.7795779
4918.5000 3.79298868
4918.5500 3.7683012
4918.6000 3.74361372
4918.6500 3.71892624
4918.7000 3.69423875
4918.7500 3.65701124
4918.8000 3.61957954
4918.8500 3.58214784
4918.9000 3.54471614
4918.9500 3.54693628
4919.0000 3.61758268
4919.0500 3.68822909
4919.1000 3.75887549
4919.1500 3.8295219
4919.2000 3.82159636
4919.2500 3.78762293
4919.3000 3.75364949
4919.3500 3.71967606
4919.4000 3.6860186
4919.4500 3.65436159
4919.5000 3.62270458
4919.5500 3.59104757
4919.6000 3.55939055
4919.6500 3.56399398
4919.7000 3.60166504
4919.7500 3.63933611
4919.8000 3.67700718
4919.8500 3.71467825
4919.9000 3.72619643
4919.9500 3.73515607
4920.0000 3.74411572
4920.0500 3.75307537
4920.1000 3.74571652
4920.1500 3.70027937
4920.2000 3.65484222
4920.2500 3.60940507
4920.3000 3.56396791
4920.3500 3.59479686
4920.4000 3.6598371
4920.4500 3.72487733
4920.5000 3.78991757
4920.5500 3.84121042
4920.6000 3.73842608
4920.6500 3.63564175
4920.7000 3.53285741
4920.7500 3.43007307
4920.8000 3.41024361
4920.8500 3.4821971
4920.9000 3.5541506
4920.9500 3.6261041
4921.0000 3.6980576
4921.0500 3.67287867
4921.1000 3.63303202
4921.1500 3.59318536
4921.2000 3.5533387
4921.2500 3.52784727
4921.3000 3.54235376
4921.3500 3.55686025
4921.4000 3.57136674
4921.4500 3.58587322
4921.5000 3.59356211
4921.5500 3.59774918
4921.6000 3.60193626
4921.6500 3.60612334
4921.7000 3.60959689
4921.7500 3.60157621
4921.8000 3.59355552
4921.8500 3.58553484
4921.9000 3.57751415
4921.9500 3.57889151
4922.0000 3.59141392
4922.0500 3.60393634
4922.1000 3.61645875
4922.1500 3.62898116
4922.2000 3.58749824
4922.2500 3.53705928
4922.3000 3.48662032
4922.3500 3.43618136
4922.4000 3.39950502
4922.4500 3.40214833
4922.5000 3.40479163
4922.5500 3.40743494
4922.6000 3.41007824
4922.6500 3.41374035
4922.7000 3.41792258
4922.7500 3.42210481
4922.8000 3.42628703
4922.8500 3.43093128
4922.9000 3.44211056
4922.9500 3.45328984
4923.0000 3.46446912
4923.0500 3.4756484
4923.1000 3.47619505
4923.1500 3.46481295
4923.2000 3.45343085
4923.2500 3.44204876
4923.3000 3.43066666
4923.3500 3.43630645
4923.4000 3.44431666
4923.4500 3.45232688
4923.5000 3.4603371
4923.5500 3.46084383
4923.6000 3.44257175
4923.6500 3.42429967
4923.7000 3.40602759
4923.7500 3.38775551
4923.8000 3.38052628
4923.8500 3.37815528
4923.9000 3.37578427
4923.9500 3.37341327
4924.0000 3.36944093
4924.0500 3.35177421
4924.1000 3.33410748
4924.1500 3.31644076
4924.2000 3.29877404
4924.2500 3.28263584
4924.3000 3.26793049
4924.3500 3.25322513
4924.4000 3.23851978
4924.4500 3.22381442
4924.5000 3.26290056
4924.5500 3.30610627
4924.6000 3.34931198
4924.6500 3.39251769
4924.7000 3.42151049
4924.7500 3.423257
4924.8000 3.4250035
4924.8500 3.42675001
4924.9000 3.42849651
4924.9500 3.40244563
4925.0000 3.36752084
4925.0500 3.33259604
4925.1000 3.29767124
4925.1500 3.27274056
4925.2000 3.29510254
4925.2500 3.31746451
4925.3000 3.33982649
4925.3500 3.36218847
4925.4000 3.38117344
4925.4500 3.39783242
4925.5000 3.41449139
4925.5500 3.43115037
4925.6000 3.44782408
4925.6500 3.46581269
4925.7000 3.4838013
4925.7500 3.50178991
4925.8000 3.51977852
4925.8500 3.52639821
4925.9000 3.51802468
4925.9500 3.50965115
4926.0000 3.50127761
4926.0500 3.49290408
4926.1000 3.48369066
4926.1500 3.47433213
4926.2000 3.46497361
4926.2500 3.45561508
4926.3000 3.4554689
4926.3500 3.47956645
4926.4000 3.50366399
4926.4500 3.52776153
4926.5000 3.55185908
4926.5500 3.58346732
4926.6000 3.61830556
4926.6500 3.6531438
4926.7000 3.68798204
4926.7500 3.71381744
4926.8000 3.67630867
4926.8500 3.6387999
4926.9000 3.60129113
4926.9500 3.56378236
4927.0000 3.53561237
4927.0500 3.51505697
4927.1000 3.49450157
4927.1500 3.47394616
4927.2000 3.45339076
4927.2500 3.4608531
4927.3000 3.46893077
4927.3500 3.47700843
4927.4000 3.4850861
4927.4500 3.4997735
4927.5000 3.52407471
4927.5500 3.54837593
4927.6000 3.57267714
4927.6500 3.59697835
4927.7000 3.59040282
4927.7500 3.57783935
4927.8000 3.56527587
4927.8500 3.5527124
4927.9000 3.54443036
4927.9500 3.54778471
4928.0000 3.55113906
4928.0500 3.55449341
4928.1000 3.55784776
4928.1500 3.53979822
4928.2000 3.5126462
4928.2500 3.48549418
4928.3000 3.45834217
4928.3500 3.43768954
4928.4000 3.45849723
4928.4500 3.47930492
4928.5000 3.50011261
4928.5500 3.52092029
4928.6000 3.50977663
4928.6500 3.47459451
4928.7000 3.4394124
4928.7500 3.40423028
4928.8000 3.36949406
4928.8500 3.39748687
4928.9000 3.42547967
4928.9500 3.45347248
4929.0000 3.48146529
4929.0500 3.50808441
4929.1000 3.5329882
4929.1500 3.557892
4929.2000 3.5827958
4929.2500 3.60769959
4929.3000 3.59167803
4929.3500 3.57026488
4929.4000 3.54885174
4929.4500 3.52743859
4929.5000 3.51558761
4929.5500 3.52371143
4929.6000 3.53183525
4929.6500 3.53995906
4929.7000 3.54808288
4929.7500 3.54147457
4929.8000 3.53034391
4929.8500 3.51921324
4929.9000 3.50808257
4929.9500 3.49731013
4930.0000 3.48790364
4930.0500 3.47849715
4930.1000 3.46909066
4930.1500 3.45968417
4930.2000 3.46233157
4930.2500 3.47142234
4930.3000 3.4805131
4930.3500 3.48960387
4930.4000 3.49669276
4930.4500 3.48510283
4930.5000 3.4735129
4930.5500 3.46192297
4930.6000 3.45033304
4930.6500 3.45782942
4930.7000 3.48137691
4930.7500 3.50492439
4930.8000 3.52847188
4930.8500 3.55201936
4930.9000 3.55032498
4930.9500 3.54839706
4931.0000 3.54646914
4931.0500 3.54454122
4931.1000 3.53835484
4931.1500 3.52674256
4931.2000 3.51513028
4931.2500 3.503518
4931.3000 3.49190573
4931.3500 3.49040474
4931.4000 3.49015513
4931.4500 3.48990553
4931.5000 3.48965592
4931.5500 3.48842404
4931.6000 3.48529611
4931.6500 3.48216818
4931.7000 3.47904025
4931.7500 3.47591231
4931.8000 3.46847856
4931.8500 3.45992708
4931.9000 3.4513756
4931.9500 3.44282412
4932.0000 3.4397831
4932.0500 3.45346834
4932.1000 3.46715358
4932.1500 3.48083883
4932.2000 3.49452407
4932.2500 3.48397707
4932.3000 3.46319055
4932.3500 3.44240402
4932.4000 3.4216175
4932.4500 3.40572928
4932.5000 3.41567985
4932.5500 3.42563043
4932.6000 3.435581
4932.6500 3.44553158
4932.7000 3.4284941
4932.7500 3.39470504
4932.8000 3.36091599
4932.8500 3.32712693
4932.9000 3.29884892
4932.9500 3.33764685
4933.0000 3.37644478
4933.0500 3.41524271
4933.1000 3.45404064
4933.1500 3.4563312
4933.2000 3.42702894
4933.2500 3.39772669
4933.3000 3.36842443
4933.3500 3.33912218
4933.4000 3.37474048
4933.4500 3.41052172
4933.5000 3.44630297
4933.5500 3.48208421
4933.6000 3.50043299
4933.6500 3.49833096
4933.7000 3.49622893
4933.7500 3.4941269
4933.8000 3.49202487
4933.8500 3.48441448
4933.9000 3.47635155
4933.9500 3.46828863
4934.0000 3.4602257
4934.0500 3.45749508
4934.1000 3.46313087
4934.1500 3.46876665
4934.2000 3.47440244
4934.2500 3.48003823
4934.3000 3.45313916
4934.3500 3.42075285
4934.4000 3.38836654
4934.4500 3.35598023
4934.5000 3.34554844
4934.5500 3.38105624
4934.6000 3.41656404
4934.6500 3.45207184
4934.7000 3.48757964
4934.7500 3.46274898
4934.8000 3.42210069
4934.8500 3.38145239
4934.9000 3.3408041
4934.9500 3.31427301
4935.0000 3.32740658
4935.0500 3.34054015
4935.1000 3.35367372
4935.1500 3.36680729
4935.2000 3.37827674
4935.2500 3.38914292
4935.3000 3.4000091
4935.3500 3.41087529
4935.4000 3.42465024
4935.4500 3.44959332
4935.5000 3.47453639
4935.5500 3.49947946
4935.6000 3.52442253
4935.6500 3.5129911
4935.7000 3.48448865
4935.7500 3.4559862
4935.8000 3.42748375
4935.8500 3.40254416
4935.9000 3.39690979
4935.9500 3.39127541
4936.0000 3.38564103
4936.0500 3.38000666
4936.1000 3.39531037
4936.1500 3.4227919
4936.2000 3.45027343
4936.2500 3.47775496
4936.3000 3.49901481
4936.3500 3.46992997
4936.4000 3.44084513
4936.4500 3.4117603
4936.5000 3.38267546
4936.5500 3.38330403
4936.6000 3.4046692
4936.6500 3.42603437
4936.7000 3.44739955
4936.7500 3.46806875
4936.8000 3.47937688
4936.8500 3.490685
4936.9000 3.50199312
4936.9500 3.51330124
4937.0000 3.51670718
4937.0500 3.51366576
4937.1000 3.51062435
4937.1500 3.50758293
4937.2000 3.5044599
4937.2500 3.49897792
4937.3000 3.49349594
4937.3500 3.48801395
4937.4000 3.48253197
4937.4500 3.48093665
4937.5000 3.48296594
4937.5500 3.48499524
4937.6000 3.48702453
4937.6500 3.48902068
4937.7000 3.4788087
4937.7500 3.46859673
4937.8000 3.45838475
4937.8500 3.44817277
4937.9000 3.43820935
4937.9500 3.42850543
4938.0000 3.4188015
4938.0500 3.40909758
4938.1000 3.39939365
4938.1500 3.39425313
4938.2000 3.38922003
4938.2500 3.38418692
4938.3000 3.37915382
4938.3500 3.38457595
4938.4000 3.40197716
4938.4500 3.41937837
4938.5000 3.43677958
4938.5500 3.45418079
4938.6000 3.459541
4938.6500 3.46435138
4938.7000 3.46916175
4938.7500 3.47397213
4938.8000 3.47831122
4938.8500 3.48206934
4938.9000 3.48582746
4938.9500 3.48958559
4939.0000 3.49334371
4939.0500 3.4926284
4939.1000 3.49163104
4939.1500 3.49063368
4939.2000 3.48963633
4939.2500 3.48719467
4939.3000 3.48287524
4939.3500 3.47855581
4939.4000 3.47423638
4939.4500 3.46991695
4939.5000 3.45570767
4939.5500 3.44075497
4939.6000 3.42580227
4939.6500 3.41084957
4939.7000 3.40888855
4939.7500 3.42438473
4939.8000 3.4398809
4939.8500 3.45537708
4939.9000 3.47087325
4939.9500 3.4631784
4940.0000 3.45359012
4940.0500 3.44400184
4940.1000 3.43441355
4940.1500 3.43012097
4940.2000 3.43303367
4940.2500 3.43594638
4940.3000 3.43885908
4940.3500 3.44177178
4940.4000 3.42420407
4940.4500 3.40495153
4940.5000 3.38569898
4940.5500 3.36644644
4940.6000 3.35830359
4940.6500 3.36515389
4940.7000 3.37200419
4940.7500 3.37885449
4940.8000 3.38570479
4940.8500 3.38756061
4940.9000 3.38903182
4940.9500 3.39050302
4941.0000 3.39197423
4941.0500 3.39744556
4941.1000 3.40816256
4941.1500 3.41887955
4941.2000 3.42959655
4941.2500 3.44031354
4941.3000 3.42315481
4941.3500 3.40415512
4941.4000 3.38515542
4941.4500 3.36615573
4941.5000 3.35966126
4941.5500 3.36878108
4941.6000 3.37790089
4941.6500 3.38702071
4941.7000 3.39614053
4941.7500 3.40452325
4941.8000 3.41286934
4941.8500 3.42121542
4941.9000 3.42956151
4941.9500 3.43968777
4942.0000 3.45188844
4942.0500 3.4640891
4942.1000 3.47628977
4942.1500 3.48849043
4942.2000 3.47379482
4942.2500 3.45833255
4942.3000 3.44287028
4942.3500 3.42740802
4942.4000 3.42003772
4942.4500 3.42129445
4942.5000 3.42255119
4942.5500 3.42380792
4942.6000 3.42506465
4942.6500 3.41786357
4942.7000 3.41063681
4942.7500 3.40341006
4942.8000 3.3961833
4942.8500 3.38141903
4942.9000 3.35944783
4942.9500 3.33747664
4943.0000 3.31550544
4943.0500 3.29499252
4943.1000 3.32761795
4943.1500 3.36024339
4943.2000 3.39286882
4943.2500 3.42549425
4943.3000 3.42973677
4943.3500 3.41013703
4943.4000 3.39053729
4943.4500 3.37093756
4943.5000 3.35102757
4943.5500 3.32638284
4943.6000 3.30173812
4943.6500 3.27709339
4943.7000 3.25244866
4943.7500 3.25597934
4943.8000 3.27984724
4943.8500 3.30371513
4943.9000 3.32758303
4943.9500 3.34700202
4944.0000 3.32696737
4944.0500 3.30693272
4944.1000 3.28689807
4944.1500 3.26686343
4944.2000 3.26646421
4944.2500 3.27793947
4944.3000 3.28941473
4944.3500 3.30088998
4944.4000 3.31024401
4944.4500 3.30721305
4944.5000 3.3041821
4944.5500 3.30115114
4944.6000 3.29812019
4944.6500 3.29504916
4944.7000 3.29195845
4944.7500 3.28886774
4944.8000 3.28577703
4944.8500 3.2802979
4944.9000 3.26503246
4944.9500 3.24976702
4945.0000 3.23450158
4945.0500 3.21923615
4945.1000 3.21882192
4945.1500 3.22409618
4945.2000 3.22937044
4945.2500 3.2346447
4945.3000 3.24822709
4945.3500 3.28657711
4945.4000 3.32492712
4945.4500 3.36327713
4945.5000 3.40162714
4945.5500 3.39787787
4945.6000 3.3822949
4945.6500 3.36671192
4945.7000 3.35112895
4945.7500 3.33744772
4945.8000 3.32797474
4945.8500 3.31850176
4945.9000 3.30902878
4945.9500 3.2995558
4946.0000 3.31309363
4946.0500 3.33091112
4946.1000 3.34872861
4946.1500 3.36654611
4946.2000 3.37447127
4946.2500 3.36600572
4946.3000 3.35754017
4946.3500 3.34907463
4946.4000 3.34060908
4946.4500 3.36379314
4946.5000 3.39007535
4946.5500 3.41635756
4946.6000 3.44263977
4946.6500 3.45177142
4946.7000 3.43964821
4946.7500 3.42752501
4946.8000 3.41540181
4946.8500 3.40327861
4946.9000 3.39676289
4946.9500 3.39034091
4947.0000 3.38391892
4947.0500 3.37749694
4947.1000 3.37225962
4947.1500 3.36810788
4947.2000 3.36395614
4947.2500 3.35980441
4947.3000 3.35663207
4947.3500 3.36844528
4947.4000 3.3802585
4947.4500 3.39207171
4947.5000 3.40388492
4947.5500 3.40807387
4947.6000 3.40722514
4947.6500 3.40637642
4947.7000 3.40552769
4947.7500 3.4036481
4947.8000 3.39565059
4947.8500 3.38765308
4947.9000 3.37965556
4947.9500 3.37165805
4948.0000 3.36308671
4948.0500 3.35425457
4948.1000 3.34542244
4948.1500 3.3365903
4948.2000 3.33079255
4948.2500 3.33503274
4948.3000 3.33927292
4948.3500 3.3435131
4948.4000 3.34775329
4948.4500 3.35322479
4948.5000 3.35904768
4948.5500 3.36487057
4948.6000 3.37069345
4948.6500 3.3731913
4948.7000 3.36878695
4948.7500 3.36438259
4948.8000 3.35997824
4948.8500 3.35557388
4948.9000 3.36040276
4948.9500 3.36656861
4949.0000 3.37273447
4949.0500 3.37890032
4949.1000 3.38323947
4949.1500 3.3850887
4949.2000 3.38693794
4949.2500 3.38878718
4949.3000 3.39063642
4949.3500 3.3990983
4949.4000 3.40773589
4949.4500 3.41637348
4949.5000 3.42501106
4949.5500 3.4167928
4949.6000 3.39340453
4949.6500 3.37001627
4949.7000 3.346628
4949.7500 3.32519974
4949.8000 3.3263751
4949.8500 3.32755046
4949.9000 3.32872582
4949.9500 3.32990119
4950.0000 3.34385008
4950.0500 3.36515597
4950.1000 3.38646186
4950.1500 3.40776776
4950.2000 3.42118558
4950.2500 3.40109436
4950.3000 3.38100314
4950.3500 3.36091192
4950.4000 3.34082069
4950.4500 3.34561682
4950.5000 3.35880512
4950.5500 3.37199342
4950.6000 3.38518173
4950.6500 3.38944834
4950.7000 3.37351678
4950.7500 3.35758523
4950.8000 3.34165367
4950.8500 3.32572211
4950.9000 3.30813864
4950.9500 3.2903
4951.0000 3.27246135
4951.0500 3.25462271
4951.1000 3.25394242
4951.1500 3.27626001
4951.2000 3.2985776
4951.2500 3.32089519
4951.3000 3.34321278
4951.3500 3.32709548
4951.4000 3.31057628
4951.4500 3.29405708
4951.5000 3.27753788
4951.5500 3.28026531
4951.6000 3.2985323
4951.6500 3.31679929
4951.7000 3.33506627
4951.7500 3.35049951
4951.8000 3.34478956
4951.8500 3.33907962
4951.9000 3.33336968
4951.9500 3.32765973
4952.0000 3.29487749
4952.0500 3.24960902
4952.1000 3.20434056
4952.1500 3.15907209
4952.2000 3.13589803
4952.2500 3.17837321
4952.3000 3.2208484
4952.3500 3.26332358
4952.4000 3.30579876
4952.4500 3.31561464
4952.5000 3.3182868
4952.5500 3.32095896
4952.6000 3.32363113
4952.6500 3.32239561
4952.7000 3.31506121
4952.7500 3.30772682
4952.8000 3.30039242
4952.8500 3.29305803
4952.9000 3.2957678
4952.9500 3.2988768
4953.0000 3.3019858
4953.0500 3.3050948
4953.1000 3.29790432
4953.1500 3.28173694
4953.2000 3.26556956
4953.2500 3.24940218
4953.3000 3.23586788
4953.3500 3.24405591
4953.4000 3.25224394
4953.4500 3.26043198
4953.5000 3.26862001
4953.5500 3.28174202
4953.6000 3.29715204
4953.6500 3.31256205
4953.7000 3.32797206
4953.7500 3.34053405
4953.8000 3.34497068
4953.8500 3.34940731
4953.9000 3.35384394
4953.9500 3.35828057
4954.0000 3.35354273
4954.0500 3.34702036
4954.1000 3.34049799
4954.1500 3.33397562
4954.2000 3.33925019
4954.2500 3.36108175
4954.3000 3.3829133
4954.3500 3.40474486
4954.4000 3.42657642
4954.4500 3.40277848
4954.5000 3.37880789
4954.5500 3.3548373
4954.6000 3.33086671
4954.6500 3.32001363
4954.7000 3.31875047
4954.7500 3.31748732
4954.8000 3.31622416
4954.8500 3.31585962
4954.9000 3.32019913
4954.9500 3.32453863
4955.0000 3.32887814
4955.0500 3.33321764
4955.1000 3.33932751
4955.1500 3.3460453
4955.2000 3.35276308
4955.2500 3.35948087
4955.3000 3.3645174
4955.3500 3.36613509
4955.4000 3.36775279
4955.4500 3.36937048
4955.5000 3.37098817
4955.5500 3.36943664
4955.6000 3.36759521
4955.6500 3.36575378
4955.7000 3.36391235
4955.7500 3.34842656
4955.8000 3.31951345
4955.8500 3.29060034
4955.9000 3.26168723
4955.9500 3.23836461
4956.0000 3.26949983
4956.0500 3.30063506
4956.1000 3.33177028
4956.1500 3.36290551
4956.2000 3.36317612
4956.2500 3.34915238
4956.3000 3.33512864
4956.3500 3.3211049
4956.4000 3.31314847
4956.4500 3.3211791
4956.5000 3.32920972
4956.5500 3.33724034
4956.6000 3.34527097
4956.6500 3.34006511
4956.7000 3.33284677
4956.7500 3.32562843
4956.8000 3.31841008
4956.8500 3.31469292
4956.9000 3.31504933
4956.9500 3.31540574
4957.0000 3.31576215
4957.0500 3.3167435
4957.1000 3.32793339
4957.1500 3.33912327
4957.2000 3.35031316
4957.2500 3.36150305
4957.3000 3.36035463
4957.3500 3.35269106
4957.4000 3.34502749
4957.4500 3.33736393
4957.5000 3.3346505
4957.5500 3.34659499
4957.6000 3.35853948
4957.6500 3.37048397
4957.7000 3.38242846
4957.7500 3.38097313
4957.8000 3.37718557
4957.8500 3.373398
4957.9000 3.36961044
4957.9500 3.35471976
4958.0000 3.32638559
4958.0500 3.29805142
4958.1000 3.26971725
4958.1500 3.24380598
4958.2000 3.26019038
4958.2500 3.27657478
4958.3000 3.29295917
4958.3500 3.30934357
4958.4000 3.29798888
4958.4500 3.27217241
4958.5000 3.24635595
4958.5500 3.22053948
4958.6000 3.20489201
4958.6500 3.21793022
4958.7000 3.23096844
4958.7500 3.24400665
4958.8000 3.25704487
4958.8500 3.2711946
4958.9000 3.28551425
4958.9500 3.29983389
4959.0000 3.31415354
4959.0500 3.32115773
4959.1000 3.32005589
4959.1500 3.31895405
4959.2000 3.31785221
4959.2500 3.31702297
4959.3000 3.31922099
4959.3500 3.32141902
4959.4000 3.32361704
4959.4500 3.32581506
4959.5000 3.33292379
4959.5500 3.34221687
4959.6000 3.35150996
4959.6500 3.36080304
4959.7000 3.36720695
4959.7500 3.36696256
4959.8000 3.36671816
4959.8500 3.36647377
4959.9000 3.36622937
4959.9500 3.35927767
4960.0000 3.35170293
4960.0500 3.34412819
4960.1000 3.33655345
4960.1500 3.33173507
4960.2000 3.32937712
4960.2500 3.32701918
4960.3000 3.32466123
4960.3500 3.32041459
4960.4000 3.30484891
4960.4500 3.28928323
4960.5000 3.27371755
4960.5500 3.25815187
4960.6000 3.27974345
4960.6500 3.31313883
4960.7000 3.3465342
4960.7500 3.37992958
4960.8000 3.39544884
4960.8500 3.38131522
4960.9000 3.3671816
4960.9500 3.35304798
4961.0000 3.33891436
4961.0500 3.35679758
4961.1000 3.37485511
4961.1500 3.39291265
4961.2000 3.41097018
4961.2500 3.40314649
4961.3000 3.37907555
4961.3500 3.35500461
4961.4000 3.33093367
4961.4500 3.31755691
4961.5000 3.33892033
4961.5500 3.36028374
4961.6000 3.38164716
4961.6500 3.40301057
4961.7000 3.40318837
4961.7500 3.39985109
4961.8000 3.3965138
4961.8500 3.39317652
4961.9000 3.37863417
4961.9500 3.35201559
4962.0000 3.325397
4962.0500 3.29877842
4962.1000 3.27652437
4962.1500 3.29101527
4962.2000 3.30550618
4962.2500 3.31999708
4962.3000 3.33448799
4962.3500 3.34469201
4962.4000 3.35332914
4962.4500 3.36196627
4962.5000 3.37060341
4962.5500 3.37317818
4962.6000 3.36496462
4962.6500 3.35675107
4962.7000 3.34853751
4962.7500 3.34032395
4962.8000 3.34834996
4962.8500 3.35656504
4962.9000 3.36478012
4962.9500 3.3729952
4963.0000 3.37999671
4963.0500 3.38624966
4963.1000 3.39250261
4963.1500 3.39875556
4963.2000 3.4045221
4963.2500 3.40882774
4963.3000 3.41313338
4963.3500 3.41743903
4963.4000 3.42174467
4963.4500 3.41146459
4963.5000 3.39923974
4963.5500 3.38701489
4963.6000 3.37479004
4963.6500 3.37975752
4963.7000 3.40083802
4963.7500 3.42191852
4963.8000 3.44299902
4963.8500 3.45822609
4963.9000 3.4406286
4963.9500 3.42303112
4964.0000 3.40543364
4964.0500 3.38783616
4964.1000 3.39428
4964.1500 3.4072013
4964.2000 3.4201226
4964.2500 3.4330439
4964.3000 3.44286593
4964.3500 3.44850261
4964.4000 3.4541393
4964.4500 3.45977598
4964.5000 3.46498068
4964.5500 3.46391353
4964.6000 3.46284639
4964.6500 3.46177924
4964.7000 3.4607121
4964.7500 3.45308612
4964.8000 3.44271179
4964.8500 3.43233745
4964.9000 3.42196312
4964.9500 3.41424543
4965.0000 3.41154351
4965.0500 3.4088416
4965.1000 3.40613968
4965.1500 3.40343777
4965.2000 3.41586463
4965.2500 3.42845831
4965.3000 3.441052
4965.3500 3.45364569
4965.4000 3.45336816
4965.4500 3.445635
4965.5000 3.43790183
4965.5500 3.43016867
4965.6000 3.42407408
4965.6500 3.42222202
4965.7000 3.42036995
4965.7500 3.41851788
4965.8000 3.41666582
4965.8500 3.40868534
4965.9000 3.40021015
4965.9500 3.39173497
4966.0000 3.38325978
4966.0500 3.39328095
4966.1000 3.41706992
4966.1500 3.44085889
4966.2000 3.46464785
4966.2500 3.4836147
4966.3000 3.48573488
4966.3500 3.48785506
4966.4000 3.48997524
4966.4500 3.49209542
4966.5000 3.48356519
4966.5500 3.47348672
4966.6000 3.46340825
4966.6500 3.45332978
4966.7000 3.44761237
4966.7500 3.44584209
4966.8000 3.44407181
4966.8500 3.44230153
4966.9000 3.44156698
4966.9500 3.44561455
4967.0000 3.44966213
4967.0500 3.4537097
4967.1000 3.45775728
4967.1500 3.46754279
4967.2000 3.47848339
4967.2500 3.48942398
4967.3000 3.50036458
4967.3500 3.49704656
4967.4000 3.47877559
4967.4500 3.46050462
4967.5000 3.44223365
4967.5500 3.42878733
4967.6000 3.44376941
4967.6500 3.45875149
4967.7000 3.47373357
4967.7500 3.48871565
4967.8000 3.49962881
4967.8500 3.50954595
4967.9000 3.51946309
4967.9500 3.52938023
4968.0000 3.53019458
4968.0500 3.52044688
4968.1000 3.51069919
4968.1500 3.50095149
4968.2000 3.49323287
4968.2500 3.49988421
4968.3000 3.50653556
4968.3500 3.5131869
4968.4000 3.51983825
4968.4500 3.51943256
4968.5000 3.5171038
4968.5500 3.51477504
4968.6000 3.51244629
4968.6500 3.50823913
4968.7000 3.5017293
4968.7500 3.49521947
4968.8000 3.48870964
4968.8500 3.48334
4968.9000 3.48683553
4968.9500 3.49033106
4969.0000 3.49382658
4969.0500 3.49732211
4969.1000 3.49256708
4969.1500 3.4854842
4969.2000 3.47840132
4969.2500 3.47131844
4969.3000 3.470149
4969.3500 3.47628891
4969.4000 3.48242881
4969.4500 3.48856872
4969.5000 3.49338327
4969.5500 3.48807576
4969.6000 3.48276824
4969.6500 3.47746073
4969.7000 3.47215321
4969.7500 3.47766866
4969.8000 3.48613735
4969.8500 3.49460605
4969.9000 3.50307475
4969.9500 3.50883605
4970.0000 3.51137741
4970.0500 3.51391878
4970.1000 3.51646015
4970.1500 3.51798461
4970.2000 3.51265471
4970.2500 3.50732481
4970.3000 3.50199491
4970.3500 3.49666501
4970.4000 3.48840328
4970.4500 3.47942187
4970.5000 3.47044047
4970.5500 3.46145906
4970.6000 3.45245548
4970.6500 3.44342765
4970.7000 3.43439983
4970.7500 3.425372
4970.8000 3.41995766
4970.8500 3.43436197
4970.9000 3.44876629
4970.9500 3.4631706
4971.0000 3.47757492
4971.0500 3.47010122
4971.1000 3.45820339
4971.1500 3.44630556
4971.2000 3.43440773
4971.2500 3.44612636
4971.3000 3.48047447
4971.3500 3.51482257
4971.4000 3.54917068
4971.4500 3.57360712
4971.5000 3.55601726
4971.5500 3.5384274
4971.6000 3.52083754
4971.6500 3.50324767
4971.7000 3.49714446
4971.7500 3.49272294
4971.8000 3.48830142
4971.8500 3.4838799
4971.9000 3.48715307
4971.9500 3.49659489
4972.0000 3.50603671
4972.0500 3.51547852
4972.1000 3.52281741
4972.1500 3.52346321
4972.2000 3.52410901
4972.2500 3.52475481
4972.3000 3.52540061
4972.3500 3.51683619
4972.4000 3.5075186
4972.4500 3.498201
4972.5000 3.48888341
4972.5500 3.48129941
4972.6000 3.47481899
4972.6500 3.46833857
4972.7000 3.46185815
4972.7500 3.46215213
4972.8000 3.47833329
4972.8500 3.49451444
4972.9000 3.5106956
4972.9500 3.52687675
4973.0000 3.51699998
4973.0500 3.50681048
4973.1000 3.49662098
4973.1500 3.48643148
4973.2000 3.47361239
4973.2500 3.45954807
4973.3000 3.44548376
4973.3500 3.43141945
4973.4000 3.42660226
4973.4500 3.43750159
4973.5000 3.44840091
4973.5500 3.45930024
4973.6000 3.47042512
4973.6500 3.48487631
4973.7000 3.4993275
4973.7500 3.51377869
4973.8000 3.52822989
4973.8500 3.52843451
4973.9000 3.5240877
4973.9500 3.51974089
4974.0000 3.51539407
4974.0500 3.5041993
4974.1000 3.48475363
4974.1500 3.46530796
4974.2000 3.44586229
4974.2500 3.43495267
4974.3000 3.47222497
4974.3500 3.50949726
4974.4000 3.54676956
4974.4500 3.58404186
4974.5000 3.55641014
4974.5500 3.51721246
4974.6000 3.47801478
4974.6500 3.4388171
4974.7000 3.43526431
4974.7500 3.46107689
4974.8000 3.48688947
4974.8500 3.51270205
4974.9000 3.5288334
4974.9500 3.51578665
4975.0000 3.5027399
4975.0500 3.48969316
4975.1000 3.47664641
4975.1500 3.47894094
4975.2000 3.48202138
4975.2500 3.48510183
4975.3000 3.48818227
4975.3500 3.48370509
4975.4000 3.47524179
4975.4500 3.4667785
4975.5000 3.4583152
4975.5500 3.45646488
4975.6000 3.46640084
4975.6500 3.4763368
4975.7000 3.48627276
4975.7500 3.49482172
4975.8000 3.48355978
4975.8500 3.47229784
4975.9000 3.4610359
4975.9500 3.44977396
4976.0000 3.45045057
4976.0500 3.45463824
4976.1000 3.45882591
4976.1500 3.46301358
4976.2000 3.46268018
4976.2500 3.4574753
4976.3000 3.45227043
4976.3500 3.44706555
4976.4000 3.44218771
4976.4500 3.43869286
4976.5000 3.43519802
4976.5500 3.43170318
4976.6000 3.42820833
4976.6500 3.41757206
4976.7000 3.40616376
4976.7500 3.39475546
4976.8000 3.38334717
4976.8500 3.39376023
4976.9000 3.41783764
4976.9500 3.44191506
4977.0000 3.46599248
4977.0500 3.48055708
4977.1000 3.47569561
4977.1500 3.47083413
4977.2000 3.46597266
4977.2500 3.46106938
4977.3000 3.45525348
4977.3500 3.44943758
4977.4000 3.44362169
4977.4500 3.43780579
4977.5000 3.44946981
4977.5500 3.46664826
4977.6000 3.48382672
4977.6500 3.50100517
4977.7000 3.50692314
4977.7500 3.50053713
4977.8000 3.49415111
4977.8500 3.4877651
4977.9000 3.48163295
4977.9500 3.47653666
4978.0000 3.47144038
4978.0500 3.46634409
4978.1000 3.46124781
4978.1500 3.4632291
4978.2000 3.46585014
4978.2500 3.46847119
4978.3000 3.47109224
4978.3500 3.47840038
4978.4000 3.4883603
4978.4500 3.49832021
4978.5000 3.50828013
4978.5500 3.51489169
4978.6000 3.51559001
4978.6500 3.51628833
4978.7000 3.51698664
4978.7500 3.51613714
4978.8000 3.4987728
4978.8500 3.48140845
4978.9000 3.46404411
4978.9500 3.44667977
4979.0000 3.44393978
4979.0500 3.44460459
4979.1000 3.4452694
4979.1500 3.44593421
4979.2000 3.44509849
4979.2500 3.44297372
4979.3000 3.44084895
4979.3500 3.43872418
4979.4000 3.4377354
4979.4500 3.4398819
4979.5000 3.4420284
4979.5500 3.44417491
4979.6000 3.44632141
4979.6500 3.44596947
4979.7000 3.44560577
4979.7500 3.44524207
4979.8000 3.44487837
4979.8500 3.44285892
4979.9000 3.44021448
4979.9500 3.43757003
4980.0000 3.43492559
4980.0500 3.43043379
4980.1000 3.42375511
4980.1500 3.41707642
4980.2000 3.41039774
4980.2500 3.40715571
4980.3000 3.41845422
4980.3500 3.42975274
4980.4000 3.44105125
4980.4500 3.45234976
4980.5000 3.44794945
4980.5500 3.44228938
4980.6000 3.43662932
4980.6500 3.43096925
4980.7000 3.43674734
4980.7500 3.44837683
4980.8000 3.46000633
4980.8500 3.47163582
4980.9000 3.47805306
4980.9500 3.47660981
4981.0000 3.47516657
4981.0500 3.47372332
4981.1000 3.47124046
4981.1500 3.46221758
4981.2000 3.45319471
4981.2500 3.44417184
4981.3000 3.43514897
4981.3500 3.44667013
4981.4000 3.46107508
4981.4500 3.47548004
4981.5000 3.489885
4981.5500 3.47811009
4981.6000 3.45014974
4981.6500 3.42218939
4981.7000 3.39422905
4981.7500 3.38610783
4981.8000 3.41320973
4981.8500 3.44031162
4981.9000 3.46741352
4981.9500 3.49045024
4982.0000 3.47844609
4982.0500 3.46644194
4982.1000 3.45443779
4982.1500 3.44243364
4982.2000 3.44186578
4982.2500 3.44333348
4982.3000 3.44480118
4982.3500 3.44626888
4982.4000 3.44719436
4982.4500 3.44775101
4982.5000 3.44830766
4982.5500 3.44886431
4982.6000 3.44088695
4982.6500 3.41654179
4982.7000 3.39219662
4982.7500 3.36785146
4982.8000 3.34790129
4982.8500 3.37155715
4982.9000 3.39521301
4982.9500 3.41886887
4983.0000 3.44252474
4983.0500 3.43916422
4983.1000 3.4307233
4983.1500 3.42228239
4983.2000 3.41384147
4983.2500 3.41519059
4983.3000 3.42325418
4983.3500 3.43131776
4983.4000 3.43938135
4983.4500 3.43884777
4983.5000 3.42205928
4983.5500 3.40527079
4983.6000 3.38848231
4983.6500 3.37377279
4983.7000 3.37777485
4983.7500 3.38177691
4983.8000 3.38577898
4983.8500 3.38978104
4983.9000 3.3994941
4983.9500 3.41017288
4984.0000 3.42085166
4984.0500 3.43153044
4984.1000 3.43534708
4984.1500 3.43481373
4984.2000 3.43428038
4984.2500 3.43374704
4984.3000 3.43268745
4984.3500 3.43073183
4984.4000 3.42877621
4984.4500 3.4268206
4984.5000 3.42543573
4984.5500 3.42789521
4984.6000 3.43035469
4984.6500 3.43281417
4984.7000 3.43527365
4984.7500 3.4310456
4984.8000 3.42598974
4984.8500 3.42093388
4984.9000 3.41587801
4984.9500 3.41591381
4985.0000 3.41867047
4985.0500 3.42142713
4985.1000 3.42418378
4985.1500 3.4266579
4985.2000 3.4287336
4985.2500 3.43080931
4985.3000 3.43288501
4985.3500 3.43591167
4985.4000 3.44328795
4985.4500 3.45066423
4985.5000 3.45804051
4985.5500 3.46541679
4985.6000 3.47943727
4985.6500 3.49384298
4985.7000 3.50824868
4985.7500 3.52265439
4985.8000 3.51960316
4985.8500 3.50950088
4985.9000 3.4993986
4985.9500 3.48929631
4986.0000 3.48123
4986.0500 3.47536315
4986.1000 3.46949631
4986.1500 3.46362946
4986.2000 3.45330321
4986.2500 3.42962761
4986.3000 3.40595202
4986.3500 3.38227642
4986.4000 3.35956637
4986.4500 3.38097154
4986.5000 3.40237671
4986.5500 3.42378189
4986.6000 3.44518706
4986.6500 3.4501921
4986.7000 3.45093533
4986.7500 3.45167855
4986.8000 3.45242178
4986.8500 3.45919774
4986.9000 3.47057397
4986.9500 3.48195019
4987.0000 3.49332642
4987.0500 3.49863421
4987.1000 3.49228141
4987.1500 3.48592862
4987.2000 3.47957583
4987.2500 3.47198113
4987.3000 3.45515022
4987.3500 3.43831932
4987.4000 3.42148842
4987.4500 3.40465751
4987.5000 3.41600526
4987.5500 3.43062147
4987.6000 3.44523767
4987.6500 3.45985387
4987.7000 3.45729115
4987.7500 3.4464538
4987.8000 3.43561645
4987.8500 3.42477909
4987.9000 3.42072421
4987.9500 3.42479118
4988.0000 3.42885816
4988.0500 3.43292513
4988.1000 3.43648491
4988.1500 3.43840753
4988.2000 3.44033016
4988.2500 3.44225279
4988.3000 3.44393482
4988.3500 3.43338924
4988.4000 3.42284367
4988.4500 3.41229809
4988.5000 3.40175251
4988.5500 3.39594246
4988.6000 3.39129143
4988.6500 3.38664041
4988.7000 3.38198939
4988.7500 3.38117185
4988.8000 3.38303198
4988.8500 3.38489211
4988.9000 3.38675225
4988.9500 3.38624131
4989.0000 3.38178608
4989.0500 3.37733085
4989.1000 3.37287563
4989.1500 3.36783944
4989.2000 3.35982971
4989.2500 3.35181999
4989.3000 3.34381027
4989.3500 3.33580054
4989.4000 3.34823855
4989.4500 3.36169062
4989.5000 3.37514269
4989.5500 3.38859477
4989.6000 3.38678841
4989.6500 3.37971433
4989.7000 3.37264025
4989.7500 3.36556616
4989.8000 3.36293887
4989.8500 3.36417205
4989.9000 3.36540524
4989.9500 3.36663843
4990.0000 3.36566006
4990.0500 3.36016139
4990.1000 3.35466272
4990.1500 3.34916406
4990.2000 3.34652959
4990.2500 3.36430541
4990.3000 3.38208123
4990.3500 3.39985705
4990.4000 3.41763287
4990.4500 3.41482326
4990.5000 3.41019711
4990.5500 3.40557096
4990.6000 3.40094481
4990.6500 3.3862983
4990.7000 3.36767862
4990.7500 3.34905895
4990.8000 3.33043927
4990.8500 3.32842624
4990.9000 3.34208126
4990.9500 3.35573628
4991.0000 3.3693913
4991.0500 3.37213012
4991.1000 3.35105551
4991.1500 3.3299809
4991.2000 3.30890629
4991.2500 3.29250522
4991.3000 3.31192639
4991.3500 3.33134755
4991.4000 3.35076872
4991.4500 3.37018988
4991.5000 3.37200517
4991.5500 3.37224379
4991.6000 3.37248241
4991.6500 3.37272103
4991.7000 3.37543144
4991.7500 3.3790959
4991.8000 3.38276035
4991.8500 3.3864248
4991.9000 3.3828493
4991.9500 3.37276361
4992.0000 3.36267793
4992.0500 3.35259224
4992.1000 3.34941436
4992.1500 3.36008104
4992.2000 3.37074773
4992.2500 3.38141441
4992.3000 3.39029981
4992.3500 3.38828922
4992.4000 3.38627863
4992.4500 3.38426803
4992.5000 3.38225744
4992.5500 3.37707119
4992.6000 3.37171592
4992.6500 3.36636064
4992.7000 3.36100536
4992.7500 3.35941608
4992.8000 3.35901783
4992.8500 3.35861958
4992.9000 3.35822134
4992.9500 3.35834449
4993.0000 3.3588589
4993.0500 3.35937331
4993.1000 3.35988772
4993.1500 3.36171825
4993.2000 3.36565835
4993.2500 3.36959844
4993.3000 3.37353853
4993.3500 3.37906801
4993.4000 3.39101942
4993.4500 3.40297082
4993.5000 3.41492223
4993.5500 3.42642104
4993.6000 3.40582488
4993.6500 3.38522872
4993.7000 3.36463256
4993.7500 3.34403641
4993.8000 3.34942434
4993.8500 3.36010679
4993.9000 3.37078923
4993.9500 3.38147167
4994.0000 3.38013309
4994.0500 3.37228942
4994.1000 3.36444575
4994.1500 3.35660207
4994.2000 3.35290171
4994.2500 3.35390522
4994.3000 3.35490873
4994.3500 3.35591224
4994.4000 3.35498302
4994.4500 3.34930085
4994.5000 3.34361868
4994.5500 3.33793651
4994.6000 3.3322593
4994.6500 3.3266218
4994.7000 3.32098429
4994.7500 3.31534679
4994.8000 3.30970928
4994.8500 3.32194155
4994.9000 3.33542526
4994.9500 3.34890897
4995.0000 3.36239268
4995.0500 3.36194906
4995.1000 3.35708939
4995.1500 3.35222972
4995.2000 3.34737005
4995.2500 3.34147091
4995.3000 3.33483519
4995.3500 3.32819947
4995.4000 3.32156375
4995.4500 3.31991645
4995.5000 3.32537069
4995.5500 3.33082493
4995.6000 3.33627917
4995.6500 3.33629849
4995.7000 3.31922511
4995.7500 3.30215172
4995.8000 3.28507834
4995.8500 3.26910851
4995.9000 3.26753072
4995.9500 3.26595293
4996.0000 3.26437513
4996.0500 3.26279734
4996.1000 3.27384609
4996.1500 3.28625901
4996.2000 3.29867194
4996.2500 3.31108487
4996.3000 3.31497443
4996.3500 3.31579231
4996.4000 3.31661018
4996.4500 3.31742806
4996.5000 3.31531006
4996.5500 3.31096818
4996.6000 3.30662629
4996.6500 3.3022844
4996.7000 3.30204283
4996.7500 3.30784481
4996.8000 3.3136468
4996.8500 3.31944878
4996.9000 3.32275002
4996.9500 3.31816484
4997.0000 3.31357967
4997.0500 3.3089945
4997.1000 3.30483531
4997.1500 3.30566921
4997.2000 3.30650311
4997.2500 3.30733702
4997.3000 3.30817092
4997.3500 3.30035084
4997.4000 3.29175546
4997.4500 3.28316008
4997.5000 3.2745647
4997.5500 3.28195536
4997.6000 3.29444237
4997.6500 3.30692938
4997.7000 3.3194164
4997.7500 3.31987893
4997.8000 3.31232739
4997.8500 3.30477585
4997.9000 3.29722432
4997.9500 3.29528816
4998.0000 3.30040706
4998.0500 3.30552597
4998.1000 3.31064487
4998.1500 3.31390692
4998.2000 3.31256998
4998.2500 3.31123303
4998.3000 3.30989608
4998.3500 3.31041251
4998.4000 3.32297125
4998.4500 3.33553
4998.5000 3.34808875
4998.5500 3.36064749
4998.6000 3.34449467
4998.6500 3.3277693
4998.7000 3.31104393
4998.7500 3.29431856
4998.8000 3.29404646
4998.8500 3.2971721
4998.9000 3.30029775
4998.9500 3.3034234
4999.0000 3.30123245
4999.0500 3.29652279
4999.1000 3.29181314
4999.1500 3.28710348
4999.2000 3.28841998
4999.2500 3.29508969
4999.3000 3.30175941
4999.3500 3.30842912
4999.4000 3.31575105
4999.4500 3.32412852
4999.5000 3.33250598
4999.5500 3.34088345
4999.6000 3.3471939
4999.6500 3.34679691
4999.7000 3.34639991
4999.7500 3.34600291
4999.8000 3.34593927
4999.8500 3.34922368
4999.9000 3.35250809
4999.9500 3.3557925
5000.0000 3.35907691
5000.0500 3.34037918
5000.1000 3.32044749
5000.1500 3.30051581
5000.2000 3.28058413
5000.2500 3.2961799
5000.3000 3.32041093
5000.3500 3.34464197
5000.4000 3.368873
5000.4500 3.37532181
5000.5000 3.3727483
5000.5500 3.37017478
5000.6000 3.36760127
5000.6500 3.35613029
5000.7000 3.33656583
5000.7500 3.31700138
5000.8000 3.29743692
5000.8500 3.28478455
5000.9000 3.28316261
5000.9500 3.28154067
5001.0000 3.27991872
5001.0500 3.27420861
5001.1000 3.25611082
5001.1500 3.23801303
5001.2000 3.21991523
5001.2500 3.20719166
5001.3000 3.23692991
5001.3500 3.26666816
5001.4000 3.29640641
5001.4500 3.32614467
5001.5000 3.3347066
5001.5500 3.34278958
5001.6000 3.35087256
5001.6500 3.35895554
5001.7000 3.34338485
5001.7500 3.32346668
5001.8000 3.3035485
5001.8500 3.28363033
5001.9000 3.27005525
5001.9500 3.25903447
5002.0000 3.24801369
5002.0500 3.2369929
5002.1000 3.22793042
5002.1500 3.22027203
5002.2000 3.21261363
5002.2500 3.20495524
5002.3000 3.2073302
5002.3500 3.2218091
5002.4000 3.236288
5002.4500 3.2507669
5002.5000 3.256476
5002.5500 3.24400191
5002.6000 3.23152782
5002.6500 3.21905373
5002.7000 3.21037296
5002.7500 3.21697649
5002.8000 3.22358002
5002.8500 3.23018356
5002.9000 3.23523609
5002.9500 3.2207719
5003.0000 3.2063077
5003.0500 3.1918435
5003.1000 3.17737931
5003.1500 3.19295803
5003.2000 3.2101271
5003.2500 3.22729618
5003.3000 3.24446525
5003.3500 3.24708142
5003.4000 3.24665652
5003.4500 3.24623163
5003.5000 3.24580674
5003.5500 3.24661376
5003.6000 3.24793402
5003.6500 3.24925429
5003.7000 3.25057456
5003.7500 3.25024086
5003.8000 3.24873853
5003.8500 3.24723621
5003.9000 3.24573388
5003.9500 3.24645988
5004.0000 3.24972532
5004.0500 3.25299076
5004.1000 3.2562562
5004.1500 3.2511461
5004.2000 3.23048762
5004.2500 3.20982913
5004.3000 3.18917064
5004.3500 3.17487401
5004.4000 3.1813876
5004.4500 3.18790119
5004.5000 3.19441478
5004.5500 3.20248843
5004.6000 3.22205723
5004.6500 3.24162604
5004.7000 3.26119484
5004.7500 3.28052294
5004.8000 3.26118091
5004.8500 3.24183888
5004.9000 3.22249685
5004.9500 3.20315483
5005.0000 3.21300612
5005.0500 3.22631154
5005.1000 3.23961697
5005.1500 3.2529224
5005.2000 3.258773
5005.2500 3.26256408
5005.3000 3.26635516
5005.3500 3.27014624
5005.4000 3.26836546
5005.4500 3.26389211
5005.5000 3.25941875
5005.5500 3.25494539
5005.6000 3.24967637
5005.6500 3.2437977
5005.7000 3.23791903
5005.7500 3.23204037
5005.8000 3.23234105
5005.8500 3.2399106
5005.9000 3.24748016
5005.9500 3.25504972
5006.0000 3.25658804
5006.0500 3.24712633
5006.1000 3.23766462
5006.1500 3.22820291
5006.2000 3.22135338
5006.2500 3.22233676
5006.3000 3.22332014
5006.3500 3.22430352
5006.4000 3.22255759
5006.4500 3.20502107
5006.5000 3.18748456
5006.5500 3.16994805
5006.6000 3.1544874
5006.6500 3.1820951
5006.7000 3.20970279
5006.7500 3.23731048
5006.8000 3.26491818
5006.8500 3.25616133
5006.9000 3.24532543
5006.9500 3.23448954
5007.0000 3.22365364
5007.0500 3.24088317
5007.1000 3.26317526
5007.1500 3.28546736
5007.2000 3.30775945
5007.2500 3.28348502
5007.3000 3.24366942
5007.3500 3.20385381
5007.4000 3.16403821
5007.4500 3.16219697
5007.5000 3.18047409
5007.5500 3.19875121
5007.6000 3.21702834
5007.6500 3.21227461
5007.7000 3.18934626
5007.7500 3.1664179
5007.8000 3.14348954
5007.8500 3.14501866
5007.9000 3.17463109
5007.9500 3.20424352
5008.0000 3.23385595
5008.0500 3.25215903
5008.1000 3.25148317
5008.1500 3.25080731
5008.2000 3.25013145
5008.2500 3.24743798
5008.3000 3.239623
5008.3500 3.23180801
5008.4000 3.22399302
5008.4500 3.21879489
5008.5000 3.22452738
5008.5500 3.23025986
5008.6000 3.23599235
5008.6500 3.24083504
5008.7000 3.23809643
5008.7500 3.23535783
5008.8000 3.23261922
5008.8500 3.22996767
5008.9000 3.23200057
5008.9500 3.23403346
5009.0000 3.23606635
5009.0500 3.23809925
5009.1000 3.21405328
5009.1500 3.18812787
5009.2000 3.16220247
5009.2500 3.13627706
5009.3000 3.13412731
5009.3500 3.13621814
5009.4000 3.13830896
5009.4500 3.14039979
5009.5000 3.14877124
5009.5500 3.15906315
5009.6000 3.16935506
5009.6500 3.17964698
5009.7000 3.17134313
5009.7500 3.15446202
5009.8000 3.13758091
5009.8500 3.1206998
5009.9000 3.11921127
5009.9500 3.12780642
5010.0000 3.13640157
5010.0500 3.14499672
5010.1000 3.15148565
5010.1500 3.15607178
5010.2000 3.1606579
5010.2500 3.16524403
5010.3000 3.17151523
5010.3500 3.17986374
5010.4000 3.18821224
5010.4500 3.19656075
5010.5000 3.19794641
5010.5500 3.18756298
5010.6000 3.17717954
5010.6500 3.1667961
5010.7000 3.15596926
5010.7500 3.14409221
5010.8000 3.13221516
5010.8500 3.12033812
5010.9000 3.11408257
5010.9500 3.12737245
5011.0000 3.14066234
5011.0500 3.15395222
5011.1000 3.16380456
5011.1500 3.15435829
5011.2000 3.14491202
5011.2500 3.13546575
5011.3000 3.12646379
5011.3500 3.12254732
5011.4000 3.11863086
5011.4500 3.11471439
5011.5000 3.11067054
5011.5500 3.09499509
5011.6000 3.07931965
5011.6500 3.0636442
5011.7000 3.04796875
5011.7500 3.05051419
5011.8000 3.0541682
5011.8500 3.05782221
5011.9000 3.06147623
5011.9500 3.07259668
5012.0000 3.08477603
5012.0500 3.09695537
5012.1000 3.10913471
5012.1500 3.12126701
5012.2000 3.13338829
5012.2500 3.14550957
5012.3000 3.15763086
5012.3500 3.1613313
5012.4000 3.16216585
5012.4500 3.16300039
5012.5000 3.16383494
5012.5500 3.15541023
5012.6000 3.14269246
5012.6500 3.12997469
5012.7000 3.11725693
5012.7500 3.11904777
5012.8000 3.12966716
5012.8500 3.14028656
5012.9000 3.15090595
5012.9500 3.159015
5013.0000 3.16516362
5013.0500 3.17131224
5013.1000 3.17746086
5013.1500 3.17068664
5013.2000 3.15112517
5013.2500 3.1315637
5013.3000 3.11200223
5013.3500 3.1043853
5013.4000 3.11165913
5013.4500 3.11893296
5013.5000 3.1262068
5013.5500 3.13240792
5013.6000 3.13692349
5013.6500 3.14143906
5013.7000 3.14595463
5013.7500 3.14995325
5013.8000 3.15292125
5013.8500 3.15588926
5013.9000 3.15885726
5013.9500 3.15669902
5014.0000 3.14139217
5014.0500 3.12608532
5014.1000 3.11077847
5014.1500 3.10741778
5014.2000 3.14443552
5014.2500 3.18145325
5014.3000 3.21847099
5014.3500 3.2437864
5014.4000 3.21485421
5014.4500 3.18592202
5014.5000 3.15698982
5014.5500 3.1336922
5014.6000 3.14881104
5014.6500 3.16392988
5014.7000 3.17904872
5014.7500 3.19243286
5014.8000 3.18578929
5014.8500 3.17914572
5014.9000 3.17250216
5014.9500 3.16629619
5015.0000 3.17297529
5015.0500 3.17965438
5015.1000 3.18633348
5015.1500 3.19301257
5015.2000 3.1924873
5015.2500 3.19186947
5015.3000 3.19125164
5015.3500 3.1906338
5015.4000 3.16847577
5015.4500 3.14501862
5015.5000 3.12156148
5015.5500 3.09810433
5015.6000 3.10106785
5015.6500 3.10695859
5015.7000 3.11284932
5015.7500 3.11874006
5015.8000 3.11550745
5015.8500 3.11077397
5015.9000 3.10604049
5015.9500 3.10130702
5016.0000 3.09862927
5016.0500 3.09640725
5016.1000 3.09418522
5016.1500 3.0919632
5016.2000 3.07922182
5016.2500 3.06350796
5016.3000 3.0477941
5016.3500 3.03208025
5016.4000 3.04846644
5016.4500 3.07600465
5016.5000 3.10354285
5016.5500 3.13108105
5016.6000 3.12675924
5016.6500 3.10916849
5016.7000 3.09157774
5016.7500 3.07398699
5016.8000 3.06887828
5016.8500 3.06988614
5016.9000 3.070894
5016.9500 3.07190186
5017.0000 3.05900246
5017.0500 3.03819893
5017.1000 3.01739541
5017.1500 2.99659188
5017.2000 2.97657073
5017.2500 2.95705947
5017.3000 2.9375482
5017.3500 2.91803693
5017.4000 2.91896901
5017.4500 2.93503633
5017.5000 2.95110365
5017.5500 2.96717097
5017.6000 2.98838164
5017.6500 3.01388467
5017.7000 3.0393877
5017.7500 3.06489073
5017.8000 3.07338609
5017.8500 3.06598757
5017.9000 3.05858906
5017.9500 3.05119055
5018.0000 3.05123249
5018.0500 3.0590156
5018.1000 3.0667987
5018.1500 3.07458181
5018.2000 3.07682184
5018.2500 3.07267418
5018.3000 3.06852652
5018.3500 3.06437887
5018.4000 3.05725375
5018.4500 3.04634603
5018.5000 3.03543831
5018.5500 3.0245306
5018.6000 3.01923789
5018.6500 3.02177506
5018.7000 3.02431223
5018.7500 3.0268494
5018.8000 3.03026823
5018.8500 3.03503095
5018.9000 3.03979367
5018.9500 3.04455639
5019.0000 3.04560473
5019.0500 3.04048907
5019.1000 3.0353734
5019.1500 3.03025774
5019.2000 3.02876444
5019.2500 3.0337895
5019.3000 3.03881456
5019.3500 3.04383962
5019.4000 3.04715708
5019.4500 3.04715598
5019.5000 3.04715489
5019.5500 3.0471538
5019.6000 3.04897516
5019.6500 3.05460556
5019.7000 3.06023596
5019.7500 3.06586636
5019.8000 3.07038809
5019.8500 3.07242863
5019.9000 3.07446917
5019.9500 3.07650971
5020.0000 3.07795399
5020.0500 3.07797594
5020.1000 3.07799789
5020.1500 3.07801985
5020.2000 3.0770355
5020.2500 3.07350512
5020.3000 3.06997474
5020.3500 3.06644436
5020.4000 3.06062238
5020.4500 3.04868272
5020.5000 3.03674306
5020.5500 3.0248034
5020.6000 3.0143873
5020.6500 3.00823886
5020.7000 3.00209042
5020.7500 2.99594198
5020.8000 2.9978778
5020.8500 3.02343336
5020.9000 3.04898891
5020.9500 3.07454447
5021.0000 3.09305229
5021.0500 3.09021748
5021.1000 3.08738266
5021.1500 3.08454785
5021.2000 3.08139964
5021.2500 3.07727427
5021.3000 3.07314889
5021.3500 3.06902352
5021.4000 3.06513978
5021.4500 3.06202643
5021.5000 3.05891308
5021.5500 3.05579973
5021.6000 3.05384024
5021.6500 3.05561524
5021.7000 3.05739024
5021.7500 3.05916524
5021.8000 3.05938931
5021.8500 3.05455495
5021.9000 3.04972058
5021.9500 3.04488622
5022.0000 3.04342754
5022.0500 3.05298155
5022.1000 3.06253555
5022.1500 3.07208956
5022.2000 3.08292655
5022.2500 3.09791903
5022.3000 3.1129115
5022.3500 3.12790398
5022.4000 3.13698107
5022.4500 3.12717618
5022.5000 3.11737129
5022.5500 3.10756641
5022.6000 3.10028337
5022.6500 3.10087662
5022.7000 3.10146987
5022.7500 3.10206312
5022.8000 3.09748349
5022.8500 3.07720592
5022.9000 3.05692835
5022.9500 3.03665078
5023.0000 3.02789121
5023.0500 3.05286791
5023.1000 3.0778446
5023.1500 3.1028213
5023.2000 3.12043385
5023.2500 3.11735932
5023.3000 3.11428479
5023.3500 3.11121026
5023.4000 3.10660913
5023.4500 3.09791955
5023.5000 3.08922996
5023.5500 3.08054038
5023.6000 3.07658227
5023.6500 3.08463723
5023.7000 3.09269219
5023.7500 3.10074715
5023.8000 3.09769677
5023.8500 3.068056
5023.9000 3.03841523
5023.9500 3.00877446
5024.0000 2.99073067
5024.0500 2.99874437
5024.1000 3.00675807
5024.1500 3.01477177
5024.2000 3.02282672
5024.2500 3.03096823
5024.3000 3.03910975
5024.3500 3.04725126
5024.4000 3.04771908
5024.4500 3.03320921
5024.5000 3.01869934
5024.5500 3.00418948
5024.6000 3.00418163
5024.6500 3.03038667
5024.7000 3.05659172
5024.7500 3.08279677
5024.8000 3.09774787
5024.8500 3.09393753
5024.9000 3.09012719
5024.9500 3.08631685
5025.0000 3.07589802
5025.0500 3.05535895
5025.1000 3.03481988
5025.1500 3.01428081
5025.2000 3.01306688
5025.2500 3.03892872
5025.3000 3.06479056
5025.3500 3.0906524
5025.4000 3.09851896
5025.4500 3.08341449
5025.5000 3.06831002
5025.5500 3.05320555
5025.6000 3.0441267
5025.6500 3.04202521
5025.7000 3.03992372
5025.7500 3.03782223
5025.8000 3.04872028
5025.8500 3.07320915
5025.9000 3.09769802
5025.9500 3.12218688
5026.0000 3.11649245
5026.0500 3.08245315
5026.1000 3.04841385
5026.1500 3.01437455
5026.2000 3.00756461
5026.2500 3.02359079
5026.3000 3.03961698
5026.3500 3.05564316
5026.4000 3.05676637
5026.4500 3.04680156
5026.5000 3.03683675
5026.5500 3.02687194
5026.6000 3.03879071
5026.6500 3.06504194
5026.7000 3.09129317
5026.7500 3.1175444
5026.8000 3.12401189
5026.8500 3.11917901
5026.9000 3.11434613
5026.9500 3.10951325
5027.0000 3.09880077
5027.0500 3.08519252
5027.1000 3.07158428
5027.1500 3.05797603
5027.2000 3.05871799
5027.2500 3.06546718
5027.3000 3.07221636
5027.3500 3.07896555
5027.4000 3.07281336
5027.4500 3.0621555
5027.5000 3.05149765
5027.5500 3.04083979
5027.6000 3.04464421
5027.6500 3.05255742
5027.7000 3.06047064
5027.7500 3.06838386
5027.8000 3.06509756
5027.8500 3.05931431
5027.9000 3.05353106
5027.9500 3.04774781
5028.0000 3.04639686
5028.0500 3.04577958
5028.1000 3.0451623
5028.1500 3.04454501
5028.2000 3.02950257
5028.2500 3.01285053
5028.3000 2.9961985
5028.3500 2.97954646
5028.4000 2.96890157
5028.4500 2.95862248
5028.5000 2.94834338
5028.5500 2.93806429
5028.6000 2.9250092
5028.6500 2.91191736
5028.7000 2.89882552
5028.7500 2.88659409
5028.8000 2.89988316
5028.8500 2.91317222
5028.9000 2.92646129
5028.9500 2.93905623
5029.0000 2.94362985
5029.0500 2.94820347
5029.1000 2.95277709
5029.1500 2.95784228
5029.2000 2.96625569
5029.2500 2.9746691
5029.3000 2.98308251
5029.3500 2.98848796
5029.4000 2.97997863
5029.4500 2.97146929
5029.5000 2.96295995
5029.5500 2.9576543
5029.6000 2.96314574
5029.6500 2.96863718
5029.7000 2.97412862
5029.7500 2.97803598
5029.8000 2.97789505
5029.8500 2.97775412
5029.9000 2.97761318
5029.9500 2.97662231
5030.0000 2.9739444
5030.0500 2.97126648
5030.1000 2.96858856
5030.1500 2.9716357
5030.2000 2.98363202
5030.2500 2.99562834
5030.3000 3.00762465
5030.3500 3.01287228
5030.4000 3.00975789
5030.4500 3.0066435
5030.5000 3.00352911
5030.5500 3.00293853
5030.6000 3.00482734
5030.6500 3.00671615
5030.7000 3.00860496
5030.7500 3.01594543
5030.8000 3.02750693
5030.8500 3.03906844
5030.9000 3.05062995
5030.9500 3.04372378
5031.0000 3.02569618
5031.0500 3.00766858
5031.1000 2.98964098
5031.1500 2.98329101
5031.2000 2.98228589
5031.2500 2.98128076
5031.3000 2.98027564
5031.3500 2.97935095
5031.4000 2.97845317
5031.4500 2.97755539
5031.5000 2.97665761
5031.5500 2.97279176
5031.6000 2.96824686
5031.6500 2.96370197
5031.7000 2.95915707
5031.7500 2.98381628
5031.8000 3.01246757
5031.8500 3.04111887
5031.9000 3.06977016
5031.9500 3.04278833
5032.0000 3.01269429
5032.0500 2.98260025
5032.1000 2.95328971
5032.1500 2.97324984
5032.2000 2.99320997
5032.2500 3.0131701
5032.3000 3.02943281
5032.3500 3.006217
5032.4000 2.9830012
5032.4500 2.9597854
5032.5000 2.9397011
5032.5500 2.93643478
5032.6000 2.93316846
5032.6500 2.92990214
5032.7000 2.92901569
5032.7500 2.93611196
5032.8000 2.94320823
5032.8500 2.9503045
5032.9000 2.95492145
5032.9500 2.953854
5033.0000 2.95278654
5033.0500 2.95171908
5033.1000 2.95702296
5033.1500 2.97276234
5033.2000 2.98850171
5033.2500 3.00424109
5033.3000 3.0069666
5033.3500 2.99415659
5033.4000 2.98134659
5033.4500 2.96853659
5033.5000 2.95925581
5033.5500 2.95305562
5033.6000 2.94685543
5033.6500 2.94065525
5033.7000 2.92437813
5033.7500 2.90174963
5033.8000 2.87912114
5033.8500 2.85649264
5033.9000 2.85896538
5033.9500 2.87249572
5034.0000 2.88602606
5034.0500 2.8995564
5034.1000 2.90072235
5034.1500 2.89832643
5034.2000 2.89593051
5034.2500 2.89353459
5034.3000 2.86200605
5034.3500 2.82572972
5034.4000 2.78945339
5034.4500 2.75317706
5034.5000 2.77702561
5034.5500 2.80439143
5034.6000 2.83175725
5034.6500 2.85838224
5034.7000 2.86181574
5034.7500 2.86524924
5034.8000 2.86868274
5034.8500 2.86963693
5034.9000 2.85215359
5034.9500 2.83467025
5035.0000 2.81718691
5035.0500 2.8062462
5035.1000 2.82029924
5035.1500 2.83435228
5035.2000 2.84840533
5035.2500 2.85760323
5035.3000 2.85535012
5035.3500 2.853097
5035.4000 2.85084389
5035.4500 2.84713473
5035.5000 2.84114233
5035.5500 2.83514993
5035.6000 2.82915753
5035.6500 2.82817521
5035.7000 2.83256882
5035.7500 2.83696243
5035.8000 2.84135604
5035.8500 2.84166197
5035.9000 2.83896801
5035.9500 2.83627405
5036.0000 2.83358009
5036.0500 2.84145729
5036.1000 2.85448378
5036.1500 2.86751027
5036.2000 2.88053676
5036.2500 2.87946788
5036.3000 2.87417704
5036.3500 2.86888621
5036.4000 2.86359538
5036.4500 2.85463876
5036.5000 2.84512433
5036.5500 2.8356099
5036.6000 2.82609546
5036.6500 2.83577721
5036.7000 2.84609954
5036.7500 2.85642187
5036.8000 2.86683114
5036.8500 2.8784163
5036.9000 2.89000146
5036.9500 2.90158662
5037.0000 2.9106934
5037.0500 2.90781295
5037.1000 2.90493251
5037.1500 2.90205206
5037.2000 2.88765633
5037.2500 2.84292898
5037.3000 2.79820163
5037.3500 2.75347428
5037.4000 2.73216581
5037.4500 2.74900542
5037.5000 2.76584503
5037.5500 2.78268465
5037.6000 2.79207155
5037.6500 2.79360605
5037.7000 2.79514054
5037.7500 2.79667503
5037.8000 2.81415991
5037.8500 2.84250805
5037.9000 2.87085618
5037.9500 2.89920432
5038.0000 2.89925661
5038.0500 2.88741964
5038.1000 2.87558268
5038.1500 2.86374572
5038.2000 2.87735061
5038.2500 2.89673937
5038.3000 2.91612813
5038.3500 2.93551688
5038.4000 2.84483059
5038.4500 2.745446
5038.5000 2.6460614
5038.5500 2.55365148
5038.6000 2.62812557
5038.6500 2.70259966
5038.7000 2.77707375
5038.7500 2.84132465
5038.8000 2.84976898
5038.8500 2.85821332
5038.9000 2.86665765
5038.9500 2.86819237
5039.0000 2.85113016
5039.0500 2.83406795
5039.1000 2.81700575
5039.1500 2.81644558
5039.2000 2.84187896
5039.2500 2.86731234
5039.3000 2.89274572
5039.3500 2.89636468
5039.4000 2.87878102
5039.4500 2.86119735
5039.5000 2.84361369
5039.5500 2.83191228
5039.6000 2.82370636
5039.6500 2.81550043
5039.7000 2.80729451
5039.7500 2.80305465
5039.8000 2.80014555
5039.8500 2.79723645
5039.9000 2.79432734
5039.9500 2.81201527
5040.0000 2.83273665
5040.0500 2.85345802
5040.1000 2.8741794
5040.1500 2.84783342
5040.2000 2.82129155
5040.2500 2.79474968
5040.3000 2.77364582
5040.3500 2.7918826
5040.4000 2.81011937
5040.4500 2.82835615
5040.5000 2.84215698
5040.5500 2.84253487
5040.6000 2.84291276
5040.6500 2.84329065
5040.7000 2.8463213
5040.7500 2.85374137
5040.8000 2.86116145
5040.8500 2.86858152
5040.9000 2.86479539
5040.9500 2.85008474
5041.0000 2.83537409
5041.0500 2.82066344
5041.1000 2.82474999
5041.1500 2.83953007
5041.2000 2.85431016
5041.2500 2.86909024
5041.3000 2.84041378
5041.3500 2.79874096
5041.4000 2.75706814
5041.4500 2.71539532
5041.5000 2.71300459
5041.5500 2.71480772
5041.6000 2.71661085
5041.6500 2.7178688
5041.7000 2.70556611
5041.7500 2.69326341
5041.8000 2.68096072
5041.8500 2.67423277
5041.9000 2.693763
5041.9500 2.71329322
5042.0000 2.73282345
5042.0500 2.74620552
5042.1000 2.74609074
5042.1500 2.74597595
5042.2000 2.74586117
5042.2500 2.74700302
5042.3000 2.7496674
5042.3500 2.75233177
5042.4000 2.75499615
5042.4500 2.76276746
5042.5000 2.77404787
5042.5500 2.78532828
5042.6000 2.79660869
5042.6500 2.76549162
5042.7000 2.71906091
5042.7500 2.67263019
5042.8000 2.62619947
5042.8500 2.6584851
5042.9000 2.70171488
5042.9500 2.74494467
5043.0000 2.78678462
5043.0500 2.76848698
5043.1000 2.75018933
5043.1500 2.73189169
5043.2000 2.71383119
5043.2500 2.69694013
5043.3000 2.68004906
5043.3500 2.66315799
5043.4000 2.65382238
5043.4500 2.66084245
5043.5000 2.66786252
5043.5500 2.67488259
5043.6000 2.6849021
5043.6500 2.69837643
5043.7000 2.71185077
5043.7500 2.72532511
5043.8000 2.72702686
5043.8500 2.7213534
5043.9000 2.71567994
5043.9500 2.71000649
5044.0000 2.70111589
5044.0500 2.69124414
5044.1000 2.68137238
5044.1500 2.67150063
5044.2000 2.67229269
5044.2500 2.674023
5044.3000 2.67575332
5044.3500 2.67625643
5044.4000 2.66125101
5044.4500 2.6462456
5044.5000 2.63124019
5044.5500 2.62580187
5044.6000 2.65259404
5044.6500 2.67938621
5044.7000 2.70617838
5044.7500 2.71286584
5044.8000 2.68754882
5044.8500 2.6622318
5044.9000 2.63691478
5044.9500 2.64325718
5045.0000 2.67612567
5045.0500 2.70899416
5045.1000 2.74186265
5045.1500 2.74214959
5045.2000 2.72872234
5045.2500 2.7152951
5045.3000 2.70186785
5045.3500 2.70038266
5045.4000 2.70076455
5045.4500 2.70114643
5045.5000 2.70236543
5045.5500 2.73354256
5045.6000 2.7647197
5045.6500 2.79589683
5045.7000 2.81751381
5045.7500 2.79862156
5045.8000 2.77972931
5045.8500 2.76083706
5045.9000 2.7385709
5045.9500 2.71020296
5046.0000 2.68183503
5046.0500 2.65346709
5046.1000 2.66184619
5046.1500 2.70380115
5046.2000 2.74575611
5046.2500 2.78771107
5046.3000 2.77975556
5046.3500 2.74941856
5046.4000 2.71908156
5046.4500 2.68874456
5046.5000 2.67145275
5046.5500 2.65629123
5046.6000 2.64112972
5046.6500 2.62796816
5046.7000 2.6790085
5046.7500 2.73004885
5046.8000 2.78108919
5046.8500 2.81664929
5046.9000 2.79111731
5046.9500 2.76558534
5047.0000 2.74005336
5047.0500 2.72200652
5047.1000 2.71640901
5047.1500 2.7108115
5047.2000 2.70521399
5047.2500 2.70744474
5047.3000 2.71607584
5047.3500 2.72470695
5047.4000 2.73333805
5047.4500 2.74197827
5047.5000 2.75062193
5047.5500 2.75926559
5047.6000 2.76790925
5047.6500 2.74611517
5047.7000 2.7210761
5047.7500 2.69603702
5047.8000 2.67578925
5047.8500 2.70885952
5047.9000 2.74192978
5047.9500 2.77500005
5048.0000 2.79419843
5048.0500 2.77444661
5048.1000 2.7546948
5048.1500 2.73494298
5048.2000 2.71454762
5048.2500 2.69334686
5048.3000 2.6721461
5048.3500 2.65094534
5048.4000 2.6620786
5048.4500 2.69244357
5048.5000 2.72280854
5048.5500 2.7531735
5048.6000 2.73978903
5048.6500 2.71622973
5048.7000 2.69267044
5048.7500 2.66911115
5048.8000 2.6562175
5048.8500 2.64335649
5048.9000 2.63049548
5048.9500 2.61528731
5049.0000 2.58966696
5049.0500 2.56404662
5049.1000 2.53842627
5049.1500 2.53502733
5049.2000 2.56908858
5049.2500 2.60314984
5049.3000 2.6372111
5049.3500 2.66300561
5049.4000 2.6823594
5049.4500 2.70171319
5049.5000 2.72106698
5049.5500 2.73159835
5049.6000 2.7392388
5049.6500 2.74687925
5049.7000 2.75451969
5049.7500 2.74500485
5049.8000 2.7345046
5049.8500 2.72400435
5049.9000 2.7132544
5049.9500 2.70096465
5050.0000 2.68867491
5050.0500 2.67638516
5050.1000 2.67361082
5050.1500 2.68974541
5050.2000 2.70588001
5050.2500 2.7220146
5050.3000 2.72345242
5050.3500 2.71192823
5050.4000 2.70040403
5050.4500 2.68887984
5050.5000 2.69281405
5050.5500 2.70248525
5050.6000 2.71215644
5050.6500 2.72182764
5050.7000 2.71308569
5050.7500 2.70292941
5050.8000 2.69277313
5050.8500 2.68552268
5050.9000 2.6978262
5050.9500 2.71012973
5051.0000 2.72243326
5051.0500 2.7255913
5051.1000 2.71030344
5051.1500 2.69501558
5051.2000 2.67972772
5051.2500 2.69112226
5051.3000 2.72571591
5051.3500 2.76030955
5051.4000 2.79490319
5051.4500 2.78652818
5051.5000 2.76303581
5051.5500 2.73954344
5051.6000 2.71605107
5051.6500 2.7278952
5051.7000 2.74175877
5051.7500 2.75562234
5051.8000 2.76425694
5051.8500 2.74405794
5051.9000 2.72385893
5051.9500 2.70365992
5052.0000 2.67982116
5052.0500 2.64958018
5052.1000 2.6193392
5052.1500 2.58909822
5052.2000 2.57961531
5052.2500 2.58561587
5052.3000 2.59161644
5052.3500 2.59761701
5052.4000 2.61884665
5052.4500 2.64426069
5052.5000 2.66967472
5052.5500 2.69508876
5052.6000 2.6854076
5052.6500 2.67563922
5052.7000 2.66587084
5052.7500 2.65844619
5052.8000 2.65973538
5052.8500 2.66102458
5052.9000 2.66231378
5052.9500 2.66524193
5053.0000 2.67036256
5053.0500 2.6754832
5053.1000 2.68060383
5053.1500 2.68675994
5053.2000 2.6934861
5053.2500 2.70021226
5053.3000 2.70693842
5053.3500 2.72883242
5053.4000 2.75312402
5053.4500 2.77741562
5053.5000 2.79781695
5053.5500 2.77548241
5053.6000 2.75314788
5053.6500 2.73081334
5053.7000 2.70939675
5053.7500 2.69007445
5053.8000 2.67075214
5053.8500 2.65142983
5053.9000 2.64774441
5053.9500 2.65806996
5054.0000 2.6683955
5054.0500 2.67872105
5054.1000 2.6913182
5054.1500 2.7046666
5054.2000 2.718015
5054.2500 2.7313634
5054.3000 2.73075387
5054.3500 2.72981435
5054.4000 2.72887484
5054.4500 2.73033033
5054.5000 2.74114782
5054.5500 2.75196531
5054.6000 2.7627828
5054.6500 2.75461086
5054.7000 2.72146003
5054.7500 2.68830921
5054.8000 2.65515838
5054.8500 2.64127126
5054.9000 2.63724414
5054.9500 2.63321701
5055.0000 2.62918988
5055.0500 2.6421929
5055.1000 2.65724982
5055.1500 2.67230674
5055.2000 2.68447152
5055.2500 2.67633246
5055.3000 2.6681934
5055.3500 2.66005434
5055.4000 2.64966041
5055.4500 2.63522929
5055.5000 2.62079816
5055.5500 2.60636704
5055.6000 2.60908321
5055.6500 2.6235475
5055.7000 2.63801179
5055.7500 2.65247608
5055.8000 2.66119084
5055.8500 2.66872685
5055.9000 2.67626285
5055.9500 2.68338617
5056.0000 2.68482435
5056.0500 2.68626252
5056.1000 2.6877007
5056.1500 2.68282123
5056.2000 2.66367178
5056.2500 2.64452232
5056.3000 2.62537287
5056.3500 2.62809895
5056.4000 2.64890971
5056.4500 2.66972048
5056.5000 2.69053125
5056.5500 2.66362648
5056.6000 2.6239902
5056.6500 2.58435392
5056.7000 2.54597091
5056.7500 2.54466139
5056.8000 2.54335188
5056.8500 2.54204236
5056.9000 2.54899142
5056.9500 2.57745332
5057.0000 2.60591522
5057.0500 2.63437712
5057.1000 2.63238469
5057.1500 2.60266959
5057.2000 2.5729545
5057.2500 2.5432394
5057.3000 2.52941024
5057.3500 2.52030125
5057.4000 2.51119227
5057.4500 2.50147463
5057.5000 2.46157488
5057.5500 2.42167513
5057.6000 2.38177539
5057.6500 2.3718335
5057.7000 2.44289686
5057.7500 2.51396023
5057.8000 2.58502359
5057.8500 2.60917164
5057.9000 2.59028519
5057.9500 2.57139874
5058.0000 2.55251228
5058.0500 2.51518496
5058.1000 2.47248979
5058.1500 2.42979462
5058.2000 2.38976487
5058.2500 2.43932274
5058.3000 2.48888061
5058.3500 2.53843849
5058.4000 2.56905703
5058.4500 2.55207276
5058.5000 2.53508849
5058.5500 2.51810422
5058.6000 2.50847404
5058.6500 2.50506495
5058.7000 2.50165587
5058.7500 2.49824679
5058.8000 2.49383566
5058.8500 2.48917436
5058.9000 2.48451306
5058.9500 2.48109882
5059.0000 2.49719164
5059.0500 2.51328446
5059.1000 2.52937728
5059.1500 2.52897871
5059.2000 2.49375013
5059.2500 2.45852155
5059.3000 2.42329298
5059.3500 2.43423476
5059.4000 2.47806981
5059.4500 2.52190485
5059.5000 2.5657399
5059.5500 2.53992252
5059.6000 2.50161777
5059.6500 2.46331302
5059.7000 2.42852895
5059.7500 2.42128054
5059.8000 2.41403214
5059.8500 2.40678373
5059.9000 2.4019187
5059.9500 2.40094011
5060.0000 2.39996151
5060.0500 2.39898291
5060.1000 2.41452731
5060.1500 2.43903584
5060.2000 2.46354438
5060.2500 2.48805291
5060.3000 2.4694557
5060.3500 2.44699895
5060.4000 2.4245422
5060.4500 2.40881772
5060.5000 2.42203111
5060.5500 2.4352445
5060.6000 2.44845789
5060.6500 2.4527922
5060.7000 2.44674652
5060.7500 2.44070085
5060.8000 2.43465518
5060.8500 2.44834704
5060.9000 2.46916567
5060.9500 2.48998429
5061.0000 2.51058361
5061.0500 2.50896403
5061.1000 2.50734444
5061.1500 2.50572486
5061.2000 2.49135275
5061.2500 2.44517777
5061.3000 2.39900279
5061.3500 2.35282781
5061.4000 2.35665343
5061.4500 2.39912521
5061.5000 2.44159699
5061.5500 2.48406877
5061.6000 2.49036725
5061.6500 2.48994166
5061.7000 2.48951606
5061.7500 2.48721117
5061.8000 2.47161088
5061.8500 2.45601059
5061.9000 2.44041031
5061.9500 2.42788367
5062.0000 2.41985735
5062.0500 2.41183102
5062.1000 2.4038047
5062.1500 2.39445688
5062.2000 2.38451306
5062.2500 2.37456924
5062.3000 2.36462542
5062.3500 2.39330172
5062.4000 2.42301228
5062.4500 2.45272283
5062.5000 2.47840409
5062.5500 2.49261997
5062.6000 2.50683585
5062.6500 2.52105173
5062.7000 2.50797416
5062.7500 2.47234383
5062.8000 2.43671351
5062.8500 2.40108318
5062.9000 2.39282272
5062.9500 2.38991398
5063.0000 2.38700524
5063.0500 2.38997944
5063.1000 2.43349369
5063.1500 2.47700794
5063.2000 2.52052219
5063.2500 2.53011433
5063.3000 2.49255026
5063.3500 2.4549862
5063.4000 2.41742214
5063.4500 2.42638752
5063.5000 2.45422579
5063.5500 2.48206405
5063.6000 2.50971459
5063.6500 2.50555197
5063.7000 2.50138935
5063.7500 2.49722673
5063.8000 2.49695502
5063.8500 2.50568972
5063.9000 2.51442442
5063.9500 2.52315912
5064.0000 2.51395417
5064.0500 2.49273385
5064.1000 2.47151352
5064.1500 2.4502932
5064.2000 2.45172079
5064.2500 2.45573565
5064.3000 2.4597505
5064.3500 2.47171046
5064.4000 2.51596433
5064.4500 2.56021819
5064.5000 2.60447205
5064.5500 2.59909877
5064.6000 2.54386106
5064.6500 2.48862335
5064.7000 2.43338563
5064.7500 2.43451462
5064.8000 2.44959873
5064.8500 2.46468284
5064.9000 2.47492077
5064.9500 2.44415023
5065.0000 2.41337969
5065.0500 2.38260914
5065.1000 2.36272565
5065.1500 2.35843112
5065.2000 2.35413659
5065.2500 2.34984207
5065.3000 2.37011445
5065.3500 2.40003046
5065.4000 2.42994647
5065.4500 2.45935823
5065.5000 2.47017523
5065.5500 2.48099222
5065.6000 2.49180922
5065.6500 2.49947867
5065.7000 2.50093022
5065.7500 2.50238177
5065.8000 2.50383332
5065.8500 2.49801236
5065.9000 2.48822612
5065.9500 2.47843988
5066.0000 2.46865365
5066.0500 2.46440707
5066.1000 2.46039371
5066.1500 2.45638035
5066.2000 2.44265045
5066.2500 2.40310324
5066.3000 2.36355604
5066.3500 2.32400884
5066.4000 2.33142975
5066.4500 2.37166877
5066.5000 2.41190779
5066.5500 2.45214681
5066.6000 2.46561901
5066.6500 2.47629099
5066.7000 2.48696298
5066.7500 2.48868415
5066.8000 2.4592717
5066.8500 2.42985925
5066.9000 2.4004468
5066.9500 2.40101025
5067.0000 2.42683321
5067.0500 2.45265617
5067.1000 2.47847912
5067.1500 2.46957939
5067.2000 2.45518971
5067.2500 2.44080004
5067.3000 2.44308896
5067.3500 2.51853839
5067.4000 2.59398782
5067.4500 2.66943724
5067.5000 2.6794613
5067.5500 2.62642696
5067.6000 2.57339263
5067.6500 2.52035829
5067.7000 0
5067.7500 0
5067.8000 0
