4917.0500 0.47452121
4917.1000 0.4671142
4917.1500 0.45970719
4917.2000 0.45230019
4917.2500 0.45471958
4917.3000 0.46020139
4917.3500 0.46568321
4917.4000 0.47116503
4917.4500 0.47696027
4917.5000 0.48449192
4917.5500 0.49202356
4917.6000 0.49955521
4917.6500 0.50708686
4917.7000 0.50823217
4917.7500 0.50403616
4917.8000 0.49984015
4917.8500 0.49564414
4917.9000 0.49144812
4917.9500 0.46479875
4918.0000 0.43664862
4918.0500 0.40849848
4918.1000 0.38034835
4918.1500 0.37272269
4918.2000 0.40652589
4918.2500 0.44032909
4918.3000 0.47413228
4918.3500 0.50793548
4918.4000 0.49901478
4918.4500 0.47400005
4918.5000 0.44898532
4918.5500 0.42397059
4918.6000 0.40390837
4918.6500 0.41928669
4918.7000 0.43466502
4918.7500 0.45004335
4918.8000 0.46542167
4918.8500 0.47267431
4918.9000 0.47242591
4918.9500 0.47217752
4919.0000 0.47192912
4919.0500 0.47168072
4919.1000 0.45845119
4919.1500 0.44407001
4919.2000 0.42968884
4919.2500 0.41530766
4919.3000 0.39491397
4919.3500 0.36163662
4919.4000 0.32835926
4919.4500 0.29508191
4919.5000 0.26180455
4919.5500 0.27412251
4919.6000 0.3042593
4919.6500 0.33439609
4919.7000 0.36453289
4919.7500 0.39162457
4919.8000 0.39659071
4919.8500 0.40155685
4919.9000 0.406523
4919.9500 0.41148914
4920.0000 0.41439716
4920.0500 0.41543633
4920.1000 0.41647549
4920.1500 0.41751465
4920.2000 0.41855382
4920.2500 0.39184986
4920.3000 0.36300523
4920.3500 0.33416061
4920.4000 0.30531598
4920.4500 0.29699239
4920.5000 0.32962742
4920.5500 0.36226244
4920.6000 0.39489746
4920.6500 0.42753248
4920.7000 0.44030939
4920.7500 0.44612199
4920.8000 0.45193459
4920.8500 0.45774719
4920.9000 0.46033936
4920.9500 0.44440329
4921.0000 0.42846722
4921.0500 0.41253114
4921.1000 0.39659507
4921.1500 0.38555074
4921.2000 0.37839781
4921.2500 0.37124487
4921.3000 0.36409194
4921.3500 0.356939
4921.4000 0.38179206
4921.4500 0.4077384
4921.5000 0.43368473
4921.5500 0.45963107
4921.6000 0.4716239
4921.6500 0.46067042
4921.7000 0.44971693
4921.7500 0.43876344
4921.8000 0.42780995
4921.8500 0.42999936
4921.9000 0.43567248
4921.9500 0.4413456
4922.0000 0.44701872
4922.0500 0.44980081
4922.1000 0.44129911
4922.1500 0.43279741
4922.2000 0.42429571
4922.2500 0.415794
4922.3000 0.40759876
4922.3500 0.39959247
4922.4000 0.39158618
4922.4500 0.38357989
4922.5000 0.3767022
4922.5500 0.40152317
4922.6000 0.42634413
4922.6500 0.45116509
4922.7000 0.47598605
4922.7500 0.47999502
4922.8000 0.45870279
4922.8500 0.43741057
4922.9000 0.41611834
4922.9500 0.39482611
4923.0000 0.40494277
4923.0500 0.41977665
4923.1000 0.43461054
4923.1500 0.44944442
4923.2000 0.46120768
4923.2500 0.4654047
4923.3000 0.46960173
4923.3500 0.47379875
4923.4000 0.47799578
4923.4500 0.47039771
4923.5000 0.45796058
4923.5500 0.44552345
4923.6000 0.43308632
4923.6500 0.42203204
4923.7000 0.42017878
4923.7500 0.41832552
4923.8000 0.41647226
4923.8500 0.414619
4923.9000 0.4168766
4923.9500 0.42245195
4924.0000 0.42802731
4924.0500 0.43360266
4924.1000 0.43917802
4924.1500 0.43019753
4924.2000 0.42087838
4924.2500 0.41155923
4924.3000 0.40224008
4924.3500 0.40528399
4924.4000 0.42669559
4924.4500 0.4481072
4924.5000 0.46951881
4924.5500 0.49093041
4924.6000 0.48934981
4924.6500 0.48300982
4924.7000 0.47666983
4924.7500 0.47032984
4924.8000 0.46322334
4924.8500 0.45388751
4924.9000 0.44455167
4924.9500 0.43521584
4925.0000 0.42588
4925.0500 0.43429565
4925.1000 0.4508981
4925.1500 0.46750054
4925.2000 0.48410298
4925.2500 0.49847194
4925.3000 0.49549106
4925.3500 0.49251018
4925.4000 0.4895293
4925.4500 0.48654842
4925.5000 0.47914527
4925.5500 0.46804845
4925.6000 0.45695163
4925.6500 0.44585481
4925.7000 0.43475799
4925.7500 0.44577449
4925.8000 0.45731425
4925.8500 0.46885401
4925.9000 0.48039378
4925.9500 0.48525579
4926.0000 0.48051005
4926.0500 0.47576431
4926.1000 0.47101857
4926.1500 0.46627283
4926.2000 0.45286376
4926.2500 0.43785783
4926.3000 0.42285189
4926.3500 0.40784595
4926.4000 0.39833888
4926.4500 0.40298262
4926.5000 0.40762635
4926.5500 0.41227009
4926.6000 0.41691383
4926.6500 0.42454203
4926.7000 0.43335116
4926.7500 0.4421603
4926.8000 0.45096943
4926.8500 0.45694134
4926.9000 0.44736252
4926.9500 0.43778371
4927.0000 0.42820489
4927.0500 0.41862608
4927.1000 0.41549544
4927.1500 0.4167855
4927.2000 0.41807557
4927.2500 0.41936563
4927.3000 0.42040352
4927.3500 0.41414455
4927.4000 0.40788559
4927.4500 0.40162663
4927.5000 0.39536767
4927.5500 0.39467779
4927.6000 0.40015047
4927.6500 0.40562316
4927.7000 0.41109585
4927.7500 0.41656854
4927.8000 0.43317269
4927.8500 0.45078213
4927.9000 0.46839157
4927.9500 0.48600101
4928.0000 0.49511805
4928.0500 0.48918988
4928.1000 0.48326171
4928.1500 0.47733354
4928.2000 0.47140537
4928.2500 0.47576285
4928.3000 0.48260241
4928.3500 0.48944196
4928.4000 0.49628152
4928.4500 0.49767121
4928.5000 0.48284656
4928.5500 0.46802191
4928.6000 0.45319727
4928.6500 0.43837262
4928.7000 0.43716139
4928.7500 0.44182095
4928.8000 0.4464805
4928.8500 0.45114005
4928.9000 0.45557093
4928.9500 0.45867469
4929.0000 0.46177846
4929.0500 0.46488222
4929.1000 0.46798599
4929.1500 0.46078288
4929.2000 0.44660634
4929.2500 0.4324298
4929.3000 0.41825326
4929.3500 0.40528743
4929.4000 0.41682387
4929.4500 0.4283603
4929.5000 0.43989674
4929.5500 0.45143318
4929.6000 0.45471864
4929.6500 0.4497163
4929.7000 0.44471396
4929.7500 0.43971162
4929.8000 0.43470928
4929.8500 0.44892143
4929.9000 0.46410538
4929.9500 0.47928933
4930.0000 0.49447329
4930.0500 0.50208959
4930.1000 0.49863396
4930.1500 0.49517832
4930.2000 0.49172269
4930.2500 0.48826706
4930.3000 0.47876904
4930.3500 0.46829806
4930.4000 0.45782708
4930.4500 0.4473561
4930.5000 0.43894803
4930.5500 0.43496846
4930.6000 0.43098889
4930.6500 0.42700932
4930.7000 0.42302976
4930.7500 0.43534438
4930.8000 0.45237755
4930.8500 0.46941071
4930.9000 0.48644388
4930.9500 0.50081746
4931.0000 0.50649783
4931.0500 0.51217819
4931.1000 0.51785856
4931.1500 0.52353893
4931.2000 0.52122349
4931.2500 0.51538688
4931.3000 0.50955028
4931.3500 0.50371368
4931.4000 0.4987333
4931.4500 0.49840533
4931.5000 0.49807737
4931.5500 0.4977494
4931.6000 0.49742143
4931.6500 0.4918721
4931.7000 0.48309223
4931.7500 0.47431235
4931.8000 0.46553247
4931.8500 0.45794154
4931.9000 0.46378789
4931.9500 0.46963423
4932.0000 0.47548058
4932.0500 0.48132692
4932.1000 0.47312713
4932.1500 0.45324687
4932.2000 0.43336662
4932.2500 0.41348636
4932.3000 0.39400273
4932.3500 0.40761988
4932.4000 0.42123703
4932.4500 0.43485418
4932.5000 0.44847133
4932.5500 0.45250129
4932.6000 0.44609835
4932.6500 0.43969542
4932.7000 0.43329248
4932.7500 0.42688955
4932.8000 0.42604656
4932.8500 0.42551418
4932.9000 0.4249818
4932.9500 0.42444942
4933.0000 0.42739564
4933.0500 0.43521565
4933.1000 0.44303566
4933.1500 0.45085567
4933.2000 0.45867567
4933.2500 0.45591566
4933.3000 0.45180842
4933.3500 0.44770117
4933.4000 0.44359393
4933.4500 0.43744805
4933.5000 0.42765879
4933.5500 0.41786953
4933.6000 0.40808027
4933.6500 0.39829101
4933.7000 0.40611548
4933.7500 0.41750403
4933.8000 0.42889258
4933.8500 0.44028113
4933.9000 0.44501558
4933.9500 0.43464471
4934.0000 0.42427384
4934.0500 0.41390297
4934.1000 0.40353211
4934.1500 0.40004605
4934.2000 0.39848967
4934.2500 0.3969333
4934.3000 0.39537692
4934.3500 0.39434693
4934.4000 0.39483453
4934.4500 0.39532212
4934.5000 0.39580972
4934.5500 0.39629731
4934.6000 0.40889224
4934.6500 0.42584874
4934.7000 0.44280523
4934.7500 0.45976173
4934.8000 0.47029961
4934.8500 0.45725919
4934.9000 0.44421877
4934.9500 0.43117835
4935.0000 0.41813793
4935.0500 0.41710142
4935.1000 0.4213585
4935.1500 0.42561558
4935.2000 0.42987266
4935.2500 0.43451029
4935.3000 0.44094023
4935.3500 0.44737017
4935.4000 0.45380011
4935.4500 0.46023005
4935.5000 0.46085983
4935.5500 0.45846812
4935.6000 0.45607642
4935.6500 0.45368472
4935.7000 0.45036296
4935.7500 0.44137634
4935.8000 0.43238973
4935.8500 0.42340311
4935.9000 0.4144165
4935.9500 0.40938882
4936.0000 0.40672896
4936.0500 0.40406911
4936.1000 0.40140925
4936.1500 0.39916043
4936.2000 0.40018225
4936.2500 0.40120406
4936.3000 0.40222588
4936.3500 0.4032477
4936.4000 0.40527112
4936.4500 0.40796582
4936.5000 0.41066053
4936.5500 0.41335523
4936.6000 0.41633651
4936.6500 0.42232565
4936.7000 0.42831479
4936.7500 0.43430393
4936.8000 0.44029306
4936.8500 0.44044594
4936.9000 0.43631038
4936.9500 0.43217482
4937.0000 0.42803926
4937.0500 0.42418231
4937.1000 0.42420077
4937.1500 0.42421924
4937.2000 0.4242377
4937.2500 0.42425617
4937.3000 0.42396928
4937.3500 0.42344139
4937.4000 0.4229135
4937.4500 0.42238561
4937.5000 0.42182646
4937.5500 0.4206961
4937.6000 0.41956573
4937.6500 0.41843536
4937.7000 0.41730499
4937.7500 0.41959966
4937.8000 0.42474136
4937.8500 0.42988307
4937.9000 0.43502477
4937.9500 0.43969089
4938.0000 0.43335972
4938.0500 0.42702854
4938.1000 0.42069737
4938.1500 0.4143662
4938.2000 0.41048934
4938.2500 0.40871998
4938.3000 0.40695062
4938.3500 0.40518126
4938.4000 0.40332262
4938.4500 0.39905654
4938.5000 0.39479047
4938.5500 0.3905244
4938.6000 0.38625832
4938.6500 0.38578588
4938.7000 0.38861474
4938.7500 0.3914436
4938.8000 0.39427246
4938.8500 0.39730898
4938.9000 0.4061019
4938.9500 0.41489481
4939.0000 0.42368773
4939.0500 0.43248064
4939.1000 0.43278805
4939.1500 0.42575363
4939.2000 0.4187192
4939.2500 0.41168478
4939.3000 0.40487665
4939.3500 0.40370024
4939.4000 0.40252383
4939.4500 0.40134743
4939.5000 0.40017102
4939.5500 0.39761014
4939.6000 0.39388086
4939.6500 0.39015157
4939.7000 0.38642229
4939.7500 0.38316527
4939.8000 0.38944207
4939.8500 0.39571887
4939.9000 0.40199567
4939.9500 0.40827247
4940.0000 0.40812088
4940.0500 0.40277874
4940.1000 0.3974366
4940.1500 0.39209447
4940.2000 0.38734091
4940.2500 0.39172286
4940.3000 0.39610482
4940.3500 0.40048677
4940.4000 0.40486872
4940.4500 0.40689423
4940.5000 0.40713467
4940.5500 0.40737511
4940.6000 0.40761554
4940.6500 0.40787375
4940.7000 0.40834028
4940.7500 0.4088068
4940.8000 0.40927332
4940.8500 0.40973985
4940.9000 0.40574312
4940.9500 0.39863786
4941.0000 0.3915326
4941.0500 0.38442734
4941.1000 0.37887592
4941.1500 0.38708154
4941.2000 0.39528717
4941.2500 0.40349279
4941.3000 0.41169841
4941.3500 0.41345432
4941.4000 0.41116759
4941.4500 0.40888087
4941.5000 0.40659415
4941.5500 0.40457789
4941.6000 0.40438577
4941.6500 0.40419365
4941.7000 0.40400154
4941.7500 0.40380942
4941.8000 0.40956114
4941.8500 0.41858813
4941.9000 0.42761512
4941.9500 0.43664211
4942.0000 0.44447822
4942.0500 0.44613286
4942.1000 0.4477875
4942.1500 0.44944214
4942.2000 0.45109678
4942.2500 0.44446987
4942.3000 0.43393734
4942.3500 0.42340481
4942.4000 0.41287228
4942.4500 0.40578272
4942.5000 0.41257559
4942.5500 0.41936845
4942.6000 0.42616131
4942.6500 0.43295418
4942.7000 0.43021509
4942.7500 0.42375281
4942.8000 0.41729053
4942.8500 0.41082826
4942.9000 0.40695698
4942.9500 0.41125919
4943.0000 0.4155614
4943.0500 0.41986361
4943.1000 0.42416582
4943.1500 0.43504919
4943.2000 0.44797132
4943.2500 0.46089346
4943.3000 0.4738156
4943.3500 0.47918182
4943.4000 0.46581895
4943.4500 0.45245607
4943.5000 0.43909319
4943.5500 0.42573031
4943.6000 0.42578933
4943.6500 0.42894292
4943.7000 0.4320965
4943.7500 0.43525008
4943.8000 0.43733669
4943.8500 0.43734296
4943.9000 0.43734923
4943.9500 0.43735551
4944.0000 0.43736178
4944.0500 0.43859741
4944.1000 0.44002231
4944.1500 0.44144721
4944.2000 0.44287211
4944.2500 0.44420924
4944.3000 0.44541215
4944.3500 0.44661506
4944.4000 0.44781798
4944.4500 0.44902089
4944.5000 0.44783947
4944.5500 0.44646566
4944.6000 0.44509185
4944.6500 0.44371804
4944.7000 0.43915294
4944.7500 0.43078846
4944.8000 0.42242398
4944.8500 0.4140595
4944.9000 0.40569502
4944.9500 0.4064171
4945.0000 0.40724135
4945.0500 0.4080656
4945.1000 0.40888985
4945.1500 0.41263108
4945.2000 0.41903854
4945.2500 0.42544601
4945.3000 0.43185348
4945.3500 0.43720345
4945.4000 0.42513322
4945.4500 0.413063
4945.5000 0.40099278
4945.5500 0.38892255
4945.6000 0.38906797
4945.6500 0.39759022
4945.7000 0.40611246
4945.7500 0.41463471
4945.8000 0.42153534
4945.8500 0.41762081
4945.9000 0.41370628
4945.9500 0.40979176
4946.0000 0.40587723
4946.0500 0.40038973
4946.1000 0.39412317
4946.1500 0.38785662
4946.2000 0.38159007
4946.2500 0.37915369
4946.3000 0.39126972
4946.3500 0.40338576
4946.4000 0.41550179
4946.4500 0.42761782
4946.5000 0.42492832
4946.5500 0.41728123
4946.6000 0.40963413
4946.6500 0.40198704
4946.7000 0.39790553
4946.7500 0.40250524
4946.8000 0.40710496
4946.8500 0.41170468
4946.9000 0.41630439
4946.9500 0.410685
4947.0000 0.40303662
4947.0500 0.39538825
4947.1000 0.38773987
4947.1500 0.385155
4947.2000 0.3908757
4947.2500 0.3965964
4947.3000 0.4023171
4947.3500 0.4080378
4947.4000 0.40765105
4947.4500 0.40676452
4947.5000 0.40587798
4947.5500 0.40499144
4947.6000 0.40446254
4947.6500 0.40433504
4947.7000 0.40420753
4947.7500 0.40408002
4947.8000 0.40407768
4947.8500 0.41047023
4947.9000 0.41686278
4947.9500 0.42325532
4948.0000 0.42964787
4948.0500 0.43327802
4948.1000 0.43481086
4948.1500 0.43634369
4948.2000 0.43787652
4948.2500 0.43919199
4948.3000 0.43889619
4948.3500 0.4386004
4948.4000 0.4383046
4948.4500 0.43800881
4948.5000 0.43173359
4948.5500 0.42252008
4948.6000 0.41330657
4948.6500 0.40409306
4948.7000 0.39736612
4948.7500 0.39928493
4948.8000 0.40120375
4948.8500 0.40312256
4948.9000 0.40504138
4948.9500 0.40706775
4949.0000 0.4091249
4949.0500 0.41118206
4949.1000 0.41323922
4949.1500 0.41500235
4949.2000 0.41617575
4949.2500 0.41734915
4949.3000 0.41852255
4949.3500 0.41969596
4949.4000 0.42994621
4949.4500 0.44132771
4949.5000 0.45270921
4949.5500 0.46409071
4949.6000 0.4648396
4949.6500 0.4524278
4949.7000 0.440016
4949.7500 0.4276042
4949.8000 0.41524215
4949.8500 0.41144148
4949.9000 0.40764081
4949.9500 0.40384014
4950.0000 0.40003946
4950.0500 0.40298968
4950.1000 0.41111863
4950.1500 0.41924759
4950.2000 0.42737655
4950.2500 0.43383398
4950.3000 0.42882396
4950.3500 0.42381393
4950.4000 0.41880391
4950.4500 0.41379388
4950.5000 0.41420642
4950.5500 0.41705796
4950.6000 0.41990949
4950.6500 0.42276103
4950.7000 0.42434521
4950.7500 0.42219747
4950.8000 0.42004973
4950.8500 0.41790199
4950.9000 0.41575426
4950.9500 0.41901178
4951.0000 0.42346812
4951.0500 0.42792446
4951.1000 0.43238081
4951.1500 0.43397858
4951.2000 0.4310033
4951.2500 0.42802803
4951.3000 0.42505275
4951.3500 0.42207748
4951.4000 0.42199873
4951.4500 0.42206589
4951.5000 0.42213305
4951.5500 0.42220021
4951.6000 0.42335456
4951.6500 0.42550986
4951.7000 0.42766517
4951.7500 0.42982047
4951.8000 0.43150418
4951.8500 0.42844678
4951.9000 0.42538938
4951.9500 0.42233199
4952.0000 0.41927459
4952.0500 0.4112691
4952.1000 0.40073166
4952.1500 0.39019423
4952.2000 0.3796568
4952.2500 0.37467685
4952.3000 0.38791375
4952.3500 0.40115065
4952.4000 0.41438754
4952.4500 0.42762444
4952.5000 0.42326261
4952.5500 0.41469811
4952.6000 0.40613361
4952.6500 0.39756911
4952.7000 0.39327685
4952.7500 0.39589868
4952.8000 0.39852051
4952.8500 0.40114235
4952.9000 0.40376418
4952.9500 0.40220902
4953.0000 0.4004699
4953.0500 0.39873078
4953.1000 0.39699166
4953.1500 0.39795654
4953.2000 0.40127221
4953.2500 0.40458787
4953.3000 0.40790353
4953.3500 0.41057227
4953.4000 0.40817703
4953.4500 0.40578178
4953.5000 0.40338654
4953.5500 0.4009913
4953.6000 0.39823145
4953.6500 0.39530997
4953.7000 0.39238848
4953.7500 0.38946699
4953.8000 0.38817779
4953.8500 0.39122194
4953.9000 0.39426609
4953.9500 0.39731024
4954.0000 0.4003544
4954.0500 0.40818652
4954.1000 0.41682664
4954.1500 0.42546675
4954.2000 0.43410687
4954.2500 0.43739825
4954.3000 0.43384968
4954.3500 0.43030111
4954.4000 0.42675255
4954.4500 0.42316729
4954.5000 0.41804158
4954.5500 0.41291587
4954.6000 0.40779016
4954.6500 0.40266445
4954.7000 0.40326581
4954.7500 0.40754531
4954.8000 0.41182482
4954.8500 0.41610432
4954.9000 0.41922174
4954.9500 0.41756628
4955.0000 0.41591083
4955.0500 0.41425538
4955.1000 0.41259992
4955.1500 0.40711527
4955.2000 0.40057507
4955.2500 0.39403486
4955.3000 0.38749465
4955.3500 0.38665258
4955.4000 0.39537939
4955.4500 0.40410621
4955.5000 0.41283303
4955.5500 0.42155984
4955.6000 0.40939418
4955.6500 0.39644333
4955.7000 0.38349248
4955.7500 0.37054163
4955.8000 0.36972264
4955.8500 0.37860937
4955.9000 0.38749609
4955.9500 0.39638282
4956.0000 0.40355697
4956.0500 0.40091469
4956.1000 0.3982724
4956.1500 0.39563012
4956.2000 0.39298784
4956.2500 0.39254884
4956.3000 0.39287288
4956.3500 0.39319692
4956.4000 0.39352097
4956.4500 0.39509177
4956.5000 0.39910221
4956.5500 0.40311264
4956.6000 0.40712308
4956.6500 0.41113351
4956.7000 0.40623803
4956.7500 0.40072216
4956.8000 0.39520629
4956.8500 0.38969042
4956.9000 0.38450486
4956.9500 0.37960897
4957.0000 0.37471309
4957.0500 0.3698172
4957.1000 0.36593977
4957.1500 0.36876573
4957.2000 0.3715917
4957.2500 0.37441766
4957.3000 0.37724362
4957.3500 0.37916856
4957.4000 0.38076401
4957.4500 0.38235947
4957.5000 0.38395492
4957.5500 0.38538795
4957.6000 0.38649682
4957.6500 0.38760568
4957.7000 0.38871455
4957.7500 0.38982342
4957.8000 0.38728838
4957.8500 0.38450675
4957.9000 0.38172512
4957.9500 0.37894349
4958.0000 0.37630599
4958.0500 0.37379093
4958.1000 0.37127587
4958.1500 0.36876081
4958.2000 0.36695634
4958.2500 0.36931149
4958.3000 0.37166663
4958.3500 0.37402178
4958.4000 0.37637692
4958.4500 0.37941131
4958.5000 0.38266924
4958.5500 0.38592716
4958.6000 0.38918509
4958.6500 0.38977637
4958.7000 0.3856292
4958.7500 0.38148203
4958.8000 0.37733485
4958.8500 0.37318768
4958.9000 0.37216247
4958.9500 0.37123695
4959.0000 0.37031142
4959.0500 0.3693859
4959.1000 0.36960108
4959.1500 0.37064488
4959.2000 0.37168868
4959.2500 0.37273248
4959.3000 0.37340502
4959.3500 0.37250135
4959.4000 0.37159769
4959.4500 0.37069402
4959.5000 0.36979036
4959.5500 0.37286154
4959.6000 0.37690615
4959.6500 0.38095076
4959.7000 0.38499537
4959.7500 0.38696737
4959.8000 0.38604347
4959.8500 0.38511958
4959.9000 0.38419568
4959.9500 0.38329153
4960.0000 0.38297974
4960.0500 0.38266794
4960.1000 0.38235615
4960.1500 0.38204436
4960.2000 0.37889942
4960.2500 0.37421947
4960.3000 0.36953952
4960.3500 0.36485957
4960.4000 0.36417599
4960.4500 0.37451102
4960.5000 0.38484605
4960.5500 0.39518109
4960.6000 0.40551612
4960.6500 0.4017077
4960.7000 0.39606075
4960.7500 0.39041379
4960.8000 0.38476683
4960.8500 0.38150734
4960.9000 0.38058804
4960.9500 0.37966875
4961.0000 0.37874946
4961.0500 0.37867832
4961.1000 0.38447608
4961.1500 0.39027384
4961.2000 0.3960716
4961.2500 0.40186936
4961.3000 0.41236916
4961.3500 0.42444655
4961.4000 0.43652395
4961.4500 0.44860134
4961.5000 0.4520691
4961.5500 0.44103443
4961.6000 0.42999975
4961.6500 0.41896508
4961.7000 0.4079304
4961.7500 0.40949034
4961.8000 0.41108191
4961.8500 0.41267348
4961.9000 0.41426505
4961.9500 0.41356772
4962.0000 0.41148945
4962.0500 0.40941119
4962.1000 0.40733293
4962.1500 0.40699623
4962.2000 0.41185205
4962.2500 0.41670788
4962.3000 0.42156371
4962.3500 0.42641954
4962.4000 0.42468939
4962.4500 0.42205986
4962.5000 0.41943032
4962.5500 0.41680079
4962.6000 0.41287492
4962.6500 0.40770243
4962.7000 0.40252994
4962.7500 0.39735745
4962.8000 0.3933047
4962.8500 0.39607721
4962.9000 0.39884972
4962.9500 0.40162222
4963.0000 0.40439473
4963.0500 0.404609
4963.1000 0.40407348
4963.1500 0.40353795
4963.2000 0.40300242
4963.2500 0.40338469
4963.3000 0.40510429
4963.3500 0.4068239
4963.4000 0.4085435
4963.4500 0.41022109
4963.5000 0.41093724
4963.5500 0.4116534
4963.6000 0.41236955
4963.6500 0.4130857
4963.7000 0.41406708
4963.7500 0.41517442
4963.8000 0.41628177
4963.8500 0.41738912
4963.9000 0.41714405
4963.9500 0.41396272
4964.0000 0.4107814
4964.0500 0.40760007
4964.1000 0.40441875
4964.1500 0.4068407
4964.2000 0.40953314
4964.2500 0.41222558
4964.3000 0.41491803
4964.3500 0.41414492
4964.4000 0.41100108
4964.4500 0.40785724
4964.5000 0.40471339
4964.5500 0.40169538
4964.6000 0.39908726
4964.6500 0.39647914
4964.7000 0.39387102
4964.7500 0.3912629
4964.8000 0.40026938
4964.8500 0.41090165
4964.9000 0.42153392
4964.9500 0.43216619
4965.0000 0.43371672
4965.0500 0.42691029
4965.1000 0.42010386
4965.1500 0.41329743
4965.2000 0.40780733
4965.2500 0.4089499
4965.3000 0.41009247
4965.3500 0.41123504
4965.4000 0.41237761
4965.4500 0.41319108
4965.5000 0.41392818
4965.5500 0.41466529
4965.6000 0.41540239
4965.6500 0.41371821
4965.7000 0.40917972
4965.7500 0.40464122
4965.8000 0.40010273
4965.8500 0.39581256
4965.9000 0.39358389
4965.9500 0.39135522
4966.0000 0.38912655
4966.0500 0.38689789
4966.1000 0.39141316
4966.1500 0.39808973
4966.2000 0.40476631
4966.2500 0.41144289
4966.3000 0.41378828
4966.3500 0.40985802
4966.4000 0.40592775
4966.4500 0.40199749
4966.5000 0.39812099
4966.5500 0.39507765
4966.6000 0.39203431
4966.6500 0.38899097
4966.7000 0.38594763
4966.7500 0.38711524
4966.8000 0.38996832
4966.8500 0.3928214
4966.9000 0.39567447
4966.9500 0.3976735
4967.0000 0.39821166
4967.0500 0.39874981
4967.1000 0.39928797
4967.1500 0.3998625
4967.2000 0.40185778
4967.2500 0.40385306
4967.3000 0.40584834
4967.3500 0.40784362
4967.4000 0.408129
4967.4500 0.40761796
4967.5000 0.40710692
4967.5500 0.40659588
4967.6000 0.40654899
4967.6500 0.40740009
4967.7000 0.40825119
4967.7500 0.40910228
4967.8000 0.40995053
4967.8500 0.40540492
4967.9000 0.4008593
4967.9500 0.39631369
4968.0000 0.39176807
4968.0500 0.39310613
4968.1000 0.39745431
4968.1500 0.40180249
4968.2000 0.40615066
4968.2500 0.40839197
4968.3000 0.40623382
4968.3500 0.40407567
4968.4000 0.40191752
4968.4500 0.39975937
4968.5000 0.3994108
4968.5500 0.39908544
4968.6000 0.39876008
4968.6500 0.39843472
4968.7000 0.40168457
4968.7500 0.40684173
4968.8000 0.41199888
4968.8500 0.41715604
4968.9000 0.41901341
4968.9500 0.41379826
4969.0000 0.40858312
4969.0500 0.40336798
4969.1000 0.39815284
4969.1500 0.40388309
4969.2000 0.40977542
4969.2500 0.41566774
4969.3000 0.42156007
4969.3500 0.41864743
4969.4000 0.41107519
4969.4500 0.40350296
4969.5000 0.39593072
4969.5500 0.39269878
4969.6000 0.39853433
4969.6500 0.40436988
4969.7000 0.41020543
4969.7500 0.41604098
4969.8000 0.41340356
4969.8500 0.41072139
4969.9000 0.40803922
4969.9500 0.40535705
4970.0000 0.40360861
4970.0500 0.40232626
4970.1000 0.40104392
4970.1500 0.39976157
4970.2000 0.39733071
4970.2500 0.39267608
4970.3000 0.38802144
4970.3500 0.3833668
4970.4000 0.37895029
4970.4500 0.38979089
4970.5000 0.40063149
4970.5500 0.4114721
4970.6000 0.4223127
4970.6500 0.42222454
4970.7000 0.4172588
4970.7500 0.41229307
4970.8000 0.40732733
4970.8500 0.40443938
4970.9000 0.40510873
4970.9500 0.40577809
4971.0000 0.40644745
4971.0500 0.40700678
4971.1000 0.40534921
4971.1500 0.40369163
4971.2000 0.40203406
4971.2500 0.40037648
4971.3000 0.40136752
4971.3500 0.40335267
4971.4000 0.40533781
4971.4500 0.40732295
4971.5000 0.40718659
4971.5500 0.40397414
4971.6000 0.4007617
4971.6500 0.39754926
4971.7000 0.39505774
4971.7500 0.39981111
4971.8000 0.40456448
4971.8500 0.40931785
4971.9000 0.41407122
4971.9500 0.41505481
4972.0000 0.41493825
4972.0500 0.41482169
4972.1000 0.41470513
4972.1500 0.41506589
4972.2000 0.41598936
4972.2500 0.41691284
4972.3000 0.41783632
4972.3500 0.41904943
4972.4000 0.42196978
4972.4500 0.42489014
4972.5000 0.42781049
4972.5500 0.43073084
4972.6000 0.4276311
4972.6500 0.42331931
4972.7000 0.41900752
4972.7500 0.41469573
4972.8000 0.41283583
4972.8500 0.41322988
4972.9000 0.41362393
4972.9500 0.41401798
4973.0000 0.41451169
4973.0500 0.41537826
4973.1000 0.41624482
4973.1500 0.41711139
4973.2000 0.41797796
4973.2500 0.42358472
4973.3000 0.42970614
4973.3500 0.43582757
4973.4000 0.44194899
4973.4500 0.43850859
4973.5000 0.42854527
4973.5500 0.41858195
4973.6000 0.40861863
4973.6500 0.4026827
4973.7000 0.40669695
4973.7500 0.41071119
4973.8000 0.41472544
4973.8500 0.41873969
4973.9000 0.42227958
4973.9500 0.4258113
4974.0000 0.42934302
4974.0500 0.43287473
4974.1000 0.43043529
4974.1500 0.42517621
4974.2000 0.41991713
4974.2500 0.41465805
4974.3000 0.41196658
4974.3500 0.41352346
4974.4000 0.41508034
4974.4500 0.41663722
4974.5000 0.41812292
4974.5500 0.41873604
4974.6000 0.41934916
4974.6500 0.41996228
4974.7000 0.4205754
4974.7500 0.42221187
4974.8000 0.42414476
4974.8500 0.42607765
4974.9000 0.42801054
4974.9500 0.42921789
4975.0000 0.42962863
4975.0500 0.43003936
4975.1000 0.43045009
4975.1500 0.43029908
4975.2000 0.42757432
4975.2500 0.42484956
4975.3000 0.42212481
4975.3500 0.41940005
4975.4000 0.42156
4975.4500 0.42436762
4975.5000 0.42717524
4975.5500 0.42998285
4975.6000 0.43267631
4975.6500 0.43528977
4975.7000 0.43790323
4975.7500 0.44051669
4975.8000 0.4413922
4975.8500 0.43809988
4975.9000 0.43480755
4975.9500 0.43151522
4976.0000 0.42822129
4976.0500 0.42406094
4976.1000 0.41990059
4976.1500 0.41574024
4976.2000 0.41157989
4976.2500 0.41393898
4976.3000 0.41895202
4976.3500 0.42396505
4976.4000 0.42897809
4976.4500 0.43194651
4976.5000 0.43210067
4976.5500 0.43225482
4976.6000 0.43240898
4976.6500 0.43303687
4976.7000 0.43677529
4976.7500 0.44051371
4976.8000 0.44425213
4976.8500 0.44799054
4976.9000 0.44641394
4976.9500 0.44386103
4977.0000 0.44130812
4977.0500 0.43875521
4977.1000 0.43710633
4977.1500 0.43617144
4977.2000 0.43523655
4977.2500 0.43430165
4977.3000 0.43315779
4977.3500 0.43145998
4977.4000 0.42976217
4977.4500 0.42806436
4977.5000 0.42636655
4977.5500 0.42845038
4977.6000 0.43057101
4977.6500 0.43269164
4977.7000 0.43481227
4977.7500 0.43469349
4977.8000 0.43365147
4977.8500 0.43260945
4977.9000 0.43156743
4977.9500 0.42819816
4978.0000 0.42170682
4978.0500 0.41521548
4978.1000 0.40872415
4978.1500 0.40421055
4978.2000 0.41114249
4978.2500 0.41807443
4978.3000 0.42500637
4978.3500 0.43193831
4978.4000 0.43183149
4978.4500 0.43066239
4978.5000 0.42949329
4978.5500 0.42832419
4978.6000 0.42825877
4978.6500 0.42895502
4978.7000 0.42965127
4978.7500 0.43034752
4978.8000 0.43074209
4978.8500 0.4304829
4978.9000 0.4302237
4978.9500 0.42996451
4979.0000 0.42957381
4979.0500 0.42611545
4979.1000 0.42265709
4979.1500 0.41919872
4979.2000 0.41574036
4979.2500 0.41360917
4979.3000 0.41187949
4979.3500 0.41014981
4979.4000 0.40842014
4979.4500 0.40988772
4979.5000 0.41460891
4979.5500 0.4193301
4979.6000 0.42405129
4979.6500 0.42637178
4979.7000 0.42041404
4979.7500 0.41445629
4979.8000 0.40849855
4979.8500 0.40254081
4979.9000 0.4040875
4979.9500 0.4059857
4980.0000 0.40788391
4980.0500 0.40978211
4980.1000 0.40708687
4980.1500 0.40229865
4980.2000 0.39751042
4980.2500 0.3927222
4980.3000 0.39091064
4980.3500 0.39321008
4980.4000 0.39550952
4980.4500 0.39780896
4980.5000 0.40086163
4980.5500 0.40804412
4980.6000 0.41522661
4980.6500 0.42240911
4980.7000 0.4295916
4980.7500 0.42449811
4980.8000 0.41788435
4980.8500 0.4112706
4980.9000 0.40465684
4980.9500 0.40182372
4981.0000 0.40124317
4981.0500 0.40066263
4981.1000 0.40008209
4981.1500 0.40085648
4981.2000 0.40399068
4981.2500 0.40712487
4981.3000 0.41025907
4981.3500 0.41278159
4981.4000 0.41004143
4981.4500 0.40730126
4981.5000 0.4045611
4981.5500 0.40182093
4981.6000 0.40134328
4981.6500 0.4012813
4981.7000 0.40121932
4981.7500 0.40115734
4981.8000 0.40112016
4981.8500 0.40110043
4981.9000 0.4010807
4981.9500 0.40106097
4982.0000 0.39992387
4982.0500 0.39651771
4982.1000 0.39311156
4982.1500 0.3897054
4982.2000 0.38655321
4982.2500 0.38655786
4982.3000 0.38656252
4982.3500 0.38656717
4982.4000 0.38657183
4982.4500 0.38828248
4982.5000 0.39036701
4982.5500 0.39245154
4982.6000 0.39453607
4982.6500 0.39272461
4982.7000 0.38794157
4982.7500 0.38315852
4982.8000 0.37837547
4982.8500 0.37546119
4982.9000 0.37659862
4982.9500 0.37773604
4983.0000 0.37887347
4983.0500 0.37973562
4983.1000 0.37665574
4983.1500 0.37357586
4983.2000 0.37049598
4983.2500 0.36741609
4983.3000 0.37154756
4983.3500 0.37730317
4983.4000 0.38305878
4983.4500 0.38881439
4983.5000 0.39018907
4983.5500 0.3882368
4983.6000 0.38628453
4983.6500 0.38433225
4983.7000 0.3841577
4983.7500 0.38772898
4983.8000 0.39130026
4983.8500 0.39487154
4983.9000 0.39777439
4983.9500 0.39261955
4984.0000 0.3874647
4984.0500 0.38230986
4984.1000 0.37715502
4984.1500 0.37383412
4984.2000 0.37088183
4984.2500 0.36792955
4984.3000 0.36497726
4984.3500 0.36371049
4984.4000 0.36361517
4984.4500 0.36351985
4984.5000 0.36342453
4984.5500 0.36357677
4984.6000 0.36419165
4984.6500 0.36480653
4984.7000 0.36542142
4984.7500 0.36571166
4984.8000 0.36333381
4984.8500 0.36095595
4984.9000 0.35857809
4984.9500 0.35620024
4985.0000 0.36261434
4985.0500 0.37034616
4985.1000 0.37807799
4985.1500 0.38580982
4985.2000 0.38478517
4985.2500 0.37866456
4985.3000 0.37254396
4985.3500 0.36642336
4985.4000 0.3643136
4985.4500 0.36832446
4985.5000 0.37233532
4985.5500 0.37634619
4985.6000 0.37890392
4985.6500 0.37388477
4985.7000 0.36886563
4985.7500 0.36384649
4985.8000 0.35882735
4985.8500 0.35636382
4985.9000 0.35410079
4985.9500 0.35183776
4986.0000 0.34957473
4986.0500 0.35382378
4986.1000 0.36093239
4986.1500 0.368041
4986.2000 0.37514961
4986.2500 0.37724441
4986.3000 0.37354223
4986.3500 0.36984004
4986.4000 0.36613786
4986.4500 0.36427595
4986.5000 0.36843909
4986.5500 0.37260223
4986.6000 0.37676537
4986.6500 0.38090702
4986.7000 0.3811344
4986.7500 0.38136178
4986.8000 0.38158917
4986.8500 0.38181655
4986.9000 0.3846349
4986.9500 0.38819156
4987.0000 0.39174823
4987.0500 0.3953049
4987.1000 0.39563488
4987.1500 0.39334928
4987.2000 0.39106369
4987.2500 0.3887781
4987.3000 0.38829631
4987.3500 0.39151587
4987.4000 0.39473542
4987.4500 0.39795498
4987.5000 0.40156232
4987.5500 0.40849961
4987.6000 0.4154369
4987.6500 0.42237419
4987.7000 0.42931148
4987.7500 0.42329466
4987.8000 0.41554887
4987.8500 0.40780307
4987.9000 0.40005727
4987.9500 0.39705646
4988.0000 0.39648395
4988.0500 0.39591145
4988.1000 0.39533894
4988.1500 0.39634393
4988.2000 0.39934038
4988.2500 0.40233683
4988.3000 0.40533329
4988.3500 0.40761519
4988.4000 0.40741919
4988.4500 0.4072232
4988.5000 0.4070272
4988.5500 0.40685165
4988.6000 0.40960509
4988.6500 0.41235853
4988.7000 0.41511197
4988.7500 0.41786542
4988.8000 0.41548916
4988.8500 0.41176033
4988.9000 0.40803149
4988.9500 0.40430265
4989.0000 0.40382341
4989.0500 0.40572603
4989.1000 0.40762866
4989.1500 0.40953128
4989.2000 0.40888453
4989.2500 0.40378414
4989.3000 0.39868374
4989.3500 0.39358335
4989.4000 0.38941353
4989.4500 0.3904221
4989.5000 0.39143066
4989.5500 0.39243922
4989.6000 0.39344779
4989.6500 0.39965125
4989.7000 0.40617506
4989.7500 0.41269886
4989.8000 0.41922266
4989.8500 0.4229886
4989.9000 0.42574896
4989.9500 0.42850931
4990.0000 0.43126966
4990.0500 0.42981184
4990.1000 0.42453732
4990.1500 0.41926279
4990.2000 0.41398826
4990.2500 0.41098194
4990.3000 0.41282978
4990.3500 0.41467763
4990.4000 0.41652548
4990.4500 0.41754597
4990.5000 0.41208743
4990.5500 0.40662888
4990.6000 0.40117034
4990.6500 0.3957118
4990.7000 0.39657279
4990.7500 0.39806404
4990.8000 0.3995553
4990.8500 0.40104655
4990.9000 0.40033743
4990.9500 0.39871503
4991.0000 0.39709263
4991.0500 0.39547023
4991.1000 0.39566449
4991.1500 0.39763688
4991.2000 0.39960928
4991.2500 0.40158168
4991.3000 0.40255359
4991.3500 0.40124928
4991.4000 0.39994496
4991.4500 0.39864064
4991.5000 0.39753685
4991.5500 0.39811361
4991.6000 0.39869038
4991.6500 0.39926715
4991.7000 0.39984391
4991.7500 0.40281017
4991.8000 0.40601513
4991.8500 0.40922008
4991.9000 0.41242504
4991.9500 0.40920457
4992.0000 0.40339831
4992.0500 0.39759205
4992.1000 0.3917858
4992.1500 0.39046133
4992.2000 0.39330341
4992.2500 0.39614549
4992.3000 0.39898758
4992.3500 0.40112328
4992.4000 0.40178987
4992.4500 0.40245647
4992.5000 0.40312307
4992.5500 0.40407922
4992.6000 0.40693145
4992.6500 0.40978368
4992.7000 0.41263591
4992.7500 0.41548814
4992.8000 0.41374411
4992.8500 0.41171483
4992.9000 0.40968555
4992.9500 0.40765627
4993.0000 0.40520147
4993.0500 0.40260631
4993.1000 0.40001114
4993.1500 0.39741598
4993.2000 0.39885562
4993.2500 0.40341893
4993.3000 0.40798224
4993.3500 0.41254555
4993.4000 0.41287851
4993.4500 0.40620984
4993.5000 0.39954117
4993.5500 0.39287251
4993.6000 0.38703592
4993.6500 0.38472518
4993.7000 0.38241445
4993.7500 0.38010371
4993.8000 0.37786331
4993.8500 0.38631129
4993.9000 0.39475927
4993.9500 0.40320726
4994.0000 0.41165524
4994.0500 0.40904878
4994.1000 0.40407218
4994.1500 0.39909558
4994.2000 0.39411898
4994.2500 0.3918182
4994.3000 0.39101173
4994.3500 0.39020526
4994.4000 0.3893988
4994.4500 0.39113775
4994.5000 0.39585057
4994.5500 0.40056339
4994.6000 0.40527622
4994.6500 0.40841678
4994.7000 0.40755453
4994.7500 0.40669227
4994.8000 0.40583002
4994.8500 0.40461797
4994.9000 0.40039721
4994.9500 0.39617646
4995.0000 0.3919557
4995.0500 0.38773495
4995.1000 0.39101578
4995.1500 0.39488215
4995.2000 0.39874851
4995.2500 0.40261488
4995.3000 0.40312171
4995.3500 0.4025227
4995.4000 0.40192369
4995.4500 0.40132468
4995.5000 0.40141386
4995.5500 0.40200465
4995.6000 0.40259544
4995.6500 0.40318623
4995.7000 0.40379568
4995.7500 0.40443247
4995.8000 0.40506925
4995.8500 0.40570604
4995.9000 0.40488231
4995.9500 0.39928998
4996.0000 0.39369764
4996.0500 0.38810531
4996.1000 0.38300713
4996.1500 0.38508127
4996.2000 0.38715541
4996.2500 0.38922955
4996.3000 0.39130369
4996.3500 0.3982771
4996.4000 0.40582065
4996.4500 0.4133642
4996.5000 0.42090775
4996.5500 0.42062057
4996.6000 0.41741313
4996.6500 0.4142057
4996.7000 0.41099826
4996.7500 0.4093243
4996.8000 0.40884401
4996.8500 0.40836372
4996.9000 0.40788343
4996.9500 0.40721432
4997.0000 0.40625907
4997.0500 0.40530381
4997.1000 0.40434856
4997.1500 0.40439008
4997.2000 0.40769298
4997.2500 0.41099588
4997.3000 0.41429878
4997.3500 0.41710387
4997.4000 0.41348767
4997.4500 0.40987147
4997.5000 0.40625528
4997.5500 0.40263908
4997.6000 0.40276579
4997.6500 0.4032576
4997.7000 0.40374942
4997.7500 0.40424123
4997.8000 0.40702459
4997.8500 0.41056523
4997.9000 0.41410587
4997.9500 0.41764651
4998.0000 0.41890998
4998.0500 0.41861325
4998.1000 0.41831651
4998.1500 0.41801977
4998.2000 0.41592084
4998.2500 0.41149571
4998.3000 0.40707058
4998.3500 0.40264544
4998.4000 0.40028215
4998.4500 0.40319525
4998.5000 0.40610835
4998.5500 0.40902144
4998.6000 0.41113793
4998.6500 0.40776473
4998.7000 0.40439154
4998.7500 0.40101834
4998.8000 0.39764515
4998.8500 0.39865683
4998.9000 0.39978654
4998.9500 0.40091625
4999.0000 0.40204596
4999.0500 0.40257731
4999.1000 0.40297925
4999.1500 0.40338119
4999.2000 0.40378312
4999.2500 0.40050612
4999.3000 0.39543239
4999.3500 0.39035867
4999.4000 0.38528495
4999.4500 0.38390232
4999.5000 0.38588762
4999.5500 0.38787292
4999.6000 0.38985821
4999.6500 0.39257159
4999.7000 0.39649726
4999.7500 0.40042293
4999.8000 0.4043486
4999.8500 0.4069349
4999.9000 0.40500873
4999.9500 0.40308257
5000.0000 0.40115641
5000.0500 0.39935883
5000.1000 0.39896608
5000.1500 0.39857333
5000.2000 0.39818058
5000.2500 0.39778783
5000.3000 0.39779218
5000.3500 0.39782181
5000.4000 0.39785144
5000.4500 0.39788107
5000.5000 0.39514205
5000.5500 0.39170116
5000.6000 0.38826026
5000.6500 0.38481936
5000.7000 0.38598564
5000.7500 0.38956046
5000.8000 0.39313529
5000.8500 0.39671011
5000.9000 0.39744006
5000.9500 0.39551166
5001.0000 0.39358327
5001.0500 0.39165488
5001.1000 0.38964189
5001.1500 0.38749003
5001.2000 0.38533816
5001.2500 0.38318629
5001.3000 0.38080753
5001.3500 0.37771584
5001.4000 0.37462416
5001.4500 0.37153247
5001.5000 0.3692515
5001.5500 0.37383434
5001.6000 0.37841719
5001.6500 0.38300003
5001.7000 0.38758288
5001.7500 0.38658412
5001.8000 0.38541972
5001.8500 0.38425532
5001.9000 0.38309092
5001.9500 0.38029311
5002.0000 0.37717963
5002.0500 0.37406615
5002.1000 0.37095267
5002.1500 0.36953834
5002.2000 0.3688308
5002.2500 0.36812326
5002.3000 0.36741572
5002.3500 0.37038786
5002.4000 0.37607148
5002.4500 0.3817551
5002.5000 0.38743872
5002.5500 0.38932528
5002.6000 0.38650641
5002.6500 0.38368754
5002.7000 0.38086867
5002.7500 0.37763401
5002.8000 0.37351065
5002.8500 0.3693873
5002.9000 0.36526395
5002.9500 0.3621966
5003.0000 0.36356667
5003.0500 0.36493674
5003.1000 0.36630681
5003.1500 0.36766123
5003.2000 0.3687977
5003.2500 0.36993418
5003.3000 0.37107066
5003.3500 0.37220714
5003.4000 0.37126878
5003.4500 0.37020544
5003.5000 0.36914209
5003.5500 0.36807875
5003.6000 0.36551675
5003.6500 0.36262722
5003.7000 0.35973769
5003.7500 0.35684816
5003.8000 0.35935082
5003.8500 0.36417058
5003.9000 0.36899034
5003.9500 0.37381011
5004.0000 0.37698546
5004.0500 0.37896788
5004.1000 0.3809503
5004.1500 0.38293273
5004.2000 0.38379629
5004.2500 0.38335174
5004.3000 0.38290719
5004.3500 0.38246263
5004.4000 0.38226204
5004.4500 0.38252712
5004.5000 0.38279219
5004.5500 0.38305726
5004.6000 0.38214535
5004.6500 0.37724582
5004.7000 0.37234629
5004.7500 0.36744676
5004.8000 0.36373526
5004.8500 0.36931863
5004.9000 0.374902
5004.9500 0.38048537
5005.0000 0.38606826
5005.0500 0.38657565
5005.1000 0.38708305
5005.1500 0.38759044
5005.2000 0.38809784
5005.2500 0.38284948
5005.3000 0.37687658
5005.3500 0.37090367
5005.4000 0.36493077
5005.4500 0.36597746
5005.5000 0.36903157
5005.5500 0.37208568
5005.6000 0.3751398
5005.6500 0.37126357
5005.7000 0.3639488
5005.7500 0.35663403
5005.8000 0.34931927
5005.8500 0.35137725
5005.9000 0.36078554
5005.9500 0.37019383
5006.0000 0.37960212
5006.0500 0.3824728
5006.1000 0.37747764
5006.1500 0.37248248
5006.2000 0.36748731
5006.2500 0.36273603
5006.3000 0.35844038
5006.3500 0.35414473
5006.4000 0.34984908
5006.4500 0.34795282
5006.5000 0.35346118
5006.5500 0.35896954
5006.6000 0.3644779
5006.6500 0.36930927
5006.7000 0.37005532
5006.7500 0.37080136
5006.8000 0.37154741
5006.8500 0.37222043
5006.9000 0.37118145
5006.9500 0.37014248
5007.0000 0.3691035
5007.0500 0.36806453
5007.1000 0.36477325
5007.1500 0.36134077
5007.2000 0.35790828
5007.2500 0.35447579
5007.3000 0.36262394
5007.3500 0.37293815
5007.4000 0.38325237
5007.4500 0.39356658
5007.5000 0.38866834
5007.5500 0.37856837
5007.6000 0.36846841
5007.6500 0.35836844
5007.7000 0.35573253
5007.7500 0.35712831
5007.8000 0.35852408
5007.8500 0.35991986
5007.9000 0.36115041
5007.9500 0.36224831
5008.0000 0.36334621
5008.0500 0.36444411
5008.1000 0.3672702
5008.1500 0.3721129
5008.2000 0.37695559
5008.2500 0.38179829
5008.3000 0.38380394
5008.3500 0.38097061
5008.4000 0.37813729
5008.4500 0.37530397
5008.5000 0.37313903
5008.5500 0.372701
5008.6000 0.37226296
5008.6500 0.37182492
5008.7000 0.37238983
5008.7500 0.37723531
5008.8000 0.38208079
5008.8500 0.38692627
5008.9000 0.39134728
5008.9500 0.39202917
5009.0000 0.39271106
5009.0500 0.39339295
5009.1000 0.39401924
5009.1500 0.39109247
5009.2000 0.38816571
5009.2500 0.38523895
5009.3000 0.38231219
5009.3500 0.38310525
5009.4000 0.38417738
5009.4500 0.38524952
5009.5000 0.38632165
5009.5500 0.38487466
5009.6000 0.38297034
5009.6500 0.38106602
5009.7000 0.37916169
5009.7500 0.37587189
5009.8000 0.37215371
5009.8500 0.36843553
5009.9000 0.36471734
5009.9500 0.36797744
5010.0000 0.37448151
5010.0500 0.38098558
5010.1000 0.38748966
5010.1500 0.39082354
5010.2000 0.39206867
5010.2500 0.39331379
5010.3000 0.39455892
5010.3500 0.39541738
5010.4000 0.39592504
5010.4500 0.3964327
5010.5000 0.39694035
5010.5500 0.39590768
5010.6000 0.39297072
5010.6500 0.39003377
5010.7000 0.38709681
5010.7500 0.38418221
5010.8000 0.38130545
5010.8500 0.37842869
5010.9000 0.37555194
5010.9500 0.37525175
5011.0000 0.38105335
5011.0500 0.38685496
5011.1000 0.39265656
5011.1500 0.3968321
5011.2000 0.39536708
5011.2500 0.39390207
5011.3000 0.39243705
5011.3500 0.3911369
5011.4000 0.39075651
5011.4500 0.39037612
5011.5000 0.38999574
5011.5500 0.38986582
5011.6000 0.39255638
5011.6500 0.39524694
5011.7000 0.39793751
5011.7500 0.40052219
5011.8000 0.3947226
5011.8500 0.38892302
5011.9000 0.38312344
5011.9500 0.37732385
5012.0000 0.38354608
5012.0500 0.39047166
5012.1000 0.39739724
5012.1500 0.40432282
5012.2000 0.40101606
5012.2500 0.39629188
5012.3000 0.39156769
5012.3500 0.38684351
5012.4000 0.38480658
5012.4500 0.38338662
5012.5000 0.38196666
5012.5500 0.3805467
5012.6000 0.37811368
5012.6500 0.37534221
5012.7000 0.37257074
5012.7500 0.36979927
5012.8000 0.36932295
5012.8500 0.36989125
5012.9000 0.37045955
5012.9500 0.37102785
5013.0000 0.37109778
5013.0500 0.37087023
5013.1000 0.37064268
5013.1500 0.37041513
5013.2000 0.37268671
5013.2500 0.3768703
5013.3000 0.38105389
5013.3500 0.38523748
5013.4000 0.38263592
5013.4500 0.37346912
5013.5000 0.36430233
5013.5500 0.35513553
5013.6000 0.3507437
5013.6500 0.35215802
5013.7000 0.35357234
5013.7500 0.35498666
5013.8000 0.35646585
5013.8500 0.35804413
5013.9000 0.35962241
5013.9500 0.36120069
5014.0000 0.36288094
5014.0500 0.36475793
5014.1000 0.36663491
5014.1500 0.3685119
5014.2000 0.36854127
5014.2500 0.36401369
5014.3000 0.35948611
5014.3500 0.35495853
5014.4000 0.35231109
5014.4500 0.35571921
5014.5000 0.35912733
5014.5500 0.36253546
5014.6000 0.36564678
5014.6500 0.36746531
5014.7000 0.36928384
5014.7500 0.37110237
5014.8000 0.37288083
5014.8500 0.37440871
5014.9000 0.3759366
5014.9500 0.37746449
5015.0000 0.37902359
5015.0500 0.38089701
5015.1000 0.38277044
5015.1500 0.38464386
5015.2000 0.38579305
5015.2500 0.37127841
5015.3000 0.35676377
5015.3500 0.34224913
5015.4000 0.32773449
5015.4500 0.33174046
5015.5000 0.33575769
5015.5500 0.33977491
5015.6000 0.34379214
5015.6500 0.35229339
5015.7000 0.36100127
5015.7500 0.36970916
5015.8000 0.37841704
5015.8500 0.37552733
5015.9000 0.37154435
5015.9500 0.36756137
5016.0000 0.36357839
5016.0500 0.36452599
5016.1000 0.36619012
5016.1500 0.36785425
5016.2000 0.36951838
5016.2500 0.37132823
5016.3000 0.37316714
5016.3500 0.37500605
5016.4000 0.37684496
5016.4500 0.37414956
5016.5000 0.37029001
5016.5500 0.36643045
5016.6000 0.3625709
5016.6500 0.36296515
5016.7000 0.36470982
5016.7500 0.36645449
5016.8000 0.36819916
5016.8500 0.36658861
5016.9000 0.36369721
5016.9500 0.36080581
5017.0000 0.35791441
5017.0500 0.35818975
5017.1000 0.3598894
5017.1500 0.36158906
5017.2000 0.36328872
5017.2500 0.35889025
5017.3000 0.35131044
5017.3500 0.34373063
5017.4000 0.33615082
5017.4500 0.33797052
5017.5000 0.34540781
5017.5500 0.35284511
5017.6000 0.36028241
5017.6500 0.35921145
5017.7000 0.352374
5017.7500 0.34553655
5017.8000 0.3386991
5017.8500 0.33782029
5017.9000 0.34148246
5017.9500 0.34514463
5018.0000 0.3488068
5018.0500 0.34971632
5018.1000 0.34828424
5018.1500 0.34685217
5018.2000 0.34542009
5018.2500 0.34330338
5018.3000 0.34054072
5018.3500 0.33777806
5018.4000 0.3350154
5018.4500 0.33486787
5018.5000 0.33744121
5018.5500 0.34001456
5018.6000 0.34258791
5018.6500 0.34281827
5018.7000 0.34037458
5018.7500 0.33793088
5018.8000 0.33548718
5018.8500 0.33429551
5018.9000 0.33466359
5018.9500 0.33503167
5019.0000 0.33539974
5019.0500 0.33729648
5019.1000 0.3412621
5019.1500 0.34522773
5019.2000 0.34919336
5019.2500 0.35023496
5019.3000 0.34699701
5019.3500 0.34375906
5019.4000 0.34052111
5019.4500 0.33827709
5019.5000 0.33759902
5019.5500 0.33692094
5019.6000 0.33624287
5019.6500 0.33546855
5019.7000 0.33453174
5019.7500 0.33359494
5019.8000 0.33265814
5019.8500 0.33396061
5019.9000 0.33929482
5019.9500 0.34462903
5020.0000 0.34996324
5020.0500 0.35150959
5020.1000 0.34581768
5020.1500 0.34012577
5020.2000 0.33443386
5020.2500 0.32977049
5020.3000 0.32718266
5020.3500 0.32459484
5020.4000 0.32200702
5020.4500 0.32088871
5020.5000 0.32288557
5020.5500 0.32488242
5020.6000 0.32687927
5020.6500 0.32976805
5020.7000 0.33463218
5020.7500 0.33949631
5020.8000 0.34436044
5020.8500 0.34813869
5020.9000 0.3494189
5020.9500 0.3506991
5021.0000 0.3519793
5021.0500 0.35188122
5021.1000 0.34850916
5021.1500 0.3451371
5021.2000 0.34176504
5021.2500 0.33959386
5021.3000 0.34034991
5021.3500 0.34110596
5021.4000 0.34186201
5021.4500 0.34220902
5021.5000 0.34153942
5021.5500 0.34086982
5021.6000 0.34020022
5021.6500 0.33927025
5021.7000 0.33768477
5021.7500 0.33609929
5021.8000 0.33451382
5021.8500 0.33469474
5021.9000 0.33935022
5021.9500 0.3440057
5022.0000 0.34866119
5022.0500 0.35260566
5022.1000 0.35475003
5022.1500 0.3568944
5022.2000 0.35903876
5022.2500 0.36333405
5022.3000 0.3730354
5022.3500 0.38273675
5022.4000 0.3924381
5022.4500 0.39814944
5022.5000 0.3939714
5022.5500 0.38979336
5022.6000 0.38561532
5022.6500 0.38133386
5022.7000 0.37680124
5022.7500 0.37226862
5022.8000 0.367736
5022.8500 0.36453773
5022.9000 0.36449353
5022.9500 0.36444932
5023.0000 0.36440512
5023.0500 0.36538431
5023.1000 0.36870376
5023.1500 0.37202322
5023.2000 0.37534268
5023.2500 0.37746696
5023.3000 0.37696285
5023.3500 0.37645874
5023.4000 0.37595463
5023.4500 0.37581347
5023.5000 0.37643554
5023.5500 0.37705762
5023.6000 0.37767969
5023.6500 0.37747867
5023.7000 0.37563167
5023.7500 0.37378467
5023.8000 0.37193767
5023.8500 0.37228165
5023.9000 0.37677047
5023.9500 0.38125929
5024.0000 0.38574811
5024.0500 0.38508873
5024.1000 0.37526226
5024.1500 0.36543579
5024.2000 0.35560932
5024.2500 0.35146726
5024.3000 0.35680634
5024.3500 0.36214542
5024.4000 0.3674845
5024.4500 0.3708945
5024.5000 0.3713048
5024.5500 0.37171511
5024.6000 0.37212541
5024.6500 0.37097311
5024.7000 0.36756598
5024.7500 0.36415885
5024.8000 0.36075172
5024.8500 0.35910409
5024.9000 0.35980172
5024.9500 0.36049935
5025.0000 0.36119698
5025.0500 0.36505983
5025.1000 0.37280159
5025.1500 0.38054334
5025.2000 0.3882851
5025.2500 0.38864721
5025.3000 0.3807345
5025.3500 0.37282179
5025.4000 0.36490908
5025.4500 0.36230918
5025.5000 0.36513265
5025.5500 0.36795611
5025.6000 0.37077957
5025.6500 0.37323477
5025.7000 0.37534959
5025.7500 0.3774644
5025.8000 0.37957922
5025.8500 0.38109369
5025.9000 0.3821087
5025.9500 0.38312371
5026.0000 0.38413872
5026.0500 0.3811179
5026.1000 0.375095
5026.1500 0.36907211
5026.2000 0.36304922
5026.2500 0.36045547
5026.3000 0.3601251
5026.3500 0.35979473
5026.4000 0.35946437
5026.4500 0.36258406
5026.5000 0.3677064
5026.5500 0.37282874
5026.6000 0.37795108
5026.6500 0.37662715
5026.7000 0.37204759
5026.7500 0.36746803
5026.8000 0.36288847
5026.8500 0.36290969
5026.9000 0.36492603
5026.9500 0.36694236
5027.0000 0.3689587
5027.0500 0.37011981
5027.1000 0.37096779
5027.1500 0.37181577
5027.2000 0.37266375
5027.2500 0.37499879
5027.3000 0.37778345
5027.3500 0.38056811
5027.4000 0.38335277
5027.4500 0.38292108
5027.5000 0.38171061
5027.5500 0.38050014
5027.6000 0.37928967
5027.6500 0.37701193
5027.7000 0.37453644
5027.7500 0.37206096
5027.8000 0.36958547
5027.8500 0.36846863
5027.9000 0.36753065
5027.9500 0.36659266
5028.0000 0.36565468
5028.0500 0.36516294
5028.1000 0.36470737
5028.1500 0.36425179
5028.2000 0.36379621
5028.2500 0.36097915
5028.3000 0.3580835
5028.3500 0.35518786
5028.4000 0.35240705
5028.4500 0.35913632
5028.5000 0.36586558
5028.5500 0.37259485
5028.6000 0.3787628
5028.6500 0.37572213
5028.7000 0.37268145
5028.7500 0.36964077
5028.8000 0.36649364
5028.8500 0.36243282
5028.9000 0.35837201
5028.9500 0.3543112
5029.0000 0.35135974
5029.0500 0.35456635
5029.1000 0.35777297
5029.1500 0.36097958
5029.2000 0.36232043
5029.2500 0.35630524
5029.3000 0.35029005
5029.3500 0.34427486
5029.4000 0.33906446
5029.4500 0.33622549
5029.5000 0.33338651
5029.5500 0.33054753
5029.6000 0.33270951
5029.6500 0.34622289
5029.7000 0.35973627
5029.7500 0.37324965
5029.8000 0.38152009
5029.8500 0.38045577
5029.9000 0.37939145
5029.9500 0.37832713
5030.0000 0.37597933
5030.0500 0.37182133
5030.1000 0.36766333
5030.1500 0.36350532
5030.2000 0.36513196
5030.2500 0.37324317
5030.3000 0.38135437
5030.3500 0.38946558
5030.4000 0.38811433
5030.4500 0.37835389
5030.5000 0.36859344
5030.5500 0.358833
5030.6000 0.35571609
5030.6500 0.35723793
5030.7000 0.35875978
5030.7500 0.36028163
5030.8000 0.36093087
5030.8500 0.36110945
5030.9000 0.36128803
5030.9500 0.36146661
5031.0000 0.35852117
5031.0500 0.35431065
5031.1000 0.35010013
5031.1500 0.34588961
5031.2000 0.34675218
5031.2500 0.34908493
5031.3000 0.35141767
5031.3500 0.35375042
5031.4000 0.35767336
5031.4500 0.36189863
5031.5000 0.3661239
5031.5500 0.37034917
5031.6000 0.3650793
5031.6500 0.35883092
5031.7000 0.35258254
5031.7500 0.34633416
5031.8000 0.35473462
5031.8500 0.36352163
5031.9000 0.37230865
5031.9500 0.38044492
5032.0000 0.37423665
5032.0500 0.36802837
5032.1000 0.36182009
5032.1500 0.35730504
5032.2000 0.36596345
5032.2500 0.37462185
5032.3000 0.38328025
5032.3500 0.38875988
5032.4000 0.38030822
5032.4500 0.37185657
5032.5000 0.36340491
5032.5500 0.35777499
5032.6000 0.36021529
5032.6500 0.36265558
5032.7000 0.36509588
5032.7500 0.3660867
5032.8000 0.3641839
5032.8500 0.36228109
5032.9000 0.36037828
5032.9500 0.35846742
5033.0000 0.35654497
5033.0500 0.35462251
5033.1000 0.35270005
5033.1500 0.35010211
5033.2000 0.34679339
5033.2500 0.34348468
5033.3000 0.34017596
5033.3500 0.33954911
5033.4000 0.3409776
5033.4500 0.34240609
5033.5000 0.34383458
5033.5500 0.34846224
5033.6000 0.35484012
5033.6500 0.36121799
5033.7000 0.36759586
5033.7500 0.37099912
5033.8000 0.37329112
5033.8500 0.37558311
5033.9000 0.37787511
5033.9500 0.37334732
5034.0000 0.36723088
5034.0500 0.36111444
5034.1000 0.354998
5034.1500 0.35859675
5034.2000 0.36332918
5034.2500 0.36806161
5034.3000 0.37279405
5034.3500 0.36447321
5034.4000 0.35590411
5034.4500 0.34733502
5034.5000 0.3395589
5034.5500 0.34255479
5034.6000 0.34555067
5034.6500 0.34854655
5034.7000 0.35031314
5034.7500 0.34548879
5034.8000 0.34066445
5034.8500 0.33584011
5034.9000 0.33575604
5034.9500 0.35010595
5035.0000 0.36445587
5035.0500 0.37880578
5035.1000 0.3850068
5035.1500 0.37529347
5035.2000 0.36558013
5035.2500 0.3558668
5035.3000 0.34828881
5035.3500 0.34352451
5035.4000 0.33876022
5035.4500 0.33399592
5035.5000 0.33526658
5035.5500 0.34198235
5035.6000 0.34869813
5035.6500 0.35541391
5035.7000 0.36126478
5035.7500 0.3665885
5035.8000 0.37191222
5035.8500 0.37723594
5035.9000 0.37661749
5035.9500 0.37366903
5036.0000 0.37072057
5036.0500 0.36777211
5036.1000 0.36356208
5036.1500 0.35906902
5036.2000 0.35457595
5036.2500 0.35008288
5036.3000 0.34880135
5036.3500 0.34781213
5036.4000 0.34682291
5036.4500 0.34584672
5036.5000 0.34559004
5036.5500 0.34533336
5036.6000 0.34507668
5036.6500 0.34554726
5036.7000 0.35132956
5036.7500 0.35711187
5036.8000 0.36289418
5036.8500 0.36484221
5036.9000 0.35354195
5036.9500 0.34224168
5037.0000 0.33094141
5037.0500 0.32461032
5037.1000 0.32837335
5037.1500 0.33213637
5037.2000 0.3358994
5037.2500 0.33790254
5037.3000 0.33763581
5037.3500 0.33736908
5037.4000 0.33710235
5037.4500 0.33952346
5037.5000 0.34418891
5037.5500 0.34885437
5037.6000 0.35351983
5037.6500 0.35742331
5037.7000 0.36092475
5037.7500 0.36442618
5037.8000 0.36792762
5037.8500 0.35947538
5037.9000 0.34736434
5037.9500 0.3352533
5038.0000 0.32314226
5038.0500 0.32647258
5038.1000 0.33194651
5038.1500 0.33742043
5038.2000 0.34289435
5038.2500 0.34666558
5038.3000 0.350423
5038.3500 0.35418042
5038.4000 0.35468311
5038.4500 0.32808515
5038.5000 0.30148718
5038.5500 0.27488922
5038.6000 0.25992098
5038.6500 0.28526677
5038.7000 0.31061256
5038.7500 0.33595835
5038.8000 0.3515946
5038.8500 0.34854719
5038.9000 0.34549978
5038.9500 0.34245237
5039.0000 0.34262746
5039.0500 0.34656348
5039.1000 0.35049949
5039.1500 0.35443551
5039.2000 0.35537649
5039.2500 0.35416943
5039.3000 0.35296236
5039.3500 0.35175529
5039.4000 0.35554543
5039.4500 0.3614302
5039.5000 0.36731497
5039.5500 0.37319974
5039.6000 0.3694491
5039.6500 0.36370182
5039.7000 0.35795455
5039.7500 0.35220727
5039.8000 0.35242441
5039.8500 0.35293263
5039.9000 0.35344085
5039.9500 0.35372506
5040.0000 0.35143295
5040.0500 0.34914083
5040.1000 0.34684872
5040.1500 0.34377936
5040.2000 0.3377493
5040.2500 0.33171924
5040.3000 0.32568918
5040.3500 0.32427558
5040.4000 0.33193284
5040.4500 0.33959011
5040.5000 0.34724738
5040.5500 0.35076842
5040.6000 0.3495883
5040.6500 0.34840818
5040.7000 0.34722807
5040.7500 0.33940291
5040.8000 0.32715155
5040.8500 0.3149002
5040.9000 0.30264884
5040.9500 0.30466128
5041.0000 0.31184849
5041.0500 0.31903569
5041.1000 0.32622289
5041.1500 0.32835477
5041.2000 0.32972312
5041.2500 0.33109146
5041.3000 0.33238793
5041.3500 0.31990609
5041.4000 0.30742425
5041.4500 0.29494241
5041.5000 0.2855915
5041.5500 0.29500289
5041.6000 0.30441429
5041.6500 0.31382568
5041.7000 0.32142639
5041.7500 0.32442242
5041.8000 0.32741844
5041.8500 0.33041447
5041.9000 0.32909166
5041.9500 0.321875
5042.0000 0.31465833
5042.0500 0.30744167
5042.1000 0.30428912
5042.1500 0.30426618
5042.2000 0.30424325
5042.2500 0.30422032
5042.3000 0.30988233
5042.3500 0.31788413
5042.4000 0.32588593
5042.4500 0.33388773
5042.5000 0.33281445
5042.5500 0.33018122
5042.6000 0.32754799
5042.6500 0.32491476
5042.7000 0.3138173
5042.7500 0.3027167
5042.8000 0.2916161
5042.8500 0.28334881
5042.9000 0.29147625
5042.9500 0.29960369
5043.0000 0.30773114
5043.0500 0.31489182
5043.1000 0.31975861
5043.1500 0.3246254
5043.2000 0.32949219
5043.2500 0.32921834
5043.3000 0.32258616
5043.3500 0.31595398
5043.4000 0.3093218
5043.4500 0.30990439
5043.5000 0.31531631
5043.5500 0.32072824
5043.6000 0.32614017
5043.6500 0.32246454
5043.7000 0.31579874
5043.7500 0.30913294
5043.8000 0.30246714
5043.8500 0.30152381
5043.9000 0.3011656
5043.9500 0.30080739
5044.0000 0.30080621
5044.0500 0.30607335
5044.1000 0.3113405
5044.1500 0.31660765
5044.2000 0.32147872
5044.2500 0.32495465
5044.3000 0.32843058
5044.3500 0.33190651
5044.4000 0.33315058
5044.4500 0.33075613
5044.5000 0.32836169
5044.5500 0.32596725
5044.6000 0.32339121
5044.6500 0.32066091
5044.7000 0.3179306
5044.7500 0.31520029
5044.8000 0.31907841
5044.8500 0.32575385
5044.9000 0.33242929
5044.9500 0.33910473
5045.0000 0.33826001
5045.0500 0.33625094
5045.1000 0.33424187
5045.1500 0.33253341
5045.2000 0.34032131
5045.2500 0.34810921
5045.3000 0.35589712
5045.3500 0.36037287
5045.4000 0.35133604
5045.4500 0.34229921
5045.5000 0.33326238
5045.5500 0.33103001
5045.6000 0.34066307
5045.6500 0.35029614
5045.7000 0.3599292
5045.7500 0.3602054
5045.8000 0.35229935
5045.8500 0.34439329
5045.9000 0.33648724
5045.9500 0.33999761
5046.0000 0.34830962
5046.0500 0.35662163
5046.1000 0.36493364
5046.1500 0.36972766
5046.2000 0.3740228
5046.2500 0.37831794
5046.3000 0.38188337
5046.3500 0.37131644
5046.4000 0.3607495
5046.4500 0.35018256
5046.5000 0.34222635
5046.5500 0.34332383
5046.6000 0.34442131
5046.6500 0.34551879
5046.7000 0.34842738
5046.7500 0.35405302
5046.8000 0.35967866
5046.8500 0.3653043
5046.9000 0.36203556
5046.9500 0.35226066
5047.0000 0.34248575
5047.0500 0.33271084
5047.1000 0.33741837
5047.1500 0.3467866
5047.2000 0.35615484
5047.2500 0.36552308
5047.3000 0.36117054
5047.3500 0.35589483
5047.4000 0.35061912
5047.4500 0.34689846
5047.5000 0.35471129
5047.5500 0.36252413
5047.6000 0.37033697
5047.6500 0.37132636
5047.7000 0.35655165
5047.7500 0.34177693
5047.8000 0.32700222
5047.8500 0.32343577
5047.9000 0.3316856
5047.9500 0.33993542
5048.0000 0.34818525
5048.0500 0.35322083
5048.1000 0.35669417
5048.1500 0.36016752
5048.2000 0.36364086
5048.2500 0.36356255
5048.3000 0.36290845
5048.3500 0.36225436
5048.4000 0.36102868
5048.4500 0.34882534
5048.5000 0.336622
5048.5500 0.32441866
5048.6000 0.31734477
5048.6500 0.32652177
5048.7000 0.33569877
5048.7500 0.34487577
5048.8000 0.34851539
5048.8500 0.34486753
5048.9000 0.34121967
5048.9500 0.33757181
5049.0000 0.33010051
5049.0500 0.32033567
5049.1000 0.31057083
5049.1500 0.30080599
5049.2000 0.30762325
5049.2500 0.31808615
5049.3000 0.32854906
5049.3500 0.33885905
5049.4000 0.33971545
5049.4500 0.34057186
5049.5000 0.34142826
5049.5500 0.34247161
5049.6000 0.34420361
5049.6500 0.34593562
5049.7000 0.34766763
5049.7500 0.3461106
5049.8000 0.33986939
5049.8500 0.33362818
5049.9000 0.32738697
5049.9500 0.32697251
5050.0000 0.33023728
5050.0500 0.33350206
5050.1000 0.33676683
5050.1500 0.33535355
5050.2000 0.33287722
5050.2500 0.33040088
5050.3000 0.32790643
5050.3500 0.32443144
5050.4000 0.32095645
5050.4500 0.31748146
5050.5000 0.3141254
5050.5500 0.31118394
5050.6000 0.30824247
5050.6500 0.30530101
5050.7000 0.30402522
5050.7500 0.30496574
5050.8000 0.30590626
5050.8500 0.30684679
5050.9000 0.31103017
5050.9500 0.31706399
5051.0000 0.3230978
5051.0500 0.32913161
5051.1000 0.33044036
5051.1500 0.33088733
5051.2000 0.3313343
5051.2500 0.33079053
5051.3000 0.31361996
5051.3500 0.29644938
5051.4000 0.27927881
5051.4500 0.26977263
5051.5000 0.28118326
5051.5500 0.2925939
5051.6000 0.30400453
5051.6500 0.31004613
5051.7000 0.31030667
5051.7500 0.31056722
5051.8000 0.31082777
5051.8500 0.31199754
5051.9000 0.31356384
5051.9500 0.31513013
5052.0000 0.31669643
5052.0500 0.32212281
5052.1000 0.32791905
5052.1500 0.33371528
5052.2000 0.33767754
5052.2500 0.32939228
5052.3000 0.32110702
5052.3500 0.31282175
5052.4000 0.30632983
5052.4500 0.30317785
5052.5000 0.30002587
5052.5500 0.2968739
5052.6000 0.29271256
5052.6500 0.2877895
5052.7000 0.28286644
5052.7500 0.27794339
5052.8000 0.27722061
5052.8500 0.27760159
5052.9000 0.27798256
5052.9500 0.27851647
5053.0000 0.28886785
5053.0500 0.29921923
5053.1000 0.30957061
5053.1500 0.31487258
5053.2000 0.30420359
5053.2500 0.29353459
5053.3000 0.28286559
5053.3500 0.28245585
5053.4000 0.29377735
5053.4500 0.30509884
5053.5000 0.31642034
5053.5500 0.33087983
5053.6000 0.34672106
5053.6500 0.36256228
5053.7000 0.37840351
5053.7500 0.36303553
5053.8000 0.34508189
5053.8500 0.32712826
5053.9000 0.31303065
5053.9500 0.32009467
5054.0000 0.32715869
5054.0500 0.33422271
5054.1000 0.33762742
5054.1500 0.3352167
5054.2000 0.33280598
5054.2500 0.33039525
5054.3000 0.33149653
5054.3500 0.33475265
5054.4000 0.33800876
5054.4500 0.34126488
5054.5000 0.33194218
5054.5500 0.32048141
5054.6000 0.30902063
5054.6500 0.29924989
5054.7000 0.30633322
5054.7500 0.31341656
5054.8000 0.32049989
5054.8500 0.3229927
5054.9000 0.31612295
5054.9500 0.30925321
5055.0000 0.30238346
5055.0500 0.29989872
5055.1000 0.30074492
5055.1500 0.30159113
5055.2000 0.30243733
5055.2500 0.30903042
5055.3000 0.31697983
5055.3500 0.32492923
5055.4000 0.33223266
5055.4500 0.32757891
5055.5000 0.32292517
5055.5500 0.31827142
5055.6000 0.31331838
5055.6500 0.30764973
5055.7000 0.30198107
5055.7500 0.29631242
5055.8000 0.29532202
5055.8500 0.29831695
5055.9000 0.30131188
5055.9500 0.30430681
5056.0000 0.3018593
5056.0500 0.29793468
5056.1000 0.29401005
5056.1500 0.29038283
5056.2000 0.29507422
5056.2500 0.29976561
5056.3000 0.304457
5056.3500 0.31262612
5056.4000 0.32956505
5056.4500 0.34650399
5056.5000 0.36344293
5056.5500 0.36301245
5056.6000 0.34747529
5056.6500 0.33193813
5056.7000 0.31640097
5056.7500 0.30343281
5056.8000 0.29115923
5056.8500 0.27888565
5056.9000 0.26758867
5056.9500 0.27916216
5057.0000 0.29073564
5057.0500 0.30230912
5057.1000 0.31534804
5057.1500 0.33186921
5057.2000 0.34839038
5057.2500 0.36491156
5057.3000 0.36086418
5057.3500 0.34018208
5057.4000 0.31949998
5057.4500 0.29881788
5057.5000 0.30664905
5057.5500 0.32112494
5057.6000 0.33560083
5057.6500 0.34810656
5057.7000 0.33467253
5057.7500 0.3212385
5057.8000 0.30780447
5057.8500 0.29913812
5057.9000 0.3000807
5057.9500 0.30102328
5058.0000 0.30196585
5058.0500 0.30286949
5058.1000 0.30374653
5058.1500 0.30462357
5058.2000 0.3055006
5058.2500 0.30852404
5058.3000 0.31190253
5058.3500 0.31528102
5058.4000 0.31793938
5058.4500 0.31548483
5058.5000 0.31303028
5058.5500 0.31057573
5058.6000 0.30715652
5058.6500 0.30223044
5058.7000 0.29730435
5058.7500 0.29237826
5058.8000 0.28436972
5058.8500 0.2747634
5058.9000 0.26515707
5058.9500 0.25555075
5059.0000 0.27375644
5059.0500 0.29410804
5059.1000 0.31445963
5059.1500 0.3301902
5059.2000 0.32738838
5059.2500 0.32458655
5059.3000 0.32178472
5059.3500 0.31921644
5059.4000 0.31690916
5059.4500 0.31460188
5059.5000 0.3122946
5059.5500 0.3095401
5059.6000 0.30663363
5059.6500 0.30372715
5059.7000 0.30083942
5059.7500 0.2987862
5059.8000 0.29673298
5059.8500 0.29467976
5059.9000 0.28994855
5059.9500 0.27893874
5060.0000 0.26792893
5060.0500 0.25691912
5060.1000 0.25928083
5060.1500 0.27142549
5060.2000 0.28357016
5060.2500 0.29571482
5060.3000 0.30566196
5060.3500 0.31524375
5060.4000 0.32482553
5060.4500 0.33225547
5060.5000 0.32634031
5060.5500 0.32042514
5060.6000 0.31450997
5060.6500 0.30834102
5060.7000 0.30182408
5060.7500 0.29530715
5060.8000 0.28879021
5060.8500 0.30064946
5060.9000 0.32015909
5060.9500 0.33966871
5061.0000 0.35917834
5061.0500 0.33005091
5061.1000 0.30052351
5061.1500 0.27099612
5061.2000 0.25512207
5061.2500 0.27451528
5061.3000 0.2939085
5061.3500 0.31330171
5061.4000 0.32679726
5061.4500 0.33580361
5061.5000 0.34480997
5061.5500 0.35381632
5061.6000 0.35299663
5061.6500 0.35055033
5061.7000 0.34810402
5061.7500 0.34624384
5061.8000 0.34771543
5061.8500 0.34918702
5061.9000 0.35065861
5061.9500 0.34841168
5062.0000 0.3414835
5062.0500 0.33455533
5062.1000 0.32762716
5062.1500 0.31206587
5062.2000 0.2934278
5062.2500 0.27478973
5062.3000 0.25702398
5062.3500 0.26460785
5062.4000 0.27219171
5062.4500 0.27977558
5062.5000 0.28625741
5062.5500 0.29050933
5062.6000 0.29476126
5062.6500 0.29901318
5062.7000 0.30519383
5062.7500 0.31250871
5062.8000 0.31982359
5062.8500 0.32713848
5062.9000 0.32221086
5062.9500 0.31636318
5063.0000 0.3105155
5063.0500 0.30743106
5063.1000 0.31349529
5063.1500 0.31955952
5063.2000 0.32562375
5063.2500 0.32335638
5063.3000 0.31385657
5063.3500 0.30435676
5063.4000 0.29485694
5063.4500 0.29672074
5063.5000 0.30074721
5063.5500 0.30477368
5063.6000 0.30989188
5063.6500 0.32137644
5063.7000 0.33286101
5063.7500 0.34434557
5063.8000 0.35038525
5063.8500 0.34987976
5063.9000 0.34937426
5063.9500 0.34886877
5064.0000 0.35337187
5064.0500 0.35942798
5064.1000 0.36548409
5064.1500 0.36896769
5064.2000 0.34025395
5064.2500 0.31154021
5064.3000 0.28282646
5064.3500 0.2654157
5064.4000 0.26597495
5064.4500 0.26653419
5064.5000 0.26709343
5064.5500 0.26636857
5064.6000 0.26509267
5064.6500 0.26381677
5064.7000 0.262794
5064.7500 0.2786213
5064.8000 0.2944486
5064.8500 0.31027591
5064.9000 0.32425503
5064.9500 0.33450445
5065.0000 0.34475387
5065.0500 0.35500329
5065.1000 0.362668
5065.1500 0.36893697
5065.2000 0.37520594
5065.2500 0.38147492
5065.3000 0.38453502
5065.3500 0.38749191
5065.4000 0.39044879
5065.4500 0.38234117
5065.5000 0.34711628
5065.5500 0.3118914
5065.6000 0.27666652
5065.6500 0.26619932
5065.7000 0.2714145
5065.7500 0.27662968
5065.8000 0.28184486
5065.8500 0.2925718
5065.9000 0.30367499
5065.9500 0.31477817
5066.0000 0.32410673
5066.0500 0.32842264
5066.1000 0.33273855
5066.1500 0.33705446
5066.2000 0.33689322
5066.2500 0.33359883
5066.3000 0.33030444
5066.3500 0.32701005
5066.4000 0.35058317
5066.4500 0.37660061
5066.5000 0.40261804
5066.5500 0.41198128
5066.6000 0.37040651
5066.6500 0.32883174
5066.7000 0.28725698
5066.7500 0.27299558
5066.8000 0.2787046
5066.8500 0.28441363
5066.9000 0.29012265
5066.9500 0.30873217
5067.0000 0.3286117
5067.0500 0.34849122
5067.1000 0.35975067
5067.1500 0.34438586
5067.2000 0.32902105
5067.2500 0.31365623
5067.3000 0.29942594
5067.3500 0.28601634
5067.4000 0.27260673
5067.4500 0.25919713
5067.5000 0.25734826
5067.5500 0.25654013
5067.6000 0.25573199
5067.6500 0
5067.7000 0
