5380.0500 0.72323247
5380.1000 0.70306142
5380.1500 0.68075303
5380.2000 0.65844464
5380.2500 0.63613625
5380.3000 0.61382785
5380.3500 0.60452976
5380.4000 0.60600685
5380.4500 0.60748394
5380.5000 0.60896102
5380.5500 0.61043811
5380.6000 0.60833737
5380.6500 0.60064909
5380.7000 0.59296082
5380.7500 0.58527255
5380.8000 0.57758427
5380.8500 0.58086051
5380.9000 0.61981698
5380.9500 0.65877345
5381.0000 0.69772992
5381.0500 0.73668638
5381.1000 0.77343299
5381.1500 0.78513579
5381.2000 0.79683859
5381.2500 0.80854139
5381.3000 0.82024419
5381.3500 0.83194699
5381.4000 0.74990843
5381.4500 0.66064324
5381.5000 0.57137805
5381.5500 0.48211285
5381.6000 0.39284766
5381.6500 0.40985802
5381.7000 0.45735389
5381.7500 0.50484975
5381.8000 0.55234561
5381.8500 0.59984147
5381.9000 0.63041529
5381.9500 0.65092541
5382.0000 0.67143554
5382.0500 0.69194566
5382.1000 0.71245579
5382.1500 0.71110577
5382.2000 0.68591976
5382.2500 0.66073374
5382.3000 0.63554772
5382.3500 0.6103617
5382.4000 0.60436287
5382.4500 0.63714254
5382.5000 0.66992221
5382.5500 0.70270188
5382.6000 0.73548155
5382.6500 0.75704655
5382.7000 0.7291935
5382.7500 0.70134044
5382.8000 0.67348738
5382.8500 0.64563433
5382.9000 0.6193702
5382.9500 0.63100827
5383.0000 0.64264634
5383.0500 0.65428441
5383.1000 0.66592249
5383.1500 0.67756056
5383.2000 0.677305
5383.2500 0.67568125
5383.3000 0.6740575
5383.3500 0.67243375
5383.4000 0.67081
5383.4500 0.67646355
5383.5000 0.68448175
5383.5500 0.69249995
5383.6000 0.70051815
5383.6500 0.70853635
5383.7000 0.6975896
5383.7500 0.67472017
5383.8000 0.65185075
5383.8500 0.62898133
5383.9000 0.60611191
5383.9500 0.60724509
5384.0000 0.63495351
5384.0500 0.66266193
5384.1000 0.69037035
5384.1500 0.71807878
5384.2000 0.72668558
5384.2500 0.69762185
5384.3000 0.66855813
5384.3500 0.6394944
5384.4000 0.61043068
5384.4500 0.59061977
5384.5000 0.6078944
5384.5500 0.62516903
5384.6000 0.64244366
5384.6500 0.65971829
5384.7000 0.67643204
5384.7500 0.68497332
5384.8000 0.69351461
5384.8500 0.70205589
5384.9000 0.71059717
5384.9500 0.71913846
5385.0000 0.72523138
5385.0500 0.73114028
5385.1000 0.73704918
5385.1500 0.74295807
5385.2000 0.74886697
5385.2500 0.74449775
5385.3000 0.73751528
5385.3500 0.73053281
5385.4000 0.72355034
5385.4500 0.71656787
5385.5000 0.68791245
5385.5500 0.64837859
5385.6000 0.60884473
5385.6500 0.56931087
5385.7000 0.529777
5385.7500 0.52893358
5385.8000 0.56162998
5385.8500 0.59432639
5385.9000 0.6270228
5385.9500 0.65971921
5386.0000 0.68355383
5386.0500 0.69446758
5386.1000 0.70538133
5386.1500 0.71629507
5386.2000 0.72720882
5386.2500 0.73219714
5386.3000 0.72189776
5386.3500 0.71159838
5386.4000 0.70129899
5386.4500 0.69099961
5386.5000 0.68248126
5386.5500 0.68381077
5386.6000 0.68514028
5386.6500 0.68646978
5386.7000 0.68779929
5386.7500 0.68898286
5386.8000 0.68515772
5386.8500 0.68133258
5386.9000 0.67750744
5386.9500 0.6736823
5387.0000 0.66985716
5387.0500 0.66931823
5387.1000 0.66912509
5387.1500 0.66893194
5387.2000 0.66873879
5387.2500 0.66854564
5387.3000 0.71453441
5387.3500 0.77335163
5387.4000 0.83216885
5387.4500 0.89098607
5387.5000 0.94980329
5387.5500 0.91977858
5387.6000 0.84434221
5387.6500 0.76890583
5387.7000 0.69346945
5387.7500 0.61803307
5387.8000 0.60500007
5387.8500 0.64465317
5387.9000 0.68430628
5387.9500 0.72395939
5388.0000 0.7636125
5388.0500 0.78093145
5388.1000 0.76791145
5388.1500 0.75489145
5388.2000 0.74187146
5388.2500 0.72885146
5388.3000 0.71923011
5388.3500 0.71727551
5388.4000 0.71532092
5388.4500 0.71336632
5388.5000 0.71141173
5388.5500 0.70712572
5388.6000 0.69300298
5388.6500 0.67888025
5388.7000 0.66475751
5388.7500 0.65063477
5388.8000 0.63786023
5388.8500 0.6411589
5388.9000 0.64445758
5388.9500 0.64775626
5389.0000 0.65105493
5389.0500 0.65435361
5389.1000 0.66254436
5389.1500 0.67091515
5389.2000 0.67928594
5389.2500 0.68765672
5389.3000 0.69602751
5389.3500 0.6970155
5389.4000 0.69673073
5389.4500 0.69644596
5389.5000 0.69616119
5389.5500 0.69587642
5389.6000 0.69461698
5389.6500 0.69301994
5389.7000 0.6914229
5389.7500 0.68982585
5389.8000 0.68822881
5389.8500 0.68860184
5389.9000 0.69011294
5389.9500 0.69162404
5390.0000 0.69313514
5390.0500 0.69464623
5390.1000 0.71060191
5390.1500 0.73955917
5390.2000 0.76851642
5390.2500 0.79747368
5390.3000 0.82643094
5390.3500 0.83108686
5390.4000 0.80219242
5390.4500 0.77329798
5390.5000 0.74440354
5390.5500 0.7155091
5390.6000 0.69829134
5390.6500 0.70644578
5390.7000 0.71460022
5390.7500 0.72275466
5390.8000 0.7309091
5390.8500 0.73482542
5390.9000 0.72295185
5390.9500 0.71107828
5391.0000 0.69920471
5391.0500 0.68733114
5391.1000 0.67968523
5391.1500 0.70646206
5391.2000 0.7332389
5391.2500 0.76001573
5391.3000 0.78679256
5391.3500 0.81321537
5391.4000 0.79828256
5391.4500 0.78334975
5391.5000 0.76841694
5391.5500 0.75348414
5391.6000 0.73855133
5391.6500 0.7340558
5391.7000 0.73060607
5391.7500 0.72715633
5391.8000 0.7237066
5391.8500 0.72025686
5391.9000 0.70741921
5391.9500 0.69238946
5392.0000 0.67735971
5392.0500 0.66232997
5392.1000 0.64730022
5392.1500 0.65746241
5392.2000 0.67772498
5392.2500 0.69798754
5392.3000 0.71825011
5392.3500 0.73851268
5392.4000 0.72763081
5392.4500 0.69751821
5392.5000 0.66740561
5392.5500 0.63729301
5392.6000 0.60718041
5392.6500 0.61127781
5392.7000 0.64644817
5392.7500 0.68161852
5392.8000 0.71678888
5392.8500 0.75195924
5392.9000 0.76357857
5392.9500 0.74412372
5393.0000 0.72466886
5393.0500 0.705214
5393.1000 0.68575914
5393.1500 0.67368074
5393.2000 0.6759478
5393.2500 0.67821487
5393.3000 0.68048193
5393.3500 0.68274899
5393.4000 0.68187129
5393.4500 0.67152743
5393.5000 0.66118356
5393.5500 0.6508397
5393.6000 0.64049583
5393.6500 0.63433667
5393.7000 0.65006779
5393.7500 0.6657989
5393.8000 0.68153001
5393.8500 0.69726112
5393.9000 0.71249288
5393.9500 0.72137818
5394.0000 0.73026347
5394.0500 0.73914876
5394.1000 0.74803405
5394.1500 0.75691935
5394.2000 0.73233806
5394.2500 0.70730686
5394.3000 0.68227565
5394.3500 0.65724445
5394.4000 0.63221325
5394.4500 0.64246856
5394.5000 0.65656357
5394.5500 0.67065858
5394.6000 0.68475359
5394.6500 0.6988486
5394.7000 0.70072029
5394.7500 0.6998784
5394.8000 0.6990365
5394.8500 0.6981946
5394.9000 0.6973527
5394.9500 0.69916071
5395.0000 0.70191858
5395.0500 0.70467645
5395.1000 0.70743432
5395.1500 0.71019218
5395.2000 0.70200815
5395.2500 0.68806784
5395.3000 0.67412753
5395.3500 0.66018723
5395.4000 0.64624692
5395.4500 0.64331481
5395.5000 0.64849409
5395.5500 0.65367336
5395.6000 0.65885263
5395.6500 0.6640319
5395.7000 0.66599978
5395.7500 0.66472497
5395.8000 0.66345015
5395.8500 0.66217533
5395.9000 0.66090052
5395.9500 0.66077836
5396.0000 0.66224319
5396.0500 0.66370802
5396.1000 0.66517286
5396.1500 0.66663769
5396.2000 0.66399626
5396.2500 0.65356671
5396.3000 0.64313716
5396.3500 0.63270762
5396.4000 0.62227807
5396.4500 0.61512955
5396.5000 0.61680428
5396.5500 0.61847901
5396.6000 0.62015374
5396.6500 0.62182847
5396.7000 0.62591323
5396.7500 0.63974514
5396.8000 0.65357705
5396.8500 0.66740896
5396.9000 0.68124087
5396.9500 0.69260012
5397.0000 0.68692466
5397.0500 0.68124919
5397.1000 0.67557373
5397.1500 0.66989826
5397.2000 0.66436655
5397.2500 0.66123042
5397.3000 0.65809429
5397.3500 0.65495815
5397.4000 0.65182202
5397.4500 0.64868589
5397.5000 0.66536593
5397.5500 0.68229054
5397.6000 0.69921516
5397.6500 0.71613977
5397.7000 0.73306439
5397.7500 0.71863763
5397.8000 0.70149748
5397.8500 0.68435734
5397.9000 0.6672172
5397.9500 0.65007705
5398.0000 0.65627808
5398.0500 0.66646231
5398.1000 0.67664653
5398.1500 0.68683076
5398.2000 0.69701498
5398.2500 0.69285735
5398.3000 0.68487458
5398.3500 0.67689182
5398.4000 0.66890905
5398.4500 0.66092629
5398.5000 0.65570511
5398.5500 0.65152613
5398.6000 0.64734715
5398.6500 0.64316818
5398.7000 0.6389892
5398.7500 0.63820605
5398.8000 0.63914192
5398.8500 0.6400778
5398.9000 0.64101367
5398.9500 0.64194955
5399.0000 0.64384946
5399.0500 0.64638364
5399.1000 0.64891783
5399.1500 0.65145201
5399.2000 0.65398619
5399.2500 0.65085349
5399.3000 0.64296587
5399.3500 0.63507825
5399.4000 0.62719063
5399.4500 0.61930301
5399.5000 0.61656611
5399.5500 0.61928352
5399.6000 0.62200093
5399.6500 0.62471834
5399.7000 0.62743574
5399.7500 0.63161943
5399.8000 0.63775503
5399.8500 0.64389063
5399.9000 0.65002623
5399.9500 0.65616183
5400.0000 0.65655288
5400.0500 0.64731166
5400.1000 0.63807043
5400.1500 0.62882921
5400.2000 0.61958799
5400.2500 0.61689604
5400.3000 0.62815011
5400.3500 0.63940418
5400.4000 0.65065825
5400.4500 0.66191233
5400.5000 0.67212282
5400.5500 0.67946633
5400.6000 0.68680984
5400.6500 0.69415335
5400.7000 0.70149686
5400.7500 0.70448694
5400.8000 0.6916303
5400.8500 0.67877366
5400.9000 0.66591702
5400.9500 0.65306037
5401.0000 0.64497147
5401.0500 0.66092045
5401.1000 0.67686943
5401.1500 0.69281842
5401.2000 0.7087674
5401.2500 0.72103583
5401.3000 0.70548915
5401.3500 0.68994247
5401.4000 0.6743958
5401.4500 0.65884912
5401.5000 0.64430679
5401.5500 0.64320086
5401.6000 0.64209493
5401.6500 0.640989
5401.7000 0.63988307
5401.7500 0.63883987
5401.8000 0.64039385
5401.8500 0.64194783
5401.9000 0.64350181
5401.9500 0.64505578
5402.0000 0.64660976
5402.0500 0.6496018
5402.1000 0.65262474
5402.1500 0.65564767
5402.2000 0.65867061
5402.2500 0.66169354
5402.3000 0.65984287
5402.3500 0.65765728
5402.4000 0.65547168
5402.4500 0.65328609
5402.5000 0.6511005
5402.5500 0.64922372
5402.6000 0.64738365
5402.6500 0.64554357
5402.7000 0.6437035
5402.7500 0.64186342
5402.8000 0.64732527
5402.8500 0.65404348
5402.9000 0.66076169
5402.9500 0.6674799
5403.0000 0.67419811
5403.0500 0.67564135
5403.1000 0.67587902
5403.1500 0.67611669
5403.2000 0.67635436
5403.2500 0.67659203
5403.3000 0.68132361
5403.3500 0.68735174
5403.4000 0.69337986
5403.4500 0.69940798
5403.5000 0.7054361
5403.5500 0.70130478
5403.6000 0.6935957
5403.6500 0.68588663
5403.7000 0.67817755
5403.7500 0.67046847
5403.8000 0.65815493
5403.8500 0.64390888
5403.9000 0.62966283
5403.9500 0.61541677
5404.0000 0.60117072
5404.0500 0.60197693
5404.1000 0.61017894
5404.1500 0.61838096
5404.2000 0.62658297
5404.2500 0.63478498
5404.3000 0.63597247
5404.3500 0.63318082
5404.4000 0.63038917
5404.4500 0.62759751
5404.5000 0.62480586
5404.5500 0.62729348
5404.6000 0.6332004
5404.6500 0.63910731
5404.7000 0.64501423
5404.7500 0.65092114
5404.8000 0.64546476
5404.8500 0.63168224
5404.9000 0.61789972
5404.9500 0.6041172
5405.0000 0.59033468
5405.0500 0.58725209
5405.1000 0.59297045
5405.1500 0.59868881
5405.2000 0.60440717
5405.2500 0.61012553
5405.3000 0.61739918
5405.3500 0.62609928
5405.4000 0.63479939
5405.4500 0.64349949
5405.5000 0.6521996
5405.5500 0.64864437
5405.6000 0.63262951
5405.6500 0.61661464
5405.7000 0.60059977
5405.7500 0.58458491
5405.8000 0.57930394
5405.8500 0.58605539
5405.9000 0.59280684
5405.9500 0.59955829
5406.0000 0.60630974
5406.0500 0.61670795
5406.1000 0.63159137
5406.1500 0.64647478
5406.2000 0.6613582
5406.2500 0.67624162
5406.3000 0.67861761
5406.3500 0.66419353
5406.4000 0.64976945
5406.4500 0.63534537
5406.5000 0.62092129
5406.5500 0.60854331
5406.6000 0.5991535
5406.6500 0.5897637
5406.7000 0.58037389
5406.7500 0.57098408
5406.8000 0.56784329
5406.8500 0.57458179
5406.9000 0.58132028
5406.9500 0.58805877
5407.0000 0.59479726
5407.0500 0.59604912
5407.1000 0.58795211
5407.1500 0.57985509
5407.2000 0.57175808
5407.2500 0.56366106
5407.3000 0.55551419
5407.3500 0.54727616
5407.4000 0.53903813
5407.4500 0.5308001
5407.5000 0.52256206
5407.5500 0.52233413
5407.6000 0.53774993
5407.6500 0.55316572
5407.7000 0.56858151
5407.7500 0.58399731
5407.8000 0.59583173
5407.8500 0.60023036
5407.9000 0.60462899
5407.9500 0.60902762
5408.0000 0.61342625
5408.0500 0.61525289
5408.1000 0.61143061
5408.1500 0.60760833
5408.2000 0.60378605
5408.2500 0.59996378
5408.3000 0.59222227
5408.3500 0.57542247
5408.4000 0.55862268
5408.4500 0.54182288
5408.5000 0.52502308
5408.5500 0.51952915
5408.6000 0.54138221
5408.6500 0.56323528
5408.7000 0.58508835
5408.7500 0.60694141
5408.8000 0.62287315
5408.8500 0.623902
5408.9000 0.62493084
5408.9500 0.62595968
5409.0000 0.62698853
5409.0500 0.62840875
5409.1000 0.63084769
5409.1500 0.63328663
5409.2000 0.63572558
5409.2500 0.63816452
5409.3000 0.63787641
5409.3500 0.63029366
5409.4000 0.62271091
5409.4500 0.61512815
5409.5000 0.6075454
5409.5500 0.60613888
5409.6000 0.62159909
5409.6500 0.63705931
5409.7000 0.65251952
5409.7500 0.66797973
5409.8000 0.67679498
5409.8500 0.66720852
5409.9000 0.65762206
5409.9500 0.6480356
5410.0000 0.63844914
5410.0500 0.63031057
5410.1000 0.62620994
5410.1500 0.62210931
5410.2000 0.61800868
5410.2500 0.61390805
5410.3000 0.61021784
5410.3500 0.60767233
5410.4000 0.60512682
5410.4500 0.60258131
5410.5000 0.60003581
5410.5500 0.59751391
5410.6000 0.59505742
5410.6500 0.59260093
5410.7000 0.59014444
5410.7500 0.58768794
5410.8000 0.59119053
5410.8500 0.61097283
5410.9000 0.63075513
5410.9500 0.65053742
5411.0000 0.67031972
5411.0500 0.68155475
5411.1000 0.66991507
5411.1500 0.65827539
5411.2000 0.64663571
5411.2500 0.63499603
5411.3000 0.62590903
5411.3500 0.62347051
5411.4000 0.62103198
5411.4500 0.61859346
5411.5000 0.61615494
5411.5500 0.61495434
5411.6000 0.61687158
5411.6500 0.61878882
5411.7000 0.62070606
5411.7500 0.6226233
5411.8000 0.62464482
5411.8500 0.62691876
5411.9000 0.62919271
5411.9500 0.63146666
5412.0000 0.6337406
5412.0500 0.63365875
5412.1000 0.62812747
5412.1500 0.62259619
5412.2000 0.61706492
5412.2500 0.61153364
5412.3000 0.60757559
5412.3500 0.60707588
5412.4000 0.60657617
5412.4500 0.60607646
5412.5000 0.60557675
5412.5500 0.60443563
5412.6000 0.60196165
5412.6500 0.59948767
5412.7000 0.59701368
5412.7500 0.5945397
5412.8000 0.59459921
5412.8500 0.59961086
5412.9000 0.60462251
5412.9500 0.60963416
5413.0000 0.61464581
5413.0500 0.62043162
5413.1000 0.62763403
5413.1500 0.63483644
5413.2000 0.64203885
5413.2500 0.64924125
5413.3000 0.6509792
5413.3500 0.64339937
5413.4000 0.63581953
5413.4500 0.6282397
5413.5000 0.62065986
5413.5500 0.61854637
5413.6000 0.62508008
5413.6500 0.63161379
5413.7000 0.6381475
5413.7500 0.64468121
5413.8000 0.6427403
5413.8500 0.62841709
5413.9000 0.61409388
5413.9500 0.59977067
5414.0000 0.58544746
5414.0500 0.5796054
5414.1000 0.58515871
5414.1500 0.59071202
5414.2000 0.59626533
5414.2500 0.60181864
5414.3000 0.60594104
5414.3500 0.60830339
5414.4000 0.61066573
5414.4500 0.61302808
5414.5000 0.61539042
5414.5500 0.61660884
5414.6000 0.61654513
5414.6500 0.61648141
5414.7000 0.6164177
5414.7500 0.61635399
5414.8000 0.61348748
5414.8500 0.60777266
5414.9000 0.60205785
5414.9500 0.59634303
5415.0000 0.59062822
5415.0500 0.59042878
5415.1000 0.59528402
5415.1500 0.60013926
5415.2000 0.6049945
5415.2500 0.60984974
5415.3000 0.61154459
5415.3500 0.61064291
5415.4000 0.60974124
5415.4500 0.60883957
5415.5000 0.6079379
5415.5500 0.6069545
5415.6000 0.60591132
5415.6500 0.60486813
5415.7000 0.60382495
5415.7500 0.60278177
5415.8000 0.60252253
5415.8500 0.60276995
5415.9000 0.60301737
5415.9500 0.60326479
5416.0000 0.60351221
5416.0500 0.60788713
5416.1000 0.61459694
5416.1500 0.62130675
5416.2000 0.62801656
5416.2500 0.63472637
5416.3000 0.64245189
5416.3500 0.65067467
5416.4000 0.65889746
5416.4500 0.66712025
5416.5000 0.67534303
5416.5500 0.67158516
5416.6000 0.66282209
5416.6500 0.65405901
5416.7000 0.64529593
5416.7500 0.63653286
5416.8000 0.63813274
5416.8500 0.64336052
5416.9000 0.6485883
5416.9500 0.65381608
5417.0000 0.65904386
5417.0500 0.65621454
5417.1000 0.65107847
5417.1500 0.6459424
5417.2000 0.64080634
5417.2500 0.63567027
5417.3000 0.63489899
5417.3500 0.63511509
5417.4000 0.63533119
5417.4500 0.63554729
5417.5000 0.63576338
5417.5500 0.63641643
5417.6000 0.6371436
5417.6500 0.63787077
5417.7000 0.63859793
5417.7500 0.6393251
5417.8000 0.64132551
5417.8500 0.64347401
5417.9000 0.64562251
5417.9500 0.64777102
5418.0000 0.64991952
5418.0500 0.64431362
5418.1000 0.63819512
5418.1500 0.63207662
5418.2000 0.62595812
5418.2500 0.61983962
5418.3000 0.62426736
5418.3500 0.62889332
5418.4000 0.63351927
5418.4500 0.63814523
5418.5000 0.64247893
5418.5500 0.6360671
5418.6000 0.62965527
5418.6500 0.62324344
5418.7000 0.61683161
5418.7500 0.61090959
5418.8000 0.6112288
5418.8500 0.611548
5418.9000 0.61186721
5418.9500 0.61218641
5419.0000 0.61260871
5419.0500 0.613784
5419.1000 0.61495928
5419.1500 0.61613456
5419.2000 0.61730985
5419.2500 0.61839221
5419.3000 0.61901915
5419.3500 0.61964609
5419.4000 0.62027303
5419.4500 0.62089997
5419.5000 0.62099991
5419.5500 0.61922978
5419.6000 0.61745964
5419.6500 0.61568951
5419.7000 0.61391937
5419.7500 0.61255006
5419.8000 0.61225566
5419.8500 0.61196126
5419.9000 0.61166686
5419.9500 0.61137245
5420.0000 0.61082645
5420.0500 0.60975731
5420.1000 0.60868816
5420.1500 0.60761901
5420.2000 0.60654986
5420.2500 0.60716627
5420.3000 0.61054163
5420.3500 0.613917
5420.4000 0.61729237
5420.4500 0.62066774
5420.5000 0.62126118
5420.5500 0.61824299
5420.6000 0.6152248
5420.6500 0.6122066
5420.7000 0.60918841
5420.7500 0.61111321
5420.8000 0.61813452
5420.8500 0.62515583
5420.9000 0.63217714
5420.9500 0.63919845
5421.0000 0.64037149
5421.0500 0.63677814
5421.1000 0.6331848
5421.1500 0.62959146
5421.2000 0.62599812
5421.2500 0.61757614
5421.3000 0.60607922
5421.3500 0.59458229
5421.4000 0.58308536
5421.4500 0.57158844
5421.5000 0.57163612
5421.5500 0.57731122
5421.6000 0.58298632
5421.6500 0.58866142
5421.7000 0.59433652
5421.7500 0.595762
5421.8000 0.5956554
5421.8500 0.59554881
5421.9000 0.59544221
5421.9500 0.59533561
5422.0000 0.5959675
5422.0500 0.59678504
5422.1000 0.59760258
5422.1500 0.59842012
5422.2000 0.59923765
5422.2500 0.59868543
5422.3000 0.59791864
5422.3500 0.59715185
5422.4000 0.59638505
5422.4500 0.59561826
5422.5000 0.60060697
5422.5500 0.60601958
5422.6000 0.61143219
5422.6500 0.6168448
5422.7000 0.62225741
5422.7500 0.62124555
5422.8000 0.62023117
5422.8500 0.61921679
5422.9000 0.61820241
5422.9500 0.61654486
5423.0000 0.60623429
5423.0500 0.59592372
5423.1000 0.58561314
5423.1500 0.57530257
5423.2000 0.56765141
5423.2500 0.57631803
5423.3000 0.58498466
5423.3500 0.59365129
5423.4000 0.60231792
5423.4500 0.60651101
5423.5000 0.59412188
5423.5500 0.58173276
5423.6000 0.56934364
5423.6500 0.55695452
5423.7000 0.55110151
5423.7500 0.56155325
5423.8000 0.57200498
5423.8500 0.58245672
5423.9000 0.59290846
5423.9500 0.60017447
5424.0000 0.6018071
5424.0500 0.60343973
5424.1000 0.60507236
5424.1500 0.606705
5424.2000 0.60303229
5424.2500 0.59254329
5424.3000 0.58205429
5424.3500 0.57156528
5424.4000 0.56107628
5424.4500 0.55785582
5424.5000 0.56146699
5424.5500 0.56507816
5424.6000 0.56868933
5424.6500 0.5723005
5424.7000 0.57419354
5424.7500 0.57491558
5424.8000 0.57563762
5424.8500 0.57635966
5424.9000 0.5770817
5424.9500 0.57824423
5425.0000 0.5796186
5425.0500 0.58099297
5425.1000 0.58236734
5425.1500 0.58374171
5425.2000 0.58090276
5425.2500 0.57671277
5425.3000 0.57252278
5425.3500 0.56833279
5425.4000 0.5641428
5425.4500 0.57057856
5425.5000 0.57903049
5425.5500 0.58748242
5425.6000 0.59593435
5425.6500 0.60438628
5425.7000 0.59893221
5425.7500 0.59235405
5425.8000 0.5857759
5425.8500 0.57919774
5425.9000 0.57276201
5425.9500 0.57880789
5426.0000 0.58485377
5426.0500 0.59089966
5426.1000 0.59694554
5426.1500 0.60258578
5426.2000 0.60452299
5426.2500 0.60646021
5426.3000 0.60839742
5426.3500 0.61033463
5426.4000 0.61085044
5426.4500 0.60520886
5426.5000 0.59956728
5426.5500 0.59392571
5426.6000 0.58828413
5426.6500 0.58406282
5426.7000 0.58353468
5426.7500 0.58300655
5426.8000 0.58247841
5426.8500 0.58195028
5426.9000 0.5841535
5426.9500 0.59102083
5427.0000 0.59788816
5427.0500 0.60475549
5427.1000 0.61162283
5427.1500 0.61332464
5427.2000 0.60901803
5427.2500 0.60471143
5427.3000 0.60040482
5427.3500 0.59609822
5427.4000 0.59265018
5427.4500 0.58988606
5427.5000 0.58712194
5427.5500 0.58435782
5427.6000 0.5815937
5427.6500 0.58534503
5427.7000 0.59256893
5427.7500 0.59979283
5427.8000 0.60701673
5427.8500 0.61424063
5427.9000 0.61057347
5427.9500 0.60326463
5428.0000 0.59595579
5428.0500 0.58864694
5428.1000 0.5813381
5428.1500 0.58613897
5428.2000 0.59311242
5428.2500 0.60008586
5428.3000 0.6070593
5428.3500 0.61403274
5428.4000 0.60990637
5428.4500 0.60516781
5428.5000 0.60042926
5428.5500 0.5956907
5428.6000 0.59110424
5428.6500 0.58947244
5428.7000 0.58784064
5428.7500 0.58620884
5428.8000 0.58457704
5428.8500 0.58398298
5428.9000 0.58919813
5428.9500 0.59441327
5429.0000 0.59962842
5429.0500 0.60484357
5429.1000 0.6064778
5429.1500 0.5976803
5429.2000 0.58888279
5429.2500 0.58008529
5429.3000 0.57128778
5429.3500 0.56483902
5429.4000 0.56254925
5429.4500 0.56025948
5429.5000 0.55796971
5429.5500 0.55567995
5429.6000 0.55374431
5429.6500 0.55221179
5429.7000 0.55067927
5429.7500 0.54914675
5429.8000 0.54761423
5429.8500 0.55265351
5429.9000 0.56253455
5429.9500 0.57241559
5430.0000 0.58229663
5430.0500 0.59217767
5430.1000 0.59894753
5430.1500 0.60428867
5430.2000 0.60962982
5430.2500 0.61497096
5430.3000 0.6203121
5430.3500 0.62312082
5430.4000 0.62528127
5430.4500 0.62744173
5430.5000 0.62960218
5430.5500 0.63176263
5430.6000 0.6783138
5430.6500 0.72933792
5430.7000 0.78036205
5430.7500 0.83138617
5430.8000 0.88059841
5430.8500 0.84969165
5430.9000 0.81878489
5430.9500 0.78787812
5431.0000 0.75697136
5431.0500 0.73153304
5431.1000 0.74049779
5431.1500 0.74946253
5431.2000 0.75842728
5431.2500 0.76739203
5431.3000 0.76586102
5431.3500 0.73343402
5431.4000 0.70100701
5431.4500 0.66858
5431.5000 0.636153
5431.5500 0.61514816
5431.6000 0.6134777
5431.6500 0.61180724
5431.7000 0.61013678
5431.7500 0.60846632
5431.8000 0.60408737
5431.8500 0.59689569
5431.9000 0.58970402
5431.9500 0.58251234
5432.0000 0.57532066
5432.0500 0.57294844
5432.1000 0.57364294
5432.1500 0.57433743
5432.2000 0.57503192
5432.2500 0.57572642
5432.3000 0.5802897
5432.3500 0.58626162
5432.4000 0.59223353
5432.4500 0.59820545
5432.5000 0.60417737
5432.5500 0.59965976
5432.6000 0.59338358
5432.6500 0.58710739
5432.7000 0.58083121
5432.7500 0.57455503
5432.8000 0.57822197
5432.8500 0.58208002
5432.9000 0.58593808
5432.9500 0.58979613
5433.0000 0.59233935
5433.0500 0.58393786
5433.1000 0.57553637
5433.1500 0.56713487
5433.2000 0.55873338
5433.2500 0.55398327
5433.3000 0.56113667
5433.3500 0.56829007
5433.4000 0.57544346
5433.4500 0.58259686
5433.5000 0.58694606
5433.5500 0.58638757
5433.6000 0.58582908
5433.6500 0.58527059
5433.7000 0.5847121
5433.7500 0.58447575
5433.8000 0.58456952
5433.8500 0.58466328
5433.9000 0.58475705
5433.9500 0.58485082
5434.0000 0.58416196
5434.0500 0.5830046
5434.1000 0.58184723
5434.1500 0.58068986
5434.2000 0.5795325
5434.2500 0.57492367
5434.3000 0.56921634
5434.3500 0.56350902
5434.4000 0.55780169
5434.4500 0.55209436
5434.5000 0.55135285
5434.5500 0.55120639
5434.6000 0.55105992
5434.6500 0.55091346
5434.7000 0.5507004
5434.7500 0.54824178
5434.8000 0.54578316
5434.8500 0.54332454
5434.9000 0.54086592
5434.9500 0.53939634
5435.0000 0.54289581
5435.0500 0.54639528
5435.1000 0.54989474
5435.1500 0.55339421
5435.2000 0.55540348
5435.2500 0.5540104
5435.3000 0.55261732
5435.3500 0.55122424
5435.4000 0.54983116
5435.4500 0.54794679
5435.5000 0.54544857
5435.5500 0.54295035
5435.6000 0.54045213
5435.6500 0.53795391
5435.7000 0.5424495
5435.7500 0.55188776
5435.8000 0.56132603
5435.8500 0.57076429
5435.9000 0.58020255
5435.9500 0.58373478
5436.0000 0.5850678
5436.0500 0.58640081
5436.1000 0.58773383
5436.1500 0.58906684
5436.2000 0.58361474
5436.2500 0.57717385
5436.3000 0.57073295
5436.3500 0.56429206
5436.4000 0.55795974
5436.4500 0.55744057
5436.5000 0.5569214
5436.5500 0.55640223
5436.6000 0.55588307
5436.6500 0.5563671
5436.7000 0.56191874
5436.7500 0.56747038
5436.8000 0.57302201
5436.8500 0.57857365
5436.9000 0.58149324
5436.9500 0.57865076
5437.0000 0.57580828
5437.0500 0.5729658
5437.1000 0.57012331
5437.1500 0.57068202
5437.2000 0.57518147
5437.2500 0.57968092
5437.3000 0.58418037
5437.3500 0.58867982
5437.4000 0.58772488
5437.4500 0.58334591
5437.5000 0.57896694
5437.5500 0.57458797
5437.6000 0.570209
5437.6500 0.56879312
5437.7000 0.56827827
5437.7500 0.56776343
5437.8000 0.56724858
5437.8500 0.56673373
5437.9000 0.57368438
5437.9500 0.58127813
5438.0000 0.58887187
5438.0500 0.59646562
5438.1000 0.60302768
5438.1500 0.59703773
5438.2000 0.59104779
5438.2500 0.58505784
5438.3000 0.57906789
5438.3500 0.57596754
5438.4000 0.58240052
5438.4500 0.5888335
5438.5000 0.59526648
5438.5500 0.60169946
5438.6000 0.60811318
5438.6500 0.61449687
5438.7000 0.62088056
5438.7500 0.62726425
5438.8000 0.63364794
5438.8500 0.63154273
5438.9000 0.62249435
5438.9500 0.61344596
5439.0000 0.60439758
5439.0500 0.59534919
5439.1000 0.59549218
5439.1500 0.5993728
5439.2000 0.60325343
5439.2500 0.60713405
5439.3000 0.61101467
5439.3500 0.60914899
5439.4000 0.60644837
5439.4500 0.60374774
5439.5000 0.60104711
5439.5500 0.59825743
5439.6000 0.59313346
5439.6500 0.58800949
5439.7000 0.58288552
5439.7500 0.57776155
5439.8000 0.57480853
5439.8500 0.58044488
5439.9000 0.58608124
5439.9500 0.59171759
5440.0000 0.59735394
5440.0500 0.60156933
5440.1000 0.60334601
5440.1500 0.60512269
5440.2000 0.60689937
5440.2500 0.60867605
5440.3000 0.60755303
5440.3500 0.60391935
5440.4000 0.60028567
5440.4500 0.59665199
5440.5000 0.59301831
5440.5500 0.59371092
5440.6000 0.59621257
5440.6500 0.59871422
5440.7000 0.60121587
5440.7500 0.60371752
5440.8000 0.60197045
5440.8500 0.59962046
5440.9000 0.59727047
5440.9500 0.59492048
5441.0000 0.59282128
5441.0500 0.59572822
5441.1000 0.59863515
5441.1500 0.60154209
5441.2000 0.60444903
5441.2500 0.6058731
5441.3000 0.60207274
5441.3500 0.59827238
5441.4000 0.59447203
5441.4500 0.59067167
5441.5000 0.58990018
5441.5500 0.59375132
5441.6000 0.59760246
5441.6500 0.6014536
5441.7000 0.60530474
5441.7500 0.60597476
5441.8000 0.60426469
5441.8500 0.60255463
5441.9000 0.60084456
5441.9500 0.5991345
5442.0000 0.59880905
5442.0500 0.59894618
5442.1000 0.5990833
5442.1500 0.59922042
5442.2000 0.59935754
5442.2500 0.59572439
5442.3000 0.5918011
5442.3500 0.5878778
5442.4000 0.5839545
5442.4500 0.58088229
5442.5000 0.58477444
5442.5500 0.58866659
5442.6000 0.59255874
5442.6500 0.59645089
5442.7000 0.60025076
5442.7500 0.60382539
5442.8000 0.60740002
5442.8500 0.61097466
5442.9000 0.61454929
5442.9500 0.61286877
5443.0000 0.60535195
5443.0500 0.59783512
5443.1000 0.5903183
5443.1500 0.58280148
5443.2000 0.58249794
5443.2500 0.58593774
5443.3000 0.58937753
5443.3500 0.59281732
5443.4000 0.59625712
5443.4500 0.59418966
5443.5000 0.59110657
5443.5500 0.58802347
5443.6000 0.58494038
5443.6500 0.58201257
5443.7000 0.58383694
5443.7500 0.58566132
5443.8000 0.5874857
5443.8500 0.58931007
5443.9000 0.59041408
5443.9500 0.58896976
5444.0000 0.58752545
5444.0500 0.58608113
5444.1000 0.58463681
5444.1500 0.58323264
5444.2000 0.58188609
5444.2500 0.58053955
5444.3000 0.57919301
5444.3500 0.57784646
5444.4000 0.57692619
5444.4500 0.57628767
5444.5000 0.57564914
5444.5500 0.57501061
5444.6000 0.57437208
5444.6500 0.57360269
5444.7000 0.57279955
5444.7500 0.57199641
5444.8000 0.57119327
5444.8500 0.57039013
5444.9000 0.57342747
5444.9500 0.57650615
5445.0000 0.57958482
5445.0500 0.5826635
5445.1000 0.58522074
5445.1500 0.58548221
5445.2000 0.58574369
5445.2500 0.58600517
5445.3000 0.58626664
5445.3500 0.58651052
5445.4000 0.58672595
5445.4500 0.58694139
5445.5000 0.58715682
5445.5500 0.58737226
5445.6000 0.585725
5445.6500 0.58273317
5445.7000 0.57974135
5445.7500 0.57674953
5445.8000 0.57375771
5445.8500 0.57388828
5445.9000 0.57489585
5445.9500 0.57590342
5446.0000 0.57691099
5446.0500 0.57791856
5446.1000 0.57279328
5446.1500 0.56755598
5446.2000 0.56231867
5446.2500 0.55708137
5446.3000 0.55330097
5446.3500 0.55594694
5446.4000 0.5585929
5446.4500 0.56123887
5446.5000 0.56388483
5446.5500 0.56343795
5446.6000 0.55813229
5446.6500 0.55282662
5446.7000 0.54752096
5446.7500 0.54221529
5446.8000 0.54504705
5446.8500 0.55342904
5446.9000 0.56181102
5446.9500 0.57019301
5447.0000 0.578575
5447.0500 0.57794887
5447.1000 0.57509124
5447.1500 0.57223362
5447.2000 0.56937599
5447.2500 0.56656946
5447.3000 0.56891632
5447.3500 0.57126318
5447.4000 0.57361003
5447.4500 0.57595689
5447.5000 0.57626411
5447.5500 0.56932201
5447.6000 0.56237991
5447.6500 0.55543781
5447.7000 0.54849571
5447.7500 0.54436543
5447.8000 0.54395123
5447.8500 0.54353703
5447.9000 0.54312283
5447.9500 0.54270864
5448.0000 0.54494266
5448.0500 0.54864505
5448.1000 0.55234744
5448.1500 0.55604983
5448.2000 0.55975222
5448.2500 0.56275468
5448.3000 0.56564061
5448.3500 0.56852653
5448.4000 0.57141246
5448.4500 0.57401115
5448.5000 0.57294352
5448.5500 0.57187588
5448.6000 0.57080825
5448.6500 0.56974061
5448.7000 0.56807496
5448.7500 0.56494114
5448.8000 0.56180732
5448.8500 0.5586735
5448.9000 0.55553968
5448.9500 0.55405067
5449.0000 0.55415713
5449.0500 0.55426359
5449.1000 0.55437004
5449.1500 0.5544765
5449.2000 0.5607944
5449.2500 0.56944236
5449.3000 0.57809032
5449.3500 0.58673828
5449.4000 0.59538624
5449.4500 0.58897988
5449.5000 0.58175115
5449.5500 0.57452243
5449.6000 0.5672937
5449.6500 0.5617191
5449.7000 0.56418597
5449.7500 0.56665285
5449.8000 0.56911972
5449.8500 0.5715866
5449.9000 0.57448305
5449.9500 0.57803907
5450.0000 0.58159509
5450.0500 0.58515111
5450.1000 0.58870714
5450.1500 0.59203829
5450.2000 0.59523141
5450.2500 0.59842453
5450.3000 0.60161764
5450.3500 0.60481076
5450.4000 0.59966584
5450.4500 0.59300603
5450.5000 0.58634621
5450.5500 0.57968639
5450.6000 0.57392375
5450.6500 0.57934258
5450.7000 0.5847614
5450.7500 0.59018023
5450.8000 0.59559906
5450.8500 0.5987461
5450.9000 0.5966849
5450.9500 0.5946237
5451.0000 0.59256249
5451.0500 0.59050129
5451.1000 0.59157182
5451.1500 0.59536915
5451.2000 0.59916649
5451.2500 0.60296383
5451.3000 0.60676116
5451.3500 0.60740398
5451.4000 0.60708748
5451.4500 0.60677099
5451.5000 0.60645449
5451.5500 0.60614005
5451.6000 0.61018352
5451.6500 0.61422699
5451.7000 0.61827046
5451.7500 0.62231393
5451.8000 0.62442105
5451.8500 0.62024355
5451.9000 0.61606605
5451.9500 0.61188854
5452.0000 0.60771104
5452.0500 0.60559466
5452.1000 0.6057838
5452.1500 0.60597294
5452.2000 0.60616208
5452.2500 0.60635123
5452.3000 0.60758275
5452.3500 0.60924025
5452.4000 0.61089774
5452.4500 0.61255524
5452.5000 0.61421273
5452.5500 0.61466702
5452.6000 0.61505691
5452.6500 0.61544681
5452.7000 0.6158367
5452.7500 0.61634062
5452.8000 0.61733093
5452.8500 0.61832124
5452.9000 0.61931155
5452.9500 0.62030186
5453.0000 0.61951517
5453.0500 0.6163923
5453.1000 0.61326942
5453.1500 0.61014655
5453.2000 0.60702367
5453.2500 0.60583833
5453.3000 0.60558353
5453.3500 0.60532874
5453.4000 0.60507394
5453.4500 0.60481915
5453.5000 0.60420473
5453.5500 0.60355924
5453.6000 0.60291376
5453.6500 0.60226827
5453.7000 0.60172878
5453.7500 0.60171859
5453.8000 0.6017084
5453.8500 0.60169822
5453.9000 0.60168803
5453.9500 0.60263965
5454.0000 0.60494934
5454.0500 0.60725902
5454.1000 0.6095687
5454.1500 0.61187838
5454.2000 0.61397208
5454.2500 0.61595638
5454.3000 0.61794068
5454.3500 0.61992498
5454.4000 0.62190927
5454.4500 0.61986555
5454.5000 0.61744453
5454.5500 0.61502351
5454.6000 0.61260249
5454.6500 0.61066654
5454.7000 0.61116141
5454.7500 0.61165628
5454.8000 0.61215116
5454.8500 0.61264603
5454.9000 0.6112856
5454.9500 0.60736055
5455.0000 0.6034355
5455.0500 0.59951046
5455.1000 0.59558541
5455.1500 0.59434233
5455.2000 0.59439304
5455.2500 0.59444374
5455.3000 0.59449444
5455.3500 0.59454514
5455.4000 0.59089646
5455.4500 0.58697282
5455.5000 0.58304918
5455.5500 0.57912554
5455.6000 0.57669854
5455.6500 0.58071602
5455.7000 0.58473351
5455.7500 0.588751
5455.8000 0.59276848
5455.8500 0.59276205
5455.9000 0.58778812
5455.9500 0.5828142
5456.0000 0.57784027
5456.0500 0.57286634
5456.1000 0.57199297
5456.1500 0.57281073
5456.2000 0.57362849
5456.2500 0.57444626
5456.3000 0.57526402
5456.3500 0.57957859
5456.4000 0.58400169
5456.4500 0.58842479
5456.5000 0.59284789
5456.5500 0.5968893
5456.6000 0.59967569
5456.6500 0.60246207
5456.7000 0.60524845
5456.7500 0.60803484
5456.8000 0.60825717
5456.8500 0.60589408
5456.9000 0.60353098
5456.9500 0.60116789
5457.0000 0.5988048
5457.0500 0.59794395
5457.1000 0.597547
5457.1500 0.59715004
5457.2000 0.59675309
5457.2500 0.59634582
5457.3000 0.59562256
5457.3500 0.5948993
5457.4000 0.59417604
5457.4500 0.59345278
5457.5000 0.59318648
5457.5500 0.59398344
5457.6000 0.59478041
5457.6500 0.59557738
5457.7000 0.59637435
5457.7500 0.59665913
5457.8000 0.59655906
5457.8500 0.59645898
5457.9000 0.5963589
5457.9500 0.59625883
5458.0000 0.59115444
5458.0500 0.58511639
5458.1000 0.57907835
5458.1500 0.57304031
5458.2000 0.56783681
5458.2500 0.56899407
5458.3000 0.57015133
5458.3500 0.57130859
5458.4000 0.57246585
5458.4500 0.5754954
5458.5000 0.58144581
5458.5500 0.58739622
5458.6000 0.59334662
5458.6500 0.59929703
5458.7000 0.60175503
5458.7500 0.60246685
5458.8000 0.60317868
5458.8500 0.60389051
5458.9000 0.60460234
5458.9500 0.60799404
5459.0000 0.6115443
5459.0500 0.61509456
5459.1000 0.61864481
5459.1500 0.62132293
5459.2000 0.62096275
5459.2500 0.62060258
5459.3000 0.6202424
5459.3500 0.61988223
5459.4000 0.61916341
5459.4500 0.61809068
5459.5000 0.61701796
5459.5500 0.61594524
5459.6000 0.61487252
5459.6500 0.6204811
5459.7000 0.62791893
5459.7500 0.63535677
5459.8000 0.6427946
5459.8500 0.65003098
5459.9000 0.65451521
5459.9500 0.65899943
5460.0000 0.66348365
5460.0500 0.66796787
5460.1000 0.67560202
5460.1500 0.68901542
5460.2000 0.70242883
5460.2500 0.71584223
5460.3000 0.72925564
5460.3500 0.74303742
5460.4000 0.75702753
5460.4500 0.77101765
5460.5000 0.78500777
5460.5500 0.79899789
5460.6000 0.80613993
5460.6500 0.81273595
5460.7000 0.81933197
5460.7500 0.82592798
5460.8000 0.82825564
5460.8500 0.81499666
5460.9000 0.80173767
5460.9500 0.78847868
5461.0000 0.77521969
5461.0500 0.76206092
5461.1000 0.74900028
5461.1500 0.73593965
5461.2000 0.72287902
5461.2500 0.70981838
5461.3000 0.70301176
5461.3500 0.6977992
5461.4000 0.69258665
5461.4500 0.6873741
5461.5000 0.68232621
5461.5500 0.67894388
5461.6000 0.67556156
5461.6500 0.67217923
5461.7000 0.66879691
5461.7500 0.66233983
5461.8000 0.65096025
5461.8500 0.63958066
5461.9000 0.62820108
5461.9500 0.6168215
5462.0000 0.61391606
5462.0500 0.61499106
5462.1000 0.61606605
5462.1500 0.61714104
5462.2000 0.61821603
5462.2500 0.6181658
5462.3000 0.61808997
5462.3500 0.61801415
5462.4000 0.61793832
5462.4500 0.61560766
5462.5000 0.60737775
5462.5500 0.59914784
5462.6000 0.59091793
5462.6500 0.58268802
5462.7000 0.58047008
5462.7500 0.58266454
5462.8000 0.584859
5462.8500 0.58705346
5462.9000 0.58924791
5462.9500 0.59057203
5463.0000 0.5917756
5463.0500 0.59297917
5463.1000 0.59418274
5463.1500 0.59536269
5463.2000 0.59643605
5463.2500 0.59750941
5463.3000 0.59858276
5463.3500 0.59965612
5463.4000 0.60029761
5463.4500 0.60048208
5463.5000 0.60066655
5463.5500 0.60085102
5463.6000 0.60103549
5463.6500 0.60250249
5463.7000 0.60430686
5463.7500 0.60611124
5463.8000 0.60791561
5463.8500 0.60967432
5463.9000 0.61101768
5463.9500 0.61236104
5464.0000 0.61370441
5464.0500 0.61504777
5464.1000 0.6140151
5464.1500 0.6095318
5464.2000 0.6050485
5464.2500 0.60056521
5464.3000 0.59608191
5464.3500 0.59868025
5464.4000 0.60406066
5464.4500 0.60944108
5464.5000 0.61482149
5464.5500 0.619943
5464.6000 0.61655722
5464.6500 0.61317144
5464.7000 0.60978566
5464.7500 0.60639989
5464.8000 0.60518033
5464.8500 0.60811841
5464.9000 0.61105649
5464.9500 0.61399457
5465.0000 0.61693264
5465.0500 0.61415099
5465.1000 0.60838304
5465.1500 0.60261509
5465.2000 0.59684714
5465.2500 0.59107919
5465.3000 0.58685191
5465.3500 0.58266763
5465.4000 0.57848334
5465.4500 0.57429906
5465.5000 0.57339992
5465.5500 0.58053827
5465.6000 0.58767662
5465.6500 0.59481497
5465.7000 0.60195332
5465.7500 0.60418478
5465.8000 0.60326393
5465.8500 0.60234308
5465.9000 0.60142223
5465.9500 0.60050139
5466.0000 0.59664315
5466.0500 0.59256042
5466.1000 0.58847769
5466.1500 0.58439496
5466.2000 0.58158913
5466.2500 0.58260238
5466.3000 0.58361564
5466.3500 0.58462889
5466.4000 0.58564214
5466.4500 0.58707721
5466.5000 0.58882589
5466.5500 0.59057457
5466.6000 0.59232324
5466.6500 0.59407192
5466.7000 0.59177904
5466.7500 0.58902706
5466.8000 0.58627508
5466.8500 0.58352311
5466.9000 0.58547657
5466.9500 0.60374535
5467.0000 0.62201414
5467.0500 0.64028292
5467.1000 0.6585517
5467.1500 0.66121225
5467.2000 0.65116061
5467.2500 0.64110896
5467.3000 0.63105731
5467.3500 0.62100566
5467.4000 0.61641081
5467.4500 0.6125612
5467.5000 0.60871159
5467.5500 0.60486198
5467.6000 0.60218557
5467.6500 0.60392316
5467.7000 0.60566075
5467.7500 0.60739834
5467.8000 0.60913593
5467.8500 0.61257976
5467.9000 0.61746802
5467.9500 0.62235628
5468.0000 0.62724454
5468.0500 0.6321328
5468.1000 0.637151
5468.1500 0.64218784
5468.2000 0.64722469
5468.2500 0.65226153
5468.3000 0.65578192
5468.3500 0.65356217
5468.4000 0.65134241
5468.4500 0.64912265
5468.5000 0.6469029
5468.5500 0.64913262
5468.6000 0.65507954
5468.6500 0.66102647
5468.7000 0.66697339
5468.7500 0.67292031
5468.8000 0.66882104
5468.8500 0.6633793
5468.9000 0.65793756
5468.9500 0.65249581
5469.0000 0.64903949
5469.0500 0.65258797
5469.1000 0.65613646
5469.1500 0.65968494
5469.2000 0.66323342
5469.2500 0.65872275
5469.3000 0.64790535
5469.3500 0.63708795
5469.4000 0.62627055
5469.4500 0.61545315
5469.5000 0.61309578
5469.5500 0.6116516
5469.6000 0.61020742
5469.6500 0.60876324
5469.7000 0.60848626
5469.7500 0.61179475
5469.8000 0.61510324
5469.8500 0.61841174
5469.9000 0.62172023
5469.9500 0.62272551
5470.0000 0.62213047
5470.0500 0.62153544
5470.1000 0.6209404
5470.1500 0.62034537
5470.2000 0.61926124
5470.2500 0.61814362
5470.3000 0.617026
5470.3500 0.61590838
5470.4000 0.61493518
5470.4500 0.61432748
5470.5000 0.61371979
5470.5500 0.61311209
5470.6000 0.61250439
5470.6500 0.61405852
5470.7000 0.61687163
5470.7500 0.61968474
5470.8000 0.62249785
5470.8500 0.62531095
5470.9000 0.62754035
5470.9500 0.62975913
5471.0000 0.63197791
5471.0500 0.63419669
5471.1000 0.63533798
5471.1500 0.63432832
5471.2000 0.63331866
5471.2500 0.63230899
5471.3000 0.63129933
5471.3500 0.63033717
5471.4000 0.62939666
5471.4500 0.62845615
5471.5000 0.62751565
5471.5500 0.62666889
5471.6000 0.6279998
5471.6500 0.62933071
5471.7000 0.63066162
5471.7500 0.63199253
5471.8000 0.63250486
5471.8500 0.63177481
5471.9000 0.63104475
5471.9500 0.6303147
5472.0000 0.62958464
5472.0500 0.62655976
5472.1000 0.6227883
5472.1500 0.61901684
5472.2000 0.61524538
5472.2500 0.61225387
5472.3000 0.61536561
5472.3500 0.61847735
5472.4000 0.62158909
5472.4500 0.62470083
5472.5000 0.62711351
5472.5500 0.62874897
5472.6000 0.63038443
5472.6500 0.63201989
5472.7000 0.63365535
5472.7500 0.62943906
5472.8000 0.62406796
5472.8500 0.61869686
5472.9000 0.61332576
5472.9500 0.60815351
5473.0000 0.60378531
5473.0500 0.5994171
5473.1000 0.5950489
5473.1500 0.5906807
5473.2000 0.59250787
5473.2500 0.59914792
5473.3000 0.60578798
5473.3500 0.61242803
5473.4000 0.61906808
5473.4500 0.62008882
5473.5000 0.6206785
5473.5500 0.62126819
5473.6000 0.62185787
5473.6500 0.62250488
5473.7000 0.62328813
5473.7500 0.62407139
5473.8000 0.62485465
5473.8500 0.6256379
5473.9000 0.62290405
5473.9500 0.61839832
5474.0000 0.61389258
5474.0500 0.60938685
5474.1000 0.60501746
5474.1500 0.60437885
5474.2000 0.60374024
5474.2500 0.60310163
5474.3000 0.60246301
5474.3500 0.60040246
5474.4000 0.59626986
5474.4500 0.59213727
5474.5000 0.58800467
5474.5500 0.58387208
5474.6000 0.58642306
5474.6500 0.59085788
5474.7000 0.5952927
5474.7500 0.59972753
5474.8000 0.6041547
5474.8500 0.60854005
5474.9000 0.61292541
5474.9500 0.61731077
5475.0000 0.62169613
5475.0500 0.62010261
5475.1000 0.6132225
5475.1500 0.60634239
5475.2000 0.59946229
5475.2500 0.59258218
5475.3000 0.59483171
5475.3500 0.59800417
5475.4000 0.60117663
5475.4500 0.6043491
5475.5000 0.60624467
5475.5500 0.60496947
5475.6000 0.60369426
5475.6500 0.60241905
5475.7000 0.60114385
5475.7500 0.59959064
5475.8000 0.59789892
5475.8500 0.59620719
5475.9000 0.59451546
5475.9500 0.59282211
5476.0000 0.59109728
5476.0500 0.58937245
5476.1000 0.58764762
5476.1500 0.5859228
5476.2000 0.5847861
5476.2500 0.5844213
5476.3000 0.58405651
5476.3500 0.58369172
5476.4000 0.58332693
5476.4500 0.58208905
5476.5000 0.58065574
5476.5500 0.57922244
5476.6000 0.57778913
5476.6500 0.57665981
5476.7000 0.57672249
5476.7500 0.57678518
5476.8000 0.57684786
5476.8500 0.57691055
5476.9000 0.57498762
5476.9500 0.57168911
5477.0000 0.5683906
5477.0500 0.56509208
5477.1000 0.56179357
5477.1500 0.56310286
5477.2000 0.56450749
5477.2500 0.56591212
5477.3000 0.56731674
5477.3500 0.5695342
5477.4000 0.57313473
5477.4500 0.57673526
5477.5000 0.58033579
5477.5500 0.58393632
5477.6000 0.58304538
5477.6500 0.58075179
5477.7000 0.5784582
5477.7500 0.5761646
5477.8000 0.57413643
5477.8500 0.57355156
5477.9000 0.57296668
5477.9500 0.5723818
5478.0000 0.57179692
5478.0500 0.56968748
5478.1000 0.5663311
5478.1500 0.56297473
5478.2000 0.55961835
5478.2500 0.55626198
5478.3000 0.55925556
5478.3500 0.5626096
5478.4000 0.56596364
5478.4500 0.56931768
5478.5000 0.57143778
5478.5500 0.57120399
5478.6000 0.57097019
5478.6500 0.57073639
5478.7000 0.57050259
5478.7500 0.56972329
5478.8000 0.56875532
5478.8500 0.56778734
5478.9000 0.56681936
5478.9500 0.56640207
5479.0000 0.56927078
5479.0500 0.5721395
5479.1000 0.57500821
5479.1500 0.57787693
5479.2000 0.57857537
5479.2500 0.57746558
5479.3000 0.5763558
5479.3500 0.57524601
5479.4000 0.57413623
5479.4500 0.57541269
5479.5000 0.57681763
5479.5500 0.57822257
5479.6000 0.5796275
5479.6500 0.5812935
5479.7000 0.58343638
5479.7500 0.58557925
5479.8000 0.58772213
5479.8500 0.58986501
5479.9000 0.58512551
5479.9500 0.57821352
5480.0000 0.57130154
5480.0500 0.56438956
5480.1000 0.55883645
5480.1500 0.56002149
5480.2000 0.56120654
5480.2500 0.56239158
5480.3000 0.56357663
5480.3500 0.56711475
5480.4000 0.57237779
5480.4500 0.57764084
5480.5000 0.58290388
5480.5500 0.58816692
5480.6000 0.58767967
5480.6500 0.58712057
5480.7000 0.58656146
5480.7500 0.58600235
5480.8000 0.58603225
5480.8500 0.5869466
5480.9000 0.58786096
5480.9500 0.58877531
5481.0000 0.58968966
5481.0500 0.59531923
5481.1000 0.6020314
5481.1500 0.60874357
5481.2000 0.61545573
5481.2500 0.61861091
5481.3000 0.60973966
5481.3500 0.60086841
5481.4000 0.59199716
5481.4500 0.58312591
5481.5000 0.58397365
5481.5500 0.59017806
5481.6000 0.59638248
5481.6500 0.6025869
5481.7000 0.60839421
5481.7500 0.60825035
5481.8000 0.60810648
5481.8500 0.60796261
5481.9000 0.60781875
5481.9500 0.60912373
5482.0000 0.61198657
5482.0500 0.61484941
5482.1000 0.61771225
5482.1500 0.62057509
5482.2000 0.61471335
5482.2500 0.60791059
5482.3000 0.60110783
5482.3500 0.59430507
5482.4000 0.5912147
5482.4500 0.59583967
5482.5000 0.60046464
5482.5500 0.60508962
5482.6000 0.60971459
5482.6500 0.61158024
5482.7000 0.61251887
5482.7500 0.61345749
5482.8000 0.61439611
5482.8500 0.61408239
5482.9000 0.60780855
5482.9500 0.6015347
5483.0000 0.59526086
5483.0500 0.58898702
5483.1000 0.58668294
5483.1500 0.58702318
5483.2000 0.58736342
5483.2500 0.58770366
5483.3000 0.58817421
5483.3500 0.59313374
5483.4000 0.59809326
5483.4500 0.60305278
5483.5000 0.60801231
5483.5500 0.61025082
5483.6000 0.60926503
5483.6500 0.60827925
5483.7000 0.60729346
5483.7500 0.60630767
5483.8000 0.60561409
5483.8500 0.60495715
5483.9000 0.60430021
5483.9500 0.60364327
5484.0000 0.6029161
5484.0500 0.60204034
5484.1000 0.60116458
5484.1500 0.60028882
5484.2000 0.59941305
5484.2500 0.60136702
5484.3000 0.60424043
5484.3500 0.60711384
5484.4000 0.60998725
5484.4500 0.61220276
5484.5000 0.61161392
5484.5500 0.61102507
5484.6000 0.61043623
5484.6500 0.60984738
5484.7000 0.60998633
5484.7500 0.61055874
5484.8000 0.61113114
5484.8500 0.61170354
5484.9000 0.61231499
5484.9500 0.61348894
5485.0000 0.6146629
5485.0500 0.61583685
5485.1000 0.61701081
5485.1500 0.61807455
5485.2000 0.61903006
5485.2500 0.61998557
5485.3000 0.62094107
5485.3500 0.62189658
5485.4000 0.61932736
5485.4500 0.61655533
5485.5000 0.61378329
5485.5500 0.61101125
5485.6000 0.60806724
5485.6500 0.60485209
5485.7000 0.60163693
5485.7500 0.59842178
5485.8000 0.59520663
5485.8500 0.59946175
5485.9000 0.60522438
5485.9500 0.610987
5486.0000 0.61674962
5486.0500 0.62060231
5486.1000 0.61948259
5486.1500 0.61836286
5486.2000 0.61724314
5486.2500 0.61612342
5486.3000 0.61339852
5486.3500 0.61006291
5486.4000 0.6067273
5486.4500 0.6033917
5486.5000 0.60120708
5486.5500 0.60453508
5486.6000 0.60786309
5486.6500 0.6111911
5486.7000 0.6145191
5486.7500 0.61783141
5486.8000 0.6211342
5486.8500 0.62443699
5486.9000 0.62773978
5486.9500 0.63211241
5487.0000 0.64992006
5487.0500 0.66772771
5487.1000 0.68553536
5487.1500 0.703343
5487.2000 0.70377256
5487.2500 0.6885705
5487.3000 0.67336844
5487.3500 0.65816638
5487.4000 0.64296432
5487.4500 0.63209033
5487.5000 0.62130195
5487.5500 0.61051356
5487.6000 0.59972517
5487.6500 0.59538097
5487.7000 0.59936566
5487.7500 0.60335035
5487.8000 0.60733504
5487.8500 0.61131972
5487.9000 0.60969409
5487.9500 0.60739814
5488.0000 0.60510219
5488.0500 0.60280624
5488.1000 0.60169453
5488.1500 0.60276491
5488.2000 0.60383528
5488.2500 0.60490566
5488.3000 0.60597603
5488.3500 0.60282312
5488.4000 0.59869089
5488.4500 0.59455867
5488.5000 0.59042644
5488.5500 0.58779893
5488.6000 0.58917464
5488.6500 0.59055034
5488.7000 0.59192604
5488.7500 0.59330175
5488.8000 0.59621064
5488.8500 0.59966925
5488.9000 0.60312787
5488.9500 0.60658649
5489.0000 0.61002417
5489.0500 0.61337832
5489.1000 0.61673247
5489.1500 0.62008663
5489.2000 0.62344078
5489.2500 0.62409207
5489.3000 0.6233892
5489.3500 0.62268634
5489.4000 0.62198348
5489.4500 0.62078562
5489.5000 0.61637433
5489.5500 0.61196304
5489.6000 0.60755175
5489.6500 0.60314046
5489.7000 0.60033899
5489.7500 0.59860096
5489.8000 0.59686293
5489.8500 0.5951249
5489.9000 0.59354702
5489.9500 0.594022
5490.0000 0.59449698
5490.0500 0.59497196
5490.1000 0.59544694
5490.1500 0.59603628
5490.2000 0.5967215
5490.2500 0.59740671
5490.3000 0.59809192
5490.3500 0.59870606
5490.4000 0.59523137
5490.4500 0.59175669
5490.5000 0.588282
5490.5500 0.58480732
5490.6000 0.58379277
5490.6500 0.58532209
5490.7000 0.58685141
5490.7500 0.58838074
5490.8000 0.58991006
5490.8500 0.59315402
5490.9000 0.59645531
5490.9500 0.59975661
5491.0000 0.60305791
5491.0500 0.60456119
5491.1000 0.60382301
5491.1500 0.60308482
5491.2000 0.60234663
5491.2500 0.60160844
5491.3000 0.60016274
5491.3500 0.59865888
5491.4000 0.59715501
5491.4500 0.59565115
5491.5000 0.5955214
5491.5500 0.59741527
5491.6000 0.59930914
5491.6500 0.60120301
5491.7000 0.60309688
5491.7500 0.60073964
5491.8000 0.59783688
5491.8500 0.59493412
5491.9000 0.59203136
5491.9500 0.59074803
5492.0000 0.59222713
5492.0500 0.59370624
5492.1000 0.59518534
5492.1500 0.59666444
5492.2000 0.59856792
5492.2500 0.60054376
5492.3000 0.60251959
5492.3500 0.60449542
5492.4000 0.60579554
5492.4500 0.60578736
5492.5000 0.60577917
5492.5500 0.60577098
5492.6000 0.60576279
5492.6500 0.60623222
5492.7000 0.60680068
5492.7500 0.60736913
5492.8000 0.60793759
5492.8500 0.60788989
5492.9000 0.60651721
5492.9500 0.60514453
5493.0000 0.60377185
5493.0500 0.60239917
5493.1000 0.60019988
5493.1500 0.59780421
5493.2000 0.59540854
5493.2500 0.59301287
5493.3000 0.59072921
5493.3500 0.58870677
5493.4000 0.58668434
5493.4500 0.5846619
5493.5000 0.58263946
5493.5500 0.58561799
5493.6000 0.58989672
5493.6500 0.59417545
5493.7000 0.59845418
5493.7500 0.60126893
5493.8000 0.60047605
5493.8500 0.59968317
5493.9000 0.5988903
5493.9500 0.59809742
5494.0000 0.59895602
5494.0500 0.6002666
5494.1000 0.60157717
5494.1500 0.60288775
5494.2000 0.60449855
5494.2500 0.60686975
5494.3000 0.60924096
5494.3500 0.61161216
5494.4000 0.61398337
5494.4500 0.60972916
5494.5000 0.60363289
5494.5500 0.59753662
5494.6000 0.59144034
5494.6500 0.58812319
5494.7000 0.59183626
5494.7500 0.59554934
5494.8000 0.59926241
5494.8500 0.60297548
5494.9000 0.60186012
5494.9500 0.5994273
5495.0000 0.59699449
5495.0500 0.59456167
5495.1000 0.59312468
5495.1500 0.59413255
5495.2000 0.59514043
5495.2500 0.5961483
5495.3000 0.59715617
5495.3500 0.5999596
5495.4000 0.60322694
5495.4500 0.60649428
5495.5000 0.60976162
5495.5500 0.61061814
5495.6000 0.60588672
5495.6500 0.6011553
5495.7000 0.59642387
5495.7500 0.59169245
5495.8000 0.59057411
5495.8500 0.59030558
5495.9000 0.59003705
5495.9500 0.58976852
5496.0000 0.5889927
5496.0500 0.58713511
5496.1000 0.58527751
5496.1500 0.58341991
5496.2000 0.58156231
5496.2500 0.58247636
5496.3000 0.58395668
5496.3500 0.585437
5496.4000 0.58691732
5496.4500 0.58824805
5496.5000 0.58929215
5496.5500 0.59033625
5496.6000 0.59138036
5496.6500 0.59242446
5496.7000 0.59105228
5496.7500 0.58927687
5496.8000 0.58750145
5496.8500 0.58572604
5496.9000 0.58673149
5496.9500 0.59242141
5497.0000 0.59811133
5497.0500 0.60380124
5497.1000 0.60949116
5497.1500 0.60667469
5497.2000 0.60280138
5497.2500 0.59892808
5497.3000 0.59505477
5497.3500 0.59117482
5497.4000 0.58728524
5497.4500 0.58339567
5497.5000 0.57950609
5497.5500 0.57561651
5497.6000 0.57995578
5497.6500 0.58493479
5497.7000 0.5899138
5497.7500 0.59489281
5497.8000 0.60055122
5497.8500 0.60704252
5497.9000 0.61353382
5497.9500 0.62002511
5498.0000 0.62651641
5498.0500 0.62293128
5498.1000 0.61905708
5498.1500 0.61518287
5498.2000 0.61130867
5498.2500 0.60955235
5498.3000 0.60994431
5498.3500 0.61033628
5498.4000 0.61072824
5498.4500 0.611094
5498.5000 0.61030759
5498.5500 0.60952118
5498.6000 0.60873478
5498.6500 0.60794837
5498.7000 0.60826736
5498.7500 0.6094926
5498.8000 0.61071784
5498.8500 0.61194308
5498.9000 0.61305903
5498.9500 0.61288731
5499.0000 0.61271558
5499.0500 0.61254386
5499.1000 0.61237214
5499.1500 0.60926588
5499.2000 0.60427113
5499.2500 0.59927638
5499.3000 0.59428163
5499.3500 0.59025721
5499.4000 0.59218745
5499.4500 0.59411768
5499.5000 0.59604792
5499.5500 0.59797815
5499.6000 0.59880617
5499.6500 0.59909929
5499.7000 0.59939241
5499.7500 0.59968554
5499.8000 0.60009737
5499.8500 0.60096151
5499.9000 0.60182566
5499.9500 0.6026898
5500.0000 0.60355394
5500.0500 0.59715874
5500.1000 0.58826539
5500.1500 0.57937204
5500.2000 0.5704787
5500.2500 0.56535327
5500.3000 0.56984325
5500.3500 0.57433322
5500.4000 0.5788232
5500.4500 0.58331318
5500.5000 0.58563817
5500.5500 0.58748975
5500.6000 0.58934134
5500.6500 0.59119292
5500.7000 0.59320542
5500.7500 0.59550266
5500.8000 0.5977999
5500.8500 0.60009714
5500.9000 0.60239439
5500.9500 0.59814417
5501.0000 0.59319108
5501.0500 0.58823799
5501.1000 0.58328491
5501.1500 0.57954718
5501.2000 0.57731603
5501.2500 0.57508487
5501.3000 0.57285372
5501.3500 0.57062256
5501.4000 0.57506581
5501.4500 0.57956674
5501.5000 0.58406767
5501.5500 0.58856859
5501.6000 0.59083357
5501.6500 0.59117713
5501.7000 0.59152069
5501.7500 0.59186425
5501.8000 0.59192519
5501.8500 0.58897099
5501.9000 0.5860168
5501.9500 0.5830626
5502.0000 0.58010841
5502.0500 0.5829488
5502.1000 0.58911928
5502.1500 0.59528976
5502.2000 0.60146024
5502.2500 0.60657025
5502.3000 0.6070352
5502.3500 0.60750015
5502.4000 0.6079651
5502.4500 0.60843005
5502.5000 0.60509078
5502.5500 0.60040209
5502.6000 0.59571339
5502.6500 0.59102469
5502.7000 0.58663707
5502.7500 0.58297971
5502.8000 0.57932235
5502.8500 0.57566499
5502.9000 0.57200763
5502.9500 0.57211064
5503.0000 0.572892
5503.0500 0.57367336
5503.1000 0.57445472
5503.1500 0.57604208
5503.2000 0.57881901
5503.2500 0.58159594
5503.3000 0.58437286
5503.3500 0.58714979
5503.4000 0.58955835
5503.4500 0.59195239
5503.5000 0.59434644
5503.5500 0.59674048
5503.6000 0.59777448
5503.6500 0.5975619
5503.7000 0.59734931
5503.7500 0.59713672
5503.8000 0.59682015
5503.8500 0.59535334
5503.9000 0.59388652
5503.9500 0.59241971
5504.0000 0.5909529
5504.0500 0.58872648
5504.1000 0.58608297
5504.1500 0.58343945
5504.2000 0.58079593
5504.2500 0.57922214
5504.3000 0.58168141
5504.3500 0.58414067
5504.4000 0.58659993
5504.4500 0.58905919
5504.5000 0.58726504
5504.5500 0.58423756
5504.6000 0.58121008
5504.6500 0.57818259
5504.7000 0.57557461
5504.7500 0.57377276
5504.8000 0.57197091
5504.8500 0.57016906
5504.9000 0.56836721
5504.9500 0.57130757
5505.0000 0.57471232
5505.0500 0.57811707
5505.1000 0.58152182
5505.1500 0.5828903
5505.2000 0.58206006
5505.2500 0.58122981
5505.3000 0.58039957
5505.3500 0.57967791
5505.4000 0.58092345
5505.4500 0.58216898
5505.5000 0.58341452
5505.5500 0.58466005
5505.6000 0.58678386
5505.6500 0.58943402
5505.7000 0.59208417
5505.7500 0.59473432
5505.8000 0.59532439
5505.8500 0.5876602
5505.9000 0.57999601
5505.9500 0.57233182
5506.0000 0.56466763
5506.0500 0.56786836
5506.1000 0.57421152
5506.1500 0.58055468
5506.2000 0.58689785
5506.2500 0.59248765
5506.3000 0.59669706
5506.3500 0.60090647
5506.4000 0.60511588
5506.4500 0.60932528
5506.5000 0.60392266
5506.5500 0.59781823
5506.6000 0.59171379
5506.6500 0.58560935
5506.7000 0.58284378
5506.7500 0.58325647
5506.8000 0.58366916
5506.8500 0.58408184
5506.9000 0.58445994
5506.9500 0.58450534
5507.0000 0.58455074
5507.0500 0.58459614
5507.1000 0.58464154
5507.1500 0.58496559
5507.2000 0.58542229
5507.2500 0.58587898
5507.3000 0.58633568
5507.3500 0.5871051
5507.4000 0.58875399
5507.4500 0.59040289
5507.5000 0.59205178
5507.5500 0.59370068
5507.6000 0.59056697
5507.6500 0.58658
5507.7000 0.58259304
5507.7500 0.57860607
5507.8000 0.57670937
5507.8500 0.57751243
5507.9000 0.57831549
5507.9500 0.57911855
5508.0000 0.5799325
5508.0500 0.58116003
5508.1000 0.58238756
5508.1500 0.58361509
5508.2000 0.58484262
5508.2500 0.58639203
5508.3000 0.58814178
5508.3500 0.58989152
5508.4000 0.59164127
5508.4500 0.59282454
5508.5000 0.59185853
5508.5500 0.59089251
5508.6000 0.5899265
5508.6500 0.58896049
5508.7000 0.58901398
5508.7500 0.58931871
5508.8000 0.58962344
5508.8500 0.58992817
5508.9000 0.58717349
5508.9500 0.57978122
5509.0000 0.57238895
5509.0500 0.56499668
5509.1000 0.55760441
5509.1500 0.56384352
5509.2000 0.57016284
5509.2500 0.57648216
5509.3000 0.58280147
5509.3500 0.58753123
5509.4000 0.59116686
5509.4500 0.5948025
5509.5000 0.59843813
5509.5500 0.60007894
5509.6000 0.59332178
5509.6500 0.58656462
5509.7000 0.57980746
5509.7500 0.5730503
5509.8000 0.57047892
5509.8500 0.56899974
5509.9000 0.56752056
5509.9500 0.56604138
5510.0000 0.56747353
5510.0500 0.57335228
5510.1000 0.57923104
5510.1500 0.5851098
5510.2000 0.59098855
5510.2500 0.58369221
5510.3000 0.57639275
5510.3500 0.5690933
5510.4000 0.56179384
5510.4500 0.55797776
5510.5000 0.5564327
5510.5500 0.55488764
5510.6000 0.55334259
5510.6500 0.55319928
5510.7000 0.55825367
5510.7500 0.56330806
5510.8000 0.56836244
5510.8500 0.57341683
5510.9000 0.57338674
5510.9500 0.57224774
5511.0000 0.57110873
5511.0500 0.56996972
5511.1000 0.5684772
5511.1500 0.56651795
5511.2000 0.5645587
5511.2500 0.56259945
5511.3000 0.56077895
5511.3500 0.56208383
5511.4000 0.56338872
5511.4500 0.5646936
5511.5000 0.56599848
5511.5500 0.566396
5511.6000 0.56631669
5511.6500 0.56623738
5511.7000 0.56615807
5511.7500 0.56646829
5511.8000 0.56783161
5511.8500 0.56919492
5511.9000 0.57055824
5511.9500 0.57192156
5512.0000 0.56185702
5512.0500 0.55032197
5512.1000 0.53878692
5512.1500 0.52725186
5512.2000 0.52529327
5512.2500 0.53277946
5512.3000 0.54026564
5512.3500 0.54775183
5512.4000 0.55480145
5512.4500 0.55872143
5512.5000 0.56264142
5512.5500 0.56656141
5512.6000 0.57048139
5512.6500 0.57396313
5512.7000 0.57729317
5512.7500 0.58062321
5512.8000 0.58395325
5512.8500 0.58258435
5512.9000 0.57303347
5512.9500 0.56348258
5513.0000 0.5539317
5513.0500 0.54438082
5513.1000 0.54935828
5513.1500 0.5545089
5513.2000 0.55965952
5513.2500 0.56481014
5513.3000 0.56912448
5513.3500 0.57291116
5513.4000 0.57669785
5513.4500 0.58048453
5513.5000 0.58290473
5513.5500 0.58098668
5513.6000 0.57906863
5513.6500 0.57715057
5513.7000 0.57523252
5513.7500 0.5740617
5513.8000 0.57300507
5513.8500 0.57194844
5513.9000 0.57089182
5513.9500 0.56851876
5514.0000 0.56481236
5514.0500 0.56110595
5514.1000 0.55739954
5514.1500 0.55530608
5514.2000 0.5642326
5514.2500 0.57315912
5514.3000 0.58208564
5514.3500 0.59101215
5514.4000 0.5877557
5514.4500 0.58065282
5514.5000 0.57354995
5514.5500 0.56644707
5514.6000 0.56433742
5514.6500 0.56991116
5514.7000 0.57548491
5514.7500 0.58105866
5514.8000 0.58633965
5514.8500 0.58190006
5514.9000 0.57746046
5514.9500 0.57302087
5515.0000 0.56858127
5515.0500 0.5666461
5515.1000 0.5659665
5515.1500 0.5652869
5515.2000 0.56460731
5515.2500 0.56368758
5515.3000 0.56221911
5515.3500 0.56075065
5515.4000 0.55928218
5515.4500 0.55781372
5515.5000 0.55782189
5515.5500 0.55791731
5515.6000 0.55801272
5515.6500 0.55810813
5515.7000 0.55611845
5515.7500 0.5526528
5515.8000 0.54918716
5515.8500 0.54572151
5515.9000 0.54395212
5515.9500 0.54791539
5516.0000 0.55187867
5516.0500 0.55584194
5516.1000 0.55980521
5516.1500 0.55920158
5516.2000 0.55793134
5516.2500 0.55666111
5516.3000 0.55539087
5516.3500 0.5567426
5516.4000 0.56053001
5516.4500 0.56431742
5516.5000 0.56810482
5516.5500 0.57171786
5516.6000 0.57445293
5516.6500 0.577188
5516.7000 0.57992308
5516.7500 0.58265815
5516.8000 0.58265637
5516.8500 0.58203119
5516.9000 0.58140601
5516.9500 0.58078083
5517.0000 0.58111276
5517.0500 0.582547
5517.1000 0.58398124
5517.1500 0.58541548
5517.2000 0.58675054
5517.2500 0.58733353
5517.3000 0.58791652
5517.3500 0.58849951
5517.4000 0.5890825
5517.4500 0.58318375
5517.5000 0.57534643
5517.5500 0.5675091
5517.6000 0.55967177
5517.6500 0.55867915
5517.7000 0.56696488
5517.7500 0.57525062
5517.8000 0.58353636
5517.8500 0.590391
5517.9000 0.58096055
5517.9500 0.57153011
5518.0000 0.56209967
5518.0500 0.55266922
5518.1000 0.55742353
5518.1500 0.56719996
5518.2000 0.57697639
5518.2500 0.58675283
5518.3000 0.59479255
5518.3500 0.60020283
5518.4000 0.60561311
5518.4500 0.61102339
5518.5000 0.61583861
5518.5500 0.6110775
5518.6000 0.6063164
5518.6500 0.60155529
5518.7000 0.59679418
5518.7500 0.59207008
5518.8000 0.58736032
5518.8500 0.58265055
5518.9000 0.57794079
5518.9500 0.57645394
5519.0000 0.58012696
5519.0500 0.58379997
5519.1000 0.58747299
5519.1500 0.59094007
5519.2000 0.59046916
5519.2500 0.58999826
5519.3000 0.58952736
5519.3500 0.58905646
5519.4000 0.58991816
5519.4500 0.59130735
5519.5000 0.59269654
5519.5500 0.59408573
5519.6000 0.59516806
5519.6500 0.59575945
5519.7000 0.59635084
5519.7500 0.59694223
5519.8000 0.59729448
5519.8500 0.59348688
5519.9000 0.58967929
5519.9500 0.5858717
5520.0000 0.58206411
5520.0500 0.57622518
5520.1000 0.569618
5520.1500 0.56301082
5520.2000 0.55640364
5520.2500 0.55807889
5520.3000 0.57226619
5520.3500 0.58645349
5520.4000 0.60064079
5520.4500 0.61369045
5520.5000 0.61218946
5520.5500 0.61068847
5520.6000 0.60918748
5520.6500 0.60768649
5520.7000 0.60054918
5520.7500 0.59151532
5520.8000 0.58248147
5520.8500 0.57344761
5520.9000 0.56962878
5520.9500 0.57285274
5521.0000 0.57607671
5521.0500 0.57930067
5521.1000 0.58190021
5521.1500 0.57912924
5521.2000 0.57635826
5521.2500 0.57358728
5521.3000 0.57081631
5521.3500 0.57082607
5521.4000 0.57160027
5521.4500 0.57237447
5521.5000 0.57314867
5521.5500 0.57311221
5521.6000 0.57214712
5521.6500 0.57118202
5521.7000 0.57021693
5521.7500 0.56927761
5521.8000 0.56848517
5521.8500 0.56769273
5521.9000 0.56690029
5521.9500 0.56610785
5522.0000 0.56990737
5522.0500 0.57462078
5522.1000 0.57933419
5522.1500 0.5840476
5522.2000 0.58584461
5522.2500 0.58495204
5522.3000 0.58405947
5522.3500 0.5831669
5522.4000 0.58282198
5522.4500 0.58456302
5522.5000 0.58630405
5522.5500 0.58804508
5522.6000 0.58978611
5522.6500 0.5899557
5522.7000 0.58994518
5522.7500 0.58993466
5522.8000 0.58992413
5522.8500 0.58887789
5522.9000 0.58710562
5522.9500 0.58533334
5523.0000 0.58356107
5523.0500 0.58215056
5523.1000 0.5816698
5523.1500 0.58118903
5523.2000 0.58070827
5523.2500 0.58022751
5523.3000 0.57731663
5523.3500 0.57434048
5523.4000 0.57136433
5523.4500 0.56838818
5523.5000 0.56459028
5523.5500 0.56038592
5523.6000 0.55618157
5523.6500 0.55197721
5523.7000 0.55231669
5523.7500 0.56053393
5523.8000 0.56875117
5523.8500 0.57696841
5523.9000 0.58470429
5523.9500 0.58540475
5524.0000 0.58610521
5524.0500 0.58680567
5524.1000 0.58750613
5524.1500 0.57764843
5524.2000 0.56452526
5524.2500 0.55140208
5524.3000 0.53827891
5524.3500 0.53556113
5524.4000 0.54481422
5524.4500 0.55406731
5524.5000 0.5633204
5524.5500 0.56999587
5524.6000 0.56388463
5524.6500 0.55777339
5524.7000 0.55166215
5524.7500 0.54555091
5524.8000 0.54505161
5524.8500 0.54537593
5524.9000 0.54570026
5524.9500 0.54602458
5525.0000 0.54269352
5525.0500 0.5366912
5525.1000 0.53068888
5525.1500 0.52468656
5525.2000 0.52225401
5525.2500 0.52877553
5525.3000 0.53529704
5525.3500 0.54181856
5525.4000 0.54834007
5525.4500 0.55081879
5525.5000 0.5532723
5525.5500 0.55572581
5525.6000 0.55817933
5525.6500 0.56341832
5525.7000 0.56982803
5525.7500 0.57623775
5525.8000 0.58264746
5525.8500 0.58546154
5525.9000 0.58322497
5525.9500 0.58098841
5526.0000 0.57875184
5526.0500 0.57569589
5526.1000 0.56711459
5526.1500 0.55853329
5526.2000 0.54995199
5526.2500 0.54137069
5526.3000 0.53894854
5526.3500 0.53766534
5526.4000 0.53638215
5526.4500 0.53509896
5526.5000 0.53930433
5526.5500 0.547818
5526.6000 0.55633167
5526.6500 0.56484535
5526.7000 0.57128975
5526.7500 0.57236118
5526.8000 0.5734326
5526.8500 0.57450403
5526.9000 0.57557545
5526.9500 0.56789835
5527.0000 0.56019807
5527.0500 0.55249779
5527.1000 0.54479752
5527.1500 0.54314754
5527.2000 0.54387176
5527.2500 0.54459597
5527.3000 0.54532019
5527.3500 0.54266969
5527.4000 0.535733
5527.4500 0.5287963
5527.5000 0.52185961
5527.5500 0.51727564
5527.6000 0.52465443
5527.6500 0.53203321
5527.7000 0.539412
5527.7500 0.54679079
5527.8000 0.54253343
5527.8500 0.53683343
5527.9000 0.53113344
5527.9500 0.52543344
5528.0000 0.52244525
5528.0500 0.52114359
5528.1000 0.51984193
5528.1500 0.51854028
5528.2000 0.51820774
5528.2500 0.5197158
5528.3000 0.52122386
5528.3500 0.52273192
5528.4000 0.52393601
5528.4500 0.52137984
5528.5000 0.51882367
5528.5500 0.5162675
5528.6000 0.51371133
5528.6500 0.51876944
5528.7000 0.52565819
5528.7500 0.53254695
5528.8000 0.5394357
5528.8500 0.53639193
5528.9000 0.52485547
5528.9500 0.51331902
5529.0000 0.50178256
5529.0500 0.49573753
5529.1000 0.50428107
5529.1500 0.51282461
5529.2000 0.52136815
5529.2500 0.52977536
5529.3000 0.52380571
5529.3500 0.51783606
5529.4000 0.51186641
5529.4500 0.50589676
5529.5000 0.5068465
5529.5500 0.51014198
5529.6000 0.51343745
5529.6500 0.51673293
5529.7000 0.51543803
5529.7500 0.50928363
5529.8000 0.50312922
5529.8500 0.49697481
5529.9000 0.49273301
5529.9500 0.49503363
5530.0000 0.49733424
5530.0500 0.49963485
5530.1000 0.50193547
5530.1500 0.50870838
5530.2000 0.51562831
5530.2500 0.52254825
5530.3000 0.52946818
5530.3500 0.53480027
5530.4000 0.53948897
5530.4500 0.54417766
5530.5000 0.54886636
5530.5500 0.54762151
5530.6000 0.53931605
5530.6500 0.53101059
5530.7000 0.52270514
5530.7500 0.51717192
5530.8000 0.52251394
5530.8500 0.52785596
5530.9000 0.53319799
5530.9500 0.53854001
5531.0000 0.53873695
5531.0500 0.53866961
5531.1000 0.53860227
5531.1500 0.53853493
5531.2000 0.53697061
5531.2500 0.53476678
5531.3000 0.53256294
5531.3500 0.5303591
5531.4000 0.52842968
5531.4500 0.52683334
5531.5000 0.525237
5531.5500 0.52364066
5531.6000 0.52321862
5531.6500 0.52737126
5531.7000 0.5315239
5531.7500 0.53567654
5531.8000 0.53982918
5531.8500 0.53961327
5531.9000 0.53920741
5531.9500 0.53880155
5532.0000 0.53839569
5532.0500 0.54535787
5532.1000 0.55527267
5532.1500 0.56518747
5532.2000 0.57510227
5532.2500 0.57562458
5532.3000 0.56559819
5532.3500 0.5555718
5532.4000 0.54554541
5532.4500 0.53871982
5532.5000 0.54263296
5532.5500 0.54654609
5532.6000 0.55045923
5532.6500 0.55437236
5532.7000 0.5577596
5532.7500 0.56114139
5532.8000 0.56452318
5532.8500 0.56790497
5532.9000 0.56957347
5532.9500 0.5706751
5533.0000 0.57177672
5533.0500 0.57287835
5533.1000 0.57020614
5533.1500 0.56397353
5533.2000 0.55774091
5533.2500 0.55150829
5533.3000 0.54860543
5533.3500 0.55429777
5533.4000 0.55999012
5533.4500 0.56568246
5533.5000 0.57102905
5533.5500 0.56910864
5533.6000 0.56718823
5533.6500 0.56526781
5533.7000 0.5633474
5533.7500 0.56466204
5533.8000 0.56672016
5533.8500 0.56877828
5533.9000 0.57083641
5533.9500 0.56845919
5534.0000 0.56290107
5534.0500 0.55734294
5534.1000 0.55178481
5534.1500 0.54972085
5534.2000 0.55405857
5534.2500 0.55839628
5534.3000 0.56273399
5534.3500 0.56555408
5534.4000 0.5577852
5534.4500 0.55001632
5534.5000 0.54224745
5534.5500 0.53447857
5534.6000 0.5313818
5534.6500 0.52880914
5534.7000 0.52623649
5534.7500 0.52366384
5534.8000 0.52812625
5534.8500 0.5359847
5534.9000 0.54384316
5534.9500 0.55170161
5535.0000 0.55448018
5535.0500 0.55108122
5535.1000 0.54768225
5535.1500 0.54428328
5535.2000 0.5395872
5535.2500 0.53053832
5535.3000 0.52148944
5535.3500 0.51244056
5535.4000 0.50355597
5535.4500 0.51191889
5535.5000 0.52028182
5535.5500 0.52864475
5535.6000 0.53700768
5535.6500 0.53906028
5535.7000 0.53944363
5535.7500 0.53982697
5535.8000 0.54021032
5535.8500 0.54027718
5535.9000 0.54010888
5535.9500 0.53994057
5536.0000 0.53977227
5536.0500 0.5413118
5536.1000 0.54591247
5536.1500 0.55051313
5536.2000 0.5551138
5536.2500 0.55764796
5536.3000 0.54790266
5536.3500 0.53815736
5536.4000 0.52841205
5536.4500 0.51866675
5536.5000 0.52195233
5536.5500 0.52619613
5536.6000 0.53043993
5536.6500 0.53468373
5536.7000 0.52903656
5536.7500 0.51955199
5536.8000 0.51006742
5536.8500 0.50058285
5536.9000 0.49986152
5536.9500 0.50752708
5537.0000 0.51519263
5537.0500 0.52285818
5537.1000 0.53034863
5537.1500 0.53743631
5537.2000 0.54452398
5537.2500 0.55161165
5537.3000 0.55827446
5537.3500 0.56096077
5537.4000 0.56364709
5537.4500 0.56633341
5537.5000 0.56901973
5537.5500 0.57057785
5537.6000 0.5719988
5537.6500 0.57341975
5537.7000 0.5748407
5537.7500 0.56432886
5537.8000 0.54841002
5537.8500 0.53249118
5537.9000 0.51657234
5537.9500 0.51202476
5538.0000 0.51949007
5538.0500 0.52695539
5538.1000 0.5344207
5538.1500 0.54034261
5538.2000 0.54240969
5538.2500 0.54447677
5538.3000 0.54654385
5538.3500 0.54825331
5538.4000 0.54621273
5538.4500 0.54417216
5538.5000 0.54213158
5538.5500 0.54009101
5538.6000 0.5343745
5538.6500 0.52820244
5538.7000 0.52203038
5538.7500 0.51585832
5538.8000 0.518859
5538.8500 0.52590533
5538.9000 0.53295166
5538.9500 0.53999799
5539.0000 0.54085063
5539.0500 0.53550118
5539.1000 0.53015174
5539.1500 0.52480229
5539.2000 0.52420182
5539.2500 0.53432589
5539.3000 0.54444996
5539.3500 0.55457403
5539.4000 0.5623484
5539.4500 0.55216084
5539.5000 0.54197328
5539.5500 0.53178571
5539.6000 0.52159815
5539.6500 0.53146949
5539.7000 0.54294426
5539.7500 0.55441904
5539.8000 0.56589381
5539.8500 0.56054151
5539.9000 0.54920931
5539.9500 0.5378771
5540.0000 0.52654489
5540.0500 0.52626022
5540.1000 0.53497247
5540.1500 0.54368471
5540.2000 0.55239695
5540.2500 0.55703149
5540.3000 0.55460327
5540.3500 0.55217504
5540.4000 0.54974682
5540.4500 0.54705104
5540.5000 0.54315618
5540.5500 0.53926131
5540.6000 0.53536645
5540.6500 0.53147291
5540.7000 0.53132819
5540.7500 0.53118347
5540.8000 0.53103874
5540.8500 0.53089402
5540.9000 0.53069448
5540.9500 0.5304829
5541.0000 0.53027132
5541.0500 0.53005974
5541.1000 0.53356423
5541.1500 0.53915188
5541.2000 0.54473953
5541.2500 0.55032718
5541.3000 0.55245046
5541.3500 0.55056046
5541.4000 0.54867047
5541.4500 0.54678047
5541.5000 0.5477362
5541.5500 0.5557502
5541.6000 0.5637642
5541.6500 0.57177819
5541.7000 0.57863538
5541.7500 0.57640263
5541.8000 0.57416987
5541.8500 0.57193711
5541.9000 0.56970436
5541.9500 0.55686955
5542.0000 0.54335785
5542.0500 0.52984615
5542.1000 0.51633445
5542.1500 0.5185499
5542.2000 0.52550011
5542.2500 0.53245032
5542.3000 0.53940054
5542.3500 0.54691832
5542.4000 0.55481645
5542.4500 0.56271458
5542.5000 0.57061271
5542.5500 0.57029864
5542.6000 0.55911782
5542.6500 0.547937
5542.7000 0.53675619
5542.7500 0.52826501
5542.8000 0.52728616
5542.8500 0.52630731
5542.9000 0.52532845
5542.9500 0.52487094
5543.0000 0.52919154
5543.0500 0.53351213
5543.1000 0.53783272
5543.1500 0.54215332
5543.2000 0.5409644
5543.2500 0.53939022
5543.3000 0.53781604
5543.3500 0.53624185
5543.4000 0.54109174
5543.4500 0.54783416
5543.5000 0.55457659
5543.5500 0.56131901
5543.6000 0.55985383
5543.6500 0.55318
5543.7000 0.54650616
5543.7500 0.53983233
5543.8000 0.53733497
5543.8500 0.53988839
5543.9000 0.5424418
5543.9500 0.54499521
5544.0000 0.54904636
5544.0500 0.55667664
5544.1000 0.56430691
5544.1500 0.57193719
5544.2000 0.57685782
5544.2500 0.56498484
5544.3000 0.55311185
5544.3500 0.54123886
5544.4000 0.52936587
5544.4500 0.53267123
5544.5000 0.53621737
5544.5500 0.53976351
5544.6000 0.54330965
5544.6500 0.54291108
5544.7000 0.54171237
5544.7500 0.54051367
5544.8000 0.53931496
5544.8500 0.5395406
5544.9000 0.54043688
5544.9500 0.54133316
5545.0000 0.54222944
5545.0500 0.54049191
5545.1000 0.5364181
5545.1500 0.53234429
5545.2000 0.52827048
5545.2500 0.52594262
5545.3000 0.5264452
5545.3500 0.52694778
5545.4000 0.52745036
5545.4500 0.53223227
5545.5000 0.55097373
5545.5500 0.56971519
5545.6000 0.58845666
5545.6500 0.60689909
5545.7000 0.62229108
5545.7500 0.63768306
5545.8000 0.65307504
5545.8500 0.66846702
5545.9000 0.65007533
5545.9500 0.62973462
5546.0000 0.60939391
5546.0500 0.5890532
5546.1000 0.57654948
5546.1500 0.56596633
5546.2000 0.55538319
5546.2500 0.54480004
5546.3000 0.53335119
5546.3500 0.52146117
5546.4000 0.50957114
5546.4500 0.49768111
5546.5000 0.49793678
5546.5500 0.50926085
5546.6000 0.52058492
5546.6500 0.53190899
5546.7000 0.53588783
5546.7500 0.52815919
5546.8000 0.52043056
5546.8500 0.51270192
5546.9000 0.50951544
5546.9500 0.52000094
5547.0000 0.53048643
5547.0500 0.54097193
5547.1000 0.55013156
5547.1500 0.54906413
5547.2000 0.5479967
5547.2500 0.54692927
5547.3000 0.54586184
5547.3500 0.55116661
5547.4000 0.55659024
5547.4500 0.56201387
5547.5000 0.56743749
5547.5500 0.55581778
5547.6000 0.54119394
5547.6500 0.52657009
5547.7000 0.51194625
5547.7500 0.51003215
5547.8000 0.51305714
5547.8500 0.51608213
5547.9000 0.51910713
5547.9500 0.52541794
5548.0000 0.53399631
5548.0500 0.54257468
5548.1000 0.55115305
5548.1500 0.55060056
5548.2000 0.53953206
5548.2500 0.52846356
5548.3000 0.51739506
5548.3500 0.5096318
5548.4000 0.50830306
5548.4500 0.50697431
5548.5000 0.50564557
5548.5500 0.50493423
5548.6000 0.50647047
5548.6500 0.50800671
5548.7000 0.50954295
5548.7500 0.51074914
5548.8000 0.50874344
5548.8500 0.50673774
5548.9000 0.50473204
5548.9500 0.50272634
5549.0000 0.50061396
5549.0500 0.49849856
5549.1000 0.49638316
5549.1500 0.49426775
5549.2000 0.50572874
5549.2500 0.51952639
5549.3000 0.53332403
5549.3500 0.54712168
5549.4000 0.545992
5549.4500 0.539493
5549.5000 0.532994
5549.5500 0.526495
5549.6000 0.52371514
5549.6500 0.52322159
5549.7000 0.52272805
5549.7500 0.5222345
5549.8000 0.51659809
5549.8500 0.50591396
5549.9000 0.49522984
5549.9500 0.48454571
5550.0000 0.48204857
5550.0500 0.49227188
5550.1000 0.50249519
5550.1500 0.51271849
5550.2000 0.51855865
5550.2500 0.51312988
5550.3000 0.50770112
5550.3500 0.50227235
5550.4000 0.49865101
5550.4500 0.50385225
5550.5000 0.50905349
5550.5500 0.51425473
5550.6000 0.51821307
5550.6500 0.50322574
5550.7000 0.48823841
5550.7500 0.47325108
5550.8000 0.45826375
5550.8500 0.47298517
5550.9000 0.48911825
5550.9500 0.50525132
5551.0000 0.52138439
5551.0500 0.52688311
5551.1000 0.53049419
5551.1500 0.53410526
5551.2000 0.53771634
5551.2500 0.53152011
5551.3000 0.52197428
5551.3500 0.51242845
5551.4000 0.50288262
5551.4500 0.50518912
5551.5000 0.51407301
5551.5500 0.52295691
5551.6000 0.53184081
5551.6500 0.53661147
5551.7000 0.53791125
5551.7500 0.53921103
5551.8000 0.54051081
5551.8500 0.53972627
5551.9000 0.53632241
5551.9500 0.53291855
5552.0000 0.5295147
5552.0500 0.52847256
5552.1000 0.53190528
5552.1500 0.535338
5552.2000 0.53877072
5552.2500 0.54126428
5552.3000 0.54093011
5552.3500 0.54059593
5552.4000 0.54026176
5552.4500 0.540786
5552.5000 0.54599963
5552.5500 0.55121326
5552.6000 0.55642689
5552.6500 0.56123279
5552.7000 0.5598363
5552.7500 0.55843981
5552.8000 0.55704332
5552.8500 0.55564683
5552.9000 0.55856948
5552.9500 0.56162488
5553.0000 0.56468029
5553.0500 0.5677357
5553.1000 0.56135557
5553.1500 0.55369143
5553.2000 0.54602728
5553.2500 0.53836314
5553.3000 0.53151714
5553.3500 0.52488627
5553.4000 0.51825539
5553.4500 0.51162452
5553.5000 0.51776206
5553.5500 0.52924423
5553.6000 0.5407264
5553.6500 0.55220857
5553.7000 0.55213054
5553.7500 0.54495523
5553.8000 0.53777993
5553.8500 0.53060462
5553.9000 0.52131084
5553.9500 0.51018183
5554.0000 0.49905282
5554.0500 0.48792381
5554.1000 0.48377468
5554.1500 0.48803405
5554.2000 0.49229342
5554.2500 0.4965528
5554.3000 0.50243722
5554.3500 0.51105459
5554.4000 0.51967196
5554.4500 0.52828933
5554.5000 0.53496369
5554.5500 0.53696641
5554.6000 0.53896913
5554.6500 0.54097185
5554.7000 0.54113295
5554.7500 0.53461522
5554.8000 0.5280975
5554.8500 0.52157977
5554.9000 0.51671514
5554.9500 0.5219978
5555.0000 0.52728046
5555.0500 0.53256312
5555.1000 0.53679481
5555.1500 0.52605168
5555.2000 0.51530855
5555.2500 0.50456542
5555.3000 0.49382229
5555.3500 0.48476275
5555.4000 0.47571573
5555.4500 0.4666687
5555.5000 0.45762168
5555.5500 0.48030325
5555.6000 0.50569868
5555.6500 0.53109411
5555.7000 0.55648955
5555.7500 0.55603823
5555.8000 0.55107357
5555.8500 0.54610891
5555.9000 0.54114426
5555.9500 0.53267218
5556.0000 0.52322818
5556.0500 0.51378418
5556.1000 0.50434018
5556.1500 0.5028886
5556.2000 0.50460327
5556.2500 0.50631795
5556.3000 0.50803263
5556.3500 0.5071279
5556.4000 0.50481909
5556.4500 0.50251028
5556.5000 0.50020147
5556.5500 0.49372428
5556.6000 0.48431859
5556.6500 0.4749129
5556.7000 0.46550721
5556.7500 0.46801234
5556.8000 0.48128396
5556.8500 0.49455557
5556.9000 0.50782719
5556.9500 0.51366743
5557.0000 0.51094572
5557.0500 0.50822401
5557.1000 0.5055023
5557.1500 0.50319885
5557.2000 0.50150827
5557.2500 0.49981768
5557.3000 0.4981271
5557.3500 0.50015262
5557.4000 0.5091358
5557.4500 0.51811898
5557.5000 0.52710216
5557.5500 0.53655459
5557.6000 0.54714354
5557.6500 0.5577325
5557.7000 0.56832145
5557.7500 0.57393963
5557.8000 0.56362982
5557.8500 0.55332
5557.9000 0.54301019
5557.9500 0.5338333
5558.0000 0.52964657
5558.0500 0.52545984
5558.1000 0.52127311
5558.1500 0.51872797
5558.2000 0.5268148
5558.2500 0.53490164
5558.3000 0.54298847
5558.3500 0.5494874
5558.4000 0.53867654
5558.4500 0.52786568
5558.5000 0.51705483
5558.5500 0.50692761
5558.6000 0.51518378
5558.6500 0.52343996
5558.7000 0.53169613
5558.7500 0.5399523
5558.8000 0.53857201
5558.8500 0.53708686
5558.9000 0.5356017
5558.9500 0.53411654
5559.0000 0.53870037
5559.0500 0.5436431
5559.1000 0.54858582
5559.1500 0.55352855
5559.2000 0.53892324
5559.2500 0.52216161
5559.3000 0.50539998
5559.3500 0.48863835
5559.4000 0.50344456
5559.4500 0.52344586
5559.5000 0.54344715
5559.5500 0.56344844
5559.6000 0.55385971
5559.6500 0.5376996
5559.7000 0.5215395
5559.7500 0.50537939
5559.8000 0.49985868
5559.8500 0.49734899
5559.9000 0.4948393
5559.9500 0.49232961
5560.0000 0.49127973
5560.0500 0.49073714
5560.1000 0.49019454
5560.1500 0.48965195
5560.2000 0.50195712
5560.2500 0.51960307
5560.3000 0.53724903
5560.3500 0.55489499
5560.4000 0.54436074
5560.4500 0.52008243
5560.5000 0.49580411
5560.5500 0.47152579
5560.6000 0.47465499
5560.6500 0.49323255
5560.7000 0.51181012
5560.7500 0.53038769
5560.8000 0.54105061
5560.8500 0.5466201
5560.9000 0.55218958
5560.9500 0.55775906
5561.0000 0.55009136
5561.0500 0.53279506
5561.1000 0.51549875
5561.1500 0.49820245
5561.2000 0.49862643
5561.2500 0.5134944
5561.3000 0.52836237
5561.3500 0.54323035
5561.4000 0.54569567
5561.4500 0.53691745
5561.5000 0.52813922
5561.5500 0.519361
5561.6000 0.50645292
5561.6500 0.48940909
5561.7000 0.47236526
5561.7500 0.45532143
5561.8000 0.45685021
5561.8500 0.47879717
5561.9000 0.50074414
5561.9500 0.5226911
5562.0000 0.52998025
5562.0500 0.51968245
5562.1000 0.50938465
5562.1500 0.49908684
5562.2000 0.49642599
5562.2500 0.50370935
5562.3000 0.51099271
5562.3500 0.51827607
5562.4000 0.51842384
5562.4500 0.50854372
5562.5000 0.4986636
5562.5500 0.48878349
5562.6000 0.48806915
5562.6500 0.50118055
5562.7000 0.51429195
5562.7500 0.52740336
5562.8000 0.53086687
5562.8500 0.51879675
5562.9000 0.50672663
5562.9500 0.49465651
5563.0000 0.48638854
5563.0500 0.48461771
5563.1000 0.48284689
5563.1500 0.48107606
5563.2000 0.48446983
5563.2500 0.49717554
5563.3000 0.50988125
5563.3500 0.52258697
5563.4000 0.52589872
5563.4500 0.51144677
5563.5000 0.49699483
5563.5500 0.48254288
5563.6000 0.4700732
5563.6500 0.46151015
5563.7000 0.4529471
5563.7500 0.44438405
5563.8000 0.44329851
5563.8500 0.45747187
5563.9000 0.47164524
5563.9500 0.4858186
5564.0000 0.49876713
5564.0500 0.50914494
5564.1000 0.51952274
5564.1500 0.52990054
5564.2000 0.52884048
5564.2500 0.50326002
5564.3000 0.47767957
5564.3500 0.45209912
5564.4000 0.43797395
5564.4500 0.44875581
5564.5000 0.45953767
5564.5500 0.47031953
5564.6000 0.4790856
5564.6500 0.48343828
5564.7000 0.48779095
5564.7500 0.49214362
5564.8000 0.48860175
5564.8500 0.46778058
5564.9000 0.44695942
5564.9500 0.42613825
5565.0000 0.41500927
5565.0500 0.42493491
5565.1000 0.43486055
5565.1500 0.44478619
5565.2000 0.45217445
5565.2500 0.45413124
5565.3000 0.45608802
5565.3500 0.45804481
5565.4000 0.46117187
5565.4500 0.46674999
5565.5000 0.47232811
5565.5500 0.47790623
5565.6000 0.48729201
5565.6500 0.50442712
5565.7000 0.52156224
5565.7500 0.53869735
5565.8000 0.55145003
5565.8500 0.55559393
5565.9000 0.55973782
5565.9500 0.56388171
5566.0000 0.55870814
5566.0500 0.53598281
5566.1000 0.51325747
5566.1500 0.49053213
5566.2000 0.47245369
5566.2500 0.462717
5566.3000 0.45298031
5566.3500 0.44324363
5566.4000 0.4431877
5566.4500 0.45959241
5566.5000 0.47599713
5566.5500 0.49240184
5566.6000 0.49848128
5566.6500 0.48802823
5566.7000 0.47757519
5566.7500 0.46712214
5566.8000 0.45697177
5566.8500 0.44727519
5566.9000 0.4375786
5566.9500 0.42788201
5567.0000 0.43140235
5567.0500 0.45337268
5567.1000 0.47534302
5567.1500 0.49731335
5567.2000 0.50449844
5567.2500 0.49257193
5567.3000 0.48064543
5567.3500 0.46871893
5567.4000 0.47146687
5567.4500 0.49168182
5567.5000 0.51189677
5567.5500 0.53211172
5567.6000 0.53007717
5567.6500 0.50379338
5567.7000 0.47750959
5567.7500 0.45122581
5567.8000 0.43827369
5567.8500 0.438547
5567.9000 0.43882031
5567.9500 0.43909362
5568.0000 0.44075652
5568.0500 0.44366629
5568.1000 0.44657606
5568.1500 0.44948582
5568.2000 0.45311272
5568.2500 0.45731766
5568.3000 0.46152259
5568.3500 0.46572752
5568.4000 0.47497384
5568.4500 0.48784243
5568.5000 0.50071102
5568.5500 0.5135796
5568.6000 0.5172643
5568.6500 0.51511831
5568.7000 0.51297231
5568.7500 0.51082632
5568.8000 0.50671142
5568.8500 0.50150333
5568.9000 0.49629524
5568.9500 0.49108715
5569.0000 0.47844735
5569.0500 0.46224386
5569.1000 0.44604038
5569.1500 0.42983689
5569.2000 0.43744063
5569.2500 0.45475168
5569.3000 0.47206272
5569.3500 0.48937376
5569.4000 0.50374869
5569.4500 0.51712596
5569.5000 0.53050322
5569.5500 0.54388049
5569.6000 0.51072222
5569.6500 0.46474167
5569.7000 0.41876111
5569.7500 0.37278055
5569.8000 0.41340242
5569.8500 0.47263068
5569.9000 0.53185895
5569.9500 0.59108722
5570.0000 0.59113697
5570.0500 0.58186211
5570.1000 0.57258724
5570.1500 0.56331238
5570.2000 0.54511739
5570.2500 0.52599888
5570.3000 0.50688038
5570.3500 0.48776187
5570.4000 0.49156942
5570.4500 0.49658236
5570.5000 0.50159529
5570.5500 0.50660823
5570.6000 0.51387161
5570.6500 0.5211452
5570.7000 0.52841879
5570.7500 0.53522289
5570.8000 0.53144789
5570.8500 0.52767289
5570.9000 0.52389789
5570.9500 0.52148414
5571.0000 0.53265679
5571.0500 0.54382945
5571.1000 0.5550021
5571.1500 0.56084995
5571.2000 0.53431484
5571.2500 0.50777974
5571.3000 0.48124464
5571.3500 0.46046559
5571.4000 0.46376585
5571.4500 0.46706611
5571.5000 0.47036637
5571.5500 0.47281884
5571.6000 0.47267575
5571.6500 0.47253267
5571.7000 0.47238958
5571.7500 0.46969024
5571.8000 0.46105646
5571.8500 0.45242269
5571.9000 0.44378891
5571.9500 0.4356293
5572.0000 0.42832186
5572.0500 0.42101443
5572.1000 0.41370699
5572.1500 0.41742446
5572.2000 0.4366519
5572.2500 0.45587935
5572.3000 0.4751068
5572.3500 0.49604172
5572.4000 0.51886343
5572.4500 0.54168513
5572.5000 0.56450684
5572.5500 0.56581586
5572.6000 0.54851635
5572.6500 0.53121683
5572.7000 0.51391732
5572.7500 0.50022492
5572.8000 0.48894829
5572.8500 0.47767166
5572.9000 0.46639502
5572.9500 0.45424702
5573.0000 0.44165647
5573.0500 0.42906592
5573.1000 0.41647536
5573.1500 0.44697806
5573.2000 0.4934972
5573.2500 0.54001634
5573.3000 0.58653548
5573.3500 0.61137243
5573.4000 0.63066855
5573.4500 0.64996468
5573.5000 0.6692608
5573.5500 0.6586188
5573.6000 0.64332296
5573.6500 0.62802713
5573.7000 0.6127313
5573.7500 0.60525957
5573.8000 0.59832249
5573.8500 0.5913854
5573.9000 0.58463579
5573.9500 0.60060562
5574.0000 0.61657545
5574.0500 0.63254528
5574.1000 0.64074246
5574.1500 0.56181231
5574.2000 0.48288217
5574.2500 0.40395202
5574.3000 0.34471009
5574.3500 0.39102515
5574.4000 0.43734021
5574.4500 0.48365527
5574.5000 0.51250657
5574.5500 0.48421103
5574.6000 0.45591548
5574.6500 0.42761993
5574.7000 0.40464394
5574.7500 0.39337057
5574.8000 0.3820972
5574.8500 0.37082382
5574.9000 0.35707753
5574.9500 0.33950414
5575.0000 0.32193075
5575.0500 0.30435735
5575.1000 0.3140931
5575.1500 0.35411966
5575.2000 0.39414622
5575.2500 0.43417279
5575.3000 0.45728512
5575.3500 0.46696056
5575.4000 0.47663599
5575.4500 0.48631142
5575.5000 0.50463604
5575.5500 0.52778313
5575.6000 0.55093022
5575.6500 0.57407731
5575.7000 0.56507552
5575.7500 0.54408312
5575.8000 0.52309072
5575.8500 0.50209832
5575.9000 0.48760994
5575.9500 0.47458577
5576.0000 0.46156161
5576.0500 0.44853744
5576.1000 0.4578414
5576.1500 0.46946971
5576.2000 0.48109802
5576.2500 0.49272633
5576.3000 0.50058192
5576.3500 0.50842526
5576.4000 0.5162686
5576.4500 0.52056677
5576.5000 0.48875033
5576.5500 0.45693388
5576.6000 0.42511743
5576.6500 0.4000817
5576.7000 0.40519872
5576.7500 0.41031573
5576.8000 0.41543275
5576.8500 0.4309422
5576.9000 0.47325829
5576.9500 0.51557439
5577.0000 0.55789048
5577.0500 0.57956589
5577.1000 0.5670932
5577.1500 0.55462051
5577.2000 0.54214782
5577.2500 0.53933355
5577.3000 0.54716578
5577.3500 0.55499801
5577.4000 0.56283025
5577.4500 0.54018278
5577.5000 0.49511579
5577.5500 0.4500488
5577.6000 0.40498181
5577.6500 0.39621251
5577.7000 0.40465998
5577.7500 0.41310744
5577.8000 0.42155491
5577.8500 0.42892501
5577.9000 0.43599469
5577.9500 0.44306437
5578.0000 0.45013405
5578.0500 0.45576347
5578.1000 0.46120978
5578.1500 0.46665609
5578.2000 0.4721024
5578.2500 0.44969331
5578.3000 0.42711709
5578.3500 0.40454087
5578.4000 0.38737647
5578.4500 0.41762543
5578.5000 0.4478744
5578.5500 0.47812337
5578.6000 0.49755477
5578.6500 0.47688311
5578.7000 0.45621144
5578.7500 0.43553978
5578.8000 0.43112389
5578.8500 0.46062245
5578.9000 0.490121
5578.9500 0.51961956
5579.0000 0.54318449
5579.0500 0.55911009
5579.1000 0.57503569
5579.1500 0.59096129
5579.2000 0.55045445
5579.2500 0.46412886
5579.3000 0.37780326
5579.3500 0.29147766
5579.4000 0.30653099
5579.4500 0.37192132
5579.5000 0.43731164
5579.5500 0.50270196
5579.6000 0.52200058
5579.6500 0.52875847
5579.7000 0.53551636
5579.7500 0.54227425
5579.8000 0
5579.8500 0
5579.9000 0
