4595.0500 0.63953437
4595.1000 0.67991859
4595.1500 0.61913372
4595.2000 0.55834885
4595.2500 0.49756398
4595.3000 0.43677911
4595.3500 0.42331557
4595.4000 0.4139342
4595.4500 0.40455283
4595.5000 0.39517146
4595.5500 0.40814272
4595.6000 0.44184407
4595.6500 0.47554541
4595.7000 0.50924676
4595.7500 0.53151053
4595.8000 0.46843456
4595.8500 0.40535859
4595.9000 0.34228262
4595.9500 0.27920666
4596.0000 0.27878855
4596.0500 0.3029012
4596.1000 0.32701385
4596.1500 0.3511265
4596.2000 0.36703457
4596.2500 0.36552548
4596.3000 0.36401639
4596.3500 0.3625073
4596.4000 0.36099821
4596.4500 0.33617945
4596.5000 0.3094134
4596.5500 0.28264735
4596.6000 0.2558813
4596.6500 0.28084769
4596.7000 0.35230297
4596.7500 0.42375826
4596.8000 0.49521355
4596.8500 0.56466211
4596.9000 0.62086802
4596.9500 0.67707393
4597.0000 0.73327984
4597.0500 0.78948575
4597.1000 0.75605382
4597.1500 0.69073445
4597.2000 0.62541507
4597.2500 0.5600957
4597.3000 0.53980943
4597.3500 0.60512324
4597.4000 0.67043704
4597.4500 0.73575085
4597.5000 0.80106466
4597.5500 0.71865055
4597.6000 0.62894486
4597.6500 0.53923918
4597.7000 0.44953349
4597.7500 0.40071778
4597.8000 0.38373009
4597.8500 0.36674239
4597.9000 0.3497547
4597.9500 0.34284059
4598.0000 0.38416059
4598.0500 0.4254806
4598.1000 0.4668006
4598.1500 0.50812061
4598.2000 0.53758337
4598.2500 0.5637858
4598.3000 0.58998823
4598.3500 0.61619065
4598.4000 0.6003454
4598.4500 0.52063859
4598.5000 0.44093178
4598.5500 0.36122497
4598.6000 0.28244464
4598.6500 0.28844457
4598.7000 0.29444451
4598.7500 0.30044444
4598.8000 0.30644437
4598.8500 0.30556513
4598.9000 0.300571
4598.9500 0.29557686
4599.0000 0.29058273
4599.0500 0.29193449
4599.1000 0.3131917
4599.1500 0.33444891
4599.2000 0.35570613
4599.2500 0.37696334
4599.3000 0.38610945
4599.3500 0.39326544
4599.4000 0.40042142
4599.4500 0.40757741
4599.5000 0.41529584
4599.5500 0.42363068
4599.6000 0.43196552
4599.6500 0.44030035
4599.7000 0.44368369
4599.7500 0.40069506
4599.8000 0.35770642
4599.8500 0.31471779
4599.9000 0.27172916
4599.9500 0.2501698
4600.0000 0.23707062
4600.0500 0.22397144
4600.1000 0.21087226
4600.1500 0.2275851
4600.2000 0.30254631
4600.2500 0.37750752
4600.3000 0.45246874
4600.3500 0.52742995
4600.4000 0.52095929
4600.4500 0.51120549
4600.5000 0.50145169
4600.5500 0.49169789
4600.6000 0.47117777
4600.6500 0.44302204
4600.7000 0.4148663
4600.7500 0.38671056
4600.8000 0.36977827
4600.8500 0.39506778
4600.9000 0.42035729
4600.9500 0.44564679
4601.0000 0.4709363
4601.0500 0.51260577
4601.1000 0.55748737
4601.1500 0.60236898
4601.2000 0.64725058
4601.2500 0.64017427
4601.3000 0.57288814
4601.3500 0.505602
4601.4000 0.43831587
4601.4500 0.37528406
4601.5000 0.35449379
4601.5500 0.33370353
4601.6000 0.31291327
4601.6500 0.292123
4601.7000 0.30258515
4601.7500 0.32514692
4601.8000 0.34770869
4601.8500 0.37027046
4601.9000 0.37131121
4601.9500 0.33263185
4602.0000 0.29395249
4602.0500 0.25527313
4602.1000 0.21659378
4602.1500 0.26447938
4602.2000 0.31385775
4602.2500 0.36323611
4602.3000 0.41261447
4602.3500 0.42289192
4602.4000 0.40877403
4602.4500 0.39465614
4602.5000 0.38053826
4602.5500 0.37024519
4602.6000 0.37144698
4602.6500 0.37264876
4602.7000 0.37385055
4602.7500 0.37505234
4602.8000 0.38577411
4602.8500 0.39773715
4602.9000 0.40970019
4602.9500 0.42166324
4603.0000 0.43582624
4603.0500 0.4520138
4603.1000 0.46820137
4603.1500 0.48438893
4603.2000 0.49574869
4603.2500 0.48137709
4603.3000 0.46700549
4603.3500 0.4526339
4603.4000 0.4382623
4603.4500 0.42568801
4603.5000 0.41357342
4603.5500 0.40145883
4603.6000 0.38934424
4603.6500 0.36490084
4603.7000 0.32449533
4603.7500 0.28408982
4603.8000 0.24368431
4603.8500 0.21335891
4603.9000 0.30494775
4603.9500 0.39653659
4604.0000 0.48812543
4604.0500 0.57971427
4604.1000 0.57629668
4604.1500 0.53557724
4604.2000 0.49485779
4604.2500 0.45413835
4604.3000 0.42901806
4604.3500 0.43152281
4604.4000 0.43402756
4604.4500 0.43653231
4604.5000 0.43899676
4604.5500 0.43316029
4604.6000 0.42732382
4604.6500 0.42148735
4604.7000 0.41565088
4604.7500 0.4322815
4604.8000 0.4610155
4604.8500 0.48974949
4604.9000 0.51848349
4604.9500 0.53164292
4605.0000 0.50777357
4605.0500 0.48390423
4605.1000 0.46003488
4605.1500 0.43616553
4605.2000 0.41895076
4605.2500 0.40213538
4605.3000 0.38532001
4605.3500 0.36850464
4605.4000 0.37458283
4605.4500 0.39645174
4605.5000 0.41832066
4605.5500 0.44018958
4605.6000 0.45645683
4605.6500 0.45511629
4605.7000 0.45377575
4605.7500 0.45243521
4605.8000 0.45109467
4605.8500 0.42241987
4605.9000 0.39043631
4605.9500 0.35845274
4606.0000 0.32646917
4606.0500 0.31480763
4606.1000 0.32019353
4606.1500 0.32557943
4606.2000 0.33096533
4606.2500 0.33827334
4606.3000 0.35342964
4606.3500 0.36858595
4606.4000 0.38374226
4606.4500 0.39889856
4606.5000 0.41374145
4606.5500 0.42852937
4606.6000 0.44331728
4606.6500 0.4581052
4606.7000 0.45530858
4606.7500 0.43533939
4606.8000 0.4153702
4606.8500 0.395401
4606.9000 0.38355758
4606.9500 0.41368243
4607.0000 0.44380727
4607.0500 0.47393212
4607.1000 0.50405697
4607.1500 0.48952646
4607.2000 0.4651682
4607.2500 0.44080994
4607.3000 0.41645168
4607.3500 0.408522
4607.4000 0.41852234
4607.4500 0.42852268
4607.5000 0.43852302
4607.5500 0.44524739
4607.6000 0.43147557
4607.6500 0.41770376
4607.7000 0.40393194
4607.7500 0.39016013
4607.8000 0.39501746
4607.8500 0.40457325
4607.9000 0.41412904
4607.9500 0.42368483
4608.0000 0.4150366
4608.0500 0.38506093
4608.1000 0.35508525
4608.1500 0.32510958
4608.2000 0.30105915
4608.2500 0.31905119
4608.3000 0.33704323
4608.3500 0.35503528
4608.4000 0.37302732
4608.4500 0.38296275
4608.5000 0.39072654
4608.5500 0.39849034
4608.6000 0.40625413
4608.6500 0.40788569
4608.7000 0.4021115
4608.7500 0.39633731
4608.8000 0.39056312
4608.8500 0.38975088
4608.9000 0.42554291
4608.9500 0.46133494
4609.0000 0.49712697
4609.0500 0.532919
4609.1000 0.51096684
4609.1500 0.47337792
4609.2000 0.435789
4609.2500 0.39820008
4609.3000 0.3778746
4609.3500 0.37817967
4609.4000 0.37848473
4609.4500 0.37878979
4609.5000 0.38009685
4609.5500 0.38839483
4609.6000 0.39669281
4609.6500 0.40499079
4609.7000 0.41328877
4609.7500 0.41532093
4609.8000 0.41575002
4609.8500 0.41617912
4609.9000 0.41660821
4609.9500 0.4116378
4610.0000 0.40053741
4610.0500 0.38943703
4610.1000 0.37833664
4610.1500 0.36974482
4610.2000 0.37637358
4610.2500 0.38300235
4610.3000 0.38963111
4610.3500 0.39625988
4610.4000 0.40301785
4610.4500 0.409805
4610.5000 0.41659215
4610.5500 0.4233793
4610.6000 0.42303536
4610.6500 0.41530546
4610.7000 0.40757556
4610.7500 0.39984566
4610.8000 0.39379755
4610.8500 0.39609147
4610.9000 0.39838538
4610.9500 0.4006793
4611.0000 0.40297322
4611.0500 0.41505655
4611.1000 0.4289292
4611.1500 0.44280185
4611.2000 0.45667449
4611.2500 0.45098941
4611.3000 0.42755814
4611.3500 0.40412686
4611.4000 0.38069559
4611.4500 0.36251981
4611.5000 0.36482226
4611.5500 0.36712472
4611.6000 0.36942718
4611.6500 0.37172964
4611.7000 0.36593393
4611.7500 0.35908903
4611.8000 0.35224413
4611.8500 0.34539923
4611.9000 0.34595425
4611.9500 0.35214872
4612.0000 0.35834319
4612.0500 0.36453766
4612.1000 0.37236591
4612.1500 0.38507359
4612.2000 0.39778126
4612.2500 0.41048894
4612.3000 0.42319662
4612.3500 0.4111683
4612.4000 0.39742908
4612.4500 0.38368986
4612.5000 0.36995064
4612.5500 0.37731215
4612.6000 0.39755673
4612.6500 0.41780131
4612.7000 0.43804588
4612.7500 0.4476208
4612.8000 0.43318241
4612.8500 0.41874403
4612.9000 0.40430565
4612.9500 0.38986726
4613.0000 0.35868109
4613.0500 0.32741912
4613.1000 0.29615715
4613.1500 0.26489518
4613.2000 0.27260435
4613.2500 0.2982772
4613.3000 0.32395004
4613.3500 0.34962289
4613.4000 0.37104041
4613.4500 0.38535395
4613.5000 0.39966749
4613.5500 0.41398102
4613.6000 0.42658463
4613.6500 0.41493829
4613.7000 0.40329196
4613.7500 0.39164563
4613.8000 0.3799993
4613.8500 0.38776694
4613.9000 0.40172399
4613.9500 0.41568103
4614.0000 0.42963808
4614.0500 0.43834599
4614.1000 0.44068427
4614.1500 0.44302256
4614.2000 0.44536085
4614.2500 0.44385547
4614.3000 0.41994593
4614.3500 0.39603638
4614.4000 0.37212684
4614.4500 0.3482173
4614.5000 0.34616546
4614.5500 0.34820818
4614.6000 0.3502509
4614.6500 0.35229362
4614.7000 0.35783709
4614.7500 0.36637289
4614.8000 0.37490869
4614.8500 0.38344449
4614.9000 0.39067732
4614.9500 0.39372022
4615.0000 0.39676312
4615.0500 0.39980602
4615.1000 0.40284892
4615.1500 0.39290974
4615.2000 0.38208885
4615.2500 0.37126795
4615.3000 0.36044705
4615.3500 0.37180585
4615.4000 0.3958188
4615.4500 0.41983174
4615.5000 0.44384468
4615.5500 0.45932536
4615.6000 0.45810915
4615.6500 0.45689295
4615.7000 0.45567674
4615.7500 0.45439874
4615.8000 0.45166727
4615.8500 0.44893581
4615.9000 0.44620435
4615.9500 0.44347289
4616.0000 0.43427364
4616.0500 0.42285502
4616.1000 0.41143639
4616.1500 0.40001776
4616.2000 0.39513648
4616.2500 0.39826496
4616.3000 0.40139344
4616.3500 0.40452193
4616.4000 0.40603388
4616.4500 0.39875977
4616.5000 0.39148566
4616.5500 0.38421155
4616.6000 0.37693744
4616.6500 0.3819496
4616.7000 0.3889198
4616.7500 0.39589
4616.8000 0.4028602
4616.8500 0.39515818
4616.9000 0.37642451
4616.9500 0.35769085
4617.0000 0.33895718
4617.0500 0.33113082
4617.1000 0.35131932
4617.1500 0.37150782
4617.2000 0.39169632
4617.2500 0.41188482
4617.3000 0.39198229
4617.3500 0.37170697
4617.4000 0.35143166
4617.4500 0.33115634
4617.5000 0.32632146
4617.5500 0.32802611
4617.6000 0.32973075
4617.6500 0.33143539
4617.7000 0.33560894
4617.7500 0.34325835
4617.8000 0.35090775
4617.8500 0.35855716
4617.9000 0.36365343
4617.9500 0.35155309
4618.0000 0.33945276
4618.0500 0.32735242
4618.1000 0.31525208
4618.1500 0.33515086
4618.2000 0.36094708
4618.2500 0.3867433
4618.3000 0.41253953
4618.3500 0.42120548
4618.4000 0.41644602
4618.4500 0.41168657
4618.5000 0.40692711
4618.5500 0.39780666
4618.6000 0.37736065
4618.6500 0.35691465
4618.7000 0.33646865
4618.7500 0.31602264
4618.8000 0.32586253
4618.8500 0.33580781
4618.9000 0.3457531
4618.9500 0.35569838
4619.0000 0.35405474
4619.0500 0.34781876
4619.1000 0.34158279
4619.1500 0.33534681
4619.2000 0.33649605
4619.2500 0.34715997
4619.3000 0.35782389
4619.3500 0.36848781
4619.4000 0.37548684
4619.4500 0.36309248
4619.5000 0.35069812
4619.5500 0.33830376
4619.6000 0.3259094
4619.6500 0.33310303
4619.7000 0.34291668
4619.7500 0.35273032
4619.8000 0.36254396
4619.8500 0.36421569
4619.9000 0.36059933
4619.9500 0.35698298
4620.0000 0.35336662
4620.0500 0.35046271
4620.1000 0.34899475
4620.1500 0.34752679
4620.2000 0.34605884
4620.2500 0.34404571
4620.3000 0.33319788
4620.3500 0.32235005
4620.4000 0.31150222
4620.4500 0.30065439
4620.5000 0.30628801
4620.5500 0.31641509
4620.6000 0.32654216
4620.6500 0.33666924
4620.7000 0.34718546
4620.7500 0.35806881
4620.8000 0.36895216
4620.8500 0.37983551
4620.9000 0.38667755
4620.9500 0.38103159
4621.0000 0.37538564
4621.0500 0.36973968
4621.1000 0.36409372
4621.1500 0.36259324
4621.2000 0.36119658
4621.2500 0.35979991
4621.3000 0.35840325
4621.3500 0.35558738
4621.4000 0.35218558
4621.4500 0.34878379
4621.5000 0.34538199
4621.5500 0.34675481
4621.6000 0.35417616
4621.6500 0.36159751
4621.7000 0.36901885
4621.7500 0.37604167
4621.8000 0.38119416
4621.8500 0.38634666
4621.9000 0.39149915
4621.9500 0.39665165
4622.0000 0.38825503
4622.0500 0.37853967
4622.1000 0.36882431
4622.1500 0.35910895
4622.2000 0.3568599
4622.2500 0.35866493
4622.3000 0.36046997
4622.3500 0.362275
4622.4000 0.36203353
4622.4500 0.35853715
4622.5000 0.35504078
4622.5500 0.3515444
4622.6000 0.35028749
4622.6500 0.36469052
4622.7000 0.37909356
4622.7500 0.39349659
4622.8000 0.40789963
4622.8500 0.40343435
4622.9000 0.39603287
4622.9500 0.3886314
4623.0000 0.38122992
4623.0500 0.37757648
4623.1000 0.37635263
4623.1500 0.37512878
4623.2000 0.37390493
4623.2500 0.37417285
4623.3000 0.3772206
4623.3500 0.38026836
4623.4000 0.38331611
4623.4500 0.38530967
4623.5000 0.37700873
4623.5500 0.36870779
4623.6000 0.36040685
4623.6500 0.35210591
4623.7000 0.34755059
4623.7500 0.34372096
4623.8000 0.33989133
4623.8500 0.3360617
4623.9000 0.33556818
4623.9500 0.33745444
4624.0000 0.33934071
4624.0500 0.34122698
4624.1000 0.34420242
4624.1500 0.34938168
4624.2000 0.35456094
4624.2500 0.3597402
4624.3000 0.36458181
4624.3500 0.36548728
4624.4000 0.36639274
4624.4500 0.3672982
4624.5000 0.36820366
4624.5500 0.3682343
4624.6000 0.36808373
4624.6500 0.36793315
4624.7000 0.36778258
4624.7500 0.36512544
4624.8000 0.36064531
4624.8500 0.35616519
4624.9000 0.35168506
4624.9500 0.35024925
4625.0000 0.35497661
4625.0500 0.35970398
4625.1000 0.36443134
4625.1500 0.36894181
4625.2000 0.3710709
4625.2500 0.37319998
4625.3000 0.37532906
4625.3500 0.37745814
4625.4000 0.37397628
4625.4500 0.36940541
4625.5000 0.36483454
4625.5500 0.36026367
4625.6000 0.34945518
4625.6500 0.33435838
4625.7000 0.31926159
4625.7500 0.30416479
4625.8000 0.29648405
4625.8500 0.30264394
4625.9000 0.30880384
4625.9500 0.31496373
4626.0000 0.32190597
4626.0500 0.33542468
4626.1000 0.34894339
4626.1500 0.3624621
4626.2000 0.37598081
4626.2500 0.37476285
4626.3000 0.37124294
4626.3500 0.36772303
4626.4000 0.36420312
4626.4500 0.3544361
4626.5000 0.34091492
4626.5500 0.32739373
4626.6000 0.31387254
4626.6500 0.31085497
4626.7000 0.32457955
4626.7500 0.33830413
4626.8000 0.3520287
4626.8500 0.36343821
4626.9000 0.3614724
4626.9500 0.35950659
4627.0000 0.35754079
4627.0500 0.35557498
4627.1000 0.35423048
4627.1500 0.35294688
4627.2000 0.35166328
4627.2500 0.35037969
4627.3000 0.3531739
4627.3500 0.35793091
4627.4000 0.36268793
4627.4500 0.36744494
4627.5000 0.37051718
4627.5500 0.37144995
4627.6000 0.37238273
4627.6500 0.37331551
4627.7000 0.3726609
4627.7500 0.36593219
4627.8000 0.35920347
4627.8500 0.35247475
4627.9000 0.34574604
4627.9500 0.34775569
4628.0000 0.34998961
4628.0500 0.35222352
4628.1000 0.35445743
4628.1500 0.36372304
4628.2000 0.37540918
4628.2500 0.38709532
4628.3000 0.39878146
4628.3500 0.39689968
4628.4000 0.38218978
4628.4500 0.36747987
4628.5000 0.35276997
4628.5500 0.34204526
4628.6000 0.34130579
4628.6500 0.34056631
4628.7000 0.33982684
4628.7500 0.33949316
4628.8000 0.34579174
4628.8500 0.35209032
4628.9000 0.3583889
4628.9500 0.36468748
4629.0000 0.35568899
4629.0500 0.34358422
4629.1000 0.33147945
4629.1500 0.31937467
4629.2000 0.32228092
4629.2500 0.33495024
4629.3000 0.34761955
4629.3500 0.36028887
4629.4000 0.36630859
4629.4500 0.36156036
4629.5000 0.35681213
4629.5500 0.3520639
4629.6000 0.3473888
4629.6500 0.34310114
4629.7000 0.33881348
4629.7500 0.33452582
4629.8000 0.33023816
4629.8500 0.32765873
4629.9000 0.32519425
4629.9500 0.32272976
4630.0000 0.32026527
4630.0500 0.32079985
4630.1000 0.32252237
4630.1500 0.32424489
4630.2000 0.32596742
4630.2500 0.32849166
4630.3000 0.33182809
4630.3500 0.33516452
4630.4000 0.33850094
4630.4500 0.34245697
4630.5000 0.34801905
4630.5500 0.35358113
4630.6000 0.35914322
4630.6500 0.36407171
4630.7000 0.35927713
4630.7500 0.35448256
4630.8000 0.34968798
4630.8500 0.34489341
4630.9000 0.33853391
4630.9500 0.33188762
4631.0000 0.32524133
4631.0500 0.31859504
4631.1000 0.32548408
4631.1500 0.34031491
4631.2000 0.35514575
4631.2500 0.36997658
4631.3000 0.37639659
4631.3500 0.37103223
4631.4000 0.36566786
4631.4500 0.36030349
4631.5000 0.3567526
4631.5500 0.36028266
4631.6000 0.36381273
4631.6500 0.36734279
4631.7000 0.37087285
4631.7500 0.36446488
4631.8000 0.35798139
4631.8500 0.3514979
4631.9000 0.34501442
4631.9500 0.34363204
4632.0000 0.34367016
4632.0500 0.34370828
4632.1000 0.3437464
4632.1500 0.34710357
4632.2000 0.35293339
4632.2500 0.35876321
4632.3000 0.36459303
4632.3500 0.36581471
4632.4000 0.35902335
4632.4500 0.35223199
4632.5000 0.34544063
4632.5500 0.33946319
4632.6000 0.33781305
4632.6500 0.33616292
4632.7000 0.33451278
4632.7500 0.33286264
4632.8000 0.34361702
4632.8500 0.35498767
4632.9000 0.36635832
4632.9500 0.37772897
4633.0000 0.37370399
4633.0500 0.36449739
4633.1000 0.3552908
4633.1500 0.34608421
4633.2000 0.34073716
4633.2500 0.3386141
4633.3000 0.33649104
4633.3500 0.33436797
4633.4000 0.3326525
4633.4500 0.33171878
4633.5000 0.33078506
4633.5500 0.32985134
4633.6000 0.33012425
4633.6500 0.33770628
4633.7000 0.34528832
4633.7500 0.35287036
4633.8000 0.3604524
4633.8500 0.36099866
4633.9000 0.36111051
4633.9500 0.36122236
4634.0000 0.36133421
4634.0500 0.35950921
4634.1000 0.35701483
4634.1500 0.35452045
4634.2000 0.35202607
4634.2500 0.34573817
4634.3000 0.33629129
4634.3500 0.32684442
4634.4000 0.31739755
4634.4500 0.31123238
4634.5000 0.31118137
4634.5500 0.31113036
4634.6000 0.31107935
4634.6500 0.31154648
4634.7000 0.3148586
4634.7500 0.31817072
4634.8000 0.32148284
4634.8500 0.32479496
4634.9000 0.32541944
4634.9500 0.32593201
4635.0000 0.32644458
4635.0500 0.32695715
4635.1000 0.32755091
4635.1500 0.3281693
4635.2000 0.32878769
4635.2500 0.32940609
4635.3000 0.33170361
4635.3500 0.33524009
4635.4000 0.33877656
4635.4500 0.34231303
4635.5000 0.34373928
4635.5500 0.34179275
4635.6000 0.33984623
4635.6500 0.3378997
4635.7000 0.33659127
4635.7500 0.33790911
4635.8000 0.33922696
4635.8500 0.34054481
4635.9000 0.34184093
4635.9500 0.3401573
4636.0000 0.33847368
4636.0500 0.33679006
4636.1000 0.33510644
4636.1500 0.33051146
4636.2000 0.32527815
4636.2500 0.32004483
4636.3000 0.31481151
4636.3500 0.3159234
4636.4000 0.32069414
4636.4500 0.32546488
4636.5000 0.33023562
4636.5500 0.33479801
4636.6000 0.33910526
4636.6500 0.3434125
4636.7000 0.34771975
4636.7500 0.34924927
4636.8000 0.3431116
4636.8500 0.33697394
4636.9000 0.33083628
4636.9500 0.32522743
4637.0000 0.3254209
4637.0500 0.32561437
4637.1000 0.32580784
4637.1500 0.32600131
4637.2000 0.33292113
4637.2500 0.34056948
4637.3000 0.34821783
4637.3500 0.35586619
4637.4000 0.35551222
4637.4500 0.35207992
4637.5000 0.34864762
4637.5500 0.34521533
4637.6000 0.34895382
4637.6500 0.35872091
4637.7000 0.36848799
4637.7500 0.37825507
4637.8000 0.38219502
4637.8500 0.37601971
4637.9000 0.36984439
4637.9500 0.36366908
4638.0000 0.35852816
4638.0500 0.35782815
4638.1000 0.35712814
4638.1500 0.35642812
4638.2000 0.3557738
4638.2500 0.35845931
4638.3000 0.36114481
4638.3500 0.36383031
4638.4000 0.36651581
4638.4500 0.36559077
4638.5000 0.36397409
4638.5500 0.36235741
4638.6000 0.36074074
4638.6500 0.35999849
4638.7000 0.35969447
4638.7500 0.35939046
4638.8000 0.35908645
4638.8500 0.3540238
4638.9000 0.34409118
4638.9500 0.33415855
4639.0000 0.32422592
4639.0500 0.31722807
4639.1000 0.31636851
4639.1500 0.31550895
4639.2000 0.3146494
4639.2500 0.31586202
4639.3000 0.32846979
4639.3500 0.34107756
4639.4000 0.35368533
4639.4500 0.3662931
4639.5000 0.3554622
4639.5500 0.34428506
4639.6000 0.33310793
4639.6500 0.3219308
4639.7000 0.32475516
4639.7500 0.33069088
4639.8000 0.33662659
4639.8500 0.3425623
4639.9000 0.34219411
4639.9500 0.33846271
4640.0000 0.3347313
4640.0500 0.33099989
4640.1000 0.33083687
4640.1500 0.33443007
4640.2000 0.33802326
4640.2500 0.34161646
4640.3000 0.34097031
4640.3500 0.33145584
4640.4000 0.32194138
4640.4500 0.31242691
4640.5000 0.30501828
4640.5500 0.30859632
4640.6000 0.31217436
4640.6500 0.3157524
4640.7000 0.31933044
4640.7500 0.32684002
4640.8000 0.33435184
4640.8500 0.34186367
4640.9000 0.34937549
4640.9500 0.34627837
4641.0000 0.34114822
4641.0500 0.33601808
4641.1000 0.33088794
4641.1500 0.3344295
4641.2000 0.34204979
4641.2500 0.34967008
4641.3000 0.35729037
4641.3500 0.35800396
4641.4000 0.35239823
4641.4500 0.34679251
4641.5000 0.34118678
4641.5500 0.33756451
4641.6000 0.33738588
4641.6500 0.33720725
4641.7000 0.33702863
4641.7500 0.33731613
4641.8000 0.33935816
4641.8500 0.34140019
4641.9000 0.34344222
4641.9500 0.34526341
4642.0000 0.34332749
4642.0500 0.34139156
4642.1000 0.33945564
4642.1500 0.33751972
4642.2000 0.34158466
4642.2500 0.34629942
4642.3000 0.35101418
4642.3500 0.35572894
4642.4000 0.35414778
4642.4500 0.3504707
4642.5000 0.34679361
4642.5500 0.34311653
4642.6000 0.34278508
4642.6500 0.34468997
4642.7000 0.34659485
4642.7500 0.34849973
4642.8000 0.34589118
4642.8500 0.3377586
4642.9000 0.32962602
4642.9500 0.32149344
4643.0000 0.31763056
4643.0500 0.32367715
4643.1000 0.32972375
4643.1500 0.33577035
4643.2000 0.34004132
4643.2500 0.33454009
4643.3000 0.32903886
4643.3500 0.32353763
4643.4000 0.31816173
4643.4500 0.32920672
4643.5000 0.34025172
4643.5500 0.35129672
4643.6000 0.36234172
4643.6500 0.35553516
4643.7000 0.34588412
4643.7500 0.33623307
4643.8000 0.32658203
4643.8500 0.32250342
4643.9000 0.3206057
4643.9500 0.31870798
4644.0000 0.31681026
4644.0500 0.3224055
4644.1000 0.3335153
4644.1500 0.34462509
4644.2000 0.35573489
4644.2500 0.35913904
4644.3000 0.3525165
4644.3500 0.34589396
4644.4000 0.33927143
4644.4500 0.33223905
4644.5000 0.32422362
4644.5500 0.31620819
4644.6000 0.30819276
4644.6500 0.3015343
4644.7000 0.30226857
4644.7500 0.30300285
4644.8000 0.30373712
4644.8500 0.30450728
4644.9000 0.30733799
4644.9500 0.31016869
4645.0000 0.3129994
4645.0500 0.31583011
4645.1000 0.31568426
4645.1500 0.31513375
4645.2000 0.31458324
4645.2500 0.31403273
4645.3000 0.31249722
4645.3500 0.31062402
4645.4000 0.30875083
4645.4500 0.30687763
4645.5000 0.31189053
4645.5500 0.32130125
4645.6000 0.33071196
4645.6500 0.34012268
4645.7000 0.34005167
4645.7500 0.32958411
4645.8000 0.31911656
4645.8500 0.308649
4645.9000 0.30280699
4645.9500 0.30575083
4646.0000 0.30869467
4646.0500 0.31163851
4646.1000 0.31458033
4646.1500 0.31751475
4646.2000 0.32044918
4646.2500 0.3233836
4646.3000 0.32579412
4646.3500 0.32250947
4646.4000 0.31922483
4646.4500 0.31594018
4646.5000 0.31265554
4646.5500 0.3085522
4646.6000 0.3044109
4646.6500 0.3002696
4646.7000 0.29612829
4646.7500 0.29860618
4646.8000 0.30245619
4646.8500 0.30630621
4646.9000 0.31015623
4646.9500 0.31488833
4647.0000 0.31999472
4647.0500 0.32510111
4647.1000 0.3302075
4647.1500 0.32964933
4647.2000 0.32493952
4647.2500 0.32022971
4647.3000 0.3155199
4647.3500 0.31231625
4647.4000 0.31092975
4647.4500 0.30954325
4647.5000 0.30815674
4647.5500 0.30656391
4647.6000 0.30455317
4647.6500 0.30254243
4647.7000 0.3005317
4647.7500 0.29884454
4647.8000 0.29838167
4647.8500 0.29791879
4647.9000 0.29745592
4647.9500 0.29706503
4648.0000 0.29741338
4648.0500 0.29776173
4648.1000 0.29811008
4648.1500 0.29845843
4648.2000 0.30497911
4648.2500 0.31169331
4648.3000 0.31840752
4648.3500 0.32512172
4648.4000 0.32292007
4648.4500 0.31916529
4648.5000 0.3154105
4648.5500 0.31165571
4648.6000 0.30863271
4648.6500 0.30587373
4648.7000 0.30311474
4648.7500 0.30035576
4648.8000 0.30206626
4648.8500 0.30652457
4648.9000 0.31098288
4648.9500 0.31544119
4649.0000 0.31800693
4649.0500 0.31871653
4649.1000 0.31942614
4649.1500 0.32013575
4649.2000 0.3209691
4649.2500 0.32199468
4649.3000 0.32302025
4649.3500 0.32404583
4649.4000 0.32496569
4649.4500 0.32561315
4649.5000 0.32626061
4649.5500 0.32690807
4649.6000 0.3273356
4649.6500 0.32667943
4649.7000 0.32602326
4649.7500 0.32536709
4649.8000 0.32477543
4649.8500 0.32521235
4649.9000 0.32564927
4649.9500 0.32608618
4650.0000 0.3265231
4650.0500 0.32695946
4650.1000 0.32739579
4650.1500 0.32783213
4650.2000 0.32826846
4650.2500 0.3258773
4650.3000 0.32296029
4650.3500 0.32004327
4650.4000 0.31712625
4650.4500 0.31486593
4650.5000 0.31283989
4650.5500 0.31081385
4650.6000 0.30878781
4650.6500 0.31210113
4650.7000 0.31852234
4650.7500 0.32494356
4650.8000 0.33136477
4650.8500 0.33285247
4650.9000 0.3299353
4650.9500 0.32701813
4651.0000 0.32410096
4651.0500 0.32207484
4651.1000 0.32125077
4651.1500 0.3204267
4651.2000 0.31960262
4651.2500 0.3202504
4651.3000 0.32396486
4651.3500 0.32767931
4651.4000 0.33139377
4651.4500 0.33389196
4651.5000 0.33217855
4651.5500 0.33046513
4651.6000 0.32875172
4651.6500 0.32714273
4651.7000 0.32626444
4651.7500 0.32538615
4651.8000 0.32450786
4651.8500 0.32374495
4651.9000 0.32711161
4651.9500 0.33047826
4652.0000 0.33384492
4652.0500 0.33721158
4652.1000 0.33677062
4652.1500 0.3360453
4652.2000 0.33531998
4652.2500 0.33459466
4652.3000 0.33617629
4652.3500 0.33821371
4652.4000 0.34025112
4652.4500 0.34228854
4652.5000 0.33719771
4652.5500 0.3296117
4652.6000 0.32202569
4652.6500 0.31443968
4652.7000 0.87940694
4652.7500 1.75593338
4652.8000 2.63245981
4652.8500 3.50898625
4652.9000 3.41273681
4652.9500 2.5386342
4653.0000 1.66453158
4653.0500 0.79042896
4653.1000 0.32349574
4653.1500 0.3251614
4653.2000 0.32682706
4653.2500 0.32849272
4653.3000 0.33128271
4653.3500 0.33594361
4653.4000 0.34060451
4653.4500 0.34526542
4653.5000 0.34757698
4653.5500 0.34405204
4653.6000 0.3405271
4653.6500 0.33700217
4653.7000 0.33466578
4653.7500 0.33708908
4653.8000 0.33951238
4653.8500 0.34193568
4653.9000 0.34382187
4653.9500 0.34152626
4654.0000 0.33923065
4654.0500 0.33693504
4654.1000 0.33459774
4654.1500 0.33086521
4654.2000 0.32713268
4654.2500 0.32340015
4654.3000 0.31966763
4654.3500 0.32104007
4654.4000 0.3227074
4654.4500 0.32437473
4654.5000 0.32604207
4654.5500 0.3278667
4654.6000 0.32971631
4654.6500 0.33156593
4654.7000 0.33341554
4654.7500 0.33410644
4654.8000 0.33447378
4654.8500 0.33484111
4654.9000 0.33520845
4654.9500 0.33554463
4655.0000 0.33586756
4655.0500 0.33619049
4655.1000 0.33651342
4655.1500 0.33415474
4655.2000 0.33017187
4655.2500 0.32618901
4655.3000 0.32220615
4655.3500 0.32061368
4655.4000 0.32101595
4655.4500 0.32141821
4655.5000 0.32182048
4655.5500 0.32280381
4655.6000 0.32444603
4655.6500 0.32608824
4655.7000 0.32773045
4655.7500 0.32775691
4655.8000 0.32529122
4655.8500 0.32282553
4655.9000 0.32035984
4655.9500 0.32024505
4656.0000 0.32514384
4656.0500 0.33004263
4656.1000 0.33494142
4656.1500 0.33788373
4656.2000 0.33483914
4656.2500 0.33179456
4656.3000 0.32874997
4656.3500 0.32687261
4656.4000 0.33051404
4656.4500 0.33415546
4656.5000 0.33779689
4656.5500 0.34020302
4656.6000 0.33197148
4656.6500 0.32373993
4656.7000 0.31550839
4656.7500 0.30762584
4656.8000 0.30945227
4656.8500 0.31127871
4656.9000 0.31310514
4656.9500 0.31493158
4657.0000 0.31768949
4657.0500 0.32047964
4657.1000 0.32326979
4657.1500 0.32605994
4657.2000 0.32301288
4657.2500 0.31931426
4657.3000 0.31561563
4657.3500 0.311917
4657.4000 0.31618166
4657.4500 0.32203346
4657.5000 0.32788525
4657.5500 0.33373704
4657.6000 0.33007398
4657.6500 0.32355661
4657.7000 0.31703924
4657.7500 0.31052187
4657.8000 0.31003656
4657.8500 0.31206492
4657.9000 0.31409329
4657.9500 0.31612165
4658.0000 0.31546087
4658.0500 0.31331137
4658.1000 0.31116187
4658.1500 0.30901237
4658.2000 0.31126422
4658.2500 0.31666849
4658.3000 0.32207276
4658.3500 0.32747703
4658.4000 0.33118646
4658.4500 0.33334929
4658.5000 0.33551212
4658.5500 0.33767495
4658.6000 0.33821256
4658.6500 0.33687471
4658.7000 0.33553685
4658.7500 0.33419899
4658.8000 0.33256717
4658.8500 0.33050677
4658.9000 0.32844638
4658.9500 0.32638598
4659.0000 0.32576637
4659.0500 0.32781526
4659.1000 0.32986415
4659.1500 0.33191304
4659.2000 0.33370028
4659.2500 0.33486399
4659.3000 0.33602769
4659.3500 0.3371914
4659.4000 0.33673263
4659.4500 0.33118519
4659.5000 0.32563776
4659.5500 0.32009033
4659.6000 0.31666853
4659.6500 0.32236063
4659.7000 0.32805272
4659.7500 0.33374481
4659.8000 0.3386938
4659.8500 0.33898864
4659.9000 0.33928347
4659.9500 0.33957831
4660.0000 0.34010153
4660.0500 0.34300839
4660.1000 0.34591525
4660.1500 0.34882211
4660.2000 0.35144193
4660.2500 0.34687101
4660.3000 0.34230009
4660.3500 0.33772917
4660.4000 0.33315826
4660.4500 0.33197745
4660.5000 0.33082905
4660.5500 0.32968065
4660.6000 0.32853225
4660.6500 0.33371927
4660.7000 0.339283
4660.7500 0.34484673
4660.8000 0.35041045
4660.8500 0.35416019
4660.9000 0.35770482
4660.9500 0.36124945
4661.0000 0.36479408
4661.0500 0.36457517
4661.1000 0.36371364
4661.1500 0.36285211
4661.2000 0.36199058
4661.2500 0.36200226
4661.3000 0.36221732
4661.3500 0.36243238
4661.4000 0.36264744
4661.4500 0.36584578
4661.5000 0.36993914
4661.5500 0.3740325
4661.6000 0.37812586
4661.6500 0.37480301
4661.7000 0.36871703
4661.7500 0.36263105
4661.8000 0.35654507
4661.8500 0.35508608
4661.9000 0.35571481
4661.9500 0.35634353
4662.0000 0.35697225
4662.0500 0.35414094
4662.1000 0.34945319
4662.1500 0.34476544
4662.2000 0.34007769
4662.2500 0.33873761
4662.3000 0.33950441
4662.3500 0.3402712
4662.4000 0.34103799
4662.4500 0.34082197
4662.5000 0.339888
4662.5500 0.33895402
4662.6000 0.33802005
4662.6500 0.33672635
4662.7000 0.33513015
4662.7500 0.33353394
4662.8000 0.33193774
4662.8500 0.33269792
4662.9000 0.33572464
4662.9500 0.33875137
4663.0000 0.34177809
4663.0500 0.34242783
4663.1000 0.34047597
4663.1500 0.3385241
4663.2000 0.33657224
4663.2500 0.33671976
4663.3000 0.33947116
4663.3500 0.34222256
4663.4000 0.34497395
4663.4500 0.34567516
4663.5000 0.34350405
4663.5500 0.34133294
4663.6000 0.33916183
4663.6500 0.33606731
4663.7000 0.33151516
4663.7500 0.32696302
4663.8000 0.32241087
4663.8500 0.31990851
4663.9000 0.32104469
4663.9500 0.32218088
4664.0000 0.32331706
4664.0500 0.32416854
4664.1000 0.32445253
4664.1500 0.32473652
4664.2000 0.32502051
4664.2500 0.32446941
4664.3000 0.32205097
4664.3500 0.31963252
4664.4000 0.31721407
4664.4500 0.31649952
4664.5000 0.32005664
4664.5500 0.32361377
4664.6000 0.32717089
4664.6500 0.33117757
4664.7000 0.33644742
4664.7500 0.34171728
4664.8000 0.34698713
4664.8500 0.34955421
4664.9000 0.34361
4664.9500 0.33766579
4665.0000 0.33172157
4665.0500 0.32795696
4665.1000 0.33188598
4665.1500 0.335815
4665.2000 0.33974402
4665.2500 0.34122625
4665.3000 0.33302454
4665.3500 0.32482284
4665.4000 0.31662113
4665.4500 0.31153007
4665.5000 0.32024793
4665.5500 0.3289658
4665.6000 0.33768366
4665.6500 0.34397901
4665.7000 0.33820818
4665.7500 0.33243735
4665.8000 0.32666652
4665.8500 0.32212265
4665.9000 0.32443696
4665.9500 0.32675128
4666.0000 0.3290656
4666.0500 0.33082687
4666.1000 0.32911949
4666.1500 0.3274121
4666.2000 0.32570472
4666.2500 0.32393974
4666.3000 0.32176963
4666.3500 0.31959952
4666.4000 0.31742941
4666.4500 0.31548453
4666.5000 0.31531383
4666.5500 0.31514314
4666.6000 0.31497245
4666.6500 0.31493339
4666.7000 0.31605299
4666.7500 0.31717258
4666.8000 0.31829218
4666.8500 0.31890123
4666.9000 0.31450734
4666.9500 0.31011345
4667.0000 0.30571956
4667.0500 0.30136941
4667.1000 0.29749386
4667.1500 0.29361831
4667.2000 0.28974276
4667.2500 0.28608358
4667.3000 0.28500434
4667.3500 0.28392509
4667.4000 0.28284585
4667.4500 0.28225678
4667.5000 0.28802634
4667.5500 0.29379589
4667.6000 0.29956544
4667.6500 0.30500497
4667.7000 0.30584684
4667.7500 0.30668871
4667.8000 0.30753057
4667.8500 0.30810611
4667.9000 0.30475945
4667.9500 0.30141278
4668.0000 0.29806612
4668.0500 0.29505628
4668.1000 0.29719527
4668.1500 0.29933426
4668.2000 0.30147324
4668.2500 0.30339588
4668.3000 0.30195442
4668.3500 0.30051295
4668.4000 0.29907149
4668.4500 0.29791468
4668.5000 0.30116579
4668.5500 0.30441691
4668.6000 0.30766802
4668.6500 0.31059435
4668.7000 0.30861513
4668.7500 0.30663592
4668.8000 0.30465671
4668.8500 0.30281148
4668.9000 0.30290177
4668.9500 0.30299205
4669.0000 0.30308234
4669.0500 0.30299887
4669.1000 0.30055647
4669.1500 0.29811406
4669.2000 0.29567165
4669.2500 0.29370031
4669.3000 0.29765238
4669.3500 0.30160444
4669.4000 0.30555651
4669.4500 0.30931292
4669.5000 0.31081753
4669.5500 0.31232213
4669.6000 0.31382674
4669.6500 0.31543879
4669.7000 0.31817245
4669.7500 0.3209061
4669.8000 0.32363976
4669.8500 0.32532459
4669.9000 0.31714657
4669.9500 0.30896855
4670.0000 0.30079053
4670.0500 0.29349428
4670.1000 0.29363324
4670.1500 0.2937722
4670.2000 0.29391116
4670.2500 0.29448473
4670.3000 0.29833406
4670.3500 0.30218338
4670.4000 0.3060327
4670.4500 0.30895288
4670.5000 0.30562507
4670.5500 0.30229726
4670.6000 0.29896945
4670.6500 0.29643748
4670.7000 0.29867527
4670.7500 0.30091306
4670.8000 0.30315085
4670.8500 0.30450529
4670.9000 0.30114289
4670.9500 0.2977805
4671.0000 0.2944181
4671.0500 0.29213929
4671.1000 0.29501536
4671.1500 0.29789143
4671.2000 0.3007675
4671.2500 0.30355992
4671.3000 0.30599766
4671.3500 0.3084354
4671.4000 0.31087314
4671.4500 0.31195721
4671.5000 0.3079255
4671.5500 0.30389379
4671.6000 0.29986207
4671.6500 0.2981542
4671.7000 0.3042777
4671.7500 0.3104012
4671.8000 0.3165247
4671.8500 0.32045481
4671.9000 0.31779195
4671.9500 0.31512909
4672.0000 0.31246622
4672.0500 0.31125704
4672.1000 0.31394541
4672.1500 0.31663378
4672.2000 0.31932214
4672.2500 0.32021657
4672.3000 0.31682136
4672.3500 0.31342616
4672.4000 0.31003095
4672.4500 0.30814048
4672.5000 0.30945747
4672.5500 0.31077446
4672.6000 0.31209145
4672.6500 0.3137479
4672.7000 0.31604887
4672.7500 0.31834984
4672.8000 0.3206508
4672.8500 0.32168827
4672.9000 0.32059139
4672.9500 0.3194945
4673.0000 0.31839762
4673.0500 0.31632343
4673.1000 0.31278291
4673.1500 0.30924239
4673.2000 0.30570187
4673.2500 0.30641601
4673.3000 0.31278767
4673.3500 0.31915933
4673.4000 0.32553098
4673.4500 0.32602706
4673.5000 0.31961873
4673.5500 0.3132104
4673.6000 0.30680207
4673.6500 0.30613135
4673.7000 0.31139726
4673.7500 0.31666317
4673.8000 0.32192908
4673.8500 0.3241344
4673.9000 0.32356417
4673.9500 0.32299395
4674.0000 0.32242372
4674.0500 0.32151794
4674.1000 0.320347
4674.1500 0.31917605
4674.2000 0.31800511
4674.2500 0.3163056
4674.3000 0.31424474
4674.3500 0.31218388
4674.4000 0.31012303
4674.4500 0.31058777
4674.5000 0.31253236
4674.5500 0.31447695
4674.6000 0.31642153
4674.6500 0.31531084
4674.7000 0.31268403
4674.7500 0.31005723
4674.8000 0.30743042
4674.8500 0.30400703
4674.9000 0.30025411
4674.9500 0.29650118
4675.0000 0.29274825
4675.0500 0.2987764
4675.1000 0.30810654
4675.1500 0.31743668
4675.2000 0.32676683
4675.2500 0.32585069
4675.3000 0.32219558
4675.3500 0.31854046
4675.4000 0.31488534
4675.4500 0.31594679
4675.5000 0.31796236
4675.5500 0.31997794
4675.6000 0.32199351
4675.6500 0.31955312
4675.7000 0.31647986
4675.7500 0.3134066
4675.8000 0.31033334
4675.8500 0.313441
4675.9000 0.31708068
4675.9500 0.32072036
4676.0000 0.32436004
4676.0500 0.32493137
4676.1000 0.32539824
4676.1500 0.32586511
4676.2000 0.32635937
4676.2500 0.32869977
4676.3000 0.33104016
4676.3500 0.33338056
4676.4000 0.33504368
4676.4500 0.32669946
4676.5000 0.31835525
4676.5500 0.31001103
4676.6000 0.30378058
4676.6500 0.31408077
4676.7000 0.32438096
4676.7500 0.33468116
4676.8000 0.34311057
4676.8500 0.34204358
4676.9000 0.34097659
4676.9500 0.33990959
4677.0000 0.33867485
4677.0500 0.33683482
4677.1000 0.3349948
4677.1500 0.33315477
4677.2000 0.33144704
4677.2500 0.33009581
4677.3000 0.32874458
4677.3500 0.32739335
4677.4000 0.32612861
4677.4500 0.32504308
4677.5000 0.32395756
4677.5500 0.32287203
4677.6000 0.32250683
4677.6500 0.32330901
4677.7000 0.32411119
4677.7500 0.32491337
4677.8000 0.32464596
4677.8500 0.32301115
4677.9000 0.32137634
4677.9500 0.31974153
4678.0000 0.31968776
4678.0500 0.32123142
4678.1000 0.32277507
4678.1500 0.32431872
4678.2000 0.32289302
4678.2500 0.31910734
4678.3000 0.31532167
4678.3500 0.31153599
4678.4000 0.31038364
4678.4500 0.31085804
4678.5000 0.31133243
4678.5500 0.31180683
4678.6000 0.31463611
4678.6500 0.31857188
4678.7000 0.32250765
4678.7500 0.32644341
4678.8000 0.32801083
4678.8500 0.32876224
4678.9000 0.32951364
4678.9500 0.33026505
4679.0000 0.32482699
4679.0500 0.31792176
4679.1000 0.31101654
4679.1500 0.30411131
4679.2000 0.30324506
4679.2500 0.30324752
4679.3000 0.30324998
4679.3500 0.30325244
4679.4000 0.30704191
4679.4500 0.31106746
4679.5000 0.315093
4679.5500 0.31909094
4679.6000 0.32024846
4679.6500 0.32140598
4679.7000 0.3225635
4679.7500 0.32321075
4679.8000 0.31792152
4679.8500 0.31263229
4679.9000 0.30734307
4679.9500 0.30266046
4680.0000 0.30141789
4680.0500 0.30017532
4680.1000 0.29893276
4680.1500 0.29919282
4680.2000 0.30472253
4680.2500 0.31025224
4680.3000 0.31578194
4680.3500 0.31930401
4680.4000 0.31803003
4680.4500 0.31675606
4680.5000 0.31548208
4680.5500 0.31505017
4680.6000 0.31605511
4680.6500 0.31706004
4680.7000 0.31806498
4680.7500 0.31957755
4680.8000 0.32172283
4680.8500 0.32386811
4680.9000 0.3260134
4680.9500 0.32517522
4681.0000 0.32160541
4681.0500 0.31803559
4681.1000 0.31446578
4681.1500 0.31231221
4681.2000 0.31110228
4681.2500 0.30989235
4681.3000 0.30868243
4681.3500 0.30727932
4681.4000 0.30578507
4681.4500 0.30429083
4681.5000 0.30279658
4681.5500 0.30196031
4681.6000 0.30133182
4681.6500 0.30070332
4681.7000 0.30007483
4681.7500 0.29725033
4681.8000 0.29401309
4681.8500 0.29077586
4681.9000 0.28753863
4681.9500 0.29090985
4682.0000 0.29481848
4682.0500 0.2987271
4682.1000 0.30258918
4682.1500 0.3013406
4682.2000 0.30009203
4682.2500 0.29884346
4682.3000 0.29825498
4682.3500 0.30399251
4682.4000 0.30973004
4682.4500 0.31546757
4682.5000 0.31996583
4682.5500 0.3188631
4682.6000 0.31776037
4682.6500 0.31665763
4682.7000 0.31549841
4682.7500 0.31418575
4682.8000 0.31287309
4682.8500 0.31156043
4682.9000 0.31213296
4682.9500 0.31608279
4683.0000 0.32003261
4683.0500 0.32398244
4683.1000 0.32752176
4683.1500 0.3305565
4683.2000 0.33359124
4683.2500 0.33662598
4683.3000 0.33516768
4683.3500 0.32988507
4683.4000 0.32460247
4683.4500 0.31931986
4683.5000 0.31683382
4683.5500 0.31596896
4683.6000 0.3151041
4683.6500 0.31423924
4683.7000 0.31716729
4683.7500 0.32151901
4683.8000 0.32587073
4683.8500 0.33022245
4683.9000 0.32638862
4683.9500 0.32078677
4684.0000 0.31518492
4684.0500 0.30958308
4684.1000 0.30801361
4684.1500 0.30680007
4684.2000 0.30558654
4684.2500 0.30439424
4684.3000 0.30445721
4684.3500 0.30452017
4684.4000 0.30458314
4684.4500 0.30490685
4684.5000 0.3072251
4684.5500 0.30954336
4684.6000 0.31186161
4684.6500 0.31520485
4684.7000 0.32227238
4684.7500 0.3293399
4684.8000 0.33640742
4684.8500 0.33835732
4684.9000 0.32929409
4684.9500 0.32023086
4685.0000 0.31116763
4685.0500 0.30680382
4685.1000 0.3089316
4685.1500 0.31105938
4685.2000 0.31318716
4685.2500 0.3154753
4685.3000 0.31790921
4685.3500 0.32034312
4685.4000 0.32277703
4685.4500 0.32273576
4685.5000 0.32123431
4685.5500 0.31973286
4685.6000 0.31823141
4685.6500 0.3158884
4685.7000 0.31324247
4685.7500 0.31059655
4685.8000 0.30795062
4685.8500 0.31113054
4685.9000 0.31539612
4685.9500 0.3196617
4686.0000 0.32392728
4686.0500 0.32211037
4686.1000 0.31998509
4686.1500 0.31785981
4686.2000 0.31560304
4686.2500 0.31135061
4686.3000 0.30709817
4686.3500 0.30284574
4686.4000 0.2996133
4686.4500 0.30125324
4686.5000 0.30289319
4686.5500 0.30453313
4686.6000 0.30662197
4686.6500 0.30983349
4686.7000 0.31304501
4686.7500 0.31625653
4686.8000 0.31827423
4686.8500 0.31849666
4686.9000 0.31871908
4686.9500 0.31894151
4687.0000 0.31696877
4687.0500 0.31292365
4687.1000 0.30887853
4687.1500 0.30483342
4687.2000 0.30542824
4687.2500 0.30874089
4687.3000 0.31205355
4687.3500 0.3153662
4687.4000 0.31224445
4687.4500 0.30695588
4687.5000 0.3016673
4687.5500 0.29637873
4687.6000 0.29436932
4687.6500 0.29286391
4687.7000 0.2913585
4687.7500 0.28985308
4687.8000 0.29793072
4687.8500 0.30613741
4687.9000 0.3143441
4687.9500 0.3215898
4688.0000 0.32088849
4688.0500 0.32018718
4688.1000 0.31948587
4688.1500 0.31887368
4688.2000 0.31855935
4688.2500 0.31824503
4688.3000 0.31793071
4688.3500 0.31782135
4688.4000 0.31808617
4688.4500 0.31835099
4688.5000 0.31861581
4688.5500 0.31806605
4688.6000 0.31662957
4688.6500 0.3151931
4688.7000 0.31375663
4688.7500 0.31565477
4688.8000 0.31973088
4688.8500 0.32380698
4688.9000 0.32788308
4688.9500 0.32497089
4689.0000 0.31950353
4689.0500 0.31403618
4689.1000 0.30856882
4689.1500 0.30863029
4689.2000 0.30958549
4689.2500 0.31054069
4689.3000 0.31149589
4689.3500 0.3076951
4689.4000 0.30384951
4689.4500 0.30000393
4689.5000 0.2969684
4689.5500 0.29977754
4689.6000 0.30258667
4689.6500 0.3053958
4689.7000 0.30885694
4689.7500 0.31423275
4689.8000 0.31960856
4689.8500 0.32498436
4689.9000 0.3280878
4689.9500 0.32760035
4690.0000 0.32711291
4690.0500 0.32662546
4690.1000 0.32602109
4690.1500 0.32530979
4690.2000 0.3245985
4690.2500 0.3238872
4690.3000 0.32410348
4690.3500 0.32480114
4690.4000 0.3254988
4690.4500 0.32619646
4690.5000 0.32377296
4690.5500 0.32054759
4690.6000 0.31732222
4690.6500 0.31409685
4690.7000 0.31540472
4690.7500 0.31703245
4690.8000 0.31866018
4690.8500 0.32026179
4690.9000 0.32153569
4690.9500 0.32280958
4691.0000 0.32408348
4691.0500 0.32374836
4691.1000 0.31753116
4691.1500 0.31131397
4691.2000 0.30509677
4691.2500 0.30285106
4691.3000 0.30775847
4691.3500 0.31266587
4691.4000 0.31757328
4691.4500 0.31944194
4691.5000 0.31827733
4691.5500 0.31711272
4691.6000 0.31594811
4691.6500 0.3139005
4691.7000 0.31136718
4691.7500 0.30883387
4691.8000 0.30630056
4691.8500 0.30561389
4691.9000 0.30541493
4691.9500 0.30521597
4692.0000 0.30501702
4692.0500 0.31058327
4692.1000 0.316529
4692.1500 0.32247473
4692.2000 0.32768974
4692.2500 0.32520318
4692.3000 0.32271661
4692.3500 0.32023005
4692.4000 0.31761095
4692.4500 0.31456356
4692.5000 0.31151616
4692.5500 0.30846877
4692.6000 0.30572557
4692.6500 0.30346378
4692.7000 0.301202
4692.7500 0.29894021
4692.8000 0.29972712
4692.8500 0.3031179
4692.9000 0.30650867
4692.9500 0.30989945
4693.0000 0.31175254
4693.0500 0.31292356
4693.1000 0.31409459
4693.1500 0.31526561
4693.2000 0.3133627
4693.2500 0.31090604
4693.3000 0.30844937
4693.3500 0.30600349
4693.4000 0.30689466
4693.4500 0.30778583
4693.5000 0.308677
4693.5500 0.30991153
4693.6000 0.31294428
4693.6500 0.31597703
4693.7000 0.31900978
4693.7500 0.31836829
4693.8000 0.30987169
4693.8500 0.30137509
4693.9000 0.29287849
4693.9500 0.28971174
4694.0000 0.29235884
4694.0500 0.29500593
4694.1000 0.29765303
4694.1500 0.30092183
4694.2000 0.30454166
4694.2500 0.3081615
4694.3000 0.31178133
4694.3500 0.30966498
4694.4000 0.30612542
4694.4500 0.30258587
4694.5000 0.29904631
4694.5500 0.29880865
4694.6000 0.29869237
4694.6500 0.29857608
4694.7000 0.29885378
4694.7500 0.30178883
4694.8000 0.30472387
4694.8500 0.30765892
4694.9000 0.30944501
4694.9500 0.30848452
4695.0000 0.30752403
4695.0500 0.30656354
4695.1000 0.30727067
4695.1500 0.30991969
4695.2000 0.31256871
4695.2500 0.31521774
4695.3000 0.31254619
4695.3500 0.30675413
4695.4000 0.30096208
4695.4500 0.29517003
4695.5000 0.2965995
4695.5500 0.29983574
4695.6000 0.30307197
4695.6500 0.3063082
4695.7000 0.31113059
4695.7500 0.31600088
4695.8000 0.32087118
4695.8500 0.32405237
4695.9000 0.31708874
4695.9500 0.3101251
4696.0000 0.30316147
4696.0500 0.29941403
4696.1000 0.30262719
4696.1500 0.30584035
4696.2000 0.30905351
4696.2500 0.31258267
4696.3000 0.31643997
4696.3500 0.32029728
4696.4000 0.32415458
4696.4500 0.32236329
4696.5000 0.31774394
4696.5500 0.31312458
4696.6000 0.30850523
4696.6500 0.30998089
4696.7000 0.31258817
4696.7500 0.31519545
4696.8000 0.31775077
4696.8500 0.31796388
4696.9000 0.31817699
4696.9500 0.3183901
4697.0000 0.31687258
4697.0500 0.30848561
4697.1000 0.30009864
4697.1500 0.29171168
4697.2000 0.29086635
4697.2500 0.30222086
4697.3000 0.31357537
4697.3500 0.32492987
4697.4000 0.32705388
4697.4500 0.32204383
4697.5000 0.31703377
4697.5500 0.31202371
4697.6000 0.30798696
4697.6500 0.30427926
4697.7000 0.30057156
4697.7500 0.29686386
4697.8000 0.29781132
4697.8500 0.29909913
4697.9000 0.30038693
4697.9500 0.30123859
4698.0000 0.29881927
4698.0500 0.29639995
4698.1000 0.29398062
4698.1500 0.29328857
4698.2000 0.29653832
4698.2500 0.29978806
4698.3000 0.30303781
4698.3500 0.30529894
4698.4000 0.30654325
4698.4500 0.30778755
4698.5000 0.30903185
4698.5500 0.3119716
4698.6000 0.3157001
4698.6500 0.3194286
4698.7000 0.32315709
4698.7500 0.31558852
4698.8000 0.30638066
4698.8500 0.2971728
4698.9000 0.28886611
4698.9500 0.29345567
4699.0000 0.29804522
4699.0500 0.30263477
4699.1000 0.30521228
4699.1500 0.30202129
4699.2000 0.29883031
4699.2500 0.29563933
4699.3000 0.29361015
4699.3500 0.29298307
4699.4000 0.29235599
4699.4500 0.29172891
4699.5000 0.28869683
4699.5500 0.28436362
4699.6000 0.28003042
4699.6500 0.27569721
4699.7000 0.28116455
4699.7500 0.28841637
4699.8000 0.29566818
4699.8500 0.30235149
4699.9000 0.29675857
4699.9500 0.29116565
4700.0000 0.28557274
4700.0500 0.28128112
4700.1000 0.28102565
4700.1500 0.28077018
4700.2000 0.2805147
4700.2500 0.2812981
4700.3000 0.28337925
4700.3500 0.28546039
4700.4000 0.28754154
4700.4500 0.29425768
4700.5000 0.30350645
4700.5500 0.31275521
4700.6000 0.32200398
4700.6500 0.31723175
4700.7000 0.3099845
4700.7500 0.30273725
4700.8000 0.29571432
4700.8500 0.29258133
4700.9000 0.28944834
4700.9500 0.28631535
4701.0000 0.28452189
4701.0500 0.28653429
4701.1000 0.28854669
4701.1500 0.2905591
4701.2000 0.29274121
4701.2500 0.29511672
4701.3000 0.29749222
4701.3500 0.29986772
4701.4000 0.29960142
4701.4500 0.29806733
4701.5000 0.29653324
4701.5500 0.29499915
4701.6000 0.29886888
4701.6500 0.30343872
4701.7000 0.30800856
4701.7500 0.3111723
4701.8000 0.30111584
4701.8500 0.29105937
4701.9000 0.28100291
4701.9500 0.27662413
4702.0000 0.28498843
4702.0500 0.29335272
4702.1000 0.30171702
4702.1500 0.30225201
4702.2000 0.29560515
4702.2500 0.28895829
4702.3000 0.28231143
4702.3500 0.28062149
4702.4000 0.28070808
4702.4500 0.28079467
4702.5000 0.28088126
4702.5500 0.28668443
4702.6000 0.29277569
4702.6500 0.29886696
4702.7000 0.30324797
4702.7500 0.29922728
4702.8000 0.29520658
4702.8500 0.29118589
4702.9000 0.28705327
4702.9500 0.28274372
4703.0000 0.27843417
4703.0500 0.27412463
4703.1000 0.27398341
4703.1500 0.27653954
4703.2000 0.27909566
4703.2500 0.28165178
4703.3000 0.28101465
4703.3500 0.27971423
4703.4000 0.27841381
4703.4500 0.27723336
4703.5000 0.27832513
4703.5500 0.27941689
4703.6000 0.28050866
4703.6500 0.28048345
4703.7000 0.27749196
4703.7500 0.27450046
4703.8000 0.27150897
4703.8500 0.2703149
4703.9000 0.27093118
4703.9500 0.27154747
4704.0000 0.27216376
4704.0500 0.2780513
4704.1000 0.2859471
4704.1500 0.2938429
4704.2000 0.30173869
4704.2500 0.29649531
4704.3000 0.29057923
4704.3500 0.28466315
4704.4000 0.27920318
4704.4500 0.27582486
4704.5000 0.27244654
4704.5500 0.26906822
4704.6000 0.26789896
4704.6500 0.26991619
4704.7000 0.27193342
4704.7500 0.27395066
4704.8000 0.2771892
4704.8500 0.28111362
4704.9000 0.28503804
4704.9500 0.28896246
4705.0000 0.28777173
4705.0500 0.28583407
4705.1000 0.28389641
4705.1500 0.28230908
4705.2000 0.28367469
4705.2500 0.28504029
4705.3000 0.28640589
4705.3500 0.28792568
4705.4000 0.28974371
4705.4500 0.29156175
4705.5000 0.29337979
4705.5500 0.29578923
4705.6000 0.29863262
4705.6500 0.30147601
4705.7000 0.3043194
4705.7500 0.29768282
4705.8000 0.28888055
4705.8500 0.28007828
4705.9000 0.27200181
4705.9500 0.27701139
4706.0000 0.28202097
4706.0500 0.28703055
4706.1000 0.29235709
4706.1500 0.29845096
4706.2000 0.30454483
4706.2500 0.31063869
4706.3000 0.31025127
4706.3500 0.30419342
4706.4000 0.29813556
4706.4500 0.29207771
4706.5000 0.28690112
4706.5500 0.28197942
4706.6000 0.27705771
4706.6500 0.27242267
4706.7000 0.28241131
4706.7500 0.29239995
4706.8000 0.3023886
4706.8500 0.3086363
4706.9000 0.30445741
4706.9500 0.30027853
4707.0000 0.29609965
4707.0500 0.29624675
4707.1000 0.3005479
4707.1500 0.30484905
4707.2000 0.3091502
4707.2500 0.30622904
4707.3000 0.30099566
4707.3500 0.29576227
4707.4000 0.29055473
4707.4500 0.28955613
4707.5000 0.28855753
4707.5500 0.28755892
4707.6000 0.28810405
4707.6500 0.29313607
4707.7000 0.29816809
4707.7500 0.30320012
4707.8000 0.30521859
4707.8500 0.30430817
4707.9000 0.30339774
4707.9500 0.30248732
4708.0000 0.2985712
4708.0500 0.29370346
4708.1000 0.28883572
4708.1500 0.28399186
4708.2000 0.28093339
4708.2500 0.27787491
4708.3000 0.27481643
4708.3500 0.27272663
4708.4000 0.27328081
4708.4500 0.27383499
4708.5000 0.27438916
4708.5500 0.27576635
4708.6000 0.27789015
4708.6500 0.28001396
4708.7000 0.28213776
4708.7500 0.28452922
4708.8000 0.28699538
4708.8500 0.28946153
4708.9000 0.29179517
4708.9500 0.29099156
4709.0000 0.29018795
4709.0500 0.28938435
4709.1000 0.287075
4709.1500 0.28126106
4709.2000 0.27544712
4709.2500 0.26963318
4709.3000 0.27055893
4709.3500 0.27674178
4709.4000 0.28292464
4709.4500 0.28910749
4709.5000 0.28998596
4709.5500 0.28973397
4709.6000 0.28948197
4709.6500 0.28867664
4709.7000 0.2821451
4709.7500 0.27561356
4709.8000 0.26908201
4709.8500 0.26647414
4709.9000 0.27105218
4709.9500 0.27563021
4710.0000 0.28020824
4710.0500 0.28156343
4710.1000 0.28093921
4710.1500 0.280315
4710.2000 0.27969078
4710.2500 0.28232922
4710.3000 0.28538285
4710.3500 0.28843649
4710.4000 0.29002189
4710.4500 0.28366205
4710.5000 0.27730221
4710.5500 0.27094237
4710.6000 0.26862489
4710.6500 0.2717518
4710.7000 0.27487871
4710.7500 0.27800562
4710.8000 0.27986919
4710.8500 0.28118489
4710.9000 0.28250058
4710.9500 0.28381627
4711.0000 0.28078927
4711.0500 0.27762877
4711.1000 0.27446828
4711.1500 0.27195488
4711.2000 0.27144512
4711.2500 0.27093536
4711.3000 0.2704256
4711.3500 0.273612
4711.4000 0.28021947
4711.4500 0.28682694
4711.5000 0.29343441
4711.5500 0.28965634
4711.6000 0.28321344
4711.6500 0.27677055
4711.7000 0.27066497
4711.7500 0.26880822
4711.8000 0.26695147
4711.8500 0.26509473
4711.9000 0.26429039
4711.9500 0.26541862
4712.0000 0.26654685
4712.0500 0.26767508
4712.1000 0.27127844
4712.1500 0.27631771
4712.2000 0.28135698
4712.2500 0.28639625
4712.3000 0.28785689
4712.3500 0.28898259
4712.4000 0.2901083
4712.4500 0.2892425
4712.5000 0.28027157
4712.5500 0.27130065
4712.6000 0.26232973
4712.6500 0.2624257
4712.7000 0.27229139
4712.7500 0.28215708
4712.8000 0.29202278
4712.8500 0.29283306
4712.9000 0.29088811
4712.9500 0.28894315
4713.0000 0.28720297
4713.0500 0.28909555
4713.1000 0.29098812
4713.1500 0.2928807
4713.2000 0.29434695
4713.2500 0.2949903
4713.3000 0.29563365
4713.3500 0.296277
4713.4000 0.28838456
4713.4500 0.27548893
4713.5000 0.26259331
4713.5500 0.24969768
4713.6000 0.25426742
4713.6500 0.26033693
4713.7000 0.26640643
4713.7500 0.27376038
4713.8000 0.28586997
4713.8500 0.29797956
4713.9000 0.31008915
4713.9500 0.31038887
4714.0000 0.29914297
4714.0500 0.28789707
4714.1000 0.27665116
4714.1500 0.2752001
4714.2000 0.27619874
4714.2500 0.27719737
4714.3000 0.27814548
4714.3500 0.27861505
4714.4000 0.27908462
4714.4500 0.27955419
4714.5000 0.27879582
4714.5500 0.27613537
4714.6000 0.27347492
4714.6500 0.27081447
4714.7000 0.27266736
4714.7500 0.27654406
4714.8000 0.28042077
4714.8500 0.28429748
4714.9000 0.28489537
4714.9500 0.28545943
4715.0000 0.28602349
4715.0500 0.28615027
4715.1000 0.2852087
4715.1500 0.28426714
4715.2000 0.28332558
4715.2500 0.28390834
4715.3000 0.28554008
4715.3500 0.28717183
4715.4000 0.28880358
4715.4500 0.28838212
4715.5000 0.28772121
4715.5500 0.2870603
4715.6000 0.28683565
4715.6500 0.28835567
4715.7000 0.28987569
4715.7500 0.29139571
4715.8000 0.29072319
4715.8500 0.28790827
4715.9000 0.28509334
4715.9500 0.28227842
4716.0000 0.27654853
4716.0500 0.27014731
4716.1000 0.26374609
4716.1500 0.25942711
4716.2000 0.270219
4716.2500 0.28101089
4716.3000 0.29180278
4716.3500 0.29880944
4716.4000 0.30081252
4716.4500 0.30281559
4716.5000 0.30481867
4716.5500 0.30229222
4716.6000 0.29818706
4716.6500 0.2940819
4716.7000 0.29017448
4716.7500 0.28975348
4716.8000 0.28933248
4716.8500 0.28891148
4716.9000 0.28830684
4716.9500 0.28738556
4717.0000 0.28646429
4717.0500 0.28554302
4717.1000 0.281462
4717.1500 0.27590611
4717.2000 0.27035022
4717.2500 0.26479434
4717.3000 0.26289037
4717.3500 0.26099468
4717.4000 0.25909899
4717.4500 0.2590478
4717.5000 0.263008
4717.5500 0.2669682
4717.6000 0.27092839
4717.6500 0.2764865
4717.7000 0.28296905
4717.7500 0.28945159
4717.8000 0.29593413
4717.8500 0.28917756
4717.9000 0.28177248
4717.9500 0.2743674
4718.0000 0.27042864
4718.0500 0.27565673
4718.1000 0.28088482
4718.1500 0.28611292
4718.2000 0.28924171
4718.2500 0.29095186
4718.3000 0.292662
4718.3500 0.29437215
4718.4000 0.29262496
4718.4500 0.29057867
4718.5000 0.28853238
4718.5500 0.28628826
4718.6000 0.28343546
4718.6500 0.28058265
4718.7000 0.27772984
4718.7500 0.27927269
4718.8000 0.28411137
4718.8500 0.28895005
4718.9000 0.29378872
4718.9500 0.29751587
4719.0000 0.30111809
4719.0500 0.30472032
4719.1000 0.30469808
4719.1500 0.29238486
4719.2000 0.28007165
4719.2500 0.26775844
4719.3000 0.26562709
4719.3500 0.27156839
4719.4000 0.27750968
4719.4500 0.28345098
4719.5000 0.28128746
4719.5500 0.27811294
4719.6000 0.27493842
4719.6500 0.27220396
4719.7000 0.2710144
4719.7500 0.26982484
4719.8000 0.26863529
4719.8500 0.27176585
4719.9000 0.27835217
4719.9500 0.28493848
4720.0000 0.2915248
4720.0500 0.28416353
4720.1000 0.27509154
4720.1500 0.26601956
4720.2000 0.26036126
4720.2500 0.26631468
4720.3000 0.2722681
4720.3500 0.27822152
4720.4000 0.28360345
4720.4500 0.28854525
4720.5000 0.29348705
4720.5500 0.29842885
4720.6000 0.28947825
4720.6500 0.27905133
4720.7000 0.2686244
4720.7500 0.26255522
4720.8000 0.26997064
4720.8500 0.27738606
4720.9000 0.28480148
4720.9500 0.28487354
4721.0000 0.2797537
4721.0500 0.27463386
4721.1000 0.26951402
4721.1500 0.27194029
4721.2000 0.27494609
4721.2500 0.27795189
4721.3000 0.28036573
4721.3500 0.28120184
4721.4000 0.28203795
4721.4500 0.28287406
4721.5000 0.28029505
4721.5500 0.2756074
4721.6000 0.27091976
4721.6500 0.26623211
4721.7000 0.26408735
4721.7500 0.26203489
4721.8000 0.25998243
4721.8500 0.26260831
4721.9000 0.27550378
4721.9500 0.28839925
4722.0000 0.30129472
4722.0500 0.30071386
4722.1000 0.29326039
4722.1500 0.28580692
4722.2000 0.27836121
4722.2500 0.27151182
4722.3000 0.26466242
4722.3500 0.25781303
4722.4000 0.25401812
4722.4500 0.25554429
4722.5000 0.25707046
4722.5500 0.25859663
4722.6000 0.2676522
4722.6500 0.27966744
4722.7000 0.29168269
4722.7500 0.30215627
4722.8000 0.29283646
4722.8500 0.28351664
4722.9000 0.27419683
4722.9500 0.27018554
4723.0000 0.27326957
4723.0500 0.2763536
4723.1000 0.27943762
4723.1500 0.28030284
4723.2000 0.28056027
4723.2500 0.28081771
4723.3000 0.28069765
4723.3500 0.2783202
4723.4000 0.27594274
4723.4500 0.27356528
4723.5000 0.27328536
4723.5500 0.27507928
4723.6000 0.27687319
4723.6500 0.27866711
4723.7000 0.27909773
4723.7500 0.2793132
4723.8000 0.27952868
4723.8500 0.28009283
4723.9000 0.28185212
4723.9500 0.28361141
4724.0000 0.2853707
4724.0500 0.28001765
4724.1000 0.2697076
4724.1500 0.25939756
4724.2000 0.24908751
4724.2500 0.25321002
4724.3000 0.25802816
4724.3500 0.26284631
4724.4000 0.26560341
4724.4500 0.26398144
4724.5000 0.26235946
4724.5500 0.26073749
4724.6000 0.2605883
4724.6500 0.26110907
4724.7000 0.26162983
4724.7500 0.26216633
4724.8000 0.26296823
4724.8500 0.26377014
4724.9000 0.26457205
4724.9500 0.26301705
4725.0000 0.25828385
4725.0500 0.25355065
4725.1000 0.24881745
4725.1500 0.24912568
4725.2000 0.25071812
4725.2500 0.25231056
4725.3000 0.25422853
4725.3500 0.25774213
4725.4000 0.26125572
4725.4500 0.26476932
4725.5000 0.26500225
4725.5500 0.26247629
4725.6000 0.25995034
4725.6500 0.25742438
4725.7000 0.25914218
4725.7500 0.26123786
4725.8000 0.26333353
4725.8500 0.26624625
4725.9000 0.2711156
4725.9500 0.27598495
4726.0000 0.2808543
4726.0500 0.28462772
4726.1000 0.2878667
4726.1500 0.29110568
4726.2000 0.2935698
4726.2500 0.28164806
4726.3000 0.26972632
4726.3500 0.25780458
4726.4000 0.25313078
4726.4500 0.25801329
4726.5000 0.2628958
4726.5500 0.26777831
4726.6000 0.27303478
4726.6500 0.27837736
4726.7000 0.28371995
4726.7500 0.2879575
4726.8000 0.28765075
4726.8500 0.287344
4726.9000 0.28703724
4726.9500 0.28843125
4727.0000 0.29105844
4727.0500 0.29368562
4727.1000 0.2963128
4727.1500 0.28771515
4727.2000 0.27871113
4727.2500 0.26970711
4727.3000 0.26365203
4727.3500 0.26303208
4727.4000 0.26241214
4727.4500 0.2617922
4727.5000 0.26597019
4727.5500 0.27183666
4727.6000 0.27770312
4727.6500 0.28221647
4727.7000 0.27758929
4727.7500 0.27296212
4727.8000 0.26833494
4727.8500 0.26658787
4727.9000 0.26750475
4727.9500 0.26842163
4728.0000 0.2693385
4728.0500 0.27381969
4728.1000 0.27864764
4728.1500 0.28347559
4728.2000 0.28538745
4728.2500 0.28063784
4728.3000 0.27588822
4728.3500 0.2711386
4728.4000 0.27160852
4728.4500 0.27432709
4728.5000 0.27704566
4728.5500 0.27882076
4728.6000 0.27156899
4728.6500 0.26431722
4728.7000 0.25706545
4728.7500 0.25358526
4728.8000 0.2540048
4728.8500 0.25442435
4728.9000 0.25484389
4728.9500 0.25827625
4729.0000 0.26208113
4729.0500 0.265886
4729.1000 0.26743025
4729.1500 0.26342843
4729.2000 0.2594266
4729.2500 0.25542478
4729.3000 0.25578327
4729.3500 0.25809632
4729.4000 0.26040938
4729.4500 0.26245383
4729.5000 0.2618688
4729.5500 0.26128376
4729.6000 0.26069873
4729.6500 0.26519548
4729.7000 0.27485216
4729.7500 0.28450885
4729.8000 0.29416553
4729.8500 0.28278833
4729.9000 0.26909948
4729.9500 0.25541062
4730.0000 0.24499617
4730.0500 0.24197056
4730.1000 0.23894495
4730.1500 0.23591934
4730.2000 0.23998628
4730.2500 0.24688777
4730.3000 0.25378925
4730.3500 0.25994597
4730.4000 0.26079985
4730.4500 0.26165374
4730.5000 0.26250762
4730.5500 0.25798731
4730.6000 0.24876086
4730.6500 0.23953441
4730.7000 0.23030795
4730.7500 0.24044551
4730.8000 0.25172265
4730.8500 0.26299979
4730.9000 0.26563134
4730.9500 0.25269122
4731.0000 0.23975111
4731.0500 0.22681099
4731.1000 0.22776126
4731.1500 0.23283996
4731.2000 0.23791867
4731.2500 0.24148351
4731.3000 0.23842581
4731.3500 0.23536812
4731.4000 0.23231042
4731.4500 0.22840457
4731.5000 0.22393925
4731.5500 0.21947392
4731.6000 0.21535036
4731.6500 0.22770746
4731.7000 0.24006457
4731.7500 0.25242167
4731.8000 0.26027615
4731.8500 0.26238587
4731.9000 0.26449559
4731.9500 0.26660532
4732.0000 0.25474801
4732.0500 0.24061266
4732.1000 0.2264773
4732.1500 0.21544155
4732.2000 0.21231933
4732.2500 0.20919711
4732.3000 0.20607488
4732.3500 0.21557029
4732.4000 0.23036005
4732.4500 0.24514981
4732.5000 0.25762719
4732.5500 0.25444996
4732.6000 0.25127273
4732.6500 0.2480955
4732.7000 0.24288377
4732.7500 0.23603602
4732.8000 0.22918826
4732.8500 0.22234051
4732.9000 0.2253215
4732.9500 0.22849121
4733.0000 0.23166093
4733.0500 0.23281023
4733.1000 0.2310442
4733.1500 0.22927816
4733.2000 0.22751213
4733.2500 0.23229279
4733.3000 0.23833135
4733.3500 0.2443699
4733.4000 0.24922135
4733.4500 0.25085684
4733.5000 0.25249234
4733.5500 0.25412784
4733.6000 0.24379446
4733.6500 0.22837296
4733.7000 0.21295147
4733.7500 0.20163102
4733.8000 0.21656738
4733.8500 0.23150375
4733.9000 0.24644012
4733.9500 0.25278246
4734.0000 0.25263586
4734.0500 0.25248925
4734.1000 0.25232842
4734.1500 0.24971963
4734.2000 0.24711084
4734.2500 0.24450205
4734.3000 0.24286979
4734.3500 0.24246496
4734.4000 0.24206013
4734.4500 0.2416553
4734.5000 0.24647077
4734.5500 0.25198678
4734.6000 0.25750279
4734.6500 0.26118746
4734.7000 0.26100885
4734.7500 0.26083023
4734.8000 0.26065161
4734.8500 0.25108622
4734.9000 0.23860194
4734.9500 0.22611767
4735.0000 0.21864437
4735.0500 0.23056605
4735.1000 0.24248773
4735.1500 0.25440941
4735.2000 0.25757172
4735.2500 0.25599957
4735.3000 0.25442741
4735.3500 0.25364418
4735.4000 0.26044132
4735.4500 0.26723846
4735.5000 0.27403559
4735.5500 0.2764479
4735.6000 0.27513544
4735.6500 0.27382297
4735.7000 0.2725105
4735.7500 0.27515707
4735.8000 0.27784998
4735.8500 0.28054289
4735.9000 0.27837061
4735.9500 0.26994245
4736.0000 0.26151428
4736.0500 0.25308611
4736.1000 0.24748544
4736.1500 0.24224203
4736.2000 0.23699862
4736.2500 0.2316719
4736.3000 0.22618309
4736.3500 0.22069428
4736.4000 0.21520547
4736.4500 0.22017641
4736.5000 0.22788705
4736.5500 0.23559769
4736.6000 0.23839715
4736.6500 0.22620087
4736.7000 0.2140046
4736.7500 0.20180832
4736.8000 0.19357444
4736.8500 0.18702033
4736.9000 0.18046623
4736.9500 0.17691458
4737.0000 0.18922424
4737.0500 0.20153389
4737.1000 0.21384354
4737.1500 0.21320036
4737.2000 0.20452888
4737.2500 0.1958574
4737.3000 0.18756352
4737.3500 0.18380523
4737.4000 0.18004693
4737.4500 0.17628863
4737.5000 0.1817016
4737.5500 0.19500098
4737.6000 0.20830037
4737.6500 0.22159976
4737.7000 0.229436
4737.7500 0.23727102
4737.8000 0.24510605
4737.8500 0.24823786
4737.9000 0.24591917
4737.9500 0.24360048
4738.0000 0.24128178
4738.0500 0.2425462
4738.1000 0.24408888
4738.1500 0.24563157
4738.2000 0.24786125
4738.2500 0.25114767
4738.3000 0.25443409
4738.3500 0.25772051
4738.4000 0.25129908
4738.4500 0.24331473
4738.5000 0.23533037
4738.5500 0.23363112
4738.6000 0.24469305
4738.6500 0.25575498
4738.7000 0.26681691
4738.7500 0.25556976
4738.8000 0.23874405
4738.8500 0.22191834
4738.9000 0.21236468
4738.9500 0.22234881
4739.0000 0.23233293
4739.0500 0.24231706
4739.1000 0.25064269
4739.1500 0.25839717
4739.2000 0.26615164
4739.2500 0.26741281
4739.3000 0.24534627
4739.3500 0.22327973
4739.4000 0.20121319
4739.4500 0.20453273
4739.5000 0.21910055
4739.5500 0.23366837
4739.6000 0.24504483
4739.6500 0.2407829
4739.7000 0.23652097
4739.7500 0.23225904
4739.8000 0.2344094
4739.8500 0.24005334
4739.9000 0.24569727
4739.9500 0.25052103
4740.0000 0.24968009
4740.0500 0.24883916
4740.1000 0.24799822
4740.1500 0.24472547
4740.2000 0.23987782
4740.2500 0.23503017
4740.3000 0.23238934
4740.3500 0.25241787
4740.4000 0.27244639
4740.4500 0.29247492
4740.5000 0.28873472
4740.5500 0.267195
4740.6000 0.24565529
4740.6500 0.22622205
4740.7000 0.24216333
4740.7500 0.25810462
4740.8000 0.27404591
4740.8500 0.27479415
4740.9000 0.26269963
4740.9500 0.25060512
4741.0000 0.23898377
4741.0500 0.24323711
4741.1000 0.24749045
4741.1500 0.25174379
4741.2000 0.25294692
4741.2500 0.25130369
4741.3000 0.24966047
4741.3500 0.24796169
4741.4000 0.23831746
4741.4500 0.22867323
4741.5000 0.219029
4741.5500 0.21302781
4741.6000 0.2107002
4741.6500 0.20837259
4741.7000 0.20604497
4741.7500 0.22283619
4741.8000 0.23981666
4741.8500 0.25679713
4741.9000 0.25963801
4741.9500 0.2473923
4742.0000 0.23514659
4742.0500 0.22290088
4742.1000 0.2191661
4742.1500 0.21561643
4742.2000 0.21206676
4742.2500 0.21050547
4742.3000 0.21114233
4742.3500 0.2117792
4742.4000 0.21241607
4742.4500 0.2322891
4742.5000 0.25270625
4742.5500 0.2731234
4742.6000 0.28055841
4742.6500 0.27343339
4742.7000 0.26630838
4742.7500 0.25918337
4742.8000 0.24122642
4742.8500 0.2229521
4742.9000 0.20467778
4742.9500 0.19827299
4743.0000 0.20509123
4743.0500 0.21190947
4743.1000 0.21872772
4743.1500 0.2304902
4743.2000 0.24237509
4743.2500 0.25425997
4743.3000 0.2643623
4743.3500 0.27253333
4743.4000 0.28070435
4743.4500 0.28887537
4743.5000 0.27098906
4743.5500 0.25271719
4743.6000 0.23444532
4743.6500 0.22793515
4743.7000 0.23356024
4743.7500 0.23918532
4743.8000 0.24480341
4743.8500 0.22418493
4743.9000 0.20356646
4743.9500 0.18294798
4744.0000 0.1826965
4744.0500 0.20203936
4744.1000 0.22138222
4744.1500 0.240441
4744.2000 0.24584968
4744.2500 0.25125836
4744.3000 0.25666703
4744.3500 0.24886138
4744.4000 0.2294509
4744.4500 0.21004042
4744.5000 0.19169507
4744.5500 0.19554986
4744.6000 0.19940465
4744.6500 0.20325944
4744.7000 0.21464849
4744.7500 0.23194632
4744.8000 0.24924416
4744.8500 0.26450685
4744.9000 0.25518541
4744.9500 0.24586398
4745.0000 0.23654255
4745.0500 0.23275685
4745.1000 0.23275846
4745.1500 0.23276007
4745.2000 0.23258655
4745.2500 0.23103012
4745.3000 0.2294737
4745.3500 0.22791727
4745.4000 0.23607399
4745.4500 0.24987769
4745.5000 0.26368139
4745.5500 0.27411717
4745.6000 0.26599962
4745.6500 0.25788207
4745.7000 0.24976453
4745.7500 0.25280181
4745.8000 0.26117975
4745.8500 0.2695577
4745.9000 0.27547968
4745.9500 0.2715872
4746.0000 0.26769472
4746.0500 0.26380225
4746.1000 0.25818342
4746.1500 0.25191106
4746.2000 0.2456387
4746.2500 0.24280199
4746.3000 0.25016561
4746.3500 0.25752922
4746.4000 0.26489283
4746.4500 0.26840422
4746.5000 0.27082807
4746.5500 0.27325191
4746.6000 0.27205436
4746.6500 0.26276016
4746.7000 0.25346595
4746.7500 0.24417175
4746.8000 0.22755097
4746.8500 0.20953021
4746.9000 0.19150945
4746.9500 0.18498244
4747.0000 0.19790684
4747.0500 0.21083123
4747.1000 0.22375563
4747.1500 0.23696294
4747.2000 0.2502001
4747.2500 0.26343726
4747.3000 0.26733682
4747.3500 0.25930841
4747.4000 0.25127999
4747.4500 0.24325158
4747.5000 0.26233941
4747.5500 0.28212493
4747.6000 0.30191046
4747.6500 0.2966859
4747.7000 0.26762933
4747.7500 0.23857276
4747.8000 0.21144265
4747.8500 0.22051205
4747.9000 0.22958145
4747.9500 0.23865085
4748.0000 0.24534561
4748.0500 0.25039239
4748.1000 0.25543916
4748.1500 0.26323335
4748.2000 0.28918262
4748.2500 0.31513188
4748.3000 0.34108114
4748.3500 0.32461426
4748.4000 0.28762053
4748.4500 0.2506268
4748.5000 0.22237667
4748.5500 0.22555577
4748.6000 0.22873487
4748.6500 0.23191397
4748.7000 0.24623774
4748.7500 0.26402814
4748.8000 0.28181854
4748.8500 0.28756539
4748.9000 0.26640023
4748.9500 0.24523507
4749.0000 0.22406991
4749.0500 0.2290627
4749.1000 0.23842358
4749.1500 0.24778446
4749.2000 0.24392208
4749.2500 0.2207115
4749.3000 0.19750093
4749.3500 0.17429036
4749.4000 0.17772444
4749.4500 0.18237395
4749.5000 0.18702345
4749.5500 0.19751759
4749.6000 0.21367006
4749.6500 0.22982253
4749.7000 0.24436455
4749.7500 0.23418062
4749.8000 0.2239967
4749.8500 0.21381277
4749.9000 0.22782428
4749.9500 0.25694876
4750.0000 0.28607324
4750.0500 0.30859783
4750.1000 0.29917926
4750.1500 0.28976069
4750.2000 0.28034211
4750.2500 0.27765172
4750.3000 0.27747174
4750.3500 0.27729177
4750.4000 0.27427563
4750.4500 0.26420077
4750.5000 0.25412591
4750.5500 0.24405105
4750.6000 0.25061394
4750.6500 0.26019801
4750.7000 0.26978209
4750.7500 0.26806855
4750.8000 0.24991746
4750.8500 0.23176637
4750.9000 0.21361528
4750.9500 0.22787008
4751.0000 0.24313792
4751.0500 0.25840576
4751.1000 0.27529769
4751.1500 0.29361051
4751.2000 0.31192334
4751.2500 0.32407288
4751.3000 0.27973155
4751.3500 0.23539021
4751.4000 0.19104887
4751.4500 0.18456911
4751.5000 0.19718765
4751.5500 0.2098062
4751.6000 0.21914838
4751.6500 0.21766728
4751.7000 0.21618618
4751.7500 0.21470508
4751.8000 0.21147126
4751.8500 0.207803
4751.9000 0.20413474
4751.9500 0.21718911
4752.0000 0.25851106
4752.0500 0.29983302
4752.1000 0.34115498
4752.1500 0.32239183
4752.2000 0.3000206
4752.2500 0.27764937
4752.3000 0.25203973
4752.3500 0.22339665
4752.4000 0.19475357
4752.4500 0.17160782
4752.5000 0.20360118
4752.5500 0.23559455
4752.6000 0.26758791
4752.6500 0.2619567
4752.7000 0.23748312
4752.7500 0.21300955
4752.8000 0.19868344
4752.8500 0.21591839
4752.9000 0.23315334
4752.9500 0.25038829
4753.0000 0.25371342
4753.0500 0.25401841
4753.1000 0.2543234
4753.1500 0.2381874
4753.2000 0.19751873
4753.2500 0.15685006
4753.3000 0.11618139
4753.3500 0.18420551
4753.4000 0.25419517
4753.4500 0.32418483
4753.5000 0.32784835
4753.5500 0.2803532
4753.6000 0.23285805
4753.6500 0.1960362
4753.7000 0.22056206
4753.7500 0.24508792
4753.8000 0.26961379
4753.8500 0.24419125
4753.9000 0.20059111
4753.9500 0.15699097
4754.0000 0.13068323
4754.0500 0.14120813
4754.1000 0.15173304
4754.1500 0.16225794
4754.2000 0.18261666
4754.2500 0.20398206
4754.3000 0.22534746
4754.3500 0.23735978
4754.4000 0.23987268
4754.4500 0.24238558
4754.5000 0.24499832
4754.5500 0.24866632
4754.6000 0.25233432
4754.6500 0.25600233
4754.7000 0.2455949
4754.7500 0.22850529
4754.8000 0.21141568
4754.8500 0.20290136
4754.9000 0.21744657
4754.9500 0.23199178
4755.0000 0.246537
4755.0500 0.25750728
4755.1000 0.2679215
4755.1500 0.27833572
4755.2000 0.28097099
4755.2500 0.27451292
4755.3000 0.26805484
4755.3500 0.26229076
4755.4000 0.26778968
4755.4500 0.27328859
4755.5000 0.2787875
4755.5500 0.26484114
4755.6000 0.24071455
4755.6500 0.21658796
4755.7000 0.21987701
4755.7500 0.30282832
4755.8000 0.38577964
4755.8500 0.46873096
4755.9000 0.39842286
4755.9500 0.3025492
4756.0000 0.20667553
4756.0500 0.18252125
4756.1000 0.24277169
4756.1500 0.30302212
4756.2000 0.3605574
4756.2500 0.37774403
4756.3000 0.39493065
4756.3500 0.41211728
4756.4000 0.38158428
4756.4500 0.32734102
4756.5000 0.27309776
4756.5500 0.2228178
4756.6000 0.18301736
4756.6500 0.14321691
4756.7000 0.10341647
4756.7500 0.13169812
4756.8000 0.16907939
4756.8500 0.20646065
4756.9000 0.28884354
4756.9500 0.4178539
4757.0000 0.54686425
4757.0500 0.64959752
4757.1000 0.51970353
4757.1500 0.38980954
4757.2000 0.25991555
4757.2500 0.22608815
4757.3000 0.23089263
4757.3500 0.23569712
4757.4000 0.238365
4757.4500 0.23662032
4757.5000 0.23487563
4757.5500 0.23313095
4757.6000 0.22599487
4757.6500 0.21851845
4757.7000 0.21104203
4757.7500 0.22492811
4757.8000 0.25584967
4757.8500 0.28677124
4757.9000 0.30661044
4757.9500 0.27362194
4758.0000 0.24063344
4758.0500 0.20764494
4758.1000 0.2311047
4758.1500 0.26940661
4758.2000 0.30770851
4758.2500 0.31208496
4758.3000 0.26795334
4758.3500 0.22382171
4758.4000 0.18196167
4758.4500 0.20744283
4758.5000 0.23292398
4758.5500 0.25840513
4758.6000 0.26238969
4758.6500 0.25505437
4758.7000 0.24771905
4758.7500 0.24351367
4758.8000 0.24740402
4758.8500 0.25129436
4758.9000 0.25518471
4758.9500 0.22847875
4759.0000 0.19852085
4759.0500 0.16856294
4759.1000 0.15172012
4759.1500 0.14649023
4759.2000 0.14126035
4759.2500 0.13688737
4759.3000 0.13707538
4759.3500 0.13726339
4759.4000 0.1374514
4759.4500 0.18379008
4759.5000 0.2425974
4759.5500 0.30140473
4759.6000 0.33173633
4759.6500 0.32238218
4759.7000 0.31302802
4759.7500 0.30269486
4759.8000 0.27359687
4759.8500 0.24449887
4759.9000 0.21540087
4759.9500 0.19479931
4760.0000 0.17814582
4760.0500 0.16149233
4760.1000 0.14895851
4760.1500 0.14529061
4760.2000 0.14162271
4760.2500 0.13795481
4760.3000 0.18766296
4760.3500 0.2399979
4760.4000 0.29233284
4760.4500 0.28071667
4760.5000 0.22471235
4760.5500 0.16870803
4760.6000 0.13485514
4760.6500 0.17565795
4760.7000 0.21646076
4760.7500 0.25726356
4760.8000 0.24743305
4760.8500 0.22994947
4760.9000 0.21246589
4760.9500 0.21319406
4761.0000 0.23142523
4761.0500 0.2496564
4761.1000 0.26003972
4761.1500 0.22680644
4761.2000 0.19357316
4761.2500 0.16033988
4761.3000 0.19277243
4761.3500 0.24199208
4761.4000 0.29121173
4761.4500 0.31001483
4761.5000 0.29036622
4761.5500 0.2707176
4761.6000 0.24987352
4761.6500 0.21668111
4761.7000 0.1834887
4761.7500 0.1502963
4761.8000 0.12366159
4761.8500 0.09937648
4761.9000 0.07509137
4761.9500 0.05546305
4762.0000 0.04325739
4762.0500 0.03105173
4762.1000 0.02112164
4762.1500 0.07185257
4762.2000 0.1225835
4762.2500 0.17331443
4762.3000 0.23885645
4762.3500 0.31111056
4762.4000 0.38336467
4762.4500 0.43140213
4762.5000 0.43274003
4762.5500 0.43407793
4762.6000 0.43541583
4762.6500 0.40025102
4762.7000 0.36494573
4762.7500 0.32964044
4762.8000 0.30603899
4762.8500 0.28867894
4762.9000 0.27131888
4762.9500 0.26196374
4763.0000 0.27046132
4763.0500 0.2789589
4763.1000 0.28745647
4763.1500 0.32628988
4763.2000 0.36611629
4763.2500 0.40594271
4763.3000 0.4365654
4763.3500 0.46174505
4763.4000 0.4869247
4763.4500 0.49379876
4763.5000 0.45581274
4763.5500 0.41782672
4763.6000 0.3798407
4763.6500 0.32182521
4763.7000 0.26281255
4763.7500 0.20379989
4763.8000 0.21752918
4763.8500 0.27647058
4763.9000 0.33541197
4763.9500 0.36436682
4764.0000 0.31703646
4764.0500 0.26970609
4764.1000 0.22237572
4764.1500 0.2974804
4764.2000 0.3791663
4764.2500 0.4608522
4764.3000 0.46186517
4764.3500 0.41283464
4764.4000 0.36380411
4764.4500 0.29646906
4764.5000 0.18358865
4764.5500 0.07070824
4764.6000 -0.04217217
4764.6500 0.1249822
4764.7000 0.30455054
4764.7500 0.48411888
4764.8000 0.49473475
4764.8500 0.40602811
4764.9000 0.31732147
4764.9500 0.26372165
4765.0000 0.29074685
4765.0500 0.31777205
4765.1000 0.34479725
4765.1500 0.32118312
4765.2000 0.29644416
4765.2500 0.27170521
4765.3000 0.28100087
4765.3500 0.30825925
4765.4000 0.33551762
4765.4500 0.33467389
4765.5000 0.27733136
4765.5500 0.21998884
4765.6000 0.16428985
4765.6500 0.25432572
4765.7000 0.34436158
4765.7500 0.43439745
4765.8000 0.41580784
4765.8500 0.34875316
4765.9000 0.28169847
4765.9500 0.23855308
4766.0000 0.23556966
4766.0500 0.23258625
4766.1000 0
4766.1500 0
4766.2000 0
4766.2500 0
