# central peak     secundary peak   time        file        time       vobs (km/s)
   4390.1           4385.7          4.997        #1sj5A        4.997   22.302     
   4390.1           4385.7          5.002        #1sj5B        5.002   22.316
   4390.1           4385.7          5.008        #1sj5C        5.008   22.335
   4389.9           4385.6          5.023        #1sj5D        5.023   22.381
   4389.9           4385.85         5.028        #1sj5E        5.028   22.396
   4389.9           4385.85         5.044        #1sj5F        5.044   22.447
   4389.9           4385.85         5.066        #1sj5G        5.066   22.516
   4389.9           4385.895        5.086        #1sj5H        5.086   22.580
   4389.9           4386.05         5.106        #1sj5I        5.106   22.642
   4389.9           4386.05         5.127        #1sj5H        5.127   22.705
   4389.9           4386.05         5.133        #1sj5K        5.133   22.723
   4389.8           4386.12         5.147        #1sj5L        5.147   22.763
   4389.8           4386.18         5.168        #1sj5M*       5.168   22.819
   4389.8           4386.14         5.178        #1sj5N        5.178   22.843 
   4389.8           4386.14         5.189        #1sj5O        5.189   22.87
   4389.8           4386.14         5.212        #1sj5P        5.212   22.919
   4389.9           4386.24         5.231        #1sj5Q        5.231   22.954
   4388.7           4383.45         21.993       #1sj21A               26.79
   4388.7           4383.45         21.995       #1sj21B               26.796
   4388.5           4384.6          21.998       #1sj21C               26.805
   4388.5           4382.3          22.005       #1sj21D               26.827
   4390.0           4385.8          3.071        #1sj2A        3.071   28.793
   4390.15          4386.2          3.080        #1sj2B        3.080   28.816
   4390.0           4385.99         3.096        #1sj2C        3.096   28.854
   4390.5           4385.99         3.110        #1sj2D        3.110   28.885
   4390.3           4385.99         3.122        #1sj2E        3.122   28.910
   4390.1           4385.8          3.134        #1sj2F        3.134   28.932
   4390.1           4386.0          3.144        #1sj2G        3.144   28.950
   4390.1           4385.9          3.149        #1sj2H        3.149   28.958
   
   

