5015.0500 3.58996711
5015.1000 3.63293325
5015.1500 3.67589939
5015.2000 3.71886553
5015.2500 3.76183167
5015.3000 3.84071512
5015.3500 3.92847694
5015.4000 4.01623876
5015.4500 4.10400058
5015.5000 4.19089735
5015.5500 4.08413389
5015.6000 3.97737042
5015.6500 3.87060695
5015.7000 3.76384349
5015.7500 3.7001452
5015.8000 3.80011341
5015.8500 3.90008162
5015.9000 4.00004983
5015.9500 4.10001804
5016.0000 4.14125634
5016.0500 4.09916076
5016.1000 4.05706518
5016.1500 4.0149696
5016.2000 3.97287402
5016.2500 3.91502001
5016.3000 3.84749612
5016.3500 3.77997224
5016.4000 3.71244836
5016.4500 3.64492447
5016.5000 3.59383503
5016.5500 3.54617729
5016.6000 3.49851956
5016.6500 3.45086182
5016.7000 3.41152212
5016.7500 3.59478101
5016.8000 3.7780399
5016.8500 3.96129879
5016.9000 4.14455768
5016.9500 4.28113906
5017.0000 4.27465946
5017.0500 4.26817986
5017.1000 4.26170027
5017.1500 4.25522067
5017.2000 4.27948303
5017.2500 4.34023971
5017.3000 4.4009964
5017.3500 4.46175309
5017.4000 4.52250978
5017.4500 4.5001147
5017.5000 4.43670144
5017.5500 4.37328818
5017.6000 4.30987492
5017.6500 4.24646165
5017.7000 4.10706803
5017.7500 3.95763843
5017.8000 3.80820884
5017.8500 3.65877924
5017.9000 3.53913281
5017.9500 3.69294873
5018.0000 3.84676465
5018.0500 4.00058057
5018.1000 4.15439649
5018.1500 4.2275674
5018.2000 4.12482231
5018.2500 4.02207723
5018.3000 3.91933215
5018.3500 3.81658707
5018.4000 3.79797445
5018.4500 3.85347025
5018.5000 3.90896604
5018.5500 3.96446184
5018.6000 4.01995763
5018.6500 4.02153648
5018.7000 4.00516629
5018.7500 3.98879609
5018.8000 3.9724259
5018.8500 3.95605571
5018.9000 3.97098062
5018.9500 3.98687211
5019.0000 4.00276359
5019.0500 4.01865508
5019.1000 4.04372866
5019.1500 4.10767789
5019.2000 4.17162713
5019.2500 4.23557636
5019.3000 4.2995256
5019.3500 4.2751871
5019.4000 4.12552788
5019.4500 3.97586867
5019.5000 3.82620945
5019.5500 3.67655023
5019.6000 3.57878551
5019.6500 3.51061945
5019.7000 3.44245339
5019.7500 3.37428733
5019.8000 3.30612127
5019.8500 3.35894082
5019.9000 3.43121009
5019.9500 3.50347935
5020.0000 3.57574861
5020.0500 3.64147465
5020.1000 3.63891395
5020.1500 3.63635325
5020.2000 3.63379255
5020.2500 3.63123184
5020.3000 3.63564766
5020.3500 3.65526228
5020.4000 3.6748769
5020.4500 3.69449152
5020.5000 3.71410614
5020.5500 3.76303893
5020.6000 3.83664622
5020.6500 3.91025352
5020.7000 3.98386081
5020.7500 4.0574681
5020.8000 3.9735423
5020.8500 3.84325699
5020.9000 3.71297167
5020.9500 3.58268636
5021.0000 3.45272684
5021.0500 3.41598901
5021.1000 3.37925118
5021.1500 3.34251335
5021.2000 3.30577552
5021.2500 3.28621914
5021.3000 3.32241762
5021.3500 3.3586161
5021.4000 3.39481458
5021.4500 3.43101305
5021.5000 3.51638618
5021.5500 3.6574607
5021.6000 3.79853521
5021.6500 3.93960973
5021.7000 4.08068424
5021.7500 4.09549107
5021.8000 4.05706277
5021.8500 4.01863446
5021.9000 3.98020615
5021.9500 3.94177785
5022.0000 3.93143001
5022.0500 3.92289974
5022.1000 3.91436946
5022.1500 3.90583919
5022.2000 3.91359264
5022.2500 3.99746967
5022.3000 4.0813467
5022.3500 4.16522374
5022.4000 4.24910077
5022.4500 4.23163283
5022.5000 4.07098556
5022.5500 3.91033829
5022.6000 3.74969102
5022.6500 3.58904376
5022.7000 3.61645412
5022.7500 3.74338729
5022.8000 3.87032045
5022.8500 3.99725362
5022.9000 4.12418679
5022.9500 4.05536436
5023.0000 3.96348715
5023.0500 3.87160994
5023.1000 3.77973273
5023.1500 3.6988104
5023.2000 3.68714543
5023.2500 3.67548046
5023.3000 3.66381549
5023.3500 3.65215052
5023.4000 3.66637773
5023.4500 3.72289592
5023.5000 3.7794141
5023.5500 3.83593228
5023.6000 3.89245046
5023.6500 3.90637455
5023.7000 3.89464922
5023.7500 3.8829239
5023.8000 3.87119858
5023.8500 3.85947325
5023.9000 3.87349694
5023.9500 3.89137545
5024.0000 3.90925396
5024.0500 3.92713247
5024.1000 3.93991742
5024.1500 3.91413355
5024.2000 3.88834969
5024.2500 3.86256583
5024.3000 3.83678197
5024.3500 3.83899059
5024.4000 3.88994811
5024.4500 3.94090563
5024.5000 3.99186315
5024.5500 4.04282067
5024.6000 4.06119025
5024.6500 4.05908194
5024.7000 4.05697364
5024.7500 4.05486533
5024.8000 4.05275703
5024.8500 3.96998433
5024.9000 3.8745878
5024.9500 3.77919127
5025.0000 3.68379474
5025.0500 3.60346319
5025.1000 3.63739168
5025.1500 3.67132016
5025.2000 3.70524864
5025.2500 3.73917713
5025.3000 3.78175755
5025.3500 3.83909909
5025.4000 3.89644063
5025.4500 3.95378217
5025.5000 4.01112371
5025.5500 4.01315963
5025.6000 3.98184425
5025.6500 3.95052887
5025.7000 3.91921349
5025.7500 3.88789811
5025.8000 3.94613449
5025.8500 4.0166596
5025.9000 4.08718472
5025.9500 4.15770983
5026.0000 4.21121816
5026.0500 4.1567
5026.1000 4.10218185
5026.1500 4.04766369
5026.2000 3.99314554
5026.2500 3.9671568
5026.3000 3.98503411
5026.3500 4.00291141
5026.4000 4.02078872
5026.4500 4.03866603
5026.5000 4.03761631
5026.5500 4.02652242
5026.6000 4.01542852
5026.6500 4.00433462
5026.7000 3.99324072
5026.7500 3.96444956
5026.8000 3.93398833
5026.8500 3.9035271
5026.9000 3.87306587
5026.9500 3.84062505
5027.0000 3.79888222
5027.0500 3.75713938
5027.1000 3.71539655
5027.1500 3.67365372
5027.2000 3.68486016
5027.2500 3.76389283
5027.3000 3.84292549
5027.3500 3.92195816
5027.4000 4.00099083
5027.4500 3.95344239
5027.5000 3.85231118
5027.5500 3.75117996
5027.6000 3.65004874
5027.6500 3.54891752
5027.7000 3.65219522
5027.7500 3.76222915
5027.8000 3.87226308
5027.8500 3.98229701
5027.9000 4.05882282
5027.9500 4.02606251
5028.0000 3.9933022
5028.0500 3.96054189
5028.1000 3.92778158
5028.1500 3.883467
5028.2000 3.82771561
5028.2500 3.77196421
5028.3000 3.71621282
5028.3500 3.66046142
5028.4000 3.62415461
5028.4500 3.59360069
5028.5000 3.56304677
5028.5500 3.53249285
5028.6000 3.50628044
5028.6500 3.57894578
5028.7000 3.65161112
5028.7500 3.72427645
5028.8000 3.79694179
5028.8500 3.83391746
5028.9000 3.79280344
5028.9500 3.75168941
5029.0000 3.71057539
5029.0500 3.66946137
5029.1000 3.66990283
5029.1500 3.6996388
5029.2000 3.72937477
5029.2500 3.75911073
5029.3000 3.7888467
5029.3500 3.77902885
5029.4000 3.76280523
5029.4500 3.74658162
5029.5000 3.730358
5029.5500 3.71680216
5029.6000 3.72020076
5029.6500 3.72359936
5029.7000 3.72699796
5029.7500 3.73039656
5029.8000 3.72907282
5029.8500 3.72102422
5029.9000 3.71297562
5029.9500 3.70492702
5030.0000 3.69687842
5030.0500 3.70180681
5030.1000 3.7125559
5030.1500 3.72330498
5030.2000 3.73405407
5030.2500 3.74480315
5030.3000 3.82935998
5030.3500 3.91624584
5030.4000 4.0031317
5030.4500 4.09001757
5030.5000 4.12301086
5030.5500 3.99407725
5030.6000 3.86514364
5030.6500 3.73621003
5030.7000 3.60727642
5030.7500 3.58620685
5030.8000 3.66030943
5030.8500 3.734412
5030.9000 3.80851457
5030.9500 3.88261715
5031.0000 3.83679076
5031.0500 3.76356804
5031.1000 3.69034531
5031.1500 3.61712259
5031.2000 3.56258239
5031.2500 3.67985872
5031.3000 3.79713505
5031.3500 3.91441138
5031.4000 4.03168771
5031.4500 4.08977577
5031.5000 4.05265238
5031.5500 4.01552899
5031.6000 3.97840559
5031.6500 3.9412822
5031.7000 3.92537642
5031.7500 3.91992766
5031.8000 3.91447891
5031.8500 3.90903015
5031.9000 3.9035814
5031.9500 3.88458568
5032.0000 3.86499046
5032.0500 3.84539523
5032.1000 3.8258
5032.1500 3.80518644
5032.2000 3.78146214
5032.2500 3.75773785
5032.3000 3.73401355
5032.3500 3.71028925
5032.4000 3.71806734
5032.4500 3.75302031
5032.5000 3.78797328
5032.5500 3.82292626
5032.6000 3.85787923
5032.6500 3.84523428
5032.7000 3.82272748
5032.7500 3.80022068
5032.8000 3.77771388
5032.8500 3.75939017
5032.9000 3.77142333
5032.9500 3.7834565
5033.0000 3.79548966
5033.0500 3.80752282
5033.1000 3.79465414
5033.1500 3.74669637
5033.2000 3.6987386
5033.2500 3.65078083
5033.3000 3.60282306
5033.3500 3.62100858
5033.4000 3.66616792
5033.4500 3.71132726
5033.5000 3.7564866
5033.5500 3.80150592
5033.6000 3.82607462
5033.6500 3.85064331
5033.7000 3.87521201
5033.7500 3.89978071
5033.8000 3.91370419
5033.8500 3.90331585
5033.9000 3.89292752
5033.9500 3.88253919
5034.0000 3.87215085
5034.0500 3.83470681
5034.1000 3.77948657
5034.1500 3.72426632
5034.2000 3.66904608
5034.2500 3.61382584
5034.3000 3.66098535
5034.3500 3.71905353
5034.4000 3.77712171
5034.4500 3.83518989
5034.5000 3.88665039
5034.5500 3.91251307
5034.6000 3.93837575
5034.6500 3.96423844
5034.7000 3.99010112
5034.7500 3.96867219
5034.8000 3.90141983
5034.8500 3.83416747
5034.9000 3.76691511
5034.9500 3.69966275
5035.0000 3.75495413
5035.0500 3.83864693
5035.1000 3.92233973
5035.1500 4.00603253
5035.2000 4.07222402
5035.2500 4.00639695
5035.3000 3.94056987
5035.3500 3.8747428
5035.4000 3.80891572
5035.4500 3.77791205
5035.5000 3.79431147
5035.5500 3.81071089
5035.6000 3.82711031
5035.6500 3.84350973
5035.7000 3.78765828
5035.7500 3.70524773
5035.8000 3.62283718
5035.8500 3.54042663
5035.9000 3.4620435
5035.9500 3.47990738
5036.0000 3.49777126
5036.0500 3.51563515
5036.1000 3.53349903
5036.1500 3.54738049
5036.2000 3.55387792
5036.2500 3.56037536
5036.3000 3.56687279
5036.3500 3.57337023
5036.4000 3.60099145
5036.4500 3.63940663
5036.5000 3.6778218
5036.5500 3.71623698
5036.6000 3.75465216
5036.6500 3.78040578
5036.7000 3.80582838
5036.7500 3.83125098
5036.8000 3.85667359
5036.8500 3.85312583
5036.9000 3.77812263
5036.9500 3.70311942
5037.0000 3.62811622
5037.0500 3.55311302
5037.1000 3.52737673
5037.1500 3.53398466
5037.2000 3.54059259
5037.2500 3.54720052
5037.3000 3.55380846
5037.3500 3.51797602
5037.4000 3.4784598
5037.4500 3.43894357
5037.5000 3.39942735
5037.5500 3.37549979
5037.6000 3.40152652
5037.6500 3.42755325
5037.7000 3.45357998
5037.7500 3.47960671
5037.8000 3.48520878
5037.8500 3.47455304
5037.9000 3.4638973
5037.9500 3.45324156
5038.0000 3.44258582
5038.0500 3.47005705
5038.1000 3.50287537
5038.1500 3.5356937
5038.2000 3.56851202
5038.2500 3.5995443
5038.3000 3.6233634
5038.3500 3.64718251
5038.4000 3.67100161
5038.4500 3.69482071
5038.5000 3.71272079
5038.5500 3.72518291
5038.6000 3.73764503
5038.6500 3.75010716
5038.7000 3.76256928
5038.7500 3.71637785
5038.8000 3.65943948
5038.8500 3.6025011
5038.9000 3.54556272
5038.9500 3.5088209
5039.0000 3.57043114
5039.0500 3.63204139
5039.1000 3.69365164
5039.1500 3.75526189
5039.2000 3.74670789
5039.2500 3.66709649
5039.3000 3.58748508
5039.3500 3.50787368
5039.4000 3.42826228
5039.4500 3.41067973
5039.5000 3.40629457
5039.5500 3.40190941
5039.6000 3.39752425
5039.6500 3.39112811
5039.7000 3.37364586
5039.7500 3.35616361
5039.8000 3.33868136
5039.8500 3.32119911
5039.9000 3.32672257
5039.9500 3.35679456
5040.0000 3.38686654
5040.0500 3.41693853
5040.1000 3.44701051
5040.1500 3.47435491
5040.2000 3.50108126
5040.2500 3.5278076
5040.3000 3.55453395
5040.3500 3.57571195
5040.4000 3.56495225
5040.4500 3.55419255
5040.5000 3.54343285
5040.5500 3.53267315
5040.6000 3.5287527
5040.6500 3.53218202
5040.7000 3.53561135
5040.7500 3.53904068
5040.8000 3.54247
5040.8500 3.5235441
5040.9000 3.49961969
5040.9500 3.47569529
5041.0000 3.45177088
5041.0500 3.43942508
5041.1000 3.49079679
5041.1500 3.54216851
5041.2000 3.59354022
5041.2500 3.64491194
5041.3000 3.63564725
5041.3500 3.56365903
5041.4000 3.4916708
5041.4500 3.41968257
5041.5000 3.34769435
5041.5500 3.30094485
5041.6000 3.25934411
5041.6500 3.21774338
5041.7000 3.17614265
5041.7500 3.14475708
5041.8000 3.16294935
5041.8500 3.18114162
5041.9000 3.19933389
5041.9500 3.21752617
5042.0000 3.23797984
5042.0500 3.26058567
5042.1000 3.28319149
5042.1500 3.30579731
5042.2000 3.32840313
5042.2500 3.3382339
5042.3000 3.34590113
5042.3500 3.35356836
5042.4000 3.36123559
5042.4500 3.35913901
5042.5000 3.31779665
5042.5500 3.27645428
5042.6000 3.23511192
5042.6500 3.19376955
5042.7000 3.17319784
5042.7500 3.16999959
5042.8000 3.16680135
5042.8500 3.16360311
5042.9000 3.16040486
5042.9500 3.17580683
5043.0000 3.19348195
5043.0500 3.21115708
5043.1000 3.2288322
5043.1500 3.24370935
5043.2000 3.2496737
5043.2500 3.25563805
5043.3000 3.2616024
5043.3500 3.26756675
5043.4000 3.27101235
5043.4500 3.27269316
5043.5000 3.27437398
5043.5500 3.2760548
5043.6000 3.27773562
5043.6500 3.28312621
5043.7000 3.28876053
5043.7500 3.29439485
5043.8000 3.30002918
5043.8500 3.31217466
5043.9000 3.34026488
5043.9500 3.3683551
5044.0000 3.39644533
5044.0500 3.42453555
5044.1000 3.43389451
5044.1500 3.43284531
5044.2000 3.43179611
5044.2500 3.43074692
5044.3000 3.42969772
5044.3500 3.40367102
5044.4000 3.37756759
5044.4500 3.35146416
5044.5000 3.32536073
5044.5500 3.31470322
5044.6000 3.33244037
5044.6500 3.35017751
5044.7000 3.36791466
5044.7500 3.38565181
5044.8000 3.40995724
5044.8500 3.43695901
5044.9000 3.46396079
5044.9500 3.49096257
5045.0000 3.51557614
5045.0500 3.50686224
5045.1000 3.49814834
5045.1500 3.48943444
5045.2000 3.48072054
5045.2500 3.47527184
5045.3000 3.47422214
5045.3500 3.47317245
5045.4000 3.47212276
5045.4500 3.47107307
5045.5000 3.47451375
5045.5500 3.47917366
5045.6000 3.48383358
5045.6500 3.48849349
5045.7000 3.50056144
5045.7500 3.55522586
5045.8000 3.60989028
5045.8500 3.6645547
5045.9000 3.71921912
5045.9500 3.73379456
5046.0000 3.71002198
5046.0500 3.68624941
5046.1000 3.66247683
5046.1500 3.63870425
5046.2000 3.61123242
5046.2500 3.58323363
5046.3000 3.55523483
5046.3500 3.52723604
5046.4000 3.51330112
5046.4500 3.54371043
5046.5000 3.57411975
5046.5500 3.60452907
5046.6000 3.63493838
5046.6500 3.63815951
5046.7000 3.62381645
5046.7500 3.60947338
5046.8000 3.59513032
5046.8500 3.58078725
5046.9000 3.56917761
5046.9500 3.55763654
5047.0000 3.54609547
5047.0500 3.5345544
5047.1000 3.51710562
5047.1500 3.48843045
5047.2000 3.45975528
5047.2500 3.4310801
5047.3000 3.40240493
5047.3500 3.42354137
5047.4000 3.46450146
5047.4500 3.50546156
5047.5000 3.54642165
5047.5500 3.58414097
5047.6000 3.58790013
5047.6500 3.5916593
5047.7000 3.59541846
5047.7500 3.59917763
5047.8000 3.59674884
5047.8500 3.58706101
5047.9000 3.57737317
5047.9500 3.56768533
5048.0000 3.5579975
5048.0500 3.53235686
5048.1000 3.50355234
5048.1500 3.47474782
5048.2000 3.4459433
5048.2500 3.42751971
5048.3000 3.44812837
5048.3500 3.46873703
5048.4000 3.48934569
5048.4500 3.50995436
5048.5000 3.53453376
5048.5500 3.5619076
5048.6000 3.58928144
5048.6500 3.61665529
5048.7000 3.64402913
5048.7500 3.6156233
5048.8000 3.58519778
5048.8500 3.55477226
5048.9000 3.52434674
5048.9500 3.50742507
5049.0000 3.51620456
5049.0500 3.52498405
5049.1000 3.53376354
5049.1500 3.54254303
5049.2000 3.51220506
5049.2500 3.4670364
5049.3000 3.42186773
5049.3500 3.37669906
5049.4000 3.33977011
5049.4500 3.37159987
5049.5000 3.40342964
5049.5500 3.4352594
5049.6000 3.46708916
5049.6500 3.48328535
5049.7000 3.48322266
5049.7500 3.48315997
5049.8000 3.48309729
5049.8500 3.4830346
5049.9000 3.44527357
5049.9500 3.40210976
5050.0000 3.35894594
5050.0500 3.31578213
5050.1000 3.29030105
5050.1500 3.31505155
5050.2000 3.33980204
5050.2500 3.36455253
5050.3000 3.38930302
5050.3500 3.3837546
5050.4000 3.36170101
5050.4500 3.33964741
5050.5000 3.31759381
5050.5500 3.29705771
5050.6000 3.31761681
5050.6500 3.3381759
5050.7000 3.358735
5050.7500 3.3792941
5050.8000 3.37888055
5050.8500 3.35010799
5050.9000 3.32133543
5050.9500 3.29256287
5051.0000 3.26379031
5051.0500 3.26250989
5051.1000 3.26743163
5051.1500 3.27235336
5051.2000 3.2772751
5051.2500 3.28562667
5051.3000 3.30703875
5051.3500 3.32845083
5051.4000 3.34986291
5051.4500 3.37127499
5051.5000 3.36856835
5051.5500 3.34987091
5051.6000 3.33117347
5051.6500 3.31247603
5051.7000 3.29377859
5051.7500 3.26909343
5051.8000 3.24438376
5051.8500 3.21967409
5051.9000 3.19496441
5051.9500 3.19755364
5052.0000 3.24252084
5052.0500 3.28748804
5052.1000 3.33245524
5052.1500 3.37742244
5052.2000 3.34432181
5052.2500 3.29033542
5052.3000 3.23634903
5052.3500 3.18236264
5052.4000 3.13886904
5052.4500 3.14089047
5052.5000 3.1429119
5052.5500 3.14493334
5052.6000 3.14695477
5052.6500 3.18772668
5052.7000 3.25575948
5052.7500 3.32379228
5052.8000 3.39182508
5052.8500 3.45985788
5052.9000 3.42412866
5052.9500 3.38713713
5053.0000 3.3501456
5053.0500 3.31315408
5053.1000 3.2890932
5053.1500 3.28523973
5053.2000 3.28138626
5053.2500 3.27753279
5053.3000 3.27367932
5053.3500 3.24251973
5053.4000 3.20426279
5053.4500 3.16600584
5053.5000 3.12774889
5053.5500 3.10017704
5053.6000 3.11575719
5053.6500 3.13133733
5053.7000 3.14691748
5053.7500 3.16249763
5053.8000 3.17924185
5053.8500 3.19674765
5053.9000 3.21425344
5053.9500 3.23175923
5054.0000 3.24919184
5054.0500 3.26050938
5054.1000 3.27182691
5054.1500 3.28314445
5054.2000 3.29446199
5054.2500 3.29703439
5054.3000 3.28755057
5054.3500 3.27806675
5054.4000 3.26858293
5054.4500 3.25909911
5054.5000 3.28155667
5054.5500 3.31054385
5054.6000 3.33953103
5054.6500 3.36851821
5054.7000 3.38839815
5054.7500 3.37965932
5054.8000 3.37092049
5054.8500 3.36218167
5054.9000 3.35344284
5054.9500 3.35428308
5055.0000 3.36019537
5055.0500 3.36610766
5055.1000 3.37201995
5055.1500 3.37752494
5055.2000 3.37740255
5055.2500 3.37728016
5055.3000 3.37715777
5055.3500 3.37703538
5055.4000 3.38584504
5055.4500 3.40423662
5055.5000 3.42262821
5055.5500 3.44101979
5055.6000 3.45941138
5055.6500 3.45584881
5055.7000 3.44981104
5055.7500 3.44377327
5055.8000 3.4377355
5055.8500 3.43334332
5055.9000 3.4325101
5055.9500 3.43167687
5056.0000 3.43084365
5056.0500 3.43001042
5056.1000 3.42321097
5056.1500 3.41426006
5056.2000 3.40530914
5056.2500 3.39635822
5056.3000 3.38943996
5056.3500 3.39360109
5056.4000 3.39776221
5056.4500 3.40192334
5056.5000 3.40608447
5056.5500 3.40680989
5056.6000 3.40500993
5056.6500 3.40320997
5056.7000 3.40141001
5056.7500 3.39961005
5056.8000 3.39568083
5056.8500 3.3917494
5056.9000 3.38781797
5056.9500 3.38388655
5057.0000 3.37639232
5057.0500 3.36403518
5057.1000 3.35167804
5057.1500 3.3393209
5057.2000 3.32696375
5057.2500 3.32021816
5057.3000 3.31447834
5057.3500 3.30873852
5057.4000 3.3029987
5057.4500 3.30227799
5057.5000 3.31482615
5057.5500 3.32737431
5057.6000 3.33992246
5057.6500 3.35247062
5057.7000 3.35341167
5057.7500 3.34942938
5057.8000 3.34544709
5057.8500 3.3414648
5057.9000 3.34331254
5057.9500 3.38378001
5058.0000 3.42424749
5058.0500 3.46471497
5058.1000 3.50518244
5058.1500 3.49680719
5058.2000 3.45027802
5058.2500 3.40374884
5058.3000 3.35721967
5058.3500 3.3106905
5058.4000 3.33131324
5058.4500 3.35241052
5058.5000 3.37350781
5058.5500 3.39460509
5058.6000 3.40267532
5058.6500 3.39317921
5058.7000 3.3836831
5058.7500 3.37418699
5058.8000 3.36469088
5058.8500 3.36586509
5058.9000 3.36877747
5058.9500 3.37168986
5059.0000 3.37460224
5059.0500 3.37601729
5059.1000 3.37385926
5059.1500 3.37170122
5059.2000 3.36954319
5059.2500 3.36738515
5059.3000 3.35879411
5059.3500 3.34784752
5059.4000 3.33690093
5059.4500 3.32595433
5059.5000 3.31944361
5059.5500 3.33460229
5059.6000 3.34976097
5059.6500 3.36491966
5059.7000 3.38007834
5059.7500 3.40080528
5059.8000 3.425105
5059.8500 3.44940472
5059.9000 3.47370444
5059.9500 3.49460087
5060.0000 3.45036389
5060.0500 3.40612691
5060.1000 3.36188993
5060.1500 3.31765296
5060.2000 3.31160364
5060.2500 3.34507155
5060.3000 3.37853946
5060.3500 3.41200737
5060.4000 3.44547528
5060.4500 3.43309122
5060.5000 3.4174941
5060.5500 3.40189698
5060.6000 3.38629985
5060.6500 3.37861964
5060.7000 3.38391893
5060.7500 3.38921822
5060.8000 3.39451751
5060.8500 3.3998168
5060.9000 3.41855408
5060.9500 3.44015178
5061.0000 3.46174947
5061.0500 3.48334717
5061.1000 3.49173306
5061.1500 3.46465254
5061.2000 3.43757202
5061.2500 3.4104915
5061.3000 3.38341099
5061.3500 3.38535966
5061.4000 3.39861947
5061.4500 3.41187927
5061.5000 3.42513907
5061.5500 3.44040857
5061.6000 3.46555399
5061.6500 3.49069942
5061.7000 3.51584484
5061.7500 3.54099026
5061.8000 3.53255146
5061.8500 3.50351553
5061.9000 3.47447959
5061.9500 3.44544366
5062.0000 3.41903829
5062.0500 3.42659226
5062.1000 3.43414624
5062.1500 3.44170022
5062.2000 3.44925419
5062.2500 3.44332904
5062.3000 3.4252193
5062.3500 3.40710956
5062.4000 3.38899983
5062.4500 3.37089009
5062.5000 3.39104511
5062.5500 3.41198767
5062.6000 3.43293023
5062.6500 3.45387279
5062.7000 3.4676492
5062.7500 3.47214544
5062.8000 3.47664168
5062.8500 3.48113792
5062.9000 3.48563416
5062.9500 3.4807713
5063.0000 3.47478597
5063.0500 3.46880064
5063.1000 3.46281531
5063.1500 3.4587005
5063.2000 3.4580386
5063.2500 3.4573767
5063.3000 3.4567148
5063.3500 3.4560529
5063.4000 3.46838899
5063.4500 3.48375173
5063.5000 3.49911447
5063.5500 3.51447721
5063.6000 3.52532257
5063.6500 3.52408712
5063.7000 3.52285167
5063.7500 3.52161622
5063.8000 3.52038077
5063.8500 3.50388853
5063.9000 3.48188089
5063.9500 3.45987324
5064.0000 3.43786559
5064.0500 3.42238534
5064.1000 3.4333297
5064.1500 3.44427405
5064.2000 3.45521841
5064.2500 3.46616276
5064.3000 3.46150843
5064.3500 3.44892469
5064.4000 3.43634094
5064.4500 3.42375719
5064.5000 3.41141515
5064.5500 3.4007027
5064.6000 3.38999026
5064.6500 3.37927781
5064.7000 3.36856537
5064.7500 3.35957179
5064.8000 3.35174034
5064.8500 3.34390888
5064.9000 3.33607742
5064.9500 3.329719
5065.0000 3.34441826
5065.0500 3.35911753
5065.1000 3.37381679
5065.1500 3.38851606
5065.2000 3.39184161
5065.2500 3.38529823
5065.3000 3.37875485
5065.3500 3.37221148
5065.4000 3.36556543
5065.4500 3.34380487
5065.5000 3.3220443
5065.5500 3.30028374
5065.6000 3.27852318
5065.6500 3.26095013
5065.7000 3.24792514
5065.7500 3.23490014
5065.8000 3.22187515
5065.8500 3.20885016
5065.9000 3.21254894
5065.9500 3.21706759
5066.0000 3.22158624
5066.0500 3.22610489
5066.1000 3.21720083
5066.1500 3.19039167
5066.2000 3.16358252
5066.2500 3.13677336
5066.3000 3.1099642
5066.3500 3.12440295
5066.4000 3.14317456
5066.4500 3.16194616
5066.5000 3.18071777
5066.5500 3.18715452
5066.6000 3.17369598
5066.6500 3.16023744
5066.7000 3.14677889
5066.7500 3.13332035
5066.8000 3.15179321
5066.8500 3.17538789
5066.9000 3.19898256
5066.9500 3.22257723
5067.0000 3.23403953
5067.0500 3.222172
5067.1000 3.21030448
5067.1500 3.19843695
5067.2000 3.18656942
5067.2500 3.17873289
5067.3000 3.17175878
5067.3500 3.16478466
5067.4000 3.15781054
5067.4500 3.16180919
5067.5000 3.19061299
5067.5500 3.2194168
5067.6000 3.2482206
5067.6500 3.2770244
5067.7000 3.25774608
5067.7500 3.22575658
5067.8000 3.19376708
5067.8500 3.16177758
5067.9000 3.1423157
5067.9500 3.15564666
5068.0000 3.16897762
5068.0500 3.18230858
5068.1000 3.19563954
5068.1500 3.19984873
5068.2000 3.20122809
5068.2500 3.20260746
5068.3000 3.20398682
5068.3500 3.203384
5068.4000 3.19687626
5068.4500 3.19036852
5068.5000 3.18386078
5068.5500 3.17735304
5068.6000 3.16955799
5068.6500 3.16131229
5068.7000 3.15306659
5068.7500 3.1448209
5068.8000 3.13700008
5068.8500 3.13059063
5068.9000 3.12418118
5068.9500 3.11777173
5069.0000 3.11136228
5069.0500 3.12993878
5069.1000 3.15807109
5069.1500 3.18620341
5069.2000 3.21433572
5069.2500 3.23473322
5069.3000 3.22715844
5069.3500 3.21958366
5069.4000 3.21200888
5069.4500 3.2044341
5069.5000 3.2145578
5069.5500 3.23186929
5069.6000 3.24918077
5069.6500 3.26649226
5069.7000 3.27978893
5069.7500 3.27770744
5069.8000 3.27562595
5069.8500 3.27354446
5069.9000 3.27146297
5069.9500 3.26896507
5070.0000 3.26629222
5070.0500 3.26361938
5070.1000 3.26094653
5070.1500 3.25967243
5070.2000 3.26390339
5070.2500 3.26813434
5070.3000 3.2723653
5070.3500 3.27659626
5070.4000 3.26901731
5070.4500 3.2564331
5070.5000 3.24384888
5070.5500 3.23126467
5070.6000 3.22324282
5070.6500 3.23309332
5070.7000 3.24294382
5070.7500 3.25279432
5070.8000 3.26264483
5070.8500 3.2711687
5070.9000 3.27913928
5070.9500 3.28710986
5071.0000 3.29508044
5071.0500 3.29755465
5071.1000 3.27926426
5071.1500 3.26097386
5071.2000 3.24268347
5071.2500 3.22439308
5071.3000 3.22331191
5071.3500 3.22911701
5071.4000 3.23492212
5071.4500 3.24072722
5071.5000 3.24309053
5071.5500 3.23328061
5071.6000 3.22347069
5071.6500 3.21366076
5071.7000 3.20385084
5071.7500 3.21771631
5071.8000 3.24043115
5071.8500 3.263146
5071.9000 3.28586084
5071.9500 3.29785118
5072.0000 3.27526096
5072.0500 3.25267074
5072.1000 3.23008052
5072.1500 3.2074903
5072.2000 3.20564146
5072.2500 3.21082443
5072.3000 3.21600739
5072.3500 3.22119036
5072.4000 3.22824588
5072.4500 3.24068099
5072.5000 3.25311611
5072.5500 3.26555122
5072.6000 3.27798634
5072.6500 3.26464659
5072.7000 3.24364674
5072.7500 3.22264689
5072.8000 3.20164705
5072.8500 3.18513351
5072.9000 3.17988159
5072.9500 3.17462968
5073.0000 3.16937776
5073.0500 3.16412584
5073.1000 3.18120498
5073.1500 3.20386103
5073.2000 3.22651708
5073.2500 3.24917313
5073.3000 3.26360424
5073.3500 3.26029369
5073.4000 3.25698315
5073.4500 3.2536726
5073.5000 3.25036206
5073.5500 3.25055305
5073.6000 3.25143781
5073.6500 3.25232258
5073.7000 3.25320734
5073.7500 3.25295241
5073.8000 3.250616
5073.8500 3.24827958
5073.9000 3.24594317
5073.9500 3.24360676
5074.0000 3.23581496
5074.0500 3.22723877
5074.1000 3.21866258
5074.1500 3.21008638
5074.2000 3.20514908
5074.2500 3.20576038
5074.3000 3.20637168
5074.3500 3.20698298
5074.4000 3.20759428
5074.4500 3.20496492
5074.5000 3.20205049
5074.5500 3.19913606
5074.6000 3.19622163
5074.6500 3.19363967
5074.7000 3.19147482
5074.7500 3.18930998
5074.8000 3.18714514
5074.8500 3.1849803
5074.9000 3.19334563
5074.9500 3.20204557
5075.0000 3.21074551
5075.0500 3.21944545
5075.1000 3.22681313
5075.1500 3.23282803
5075.2000 3.23884294
5075.2500 3.24485784
5075.3000 3.25033596
5075.3500 3.23440577
5075.4000 3.21847557
5075.4500 3.20254538
5075.5000 3.18661518
5075.5500 3.168176
5075.6000 3.14771729
5075.6500 3.12725857
5075.7000 3.10679985
5075.7500 3.08928561
5075.8000 3.10349955
5075.8500 3.1177135
5075.9000 3.13192745
5075.9500 3.14614139
5076.0000 3.15436314
5076.0500 3.15886691
5076.1000 3.16337068
5076.1500 3.16787446
5076.2000 3.17433163
5076.2500 3.19180706
5076.3000 3.20928249
5076.3500 3.22675791
5076.4000 3.24423334
5076.4500 3.23463695
5076.5000 3.21261325
5076.5500 3.19058955
5076.6000 3.16856586
5076.6500 3.15652314
5076.7000 3.17956693
5076.7500 3.20261072
5076.8000 3.22565451
5076.8500 3.2486983
5076.9000 3.2520809
5076.9500 3.24921583
5077.0000 3.24635077
5077.0500 3.24348571
5077.1000 3.24030679
5077.1500 3.23638696
5077.2000 3.23246713
5077.2500 3.2285473
5077.3000 3.22462747
5077.3500 3.22066659
5077.4000 3.21669776
5077.4500 3.21272892
5077.5000 3.20876009
5077.5500 3.20945724
5077.6000 3.21780433
5077.6500 3.22615142
5077.7000 3.23449852
5077.7500 3.24284561
5077.8000 3.23448577
5077.8500 3.22470203
5077.9000 3.21491829
5077.9500 3.20513455
5078.0000 3.20100448
5078.0500 3.20336931
5078.1000 3.20573415
5078.1500 3.20809898
5078.2000 3.21034918
5078.2500 3.20189185
5078.3000 3.19343452
5078.3500 3.18497719
5078.4000 3.17651986
5078.4500 3.18152648
5078.5000 3.19723649
5078.5500 3.21294649
5078.6000 3.2286565
5078.6500 3.24290583
5078.7000 3.2446966
5078.7500 3.24648736
5078.8000 3.24827813
5078.8500 3.2500689
5078.9000 3.24255256
5078.9500 3.23011381
5079.0000 3.21767507
5079.0500 3.20523633
5079.1000 3.1908885
5079.1500 3.16911481
5079.2000 3.14734111
5079.2500 3.12556741
5079.3000 3.10379371
5079.3500 3.11565479
5079.4000 3.13835671
5079.4500 3.16105862
5079.5000 3.18376053
5079.5500 3.20313241
5079.6000 3.21506804
5079.6500 3.22700367
5079.7000 3.23893929
5079.7500 3.25087492
5079.8000 3.23653588
5079.8500 3.21804899
5079.9000 3.19956211
5079.9500 3.18107522
5080.0000 3.16133541
5080.0500 3.13986055
5080.1000 3.11838568
5080.1500 3.09691082
5080.2000 3.07543596
5080.2500 3.08903357
5080.3000 3.10348283
5080.3500 3.11793208
5080.4000 3.13238134
5080.4500 3.12791126
5080.5000 3.10696892
5080.5500 3.08602659
5080.6000 3.06508426
5080.6500 3.04823494
5080.7000 3.07076224
5080.7500 3.09328953
5080.8000 3.11581683
5080.8500 3.13834413
5080.9000 3.14002242
5080.9500 3.13072173
5081.0000 3.12142104
5081.0500 3.11212036
5081.1000 3.10690756
5081.1500 3.1164229
5081.2000 3.12593825
5081.2500 3.13545359
5081.3000 3.14496894
5081.3500 3.13684137
5081.4000 3.12375982
5081.4500 3.11067828
5081.5000 3.09759674
5081.5500 3.09522317
5081.6000 3.11312638
5081.6500 3.1310296
5081.7000 3.14893281
5081.7500 3.16683602
5081.8000 3.16577795
5081.8500 3.16288387
5081.9000 3.15998979
5081.9500 3.15709572
5082.0000 3.14193223
5082.0500 3.11343201
5082.1000 3.0849318
5082.1500 3.05643158
5082.2000 3.03019297
5082.2500 3.0488996
5082.3000 3.06760622
5082.3500 3.08631285
5082.4000 3.10501947
5082.4500 3.12151376
5082.5000 3.13664037
5082.5500 3.15176698
5082.6000 3.1668936
5082.6500 3.17751669
5082.7000 3.16885789
5082.7500 3.16019909
5082.8000 3.15154028
5082.8500 3.14288148
5082.9000 3.14161628
5082.9500 3.14266011
5083.0000 3.14370393
5083.0500 3.14474775
5083.1000 3.14867096
5083.1500 3.15828401
5083.2000 3.16789707
5083.2500 3.17751012
5083.3000 3.18712318
5083.3500 3.18653482
5083.4000 3.18495375
5083.4500 3.18337267
5083.5000 3.1817916
5083.5500 3.17541906
5083.6000 3.16401807
5083.6500 3.15261708
5083.7000 3.14121609
5083.7500 3.13224891
5083.8000 3.15780112
5083.8500 3.18335333
5083.9000 3.20890553
5083.9500 3.23445774
5084.0000 3.23583723
5084.0500 3.2239183
5084.1000 3.21199938
5084.1500 3.20008045
5084.2000 3.19332185
5084.2500 3.20427113
5084.3000 3.21522042
5084.3500 3.2261697
5084.4000 3.23711898
5084.4500 3.24091342
5084.5000 3.24300244
5084.5500 3.24509146
5084.6000 3.24718048
5084.6500 3.24813105
5084.7000 3.2473062
5084.7500 3.24648136
5084.8000 3.24565651
5084.8500 3.24483166
5084.9000 3.24863705
5084.9500 3.25256022
5085.0000 3.2564834
5085.0500 3.26040657
5085.1000 3.25469926
5085.1500 3.24145578
5085.2000 3.2282123
5085.2500 3.21496881
5085.3000 3.20499702
5085.3500 3.21384173
5085.4000 3.22268644
5085.4500 3.23153114
5085.5000 3.24037585
5085.5500 3.25182828
5085.6000 3.26421343
5085.6500 3.27659857
5085.7000 3.28898372
5085.7500 3.30331451
5085.8000 3.32166233
5085.8500 3.34001015
5085.9000 3.35835797
5085.9500 3.37670579
5086.0000 3.37084106
5086.0500 3.36279541
5086.1000 3.35474975
5086.1500 3.3467041
5086.2000 3.34155412
5086.2500 3.33918905
5086.3000 3.33682398
5086.3500 3.33445891
5086.4000 3.33197319
5086.4500 3.32844176
5086.5000 3.32491034
5086.5500 3.32137891
5086.6000 3.31784749
5086.6500 3.33211959
5086.7000 3.354078
5086.7500 3.37603641
5086.8000 3.39799483
5086.8500 3.41084926
5086.9000 3.40192406
5086.9500 3.39299887
5087.0000 3.38407367
5087.0500 3.37514847
5087.1000 3.37265484
5087.1500 3.37093647
5087.2000 3.3692181
5087.2500 3.36749973
5087.3000 3.36679868
5087.3500 3.36715061
5087.4000 3.36750255
5087.4500 3.36785448
5087.5000 3.36794993
5087.5500 3.36550386
5087.6000 3.3630578
5087.6500 3.36061174
5087.7000 3.35816567
5087.7500 3.36340638
5087.8000 3.37204815
5087.8500 3.38068992
5087.9000 3.38933169
5087.9500 3.39139502
5088.0000 3.37782545
5088.0500 3.36425589
5088.1000 3.35068632
5088.1500 3.33711676
5088.2000 3.3649218
5088.2500 3.39730332
5088.3000 3.42968483
5088.3500 3.46206634
5088.4000 3.46801848
5088.4500 3.44816337
5088.5000 3.42830826
5088.5500 3.40845316
5088.6000 3.39140645
5088.6500 3.39644351
5088.7000 3.40148056
5088.7500 3.40651762
5088.8000 3.41155467
5088.8500 3.40918329
5088.9000 3.40394526
5088.9500 3.39870722
5089.0000 3.39346919
5089.0500 3.39473514
5089.1000 3.40917543
5089.1500 3.42361572
5089.2000 3.43805601
5089.2500 3.4524963
5089.3000 3.42707201
5089.3500 3.39916354
5089.4000 3.37125507
5089.4500 3.34334661
5089.5000 3.33594977
5089.5500 3.34510034
5089.6000 3.35425092
5089.6500 3.36340149
5089.7000 3.37355014
5089.7500 3.38867901
5089.8000 3.40380787
5089.8500 3.41893674
5089.9000 3.43406561
5089.9500 3.45106954
5090.0000 3.468597
5090.0500 3.48612446
5090.1000 3.50365192
5090.1500 3.50352629
5090.2000 3.47668154
5090.2500 3.44983679
5090.3000 3.42299204
5090.3500 3.39654633
5090.4000 3.39583737
5090.4500 3.3951284
5090.5000 3.39441944
5090.5500 3.39371047
5090.6000 3.39344238
5090.6500 3.39342877
5090.7000 3.39341517
5090.7500 3.39340156
5090.8000 3.39125101
5090.8500 3.38282708
5090.9000 3.37440314
5090.9500 3.3659792
5091.0000 3.35755526
5091.0500 3.341055
5091.1000 3.32340602
5091.1500 3.30575703
5091.2000 3.28810805
5091.2500 3.29001394
5091.3000 3.31161677
5091.3500 3.3332196
5091.4000 3.35482243
5091.4500 3.3730977
5091.5000 3.36747592
5091.5500 3.36185414
5091.6000 3.35623236
5091.6500 3.35061058
5091.7000 3.34680752
5091.7500 3.34361852
5091.8000 3.34042953
5091.8500 3.33724053
5091.9000 3.34007334
5091.9500 3.35297398
5092.0000 3.36587462
5092.0500 3.37877525
5092.1000 3.3915889
5092.1500 3.36618668
5092.2000 3.34078445
5092.2500 3.31538223
5092.3000 3.28998001
5092.3500 3.28400893
5092.4000 3.28937171
5092.4500 3.29473448
5092.5000 3.30009726
5092.5500 3.31567694
5092.6000 3.35999815
5092.6500 3.40431936
5092.7000 3.44864057
5092.7500 3.49296178
5092.8000 3.46492491
5092.8500 3.4283293
5092.9000 3.39173369
5092.9500 3.35513808
5093.0000 3.34805894
5093.0500 3.36741567
5093.1000 3.3867724
5093.1500 3.40612913
5093.2000 3.42197774
5093.2500 3.41969997
5093.3000 3.4174222
5093.3500 3.41514444
5093.4000 3.41286667
5093.4500 3.41540562
5093.5000 3.41916303
5093.5500 3.42292045
5093.6000 3.42667786
5093.6500 3.42009552
5093.7000 3.40010418
5093.7500 3.38011284
5093.8000 3.36012149
5093.8500 3.34254695
5093.9000 3.35522279
5093.9500 3.36789863
5094.0000 3.38057447
5094.0500 3.39325031
5094.1000 3.39333895
5094.1500 3.38838343
5094.2000 3.38342792
5094.2500 3.3784724
5094.3000 3.38147792
5094.3500 3.39893749
5094.4000 3.41639706
5094.4500 3.43385663
5094.5000 3.4513162
5094.5500 3.4491123
5094.6000 3.44686394
5094.6500 3.44461559
5094.7000 3.44236723
5094.7500 3.43256859
5094.8000 3.41855327
5094.8500 3.40453795
5094.9000 3.39052263
5094.9500 3.38331853
5095.0000 3.39304517
5095.0500 3.4027718
5095.1000 3.41249843
5095.1500 3.42222507
5095.2000 3.41422855
5095.2500 3.40496841
5095.3000 3.39570827
5095.3500 3.38644813
5095.4000 3.38578775
5095.4500 3.39132067
5095.5000 3.3968536
5095.5500 3.40238653
5095.6000 3.40455216
5095.6500 3.39547983
5095.7000 3.38640751
5095.7500 3.37733519
5095.8000 3.36826286
5095.8500 3.3884776
5095.9000 3.41264451
5095.9500 3.43681141
5096.0000 3.46097831
5096.0500 3.46162876
5096.1000 3.44167254
5096.1500 3.42171632
5096.2000 3.40176011
5096.2500 3.38506498
5096.3000 3.38262487
5096.3500 3.38018475
5096.4000 3.37774463
5096.4500 3.37530452
5096.5000 3.38050366
5096.5500 3.38715023
5096.6000 3.3937968
5096.6500 3.40044336
5096.7000 3.40205699
5096.7500 3.39856814
5096.8000 3.3950793
5096.8500 3.39159046
5096.9000 3.38752161
5096.9500 3.38026064
5097.0000 3.37299968
5097.0500 3.36573872
5097.1000 3.35847776
5097.1500 3.35661214
5097.2000 3.35599338
5097.2500 3.35537462
5097.3000 3.35475585
5097.3500 3.3540453
5097.4000 3.35323211
5097.4500 3.35241893
5097.5000 3.35160575
5097.5500 3.34895277
5097.6000 3.33433958
5097.6500 3.3197264
5097.7000 3.30511321
5097.7500 3.29050003
5097.8000 3.29421917
5097.8500 3.30264141
5097.9000 3.31106366
5097.9500 3.3194859
5098.0000 3.3202261
5098.0500 3.31193648
5098.1000 3.30364687
5098.1500 3.29535726
5098.2000 3.28867359
5098.2500 3.2932467
5098.3000 3.29781982
5098.3500 3.30239294
5098.4000 3.30696606
5098.4500 3.30804214
5098.5000 3.30819625
5098.5500 3.30835036
5098.6000 3.30850446
5098.6500 3.3033255
5098.7000 3.29186581
5098.7500 3.28040612
5098.8000 3.26894642
5098.8500 3.25580813
5098.9000 3.23127252
5098.9500 3.20673691
5099.0000 3.1822013
5099.0500 3.15766569
5099.1000 3.15010495
5099.1500 3.14681771
5099.2000 3.14353047
5099.2500 3.14024324
5099.3000 3.13586788
5099.3500 3.13026902
5099.4000 3.12467016
5099.4500 3.1190713
5099.5000 3.1154528
5099.5500 3.12361706
5099.6000 3.13178132
5099.6500 3.13994558
5099.7000 3.14810983
5099.7500 3.15048809
5099.8000 3.1515824
5099.8500 3.15267672
5099.9000 3.15377103
5099.9500 3.14769692
5100.0000 3.13428711
5100.0500 3.12087729
5100.1000 3.10746748
5100.1500 3.09733494
5100.2000 3.10304508
5100.2500 3.10875523
5100.3000 3.11446538
5100.3500 3.12017552
5100.4000 3.12022498
5100.4500 3.11927481
5100.5000 3.11832465
5100.5500 3.11737448
5100.6000 3.12342719
5100.6500 3.13569606
5100.7000 3.14796494
5100.7500 3.16023382
5100.8000 3.16918641
5100.8500 3.16573341
5100.9000 3.1622804
5100.9500 3.15882739
5101.0000 3.15537439
5101.0500 3.14168891
5101.1000 3.12678311
5101.1500 3.1118773
5101.2000 3.0969715
5101.2500 3.09732423
5101.3000 3.10884951
5101.3500 3.12037479
5101.4000 3.13190007
5101.4500 3.13889325
5101.5000 3.13315201
5101.5500 3.12741078
5101.6000 3.12166955
5101.6500 3.11592832
5101.7000 3.1405477
5101.7500 3.16679868
5101.8000 3.19304965
5101.8500 3.21930063
5101.9000 3.21371318
5101.9500 3.18997114
5102.0000 3.16622909
5102.0500 3.14248705
5102.1000 3.13440592
5102.1500 3.15869587
5102.2000 3.18298583
5102.2500 3.20727579
5102.3000 3.23128646
5102.3500 3.23873453
5102.4000 3.2461826
5102.4500 3.25363067
5102.5000 3.26107874
5102.5500 3.25546509
5102.6000 3.24447616
5102.6500 3.23348723
5102.7000 3.2224983
5102.7500 3.22200367
5102.8000 3.23714223
5102.8500 3.2522808
5102.9000 3.26741937
5102.9500 3.28060189
5103.0000 3.27540776
5103.0500 3.27021363
5103.1000 3.2650195
5103.1500 3.25982537
5103.2000 3.26758252
5103.2500 3.27873928
5103.3000 3.28989604
5103.3500 3.3010528
5103.4000 3.30531479
5103.4500 3.30238059
5103.5000 3.2994464
5103.5500 3.29651221
5103.6000 3.29399596
5103.6500 3.29328643
5103.7000 3.2925769
5103.7500 3.29186736
5103.8000 3.29115783
5103.8500 3.31089025
5103.9000 3.33320705
5103.9500 3.35552384
5104.0000 3.37784064
5104.0500 3.38076059
5104.1000 3.37014574
5104.1500 3.35953088
5104.2000 3.34891603
5104.2500 3.33990637
5104.3000 3.33479664
5104.3500 3.32968691
5104.4000 3.32457717
5104.4500 3.31946744
5104.5000 3.31130081
5104.5500 3.30312036
5104.6000 3.2949399
5104.6500 3.28675945
5104.7000 3.28608611
5104.7500 3.28861848
5104.8000 3.29115086
5104.8500 3.29368324
5104.9000 3.28676276
5104.9500 3.26608984
5105.0000 3.24541693
5105.0500 3.22474401
5105.1000 3.20904984
5105.1500 3.23155835
5105.2000 3.25406687
5105.2500 3.27657539
5105.3000 3.2990839
5105.3500 3.29897654
5105.4000 3.29405791
5105.4500 3.28913927
5105.5000 3.28422063
5105.5500 3.28979018
5105.6000 3.30446821
5105.6500 3.31914624
5105.7000 3.33382427
5105.7500 3.34573232
5105.8000 3.34920347
5105.8500 3.35267462
5105.9000 3.35614576
5105.9500 3.35961691
5106.0000 3.34901073
5106.0500 3.33782524
5106.1000 3.32663976
5106.1500 3.31545427
5106.2000 3.29943905
5106.2500 3.28109971
5106.3000 3.26276038
5106.3500 3.24442104
5106.4000 3.23587124
5106.4500 3.24256166
5106.5000 3.24925207
5106.5500 3.25594249
5106.6000 3.26425044
5106.6500 3.28585572
5106.7000 3.30746101
5106.7500 3.32906629
5106.8000 3.35067157
5106.8500 3.32769838
5106.9000 3.29540824
5106.9500 3.26311809
5107.0000 3.23082794
5107.0500 3.23852626
5107.1000 3.27932102
5107.1500 3.32011578
5107.2000 3.36091053
5107.2500 3.38875987
5107.3000 3.38134373
5107.3500 3.3739276
5107.4000 3.36651146
5107.4500 3.35909532
5107.5000 3.33022227
5107.5500 3.3011593
5107.6000 3.27209633
5107.6500 3.24303336
5107.7000 3.23054231
5107.7500 3.22464775
5107.8000 3.2187532
5107.8500 3.21285865
5107.9000 3.21154765
5107.9500 3.21605422
5108.0000 3.22056078
5108.0500 3.22506735
5108.1000 3.22786309
5108.1500 3.2221511
5108.2000 3.21643912
5108.2500 3.21072713
5108.3000 3.20501515
5108.3500 3.2002993
5108.4000 3.19569967
5108.4500 3.19110005
5108.5000 3.18650043
5108.5500 3.188306
5108.6000 3.19395554
5108.6500 3.19960508
5108.7000 3.20525462
5108.7500 3.20584307
5108.8000 3.19726525
5108.8500 3.18868743
5108.9000 3.1801096
5108.9500 3.17180565
5109.0000 3.16634512
5109.0500 3.16088458
5109.1000 3.15542405
5109.1500 3.14996351
5109.2000 3.16857592
5109.2500 3.19242512
5109.3000 3.21627432
5109.3500 3.24012352
5109.4000 3.24393324
5109.4500 3.23174989
5109.5000 3.21956654
5109.5500 3.2073832
5109.6000 3.19462269
5109.6500 3.18046491
5109.7000 3.16630713
5109.7500 3.15214935
5109.8000 3.13841925
5109.8500 3.13859781
5109.9000 3.13877636
5109.9500 3.13895492
5110.0000 3.13913348
5110.0500 3.14199079
5110.1000 3.14565415
5110.1500 3.14931751
5110.2000 3.15298088
5110.2500 3.16199957
5110.3000 3.17618618
5110.3500 3.19037279
5110.4000 3.2045594
5110.4500 3.20824352
5110.5000 3.18049782
5110.5500 3.15275213
5110.6000 3.12500644
5110.6500 3.09726074
5110.7000 3.11330273
5110.7500 3.12963696
5110.8000 3.14597118
5110.8500 3.16230541
5110.9000 3.16408349
5110.9500 3.16068393
5111.0000 3.15728438
5111.0500 3.15388483
5111.1000 3.15740493
5111.1500 3.16832491
5111.2000 3.1792449
5111.2500 3.19016488
5111.3000 3.19693926
5111.3500 3.18984943
5111.4000 3.1827596
5111.4500 3.17566976
5111.5000 3.16857993
5111.5500 3.21121002
5111.6000 3.25493309
5111.6500 3.29865616
5111.7000 3.34237923
5111.7500 3.31771831
5111.8000 3.26752594
5111.8500 3.21733357
5111.9000 3.1671412
5111.9500 3.13528418
5112.0000 3.12335831
5112.0500 3.11143245
5112.1000 3.09950658
5112.1500 3.09890786
5112.2000 3.13591052
5112.2500 3.17291318
5112.3000 3.20991585
5112.3500 3.24691851
5112.4000 3.25285321
5112.4500 3.25832151
5112.5000 3.26378981
5112.5500 3.26925811
5112.6000 3.25617376
5112.6500 3.23657994
5112.7000 3.21698612
5112.7500 3.1973923
5112.8000 3.19728113
5112.8500 3.21691341
5112.9000 3.2365457
5112.9500 3.25617798
5113.0000 3.27076749
5113.0500 3.27058032
5113.1000 3.27039315
5113.1500 3.27020598
5113.2000 3.27013472
5113.2500 3.27850336
5113.3000 3.286872
5113.3500 3.29524064
5113.4000 3.30360928
5113.4500 3.32815925
5113.5000 3.35743364
5113.5500 3.38670803
5113.6000 3.41598243
5113.6500 3.40196842
5113.7000 3.35045526
5113.7500 3.2989421
5113.8000 3.24742894
5113.8500 3.21309264
5113.9000 3.21902706
5113.9500 3.22496149
5114.0000 3.23089591
5114.0500 3.23717618
5114.1000 3.24855483
5114.1500 3.25993348
5114.2000 3.27131213
5114.2500 3.28269078
5114.3000 3.28945309
5114.3500 3.29526586
5114.4000 3.30107863
5114.4500 3.3068914
5114.5000 3.29915098
5114.5500 3.28224756
5114.6000 3.26534413
5114.6500 3.24844071
5114.7000 3.2427236
5114.7500 3.25644946
5114.8000 3.27017532
5114.8500 3.28390119
5114.9000 3.2938334
5114.9500 3.27949047
5115.0000 3.26514754
5115.0500 3.25080461
5115.1000 3.23646168
5115.1500 3.25426372
5115.2000 3.2753833
5115.2500 3.29650289
5115.3000 3.31762247
5115.3500 3.32364922
5115.4000 3.32254399
5115.4500 3.32143875
5115.5000 3.32033352
5115.5500 3.32199835
5115.6000 3.32700667
5115.6500 3.33201498
5115.7000 3.3370233
5115.7500 3.3405023
5115.8000 3.33881665
5115.8500 3.337131
5115.9000 3.33544535
5115.9500 3.33375769
5116.0000 3.33168332
5116.0500 3.32960896
5116.1000 3.32753459
5116.1500 3.32546023
5116.2000 3.32795198
5116.2500 3.33170732
5116.3000 3.33546267
5116.3500 3.33921801
5116.4000 3.34489346
5116.4500 3.35206125
5116.5000 3.35922904
5116.5500 3.36639684
5116.6000 3.36523269
5116.6500 3.34814176
5116.7000 3.33105082
5116.7500 3.31395989
5116.8000 3.29898177
5116.8500 3.29871218
5116.9000 3.2984426
5116.9500 3.29817302
5117.0000 3.29790343
5117.0500 3.31878328
5117.1000 3.34177779
5117.1500 3.36477229
5117.2000 3.38776679
5117.2500 3.39133064
5117.3000 3.38632541
5117.3500 3.38132018
5117.4000 3.37631495
5117.4500 3.37060223
5117.5000 3.36412361
5117.5500 3.35764499
5117.6000 3.35116637
5117.6500 3.34890918
5117.7000 3.35819712
5117.7500 3.36748505
5117.8000 3.37677299
5117.8500 3.38337956
5117.9000 3.34535784
5117.9500 3.30733612
5118.0000 3.26931439
5118.0500 3.23129267
5118.1000 3.23961046
5118.1500 3.25630107
5118.2000 3.27299168
5118.2500 3.28968229
5118.3000 3.30304918
5118.3500 3.31453523
5118.4000 3.32602127
5118.4500 3.33750732
5118.5000 3.33647116
5118.5500 3.31894534
5118.6000 3.30141952
5118.6500 3.2838937
5118.7000 3.26958407
5118.7500 3.26628972
5118.8000 3.26299537
5118.8500 3.25970102
5118.9000 3.25659804
5118.9500 3.262115
5119.0000 3.26763196
5119.0500 3.27314891
5119.1000 3.27866587
5119.1500 3.2781081
5119.2000 3.27620605
5119.2500 3.274304
5119.3000 3.27240196
5119.3500 3.28447158
5119.4000 3.30520468
5119.4500 3.32593778
5119.5000 3.34667089
5119.5500 3.35612055
5119.6000 3.34979922
5119.6500 3.34347788
5119.7000 3.33715655
5119.7500 3.33327697
5119.8000 3.33814427
5119.8500 3.34301158
5119.9000 3.34787888
5119.9500 3.35264298
5120.0000 3.35254014
5120.0500 3.3524373
5120.1000 3.35233446
5120.1500 3.35223162
5120.2000 3.34571263
5120.2500 3.33782942
5120.3000 3.32994622
5120.3500 3.32206301
5120.4000 3.31164407
5120.4500 3.29973533
5120.5000 3.2878266
5120.5500 3.27591787
5120.6000 3.27717274
5120.6500 3.29541897
5120.7000 3.3136652
5120.7500 3.33191143
5120.8000 3.34021668
5120.8500 3.3178065
5120.9000 3.29539632
5120.9500 3.27298614
5121.0000 3.25172345
5121.0500 3.25062057
5121.1000 3.24951769
5121.1500 3.24841481
5121.2000 3.24731193
5121.2500 3.27327026
5121.3000 3.30346792
5121.3500 3.33366558
5121.4000 3.36386324
5121.4500 3.34753899
5121.5000 3.30898131
5121.5500 3.27042362
5121.6000 3.23186594
5121.6500 3.21656962
5121.7000 3.22547804
5121.7500 3.23438645
5121.8000 3.24329487
5121.8500 3.24807957
5121.9000 3.24346139
5121.9500 3.2388432
5122.0000 3.23422502
5122.0500 3.23125148
5122.1000 3.24022304
5122.1500 3.2491946
5122.2000 3.25816616
5122.2500 3.26713772
5122.3000 3.25387863
5122.3500 3.23916393
5122.4000 3.22444924
5122.4500 3.20973454
5122.5000 3.21629255
5122.5500 3.22966294
5122.6000 3.24303334
5122.6500 3.25640374
5122.7000 3.26002614
5122.7500 3.25652253
5122.8000 3.25301892
5122.8500 3.24951531
5122.9000 3.24706716
5122.9500 3.24620675
5123.0000 3.24534634
5123.0500 3.24448592
5123.1000 3.24032962
5123.1500 3.22464297
5123.2000 3.20895632
5123.2500 3.19326966
5123.3000 3.1780488
5123.3500 3.17234599
5123.4000 3.16664319
5123.4500 3.16094038
5123.5000 3.15523758
5123.5500 3.14867915
5123.6000 3.14199554
5123.6500 3.13531194
5123.7000 3.12862834
5123.7500 3.14139001
5123.8000 3.16250686
5123.8500 3.18362371
5123.9000 3.20474055
5123.9500 3.20861434
5124.0000 3.19706841
5124.0500 3.18552248
5124.1000 3.17397655
5124.1500 3.164381
5124.2000 3.15828714
5124.2500 3.15219327
5124.3000 3.14609941
5124.3500 3.13967677
5124.4000 3.13184261
5124.4500 3.12400846
5124.5000 3.1161743
5124.5500 3.10877212
5124.6000 3.12105399
5124.6500 3.13333586
5124.7000 3.14561772
5124.7500 3.15789959
5124.8000 3.16230831
5124.8500 3.1653861
5124.9000 3.16846389
5124.9500 3.17154168
5125.0000 3.15704893
5125.0500 3.13468757
5125.1000 3.1123262
5125.1500 3.08996484
5125.2000 3.08517903
5125.2500 3.09614582
5125.3000 3.10711262
5125.3500 3.11807941
5125.4000 3.11913033
5125.4500 3.10295844
5125.5000 3.08678656
5125.5500 3.07061467
5125.6000 3.06043319
5125.6500 3.07351481
5125.7000 3.08659643
5125.7500 3.09967804
5125.8000 3.11219588
5125.8500 3.11289866
5125.9000 3.11360143
5125.9500 3.1143042
5126.0000 3.11500697
5126.0500 3.10804885
5126.1000 3.10012139
5126.1500 3.09219393
5126.2000 3.08426647
5126.2500 3.09156303
5126.3000 3.10445648
5126.3500 3.11734994
5126.4000 3.13024339
5126.4500 3.12629698
5126.5000 3.10995793
5126.5500 3.09361888
5126.6000 3.07727983
5126.6500 3.06949454
5126.7000 3.07340993
5126.7500 3.07732532
5126.8000 3.08124071
5126.8500 3.08328607
5126.9000 3.08027372
5126.9500 3.07726138
5127.0000 3.07424903
5127.0500 3.07056754
5127.1000 3.06192856
5127.1500 3.05328958
5127.2000 3.0446506
5127.2500 3.03601162
5127.3000 3.0475929
5127.3500 3.05981487
5127.4000 3.07203683
5127.4500 3.0842588
5127.5000 3.07918997
5127.5500 3.07035183
5127.6000 3.0615137
5127.6500 3.05267557
5127.7000 3.04100052
5127.7500 3.02795411
5127.8000 3.01490771
5127.8500 3.0018613
5127.9000 3.00230653
5127.9500 3.01478315
5128.0000 3.02725976
5128.0500 3.03973638
5128.1000 3.05055137
5128.1500 3.05870601
5128.2000 3.06686065
5128.2500 3.07501529
5128.3000 3.07970705
5128.3500 3.07353344
5128.4000 3.06735984
5128.4500 3.06118623
5128.5000 3.0561642
5128.5500 3.06147427
5128.6000 3.06678435
5128.6500 3.07209442
5128.7000 3.07740449
5128.7500 3.07634025
5128.8000 3.07501215
5128.8500 3.07368406
5128.9000 3.07235596
5128.9500 3.06260756
5129.0000 3.05103074
5129.0500 3.03945392
5129.1000 3.0278771
5129.1500 3.01674383
5129.2000 3.00581517
5129.2500 2.99488651
5129.3000 2.98395784
5129.3500 2.9864947
5129.4000 3.00011989
5129.4500 3.01374507
5129.5000 3.02737025
5129.5500 3.03622284
5129.6000 3.03831654
5129.6500 3.04041025
5129.7000 3.04250395
5129.7500 3.03953571
5129.8000 3.02359732
5129.8500 3.00765892
5129.9000 2.99172053
5129.9500 2.98239519
5130.0000 3.01085838
5130.0500 3.03932157
5130.1000 3.06778477
5130.1500 3.09517942
5130.2000 3.0659812
5130.2500 3.03678299
5130.3000 3.00758477
5130.3500 2.97838655
5130.4000 2.98229673
5130.4500 2.99031981
5130.5000 2.9983429
5130.5500 3.00636598
5130.6000 3.05101128
5130.6500 3.10710466
5130.7000 3.16319803
5130.7500 3.21929141
5130.8000 3.20997321
5130.8500 3.16314851
5130.9000 3.11632382
5130.9500 3.06949912
5131.0000 3.04039741
5131.0500 3.02827816
5131.1000 3.01615892
5131.1500 3.00403967
5131.2000 2.99351705
5131.2500 2.9855219
5131.3000 2.97752676
5131.3500 2.96953161
5131.4000 2.96579536
5131.4500 2.97387165
5131.5000 2.98194794
5131.5500 2.99002424
5131.6000 2.99680525
5131.6500 2.99590086
5131.7000 2.99499647
5131.7500 2.99409208
5131.8000 2.99301833
5131.8500 2.98529576
5131.9000 2.97757319
5131.9500 2.96985062
5132.0000 2.96212805
5132.0500 2.96183448
5132.1000 2.96230421
5132.1500 2.96277395
5132.2000 2.96324369
5132.2500 2.99472691
5132.3000 3.03444474
5132.3500 3.07416257
5132.4000 3.1138804
5132.4500 3.10399354
5132.5000 3.07021589
5132.5500 3.03643824
5132.6000 3.00266059
5132.6500 2.99158504
5132.7000 2.99827038
5132.7500 3.00495572
5132.8000 3.01164106
5132.8500 3.0186494
5132.9000 3.02605483
5132.9500 3.03346026
5133.0000 3.04086569
5133.0500 3.04430095
5133.1000 3.03994096
5133.1500 3.03558097
5133.2000 3.03122097
5133.2500 3.02836336
5133.3000 3.03060128
5133.3500 3.03283919
5133.4000 3.03507711
5133.4500 3.04011242
5133.5000 3.06578924
5133.5500 3.09146605
5133.6000 3.11714287
5133.6500 3.1422701
5133.7000 3.12352216
5133.7500 3.10477421
5133.8000 3.08602627
5133.8500 3.06727833
5133.9000 3.06893972
5133.9500 3.07269938
5134.0000 3.07645904
5134.0500 3.0802187
5134.1000 3.064509
5134.1500 3.04400959
5134.2000 3.02351017
5134.2500 3.00301075
5134.3000 2.99278354
5134.3500 2.98696444
5134.4000 2.98114534
5134.4500 2.97532625
5134.5000 2.97420162
5134.5500 2.97622921
5134.6000 2.9782568
5134.6500 2.9802844
5134.7000 2.9755772
5134.7500 2.96408663
5134.8000 2.95259607
5134.8500 2.9411055
5134.9000 2.93961134
5134.9500 2.95314212
5135.0000 2.96667291
5135.0500 2.98020369
5135.1000 2.9875484
5135.1500 2.98060969
5135.2000 2.97367097
5135.2500 2.96673226
5135.3000 2.96273967
5135.3500 2.97008266
5135.4000 2.97742564
5135.4500 2.98476863
5135.5000 2.99014314
5135.5500 2.97987064
5135.6000 2.96959814
5135.6500 2.95932564
5135.7000 2.94949245
5135.7500 2.96285083
5135.8000 2.97620921
5135.8500 2.9895676
5135.9000 3.00292598
5135.9500 2.99314724
5136.0000 2.98154156
5136.0500 2.96993589
5136.1000 2.95833021
5136.1500 2.93944381
5136.2000 2.9191336
5136.2500 2.89882338
5136.3000 2.87851317
5136.3500 2.88126392
5136.4000 2.89180762
5136.4500 2.90235131
5136.5000 2.91289501
5136.5500 2.90437444
5136.6000 2.88602431
5136.6500 2.86767418
5136.7000 2.84932406
5136.7500 2.86899066
5136.8000 2.91692153
5136.8500 2.9648524
5136.9000 3.01278327
5136.9500 3.02349839
5137.0000 2.99527968
5137.0500 2.96706096
5137.1000 2.93884225
5137.1500 2.92537339
5137.2000 2.93355122
5137.2500 2.94172906
5137.3000 2.94990689
5137.3500 2.95526724
5137.4000 2.95472696
5137.4500 2.95418668
5137.5000 2.9536464
5137.5500 2.95552841
5137.6000 2.9649777
5137.6500 2.97442699
5137.7000 2.98387628
5137.7500 2.99494133
5137.8000 3.01429259
5137.8500 3.03364386
5137.9000 3.05299513
5137.9500 3.06722772
5138.0000 3.02653932
5138.0500 2.98585093
5138.1000 2.94516253
5138.1500 2.90487498
5138.2000 2.910147
5138.2500 2.91541903
5138.3000 2.92069105
5138.3500 2.92596307
5138.4000 2.94771466
5138.4500 2.97063879
5138.5000 2.99356292
5138.5500 3.01648705
5138.6000 3.01551904
5138.6500 3.01065568
5138.7000 3.00579231
5138.7500 3.00092895
5138.8000 2.97938327
5138.8500 2.95333454
5138.9000 2.9272858
5138.9500 2.90123707
5139.0000 2.89521204
5139.0500 2.89711136
5139.1000 2.89901069
5139.1500 2.90091002
5139.2000 2.88756278
5139.2500 2.86589224
5139.3000 2.84422169
5139.3500 2.82255115
5139.4000 2.81494742
5139.4500 2.81758617
5139.5000 2.82022491
5139.5500 2.82286366
5139.6000 2.81610716
5139.6500 2.80039015
5139.7000 2.78467314
5139.7500 2.76895613
5139.8000 2.76587024
5139.8500 2.77844791
5139.9000 2.79102557
5139.9500 2.80360323
5140.0000 2.80455581
5140.0500 2.78673112
5140.1000 2.76890644
5140.1500 2.75108176
5140.2000 2.74444597
5140.2500 2.76161663
5140.3000 2.77878729
5140.3500 2.79595795
5140.4000 2.80970934
5140.4500 2.81365089
5140.5000 2.81759243
5140.5500 2.82153398
5140.6000 2.82318427
5140.6500 2.8155886
5140.7000 2.80799292
5140.7500 2.80039725
5140.8000 2.79408663
5140.8500 2.79566223
5140.9000 2.79723782
5140.9500 2.79881342
5141.0000 2.7998053
5141.0500 2.7943508
5141.1000 2.78889631
5141.1500 2.78344181
5141.2000 2.77828373
5141.2500 2.78367375
5141.3000 2.78906378
5141.3500 2.7944538
5141.4000 2.79984382
5141.4500 2.81388516
5141.5000 2.82816631
5141.5500 2.84244746
5141.6000 2.85672861
5141.6500 2.86969696
5141.7000 2.88255133
5141.7500 2.8954057
5141.8000 2.90826007
5141.8500 2.9027608
5141.9000 2.89448488
5141.9500 2.88620896
5142.0000 2.87793304
5142.0500 2.86657167
5142.1000 2.85452595
5142.1500 2.84248024
5142.2000 2.83043452
5142.2500 2.83176463
5142.3000 2.83709627
5142.3500 2.84242791
5142.4000 2.84775954
5142.4500 2.84068543
5142.5000 2.82884372
5142.5500 2.81700201
5142.6000 2.8051603
5142.6500 2.80667526
5142.7000 2.81457926
5142.7500 2.82248326
5142.8000 2.83038726
5142.8500 2.85188818
5142.9000 2.88131051
5142.9500 2.91073284
5143.0000 2.94015517
5143.0500 2.93957189
5143.1000 2.91802606
5143.1500 2.89648024
5143.2000 2.87493441
5143.2500 2.8542654
5143.3000 2.83432268
5143.3500 2.81437997
5143.4000 2.79443726
5143.4500 2.79093167
5143.5000 2.80343693
5143.5500 2.81594219
5143.6000 2.82844746
5143.6500 2.83004828
5143.7000 2.81923291
5143.7500 2.80841754
5143.8000 2.79760217
5143.8500 2.79609797
5143.9000 2.80693637
5143.9500 2.81777478
5144.0000 2.82861318
5144.0500 2.83392142
5144.1000 2.83071718
5144.1500 2.82751293
5144.2000 2.82430868
5144.2500 2.81919543
5144.3000 2.81067386
5144.3500 2.80215229
5144.4000 2.79363073
5144.4500 2.796695
5144.5000 2.82375458
5144.5500 2.85081416
5144.6000 2.87787374
5144.6500 2.89729739
5144.7000 2.89835031
5144.7500 2.89940323
5144.8000 2.90045616
5144.8500 2.90402109
5144.9000 2.91462513
5144.9500 2.92522918
5145.0000 2.93583322
5145.0500 2.93684475
5145.1000 2.90641948
5145.1500 2.87599422
5145.2000 2.84556896
5145.2500 2.82070111
5145.3000 2.81725578
5145.3500 2.81381045
5145.4000 2.81036512
5145.4500 2.80959188
5145.5000 2.82102725
5145.5500 2.83246263
5145.6000 2.843898
5145.6500 2.85038386
5145.7000 2.82979349
5145.7500 2.80920312
5145.8000 2.78861275
5145.8500 2.77259667
5145.9000 2.78694403
5145.9500 2.8012914
5146.0000 2.81563877
5146.0500 2.83165823
5146.1000 2.86138766
5146.1500 2.89111708
5146.2000 2.92084651
5146.2500 2.94594594
5146.3000 2.92298932
5146.3500 2.90003269
5146.4000 2.87707607
5146.4500 2.85470842
5146.5000 2.84035596
5146.5500 2.82600349
5146.6000 2.81165103
5146.6500 2.79768173
5146.7000 2.79092801
5146.7500 2.78417429
5146.8000 2.77742057
5146.8500 2.7720208
5146.9000 2.80532829
5146.9500 2.83863578
5147.0000 2.87194327
5147.0500 2.90438226
5147.1000 2.89091677
5147.1500 2.87745127
5147.2000 2.86398578
5147.2500 2.85060557
5147.3000 2.85513448
5147.3500 2.85966338
5147.4000 2.86419229
5147.4500 2.8687212
5147.5000 2.86033291
5147.5500 2.85184452
5147.6000 2.84335613
5147.6500 2.83486774
5147.7000 2.84916455
5147.7500 2.863896
5147.8000 2.87862745
5147.8500 2.89335889
5147.9000 2.90525624
5147.9500 2.9170709
5148.0000 2.92888557
5148.0500 2.94070023
5148.1000 2.9354974
5148.1500 2.92964855
5148.2000 2.92379971
5148.2500 2.91795087
5148.3000 2.9139732
5148.3500 2.91008042
5148.4000 2.90618765
5148.4500 2.90229488
5148.5000 2.91786376
5148.5500 2.9344316
5148.6000 2.95099944
5148.6500 2.96756728
5148.7000 2.94839658
5148.7500 2.92723185
5148.8000 2.90606713
5148.8500 2.8849024
5148.9000 2.88188503
5148.9500 2.87993335
5149.0000 2.87798166
5149.0500 2.87602998
5149.1000 2.85768253
5149.1500 2.83834983
5149.2000 2.81901712
5149.2500 2.79968442
5149.3000 2.82276925
5149.3500 2.84839425
5149.4000 2.87401925
5149.4500 2.89964424
5149.5000 2.88332223
5149.5500 2.86456289
5149.6000 2.84580355
5149.6500 2.82704421
5149.7000 2.82513324
5149.7500 2.82414501
5149.8000 2.82315678
5149.8500 2.82216855
5149.9000 2.81642958
5149.9500 2.81045355
5150.0000 2.80447752
5150.0500 2.79850148
5150.1000 2.81624588
5150.1500 2.8350233
5150.2000 2.85380071
5150.2500 2.87257813
5150.3000 2.87454532
5150.3500 2.87591127
5150.4000 2.87727723
5150.4500 2.87864318
5150.5000 2.85274562
5150.5500 2.82612244
5150.6000 2.79949926
5150.6500 2.77287608
5150.7000 2.76477652
5150.7500 2.75697652
5150.8000 2.74917652
5150.8500 2.74137652
5150.9000 2.74575292
5150.9500 2.75018435
5151.0000 2.75461578
5151.0500 2.75903973
5151.1000 2.7625719
5151.1500 2.76610408
5151.2000 2.76963625
5151.2500 2.77285118
5151.3000 2.76231325
5151.3500 2.75177532
5151.4000 2.74123739
5151.4500 2.73156727
5151.5000 2.74375937
5151.5500 2.75595147
5151.6000 2.76814356
5151.6500 2.77953744
5151.7000 2.7772735
5151.7500 2.77500956
5151.8000 2.77274561
5151.8500 2.77101298
5151.9000 2.77596195
5151.9500 2.78091092
5152.0000 2.7858599
5152.0500 2.78983458
5152.1000 2.78436464
5152.1500 2.7788947
5152.2000 2.77342476
5152.2500 2.76609039
5152.3000 2.74437541
5152.3500 2.72266043
5152.4000 2.70094546
5152.4500 2.68339014
5152.5000 2.69194171
5152.5500 2.70049328
5152.6000 2.70904485
5152.6500 2.72266211
5152.7000 2.7625789
5152.7500 2.80249568
5152.8000 2.84241247
5152.8500 2.87056994
5152.9000 2.84759818
5152.9500 2.82462642
5153.0000 2.80165467
5153.0500 2.78763575
5153.1000 2.8065242
5153.1500 2.82541265
5153.2000 2.8443011
5153.2500 2.85672287
5153.3000 2.84890841
5153.3500 2.84109394
5153.4000 2.83327947
5153.4500 2.82525546
5153.5000 2.81667029
5153.5500 2.80808511
5153.6000 2.79949994
5153.6500 2.79315716
5153.7000 2.7919729
5153.7500 2.79078863
5153.8000 2.78960437
5153.8500 2.78370758
5153.9000 2.76847757
5153.9500 2.75324756
5154.0000 2.73801756
5154.0500 2.73305013
5154.1000 2.74559848
5154.1500 2.75814682
5154.2000 2.77069516
5154.2500 2.75835
5154.3000 2.70940068
5154.3500 2.66045136
5154.4000 2.61150204
5154.4500 2.58891619
5154.5000 2.59967489
5154.5500 2.61043359
5154.6000 2.62119229
5154.6500 2.62640595
5154.7000 2.62560532
5154.7500 2.6248047
5154.8000 2.62400407
5154.8500 2.64260406
5154.9000 2.67916435
5154.9500 2.71572464
5155.0000 2.75228494
5155.0500 2.77919887
5155.1000 2.79854151
5155.1500 2.81788415
5155.2000 2.83722679
5155.2500 2.8321507
5155.3000 2.81097477
5155.3500 2.78979884
5155.4000 2.76862291
5155.4500 2.74614487
5155.5000 2.72295473
5155.5500 2.69976459
5155.6000 2.67657445
5155.6500 2.67759773
5155.7000 2.68941425
5155.7500 2.70123078
5155.8000 2.7130473
5155.8500 2.70898527
5155.9000 2.6992952
5155.9500 2.68960513
5156.0000 2.67991506
5156.0500 2.67867289
5156.1000 2.67972594
5156.1500 2.680779
5156.2000 2.68183205
5156.2500 2.68384316
5156.3000 2.68604248
5156.3500 2.6882418
5156.4000 2.69044112
5156.4500 2.70926486
5156.5000 2.73021331
5156.5500 2.75116176
5156.6000 2.77211021
5156.6500 2.74182232
5156.7000 2.70820358
5156.7500 2.67458483
5156.8000 2.64096609
5156.8500 2.66440422
5156.9000 2.68826463
5156.9500 2.71212503
5157.0000 2.73282766
5157.0500 2.69057359
5157.1000 2.64831952
5157.1500 2.60606544
5157.2000 2.57245396
5157.2500 2.61307478
5157.3000 2.6536956
5157.3500 2.69431642
5157.4000 2.72677943
5157.4500 2.71711223
5157.5000 2.70744503
5157.5500 2.69777783
5157.6000 2.69118435
5157.6500 2.69538939
5157.7000 2.69959444
5157.7500 2.70379949
5157.8000 2.71456664
5157.8500 2.74201359
5157.9000 2.76946053
5157.9500 2.79690748
5158.0000 2.7943556
5158.0500 2.73472862
5158.1000 2.67510164
5158.1500 2.61547465
5158.2000 2.58670298
5158.2500 2.60267983
5158.3000 2.61865669
5158.3500 2.63463355
5158.4000 2.64809267
5158.4500 2.65874807
5158.5000 2.66940348
5158.5500 2.68005889
5158.6000 2.69134395
5158.6500 2.70316634
5158.7000 2.71498873
5158.7500 2.72681112
5158.8000 2.74566175
5158.8500 2.76905507
5158.9000 2.79244839
5158.9500 2.81584171
5159.0000 2.80066073
5159.0500 2.76704766
5159.1000 2.7334346
5159.1500 2.69982154
5159.2000 2.69305374
5159.2500 2.69536152
5159.3000 2.69766931
5159.3500 2.6999771
5159.4000 2.70637314
5159.4500 2.71367
5159.5000 2.72096686
5159.5500 2.72826372
5159.6000 2.73471157
5159.6500 2.74105764
5159.7000 2.7474037
5159.7500 2.75374977
5159.8000 2.75957294
5159.8500 2.76537875
5159.9000 2.77118456
5159.9500 2.77624978
5160.0000 2.76531256
5160.0500 2.75437534
5160.1000 2.74343813
5160.1500 2.73180877
5160.2000 2.71519832
5160.2500 2.69858786
5160.3000 2.68197741
5160.3500 2.67289716
5160.4000 2.69371579
5160.4500 2.71453442
5160.5000 2.73535304
5160.5500 2.74476601
5160.6000 2.72510897
5160.6500 2.70545192
5160.7000 2.68579488
5160.7500 2.67385362
5160.8000 2.67540464
5160.8500 2.67695566
5160.9000 2.67850668
5160.9500 2.68546159
5161.0000 2.69909488
5161.0500 2.71272817
5161.1000 2.72636146
5161.1500 2.72189451
5161.2000 2.70151246
5161.2500 2.68113042
5161.3000 2.66074837
5161.3500 2.65438554
5161.4000 2.65667354
5161.4500 2.65896154
5161.5000 2.66124953
5161.5500 2.67431483
5161.6000 2.69186585
5161.6500 2.70941687
5161.7000 2.72696788
5161.7500 2.71230775
5161.8000 2.68935328
5161.8500 2.66639881
5161.9000 2.64344433
5161.9500 2.65215823
5162.0000 2.66495597
5162.0500 2.67775371
5162.1000 2.69055145
5162.1500 2.65497666
5162.2000 2.61830055
5162.2500 2.58162444
5162.3000 2.54972475
5162.3500 2.58020273
5162.4000 2.61068071
5162.4500 2.64115869
5162.5000 2.66380455
5162.5500 2.64708259
5162.6000 2.63036064
5162.6500 2.61363868
5162.7000 2.60744821
5162.7500 2.6308974
5162.8000 2.65434658
5162.8500 2.67779577
5162.9000 2.69955532
5162.9500 2.7183087
5163.0000 2.73706209
5163.0500 2.75581547
5163.1000 2.74139925
5163.1500 2.68787098
5163.2000 2.63434271
5163.2500 2.58081445
5163.3000 2.57374852
5163.3500 2.60327887
5163.4000 2.63280922
5163.4500 2.66233957
5163.5000 2.67516489
5163.5500 2.67943486
5163.6000 2.68370483
5163.6500 2.6879748
5163.7000 2.64895811
5163.7500 2.59661892
5163.8000 2.54427973
5163.8500 2.49194054
5163.9000 2.53002181
5163.9500 2.58168272
5164.0000 2.63334362
5164.0500 2.68500453
5164.1000 2.63110886
5164.1500 2.57457533
5164.2000 2.5180418
5164.2500 2.47085484
5164.3000 2.52661151
5164.3500 2.58236817
5164.4000 2.63812484
5164.4500 2.67482566
5164.5000 2.63147614
5164.5500 2.58812663
5164.6000 2.54477711
5164.6500 2.52218225
5164.7000 2.54738812
5164.7500 2.57259399
5164.8000 2.59779985
5164.8500 2.58146427
5164.9000 2.50648194
5164.9500 2.43149961
5165.0000 2.35651728
5165.0500 2.35544011
5165.1000 2.42044276
5165.1500 2.48544541
5165.2000 2.55044806
5165.2500 2.61498588
5165.3000 2.67926527
5165.3500 2.74354467
5165.4000 2.80782406
5165.4500 2.70640364
5165.5000 2.55232966
5165.5500 2.39825569
5165.6000 2.24418171
5165.6500 2.29344993
5165.7000 2.3713812
5165.7500 2.44931247
5165.8000 2.52724373
5165.8500 2.549106
5165.9000 2.57071345
5165.9500 2.59232091
5166.0000 2.60775268
5166.0500 2.57608634
5166.1000 2.54442
5166.1500 2.51275366
5166.2000 2.488199
5166.2500 2.486439
5166.3000 2.48467899
5166.3500 2.48291899
5166.4000 2.46541595
5166.4500 2.42005854
5166.5000 2.37470114
5166.5500 2.32934373
5166.6000 2.32126333
5166.6500 2.35263441
5166.7000 2.38400548
5166.7500 2.41537655
5166.8000 2.44460279
5166.8500 2.47246916
5166.9000 2.50033552
5166.9500 2.52820189
5167.0000 2.52296915
5167.0500 2.5060812
5167.1000 2.48919325
5167.1500 2.47230531
5167.2000 2.45716642
5167.2500 2.44229215
5167.3000 2.42741789
5167.3500 2.41254362
5167.4000 2.39647349
5167.4500 2.38040219
5167.5000 2.3643309
5167.5500 2.35165773
5167.6000 2.36154547
5167.6500 2.37143321
5167.7000 2.38132095
5167.7500 2.39732334
5167.8000 2.43035468
5167.8500 2.46338603
5167.9000 2.49641737
5167.9500 2.49140495
5168.0000 2.42907321
5168.0500 2.36674147
5168.1000 2.30440972
5168.1500 2.30058958
5168.2000 2.34760552
5168.2500 2.39462145
5168.3000 2.44163739
5168.3500 2.42573852
5168.4000 2.37922701
5168.4500 2.3327155
5168.5000 2.28620399
5168.5500 2.29548282
5168.6000 2.3177032
5168.6500 2.33992357
5168.7000 2.36214394
5168.7500 2.35338039
5168.8000 2.34306017
5168.8500 2.33273995
5168.9000 2.32313474
5168.9500 2.32041725
5169.0000 2.31769976
5169.0500 2.31498227
5169.1000 2.31454789
5169.1500 2.32144911
5169.2000 2.32835033
5169.2500 2.33525155
5169.3000 2.32883736
5169.3500 2.30089125
5169.4000 2.27294515
5169.4500 2.24499904
5169.5000 2.22383359
5169.5500 2.20872268
5169.6000 2.19361177
5169.6500 2.17850087
5169.7000 2.1721036
5169.7500 2.16988468
5169.8000 2.16766576
5169.8500 2.16544684
5169.9000 2.14575944
5169.9500 2.12236504
5170.0000 2.09897064
5170.0500 2.07557624
5170.1000 2.0882153
5170.1500 2.10176258
5170.2000 2.11530986
5170.2500 2.12752813
5170.3000 2.13063726
5170.3500 2.13374639
5170.4000 2.13685552
5170.4500 2.13923539
5170.5000 2.1397462
5170.5500 2.14025701
5170.6000 2.14076781
5170.6500 2.12217804
5170.7000 2.0788239
5170.7500 2.03546977
5170.8000 1.99211564
5170.8500 2.00138632
5170.9000 2.04697801
5170.9500 2.09256971
5171.0000 2.1381614
5171.0500 2.16397248
5171.1000 2.18316517
5171.1500 2.20235785
5171.2000 2.22155054
5171.2500 2.21792958
5171.3000 2.2120074
5171.3500 2.20608521
5171.4000 2.2000707
5171.4500 2.19280826
5171.5000 2.18554583
5171.5500 2.17828339
5171.6000 2.16923811
5171.6500 2.15425213
5171.7000 2.13926614
5171.7500 2.12428016
5171.8000 2.13016086
5171.8500 2.16810709
5171.9000 2.20605332
5171.9500 2.24399955
5172.0000 2.23744199
5172.0500 2.19577979
5172.1000 2.15411759
5172.1500 2.11245539
5172.2000 2.1337042
5172.2500 2.17878136
5172.3000 2.22385852
5172.3500 2.26893567
5172.4000 2.35229399
5172.4500 2.44024022
5172.5000 2.52818646
5172.5500 2.60609887
5172.6000 2.53248388
5172.6500 2.4588689
5172.7000 2.38525391
5172.7500 2.33574411
5172.8000 2.36573212
5172.8500 2.39572012
5172.9000 2.42570813
5172.9500 2.41300791
5173.0000 2.33750679
5173.0500 2.26200568
5173.1000 2.18650457
5173.1500 2.17113844
5173.2000 2.19965781
5173.2500 2.22817718
5173.3000 2.25669654
5173.3500 2.24019705
5173.4000 2.20892904
5173.4500 2.17766102
5173.5000 2.146393
5173.5500 2.10125265
5173.6000 2.05505683
5173.6500 2.00886101
5173.7000 1.97446105
5173.7500 2.03845859
5173.8000 2.10245612
5173.8500 2.16645365
5173.9000 2.22159895
5173.9500 2.25467021
5174.0000 2.28774147
5174.0500 2.32081273
5174.1000 2.37040896
5174.1500 2.43887584
5174.2000 2.50734272
5174.2500 2.57580961
5174.3000 2.53812955
5174.3500 2.44302467
5174.4000 2.34791979
5174.4500 2.25281491
5174.5000 2.22888192
5174.5500 2.21927514
5174.6000 2.20966836
5174.6500 2.19942075
5174.7000 2.15295127
5174.7500 2.1064818
5174.8000 2.06001233
5174.8500 2.03997035
5174.9000 2.12319363
5174.9500 2.20641692
5175.0000 2.2896402
5175.0500 2.32653785
5175.1000 2.29146148
5175.1500 2.25638511
5175.2000 2.22130874
5175.2500 2.21313934
5175.3000 2.22438548
5175.3500 2.23563162
5175.4000 2.24687776
5175.4500 2.23088968
5175.5000 2.2068386
5175.5500 2.18278752
5175.6000 2.15873644
5175.6500 2.21622653
5175.7000 2.27678664
5175.7500 2.33734674
5175.8000 2.3901658
5175.8500 2.40151554
5175.9000 2.41286528
5175.9500 2.42421502
5176.0000 2.43186349
5176.0500 2.43270824
5176.1000 2.433553
5176.1500 2.43439776
5176.2000 2.40595268
5176.2500 2.35342747
5176.3000 2.30090225
5176.3500 2.24837703
5176.4000 2.28056231
5176.4500 2.34148033
5176.5000 2.40239835
5176.5500 2.46331636
5176.6000 2.49558058
5176.6500 2.52621166
5176.7000 2.55684274
5176.7500 2.57984258
5176.8000 2.55851692
5176.8500 2.53719127
5176.9000 2.51586561
5176.9500 2.50307629
5177.0000 2.50620174
5177.0500 2.50932719
5177.1000 2.51245264
5177.1500 2.49622508
5177.2000 2.46434172
5177.2500 2.43245836
5177.3000 2.400575
5177.3500 2.37884254
5177.4000 2.36035207
5177.4500 2.3418616
5177.5000 2.32337113
5177.5500 2.41418505
5177.6000 2.50902157
5177.6500 2.60385808
5177.7000 2.6741222
5177.7500 2.62652721
5177.8000 2.57893223
5177.8500 2.53133724
5177.9000 2.51727528
5177.9500 2.5574674
5178.0000 2.59765953
5178.0500 2.63785165
5178.1000 2.61836948
5178.1500 2.55791111
5178.2000 2.49745274
5178.2500 2.43699436
5178.3000 2.46962132
5178.3500 2.52476298
5178.4000 2.57990463
5178.4500 2.63310984
5178.5000 2.5865004
5178.5500 2.53989097
5178.6000 2.49328154
5178.6500 2.46007989
5178.7000 2.47070225
5178.7500 2.48132461
5178.8000 2.49194696
5178.8500 2.49817082
5178.9000 2.49903949
5178.9500 2.49990816
5179.0000 2.50077683
5179.0500 2.50064027
5179.1000 2.50000655
5179.1500 2.49937284
5179.2000 2.49873912
5179.2500 2.51104889
5179.3000 2.52498021
5179.3500 2.53891153
5179.4000 2.55241335
5179.4500 2.56242922
5179.5000 2.57244509
5179.5500 2.58246096
5179.6000 2.58433376
5179.6500 2.56983446
5179.7000 2.55533517
5179.7500 2.54083588
5179.8000 2.50260212
5179.8500 2.44542136
5179.9000 2.3882406
5179.9500 2.33105984
5180.0000 2.34487799
5180.0500 2.3785526
5180.1000 2.41222721
5180.1500 2.44524635
5180.2000 2.39960007
5180.2500 2.3539538
5180.3000 2.30830752
5180.3500 2.29307441
5180.4000 2.37601124
5180.4500 2.45894807
5180.5000 2.5418849
5180.5500 2.59654454
5180.6000 2.61883132
5180.6500 2.6411181
5180.7000 2.66340489
5180.7500 2.61555198
5180.8000 2.53726475
5180.8500 2.45897752
5180.9000 2.38069029
5180.9500 2.39095257
5181.0000 2.40787977
5181.0500 2.42480697
5181.1000 2.43784994
5181.1500 2.43110114
5181.2000 2.42435233
5181.2500 2.41760353
5181.3000 2.41775194
5181.3500 2.42826505
5181.4000 2.43877815
5181.4500 2.44929126
5181.5000 2.43652039
5181.5500 2.41045328
5181.6000 2.38438617
5181.6500 2.35831907
5181.7000 2.35734836
5181.7500 2.35996537
5181.8000 2.36258238
5181.8500 2.36273509
5181.9000 2.34388208
5181.9500 2.32502907
5182.0000 2.30617606
5182.0500 2.28908206
5182.1000 2.2751689
5182.1500 2.26125575
5182.2000 2.24734259
5182.2500 2.2819023
5182.3000 2.34893362
5182.3500 2.41596495
5182.4000 2.48299627
5182.4500 2.50118336
5182.5000 2.51027704
5182.5500 2.51937072
5182.6000 2.51500788
5182.6500 2.3724057
5182.7000 2.22980353
5182.7500 2.08720135
5182.8000 2.05221282
5182.8500 2.23006326
5182.9000 2.4079137
5182.9500 2.58576414
5183.0000 2.63439002
5183.0500 2.59110938
5183.1000 2.54782874
5183.1500 2.5045481
5183.2000 2.47848865
5183.2500 2.45584718
5183.3000 2.4332057
5183.3500 2.40780556
5183.4000 2.35303481
5183.4500 2.29826405
5183.5000 2.2434933
5183.5500 2.20915267
5183.6000 2.21468679
5183.6500 2.22022092
5183.7000 2.22575504
5183.7500 2.23582096
5183.8000 2.24899525
5183.8500 2.26216955
5183.9000 2.27534384
5183.9500 2.22056049
5184.0000 2.15368845
5184.0500 2.08681642
5184.1000 2.04169984
5184.1500 2.17956906
5184.2000 2.31743829
5184.2500 2.45530752
5184.3000 2.53407544
5184.3500 2.51001945
5184.4000 2.48596346
5184.4500 2.46190746
5184.5000 2.43111065
5184.5500 2.39627243
5184.6000 2.36143421
5184.6500 2.32659599
5184.7000 2.26372563
5184.7500 2.19727768
5184.8000 2.13082974
5184.8500 2.0739874
5184.9000 2.07161246
5184.9500 2.06923752
5185.0000 2.06686257
5185.0500 2.04794822
5185.1000 2.00566808
5185.1500 1.96338793
5185.2000 1.92110779
5185.2500 2.01199577
5185.3000 2.16541467
5185.3500 2.31883356
5185.4000 2.47225246
5185.4500 2.46584296
5185.5000 2.45065512
5185.5500 2.43546728
5185.6000 2.41696556
5185.6500 2.3864961
5185.7000 2.35602663
5185.7500 2.32555717
5185.8000 2.22810749
5185.8500 2.06016586
5185.9000 1.89222422
5185.9500 1.72428259
5186.0000 1.76858776
5186.0500 1.880265
5186.1000 1.99194224
5186.1500 2.09960221
5186.2000 2.08707601
5186.2500 2.07454981
5186.3000 2.06202361
5186.3500 2.05601812
5186.4000 2.06472596
5186.4500 2.0734338
5186.5000 2.08214165
5186.5500 2.11109153
5186.6000 2.15450268
5186.6500 2.19791382
5186.7000 2.24132497
5186.7500 2.16248453
5186.8000 2.063899
5186.8500 1.96531347
5186.9000 1.89257339
5186.9500 1.9785155
5187.0000 2.06445762
5187.0500 2.15039973
5187.1000 2.20966445
5187.1500 2.23218511
5187.2000 2.25470578
5187.2500 2.27722644
5187.3000 2.24437071
5187.3500 2.18808272
5187.4000 2.13179474
5187.4500 2.07550675
5187.5000 2.0683611
5187.5500 2.06190513
5187.6000 2.05544916
5187.6500 2.09559401
5187.7000 2.26102733
5187.7500 2.42646064
5187.8000 2.59189396
5187.8500 2.56903219
5187.9000 2.39672757
5187.9500 2.22442295
5188.0000 2.05211833
5188.0500 2.07288202
5188.1000 2.12895614
5188.1500 2.18503026
5188.2000 2.2350448
5188.2500 2.24613803
5188.3000 2.25723127
5188.3500 2.2683245
5188.4000 2.31596805
5188.4500 2.4129605
5188.5000 2.50995294
5188.5500 2.60694538
5188.6000 2.60479189
5188.6500 2.56365006
5188.7000 2.52250823
5188.7500 2.48133595
5188.8000 2.43753625
5188.8500 2.39373656
5188.9000 2.34993686
5188.9500 2.33780947
5189.0000 2.39730187
5189.0500 2.45679427
5189.1000 2.51628667
5189.1500 2.52134227
5189.2000 2.49059683
5189.2500 2.45985138
5189.3000 2.42910594
5189.3500 2.46089855
5189.4000 2.49953569
5189.4500 2.53817283
5189.5000 2.57020275
5189.5500 2.57595257
5189.6000 2.58170239
5189.6500 2.58745221
5189.7000 2.51328147
5189.7500 2.35980162
5189.8000 2.20632178
5189.8500 2.05284193
5189.9000 2.06946944
5189.9500 2.12746128
5190.0000 2.18545313
5190.0500 2.23338229
5190.1000 2.19849163
5190.1500 2.16360097
5190.2000 2.12871031
5190.2500 2.1308158
5190.3000 2.18534379
5190.3500 2.23987178
5190.4000 2.29439978
5190.4500 2.25384391
5190.5000 2.17642218
5190.5500 2.09900045
5190.6000 2.02262745
5190.6500 1.98144908
5190.7000 1.94027071
5190.7500 1.89909235
5190.8000 1.86818794
5190.8500 1.85734052
5190.9000 1.8464931
5190.9500 1.83564567
5191.0000 1.95992553
5191.0500 2.15697086
5191.1000 2.35401618
5191.1500 2.55106151
5191.2000 2.36494751
5191.2500 2.16399056
5191.3000 1.9630336
5191.3500 1.8423013
5191.4000 1.93107733
5191.4500 2.01985335
5191.5000 2.10862938
5191.5500 2.11959891
5191.6000 2.07706521
5191.6500 2.03453151
5191.7000 1.9919978
5191.7500 1.9839275
5191.8000 1.97927997
5191.8500 1.97463244
5191.9000 1.96856254
5191.9500 1.95768305
5192.0000 1.94680355
5192.0500 1.93592406
5192.1000 2.00890361
5192.1500 2.15097265
5192.2000 2.29304169
5192.2500 2.43511074
5192.3000 2.46732491
5192.3500 2.48309413
5192.4000 2.49886335
5192.4500 2.49111254
5192.5000 2.38487222
5192.5500 2.2786319
5192.6000 2.17239158
5192.6500 2.10291848
5192.7000 2.06776492
5192.7500 2.03261136
5192.8000 1.9974578
5192.8500 2.02993293
5192.9000 2.07499112
5192.9500 2.12004931
5193.0000 2.17071339
5193.0500 2.24864982
5193.1000 2.32658625
5193.1500 2.40452268
5193.2000 2.3852361
5193.2500 2.2684732
5193.3000 2.1517103
5193.3500 2.0349474
5193.4000 2.14985924
5193.4500 2.31233627
5193.5000 2.47481331
5193.5500 2.6056956
5193.6000 2.5724693
5193.6500 2.53924301
5193.7000 2.50601672
5193.7500 2.45905861
5193.8000 2.39807391
5193.8500 2.33708921
5193.9000 2.27610451
5193.9500 2.28652619
5194.0000 2.31163481
5194.0500 2.33674343
5194.1000 2.34337869
5194.1500 2.25692777
5194.2000 2.17047685
5194.2500 2.08402593
5194.3000 1.97913373
5194.3500 1.85603812
5194.4000 1.73294252
5194.4500 1.60984692
5194.5000 1.7525747
5194.5500 1.94504549
5194.6000 2.13751628
5194.6500 2.30966578
5194.7000 2.39106805
5194.7500 2.47247033
5194.8000 2.5538726
5194.8500 2.57868505
5194.9000 2.55230212
5194.9500 2.52591919
5195.0000 2.49953627
5195.0500 2.34275922
5195.1000 2.16624888
5195.1500 1.98973854
5195.2000 1.89679692
5195.2500 2.11160105
5195.3000 2.32640517
5195.3500 2.54120929
5195.4000 2.50821068
5195.4500 2.28053533
5195.5000 2.05285998
5195.5500 1.82518463
5195.6000 2.10853409
5195.6500 2.44367621
5195.7000 2.77881833
5195.7500 2.92464991
5195.8000 2.52429468
5195.8500 2.12393945
5195.9000 1.72358422
5195.9500 1.62631475
5196.0000 1.7242283
5196.0500 1.82214184
5196.1000 1.92005539
5196.1500 2.06852585
5196.2000 2.219068
5196.2500 2.36961014
5196.3000 2.45930975
5196.3500 2.41637287
5196.4000 2.37343599
5196.4500 2.33049911
5196.5000 2.29802625
5196.5500 2.27071271
5196.6000 2.24339918
5196.6500 2.22565236
5196.7000 2.5587637
5196.7500 2.89187504
5196.8000 3.22498638
5196.8500 3.36769543
5196.9000 3.20598596
5196.9500 3.04427648
5197.0000 2.882567
5197.0500 2.82921907
5197.1000 2.81305687
5197.1500 2.79689467
5197.2000 2.76147461
5197.2500 2.56312722
5197.3000 2.36477983
5197.3500 2.16643244
5197.4000 2.129088
5197.4500 2.27449047
5197.5000 2.41989294
5197.5500 2.56529541
5197.6000 2.58551846
5197.6500 2.58055773
5197.7000 2.57559701
5197.7500 2.54476851
5197.8000 2.40924771
5197.8500 2.27372691
5197.9000 2.13820611
5197.9500 2.09849724
5198.0000 2.13248928
5198.0500 2.16648132
5198.1000 2.20047336
5198.1500 2.27381992
5198.2000 2.34995717
5198.2500 2.42609441
5198.3000 2.51131669
5198.3500 2.61735623
5198.4000 2.72339577
5198.4500 2.82943532
5198.5000 2.71836336
5198.5500 2.50291752
5198.6000 2.28747167
5198.6500 2.08828055
5198.7000 2.20916847
5198.7500 2.3300564
5198.8000 2.45094433
5198.8500 2.47844004
5198.9000 2.37843575
5198.9500 2.27843147
5199.0000 2.17842719
5199.0500 2.23864367
5199.1000 2.33923182
5199.1500 2.43981997
5199.2000 2.49071885
5199.2500 2.30923269
5199.3000 2.12774653
5199.3500 1.94626036
5199.4000 0
5199.4500 0
5199.5000 0
5199.5500 0
