4804.0500 3.25266885
4804.1000 3.27915638
4804.1500 3.39348948
4804.2000 3.55339858
4804.2500 3.71330767
4804.3000 3.87321677
4804.3500 3.99236439
4804.4000 3.79563086
4804.4500 3.59889733
4804.5000 3.4021638
4804.5500 3.20543026
4804.6000 3.12028285
4804.6500 3.11886634
4804.7000 3.11744983
4804.7500 3.11603332
4804.8000 3.11574003
4804.8500 3.15245997
4804.9000 3.18917992
4804.9500 3.22589986
4805.0000 3.26261981
4805.0500 3.28676365
4805.1000 3.29775129
4805.1500 3.30873892
4805.2000 3.31972656
4805.2500 3.33071419
4805.3000 3.28374931
4805.3500 3.23367863
4805.4000 3.18360794
4805.4500 3.13353725
4805.5000 3.16464144
4805.5500 3.31223511
4805.6000 3.45982878
4805.6500 3.60742245
4805.7000 3.75501613
4805.7500 3.67573493
4805.8000 3.56354966
4805.8500 3.45136438
4805.9000 3.33917911
4805.9500 3.21617061
4806.0000 3.07188205
4806.0500 2.92759349
4806.1000 2.78330493
4806.1500 2.63901637
4806.2000 2.72768887
4806.2500 2.87385034
4806.3000 3.02001181
4806.3500 3.16617327
4806.4000 3.2675657
4806.4500 3.24676171
4806.5000 3.22595772
4806.5500 3.20515374
4806.6000 3.18434975
4806.6500 3.23233999
4806.7000 3.30509151
4806.7500 3.37784304
4806.8000 3.45059457
4806.8500 3.51268637
4806.9000 3.53309735
4806.9500 3.55350832
4807.0000 3.5739193
4807.0500 3.59433028
4807.1000 3.5283528
4807.1500 3.42042438
4807.2000 3.31249597
4807.2500 3.20456755
4807.3000 3.11855943
4807.3500 3.16314837
4807.4000 3.20773731
4807.4500 3.25232625
4807.5000 3.29691519
4807.5500 3.31256953
4807.6000 3.31014519
4807.6500 3.30772086
4807.7000 3.30529653
4807.7500 3.29813676
4807.8000 3.2420979
4807.8500 3.18605903
4807.9000 3.13002017
4807.9500 3.07398131
4808.0000 3.08947921
4808.0500 3.16065601
4808.1000 3.23183281
4808.1500 3.30300962
4808.2000 3.36956055
4808.2500 3.31726712
4808.3000 3.26497368
4808.3500 3.21268025
4808.4000 3.16038682
4808.4500 3.10682053
4808.5000 3.05204947
4808.5500 2.99727841
4808.6000 2.94250735
4808.6500 2.88773629
4808.7000 2.94465191
4808.7500 3.00256457
4808.8000 3.06047724
4808.8500 3.11838991
4808.9000 3.15477899
4808.9500 3.16686756
4809.0000 3.17895613
4809.0500 3.19104471
4809.1000 3.20313328
4809.1500 3.21767236
4809.2000 3.23234208
4809.2500 3.2470118
4809.3000 3.26168152
4809.3500 3.23163258
4809.4000 3.14235609
4809.4500 3.05307959
4809.5000 2.9638031
4809.5500 2.87452661
4809.6000 2.98363966
4809.6500 3.11185471
4809.7000 3.24006977
4809.7500 3.36828482
4809.8000 3.42659226
4809.8500 3.37794762
4809.9000 3.32930299
4809.9500 3.28065835
4810.0000 3.23201372
4810.0500 3.2626205
4810.1000 3.30408437
4810.1500 3.34554824
4810.2000 3.38701211
4810.2500 3.38670105
4810.3000 3.31367841
4810.3500 3.24065577
4810.4000 3.16763313
4810.4500 3.09461049
4810.5000 3.06869652
4810.5500 3.05100418
4810.6000 3.03331185
4810.6500 3.01561951
4810.7000 3.01024289
4810.7500 3.02887295
4810.8000 3.04750301
4810.8500 3.06613307
4810.9000 3.08476313
4810.9500 3.12150369
4811.0000 3.16200988
4811.0500 3.20251607
4811.1000 3.24302226
4811.1500 3.2425416
4811.2000 3.15407977
4811.2500 3.06561795
4811.3000 2.97715612
4811.3500 2.8886943
4811.4000 2.90671858
4811.4500 2.94990181
4811.5000 2.99308504
4811.5500 3.03626827
4811.6000 3.07799463
4811.6500 3.11633956
4811.7000 3.15468449
4811.7500 3.19302942
4811.8000 3.23137435
4811.8500 3.24316245
4811.9000 3.24808058
4811.9500 3.25299871
4812.0000 3.25791685
4812.0500 3.24687215
4812.1000 3.19655282
4812.1500 3.1462335
4812.2000 3.09591417
4812.2500 3.04559484
4812.3000 3.05932529
4812.3500 3.09063579
4812.4000 3.12194629
4812.4500 3.15325679
4812.5000 3.1868081
4812.5500 3.22608078
4812.6000 3.26535345
4812.6500 3.30462613
4812.7000 3.34389881
4812.7500 3.29976379
4812.8000 3.23201714
4812.8500 3.16427048
4812.9000 3.09652383
4812.9500 3.06058609
4813.0000 3.10707373
4813.0500 3.15356137
4813.1000 3.20004901
4813.1500 3.24653665
4813.2000 3.22206335
4813.2500 3.1774213
4813.3000 3.13277926
4813.3500 3.08813721
4813.4000 3.0521049
4813.4500 3.03820606
4813.5000 3.02430721
4813.5500 3.01040836
4813.6000 2.99650951
4813.6500 3.00950716
4813.7000 3.0299777
4813.7500 3.05044824
4813.8000 3.07091878
4813.8500 3.1031507
4813.9000 3.16471114
4813.9500 3.22627158
4814.0000 3.28783203
4814.0500 3.34939247
4814.1000 3.36297706
4814.1500 3.36388885
4814.2000 3.36480064
4814.2500 3.36571243
4814.3000 3.34296317
4814.3500 3.26420876
4814.4000 3.18545435
4814.4500 3.10669994
4814.5000 3.02794553
4814.5500 3.04527035
4814.6000 3.08600167
4814.6500 3.12673299
4814.7000 3.16746431
4814.7500 3.19461137
4814.8000 3.19185326
4814.8500 3.18909515
4814.9000 3.18633703
4814.9500 3.18357892
4815.0000 3.15383631
4815.0500 3.11824064
4815.1000 3.08264497
4815.1500 3.04704929
4815.2000 3.02907889
4815.2500 3.04652271
4815.3000 3.06396653
4815.3500 3.08141035
4815.4000 3.09885418
4815.4500 3.1367231
4815.5000 3.17836726
4815.5500 3.22001143
4815.6000 3.26165559
4815.6500 3.27413251
4815.7000 3.23404049
4815.7500 3.19394847
4815.8000 3.15385645
4815.8500 3.11376443
4815.9000 3.14730168
4815.9500 3.19175928
4816.0000 3.23621688
4816.0500 3.28067447
4816.1000 3.29835359
4816.1500 3.27343431
4816.2000 3.24851503
4816.2500 3.22359575
4816.3000 3.19867647
4816.3500 3.23037726
4816.4000 3.26821014
4816.4500 3.30604303
4816.5000 3.34387591
4816.5500 3.31891729
4816.6000 3.20714917
4816.6500 3.09538105
4816.7000 2.98361293
4816.7500 2.87184481
4816.8000 2.95205726
4816.8500 3.04488873
4816.9000 3.1377202
4816.9500 3.23055167
4817.0000 3.26816404
4817.0500 3.24044863
4817.1000 3.21273323
4817.1500 3.18501783
4817.2000 3.15730242
4817.2500 3.19394994
4817.3000 3.23197994
4817.3500 3.27000995
4817.4000 3.30803996
4817.4500 3.30622631
4817.5000 3.26473197
4817.5500 3.22323763
4817.6000 3.1817433
4817.6500 3.14179083
4817.7000 3.16393128
4817.7500 3.18607174
4817.8000 3.20821219
4817.8500 3.23035265
4817.9000 3.22560815
4817.9500 3.19874109
4818.0000 3.17187403
4818.0500 3.14500696
4818.1000 3.12014118
4818.1500 3.12028181
4818.2000 3.12042243
4818.2500 3.12056305
4818.3000 3.12070367
4818.3500 3.1209093
4818.4000 3.12115813
4818.4500 3.12140695
4818.5000 3.12165578
4818.5500 3.12011531
4818.6000 3.10644906
4818.6500 3.09278281
4818.7000 3.07911656
4818.7500 3.0654503
4818.8000 3.07516477
4818.8500 3.09705522
4818.9000 3.11894566
4818.9500 3.14083611
4819.0000 3.17054071
4819.0500 3.2340641
4819.1000 3.29758748
4819.1500 3.36111086
4819.2000 3.42463424
4819.2500 3.41105878
4819.3000 3.36734815
4819.3500 3.32363753
4819.4000 3.2799269
4819.4500 3.24249695
4819.5000 3.2237672
4819.5500 3.20503745
4819.6000 3.18630769
4819.6500 3.16757794
4819.7000 3.12362621
4819.7500 3.07276726
4819.8000 3.02190831
4819.8500 2.97104936
4819.9000 2.94361751
4819.9500 2.96602042
4820.0000 2.98842332
4820.0500 3.01082623
4820.1000 3.03322914
4820.1500 2.96574078
4820.2000 2.88309176
4820.2500 2.80044275
4820.3000 2.71779374
4820.3500 2.71626386
4820.4000 2.84015429
4820.4500 2.96404472
4820.5000 3.08793515
4820.5500 3.21182558
4820.6000 3.22378667
4820.6500 3.22744983
4820.7000 3.23111298
4820.7500 3.23477613
4820.8000 3.23396232
4820.8500 3.22810745
4820.9000 3.22225257
4820.9500 3.2163977
4821.0000 3.2100722
4821.0500 3.16108756
4821.1000 3.11210291
4821.1500 3.06311826
4821.2000 3.01413362
4821.2500 2.99437627
4821.3000 2.99828065
4821.3500 3.00218502
4821.4000 3.00608939
4821.4500 3.01178659
4821.5000 3.03446811
4821.5500 3.05714963
4821.6000 3.07983114
4821.6500 3.10251266
4821.7000 3.10114649
4821.7500 3.08622427
4821.8000 3.07130204
4821.8500 3.05637982
4821.9000 3.04462823
4821.9500 3.04687368
4822.0000 3.04911913
4822.0500 3.05136459
4822.1000 3.05361004
4822.1500 3.06280312
4822.2000 3.07455245
4822.2500 3.08630178
4822.3000 3.09805111
4822.3500 3.10223482
4822.4000 3.08682215
4822.4500 3.07140947
4822.5000 3.0559968
4822.5500 3.04058412
4822.6000 3.01290244
4822.6500 2.98265788
4822.7000 2.95241331
4822.7500 2.92216874
4822.8000 2.92816607
4822.8500 2.99404525
4822.9000 3.05992443
4822.9500 3.12580361
4823.0000 3.19168279
4823.0500 3.11380601
4823.1000 3.02478
4823.1500 2.935754
4823.2000 2.846728
4823.2500 2.82005134
4823.3000 2.86087108
4823.3500 2.90169081
4823.4000 2.94251054
4823.4500 2.98140515
4823.5000 2.96475493
4823.5500 2.9481047
4823.6000 2.93145448
4823.6500 2.91480426
4823.7000 2.89143475
4823.7500 2.86335675
4823.8000 2.83527876
4823.8500 2.80720076
4823.9000 2.78480381
4823.9500 2.79628053
4824.0000 2.80775725
4824.0500 2.81923397
4824.1000 2.83071069
4824.1500 2.8434515
4824.2000 2.85673293
4824.2500 2.87001436
4824.3000 2.88329579
4824.3500 2.88338793
4824.4000 2.84562909
4824.4500 2.80787026
4824.5000 2.77011143
4824.5500 2.73235259
4824.6000 2.75651689
4824.6500 2.7945004
4824.7000 2.83248391
4824.7500 2.87046743
4824.8000 2.88485357
4824.8500 2.86038626
4824.9000 2.83591895
4824.9500 2.81145164
4825.0000 2.78698433
4825.0500 2.80692491
4825.1000 2.82973389
4825.1500 2.85254287
4825.2000 2.87535185
4825.2500 2.87247196
4825.3000 2.84410433
4825.3500 2.81573669
4825.4000 2.78736906
4825.4500 2.76412149
4825.5000 2.81360215
4825.5500 2.8630828
4825.6000 2.91256345
4825.6500 2.9620441
4825.7000 2.96883837
4825.7500 2.95064255
4825.8000 2.93244673
4825.8500 2.91425092
4825.9000 2.90124354
4825.9500 2.90940077
4826.0000 2.91755801
4826.0500 2.92571525
4826.1000 2.93387249
4826.1500 2.89620694
4826.2000 2.84440158
4826.2500 2.79259622
4826.3000 2.74079086
4826.3500 2.71321134
4826.4000 2.73422929
4826.4500 2.75524725
4826.5000 2.77626521
4826.5500 2.79728316
4826.6000 2.83545163
4826.6500 2.8754769
4826.7000 2.91550217
4826.7500 2.95552745
4826.8000 2.96965984
4826.8500 2.95495782
4826.9000 2.9402558
4826.9500 2.92555378
4827.0000 2.90963568
4827.0500 2.8679754
4827.1000 2.82631511
4827.1500 2.78465483
4827.2000 2.74299455
4827.2500 2.74052233
4827.3000 2.76224614
4827.3500 2.78396994
4827.4000 2.80569375
4827.4500 2.82315904
4827.5000 2.82277081
4827.5500 2.82238259
4827.6000 2.82199436
4827.6500 2.82160614
4827.7000 2.83357695
4827.7500 2.84927948
4827.8000 2.864982
4827.8500 2.88068453
4827.9000 2.88989918
4827.9500 2.88678266
4828.0000 2.88366613
4828.0500 2.88054961
4828.1000 2.87743309
4828.1500 2.89450604
4828.2000 2.91327301
4828.2500 2.93203999
4828.3000 2.95080697
4828.3500 2.94320849
4828.4000 2.90941265
4828.4500 2.87561682
4828.5000 2.84182098
4828.5500 2.8089336
4828.6000 2.78624615
4828.6500 2.7635587
4828.7000 2.74087125
4828.7500 2.71818381
4828.8000 2.71232469
4828.8500 2.71501408
4828.9000 2.71770346
4828.9500 2.72039285
4829.0000 2.73335873
4829.0500 2.77787915
4829.1000 2.82239956
4829.1500 2.86691998
4829.2000 2.91144039
4829.2500 2.90692342
4829.3000 2.89231773
4829.3500 2.87771204
4829.4000 2.86310635
4829.4500 2.85910877
4829.5000 2.87011132
4829.5500 2.88111386
4829.6000 2.8921164
4829.6500 2.90310485
4829.7000 2.86675236
4829.7500 2.83039987
4829.8000 2.79404738
4829.8500 2.75769489
4829.9000 2.73500524
4829.9500 2.7219077
4830.0000 2.70881016
4830.0500 2.69571261
4830.1000 2.68858735
4830.1500 2.70943765
4830.2000 2.73028794
4830.2500 2.75113823
4830.3000 2.77198853
4830.3500 2.7590487
4830.4000 2.73575789
4830.4500 2.71246709
4830.5000 2.68917628
4830.5500 2.67996547
4830.6000 2.69619686
4830.6500 2.71242825
4830.7000 2.72865964
4830.7500 2.74489103
4830.8000 2.78454864
4830.8500 2.8254864
4830.9000 2.86642417
4830.9500 2.90736193
4831.0000 2.91216099
4831.0500 2.88633496
4831.1000 2.86050893
4831.1500 2.8346829
4831.2000 2.81115057
4831.2500 2.80224275
4831.3000 2.79333493
4831.3500 2.78442712
4831.4000 2.7755193
4831.4500 2.79014518
4831.5000 2.81342956
4831.5500 2.83671394
4831.6000 2.85999831
4831.6500 2.85795792
4831.7000 2.80395656
4831.7500 2.7499552
4831.8000 2.69595384
4831.8500 2.64195248
4831.9000 2.67777114
4831.9500 2.72082051
4832.0000 2.76386989
4832.0500 2.80691927
4832.1000 2.83158991
4832.1500 2.8395983
4832.2000 2.84760669
4832.2500 2.85561507
4832.3000 2.86233891
4832.3500 2.86004363
4832.4000 2.85774834
4832.4500 2.85545306
4832.5000 2.85315777
4832.5500 2.8318092
4832.6000 2.80327063
4832.6500 2.77473207
4832.7000 2.7461935
4832.7500 2.72474367
4832.8000 2.71778019
4832.8500 2.71081671
4832.9000 2.70385322
4832.9500 2.69688974
4833.0000 2.73089645
4833.0500 2.76787928
4833.1000 2.80486211
4833.1500 2.84184494
4833.2000 2.8419991
4833.2500 2.81042212
4833.3000 2.77884514
4833.3500 2.74726816
4833.4000 2.72374786
4833.4500 2.74841111
4833.5000 2.77307437
4833.5500 2.79773762
4833.6000 2.82240088
4833.6500 2.82323898
4833.7000 2.81615719
4833.7500 2.80907539
4833.8000 2.80199359
4833.8500 2.79177298
4833.9000 2.77594693
4833.9500 2.76012089
4834.0000 2.74429485
4834.0500 2.7284688
4834.1000 2.73570053
4834.1500 2.74368015
4834.2000 2.75165976
4834.2500 2.75963937
4834.3000 2.78362096
4834.3500 2.81921914
4834.4000 2.85481732
4834.4500 2.8904155
4834.5000 2.90413847
4834.5500 2.82543619
4834.6000 2.74673391
4834.6500 2.66803164
4834.7000 2.58932936
4834.7500 2.61788297
4834.8000 2.67249091
4834.8500 2.72709885
4834.9000 2.78170679
4834.9500 2.80415495
4835.0000 2.78199423
4835.0500 2.75983352
4835.1000 2.7376728
4835.1500 2.71639948
4835.2000 2.71998869
4835.2500 2.7235779
4835.3000 2.72716712
4835.3500 2.73075633
4835.4000 2.73694979
4835.4500 2.74453821
4835.5000 2.75212663
4835.5500 2.75971505
4835.6000 2.76904496
4835.6500 2.7831048
4835.7000 2.79716463
4835.7500 2.81122447
4835.8000 2.8252843
4835.8500 2.8023641
4835.9000 2.77478936
4835.9500 2.74721461
4836.0000 2.71963987
4836.0500 2.71254305
4836.1000 2.72524027
4836.1500 2.73793748
4836.2000 2.7506347
4836.2500 2.75881526
4836.3000 2.73675925
4836.3500 2.71470323
4836.4000 2.69264722
4836.4500 2.67059121
4836.5000 2.67886672
4836.5500 2.69711179
4836.6000 2.71535685
4836.6500 2.73360192
4836.7000 2.73957214
4836.7500 2.72521207
4836.8000 2.710852
4836.8500 2.69649193
4836.9000 2.68215789
4836.9500 2.68509825
4837.0000 2.6880386
4837.0500 2.69097896
4837.1000 2.69391931
4837.1500 2.68455466
4837.2000 2.66789253
4837.2500 2.6512304
4837.3000 2.63456828
4837.3500 2.62930949
4837.4000 2.65734205
4837.4500 2.68537462
4837.5000 2.71340719
4837.5500 2.74143976
4837.6000 2.73932473
4837.6500 2.73324359
4837.7000 2.72716245
4837.7500 2.72108131
4837.8000 2.71005377
4837.8500 2.69434045
4837.9000 2.67862712
4837.9500 2.6629138
4838.0000 2.65288167
4838.0500 2.67648257
4838.1000 2.70008347
4838.1500 2.72368437
4838.2000 2.74728528
4838.2500 2.7285059
4838.3000 2.69754062
4838.3500 2.66657535
4838.4000 2.63561007
4838.4500 2.62075622
4838.5000 2.62908362
4838.5500 2.63741101
4838.6000 2.6457384
4838.6500 2.65440401
4838.7000 2.67031672
4838.7500 2.68622944
4838.8000 2.70214215
4838.8500 2.71805487
4838.9000 2.71293936
4838.9500 2.69794321
4839.0000 2.68294706
4839.0500 2.66795091
4839.1000 2.65860911
4839.1500 2.66143523
4839.2000 2.66426134
4839.2500 2.66708745
4839.3000 2.66991356
4839.3500 2.64710419
4839.4000 2.62309781
4839.4500 2.59909143
4839.5000 2.57508505
4839.5500 2.5741868
4839.6000 2.58903664
4839.6500 2.60388649
4839.7000 2.61873634
4839.7500 2.63237656
4839.8000 2.64208385
4839.8500 2.65179115
4839.9000 2.66149844
4839.9500 2.67120574
4840.0000 2.67736652
4840.0500 2.68302956
4840.1000 2.6886926
4840.1500 2.69435564
4840.2000 2.68359602
4840.2500 2.65766631
4840.3000 2.6317366
4840.3500 2.60580689
4840.4000 2.58651132
4840.4500 2.60105436
4840.5000 2.61559741
4840.5500 2.63014045
4840.6000 2.64468349
4840.6500 2.65067597
4840.7000 2.65465236
4840.7500 2.65862876
4840.8000 2.66260515
4840.8500 2.65112417
4840.9000 2.62117945
4840.9500 2.59123473
4841.0000 2.56129
4841.0500 2.53542373
4841.1000 2.54493631
4841.1500 2.55444889
4841.2000 2.56396147
4841.2500 2.57347405
4841.3000 2.57845838
4841.3500 2.58195124
4841.4000 2.58544411
4841.4500 2.58893697
4841.5000 2.5980577
4841.5500 2.61553957
4841.6000 2.63302144
4841.6500 2.65050331
4841.7000 2.66643209
4841.7500 2.65492338
4841.8000 2.64341467
4841.8500 2.63190596
4841.9000 2.62039726
4841.9500 2.62365409
4842.0000 2.6330587
4842.0500 2.6424633
4842.1000 2.6518679
4842.1500 2.65634328
4842.2000 2.65204401
4842.2500 2.64774474
4842.3000 2.64344548
4842.3500 2.63916572
4842.4000 2.63620672
4842.4500 2.63324773
4842.5000 2.63028874
4842.5500 2.62732974
4842.6000 2.61874799
4842.6500 2.60740445
4842.7000 2.59606091
4842.7500 2.58471737
4842.8000 2.56795193
4842.8500 2.54007142
4842.9000 2.51219091
4842.9500 2.4843104
4843.0000 2.4564299
4843.0500 2.46479717
4843.1000 2.47366724
4843.1500 2.4825373
4843.2000 2.49140736
4843.2500 2.50040755
4843.3000 2.50947905
4843.3500 2.51855056
4843.4000 2.52762206
4843.4500 2.53510295
4843.5000 2.53899035
4843.5500 2.54287775
4843.6000 2.54676515
4843.6500 2.55065254
4843.7000 2.54713718
4843.7500 2.54338403
4843.8000 2.53963088
4843.8500 2.53587773
4843.9000 2.53650274
4843.9500 2.53967561
4844.0000 2.54284849
4844.0500 2.54602137
4844.1000 2.54708014
4844.1500 2.54312487
4844.2000 2.53916961
4844.2500 2.53521435
4844.3000 2.53125909
4844.3500 2.52620565
4844.4000 2.52110912
4844.4500 2.51601259
4844.5000 2.51091606
4844.5500 2.53050195
4844.6000 2.56463994
4844.6500 2.59877793
4844.7000 2.63291592
4844.7500 2.65086824
4844.8000 2.63053825
4844.8500 2.61020826
4844.9000 2.58987827
4844.9500 2.56954828
4845.0000 2.54270736
4845.0500 2.51564022
4845.1000 2.48857308
4845.1500 2.46150594
4845.2000 2.4671378
4845.2500 2.49141259
4845.3000 2.51568738
4845.3500 2.53996216
4845.4000 2.55672161
4845.4500 2.55663986
4845.5000 2.55655812
4845.5500 2.55647637
4845.6000 2.55639462
4845.6500 2.57919791
4845.7000 2.60243427
4845.7500 2.62567062
4845.8000 2.64890697
4845.8500 2.64570515
4845.9000 2.62860893
4845.9500 2.6115127
4846.0000 2.59441648
4846.0500 2.57460227
4846.1000 2.54928927
4846.1500 2.52397627
4846.2000 2.49866326
4846.2500 2.47366639
4846.3000 2.4918293
4846.3500 2.5099922
4846.4000 2.5281551
4846.4500 2.546318
4846.5000 2.54841402
4846.5500 2.54312035
4846.6000 2.53782667
4846.6500 2.532533
4846.7000 2.5269748
4846.7500 2.52095414
4846.8000 2.51493347
4846.8500 2.50891281
4846.9000 2.50306488
4846.9500 2.5009733
4847.0000 2.49888172
4847.0500 2.49679013
4847.1000 2.49469855
4847.1500 2.5165182
4847.2000 2.54739521
4847.2500 2.57827223
4847.3000 2.60914924
4847.3500 2.62606435
4847.4000 2.62270336
4847.4500 2.61934236
4847.5000 2.61598137
4847.5500 2.61035927
4847.6000 2.58229038
4847.6500 2.55422149
4847.7000 2.5261526
4847.7500 2.49808371
4847.8000 2.49958131
4847.8500 2.50959168
4847.9000 2.51960206
4847.9500 2.52961243
4848.0000 2.53948629
4848.0500 2.54920155
4848.1000 2.55891682
4848.1500 2.56863208
4848.2000 2.57327839
4848.2500 2.54918579
4848.3000 2.52509319
4848.3500 2.50100058
4848.4000 2.47690798
4848.4500 2.46231119
4848.5000 2.44954347
4848.5500 2.43677574
4848.6000 2.42400801
4848.6500 2.43671576
4848.7000 2.47217343
4848.7500 2.5076311
4848.8000 2.54308878
4848.8500 2.56640105
4848.9000 2.54645971
4848.9500 2.52651837
4849.0000 2.50657703
4849.0500 2.48663569
4849.1000 2.47097348
4849.1500 2.45572715
4849.2000 2.44048082
4849.2500 2.4252345
4849.3000 2.42356989
4849.3500 2.43077941
4849.4000 2.43798893
4849.4500 2.44519845
4849.5000 2.44482479
4849.5500 2.42670869
4849.6000 2.40859259
4849.6500 2.39047649
4849.7000 2.37236039
4849.7500 2.3904308
4849.8000 2.40867403
4849.8500 2.42691727
4849.9000 2.44516051
4849.9500 2.44897595
4850.0000 2.44637813
4850.0500 2.44378032
4850.1000 2.4411825
4850.1500 2.44362899
4850.2000 2.45394802
4850.2500 2.46426705
4850.3000 2.47458608
4850.3500 2.48289084
4850.4000 2.47082339
4850.4500 2.45875593
4850.5000 2.44668847
4850.5500 2.43462102
4850.6000 2.42614217
4850.6500 2.41861355
4850.7000 2.41108493
4850.7500 2.40355631
4850.8000 2.40302127
4850.8500 2.40969202
4850.9000 2.41636276
4850.9500 2.42303351
4851.0000 2.42958498
4851.0500 2.43564601
4851.1000 2.44170705
4851.1500 2.44776809
4851.2000 2.45382912
4851.2500 2.43520068
4851.3000 2.41382696
4851.3500 2.39245324
4851.4000 2.37107952
4851.4500 2.38051907
4851.5000 2.41003781
4851.5500 2.43955655
4851.6000 2.46907529
4851.6500 2.483457
4851.7000 2.46449042
4851.7500 2.44552384
4851.8000 2.42655725
4851.8500 2.40791213
4851.9000 2.40489626
4851.9500 2.4018804
4852.0000 2.39886453
4852.0500 2.39584867
4852.1000 2.3958625
4852.1500 2.39700076
4852.2000 2.39813901
4852.2500 2.39927727
4852.3000 2.40734733
4852.3500 2.42425007
4852.4000 2.44115282
4852.4500 2.45805556
4852.5000 2.47002709
4852.5500 2.45434038
4852.6000 2.43865368
4852.6500 2.42296698
4852.7000 2.40728027
4852.7500 2.40573135
4852.8000 2.40640528
4852.8500 2.40707922
4852.9000 2.40775315
4852.9500 2.40670663
4853.0000 2.40440487
4853.0500 2.40210312
4853.1000 2.39980136
4853.1500 2.39886758
4853.2000 2.40122791
4853.2500 2.40358825
4853.3000 2.40594858
4853.3500 2.4081745
4853.4000 2.39695787
4853.4500 2.38574125
4853.5000 2.37452462
4853.5500 2.363308
4853.6000 2.36597313
4853.6500 2.37383558
4853.7000 2.38169802
4853.7500 2.38956046
4853.8000 2.39418289
4853.8500 2.39478889
4853.9000 2.3953949
4853.9500 2.39600091
4854.0000 2.39205095
4854.0500 2.36531554
4854.1000 2.33858012
4854.1500 2.3118447
4854.2000 2.28510929
4854.2500 2.28190678
4854.3000 2.28167292
4854.3500 2.28143907
4854.4000 2.28120521
4854.4500 2.2885239
4854.5000 2.30066008
4854.5500 2.31279625
4854.6000 2.32493243
4854.6500 2.33012465
4854.7000 2.32149181
4854.7500 2.31285896
4854.8000 2.30422612
4854.8500 2.29527493
4854.9000 2.28127838
4854.9500 2.26728183
4855.0000 2.25328528
4855.0500 2.23928874
4855.1000 2.24697991
4855.1500 2.26059042
4855.2000 2.27420094
4855.2500 2.28781145
4855.3000 2.29566443
4855.3500 2.29805256
4855.4000 2.30044068
4855.4500 2.30282881
4855.5000 2.30005923
4855.5500 2.28110955
4855.6000 2.26215986
4855.6500 2.24321018
4855.7000 2.22426049
4855.7500 2.22299853
4855.8000 2.22225328
4855.8500 2.22150803
4855.9000 2.22076279
4855.9500 2.21080546
4856.0000 2.19695136
4856.0500 2.18309725
4856.1000 2.16924315
4856.1500 2.16439717
4856.2000 2.17124745
4856.2500 2.17809773
4856.3000 2.18494801
4856.3500 2.18977632
4856.4000 2.18463757
4856.4500 2.17949882
4856.5000 2.17436007
4856.5500 2.16922132
4856.6000 2.13955701
4856.6500 2.10727154
4856.7000 2.07498606
4856.7500 2.04270059
4856.8000 2.0427579
4856.8500 2.06105056
4856.9000 2.07934322
4856.9500 2.09763588
4857.0000 2.11055516
4857.0500 2.11458362
4857.1000 2.11861208
4857.1500 2.12264054
4857.2000 2.12533935
4857.2500 2.11782287
4857.3000 2.11030638
4857.3500 2.1027899
4857.4000 2.09527342
4857.4500 2.09388206
4857.5000 2.0935306
4857.5500 2.09317915
4857.6000 2.09282769
4857.6500 2.09234735
4857.7000 2.09177958
4857.7500 2.09121182
4857.8000 2.09064405
4857.8500 2.08614555
4857.9000 2.073946
4857.9500 2.06174646
4858.0000 2.04954691
4858.0500 2.03763221
4858.1000 2.02893619
4858.1500 2.02024017
4858.2000 2.01154414
4858.2500 2.00284812
4858.3000 1.98947667
4858.3500 1.97511966
4858.4000 1.96076266
4858.4500 1.94640565
4858.5000 1.94466006
4858.5500 1.95236138
4858.6000 1.9600627
4858.6500 1.96776402
4858.7000 1.97074255
4858.7500 1.96362901
4858.8000 1.95651546
4858.8500 1.94940191
4858.9000 1.94251291
4858.9500 1.93874744
4859.0000 1.93498197
4859.0500 1.93121649
4859.1000 1.92745102
4859.1500 1.92805606
4859.2000 1.92964278
4859.2500 1.93122949
4859.3000 1.93281621
4859.3500 1.92809712
4859.4000 1.91856889
4859.4500 1.90904065
4859.5000 1.89951242
4859.5500 1.89132348
4859.6000 1.88598975
4859.6500 1.88065602
4859.7000 1.87532229
4859.7500 1.86951476
4859.8000 1.85764584
4859.8500 1.84577693
4859.9000 1.83390801
4859.9500 1.8220391
4860.0000 1.81226026
4860.0500 1.80291885
4860.1000 1.79357744
4860.1500 1.78423603
4860.2000 1.77820614
4860.2500 1.77454879
4860.3000 1.77089144
4860.3500 1.7672341
4860.4000 1.7589232
4860.4500 1.74155844
4860.5000 1.72419368
4860.5500 1.70682892
4860.6000 1.69163205
4860.6500 1.69647529
4860.7000 1.70131853
4860.7500 1.70616177
4860.8000 1.71100501
4860.8500 1.70159217
4860.9000 1.68980008
4860.9500 1.67800799
4861.0000 1.6662159
4861.0500 1.6402235
4861.1000 1.60543746
4861.1500 1.57065141
4861.2000 1.53586537
4861.2500 1.50910124
4861.3000 1.49545943
4861.3500 1.48181762
4861.4000 1.46817581
4861.4500 1.45806045
4861.5000 1.46917478
4861.5500 1.48028911
4861.6000 1.49140344
4861.6500 1.50251777
4861.7000 1.50645675
4861.7500 1.50965771
4861.8000 1.51285867
4861.8500 1.51605963
4861.9000 1.49229308
4861.9500 1.4553795
4862.0000 1.41846592
4862.0500 1.38155233
4862.1000 1.36303928
4862.1500 1.36803828
4862.2000 1.37303727
4862.2500 1.37803626
4862.3000 1.3804534
4862.3500 1.3729806
4862.4000 1.36550779
4862.4500 1.35803499
4862.5000 1.35056218
4862.5500 1.34375064
4862.6000 1.33695518
4862.6500 1.33015973
4862.7000 1.32336428
4862.7500 1.31105839
4862.8000 1.29688331
4862.8500 1.28270823
4862.9000 1.26853315
4862.9500 1.26041966
4863.0000 1.25793723
4863.0500 1.2554548
4863.1000 1.25297237
4863.1500 1.25546091
4863.2000 1.27004046
4863.2500 1.28462001
4863.3000 1.29919956
4863.3500 1.31330057
4863.4000 1.32057659
4863.4500 1.32785262
4863.5000 1.33512865
4863.5500 1.34240467
4863.6000 1.344556
4863.6500 1.34573797
4863.7000 1.34691994
4863.7500 1.34810191
4863.8000 1.35106631
4863.8500 1.35513443
4863.9000 1.35920255
4863.9500 1.36327066
4864.0000 1.369827
4864.0500 1.38018694
4864.1000 1.39054687
4864.1500 1.40090681
4864.2000 1.41242665
4864.2500 1.42943002
4864.3000 1.44643339
4864.3500 1.46343675
4864.4000 1.48044012
4864.4500 1.48506294
4864.5000 1.4891018
4864.5500 1.49314067
4864.6000 1.49717954
4864.6500 1.50417107
4864.7000 1.51221865
4864.7500 1.52026623
4864.8000 1.52831382
4864.8500 1.53579317
4864.9000 1.54274675
4864.9500 1.54970033
4865.0000 1.55665391
4865.0500 1.56279935
4865.1000 1.56709008
4865.1500 1.5713808
4865.2000 1.57567153
4865.2500 1.58300343
4865.3000 1.62153759
4865.3500 1.66007176
4865.4000 1.69860592
4865.4500 1.73714009
4865.5000 1.75057984
4865.5500 1.76044695
4865.6000 1.77031405
4865.6500 1.78018116
4865.7000 1.79210109
4865.7500 1.80506363
4865.8000 1.81802616
4865.8500 1.83098869
4865.9000 1.84604341
4865.9500 1.86363235
4866.0000 1.88122128
4866.0500 1.89881022
4866.1000 1.91020269
4866.1500 1.90224087
4866.2000 1.89427904
4866.2500 1.88631722
4866.3000 1.87952807
4866.3500 1.90600921
4866.4000 1.93249036
4866.4500 1.9589715
4866.5000 1.98545265
4866.5500 1.990374
4866.6000 1.99077961
4866.6500 1.99118523
4866.7000 1.99159084
4866.7500 2.00092451
4866.8000 2.01571078
4866.8500 2.03049705
4866.9000 2.04528332
4866.9500 2.05481677
4867.0000 2.05697906
4867.0500 2.05914136
4867.1000 2.06130366
4867.1500 2.06340603
4867.2000 2.06528647
4867.2500 2.06716691
4867.3000 2.06904736
4867.3500 2.07100355
4867.4000 2.08020078
4867.4500 2.08939802
4867.5000 2.09859525
4867.5500 2.10779249
4867.6000 2.11173607
4867.6500 2.11444208
4867.7000 2.11714808
4867.7500 2.11985409
4867.8000 2.12484107
4867.8500 2.13128893
4867.9000 2.13773679
4867.9500 2.14418464
4868.0000 2.14683648
4868.0500 2.14404984
4868.1000 2.14126321
4868.1500 2.13847657
4868.2000 2.14099801
4868.2500 2.16303864
4868.3000 2.18507927
4868.3500 2.20711989
4868.4000 2.22870846
4868.4500 2.22531996
4868.5000 2.22193147
4868.5500 2.21854297
4868.6000 2.21515447
4868.6500 2.20970967
4868.7000 2.20382264
4868.7500 2.1979356
4868.8000 2.19204857
4868.8500 2.19368049
4868.9000 2.19973833
4868.9500 2.20579617
4869.0000 2.21185401
4869.0500 2.2171215
4869.1000 2.22137152
4869.1500 2.22562154
4869.2000 2.22987157
4869.2500 2.23845119
4869.3000 2.26029007
4869.3500 2.28212895
4869.4000 2.30396782
4869.4500 2.32352906
4869.5000 2.30496298
4869.5500 2.28639689
4869.6000 2.26783081
4869.6500 2.24926473
4869.7000 2.25750767
4869.7500 2.26983348
4869.8000 2.2821593
4869.8500 2.29448511
4869.9000 2.29179187
4869.9500 2.28204856
4870.0000 2.27230525
4870.0500 2.26256194
4870.1000 2.26372586
4870.1500 2.27603928
4870.2000 2.2883527
4870.2500 2.30066612
4870.3000 2.30953289
4870.3500 2.31071805
4870.4000 2.3119032
4870.4500 2.31308835
4870.5000 2.31604257
4870.5500 2.33124776
4870.6000 2.34645294
4870.6500 2.36165812
4870.7000 2.3768633
4870.7500 2.34442309
4870.8000 2.30915081
4870.8500 2.27387853
4870.9000 2.23860625
4870.9500 2.24514339
4871.0000 2.26467739
4871.0500 2.28421139
4871.1000 2.30374539
4871.1500 2.31801598
4871.2000 2.32852297
4871.2500 2.33902995
4871.3000 2.34953694
4871.3500 2.34258675
4871.4000 2.30994067
4871.4500 2.27729459
4871.5000 2.24464851
4871.5500 2.22037055
4871.6000 2.22454621
4871.6500 2.22872186
4871.7000 2.23289752
4871.7500 2.23733415
4871.8000 2.24660373
4871.8500 2.25587331
4871.9000 2.26514289
4871.9500 2.27441246
4872.0000 2.27529583
4872.0500 2.27499711
4872.1000 2.27469839
4872.1500 2.27439967
4872.2000 2.27568361
4872.2500 2.27763639
4872.3000 2.27958917
4872.3500 2.28154194
4872.4000 2.283653
4872.4500 2.28590405
4872.5000 2.2881551
4872.5500 2.29040614
4872.6000 2.28838728
4872.6500 2.27876614
4872.7000 2.269145
4872.7500 2.25952387
4872.8000 2.25408257
4872.8500 2.26647241
4872.9000 2.27886225
4872.9500 2.2912521
4873.0000 2.30345898
4873.0500 2.30729698
4873.1000 2.31113498
4873.1500 2.31497298
4873.2000 2.31881098
4873.2500 2.31402658
4873.3000 2.30776983
4873.3500 2.30151308
4873.4000 2.29525632
4873.4500 2.27826978
4873.5000 2.25642091
4873.5500 2.23457203
4873.6000 2.21272316
4873.6500 2.20830642
4873.7000 2.21976193
4873.7500 2.23121743
4873.8000 2.24267294
4873.8500 2.25464347
4873.9000 2.26752986
4873.9500 2.28041624
4874.0000 2.29330263
4874.0500 2.30188782
4874.1000 2.29301996
4874.1500 2.28415209
4874.2000 2.27528423
4874.2500 2.2668032
4874.3000 2.26846058
4874.3500 2.27011795
4874.4000 2.27177533
4874.4500 2.27343271
4874.5000 2.27970564
4874.5500 2.28662563
4874.6000 2.29354562
4874.6500 2.30046561
4874.7000 2.29211391
4874.7500 2.27778181
4874.8000 2.26344971
4874.8500 2.24911762
4874.9000 2.25269222
4874.9500 2.27025623
4875.0000 2.28782025
4875.0500 2.30538426
4875.1000 2.32192601
4875.1500 2.33696888
4875.2000 2.35201174
4875.2500 2.36705461
4875.3000 2.37730439
4875.3500 2.3732364
4875.4000 2.36916841
4875.4500 2.36510043
4875.5000 2.36152183
4875.5500 2.36247883
4875.6000 2.36343583
4875.6500 2.36439283
4875.7000 2.36534982
4875.7500 2.36207171
4875.8000 2.35854826
4875.8500 2.3550248
4875.9000 2.35150134
4875.9500 2.35947066
4876.0000 2.37041536
4876.0500 2.38136005
4876.1000 2.39230475
4876.1500 2.3846473
4876.2000 2.36673895
4876.2500 2.34883059
4876.3000 2.33092223
4876.3500 2.33406268
4876.4000 2.35856139
4876.4500 2.3830601
4876.5000 2.40755881
4876.5500 2.41834034
4876.6000 2.40356231
4876.6500 2.38878428
4876.7000 2.37400625
4876.7500 2.3624228
4876.8000 2.3633507
4876.8500 2.36427861
4876.9000 2.36520651
4876.9500 2.36740732
4877.0000 2.38997672
4877.0500 2.41254613
4877.1000 2.43511554
4877.1500 2.45768494
4877.2000 2.45534089
4877.2500 2.4506973
4877.3000 2.4460537
4877.3500 2.44141011
4877.4000 2.43731669
4877.4500 2.43338443
4877.5000 2.42945217
4877.5500 2.42551991
4877.6000 2.4264376
4877.6500 2.43017143
4877.7000 2.43390525
4877.7500 2.43763908
4877.8000 2.43860511
4877.8500 2.43672616
4877.9000 2.4348472
4877.9500 2.43296824
4878.0000 2.43538195
4878.0500 2.44559982
4878.1000 2.45581768
4878.1500 2.46603555
4878.2000 2.47254623
4878.2500 2.46574783
4878.3000 2.45894942
4878.3500 2.45215101
4878.4000 2.44482429
4878.4500 2.43159307
4878.5000 2.41836185
4878.5500 2.40513064
4878.6000 2.39189942
4878.6500 2.39818985
4878.7000 2.40555846
4878.7500 2.41292707
4878.8000 2.42029568
4878.8500 2.41610296
4878.9000 2.40927648
4878.9500 2.40245001
4879.0000 2.39562353
4879.0500 2.39249205
4879.1000 2.3910793
4879.1500 2.38966655
4879.2000 2.38825381
4879.2500 2.38480735
4879.3000 2.3797094
4879.3500 2.37461145
4879.4000 2.36951349
4879.4500 2.37217513
4879.5000 2.38544497
4879.5500 2.39871481
4879.6000 2.41198466
4879.6500 2.42367668
4879.7000 2.4315857
4879.7500 2.43949471
4879.8000 2.44740373
4879.8500 2.45247324
4879.9000 2.44342582
4879.9500 2.43437839
4880.0000 2.42533097
4880.0500 2.41697235
4880.1000 2.4243787
4880.1500 2.43178506
4880.2000 2.43919141
4880.2500 2.44659776
4880.3000 2.45487446
4880.3500 2.46322939
4880.4000 2.47158431
4880.4500 2.47993923
4880.5000 2.48492466
4880.5500 2.48903844
4880.6000 2.49315222
4880.6500 2.497266
4880.7000 2.49158894
4880.7500 2.48114794
4880.8000 2.47070693
4880.8500 2.46026593
4880.9000 2.46152941
4880.9500 2.47228562
4881.0000 2.48304183
4881.0500 2.49379804
4881.1000 2.50049203
4881.1500 2.50186503
4881.2000 2.50323802
4881.2500 2.50461101
4881.3000 2.50904828
4881.3500 2.52015078
4881.4000 2.53125328
4881.4500 2.54235578
4881.5000 2.54931386
4881.5500 2.53951031
4881.6000 2.52970676
4881.6500 2.51990321
4881.7000 2.51094888
4881.7500 2.51140084
4881.8000 2.5118528
4881.8500 2.51230476
4881.9000 2.51275673
4881.9500 2.52492761
4882.0000 2.53747784
4882.0500 2.55002806
4882.1000 2.56257829
4882.1500 2.55047338
4882.2000 2.53421263
4882.2500 2.51795189
4882.3000 2.50169114
4882.3500 2.5088363
4882.4000 2.52402924
4882.4500 2.53922219
4882.5000 2.55441513
4882.5500 2.56309415
4882.6000 2.56800944
4882.6500 2.57292473
4882.7000 2.57784002
4882.7500 2.57319011
4882.8000 2.55987643
4882.8500 2.54656274
4882.9000 2.53324905
4882.9500 2.53038573
4883.0000 2.54213712
4883.0500 2.5538885
4883.1000 2.56563988
4883.1500 2.56798758
4883.2000 2.54944434
4883.2500 2.5309011
4883.3000 2.51235785
4883.3500 2.50455879
4883.4000 2.53838497
4883.4500 2.57221115
4883.5000 2.60603733
4883.5500 2.63434093
4883.6000 2.61359069
4883.6500 2.59284046
4883.7000 2.57209023
4883.7500 2.55133999
4883.8000 2.5416005
4883.8500 2.53187762
4883.9000 2.52215473
4883.9500 2.51243185
4884.0000 2.52576848
4884.0500 2.54175086
4884.1000 2.55773323
4884.1500 2.5737156
4884.2000 2.57549537
4884.2500 2.57365611
4884.3000 2.57181686
4884.3500 2.5699776
4884.4000 2.56327681
4884.4500 2.55447324
4884.5000 2.54566967
4884.5500 2.5368661
4884.6000 2.52871489
4884.6500 2.52099774
4884.7000 2.51328059
4884.7500 2.50556344
4884.8000 2.49604214
4884.8500 2.4847465
4884.9000 2.47345085
4884.9500 2.46215521
4885.0000 2.45814765
4885.0500 2.46466568
4885.1000 2.47118371
4885.1500 2.47770174
4885.2000 2.48469163
4885.2500 2.49270583
4885.3000 2.50072004
4885.3500 2.50873424
4885.4000 2.51316984
4885.4500 2.50512897
4885.5000 2.49708809
4885.5500 2.48904722
4885.6000 2.4839157
4885.6500 2.49796585
4885.7000 2.51201599
4885.7500 2.52606614
4885.8000 2.53817916
4885.8500 2.50586422
4885.9000 2.47354927
4885.9500 2.44123433
4886.0000 2.40891939
4886.0500 2.42891347
4886.1000 2.45147916
4886.1500 2.47404486
4886.2000 2.49661055
4886.2500 2.4933485
4886.3000 2.48608255
4886.3500 2.4788166
4886.4000 2.47155065
4886.4500 2.46901388
4886.5000 2.46781327
4886.5500 2.46661266
4886.6000 2.46541205
4886.6500 2.46404016
4886.7000 2.46259308
4886.7500 2.461146
4886.8000 2.45969892
4886.8500 2.46061251
4886.9000 2.46302654
4886.9500 2.46544057
4887.0000 2.4678546
4887.0500 2.46203855
4887.1000 2.44889956
4887.1500 2.43576056
4887.2000 2.42262156
4887.2500 2.42007217
4887.3000 2.43055948
4887.3500 2.4410468
4887.4000 2.45153411
4887.4500 2.45100219
4887.5000 2.43159016
4887.5500 2.41217813
4887.6000 2.3927661
4887.6500 2.38354354
4887.7000 2.39924828
4887.7500 2.41495301
4887.8000 2.43065775
4887.8500 2.43806934
4887.9000 2.41484982
4887.9500 2.39163029
4888.0000 2.36841076
4888.0500 2.35116676
4888.1000 2.37148759
4888.1500 2.39180842
4888.2000 2.41212926
4888.2500 2.43052126
4888.3000 2.42008305
4888.3500 2.40964484
4888.4000 2.39920663
4888.4500 2.38876842
4888.5000 2.41213926
4888.5500 2.43587026
4888.6000 2.45960127
4888.6500 2.48333227
4888.7000 2.49742143
4888.7500 2.51064356
4888.8000 2.52386569
4888.8500 2.53708782
4888.9000 2.52608665
4888.9500 2.5107037
4889.0000 2.49532074
4889.0500 2.47993778
4889.1000 2.47351887
4889.1500 2.46966635
4889.2000 2.46581382
4889.2500 2.46196129
4889.3000 2.46305539
4889.3500 2.46617663
4889.4000 2.46929786
4889.4500 2.47241909
4889.5000 2.46758268
4889.5500 2.45831846
4889.6000 2.44905425
4889.6500 2.43979004
4889.7000 2.4368217
4889.7500 2.43846949
4889.8000 2.44011728
4889.8500 2.44176507
4889.9000 2.43756592
4889.9500 2.42781
4890.0000 2.41805408
4890.0500 2.40829816
4890.1000 2.40434467
4890.1500 2.40748978
4890.2000 2.41063488
4890.2500 2.41377998
4890.3000 2.42808514
4890.3500 2.45998611
4890.4000 2.49188708
4890.4500 2.52378805
4890.5000 2.5375758
4890.5500 2.5142057
4890.6000 2.49083561
4890.6500 2.46746551
4890.7000 2.44882193
4890.7500 2.44304706
4890.8000 2.43727219
4890.8500 2.43149732
4890.9000 2.42861998
4890.9500 2.43658905
4891.0000 2.44455811
4891.0500 2.45252718
4891.1000 2.45854267
4891.1500 2.45385168
4891.2000 2.44916069
4891.2500 2.4444697
4891.3000 2.43957319
4891.3500 2.43280805
4891.4000 2.42604291
4891.4500 2.41927777
4891.5000 2.41200943
4891.5500 2.39410079
4891.6000 2.37619215
4891.6500 2.35828351
4891.7000 2.34037487
4891.7500 2.35860685
4891.8000 2.37711134
4891.8500 2.39561583
4891.9000 2.41412032
4891.9500 2.42111956
4892.0000 2.4273996
4892.0500 2.43367963
4892.1000 2.43995966
4892.1500 2.43372941
4892.2000 2.42597044
4892.2500 2.41821147
4892.3000 2.4104525
4892.3500 2.42796902
4892.4000 2.45021621
4892.4500 2.4724634
4892.5000 2.49471058
4892.5500 2.48541214
4892.6000 2.46797282
4892.6500 2.4505335
4892.7000 2.43309419
4892.7500 2.44075796
4892.8000 2.45684798
4892.8500 2.47293799
4892.9000 2.48902801
4892.9500 2.48989363
4893.0000 2.48435204
4893.0500 2.47881044
4893.1000 2.47326885
4893.1500 2.46233714
4893.2000 2.44863131
4893.2500 2.43492548
4893.3000 2.42121965
4893.3500 2.42034507
4893.4000 2.42740478
4893.4500 2.43446449
4893.5000 2.44152419
4893.5500 2.44389894
4893.6000 2.44283783
4893.6500 2.44177671
4893.7000 2.44071559
4893.7500 2.44584936
4893.8000 2.45632012
4893.8500 2.46679088
4893.9000 2.47726163
4893.9500 2.48508493
4894.0000 2.49024786
4894.0500 2.49541078
4894.1000 2.50057371
4894.1500 2.48991366
4894.2000 2.46080279
4894.2500 2.43169191
4894.3000 2.40258103
4894.3500 2.3988001
4894.4000 2.42917138
4894.4500 2.45954267
4894.5000 2.48991396
4894.5500 2.50914416
4894.6000 2.51104453
4894.6500 2.5129449
4894.7000 2.51484527
4894.7500 2.51322121
4894.8000 2.50527915
4894.8500 2.49733709
4894.9000 2.48939502
4894.9500 2.49207404
4895.0000 2.51669669
4895.0500 2.54131934
4895.1000 2.565942
4895.1500 2.58422278
4895.2000 2.58738523
4895.2500 2.59054769
4895.3000 2.59371014
4895.3500 2.59313653
4895.4000 2.58226318
4895.4500 2.57138984
4895.5000 2.56051649
4895.5500 2.55750176
4895.6000 2.57962795
4895.6500 2.60175414
4895.7000 2.62388034
4895.7500 2.64020486
4895.8000 2.63488752
4895.8500 2.62957017
4895.9000 2.62425283
4895.9500 2.62283639
4896.0000 2.63849583
4896.0500 2.65415526
4896.1000 2.66981469
4896.1500 2.6830572
4896.2000 2.68378101
4896.2500 2.68450482
4896.3000 2.68522863
4896.3500 2.68709376
4896.4000 2.69602959
4896.4500 2.70496542
4896.5000 2.71390124
4896.5500 2.72251318
4896.6000 2.72869109
4896.6500 2.734869
4896.7000 2.74104692
4896.7500 2.74407252
4896.8000 2.71781977
4896.8500 2.69156703
4896.9000 2.66531428
4896.9500 2.64054141
4897.0000 2.63319764
4897.0500 2.62585387
4897.1000 2.61851011
4897.1500 2.61227368
4897.2000 2.62319503
4897.2500 2.63411637
4897.3000 2.64503772
4897.3500 2.65691407
4897.4000 2.68939747
4897.4500 2.72188086
4897.5000 2.75436425
4897.5500 2.78491342
4897.6000 2.75128812
4897.6500 2.71766281
4897.7000 2.6840375
4897.7500 2.65097672
4897.8000 2.65370625
4897.8500 2.65643578
4897.9000 2.65916532
4897.9500 2.66188918
4898.0000 2.6627884
4898.0500 2.66368762
4898.1000 2.66458684
4898.1500 2.66548607
4898.2000 2.64932212
4898.2500 2.63302018
4898.3000 2.61671825
4898.3500 2.60041631
4898.4000 2.59563436
4898.4500 2.59106169
4898.5000 2.58648902
4898.5500 2.58191634
4898.6000 2.59390942
4898.6500 2.60635095
4898.7000 2.61879248
4898.7500 2.631234
4898.8000 2.64129661
4898.8500 2.65127659
4898.9000 2.66125657
4898.9500 2.67123654
4899.0000 2.66251674
4899.0500 2.65302846
4899.1000 2.64354017
4899.1500 2.63405189
4899.2000 2.63405449
4899.2500 2.63449468
4899.3000 2.63493487
4899.3500 2.63537506
4899.4000 2.63497825
4899.4500 2.63453982
4899.5000 2.63410139
4899.5500 2.63366297
4899.6000 2.63386866
4899.6500 2.63410779
4899.7000 2.63434692
4899.7500 2.63458606
4899.8000 2.61190643
4899.8500 2.5880196
4899.9000 2.56413277
4899.9500 2.54024594
4900.0000 2.54781961
4900.0500 2.5570286
4900.1000 2.56623759
4900.1500 2.57544658
4900.2000 2.58721774
4900.2500 2.59911662
4900.3000 2.6110155
4900.3500 2.62291438
4900.4000 2.61270798
4900.4500 2.60147841
4900.5000 2.59024885
4900.5500 2.57901928
4900.6000 2.57859178
4900.6500 2.57861073
4900.7000 2.57862967
4900.7500 2.57864861
4900.8000 2.58907628
4900.8500 2.59986841
4900.9000 2.61066055
4900.9500 2.62145269
4901.0000 2.59535493
4901.0500 2.56824656
4901.1000 2.54113819
4901.1500 2.51402982
4901.2000 2.52846747
4901.2500 2.5436748
4901.3000 2.55888214
4901.3500 2.57408948
4901.4000 2.57203029
4901.4500 2.56982477
4901.5000 2.56761925
4901.5500 2.56541384
4901.6000 2.56325052
4901.6500 2.56108721
4901.7000 2.55892389
4901.7500 2.55675566
4901.8000 2.55426714
4901.8500 2.55177862
4901.9000 2.54929009
4901.9500 2.547147
4902.0000 2.55664606
4902.0500 2.56614513
4902.1000 2.57564419
4902.1500 2.58465039
4902.2000 2.58290843
4902.2500 2.58116646
4902.3000 2.57942449
4902.3500 2.57796435
4902.4000 2.58090509
4902.4500 2.58384583
4902.5000 2.58678656
4902.5500 2.58982095
4902.6000 2.59396485
4902.6500 2.59810875
4902.7000 2.60225264
4902.7500 2.60433106
4902.8000 2.58713776
4902.8500 2.56994446
4902.9000 2.55275115
4902.9500 2.53797726
4903.0000 2.5414486
4903.0500 2.54491993
4903.1000 2.54839127
4903.1500 2.55261357
4903.2000 2.56150037
4903.2500 2.57038717
4903.3000 2.57927397
4903.3500 2.58308517
4903.4000 2.5605588
4903.4500 2.53803242
4903.5000 2.51550605
4903.5500 2.50285459
4903.6000 2.53347791
4903.6500 2.56410123
4903.7000 2.59472456
4903.7500 2.61546417
4903.8000 2.59931789
4903.8500 2.5831716
4903.9000 2.56702531
4903.9500 2.55113894
4904.0000 2.53608391
4904.0500 2.52102888
4904.1000 2.50597385
4904.1500 2.50051556
4904.2000 2.52149257
4904.2500 2.54246958
4904.3000 2.56344659
4904.3500 2.57410847
4904.4000 2.56021561
4904.4500 2.54632274
4904.5000 2.53242987
4904.5500 2.52108725
4904.6000 2.51500254
4904.6500 2.50891783
4904.7000 2.50283312
4904.7500 2.50380001
4904.8000 2.51737275
4904.8500 2.53094548
4904.9000 2.54451822
4904.9500 2.55257877
4905.0000 2.55209527
4905.0500 2.55161176
4905.1000 2.55112826
4905.1500 2.54249315
4905.2000 2.52291466
4905.2500 2.50333616
4905.3000 2.48375766
4905.3500 2.49345201
4905.4000 2.53710321
4905.4500 2.58075441
4905.5000 2.62440561
4905.5500 2.63049532
4905.6000 2.59907475
4905.6500 2.56765419
4905.7000 2.53623363
4905.7500 2.52225064
4905.8000 2.52317935
4905.8500 2.52410807
4905.9000 2.52503679
4905.9500 2.52059688
4906.0000 2.51225429
4906.0500 2.5039117
4906.1000 2.49556911
4906.1500 2.48713891
4906.2000 2.4786551
4906.2500 2.4701713
4906.3000 2.46168749
4906.3500 2.46396856
4906.4000 2.47172011
4906.4500 2.47947165
4906.5000 2.48722319
4906.5500 2.48986472
4906.6000 2.49038883
4906.6500 2.49091293
4906.7000 2.49143704
4906.7500 2.50720421
4906.8000 2.52798959
4906.8500 2.54877497
4906.9000 2.56956034
4906.9500 2.57094535
4907.0000 2.56744818
4907.0500 2.56395101
4907.1000 2.56045384
4907.1500 2.55770562
4907.2000 2.55509281
4907.2500 2.55248
4907.3000 2.54986719
4907.3500 2.54748827
4907.4000 2.54513647
4907.4500 2.54278466
4907.5000 2.54043286
4907.5500 2.52851924
4907.6000 2.51606754
4907.6500 2.50361583
4907.7000 2.49116413
4907.7500 2.50858204
4907.8000 2.52604099
4907.8500 2.54349993
4907.9000 2.55999697
4907.9500 2.55890608
4908.0000 2.55781518
4908.0500 2.55672428
4908.1000 2.55546462
4908.1500 2.55278761
4908.2000 2.5501106
4908.2500 2.5474336
4908.3000 2.54183914
4908.3500 2.52118406
4908.4000 2.50052898
4908.4500 2.4798739
4908.5000 2.46607721
4908.5500 2.47667111
4908.6000 2.48726502
4908.6500 2.49785893
4908.7000 2.50993707
4908.7500 2.52586999
4908.8000 2.54180291
4908.8500 2.55773583
4908.9000 2.55643495
4908.9500 2.52135658
4909.0000 2.48627822
4909.0500 2.45119985
4909.1000 2.44372885
4909.1500 2.47783945
4909.2000 2.51195005
4909.2500 2.54606065
4909.3000 2.55890565
4909.3500 2.54693798
4909.4000 2.5349703
4909.4500 2.52300262
4909.5000 2.53092149
4909.5500 2.55680898
4909.6000 2.58269646
4909.6500 2.60858394
4909.7000 2.60809334
4909.7500 2.5893086
4909.8000 2.57052387
4909.8500 2.55173913
4909.9000 2.53768778
4909.9500 2.52610808
4910.0000 2.51452838
4910.0500 2.50294867
4910.1000 2.49476558
4910.1500 2.48787244
4910.2000 2.48097929
4910.2500 2.47408614
4910.3000 2.48009623
4910.3500 2.48945634
4910.4000 2.49881644
4910.4500 2.50817655
4910.5000 2.50173267
4910.5500 2.49280839
4910.6000 2.48388412
4910.6500 2.47495984
4910.7000 2.46645138
4910.7500 2.45797128
4910.8000 2.44949118
4910.8500 2.44126989
4910.9000 2.46079348
4910.9500 2.48031706
4911.0000 2.49984065
4911.0500 2.49569606
4911.1000 2.23239302
4911.1500 1.96908998
4911.2000 1.70578694
4911.2500 1.52403417
4911.3000 1.77215901
4911.3500 2.02028386
4911.4000 2.2684087
4911.4500 2.45179531
4911.5000 2.42625194
4911.5500 2.40070857
4911.6000 2.3751652
4911.6500 2.35316245
4911.7000 2.33885954
4911.7500 2.32455664
4911.8000 2.31025373
4911.8500 2.3079847
4911.9000 2.32416654
4911.9500 2.34034838
4912.0000 2.35653022
4912.0500 2.36329787
4912.1000 2.3596955
4912.1500 2.35609312
4912.2000 2.35249075
4912.2500 2.36244545
4912.3000 2.38312729
4912.3500 2.40380912
4912.4000 2.42449096
4912.4500 2.41930077
4912.5000 2.39968493
4912.5500 2.38006909
4912.6000 2.36045325
4912.6500 2.36012691
4912.7000 2.36704007
4912.7500 2.37395323
4912.8000 2.38086639
4912.8500 2.38454658
4912.9000 2.38748573
4912.9500 2.39042489
4913.0000 2.39336405
4913.0500 2.37742391
4913.1000 2.35941592
4913.1500 2.34140794
4913.2000 2.32339995
4913.2500 2.3400571
4913.3000 2.35705137
4913.3500 2.37404563
4913.4000 2.39148462
4913.4500 2.41398367
4913.5000 2.43648272
4913.5500 2.45898177
4913.6000 2.47491362
4913.6500 2.45935113
4913.7000 2.44378863
4913.7500 2.42822614
4913.8000 2.41189473
4913.8500 2.39343756
4913.9000 2.37498038
4913.9500 2.3565232
4914.0000 2.34428255
4914.0500 2.34309099
4914.1000 2.34189943
4914.1500 2.34070787
4914.2000 2.3504718
4914.2500 2.37331546
4914.3000 2.39615912
4914.3500 2.41900279
4914.4000 2.43854268
4914.4500 2.45541102
4914.5000 2.47227936
4914.5500 2.48914769
4914.6000 2.48156019
4914.6500 2.46088109
4914.7000 2.44020199
4914.7500 2.41952289
4914.8000 2.42370318
4914.8500 2.43612152
4914.9000 2.44853986
4914.9500 2.4609582
4915.0000 2.47459013
4915.0500 2.48843254
4915.1000 2.50227495
4915.1500 2.51611737
4915.2000 2.50374782
4915.2500 2.49013274
4915.3000 2.47651767
4915.3500 2.46489072
4915.4000 2.48531036
4915.4500 2.50573
4915.5000 2.52614964
4915.5500 2.54075951
4915.6000 2.52565171
4915.6500 2.5105439
4915.7000 2.4954361
4915.7500 2.48995559
4915.8000 2.51050684
4915.8500 2.5310581
4915.9000 2.55160936
4915.9500 2.56234237
4916.0000 2.55690382
4916.0500 2.55146527
4916.1000 2.54602672
4916.1500 2.52909402
4916.2000 2.5000488
4916.2500 2.47100359
4916.3000 2.44195837
4916.3500 2.42458591
4916.4000 2.41508084
4916.4500 2.40557577
4916.5000 2.3960707
4916.5500 2.41763314
4916.6000 2.45193558
4916.6500 2.48623802
4916.7000 2.52054047
4916.7500 2.50442184
4916.8000 2.47740953
4916.8500 2.45039722
4916.9000 2.42338491
4916.9500 2.44492528
4917.0000 2.46973999
4917.0500 2.49455469
4917.1000 2.51866608
4917.1500 2.53012321
4917.2000 2.54158034
4917.2500 2.55303748
4917.3000 2.55676101
4917.3500 2.52267966
4917.4000 2.48859831
4917.4500 2.45451696
4917.5000 2.43840715
4917.5500 2.46665342
4917.6000 2.4948997
4917.6500 2.52314598
4917.7000 2.5392938
4917.7500 2.53790123
4917.8000 2.53650867
4917.8500 2.53511611
4917.9000 2.51945376
4917.9500 2.4911063
4918.0000 2.46275885
4918.0500 2.43441139
4918.1000 2.41481602
4918.1500 2.39989331
4918.2000 2.3849706
4918.2500 2.37004789
4918.3000 2.3742575
4918.3500 2.38399549
4918.4000 2.39373348
4918.4500 2.40347147
4918.5000 2.4097743
4918.5500 2.4156999
4918.6000 2.4216255
4918.6500 2.42674826
4918.7000 2.40360992
4918.7500 2.38047158
4918.8000 2.35733324
4918.8500 2.34174169
4918.9000 2.36712302
4918.9500 2.39250436
4919.0000 2.41788569
4919.0500 2.42646373
4919.1000 2.39284529
4919.1500 2.35922685
4919.2000 2.3256084
4919.2500 2.31007559
4919.3000 2.31999395
4919.3500 2.32991231
4919.4000 2.33983067
4919.4500 2.3551955
4919.5000 2.37506425
4919.5500 2.39493299
4919.6000 2.41480174
4919.6500 2.40475726
4919.7000 2.38067875
4919.7500 2.35660024
4919.8000 2.33252173
4919.8500 2.31692806
4919.9000 2.30325647
4919.9500 2.28958488
4920.0000 2.27591329
4920.0500 2.27623839
4920.1000 2.27728003
4920.1500 2.27832168
4920.2000 2.2791512
4920.2500 2.27779977
4920.3000 2.27644835
4920.3500 2.27509692
4920.4000 2.269016
4920.4500 2.2468596
4920.5000 2.2247032
4920.5500 2.20254681
4920.6000 2.18383792
4920.6500 2.17106607
4920.7000 2.15829422
4920.7500 2.14552237
4920.8000 2.15082251
4920.8500 2.17357345
4920.9000 2.19632439
4920.9500 2.21907533
4921.0000 2.21621381
4921.0500 2.1996502
4921.1000 2.18308659
4921.1500 2.16652298
4921.2000 2.17063262
4921.2500 2.18005491
4921.3000 2.1894772
4921.3500 2.19889948
4921.4000 2.1851108
4921.4500 2.16986647
4921.5000 2.15462214
4921.5500 2.14074904
4921.6000 2.14112814
4921.6500 2.14150724
4921.7000 2.14188634
4921.7500 2.14334095
4921.8000 2.14827923
4921.8500 2.15321751
4921.9000 2.1581558
4921.9500 2.16921121
4922.0000 2.19002251
4922.0500 2.2108338
4922.1000 2.2316451
4922.1500 2.22475938
4922.2000 2.19391755
4922.2500 2.16307573
4922.3000 2.1322339
4922.3500 2.12937281
4922.4000 2.13917728
4922.4500 2.14898175
4922.5000 2.15878622
4922.5500 2.14317546
4922.6000 2.12279311
4922.6500 2.10241076
4922.7000 2.08202841
4922.7500 2.11991711
4922.8000 2.15799176
4922.8500 2.1960664
4922.9000 2.22418143
4922.9500 2.19718591
4923.0000 2.17019039
4923.0500 2.14319487
4923.1000 2.13072225
4923.1500 2.15047631
4923.2000 2.17023037
4923.2500 2.18998443
4923.3000 2.20322102
4923.3500 2.2090963
4923.4000 2.21497158
4923.4500 2.22084685
4923.5000 2.22543799
4923.5500 2.22927463
4923.6000 2.23311128
4923.6500 2.23694792
4923.7000 2.24433229
4923.7500 2.25265091
4923.8000 2.26096953
4923.8500 2.26928815
4923.9000 2.26543953
4923.9500 2.26101177
4924.0000 2.25658401
4924.0500 2.24985313
4924.1000 2.22605982
4924.1500 2.2022665
4924.2000 2.17847319
4924.2500 2.15932999
4924.3000 2.15187302
4924.3500 2.14441606
4924.4000 2.13695909
4924.4500 2.13534194
4924.5000 2.14081282
4924.5500 2.14628369
4924.6000 2.15175457
4924.6500 2.16690685
4924.7000 2.18798897
4924.7500 2.20907109
4924.8000 2.23015321
4924.8500 2.23989428
4924.9000 2.2466196
4924.9500 2.25334491
4925.0000 2.26007023
4925.0500 2.24291837
4925.1000 2.22479977
4925.1500 2.20668117
4925.2000 2.19095703
4925.2500 2.19076236
4925.3000 2.1905677
4925.3500 2.19037304
4925.4000 2.19199163
4925.4500 2.19769472
4925.5000 2.2033978
4925.5500 2.20910088
4925.6000 2.20427021
4925.6500 2.18814922
4925.7000 2.17202824
4925.7500 2.15590725
4925.8000 2.15737095
4925.8500 2.16792401
4925.9000 2.17847708
4925.9500 2.18903014
4926.0000 2.18870976
4926.0500 2.18627462
4926.1000 2.18383947
4926.1500 2.18114589
4926.2000 2.16302107
4926.2500 2.14489626
4926.3000 2.12677144
4926.3500 2.11580486
4926.4000 2.1339931
4926.4500 2.15218133
4926.5000 2.17036956
4926.5500 2.17888892
4926.6000 2.17157498
4926.6500 2.16426105
4926.7000 2.15694711
4926.7500 2.16311179
4926.8000 2.17975927
4926.8500 2.19640675
4926.9000 2.21305423
4926.9500 2.21502838
4927.0000 2.21203937
4927.0500 2.20905035
4927.1000 2.20606134
4927.1500 2.21618743
4927.2000 2.22725016
4927.2500 2.23831289
4927.3000 2.24438039
4927.3500 2.21409224
4927.4000 2.18380408
4927.4500 2.15351593
4927.5000 2.14293739
4927.5500 2.17630662
4927.6000 2.20967584
4927.6500 2.24304506
4927.7000 2.2545251
4927.7500 2.24409863
4927.8000 2.23367215
4927.8500 2.22324568
4927.9000 2.22103271
4927.9500 2.2224867
4928.0000 2.22394069
4928.0500 2.22539467
4928.1000 2.23099665
4928.1500 2.23714159
4928.2000 2.24328653
4928.2500 2.25260247
4928.3000 2.29912984
4928.3500 2.34565722
4928.4000 2.3921846
4928.4500 2.41808346
4928.5000 2.38936788
4928.5500 2.36065229
4928.6000 2.33193671
4928.6500 2.32561138
4928.7000 2.34441761
4928.7500 2.36322383
4928.8000 2.38203006
4928.8500 2.39060629
4928.9000 2.39413296
4928.9500 2.39765962
4929.0000 2.40118629
4929.0500 2.44764958
4929.1000 2.50057132
4929.1500 2.55349305
4929.2000 2.60032026
4929.2500 2.566602
4929.3000 2.53288375
4929.3500 2.4991655
4929.4000 2.45868345
4929.4500 2.40017148
4929.5000 2.34165951
4929.5500 2.28314754
4929.6000 2.25696314
4929.6500 2.26627671
4929.7000 2.27559027
4929.7500 2.28490383
4929.8000 2.27960307
4929.8500 2.26748238
4929.9000 2.25536169
4929.9500 2.243241
4930.0000 2.2641433
4930.0500 2.28919475
4930.1000 2.3142462
4930.1500 2.33615426
4930.2000 2.32856623
4930.2500 2.3209782
4930.3000 2.31339017
4930.3500 2.31191088
4930.4000 2.32431213
4930.4500 2.33671339
4930.5000 2.34911464
4930.5500 2.35546777
4930.6000 2.35615382
4930.6500 2.35683987
4930.7000 2.35752593
4930.7500 2.35612134
4930.8000 2.3539368
4930.8500 2.35175226
4930.9000 2.34956772
4930.9500 2.32555641
4931.0000 2.30019365
4931.0500 2.27483089
4931.1000 2.25891184
4931.1500 2.29390684
4931.2000 2.32890183
4931.2500 2.36389682
4931.3000 2.37630689
4931.3500 2.35068758
4931.4000 2.32506828
4931.4500 2.29944897
4931.5000 2.29101232
4931.5500 2.29451077
4931.6000 2.29800922
4931.6500 2.30150767
4931.7000 2.30123946
4931.7500 2.3000819
4931.8000 2.29892433
4931.8500 2.29797076
4931.9000 2.30379016
4931.9500 2.30960956
4932.0000 2.31542896
4932.0500 2.32083699
4932.1000 2.32501651
4932.1500 2.32919604
4932.2000 2.33337557
4932.2500 2.3190802
4932.3000 2.28427094
4932.3500 2.24946168
4932.4000 2.21465242
4932.4500 2.23642816
4932.5000 2.28266119
4932.5500 2.32889421
4932.6000 2.37512724
4932.6500 2.33363824
4932.7000 2.28492914
4932.7500 2.23622004
4932.8000 2.1978646
4932.8500 2.21769458
4932.9000 2.23752457
4932.9500 2.25735455
4933.0000 2.27686298
4933.0500 2.29584576
4933.1000 2.31482853
4933.1500 2.33381131
4933.2000 2.31086387
4933.2500 2.26104101
4933.3000 2.21121815
4933.3500 2.16139529
4933.4000 2.17763808
4933.4500 2.20640578
4933.5000 2.23517348
4933.5500 2.26131003
4933.6000 2.25415025
4933.6500 2.24699046
4933.7000 2.23983067
4933.7500 2.2339439
4933.8000 2.23092783
4933.8500 2.22791176
4933.9000 2.22489569
4933.9500 2.22662073
4934.0000 2.23234294
4934.0500 2.23806514
4934.1000 2.24378735
4934.1500 2.23710309
4934.2000 2.22690524
4934.2500 2.21670738
4934.3000 2.20635735
4934.3500 2.18741493
4934.4000 2.16847252
4934.4500 2.1495301
4934.5000 2.13385749
4934.5500 2.12764378
4934.6000 2.12143007
4934.6500 2.11521637
4934.7000 2.1080797
4934.7500 2.10001171
4934.8000 2.09194372
4934.8500 2.08387573
4934.9000 2.09289159
4934.9500 2.10791061
4935.0000 2.12292963
4935.0500 2.13794865
4935.1000 2.11827571
4935.1500 2.09802395
4935.2000 2.07777219
4935.2500 2.06337333
4935.3000 2.06872712
4935.3500 2.07408091
4935.4000 2.0794347
4935.4500 2.08479674
4935.5000 2.09016788
4935.5500 2.09553902
4935.6000 2.10091016
4935.6500 2.06140529
4935.7000 2.004681
4935.7500 1.94795671
4935.8000 1.89123242
4935.8500 1.93742828
4935.9000 1.98660854
4935.9500 2.0357888
4936.0000 2.07610999
4936.0500 2.08544287
4936.1000 2.09477575
4936.1500 2.10410862
4936.2000 2.11270486
4936.2500 2.12048433
4936.3000 2.12826379
4936.3500 2.13604326
4936.4000 2.15649542
4936.4500 2.18169501
4936.5000 2.20689461
4936.5500 2.2320942
4936.6000 2.21000452
4936.6500 2.18705387
4936.7000 2.16410321
4936.7500 2.14066697
4936.8000 2.11567725
4936.8500 2.09068754
4936.9000 2.06569782
4936.9500 2.07697191
4937.0000 2.12516081
4937.0500 2.1733497
4937.1000 2.2215386
4937.1500 2.1909949
4937.2000 2.13481108
4937.2500 2.07862726
4937.3000 2.02346931
4937.3500 2.03797985
4937.4000 2.05249039
4937.4500 2.06700092
4937.5000 2.07528042
4937.5500 2.06721997
4937.6000 2.05915952
4937.6500 2.05109907
4937.7000 2.07375298
4937.7500 2.12267645
4937.8000 2.17159993
4937.8500 2.2205234
4937.9000 2.19401821
4937.9500 2.14904541
4938.0000 2.10407261
4938.0500 2.0632048
4938.1000 2.0777059
4938.1500 2.09220701
4938.2000 2.10670811
4938.2500 2.10644849
4938.3000 2.07703296
4938.3500 2.04761744
4938.4000 2.01820191
4938.4500 2.01274624
4938.5000 2.02296139
4938.5500 2.03317653
4938.6000 2.04339168
4938.6500 2.03216265
4938.7000 2.01785431
4938.7500 2.00354597
4938.8000 1.99303935
4938.8500 2.00482843
4938.9000 2.01661751
4938.9500 2.02840659
4939.0000 2.03953286
4939.0500 2.0497374
4939.1000 2.05994195
4939.1500 2.07014649
4939.2000 2.08248275
4939.2500 2.0957664
4939.3000 2.10905006
4939.3500 2.12233372
4939.4000 2.13130695
4939.4500 2.14013635
4939.5000 2.14896575
4939.5500 2.14935874
4939.6000 2.12368255
4939.6500 2.09800636
4939.7000 2.07233018
4939.7500 2.07129726
4939.8000 2.09277027
4939.8500 2.11424327
4939.9000 2.13571628
4939.9500 2.11308476
4940.0000 2.07958
4940.0500 2.04607523
4940.1000 2.01770913
4940.1500 2.04598844
4940.2000 2.07426775
4940.2500 2.10254707
4940.3000 2.11119464
4940.3500 2.08576282
4940.4000 2.06033101
4940.4500 2.0348992
4940.5000 2.02989232
4940.5500 2.03592079
4940.6000 2.04194926
4940.6500 2.04797772
4940.7000 2.0167682
4940.7500 1.98294187
4940.8000 1.94911555
4940.8500 1.93075354
4940.9000 1.96695125
4940.9500 2.00314896
4941.0000 2.03934667
4941.0500 2.06853841
4941.1000 2.09096474
4941.1500 2.11339108
4941.2000 2.13581742
4941.2500 2.10863259
4941.3000 2.06889075
4941.3500 2.02914892
4941.4000 1.99352273
4941.4500 2.00018728
4941.5000 2.00685183
4941.5500 2.01351637
4941.6000 2.03961668
4941.6500 2.09732725
4941.7000 2.15503782
4941.7500 2.2127484
4941.8000 2.21051283
4941.8500 2.17930939
4941.9000 2.14810595
4941.9500 2.11690251
4942.0000 2.0938832
4942.0500 2.07112528
4942.1000 2.04836737
4942.1500 2.03257852
4942.2000 2.03609059
4942.2500 2.03960266
4942.3000 2.04311474
4942.3500 2.04329472
4942.4000 2.04088746
4942.4500 2.0384802
4942.5000 2.03607294
4942.5500 2.04885577
4942.6000 2.06407169
4942.6500 2.07928761
4942.7000 2.09170551
4942.7500 2.0896874
4942.8000 2.08766929
4942.8500 2.08565118
4942.9000 2.09642535
4942.9500 2.12196712
4943.0000 2.14750888
4943.0500 2.17305065
4943.1000 2.1325986
4943.1500 2.07213996
4943.2000 2.01168133
4943.2500 1.95834106
4943.3000 1.99679852
4943.3500 2.03525597
4943.4000 2.07371342
4943.4500 2.08334151
4943.5000 2.04552187
4943.5500 2.00770223
4943.6000 1.96988259
4943.6500 1.9899311
4943.7000 2.03654826
4943.7500 2.08316543
4943.8000 2.12978259
4943.8500 2.11130589
4943.9000 2.09244454
4943.9500 2.07358318
4944.0000 2.06251664
4944.0500 2.06927051
4944.1000 2.07602438
4944.1500 2.08277825
4944.2000 2.09458757
4944.2500 2.10954996
4944.3000 2.12451235
4944.3500 2.13947474
4944.4000 2.10087551
4944.4500 2.05817343
4944.5000 2.01547135
4944.5500 1.99722044
4944.6000 2.05505033
4944.6500 2.11288023
4944.7000 2.17071013
4944.7500 2.17832513
4944.8000 2.14632248
4944.8500 2.11431984
4944.9000 2.0823172
4944.9500 2.04755797
4945.0000 2.01240906
4945.0500 1.97726015
4945.1000 1.9583704
4945.1500 2.00672675
4945.2000 2.05508309
4945.2500 2.10343944
4945.3000 2.14906622
4945.3500 2.19211901
4945.4000 2.23517181
4945.4500 2.2782246
4945.5000 2.27021281
4945.5500 2.25218553
4945.6000 2.23415825
4945.6500 2.21288394
4945.7000 2.17440749
4945.7500 2.13593105
4945.8000 2.0974546
4945.8500 2.09087397
4945.9000 2.11844221
4945.9500 2.14601045
4946.0000 2.1735787
4946.0500 2.14948578
4946.1000 2.11315655
4946.1500 2.07682732
4946.2000 2.05297329
4946.2500 2.10873963
4946.3000 2.16450597
4946.3500 2.2202723
4946.4000 2.22509413
4946.4500 2.17102326
4946.5000 2.1169524
4946.5500 2.06288154
4946.6000 2.05001152
4946.6500 2.04785843
4946.7000 2.04570533
4946.7500 2.04829733
4946.8000 2.08418385
4946.8500 2.12007037
4946.9000 2.15595689
4946.9500 2.15018137
4947.0000 2.09496444
4947.0500 2.03974751
4947.1000 1.98453058
4947.1500 1.98412704
4947.2000 1.99818271
4947.2500 2.01223837
4947.3000 2.02790121
4947.3500 2.05464769
4947.4000 2.08139417
4947.4500 2.10814065
4947.5000 2.12620245
4947.5500 2.13420821
4947.6000 2.14221396
4947.6500 2.15021971
4947.7000 2.09958615
4947.7500 2.03443795
4947.8000 1.96928975
4947.8500 1.91822879
4947.9000 1.95287162
4947.9500 1.98751446
4948.0000 2.02215729
4948.0500 2.05845891
4948.1000 2.09654213
4948.1500 2.13462535
4948.2000 2.17270857
4948.2500 2.14662208
4948.3000 2.10688043
4948.3500 2.06713877
4948.4000 2.03122261
4948.4500 2.01420672
4948.5000 1.99719082
4948.5500 1.98017493
4948.6000 1.98936727
4948.6500 2.02338662
4948.7000 2.05740596
4948.7500 2.0914253
4948.8000 2.07868276
4948.8500 2.05833649
4948.9000 2.03799021
4948.9500 2.02754957
4949.0000 2.05479266
4949.0500 2.08203575
4949.1000 2.10927884
4949.1500 2.11948276
4949.2000 2.1161659
4949.2500 2.11284905
4949.3000 2.10953219
4949.3500 2.06443954
4949.4000 2.01513385
4949.4500 1.96582815
4949.5000 1.94868796
4949.5500 2.02280055
4949.6000 2.09691315
4949.6500 2.17102574
4949.7000 2.19360167
4949.7500 2.18381403
4949.8000 2.1740264
4949.8500 2.16423876
4949.9000 2.17904429
4949.9500 2.1946285
4950.0000 2.21021271
4950.0500 2.20544348
4950.1000 2.15854883
4950.1500 2.11165417
4950.2000 2.06475952
4950.2500 2.03816635
4950.3000 2.02096827
4950.3500 2.0037702
4950.4000 1.98937195
4950.4500 2.03743101
4950.5000 2.08549007
4950.5500 2.13354913
4950.6000 2.15591034
4950.6500 2.14029599
4950.7000 2.12468165
4950.7500 2.10906731
4950.8000 2.08002437
4950.8500 2.04687194
4950.9000 2.01371951
4950.9500 1.97991868
4951.0000 1.94174711
4951.0500 1.90357554
4951.1000 1.86540397
4951.1500 1.871938
4951.2000 1.92424491
4951.2500 1.97655183
4951.3000 2.02885874
4951.3500 2.07017797
4951.4000 2.10971487
4951.4500 2.14925176
4951.5000 2.1799466
4951.5500 2.18073078
4951.6000 2.18151497
4951.6500 2.18229915
4951.7000 2.14045747
4951.7500 2.06987931
4951.8000 1.99930115
4951.8500 1.92872299
4951.9000 1.96378578
4951.9500 2.00235457
4952.0000 2.04092336
4952.0500 2.05682372
4952.1000 2.02869186
4952.1500 2.00056
4952.2000 1.97242813
4952.2500 2.00796991
4952.3000 2.06911173
4952.3500 2.13025355
4952.4000 2.18479391
4952.4500 2.17095522
4952.5000 2.15711653
4952.5500 2.14327784
4952.6000 2.11512345
4952.6500 2.07044909
4952.7000 2.02577472
4952.7500 1.98110035
4952.8000 2.0195261
4952.8500 2.07355868
4952.9000 2.12759127
4952.9500 2.17146651
4953.0000 2.17952397
4953.0500 2.18758143
4953.1000 2.19563888
4953.1500 2.1576575
4953.2000 2.08916094
4953.2500 2.02066437
4953.3000 1.95216781
4953.3500 1.95217858
4953.4000 1.95335535
4953.4500 1.95453212
4953.5000 1.96489109
4953.5500 1.99111786
4953.6000 2.01734463
4953.6500 2.04357141
4953.7000 2.02322221
4953.7500 1.98745196
4953.8000 1.95168172
4953.8500 1.90651305
4953.9000 1.80233315
4953.9500 1.69815325
4954.0000 1.59397335
4954.0500 1.63364213
4954.1000 1.80349929
4954.1500 1.97335645
4954.2000 2.14321361
4954.2500 2.0521674
4954.3000 1.93653523
4954.3500 1.82090306
4954.4000 1.75787213
4954.4500 1.81512467
4954.5000 1.87237721
4954.5500 1.92962975
4954.6000 1.97258624
4954.6500 2.00929994
4954.7000 2.04601363
4954.7500 2.07745845
4954.8000 2.05514401
4954.8500 2.03282957
4954.9000 2.01051513
4954.9500 2.00701359
4955.0000 2.02357758
4955.0500 2.04014157
4955.1000 2.05670556
4955.1500 2.08400208
4955.2000 2.11276296
4955.2500 2.14152384
4955.3000 2.14982448
4955.3500 2.1048305
4955.4000 2.05983652
4955.4500 2.01484253
4955.5000 2.04710176
4955.5500 2.11633739
4955.6000 2.18557302
4955.6500 2.24686748
4955.7000 2.21244166
4955.7500 2.17801584
4955.8000 2.14359002
4955.8500 2.09832814
4955.9000 2.04124872
4955.9500 1.9841693
4956.0000 1.92708987
4956.0500 1.92282048
4956.1000 1.92565117
4956.1500 1.92848186
4956.2000 1.92255303
4956.2500 1.89476251
4956.3000 1.86697199
4956.3500 1.83918146
4956.4000 1.86698523
4956.4500 1.9195269
4956.5000 1.97206857
4956.5500 2.01446517
4956.6000 1.96501732
4956.6500 1.91556946
4956.7000 1.8661216
4956.7500 1.84435187
4956.8000 1.84935517
4956.8500 1.85435848
4956.9000 1.85936179
4956.9500 1.90334816
4957.0000 1.95079017
4957.0500 1.99823218
4957.1000 2.0173193
4957.1500 1.97890485
4957.2000 1.9404904
4957.2500 1.90207595
4957.3000 1.90921694
4957.3500 1.93208491
4957.4000 1.95495288
4957.4500 1.97163885
4957.5000 1.95535609
4957.5500 1.93907334
4957.6000 1.92279058
4957.6500 1.88473025
4957.7000 1.83049827
4957.7500 1.77626628
4957.8000 1.7220343
4957.8500 1.83337113
4957.9000 1.94617048
4957.9500 2.05896982
4958.0000 2.12441449
4958.0500 2.12172947
4958.1000 2.11904444
4958.1500 2.11635941
4958.2000 2.04761167
4958.2500 1.96536052
4958.3000 1.88310936
4958.3500 1.80741563
4958.4000 1.75119145
4958.4500 1.69496727
4958.5000 1.63874309
4958.5500 1.68669143
4958.6000 1.78478913
4958.6500 1.88288683
4958.7000 1.95866199
4958.7500 1.83251989
4958.8000 1.70637779
4958.8500 1.58023569
4958.9000 1.54197666
4958.9500 1.58307528
4959.0000 1.62417389
4959.0500 1.66527251
4959.1000 1.73725428
4959.1500 1.81076402
4959.2000 1.88427375
4959.2500 1.93282505
4959.3000 1.94093924
4959.3500 1.94905342
4959.4000 1.95716761
4959.4500 1.93588217
4959.5000 1.90778449
4959.5500 1.87968682
4959.6000 1.87629689
4959.6500 1.94965517
4959.7000 2.02301345
4959.7500 2.09637173
4959.8000 1.99776946
4959.8500 1.81697925
4959.9000 1.63618904
4959.9500 1.47789077
4960.0000 1.49949969
4960.0500 1.5211086
4960.1000 1.54271752
4960.1500 1.59895848
4960.2000 1.68387215
4960.2500 1.76878582
4960.3000 1.85369949
4960.3500 1.90552632
4960.4000 1.95683023
4960.4500 2.00813414
4960.5000 2.02226183
4960.5500 1.98572943
4960.6000 1.94919702
4960.6500 1.91266461
4960.7000 1.93004575
4960.7500 1.95595098
4960.8000 1.98185622
4960.8500 1.99138268
4960.9000 1.9636123
4960.9500 1.93584192
4961.0000 1.90807153
4961.0500 1.83642954
4961.1000 1.75002615
4961.1500 1.66362277
4961.2000 1.61076519
4961.2500 1.69838126
4961.3000 1.78599734
4961.3500 1.87361342
4961.4000 1.90363354
4961.4500 1.90107734
4961.5000 1.89852115
4961.5500 1.89938136
4961.6000 1.93649218
4961.6500 1.97360299
4961.7000 2.01071381
4961.7500 2.0311959
4961.8000 2.03722241
4961.8500 2.04324893
4961.9000 2.04927544
4961.9500 1.995435
4962.0000 1.9406963
4962.0500 1.88595761
4962.1000 1.83214882
4962.1500 1.77953848
4962.2000 1.72692814
4962.2500 1.6743178
4962.3000 1.75357556
4962.3500 1.84912425
4962.4000 1.94467294
4962.4500 2.02385806
4962.5000 2.07192238
4962.5500 2.11998671
4962.6000 2.16805103
4962.6500 2.06908787
4962.7000 1.93350791
4962.7500 1.79792795
4962.8000 1.70592835
4962.8500 1.73923411
4962.9000 1.77253986
4962.9500 1.80584562
4963.0000 1.92179382
4963.0500 2.07037409
4963.1000 2.21895436
4963.1500 2.32127135
4963.2000 2.2088122
4963.2500 2.09635305
4963.3000 1.9838939
4963.3500 1.92797307
4963.4000 1.90399712
4963.4500 1.88002116
4963.5000 1.85506631
4963.5500 1.82150787
4963.6000 1.78794944
4963.6500 1.754391
4963.7000 1.79972784
4963.7500 1.90536977
4963.8000 2.01101169
4963.8500 2.11167583
4963.9000 2.0657073
4963.9500 2.01973876
4964.0000 1.97377022
4964.0500 1.98003614
4964.1000 2.03846784
4964.1500 2.09689954
4964.2000 2.15533125
4964.2500 2.18600654
4964.3000 2.21580164
4964.3500 2.24559674
4964.4000 2.19405884
4964.4500 2.03885375
4964.5000 1.88364867
4964.5500 1.72844359
4964.6000 0
4964.6500 0
4964.7000 0
