5379.0500 5.48886498
5379.1000 5.45030403
5379.1500 5.41174307
5379.2000 5.37318211
5379.2500 5.33100294
5379.3000 5.28233292
5379.3500 5.23366289
5379.4000 5.18499287
5379.4500 5.13632285
5379.5000 5.11918609
5379.5500 5.22529963
5379.6000 5.33141317
5379.6500 5.43752671
5379.7000 5.54364026
5379.7500 5.64086565
5379.8000 5.57204086
5379.8500 5.50321607
5379.9000 5.43439128
5379.9500 5.36556649
5380.0000 5.2967417
5380.0500 5.32718737
5380.1000 5.3687655
5380.1500 5.41034362
5380.2000 5.45192174
5380.2500 5.49349987
5380.3000 5.43592729
5380.3500 5.34509246
5380.4000 5.25425762
5380.4500 5.16342279
5380.5000 5.07258796
5380.5500 5.02951104
5380.6000 5.0183113
5380.6500 5.00711156
5380.7000 4.99591182
5380.7500 4.98471208
5380.8000 5.0100527
5380.8500 5.07971299
5380.9000 5.14937327
5380.9500 5.21903356
5381.0000 5.28869385
5381.0500 5.35749974
5381.1000 5.42436203
5381.1500 5.49122433
5381.2000 5.55808662
5381.2500 5.62494892
5381.3000 5.6458656
5381.3500 5.42575118
5381.4000 5.20563676
5381.4500 4.98552234
5381.5000 4.76540792
5381.5500 4.54983057
5381.6000 4.61113815
5381.6500 4.67244573
5381.7000 4.73375331
5381.7500 4.79506089
5381.8000 4.85636847
5381.8500 4.86733189
5381.9000 4.87099922
5381.9500 4.87466654
5382.0000 4.87833386
5382.0500 4.88200118
5382.1000 4.97924648
5382.1500 5.11075313
5382.2000 5.24225978
5382.2500 5.37376642
5382.3000 5.50527307
5382.3500 5.46900719
5382.4000 5.31704379
5382.4500 5.16508039
5382.5000 5.01311699
5382.5500 4.86115359
5382.6000 4.80217464
5382.6500 4.85548022
5382.7000 4.9087858
5382.7500 4.96209138
5382.8000 5.01539696
5382.8500 5.00482345
5382.9000 4.85559789
5382.9500 4.70637233
5383.0000 4.55714677
5383.0500 4.40792121
5383.1000 4.3149852
5383.1500 4.48005142
5383.2000 4.64511764
5383.2500 4.81018385
5383.3000 4.97525007
5383.3500 5.13206178
5383.4000 5.10985027
5383.4500 5.08763876
5383.5000 5.06542725
5383.5500 5.04321574
5383.6000 5.02100423
5383.6500 5.08175223
5383.7000 5.15067157
5383.7500 5.2195909
5383.8000 5.28851023
5383.8500 5.35742957
5383.9000 5.27222909
5383.9500 5.14301875
5384.0000 5.01380842
5384.0500 4.88459808
5384.1000 4.75538774
5384.1500 4.74327965
5384.2000 4.79514738
5384.2500 4.8470151
5384.3000 4.89888283
5384.3500 4.95075056
5384.4000 4.95057341
5384.4500 4.90173481
5384.5000 4.85289621
5384.5500 4.8040576
5384.6000 4.755219
5384.6500 4.73079932
5384.7000 4.74486608
5384.7500 4.75893285
5384.8000 4.77299961
5384.8500 4.78706637
5384.9000 4.79553927
5384.9500 4.78816164
5385.0000 4.78078401
5385.0500 4.77340638
5385.1000 4.76602876
5385.1500 4.76599099
5385.2000 4.81306026
5385.2500 4.86012953
5385.3000 4.9071988
5385.3500 4.95426807
5385.4000 5.00034671
5385.4500 4.94879704
5385.5000 4.89724736
5385.5500 4.84569769
5385.6000 4.79414801
5385.6500 4.74259834
5385.7000 4.77397231
5385.7500 4.81595611
5385.8000 4.85793991
5385.8500 4.89992371
5385.9000 4.94190751
5385.9500 4.91777658
5386.0000 4.873265
5386.0500 4.82875341
5386.1000 4.78424183
5386.1500 4.73973024
5386.2000 4.75110668
5386.2500 4.79344998
5386.3000 4.83579328
5386.3500 4.87813658
5386.4000 4.92047988
5386.4500 4.94098917
5386.5000 4.94165189
5386.5500 4.94231461
5386.6000 4.94297733
5386.6500 4.94364006
5386.7000 4.94929322
5386.7500 4.96226271
5386.8000 4.97523219
5386.8500 4.98820168
5386.9000 5.00117116
5386.9500 5.01023938
5387.0000 5.00968411
5387.0500 5.00912885
5387.1000 5.00857359
5387.1500 5.00801832
5387.2000 5.00649522
5387.2500 5.00033546
5387.3000 4.99417571
5387.3500 4.98801596
5387.4000 4.9818562
5387.4500 4.97851635
5387.5000 5.02079732
5387.5500 5.06307829
5387.6000 5.10535927
5387.6500 5.14764024
5387.7000 5.18992121
5387.7500 5.13466613
5387.8000 5.073737
5387.8500 5.01280788
5387.9000 4.95187875
5387.9500 4.89094962
5388.0000 4.88850574
5388.0500 4.89777661
5388.1000 4.90704748
5388.1500 4.91631835
5388.2000 4.92558922
5388.2500 4.93564241
5388.3000 4.94599607
5388.3500 4.95634973
5388.4000 4.96670339
5388.4500 4.97705704
5388.5000 4.98566325
5388.5500 4.99316711
5388.6000 5.00067097
5388.6500 5.00817484
5388.7000 5.0156787
5388.7500 5.02302953
5388.8000 5.03023045
5388.8500 5.03743137
5388.9000 5.04463229
5388.9500 5.05183321
5389.0000 5.0287513
5389.0500 4.95994233
5389.1000 4.89113336
5389.1500 4.82232439
5389.2000 4.75351542
5389.2500 4.7142576
5389.3000 4.74632259
5389.3500 4.77838758
5389.4000 4.81045257
5389.4500 4.84251756
5389.5000 4.86062206
5389.5500 4.81873848
5389.6000 4.77685489
5389.6500 4.7349713
5389.7000 4.69308772
5389.7500 4.66185928
5389.8000 4.74399929
5389.8500 4.82613929
5389.9000 4.9082793
5389.9500 4.99041931
5390.0000 5.07255932
5390.0500 5.09362699
5390.1000 5.11372237
5390.1500 5.13381776
5390.2000 5.15391315
5390.2500 5.17400854
5390.3000 5.15378471
5390.3500 5.12827208
5390.4000 5.10275945
5390.4500 5.07724682
5390.5000 5.05173419
5390.5500 4.99210265
5390.6000 4.92312858
5390.6500 4.85415451
5390.7000 4.78518044
5390.7500 4.71620637
5390.8000 4.7065951
5390.8500 4.72398807
5390.9000 4.74138104
5390.9500 4.75877401
5391.0000 4.77616698
5391.0500 4.78542209
5391.1000 4.78904348
5391.1500 4.79266487
5391.2000 4.79628626
5391.2500 4.79990765
5391.3000 4.78396774
5391.3500 4.7481348
5391.4000 4.71230187
5391.4500 4.67646893
5391.5000 4.64063599
5391.5500 4.63577827
5391.6000 4.6770041
5391.6500 4.71822992
5391.7000 4.75945575
5391.7500 4.80068158
5391.8000 4.80267984
5391.8500 4.71713412
5391.9000 4.6315884
5391.9500 4.54604268
5392.0000 4.46049695
5392.0500 4.39701077
5392.1000 4.41256476
5392.1500 4.42811874
5392.2000 4.44367272
5392.2500 4.4592267
5392.3000 4.48373902
5392.3500 4.5691428
5392.4000 4.65454659
5392.4500 4.73995037
5392.5000 4.82535416
5392.5500 4.90631524
5392.6000 4.87953584
5392.6500 4.85275644
5392.7000 4.82597705
5392.7500 4.79919765
5392.8000 4.77241825
5392.8500 4.79726942
5392.9000 4.82470965
5392.9500 4.85214989
5393.0000 4.87959012
5393.0500 4.90703035
5393.1000 4.84151068
5393.1500 4.76163056
5393.2000 4.68175045
5393.2500 4.60187033
5393.3000 4.52199021
5393.3500 4.47944373
5393.4000 4.4473397
5393.4500 4.41523566
5393.5000 4.38313163
5393.5500 4.35102759
5393.6000 4.40143318
5393.6500 4.48754373
5393.7000 4.57365427
5393.7500 4.65976482
5393.8000 4.74587536
5393.8500 4.78619952
5393.9000 4.79795706
5393.9500 4.80971461
5394.0000 4.82147215
5394.0500 4.8332297
5394.1000 4.80677277
5394.1500 4.74709172
5394.2000 4.68741068
5394.2500 4.62772963
5394.3000 4.56804858
5394.3500 4.55218714
5394.4000 4.5887377
5394.4500 4.62528825
5394.5000 4.66183881
5394.5500 4.69838936
5394.6000 4.72662669
5394.6500 4.74113105
5394.7000 4.75563541
5394.7500 4.77013976
5394.8000 4.78464412
5394.8500 4.7867341
5394.9000 4.75987202
5394.9500 4.73300993
5395.0000 4.70614784
5395.0500 4.67928575
5395.1000 4.6570526
5395.1500 4.65081564
5395.2000 4.64457867
5395.2500 4.63834171
5395.3000 4.63210475
5395.3500 4.62717275
5395.4000 4.62963237
5395.4500 4.632092
5395.5000 4.63455162
5395.5500 4.63701124
5395.6000 4.64137544
5395.6500 4.66857647
5395.7000 4.6957775
5395.7500 4.72297853
5395.8000 4.75017957
5395.8500 4.77718066
5395.9000 4.76595893
5395.9500 4.7547372
5396.0000 4.74351547
5396.0500 4.73229374
5396.1000 4.72107201
5396.1500 4.63680857
5396.2000 4.54744469
5396.2500 4.45808081
5396.3000 4.36871693
5396.3500 4.27935305
5396.4000 4.37109453
5396.4500 4.4909668
5396.5000 4.61083906
5396.5500 4.73071132
5396.6000 4.85058358
5396.6500 4.8292901
5396.7000 4.77219254
5396.7500 4.71509497
5396.8000 4.65799741
5396.8500 4.60089984
5396.9000 4.60627771
5396.9500 4.63463272
5397.0000 4.66298774
5397.0500 4.69134275
5397.1000 4.71969777
5397.1500 4.72665257
5397.2000 4.72286761
5397.2500 4.71908266
5397.3000 4.7152977
5397.3500 4.71151274
5397.4000 4.69020829
5397.4500 4.65731532
5397.5000 4.62442235
5397.5500 4.59152939
5397.6000 4.55863642
5397.6500 4.5457223
5397.7000 4.54988093
5397.7500 4.55403956
5397.8000 4.55819819
5397.8500 4.56235683
5397.9000 4.55572019
5397.9500 4.53728788
5398.0000 4.51885557
5398.0500 4.50042326
5398.1000 4.48199096
5398.1500 4.46922066
5398.2000 4.4643402
5398.2500 4.45945973
5398.3000 4.45457927
5398.3500 4.44969881
5398.4000 4.4415262
5398.4500 4.42747677
5398.5000 4.41342734
5398.5500 4.39937791
5398.6000 4.38532848
5398.6500 4.39232562
5398.7000 4.44805744
5398.7500 4.50378925
5398.8000 4.55952107
5398.8500 4.61525289
5398.9000 4.64477975
5398.9500 4.59375626
5399.0000 4.54273278
5399.0500 4.49170929
5399.1000 4.4406858
5399.1500 4.40295361
5399.2000 4.42165222
5399.2500 4.44035083
5399.3000 4.45904944
5399.3500 4.47774804
5399.4000 4.4949851
5399.4500 4.50302349
5399.5000 4.51106188
5399.5500 4.51910028
5399.6000 4.52713867
5399.6500 4.53052911
5399.7000 4.48380903
5399.7500 4.43708895
5399.8000 4.39036887
5399.8500 4.34364879
5399.9000 4.29807472
5399.9500 4.28509524
5400.0000 4.27211576
5400.0500 4.25913628
5400.1000 4.2461568
5400.1500 4.23317732
5400.2000 4.27233817
5400.2500 4.31232763
5400.3000 4.35231709
5400.3500 4.39230655
5400.4000 4.43229602
5400.4500 4.43606585
5400.5000 4.43736142
5400.5500 4.43865698
5400.6000 4.43995254
5400.6500 4.44124811
5400.7000 4.43928789
5400.7500 4.43692142
5400.8000 4.43455494
5400.8500 4.43218847
5400.9000 4.429822
5400.9500 4.426026
5401.0000 4.42196454
5401.0500 4.41790307
5401.1000 4.41384161
5401.1500 4.40978014
5401.2000 4.42876383
5401.2500 4.45354483
5401.3000 4.47832583
5401.3500 4.50310683
5401.4000 4.52788783
5401.4500 4.48949967
5401.5000 4.43071627
5401.5500 4.37193287
5401.6000 4.31314947
5401.6500 4.25436607
5401.7000 4.24144352
5401.7500 4.24687515
5401.8000 4.25230677
5401.8500 4.2577384
5401.9000 4.26317003
5401.9500 4.27345096
5402.0000 4.2860803
5402.0500 4.29870963
5402.1000 4.31133897
5402.1500 4.32396831
5402.2000 4.30954005
5402.2500 4.27953157
5402.3000 4.24952308
5402.3500 4.21951459
5402.4000 4.1895061
5402.4500 4.18665491
5402.5000 4.20215397
5402.5500 4.21765304
5402.6000 4.2331521
5402.6500 4.24865117
5402.7000 4.27843382
5402.7500 4.31942795
5402.8000 4.36042208
5402.8500 4.40141622
5402.9000 4.44241035
5402.9500 4.43735267
5403.0000 4.39063662
5403.0500 4.34392056
5403.1000 4.29720451
5403.1500 4.25048846
5403.2000 4.2416354
5403.2500 4.27200936
5403.3000 4.30238333
5403.3500 4.33275729
5403.4000 4.36313126
5403.4500 4.35731511
5403.5000 4.30877015
5403.5500 4.26022518
5403.6000 4.21168021
5403.6500 4.16313525
5403.7000 4.15841763
5403.7500 4.21243927
5403.8000 4.26646091
5403.8500 4.32048255
5403.9000 4.37450419
5403.9500 4.40168484
5404.0000 4.38815687
5404.0500 4.37462891
5404.1000 4.36110094
5404.1500 4.34757297
5404.2000 4.33307343
5404.2500 4.31691042
5404.3000 4.3007474
5404.3500 4.28458438
5404.4000 4.26842137
5404.4500 4.25765157
5404.5000 4.25728661
5404.5500 4.25692165
5404.6000 4.25655669
5404.6500 4.25619173
5404.7000 4.24818491
5404.7500 4.22358879
5404.8000 4.19899267
5404.8500 4.17439654
5404.9000 4.14980042
5404.9500 4.14138537
5405.0000 4.1724564
5405.0500 4.20352743
5405.1000 4.23459846
5405.1500 4.26566949
5405.2000 4.28563362
5405.2500 4.27515135
5405.3000 4.26466908
5405.3500 4.25418682
5405.4000 4.24370455
5405.4500 4.23239548
5405.5000 4.21854165
5405.5500 4.20468781
5405.6000 4.19083398
5405.6500 4.17698014
5405.7000 4.1702297
5405.7500 4.18802034
5405.8000 4.20581098
5405.8500 4.22360163
5405.9000 4.24139227
5405.9500 4.2498023
5406.0000 4.22184276
5406.0500 4.19388322
5406.1000 4.16592369
5406.1500 4.13796415
5406.2000 4.11971589
5406.2500 4.14371003
5406.3000 4.16770417
5406.3500 4.1916983
5406.4000 4.21569244
5406.4500 4.22565827
5406.5000 4.16719149
5406.5500 4.10872472
5406.6000 4.05025795
5406.6500 3.99179118
5406.7000 3.95845024
5406.7500 4.06246597
5406.8000 4.1664817
5406.8500 4.27049743
5406.9000 4.37451315
5406.9500 4.45183494
5407.0000 4.36581964
5407.0500 4.27980434
5407.1000 4.19378905
5407.1500 4.10777375
5407.2000 4.03714531
5407.2500 4.07169389
5407.3000 4.10624248
5407.3500 4.14079106
5407.4000 4.17533965
5407.4500 4.20330137
5407.5000 4.1811133
5407.5500 4.15892524
5407.6000 4.13673717
5407.6500 4.11454911
5407.7000 4.09760463
5407.7500 4.12493784
5407.8000 4.15227104
5407.8500 4.17960424
5407.9000 4.20693745
5407.9500 4.22762435
5408.0000 4.18643568
5408.0500 4.14524701
5408.1000 4.10405834
5408.1500 4.06286968
5408.2000 4.02797788
5408.2500 4.05720434
5408.3000 4.0864308
5408.3500 4.11565726
5408.4000 4.14488372
5408.4500 4.16947562
5408.5000 4.14298136
5408.5500 4.11648711
5408.6000 4.08999286
5408.6500 4.06349861
5408.7000 4.04061117
5408.7500 4.06021314
5408.8000 4.07981511
5408.8500 4.09941708
5408.9000 4.11901905
5408.9500 4.13755236
5409.0000 4.14283635
5409.0500 4.14812033
5409.1000 4.15340431
5409.1500 4.15868829
5409.2000 4.16367884
5409.2500 4.16490708
5409.3000 4.16613532
5409.3500 4.16736356
5409.4000 4.16859179
5409.4500 4.16953974
5409.5000 4.16684154
5409.5500 4.16414334
5409.6000 4.16144514
5409.6500 4.15874694
5409.7000 4.15244944
5409.7500 4.09958119
5409.8000 4.04671294
5409.8500 3.9938447
5409.9000 3.94097645
5409.9500 3.8953082
5410.0000 3.94050336
5410.0500 3.98569852
5410.1000 4.03089369
5410.1500 4.07608885
5410.2000 4.12007664
5410.2500 4.14947369
5410.3000 4.17887074
5410.3500 4.20826779
5410.4000 4.23766484
5410.4500 4.26273102
5410.5000 4.23849561
5410.5500 4.2142602
5410.6000 4.19002479
5410.6500 4.16578938
5410.7000 4.14345723
5410.7500 4.14125003
5410.8000 4.13904284
5410.8500 4.13683564
5410.9000 4.13462845
5410.9500 4.13043384
5411.0000 4.10694249
5411.0500 4.08345114
5411.1000 4.05995978
5411.1500 4.03646843
5411.2000 4.01558399
5411.2500 4.0177325
5411.3000 4.01988101
5411.3500 4.02202952
5411.4000 4.02417804
5411.4500 4.02681732
5411.5000 4.03337533
5411.5500 4.03993335
5411.6000 4.04649136
5411.6500 4.05304937
5411.7000 4.05841554
5411.7500 4.0552241
5411.8000 4.05203265
5411.8500 4.04884121
5411.9000 4.04564977
5411.9500 4.04204843
5412.0000 4.03580997
5412.0500 4.0295715
5412.1000 4.02333304
5412.1500 4.01709458
5412.2000 4.01091231
5412.2500 4.00505323
5412.3000 3.99919414
5412.3500 3.99333506
5412.4000 3.98747597
5412.4500 3.98625857
5412.5000 4.00886694
5412.5500 4.03147532
5412.6000 4.05408369
5412.6500 4.07669206
5412.7000 4.09006245
5412.7500 4.06115038
5412.8000 4.03223831
5412.8500 4.00332623
5412.9000 3.97441416
5412.9500 3.95728704
5413.0000 3.98823062
5413.0500 4.0191742
5413.1000 4.05011777
5413.1500 4.08106135
5413.2000 4.09944576
5413.2500 4.07219114
5413.3000 4.04493651
5413.3500 4.01768188
5413.4000 3.99042726
5413.4500 3.9742919
5413.5000 3.9941452
5413.5500 4.0139985
5413.6000 4.0338518
5413.6500 4.0537051
5413.7000 4.06454878
5413.7500 4.04942753
5413.8000 4.03430628
5413.8500 4.01918504
5413.9000 4.00406379
5413.9500 3.99209501
5414.0000 3.98821246
5414.0500 3.9843299
5414.1000 3.98044735
5414.1500 3.9765648
5414.2000 3.97182587
5414.2500 3.96513304
5414.3000 3.9584402
5414.3500 3.95174737
5414.4000 3.94505453
5414.4500 3.95005815
5414.5000 3.97877886
5414.5500 4.00749958
5414.6000 4.0362203
5414.6500 4.06494101
5414.7000 4.07130947
5414.7500 4.0374481
5414.8000 4.00358674
5414.8500 3.96972537
5414.9000 3.93586401
5414.9500 3.92770164
5415.0000 3.96052458
5415.0500 3.99334752
5415.1000 4.02617046
5415.1500 4.0589934
5415.2000 4.07267396
5415.2500 4.05936291
5415.3000 4.04605185
5415.3500 4.03274079
5415.4000 4.01942973
5415.4500 4.00933423
5415.5000 4.00323606
5415.5500 3.99713789
5415.6000 3.99103971
5415.6500 3.98494154
5415.7000 3.97864311
5415.7500 3.972126
5415.8000 3.9656089
5415.8500 3.95909179
5415.9000 3.95257469
5415.9500 3.94550026
5416.0000 3.93789372
5416.0500 3.93028717
5416.1000 3.92268063
5416.1500 3.91507408
5416.2000 3.92630543
5416.2500 3.95317306
5416.3000 3.98004069
5416.3500 4.00690832
5416.4000 4.03377594
5416.4500 4.03547425
5416.5000 4.01914332
5416.5500 4.0028124
5416.6000 3.98648148
5416.6500 3.97015055
5416.7000 3.99504959
5416.7500 4.04519889
5416.8000 4.09534819
5416.8500 4.1454975
5416.9000 4.1956468
5416.9500 4.18126059
5417.0000 4.13348914
5417.0500 4.08571769
5417.1000 4.03794624
5417.1500 3.99017479
5417.2000 3.97179264
5417.2500 3.96604988
5417.3000 3.96030712
5417.3500 3.95456436
5417.4000 3.94882161
5417.4500 3.96402703
5417.5000 3.98656163
5417.5500 4.00909623
5417.6000 4.03163083
5417.6500 4.05416544
5417.7000 4.03710112
5417.7500 4.00910688
5417.8000 3.98111264
5417.8500 3.9531184
5417.9000 3.92512416
5417.9500 3.95471711
5418.0000 3.99628077
5418.0500 4.03784443
5418.1000 4.07940809
5418.1500 4.12097175
5418.2000 4.08791817
5418.2500 4.0440539
5418.3000 4.00018963
5418.3500 3.95632535
5418.4000 3.91246108
5418.4500 3.92615624
5418.5000 3.94483359
5418.5500 3.96351094
5418.6000 3.9821883
5418.6500 4.00086565
5418.7000 4.02288085
5418.7500 4.0450044
5418.8000 4.06712795
5418.8500 4.0892515
5418.9000 4.11005759
5418.9500 4.05946963
5419.0000 4.00888166
5419.0500 3.95829369
5419.1000 3.90770573
5419.1500 3.86321519
5419.2000 3.9009762
5419.2500 3.93873721
5419.3000 3.97649821
5419.3500 4.01425922
5419.4000 4.04729604
5419.4500 4.04609445
5419.5000 4.04489286
5419.5500 4.04369127
5419.6000 4.04248968
5419.6500 4.04824304
5419.7000 4.08682471
5419.7500 4.12540638
5419.8000 4.16398805
5419.8500 4.20256972
5419.9000 4.22145356
5419.9500 4.17429255
5420.0000 4.12713154
5420.0500 4.07997052
5420.1000 4.03280951
5420.1500 3.99773573
5420.2000 3.99284052
5420.2500 3.98794531
5420.3000 3.98305009
5420.3500 3.97815488
5420.4000 3.97873808
5420.4500 3.98978843
5420.5000 4.00083877
5420.5500 4.01188911
5420.6000 4.02293945
5420.6500 4.03093626
5420.7000 4.03440013
5420.7500 4.03786401
5420.8000 4.04132789
5420.8500 4.04479177
5420.9000 4.04599251
5420.9500 4.04456592
5421.0000 4.04313934
5421.0500 4.04171276
5421.1000 4.04028617
5421.1500 4.00832615
5421.2000 3.94867142
5421.2500 3.88901669
5421.3000 3.82936196
5421.3500 3.76970723
5421.4000 3.78410479
5421.4500 3.85053389
5421.5000 3.91696299
5421.5500 3.98339209
5421.6000 4.04982119
5421.6500 4.06724692
5421.7000 4.05847329
5421.7500 4.04969965
5421.8000 4.04092602
5421.8500 4.03215239
5421.9000 4.00937077
5421.9500 3.98106699
5422.0000 3.95276321
5422.0500 3.92445943
5422.1000 3.89615565
5422.1500 3.87661165
5422.2000 3.85947785
5422.2500 3.84234406
5422.3000 3.82521026
5422.3500 3.80807647
5422.4000 3.8358409
5422.4500 3.87137107
5422.5000 3.90690125
5422.5500 3.94243142
5422.6000 3.97796159
5422.6500 3.98267653
5422.7000 3.98479185
5422.7500 3.98690716
5422.8000 3.98902248
5422.8500 3.9911378
5422.9000 3.98764846
5422.9500 3.98412077
5423.0000 3.98059308
5423.0500 3.97706539
5423.1000 3.97357291
5423.1500 3.97058224
5423.2000 3.96759157
5423.2500 3.9646009
5423.3000 3.96161024
5423.3500 3.96150019
5423.4000 3.97919723
5423.4500 3.99689428
5423.5000 4.01459133
5423.5500 4.03228837
5423.6000 4.04048023
5423.6500 4.01381818
5423.7000 3.98715614
5423.7500 3.9604941
5423.8000 3.93383206
5423.8500 3.91496493
5423.9000 3.91512097
5423.9500 3.91527701
5424.0000 3.91543306
5424.0500 3.9155891
5424.1000 3.91452598
5424.1500 3.91137253
5424.2000 3.90821908
5424.2500 3.90506563
5424.3000 3.90191217
5424.3500 3.9107697
5424.4000 3.9344591
5424.4500 3.9581485
5424.5000 3.98183791
5424.5500 4.00552731
5424.6000 3.99551363
5424.6500 3.95535599
5424.7000 3.91519834
5424.7500 3.8750407
5424.8000 3.83488305
5424.8500 3.82637535
5424.9000 3.83813386
5424.9500 3.84989236
5425.0000 3.86165087
5425.0500 3.87340938
5425.1000 3.87285154
5425.1500 3.86683102
5425.2000 3.8608105
5425.2500 3.85478998
5425.3000 3.84876946
5425.3500 3.86077324
5425.4000 3.87794394
5425.4500 3.89511465
5425.5000 3.91228535
5425.5500 3.92945606
5425.6000 3.92140686
5425.6500 3.90935432
5425.7000 3.89730177
5425.7500 3.88524923
5425.8000 3.87319669
5425.8500 3.86272544
5425.9000 3.85233715
5425.9500 3.84194885
5426.0000 3.83156055
5426.0500 3.82132382
5426.1000 3.81485603
5426.1500 3.80838825
5426.2000 3.80192046
5426.2500 3.79545267
5426.3000 3.78926453
5426.3500 3.78497279
5426.4000 3.78068106
5426.4500 3.77638932
5426.5000 3.77209759
5426.5500 3.76842482
5426.6000 3.76695025
5426.6500 3.76547568
5426.7000 3.76400111
5426.7500 3.76252653
5426.8000 3.76759623
5426.8500 3.78707936
5426.9000 3.80656248
5426.9500 3.8260456
5427.0000 3.84552872
5427.0500 3.85033651
5427.1000 3.83368771
5427.1500 3.81703891
5427.2000 3.8003901
5427.2500 3.7837413
5427.3000 3.76867853
5427.3500 3.75519289
5427.4000 3.74170726
5427.4500 3.72822162
5427.5000 3.71473598
5427.5500 3.72757451
5427.6000 3.75810858
5427.6500 3.78864265
5427.7000 3.81917672
5427.7500 3.84971079
5427.8000 3.8429363
5427.8500 3.81986302
5427.9000 3.79678974
5427.9500 3.77371646
5428.0000 3.75064318
5428.0500 3.77832193
5428.1000 3.81906661
5428.1500 3.8598113
5428.2000 3.90055599
5428.2500 3.94130067
5428.3000 3.92713083
5428.3500 3.90658129
5428.4000 3.88603174
5428.4500 3.8654822
5428.5000 3.84493266
5428.5500 3.85294971
5428.6000 3.8610262
5428.6500 3.86910269
5428.7000 3.87717918
5428.7500 3.8858002
5428.8000 3.89925303
5428.8500 3.91270587
5428.9000 3.92615871
5428.9500 3.93961155
5429.0000 3.94384114
5429.0500 3.91252002
5429.1000 3.8811989
5429.1500 3.84987778
5429.2000 3.81855666
5429.2500 3.80322804
5429.3000 3.82315477
5429.3500 3.84308151
5429.4000 3.86300825
5429.4500 3.88293499
5429.5000 3.88943787
5429.5500 3.87736357
5429.6000 3.86528926
5429.6500 3.85321496
5429.7000 3.84114065
5429.7500 3.83559212
5429.8000 3.83587124
5429.8500 3.83615036
5429.9000 3.83642948
5429.9500 3.8367086
5430.0000 3.83325136
5430.0500 3.82767765
5430.1000 3.82210393
5430.1500 3.81653022
5430.2000 3.8109565
5430.2500 3.81188644
5430.3000 3.81498576
5430.3500 3.81808509
5430.4000 3.82118442
5430.4500 3.82428375
5430.5000 3.82729586
5430.5500 3.8302941
5430.6000 3.83329233
5430.6500 3.83629057
5430.7000 3.8392888
5430.7500 3.81900847
5430.8000 3.79817778
5430.8500 3.77734709
5430.9000 3.75651641
5430.9500 3.73732449
5431.0000 3.73421868
5431.0500 3.73111288
5431.1000 3.72800707
5431.1500 3.72490127
5431.2000 3.72352798
5431.2500 3.72869735
5431.3000 3.73386672
5431.3500 3.73903609
5431.4000 3.74420546
5431.4500 3.74863155
5431.5000 3.75153227
5431.5500 3.75443299
5431.6000 3.75733371
5431.6500 3.76023443
5431.7000 3.75906549
5431.7500 3.75286697
5431.8000 3.74666844
5431.8500 3.74046991
5431.9000 3.73427139
5431.9500 3.72121137
5432.0000 3.7029377
5432.0500 3.68466404
5432.1000 3.66639037
5432.1500 3.6481167
5432.2000 3.65301296
5432.2500 3.66829109
5432.3000 3.68356922
5432.3500 3.69884735
5432.4000 3.71412548
5432.4500 3.72586693
5432.5000 3.73680169
5432.5500 3.74773644
5432.6000 3.7586712
5432.6500 3.76960595
5432.7000 3.75052097
5432.7500 3.72949692
5432.8000 3.70847286
5432.8500 3.6874488
5432.9000 3.66783918
5432.9500 3.66833008
5433.0000 3.66882098
5433.0500 3.66931188
5433.1000 3.66980279
5433.1500 3.67612821
5433.2000 3.70676896
5433.2500 3.73740971
5433.3000 3.76805047
5433.3500 3.79869122
5433.4000 3.81433749
5433.4500 3.7985058
5433.5000 3.78267411
5433.5500 3.76684241
5433.6000 3.75101072
5433.6500 3.74671707
5433.7000 3.75634726
5433.7500 3.76597746
5433.8000 3.77560765
5433.8500 3.78523784
5433.9000 3.77488113
5433.9500 3.75034609
5434.0000 3.72581104
5434.0500 3.701276
5434.1000 3.67674096
5434.1500 3.67878776
5434.2000 3.69126313
5434.2500 3.7037385
5434.3000 3.71621386
5434.3500 3.72868923
5434.4000 3.72030798
5434.4500 3.70832689
5434.5000 3.69634581
5434.5500 3.68436473
5434.6000 3.67238365
5434.6500 3.68262949
5434.7000 3.69312825
5434.7500 3.703627
5434.8000 3.71412576
5434.8500 3.72462463
5434.9000 3.73512437
5434.9500 3.74562411
5435.0000 3.75612385
5435.0500 3.76662359
5435.1000 3.76916036
5435.1500 3.74957975
5435.2000 3.72999914
5435.2500 3.71041854
5435.3000 3.69083793
5435.3500 3.67561322
5435.4000 3.66679444
5435.4500 3.65797565
5435.5000 3.64915687
5435.5500 3.64033808
5435.6000 3.64497622
5435.6500 3.66079703
5435.7000 3.67661784
5435.7500 3.69243865
5435.8000 3.70825947
5435.8500 3.71678705
5435.9000 3.72202123
5435.9500 3.72725542
5436.0000 3.7324896
5436.0500 3.73772379
5436.1000 3.73701909
5436.1500 3.73512405
5436.2000 3.73322902
5436.2500 3.73133398
5436.3000 3.72943895
5436.3500 3.72183789
5436.4000 3.71411158
5436.4500 3.70638528
5436.5000 3.69865898
5436.5500 3.69227285
5436.6000 3.69523575
5436.6500 3.69819865
5436.7000 3.70116155
5436.7500 3.70412445
5436.8000 3.70636089
5436.8500 3.70666857
5436.9000 3.70697625
5436.9500 3.70728393
5437.0000 3.70759162
5437.0500 3.71066015
5437.1000 3.71749183
5437.1500 3.72432352
5437.2000 3.73115521
5437.2500 3.73798689
5437.3000 3.7429247
5437.3500 3.74645772
5437.4000 3.74999073
5437.4500 3.75352375
5437.5000 3.75705677
5437.5500 3.77390889
5437.6000 3.79577627
5437.6500 3.81764364
5437.7000 3.83951102
5437.7500 3.8613784
5437.8000 3.84390266
5437.8500 3.82106917
5437.9000 3.79823567
5437.9500 3.77540218
5438.0000 3.75424878
5438.0500 3.77914971
5438.1000 3.80405063
5438.1500 3.82895156
5438.2000 3.85385249
5438.2500 3.86929219
5438.3000 3.8448179
5438.3500 3.82034362
5438.4000 3.79586934
5438.4500 3.77139506
5438.5000 3.76576725
5438.5500 3.79523095
5438.6000 3.82469465
5438.6500 3.85415834
5438.7000 3.88362204
5438.7500 3.8831633
5438.8000 3.85379056
5438.8500 3.82441783
5438.9000 3.79504509
5438.9500 3.76567235
5439.0000 3.75508147
5439.0500 3.7537791
5439.1000 3.75247672
5439.1500 3.75117435
5439.2000 3.74987198
5439.2500 3.75948138
5439.3000 3.77130995
5439.3500 3.78313852
5439.4000 3.79496708
5439.4500 3.80679565
5439.5000 3.82781161
5439.5500 3.84888054
5439.6000 3.86994948
5439.6500 3.89101841
5439.7000 3.9061557
5439.7500 3.88989651
5439.8000 3.87363731
5439.8500 3.85737811
5439.9000 3.84111891
5439.9500 3.82575964
5440.0000 3.81227017
5440.0500 3.7987807
5440.1000 3.78529123
5440.1500 3.77180176
5440.2000 3.77870979
5440.2500 3.80665367
5440.3000 3.83459756
5440.3500 3.86254145
5440.4000 3.89048534
5440.4500 3.89233547
5440.5000 3.88080613
5440.5500 3.86927679
5440.6000 3.85774745
5440.6500 3.84621811
5440.7000 3.85133263
5440.7500 3.85982782
5440.8000 3.868323
5440.8500 3.87681819
5440.9000 3.88528419
5440.9500 3.88285483
5441.0000 3.88042548
5441.0500 3.87799613
5441.1000 3.87556677
5441.1500 3.87164333
5441.2000 3.86070266
5441.2500 3.84976199
5441.3000 3.83882132
5441.3500 3.82788066
5441.4000 3.82323975
5441.4500 3.83030951
5441.5000 3.83737926
5441.5500 3.84444902
5441.6000 3.85151877
5441.6500 3.85983975
5441.7000 3.86929095
5441.7500 3.87874216
5441.8000 3.88819337
5441.8500 3.89764458
5441.9000 3.89852298
5441.9500 3.89576903
5442.0000 3.89301507
5442.0500 3.89026111
5442.1000 3.88750716
5442.1500 3.87481109
5442.2000 3.86076898
5442.2500 3.84672687
5442.3000 3.83268476
5442.3500 3.81874998
5442.4000 3.80648196
5442.4500 3.79421394
5442.5000 3.78194592
5442.5500 3.7696779
5442.6000 3.76351903
5442.6500 3.77653605
5442.7000 3.78955306
5442.7500 3.80257008
5442.8000 3.81558709
5442.8500 3.8266921
5442.9000 3.83520075
5442.9500 3.8437094
5443.0000 3.85221805
5443.0500 3.86072669
5443.1000 3.86810649
5443.1500 3.87475839
5443.2000 3.88141028
5443.2500 3.88806218
5443.3000 3.89471407
5443.3500 3.87222598
5443.4000 3.8421411
5443.4500 3.81205622
5443.5000 3.78197135
5443.5500 3.75188647
5443.6000 3.76223505
5443.6500 3.77341597
5443.7000 3.7845969
5443.7500 3.79577782
5443.8000 3.80549695
5443.8500 3.8079677
5443.9000 3.81043845
5443.9500 3.8129092
5444.0000 3.81537995
5444.0500 3.81424055
5444.1000 3.80660447
5444.1500 3.79896839
5444.2000 3.79133232
5444.2500 3.78369624
5444.3000 3.78037154
5444.3500 3.78060364
5444.4000 3.78083574
5444.4500 3.78106783
5444.5000 3.78129993
5444.5500 3.79074172
5444.6000 3.80341798
5444.6500 3.81609424
5444.7000 3.82877049
5444.7500 3.84144675
5444.8000 3.85852856
5444.8500 3.87592376
5444.9000 3.89331896
5444.9500 3.91071416
5445.0000 3.92356574
5445.0500 3.90559604
5445.1000 3.88762633
5445.1500 3.86965662
5445.2000 3.85168691
5445.2500 3.83676018
5445.3000 3.82816081
5445.3500 3.81956143
5445.4000 3.81096206
5445.4500 3.80236269
5445.5000 3.79408069
5445.5500 3.78608886
5445.6000 3.77809702
5445.6500 3.77010519
5445.7000 3.76211335
5445.7500 3.74668847
5445.8000 3.72839327
5445.8500 3.71009807
5445.9000 3.69180286
5445.9500 3.67350766
5446.0000 3.68188009
5446.0500 3.69251397
5446.1000 3.70314786
5446.1500 3.71378174
5446.2000 3.72250795
5446.2500 3.71770957
5446.3000 3.7129112
5446.3500 3.70811283
5446.4000 3.70331446
5446.4500 3.69600022
5446.5000 3.68350302
5446.5500 3.67100583
5446.6000 3.65850864
5446.6500 3.64601145
5446.7000 3.64661413
5446.7500 3.6587714
5446.8000 3.67092867
5446.8500 3.68308595
5446.9000 3.69524322
5446.9500 3.67956418
5447.0000 3.6539657
5447.0500 3.62836721
5447.1000 3.60276872
5447.1500 3.57717023
5447.2000 3.59748682
5447.2500 3.62049682
5447.3000 3.64350682
5447.3500 3.66651682
5447.4000 3.6838845
5447.4500 3.67008633
5447.5000 3.65628816
5447.5500 3.64248999
5447.6000 3.62869183
5447.6500 3.61991736
5447.7000 3.6199444
5447.7500 3.61997143
5447.8000 3.61999847
5447.8500 3.6200255
5447.9000 3.61815281
5447.9500 3.61487504
5448.0000 3.61159727
5448.0500 3.60831951
5448.1000 3.60504174
5448.1500 3.60523992
5448.2000 3.60637498
5448.2500 3.60751004
5448.3000 3.6086451
5448.3500 3.60977763
5448.4000 3.6095993
5448.4500 3.60942096
5448.5000 3.60924263
5448.5500 3.60906429
5448.6000 3.60953587
5448.6500 3.61234497
5448.7000 3.61515407
5448.7500 3.61796317
5448.8000 3.62077227
5448.8500 3.62680034
5448.9000 3.63701697
5448.9500 3.64723359
5449.0000 3.65745022
5449.0500 3.66766685
5449.1000 3.66929871
5449.1500 3.66636758
5449.2000 3.66343645
5449.2500 3.66050531
5449.3000 3.65757418
5449.3500 3.65807922
5449.4000 3.65908539
5449.4500 3.66009155
5449.5000 3.66109772
5449.5500 3.66145161
5449.6000 3.65551033
5449.6500 3.64956904
5449.7000 3.64362776
5449.7500 3.63768648
5449.8000 3.63530187
5449.8500 3.64060034
5449.9000 3.64589881
5449.9500 3.65119728
5450.0000 3.65649574
5450.0500 3.66058739
5450.1000 3.66365257
5450.1500 3.66671775
5450.2000 3.66978293
5450.2500 3.6728481
5450.3000 3.68452537
5450.3500 3.69883785
5450.4000 3.71315033
5450.4500 3.72746281
5450.5000 3.7417753
5450.5500 3.74511331
5450.6000 3.74836747
5450.6500 3.75162163
5450.7000 3.75487578
5450.7500 3.75881621
5450.8000 3.76518243
5450.8500 3.77154866
5450.9000 3.77791489
5450.9500 3.78428111
5451.0000 3.78777149
5451.0500 3.78774708
5451.1000 3.78772268
5451.1500 3.78769827
5451.2000 3.78767387
5451.2500 3.7908796
5451.3000 3.79559918
5451.3500 3.80031875
5451.4000 3.80503833
5451.4500 3.8097579
5451.5000 3.83242253
5451.5500 3.85679366
5451.6000 3.8811648
5451.6500 3.90553593
5451.7000 3.92377806
5451.7500 3.9064046
5451.8000 3.88903114
5451.8500 3.87165768
5451.9000 3.85428421
5451.9500 3.84768286
5452.0000 3.85851806
5452.0500 3.86935326
5452.1000 3.88018846
5452.1500 3.89102366
5452.2000 3.89316334
5452.2500 3.88993527
5452.3000 3.8867072
5452.3500 3.88347913
5452.4000 3.88025106
5452.4500 3.87583501
5452.5000 3.87121935
5452.5500 3.8666037
5452.6000 3.86198804
5452.6500 3.85772741
5452.7000 3.85683424
5452.7500 3.85594107
5452.8000 3.8550479
5452.8500 3.85415473
5452.9000 3.84962518
5452.9500 3.83790902
5453.0000 3.82619285
5453.0500 3.81447669
5453.1000 3.80276053
5453.1500 3.80278317
5453.2000 3.81137651
5453.2500 3.81996985
5453.3000 3.82856318
5453.3500 3.83715652
5453.4000 3.82916398
5453.4500 3.81756503
5453.5000 3.80596608
5453.5500 3.79436714
5453.6000 3.78438989
5453.6500 3.79729099
5453.7000 3.81019209
5453.7500 3.8230932
5453.8000 3.8359943
5453.8500 3.8386904
5453.9000 3.81892288
5453.9500 3.79915536
5454.0000 3.77938784
5454.0500 3.75962032
5454.1000 3.75505425
5454.1500 3.76243405
5454.2000 3.76981384
5454.2500 3.77719364
5454.3000 3.78457343
5454.3500 3.81010853
5454.4000 3.83993171
5454.4500 3.8697549
5454.5000 3.89957808
5454.5500 3.92592864
5454.6000 3.89720025
5454.6500 3.86847185
5454.7000 3.83974346
5454.7500 3.81101506
5454.8000 3.79113613
5454.8500 3.79085576
5454.9000 3.79057539
5454.9500 3.79029501
5455.0000 3.79001464
5455.0500 3.78900881
5455.1000 3.78744269
5455.1500 3.78587657
5455.2000 3.78431046
5455.2500 3.78274434
5455.3000 3.79100711
5455.3500 3.80144509
5455.4000 3.81188307
5455.4500 3.82232105
5455.5000 3.83002209
5455.5500 3.80384433
5455.6000 3.77766657
5455.6500 3.75148881
5455.7000 3.72531104
5455.7500 3.70802916
5455.8000 3.7086383
5455.8500 3.70924745
5455.9000 3.70985659
5455.9500 3.71046573
5456.0000 3.70713691
5456.0500 3.70108109
5456.1000 3.69502527
5456.1500 3.68896944
5456.2000 3.68291362
5456.2500 3.67769753
5456.3000 3.67262848
5456.3500 3.66755943
5456.4000 3.66249038
5456.4500 3.66135569
5456.5000 3.69124847
5456.5500 3.72114124
5456.6000 3.75103402
5456.6500 3.78092679
5456.7000 3.79354663
5456.7500 3.7774364
5456.8000 3.76132616
5456.8500 3.74521592
5456.9000 3.72910568
5456.9500 3.72114591
5457.0000 3.71777449
5457.0500 3.71440307
5457.1000 3.71103165
5457.1500 3.70766023
5457.2000 3.71805368
5457.2500 3.72988279
5457.3000 3.7417119
5457.3500 3.753541
5457.4000 3.7619766
5457.4500 3.75415482
5457.5000 3.74633303
5457.5500 3.73851125
5457.6000 3.73068946
5457.6500 3.71639081
5457.7000 3.69388983
5457.7500 3.67138885
5457.8000 3.64888787
5457.8500 3.62638688
5457.9000 3.62283333
5457.9500 3.62697513
5458.0000 3.63111693
5458.0500 3.63525874
5458.1000 3.63940054
5458.1500 3.65259021
5458.2000 3.66594101
5458.2500 3.67929181
5458.3000 3.6926426
5458.3500 3.70561709
5458.4000 3.71749358
5458.4500 3.72937007
5458.5000 3.74124656
5458.5500 3.75312305
5458.6000 3.75939286
5458.6500 3.76067839
5458.7000 3.76196392
5458.7500 3.76324945
5458.8000 3.76453499
5458.8500 3.77393453
5458.9000 3.7853005
5458.9500 3.79666647
5459.0000 3.80803244
5459.0500 3.81825956
5459.1000 3.81571517
5459.1500 3.81317079
5459.2000 3.8106264
5459.2500 3.80808202
5459.3000 3.80718254
5459.3500 3.80920457
5459.4000 3.81122661
5459.4500 3.81324864
5459.5000 3.81527067
5459.5500 3.82715899
5459.6000 3.84459786
5459.6500 3.86203673
5459.7000 3.87947561
5459.7500 3.89691448
5459.8000 3.89836445
5459.8500 3.89844523
5459.9000 3.89852601
5459.9500 3.8986068
5460.0000 3.9050518
5460.0500 3.93637897
5460.1000 3.96770615
5460.1500 3.99903332
5460.2000 4.0303605
5460.2500 4.07613564
5460.3000 4.1370912
5460.3500 4.19804676
5460.4000 4.25900232
5460.4500 4.31995788
5460.5000 4.33286729
5460.5500 4.33166781
5460.6000 4.33046833
5460.6500 4.32926885
5460.7000 4.32721766
5460.7500 4.3117697
5460.8000 4.29632175
5460.8500 4.28087379
5460.9000 4.26542583
5460.9500 4.24404552
5461.0000 4.21154817
5461.0500 4.17905081
5461.1000 4.14655346
5461.1500 4.1140561
5461.2000 4.10706983
5461.2500 4.11458785
5461.3000 4.12210587
5461.3500 4.12962389
5461.4000 4.13714191
5461.4500 4.11639348
5461.5000 4.09346899
5461.5500 4.0705445
5461.6000 4.04762002
5461.6500 4.02775412
5461.7000 4.01867485
5461.7500 4.00959558
5461.8000 4.00051631
5461.8500 3.99143705
5461.9000 3.97174261
5461.9500 3.94203988
5462.0000 3.91233716
5462.0500 3.88263443
5462.1000 3.85293171
5462.1500 3.85812619
5462.2000 3.87151063
5462.2500 3.88489507
5462.3000 3.89827951
5462.3500 3.90780833
5462.4000 3.88500202
5462.4500 3.8621957
5462.5000 3.83938939
5462.5500 3.81658308
5462.6000 3.80535707
5462.6500 3.81117524
5462.7000 3.81699341
5462.7500 3.82281158
5462.8000 3.82862975
5462.8500 3.82863709
5462.9000 3.82620114
5462.9500 3.82376518
5463.0000 3.82132922
5463.0500 3.81888978
5463.1000 3.8157325
5463.1500 3.81257523
5463.2000 3.80941795
5463.2500 3.80626068
5463.3000 3.79953285
5463.3500 3.78474815
5463.4000 3.76996346
5463.4500 3.75517877
5463.5000 3.74039407
5463.5500 3.73104779
5463.6000 3.72516772
5463.6500 3.71928765
5463.7000 3.71340759
5463.7500 3.70752752
5463.8000 3.70306467
5463.8500 3.69873211
5463.9000 3.69439955
5463.9500 3.69006699
5464.0000 3.69192008
5464.0500 3.71541479
5464.1000 3.7389095
5464.1500 3.76240421
5464.2000 3.78589892
5464.2500 3.80474312
5464.3000 3.81946622
5464.3500 3.83418932
5464.4000 3.84891241
5464.4500 3.86363551
5464.5000 3.85389459
5464.5500 3.83947576
5464.6000 3.82505692
5464.6500 3.81063809
5464.7000 3.79651035
5464.7500 3.78402972
5464.8000 3.77154908
5464.8500 3.75906845
5464.9000 3.74658782
5464.9500 3.73596459
5465.0000 3.72750156
5465.0500 3.71903854
5465.1000 3.71057552
5465.1500 3.7021125
5465.2000 3.69765448
5465.2500 3.69435353
5465.3000 3.69105258
5465.3500 3.68775163
5465.4000 3.68598462
5465.4500 3.69957713
5465.5000 3.71316965
5465.5500 3.72676216
5465.6000 3.74035467
5465.6500 3.74018656
5465.7000 3.71998271
5465.7500 3.69977885
5465.8000 3.679575
5465.8500 3.65937114
5465.9000 3.66428743
5465.9500 3.67873498
5466.0000 3.69318254
5466.0500 3.7076301
5466.1000 3.72163611
5466.1500 3.72607753
5466.2000 3.73051894
5466.2500 3.73496035
5466.3000 3.73940177
5466.3500 3.74769347
5466.4000 3.76269138
5466.4500 3.77768929
5466.5000 3.7926872
5466.5500 3.80768512
5466.6000 3.80761757
5466.6500 3.80067813
5466.7000 3.79373869
5466.7500 3.78679926
5466.8000 3.78006303
5466.8500 3.79308065
5466.9000 3.80609826
5466.9500 3.81911587
5467.0000 3.83213348
5467.0500 3.83925202
5467.1000 3.8346621
5467.1500 3.83007217
5467.2000 3.82548224
5467.2500 3.82089231
5467.3000 3.81157446
5467.3500 3.79983505
5467.4000 3.78809564
5467.4500 3.77635622
5467.5000 3.76461681
5467.5500 3.76944682
5467.6000 3.77446154
5467.6500 3.77947626
5467.7000 3.78449098
5467.7500 3.7928224
5467.8000 3.80826461
5467.8500 3.82370683
5467.9000 3.83914904
5467.9500 3.85459126
5468.0000 3.869744
5468.0500 3.88473991
5468.1000 3.89973581
5468.1500 3.91473172
5468.2000 3.92972762
5468.2500 3.89939604
5468.3000 3.86816381
5468.3500 3.83693158
5468.4000 3.80569936
5468.4500 3.78680208
5468.5000 3.79486987
5468.5500 3.80293767
5468.6000 3.81100547
5468.6500 3.81907327
5468.7000 3.82286746
5468.7500 3.82434664
5468.8000 3.82582581
5468.8500 3.82730498
5468.9000 3.82878415
5468.9500 3.83796798
5469.0000 3.84727057
5469.0500 3.85657317
5469.1000 3.86587577
5469.1500 3.86679286
5469.2000 3.85008764
5469.2500 3.83338243
5469.3000 3.81667722
5469.3500 3.799972
5469.4000 3.78717201
5469.4500 3.77637087
5469.5000 3.76556972
5469.5500 3.75476858
5469.6000 3.74399553
5469.6500 3.74806914
5469.7000 3.75214274
5469.7500 3.75621635
5469.8000 3.76028996
5469.8500 3.76427022
5469.9000 3.76807227
5469.9500 3.77187432
5470.0000 3.77567638
5470.0500 3.77947843
5470.1000 3.78594012
5470.1500 3.79361335
5470.2000 3.80128658
5470.2500 3.8089598
5470.3000 3.81615426
5470.3500 3.80874307
5470.4000 3.80133189
5470.4500 3.79392071
5470.5000 3.78650953
5470.5500 3.78175554
5470.6000 3.78137645
5470.6500 3.78099737
5470.7000 3.78061828
5470.7500 3.78023919
5470.8000 3.77842172
5470.8500 3.77605977
5470.9000 3.77369783
5470.9500 3.77133588
5471.0000 3.77025339
5471.0500 3.78509263
5471.1000 3.79993187
5471.1500 3.81477111
5471.2000 3.82961034
5471.2500 3.83871442
5471.3000 3.84005193
5471.3500 3.84138944
5471.4000 3.84272695
5471.4500 3.84406446
5471.5000 3.84493691
5471.5500 3.84567556
5471.6000 3.84641421
5471.6500 3.84715287
5471.7000 3.84827493
5471.7500 3.8519669
5471.8000 3.85565888
5471.8500 3.85935085
5471.9000 3.86304282
5471.9500 3.86098909
5472.0000 3.85282168
5472.0500 3.84465426
5472.1000 3.83648684
5472.1500 3.82831942
5472.2000 3.81875005
5472.2500 3.80891477
5472.3000 3.79907948
5472.3500 3.7892442
5472.4000 3.78420137
5472.4500 3.79856077
5472.5000 3.81292017
5472.5500 3.82727957
5472.6000 3.84163897
5472.6500 3.83271455
5472.7000 3.80527267
5472.7500 3.77783078
5472.8000 3.7503889
5472.8500 3.72294701
5472.9000 3.72135116
5472.9500 3.72208331
5473.0000 3.72281545
5473.0500 3.72354759
5473.1000 3.72591587
5473.1500 3.73250905
5473.2000 3.73910223
5473.2500 3.74569541
5473.3000 3.75228858
5473.3500 3.75626938
5473.4000 3.75879574
5473.4500 3.7613221
5473.5000 3.76384846
5473.5500 3.76634826
5473.6000 3.76508025
5473.6500 3.76381225
5473.7000 3.76254425
5473.7500 3.76127625
5473.8000 3.75921187
5473.8500 3.75580918
5473.9000 3.75240648
5473.9500 3.74900379
5474.0000 3.74560109
5474.0500 3.73410629
5474.1000 3.7197765
5474.1500 3.70544671
5474.2000 3.69111691
5474.2500 3.67783903
5474.3000 3.67311825
5474.3500 3.66839747
5474.4000 3.66367669
5474.4500 3.65895591
5474.5000 3.65430465
5474.5500 3.64972876
5474.6000 3.64515287
5474.6500 3.64057698
5474.7000 3.63600109
5474.7500 3.64628066
5474.8000 3.65914915
5474.8500 3.67201765
5474.9000 3.68488615
5474.9500 3.69369524
5475.0000 3.68850513
5475.0500 3.68331501
5475.1000 3.6781249
5475.1500 3.67293479
5475.2000 3.67250351
5475.2500 3.67525245
5475.3000 3.67800138
5475.3500 3.68075032
5475.4000 3.68349926
5475.4500 3.69317628
5475.5000 3.70302745
5475.5500 3.71287861
5475.6000 3.72272978
5475.6500 3.73533326
5475.7000 3.752982
5475.7500 3.77063074
5475.8000 3.78827947
5475.8500 3.80592821
5475.9000 3.78433778
5475.9500 3.74837311
5476.0000 3.71240844
5476.0500 3.67644376
5476.1000 3.64380875
5476.1500 3.63750924
5476.2000 3.63120974
5476.2500 3.62491023
5476.3000 3.61861072
5476.3500 3.61260965
5476.4000 3.60691422
5476.4500 3.6012188
5476.5000 3.59552338
5476.5500 3.58982795
5476.6000 3.58716569
5476.6500 3.58492791
5476.7000 3.58269013
5476.7500 3.58045235
5476.8000 3.57670191
5476.8500 3.56868796
5476.9000 3.56067401
5476.9500 3.55266006
5477.0000 3.54464611
5477.0500 3.53551677
5477.1000 3.52578142
5477.1500 3.51604607
5477.2000 3.50631071
5477.2500 3.49734751
5477.3000 3.50938499
5477.3500 3.52142248
5477.4000 3.53345997
5477.4500 3.54549745
5477.5000 3.5530698
5477.5500 3.55458635
5477.6000 3.55610291
5477.6500 3.55761946
5477.7000 3.55913601
5477.7500 3.56496112
5477.8000 3.57176567
5477.8500 3.57857022
5477.9000 3.58537476
5477.9500 3.58861555
5478.0000 3.5781695
5478.0500 3.56772345
5478.1000 3.5572774
5478.1500 3.54683135
5478.2000 3.53577567
5478.2500 3.52431328
5478.3000 3.51285089
5478.3500 3.50138849
5478.4000 3.4899261
5478.4500 3.50634764
5478.5000 3.52292321
5478.5500 3.53949879
5478.6000 3.55607436
5478.6500 3.56732223
5478.7000 3.57025865
5478.7500 3.57319507
5478.8000 3.57613149
5478.8500 3.57906791
5478.9000 3.56386687
5478.9500 3.54379099
5479.0000 3.52371512
5479.0500 3.50363924
5479.1000 3.48912461
5479.1500 3.49876483
5479.2000 3.50840505
5479.2500 3.51804528
5479.3000 3.5276855
5479.3500 3.51862781
5479.4000 3.49644526
5479.4500 3.47426272
5479.5000 3.45208017
5479.5500 3.42989763
5479.6000 3.45983486
5479.6500 3.49032953
5479.7000 3.5208242
5479.7500 3.55131887
5479.8000 3.57056436
5479.8500 3.57241392
5479.9000 3.57426348
5479.9500 3.57611304
5480.0000 3.5779626
5480.0500 3.56443398
5480.1000 3.54699903
5480.1500 3.52956408
5480.2000 3.51212913
5480.2500 3.50200517
5480.3000 3.52047851
5480.3500 3.53895184
5480.4000 3.55742517
5480.4500 3.57589851
5480.5000 3.58320884
5480.5500 3.58341826
5480.6000 3.58362768
5480.6500 3.5838371
5480.7000 3.58384619
5480.7500 3.57416113
5480.8000 3.56447606
5480.8500 3.554791
5480.9000 3.54510593
5480.9500 3.55117396
5481.0000 3.57806221
5481.0500 3.60495046
5481.1000 3.6318387
5481.1500 3.65872695
5481.2000 3.66438445
5481.2500 3.66607734
5481.3000 3.66777024
5481.3500 3.66946313
5481.4000 3.6690312
5481.4500 3.66242409
5481.5000 3.65581698
5481.5500 3.64920988
5481.6000 3.64260277
5481.6500 3.62957085
5481.7000 3.61338593
5481.7500 3.59720102
5481.8000 3.5810161
5481.8500 3.56640805
5481.9000 3.56833954
5481.9500 3.57027104
5482.0000 3.57220254
5482.0500 3.57413404
5482.1000 3.58085387
5482.1500 3.59227248
5482.2000 3.60369108
5482.2500 3.61510969
5482.3000 3.62652829
5482.3500 3.63619896
5482.4000 3.64572554
5482.4500 3.65525211
5482.5000 3.66477868
5482.5500 3.67397366
5482.6000 3.68253742
5482.6500 3.69110118
5482.7000 3.69966494
5482.7500 3.7082287
5482.8000 3.70547487
5482.8500 3.69927149
5482.9000 3.69306811
5482.9500 3.68686473
5483.0000 3.67828949
5483.0500 3.65959272
5483.1000 3.64089595
5483.1500 3.62219918
5483.2000 3.60350241
5483.2500 3.60377261
5483.3000 3.61592969
5483.3500 3.62808676
5483.4000 3.64024384
5483.4500 3.65132146
5483.5000 3.63719279
5483.5500 3.62306411
5483.6000 3.60893544
5483.6500 3.59480676
5483.7000 3.59607008
5483.7500 3.61477135
5483.8000 3.63347262
5483.8500 3.6521739
5483.9000 3.67087517
5483.9500 3.66957256
5484.0000 3.66599922
5484.0500 3.66242587
5484.1000 3.65885253
5484.1500 3.65540068
5484.2000 3.65219695
5484.2500 3.64899322
5484.3000 3.64578948
5484.3500 3.64258575
5484.4000 3.63706664
5484.4500 3.63081965
5484.5000 3.62457265
5484.5500 3.61832566
5484.6000 3.61206365
5484.6500 3.6057394
5484.7000 3.59941514
5484.7500 3.59309088
5484.8000 3.58676662
5484.8500 3.58954388
5484.9000 3.59768093
5484.9500 3.60581798
5485.0000 3.61395504
5485.0500 3.62256789
5485.1000 3.63793477
5485.1500 3.65330164
5485.2000 3.66866851
5485.2500 3.68403539
5485.3000 3.6795063
5485.3500 3.65537343
5485.4000 3.63124055
5485.4500 3.60710768
5485.5000 3.58297481
5485.5500 3.59762627
5485.6000 3.61462067
5485.6500 3.63161506
5485.7000 3.64860946
5485.7500 3.66052357
5485.8000 3.66428157
5485.8500 3.66803958
5485.9000 3.67179758
5485.9500 3.67555558
5486.0000 3.66687822
5486.0500 3.65558201
5486.1000 3.64428581
5486.1500 3.63298961
5486.2000 3.62467087
5486.2500 3.62441397
5486.3000 3.62415707
5486.3500 3.62390018
5486.4000 3.62364328
5486.4500 3.62451986
5486.5000 3.6258486
5486.5500 3.62717735
5486.6000 3.6285061
5486.6500 3.62945521
5486.7000 3.62843192
5486.7500 3.62740864
5486.8000 3.62638536
5486.8500 3.62536208
5486.9000 3.63317347
5486.9500 3.64664686
5487.0000 3.66012024
5487.0500 3.67359363
5487.1000 3.6846693
5487.1500 3.65743225
5487.2000 3.63019521
5487.2500 3.60295816
5487.3000 3.57572111
5487.3500 3.57560146
5487.4000 3.60155509
5487.4500 3.62750873
5487.5000 3.65346236
5487.5500 3.67941599
5487.6000 3.6857314
5487.6500 3.69127496
5487.7000 3.69681853
5487.7500 3.70236209
5487.8000 3.70387913
5487.8500 3.69974357
5487.9000 3.69560801
5487.9500 3.69147246
5488.0000 3.6873369
5488.0500 3.68312076
5488.1000 3.67889271
5488.1500 3.67466466
5488.2000 3.67043662
5488.2500 3.65970373
5488.3000 3.63564323
5488.3500 3.61158273
5488.4000 3.58752223
5488.4500 3.56346173
5488.5000 3.56764369
5488.5500 3.57950774
5488.6000 3.59137179
5488.6500 3.60323584
5488.7000 3.61265557
5488.7500 3.6145746
5488.8000 3.61649362
5488.8500 3.61841264
5488.9000 3.62033166
5488.9500 3.62177339
5489.0000 3.62301718
5489.0500 3.62426096
5489.1000 3.62550474
5489.1500 3.62691982
5489.2000 3.62917485
5489.2500 3.63142988
5489.3000 3.63368491
5489.3500 3.63593994
5489.4000 3.64544096
5489.4500 3.65913643
5489.5000 3.67283191
5489.5500 3.68652738
5489.6000 3.69758438
5489.6500 3.68457463
5489.7000 3.67156487
5489.7500 3.65855511
5489.8000 3.64554536
5489.8500 3.63800279
5489.9000 3.63465771
5489.9500 3.63131264
5490.0000 3.62796756
5490.0500 3.62444337
5490.1000 3.61583433
5490.1500 3.60722529
5490.2000 3.59861625
5490.2500 3.59000721
5490.3000 3.58533598
5490.3500 3.58454276
5490.4000 3.58374954
5490.4500 3.58295633
5490.5000 3.58216311
5490.5500 3.58171161
5490.6000 3.58126885
5490.6500 3.58082609
5490.7000 3.58038333
5490.7500 3.57684511
5490.8000 3.56948945
5490.8500 3.56213379
5490.9000 3.55477813
5490.9500 3.54742247
5491.0000 3.55884905
5491.0500 3.57186586
5491.1000 3.58488267
5491.1500 3.59789948
5491.2000 3.60567066
5491.2500 3.60549287
5491.3000 3.60531508
5491.3500 3.60513729
5491.4000 3.6049595
5491.4500 3.60378947
5491.5000 3.60247722
5491.5500 3.60116497
5491.6000 3.59985272
5491.6500 3.59845119
5491.7000 3.59688615
5491.7500 3.59532111
5491.8000 3.59375607
5491.8500 3.59219103
5491.9000 3.59312198
5491.9500 3.59455278
5492.0000 3.59598359
5492.0500 3.59741439
5492.1000 3.60402674
5492.1500 3.62192799
5492.2000 3.63982924
5492.2500 3.65773049
5492.3000 3.67563174
5492.3500 3.66684274
5492.4000 3.65127656
5492.4500 3.63571038
5492.5000 3.6201442
5492.5500 3.60958505
5492.6000 3.61178305
5492.6500 3.61398105
5492.7000 3.61617904
5492.7500 3.61837704
5492.8000 3.62174357
5492.8500 3.62546374
5492.9000 3.6291839
5492.9500 3.63290406
5493.0000 3.6330546
5493.0500 3.62277403
5493.1000 3.61249347
5493.1500 3.6022129
5493.2000 3.59193233
5493.2500 3.58474867
5493.3000 3.5786323
5493.3500 3.57251593
5493.4000 3.56639955
5493.4500 3.56182995
5493.5000 3.56232663
5493.5500 3.5628233
5493.6000 3.56331998
5493.6500 3.56381665
5493.7000 3.56527926
5493.7500 3.56710724
5493.8000 3.56893522
5493.8500 3.5707632
5493.9000 3.5702773
5493.9500 3.56152388
5494.0000 3.55277046
5494.0500 3.54401704
5494.1000 3.53526362
5494.1500 3.53889536
5494.2000 3.54750625
5494.2500 3.55611713
5494.3000 3.56472801
5494.3500 3.57340224
5494.4000 3.58231581
5494.4500 3.59122938
5494.5000 3.60014295
5494.5500 3.60905652
5494.6000 3.60408956
5494.6500 3.59336455
5494.7000 3.58263955
5494.7500 3.57191455
5494.8000 3.56335413
5494.8500 3.56314881
5494.9000 3.56294349
5494.9500 3.56273817
5495.0000 3.56253285
5495.0500 3.57436089
5495.1000 3.59119535
5495.1500 3.60802981
5495.2000 3.62486427
5495.2500 3.63642975
5495.3000 3.62794272
5495.3500 3.61945569
5495.4000 3.61096866
5495.4500 3.60248163
5495.5000 3.59282441
5495.5500 3.58269255
5495.6000 3.57256068
5495.6500 3.56242882
5495.7000 3.55571697
5495.7500 3.5613998
5495.8000 3.56708263
5495.8500 3.57276545
5495.9000 3.57844828
5495.9500 3.58469282
5496.0000 3.59115306
5496.0500 3.59761331
5496.1000 3.60407355
5496.1500 3.60663912
5496.2000 3.59618682
5496.2500 3.58573452
5496.3000 3.57528223
5496.3500 3.56482993
5496.4000 3.5694093
5496.4500 3.57928395
5496.5000 3.58915861
5496.5500 3.59903327
5496.6000 3.60128215
5496.6500 3.58067453
5496.7000 3.5600669
5496.7500 3.53945927
5496.8000 3.51885164
5496.8500 3.5254221
5496.9000 3.54046662
5496.9500 3.55551114
5497.0000 3.57055567
5497.0500 3.57993875
5497.1000 3.57446487
5497.1500 3.56899099
5497.2000 3.56351711
5497.2500 3.55804323
5497.3000 3.55489463
5497.3500 3.55236045
5497.4000 3.54982627
5497.4500 3.54729209
5497.5000 3.55149553
5497.5500 3.57086982
5497.6000 3.5902441
5497.6500 3.60961839
5497.7000 3.62899267
5497.7500 3.62408875
5497.8000 3.61405428
5497.8500 3.60401981
5497.9000 3.59398533
5497.9500 3.59030281
5498.0000 3.59867878
5498.0500 3.60705475
5498.1000 3.61543072
5498.1500 3.62380669
5498.2000 3.62255621
5498.2500 3.61981572
5498.3000 3.61707522
5498.3500 3.61433473
5498.4000 3.61197035
5498.4500 3.61019832
5498.5000 3.60842629
5498.5500 3.60665426
5498.6000 3.60488222
5498.6500 3.60341879
5498.7000 3.60198504
5498.7500 3.60055128
5498.8000 3.59911753
5498.8500 3.58486603
5498.9000 3.55414155
5498.9500 3.52341707
5499.0000 3.49269259
5499.0500 3.46196811
5499.1000 3.4806497
5499.1500 3.50115384
5499.2000 3.52165799
5499.2500 3.54216213
5499.3000 3.55391946
5499.3500 3.55667121
5499.4000 3.55942296
5499.4500 3.56217471
5499.5000 3.56463497
5499.5500 3.55441511
5499.6000 3.54419525
5499.6500 3.53397538
5499.7000 3.52375552
5499.7500 3.51210082
5499.8000 3.49928959
5499.8500 3.48647837
5499.9000 3.47366714
5499.9500 3.46121023
5500.0000 3.45249981
5500.0500 3.44378939
5500.1000 3.43507898
5500.1500 3.42636856
5500.2000 3.43075611
5500.2500 3.44315195
5500.3000 3.45554779
5500.3500 3.46794364
5500.4000 3.47717725
5500.4500 3.46933037
5500.5000 3.4614835
5500.5500 3.45363663
5500.6000 3.44578975
5500.6500 3.43559002
5500.7000 3.42434959
5500.7500 3.41310917
5500.8000 3.40186874
5500.8500 3.39426721
5500.9000 3.39871711
5500.9500 3.403167
5501.0000 3.4076169
5501.0500 3.4120668
5501.1000 3.4312416
5501.1500 3.45476568
5501.2000 3.47828976
5501.2500 3.50181384
5501.3000 3.51151402
5501.3500 3.49094483
5501.4000 3.47037565
5501.4500 3.44980646
5501.5000 3.42923728
5501.5500 3.43451183
5501.6000 3.44411548
5501.6500 3.45371914
5501.7000 3.46332279
5501.7500 3.46985278
5501.8000 3.47179154
5501.8500 3.47373029
5501.9000 3.47566905
5501.9500 3.4776078
5502.0000 3.4618592
5502.0500 3.44511995
5502.1000 3.42838069
5502.1500 3.41164143
5502.2000 3.40384344
5502.2500 3.40518954
5502.3000 3.40653564
5502.3500 3.40788173
5502.4000 3.40990035
5502.4500 3.4267784
5502.5000 3.44365646
5502.5500 3.46053451
5502.6000 3.47741256
5502.6500 3.481879
5502.7000 3.47785084
5502.7500 3.47382268
5502.8000 3.46979453
5502.8500 3.4630264
5502.9000 3.44017191
5502.9500 3.41731741
5503.0000 3.39446291
5503.0500 3.37160841
5503.1000 3.37000072
5503.1500 3.37754774
5503.2000 3.38509477
5503.2500 3.39264179
5503.3000 3.40227994
5503.3500 3.41807003
5503.4000 3.43386011
5503.4500 3.4496502
5503.5000 3.46544028
5503.5500 3.45846083
5503.6000 3.44613942
5503.6500 3.433818
5503.7000 3.42149659
5503.7500 3.41148203
5503.8000 3.40543372
5503.8500 3.39938542
5503.9000 3.39333711
5503.9500 3.38728881
5504.0000 3.38962589
5504.0500 3.3926235
5504.1000 3.39562111
5504.1500 3.39861872
5504.2000 3.40666908
5504.2500 3.42002699
5504.3000 3.4333849
5504.3500 3.44674281
5504.4000 3.45890232
5504.4500 3.44824549
5504.5000 3.43758866
5504.5500 3.42693183
5504.6000 3.416275
5504.6500 3.41223937
5504.7000 3.41237359
5504.7500 3.41250782
5504.8000 3.41264204
5504.8500 3.41253268
5504.9000 3.41130406
5504.9500 3.41007544
5505.0000 3.40884683
5505.0500 3.40761821
5505.1000 3.40410998
5505.1500 3.39982304
5505.2000 3.39553609
5505.2500 3.39124914
5505.3000 3.39181263
5505.3500 3.40299767
5505.4000 3.41418271
5505.4500 3.42536775
5505.5000 3.43655279
5505.5500 3.42025733
5505.6000 3.40032404
5505.6500 3.38039074
5505.7000 3.36045745
5505.7500 3.36143878
5505.8000 3.38755498
5505.8500 3.41367117
5505.9000 3.43978736
5505.9500 3.46485973
5506.0000 3.45193762
5506.0500 3.43901551
5506.1000 3.4260934
5506.1500 3.41317129
5506.2000 3.42497669
5506.2500 3.45321348
5506.3000 3.48145027
5506.3500 3.50968707
5506.4000 3.52571178
5506.4500 3.48468248
5506.5000 3.44365319
5506.5500 3.40262389
5506.6000 3.36159459
5506.6500 3.35656829
5506.7000 3.36333178
5506.7500 3.37009527
5506.8000 3.37685877
5506.8500 3.38252406
5506.9000 3.38597778
5506.9500 3.38943149
5507.0000 3.39288521
5507.0500 3.39633892
5507.1000 3.40979659
5507.1500 3.42422221
5507.2000 3.43864784
5507.2500 3.45307346
5507.3000 3.45848053
5507.3500 3.45462167
5507.4000 3.45076281
5507.4500 3.44690395
5507.5000 3.44190384
5507.5500 3.42306348
5507.6000 3.40422311
5507.6500 3.38538275
5507.7000 3.36654238
5507.7500 3.35981367
5507.8000 3.35930755
5507.8500 3.35880144
5507.9000 3.35829532
5507.9500 3.35585864
5508.0000 3.34752103
5508.0500 3.33918342
5508.1000 3.33084581
5508.1500 3.3225082
5508.2000 3.33460574
5508.2500 3.35077338
5508.3000 3.36694103
5508.3500 3.38310868
5508.4000 3.39270329
5508.4500 3.39332411
5508.5000 3.39394492
5508.5500 3.39456574
5508.6000 3.39515007
5508.6500 3.3929971
5508.7000 3.39084413
5508.7500 3.38869117
5508.8000 3.3865382
5508.8500 3.38331273
5508.9000 3.37938707
5508.9500 3.3754614
5509.0000 3.37153573
5509.0500 3.3669267
5509.1000 3.3595558
5509.1500 3.3521849
5509.2000 3.34481399
5509.2500 3.33744309
5509.3000 3.34891327
5509.3500 3.36529634
5509.4000 3.3816794
5509.4500 3.39806246
5509.5000 3.40555232
5509.5500 3.39910249
5509.6000 3.39265266
5509.6500 3.38620282
5509.7000 3.37975299
5509.7500 3.35228091
5509.8000 3.32453825
5509.8500 3.29679559
5509.9000 3.26905294
5509.9500 3.26505111
5510.0000 3.27778153
5510.0500 3.29051196
5510.1000 3.30324238
5510.1500 3.31160231
5510.2000 3.30100629
5510.2500 3.29041026
5510.3000 3.27981424
5510.3500 3.26921822
5510.4000 3.26861184
5510.4500 3.27066686
5510.5000 3.27272188
5510.5500 3.2747769
5510.6000 3.28661662
5510.6500 3.31354459
5510.7000 3.34047256
5510.7500 3.36740053
5510.8000 3.3943285
5510.8500 3.36367753
5510.9000 3.33294781
5510.9500 3.30221809
5511.0000 3.27148837
5511.0500 3.26541345
5511.1000 3.27541049
5511.1500 3.28540753
5511.2000 3.29540457
5511.2500 3.30574912
5511.3000 3.31737312
5511.3500 3.32899711
5511.4000 3.34062111
5511.4500 3.3522451
5511.5000 3.34455209
5511.5500 3.33271366
5511.6000 3.32087524
5511.6500 3.30903681
5511.7000 3.30267053
5511.7500 3.30342545
5511.8000 3.30418037
5511.8500 3.30493529
5511.9000 3.30567278
5511.9500 3.30605863
5512.0000 3.30644449
5512.0500 3.30683034
5512.1000 3.3072162
5512.1500 3.29833963
5512.2000 3.28472166
5512.2500 3.27110369
5512.3000 3.25748572
5512.3500 3.25290829
5512.4000 3.2719151
5512.4500 3.29092191
5512.5000 3.30992872
5512.5500 3.32893553
5512.6000 3.32652888
5512.6500 3.32159091
5512.7000 3.31665294
5512.7500 3.31171497
5512.8000 3.29229816
5512.8500 3.25913394
5512.9000 3.22596972
5512.9500 3.1928055
5513.0000 3.16650368
5513.0500 3.18488928
5513.1000 3.20327488
5513.1500 3.22166048
5513.2000 3.24004608
5513.2500 3.24567709
5513.3000 3.24716427
5513.3500 3.24865146
5513.4000 3.25013864
5513.4500 3.25925597
5513.5000 3.28093224
5513.5500 3.3026085
5513.6000 3.32428477
5513.6500 3.34588596
5513.7000 3.33848667
5513.7500 3.33108738
5513.8000 3.32368809
5513.8500 3.3162888
5513.9000 3.30396094
5513.9500 3.28872265
5514.0000 3.27348436
5514.0500 3.25824608
5514.1000 3.25049762
5514.1500 3.264475
5514.2000 3.27845238
5514.2500 3.29242976
5514.3000 3.30640714
5514.3500 3.30401564
5514.4000 3.29950751
5514.4500 3.29499938
5514.5000 3.29049124
5514.5500 3.28506095
5514.6000 3.27876613
5514.6500 3.27247131
5514.7000 3.26617648
5514.7500 3.26121348
5514.8000 3.26390194
5514.8500 3.2665904
5514.9000 3.26927886
5514.9500 3.27196732
5515.0000 3.27381361
5515.0500 3.27542497
5515.1000 3.27703634
5515.1500 3.2786477
5515.2000 3.26754711
5515.2500 3.23867426
5515.3000 3.2098014
5515.3500 3.18092854
5515.4000 3.15476468
5515.4500 3.17641379
5515.5000 3.1980629
5515.5500 3.219712
5515.6000 3.24136111
5515.6500 3.24739946
5515.7000 3.24648111
5515.7500 3.24556275
5515.8000 3.24464439
5515.8500 3.24727294
5515.9000 3.25705888
5515.9500 3.26684482
5516.0000 3.27663076
5516.0500 3.2864167
5516.1000 3.27128976
5516.1500 3.25545749
5516.2000 3.23962522
5516.2500 3.22379295
5516.3000 3.24506085
5516.3500 3.28954608
5516.4000 3.33403131
5516.4500 3.37851653
5516.5000 3.4101808
5516.5500 3.4052015
5516.6000 3.4002222
5516.6500 3.39524291
5516.7000 3.39026361
5516.7500 3.36957568
5516.8000 3.3472351
5516.8500 3.32489452
5516.9000 3.30255394
5516.9500 3.30630086
5517.0000 3.33122688
5517.0500 3.3561529
5517.1000 3.38107892
5517.1500 3.3981657
5517.2000 3.38400047
5517.2500 3.36983524
5517.3000 3.35567001
5517.3500 3.34150478
5517.4000 3.32178576
5517.4500 3.30109167
5517.5000 3.28039758
5517.5500 3.25970349
5517.6000 3.27592564
5517.6500 3.3287303
5517.7000 3.38153496
5517.7500 3.43433962
5517.8000 3.47230216
5517.8500 3.42959124
5517.9000 3.38688032
5517.9500 3.3441694
5518.0000 3.30145847
5518.0500 3.30197773
5518.1000 3.31263666
5518.1500 3.3232956
5518.2000 3.33395453
5518.2500 3.35404709
5518.3000 3.38494399
5518.3500 3.41584089
5518.4000 3.44673779
5518.4500 3.4721743
5518.5000 3.45895136
5518.5500 3.44572841
5518.6000 3.43250547
5518.6500 3.41928252
5518.7000 3.41638577
5518.7500 3.41635262
5518.8000 3.41631946
5518.8500 3.41628631
5518.9000 3.40898603
5518.9500 3.39256807
5519.0000 3.37615011
5519.0500 3.35973215
5519.1000 3.34565264
5519.1500 3.35136501
5519.2000 3.35707739
5519.2500 3.36278977
5519.3000 3.36850215
5519.3500 3.37087112
5519.4000 3.37223752
5519.4500 3.37360392
5519.5000 3.37497031
5519.5500 3.37662514
5519.6000 3.37865542
5519.6500 3.3806857
5519.7000 3.38271598
5519.7500 3.38446299
5519.8000 3.38369169
5519.8500 3.3829204
5519.9000 3.3821491
5519.9500 3.38137781
5520.0000 3.37926721
5520.0500 3.37675491
5520.1000 3.37424261
5520.1500 3.37173031
5520.2000 3.36156322
5520.2500 3.34161151
5520.3000 3.32165981
5520.3500 3.3017081
5520.4000 3.2851625
5520.4500 3.2961447
5520.5000 3.30712691
5520.5500 3.31810911
5520.6000 3.32909131
5520.6500 3.32418265
5520.7000 3.3148645
5520.7500 3.30554635
5520.8000 3.2962282
5520.8500 3.30391163
5520.9000 3.33179821
5520.9500 3.35968478
5521.0000 3.38757136
5521.0500 3.40906255
5521.1000 3.38874307
5521.1500 3.36842359
5521.2000 3.34810411
5521.2500 3.32778463
5521.3000 3.32295161
5521.3500 3.32175431
5521.4000 3.320557
5521.4500 3.3193597
5521.5000 3.31044851
5521.5500 3.29346283
5521.6000 3.27647714
5521.6500 3.25949146
5521.7000 3.25180511
5521.7500 3.28991087
5521.8000 3.32801662
5521.8500 3.36612238
5521.9000 3.40422814
5521.9500 3.38553722
5522.0000 3.35686471
5522.0500 3.3281922
5522.1000 3.29951969
5522.1500 3.29007202
5522.2000 3.29741703
5522.2500 3.30476204
5522.3000 3.31210704
5522.3500 3.31472951
5522.4000 3.30046218
5522.4500 3.28619485
5522.5000 3.27192752
5522.5500 3.25766019
5522.6000 3.27126447
5522.6500 3.28780237
5522.7000 3.30434026
5522.7500 3.32087816
5522.8000 3.32232262
5522.8500 3.31338796
5522.9000 3.30445331
5522.9500 3.29551865
5523.0000 3.29170142
5523.0500 3.30092545
5523.1000 3.31014948
5523.1500 3.31937351
5523.2000 3.32859753
5523.2500 3.32424573
5523.3000 3.31951157
5523.3500 3.31477741
5523.4000 3.31004325
5523.4500 3.29244539
5523.5000 3.26836471
5523.5500 3.24428402
5523.6000 3.22020334
5523.6500 3.21505184
5523.7000 3.24373911
5523.7500 3.27242638
5523.8000 3.30111366
5523.8500 3.32775786
5523.9000 3.31864718
5523.9500 3.3095365
5524.0000 3.30042583
5524.0500 3.29131515
5524.1000 3.27385794
5524.1500 3.25363178
5524.2000 3.23340562
5524.2500 3.21317945
5524.3000 3.20226996
5524.3500 3.20278222
5524.4000 3.20329449
5524.4500 3.20380675
5524.5000 3.20372184
5524.5500 3.20022927
5524.6000 3.19673669
5524.6500 3.19324412
5524.7000 3.18975155
5524.7500 3.20504816
5524.8000 3.22364763
5524.8500 3.24224711
5524.9000 3.26084658
5524.9500 3.26889316
5525.0000 3.26842313
5525.0500 3.2679531
5525.1000 3.26748307
5525.1500 3.25923222
5525.2000 3.22858079
5525.2500 3.19792936
5525.3000 3.16727793
5525.3500 3.1366265
5525.4000 3.13701885
5525.4500 3.13857961
5525.5000 3.14014037
5525.5500 3.14170112
5525.6000 3.1552715
5525.6500 3.17472584
5525.7000 3.19418018
5525.7500 3.21363451
5525.8000 3.22727174
5525.8500 3.231423
5525.9000 3.23557427
5525.9500 3.23972553
5526.0000 3.24092412
5526.0500 3.21248549
5526.1000 3.18404686
5526.1500 3.15560823
5526.2000 3.12716961
5526.2500 3.12976726
5526.3000 3.13999871
5526.3500 3.15023017
5526.4000 3.16046163
5526.4500 3.16290401
5526.5000 3.15804325
5526.5500 3.15318249
5526.6000 3.14832173
5526.6500 3.14295238
5526.7000 3.1358911
5526.7500 3.12882982
5526.8000 3.12176854
5526.8500 3.11470726
5526.9000 3.10803218
5526.9500 3.10137843
5527.0000 3.09472467
5527.0500 3.08807092
5527.1000 3.10041855
5527.1500 3.12230701
5527.2000 3.14419547
5527.2500 3.16608393
5527.3000 3.1726911
5527.3500 3.15491972
5527.4000 3.13714834
5527.4500 3.11937696
5527.5000 3.10429196
5527.5500 3.11176666
5527.6000 3.11924136
5527.6500 3.12671606
5527.7000 3.13419076
5527.7500 3.11610047
5527.8000 3.09273779
5527.8500 3.06937512
5527.9000 3.04601244
5527.9500 3.02406761
5528.0000 3.00326808
5528.0500 2.98246856
5528.1000 2.96166904
5528.1500 2.95349208
5528.2000 2.97796352
5528.2500 3.00243495
5528.3000 3.02690639
5528.3500 3.05122642
5528.4000 3.05047037
5528.4500 3.04971431
5528.5000 3.04895826
5528.5500 3.04820221
5528.6000 3.04954457
5528.6500 3.05164466
5528.7000 3.05374474
5528.7500 3.05584483
5528.8000 3.04877167
5528.8500 3.03114105
5528.9000 3.01351043
5528.9500 2.9958798
5529.0000 2.98018709
5529.0500 2.97241031
5529.1000 2.96463354
5529.1500 2.95685677
5529.2000 2.94907999
5529.2500 2.94758959
5529.3000 2.94657287
5529.3500 2.94555615
5529.4000 2.94453943
5529.4500 2.94279797
5529.5000 2.94069095
5529.5500 2.93858393
5529.6000 2.93647691
5529.6500 2.94121936
5529.7000 2.95619217
5529.7500 2.97116497
5529.8000 2.98613778
5529.8500 2.99836949
5529.9000 2.99360227
5529.9500 2.98883505
5530.0000 2.98406784
5530.0500 2.97930062
5530.1000 2.98200167
5530.1500 2.98573835
5530.2000 2.98947503
5530.2500 2.99321171
5530.3000 3.00304473
5530.3500 3.01662856
5530.4000 3.03021239
5530.4500 3.04379623
5530.5000 3.04776001
5530.5500 3.03473255
5530.6000 3.02170509
5530.6500 3.00867763
5530.7000 2.99727348
5530.7500 2.99964281
5530.8000 3.00201213
5530.8500 3.00438145
5530.9000 3.00675077
5530.9500 2.99943265
5531.0000 2.99041686
5531.0500 2.98140107
5531.1000 2.97238528
5531.1500 2.97365286
5531.2000 2.98183718
5531.2500 2.9900215
5531.3000 2.99820581
5531.3500 3.0026434
5531.4000 3.00001065
5531.4500 2.99737791
5531.5000 2.99474516
5531.5500 2.99251485
5531.6000 2.99405654
5531.6500 2.99559823
5531.7000 2.99713991
5531.7500 2.9986816
5531.8000 2.99543572
5531.8500 2.99133144
5531.9000 2.98722717
5531.9500 2.98312289
5532.0000 2.98283875
5532.0500 2.98509025
5532.1000 2.98734174
5532.1500 2.98959324
5532.2000 2.99954627
5532.2500 3.02345183
5532.3000 3.04735738
5532.3500 3.07126293
5532.4000 3.09146006
5532.4500 3.08219652
5532.5000 3.07293298
5532.5500 3.06366944
5532.6000 3.0544059
5532.6500 3.06141042
5532.7000 3.07085715
5532.7500 3.08030388
5532.8000 3.08975061
5532.8500 3.09206168
5532.9000 3.090158
5532.9500 3.08825433
5533.0000 3.08635065
5533.0500 3.08335859
5533.1000 3.07865986
5533.1500 3.07396112
5533.2000 3.06926239
5533.2500 3.06805757
5533.3000 3.08639794
5533.3500 3.10473831
5533.4000 3.12307868
5533.4500 3.14141905
5533.5000 3.12012498
5533.5500 3.09516968
5533.6000 3.07021438
5533.6500 3.04525908
5533.7000 3.03438087
5533.7500 3.03010432
5533.8000 3.02582777
5533.8500 3.02155122
5533.9000 3.02568303
5533.9500 3.04019205
5534.0000 3.05470106
5534.0500 3.06921008
5534.1000 3.08454745
5534.1500 3.10289191
5534.2000 3.12123638
5534.2500 3.13958085
5534.3000 3.15792531
5534.3500 3.15137186
5534.4000 3.14446183
5534.4500 3.13755179
5534.5000 3.13064176
5534.5500 3.14184857
5534.6000 3.15886088
5534.6500 3.17587318
5534.7000 3.19288549
5534.7500 3.1833889
5534.8000 3.15041178
5534.8500 3.11743465
5534.9000 3.08445753
5534.9500 3.05706958
5535.0000 3.04243005
5535.0500 3.02779053
5535.1000 3.013151
5535.1500 3.0001241
5535.2000 3.00543571
5535.2500 3.01074732
5535.3000 3.01605894
5535.3500 3.02137055
5535.4000 3.01811072
5535.4500 3.01343692
5535.5000 3.00876313
5535.5500 3.00408934
5535.6000 3.00065993
5535.6500 2.99793812
5535.7000 2.9952163
5535.7500 2.99249449
5535.8000 3.00168361
5535.8500 3.02744768
5535.9000 3.05321174
5535.9500 3.0789758
5536.0000 3.09735541
5536.0500 3.08625333
5536.1000 3.07515126
5536.1500 3.06404919
5536.2000 3.05294711
5536.2500 3.04283454
5536.3000 3.03273805
5536.3500 3.02264157
5536.4000 3.01254508
5536.4500 2.9991216
5536.5000 2.98470012
5536.5500 2.97027865
5536.6000 2.95585718
5536.6500 2.95484855
5536.7000 2.9645499
5536.7500 2.97425126
5536.8000 2.98395262
5536.8500 2.98503192
5536.9000 2.9696934
5536.9500 2.95435488
5537.0000 2.93901636
5537.0500 2.92527461
5537.1000 2.92183636
5537.1500 2.91839811
5537.2000 2.91495985
5537.2500 2.9115216
5537.3000 2.91707594
5537.3500 2.92335351
5537.4000 2.92963108
5537.4500 2.93590864
5537.5000 2.92875649
5537.5500 2.91634224
5537.6000 2.90392799
5537.6500 2.89151374
5537.7000 2.88831095
5537.7500 2.89385493
5537.8000 2.89939891
5537.8500 2.90494289
5537.9000 2.91237188
5537.9500 2.92401755
5538.0000 2.93566322
5538.0500 2.94730889
5538.1000 2.95546573
5538.1500 2.93434146
5538.2000 2.91321718
5538.2500 2.89209291
5538.3000 2.87096863
5538.3500 2.89794787
5538.4000 2.92994526
5538.4500 2.96194265
5538.5000 2.99394005
5538.5500 2.97698588
5538.6000 2.93966091
5538.6500 2.90233593
5538.7000 2.86501096
5538.7500 2.85341547
5538.8000 2.86671002
5538.8500 2.88000456
5538.9000 2.89329911
5538.9500 2.90602863
5539.0000 2.91751208
5539.0500 2.92899552
5539.1000 2.94047897
5539.1500 2.95349409
5539.2000 2.97804557
5539.2500 3.00259705
5539.3000 3.02714854
5539.3500 3.05170002
5539.4000 3.0291963
5539.4500 3.00282081
5539.5000 2.97644532
5539.5500 2.95006983
5539.6000 2.95578158
5539.6500 2.97322421
5539.7000 2.99066684
5539.7500 3.00810947
5539.8000 3.00534171
5539.8500 2.98550481
5539.9000 2.96566791
5539.9500 2.94583101
5540.0000 2.95074281
5540.0500 3.00091211
5540.1000 3.05108142
5540.1500 3.10125072
5540.2000 3.13888334
5540.2500 3.1137362
5540.3000 3.08858906
5540.3500 3.06344192
5540.4000 3.03829477
5540.4500 3.0305087
5540.5000 3.02306019
5540.5500 3.01561167
5540.6000 3.00816315
5540.6500 3.00024383
5540.7000 2.99220455
5540.7500 2.98416526
5540.8000 2.97612598
5540.8500 2.97354509
5540.9000 2.97438842
5540.9500 2.97523175
5541.0000 2.97607508
5541.0500 2.97568049
5541.1000 2.97366888
5541.1500 2.97165727
5541.2000 2.96964565
5541.2500 2.97332713
5541.3000 2.99370703
5541.3500 3.01408694
5541.4000 3.03446684
5541.4500 3.05474199
5541.5000 3.07375148
5541.5500 3.09276097
5541.6000 3.11177046
5541.6500 3.13077995
5541.7000 3.12389163
5541.7500 3.11413142
5541.8000 3.1043712
5541.8500 3.09461098
5541.9000 3.07799107
5541.9500 3.05877515
5542.0000 3.03955922
5542.0500 3.0203433
5542.1000 3.02704222
5542.1500 3.05474971
5542.2000 3.08245719
5542.2500 3.11016468
5542.3000 3.12271899
5542.3500 3.11061773
5542.4000 3.09851647
5542.4500 3.0864152
5542.5000 3.07125329
5542.5500 3.04461659
5542.6000 3.01797989
5542.6500 2.99134319
5542.7000 2.96619928
5542.7500 2.9750829
5542.8000 2.98396651
5542.8500 2.99285013
5542.9000 3.00173374
5542.9500 3.0159651
5543.0000 3.03096018
5543.0500 3.04595526
5543.1000 3.06095034
5543.1500 3.05402175
5543.2000 3.03812057
5543.2500 3.0222194
5543.3000 3.00631822
5543.3500 3.01280401
5543.4000 3.0379277
5543.4500 3.0630514
5543.5000 3.08817509
5543.5500 3.10430865
5543.6000 3.10598038
5543.6500 3.10765211
5543.7000 3.10932385
5543.7500 3.10333856
5543.8000 3.07060302
5543.8500 3.03786749
5543.9000 3.00513196
5543.9500 2.97591814
5544.0000 2.99882859
5544.0500 3.02173903
5544.1000 3.04464948
5544.1500 3.06755993
5544.2000 3.02847736
5544.2500 2.98293135
5544.3000 2.93738535
5544.3500 2.89183935
5544.4000 2.89284636
5544.4500 2.90941839
5544.5000 2.92599042
5544.5500 2.94256246
5544.6000 2.93672512
5544.6500 2.91562312
5544.7000 2.89452112
5544.7500 2.87341911
5544.8000 2.86537379
5544.8500 2.87382736
5544.9000 2.88228093
5544.9500 2.89073451
5545.0000 2.89441663
5545.0500 2.88643181
5545.1000 2.87844698
5545.1500 2.87046215
5545.2000 2.86617381
5545.2500 2.88453462
5545.3000 2.90289543
5545.3500 2.92125624
5545.4000 2.93961705
5545.4500 2.9202278
5545.5000 2.90053042
5545.5500 2.88083304
5545.6000 2.86113567
5545.6500 2.87049145
5545.7000 2.8851744
5545.7500 2.89985734
5545.8000 2.91454028
5545.8500 2.91255687
5545.9000 2.90342231
5545.9500 2.89428774
5546.0000 2.88515317
5546.0500 2.87427291
5546.1000 2.86199863
5546.1500 2.84972435
5546.2000 2.83745007
5546.2500 2.83355893
5546.3000 2.84154313
5546.3500 2.84952733
5546.4000 2.85751153
5546.4500 2.8564301
5546.5000 2.8312271
5546.5500 2.8060241
5546.6000 2.78082109
5546.6500 2.76102203
5546.7000 2.77612351
5546.7500 2.79122499
5546.8000 2.80632647
5546.8500 2.82142795
5546.9000 2.84081734
5546.9500 2.86022159
5547.0000 2.87962585
5547.0500 2.89903011
5547.1000 2.88790636
5547.1500 2.87183608
5547.2000 2.85576581
5547.2500 2.83969554
5547.3000 2.84628729
5547.3500 2.86142613
5547.4000 2.87656497
5547.4500 2.8917038
5547.5000 2.83339863
5547.5500 2.72474077
5547.6000 2.61608292
5547.6500 2.50742507
5547.7000 2.50481021
5547.7500 2.62570919
5547.8000 2.74660817
5547.8500 2.86750715
5547.9000 2.95294092
5547.9500 2.96707669
5548.0000 2.98121246
5548.0500 2.99534823
5548.1000 2.99856122
5548.1500 2.9591489
5548.2000 2.91973658
5548.2500 2.88032425
5548.3000 2.84426386
5548.3500 2.84819606
5548.4000 2.85212825
5548.4500 2.85606045
5548.5000 2.85999265
5548.5500 2.88112414
5548.6000 2.90311826
5548.6500 2.92511238
5548.7000 2.9471065
5548.7500 2.94104374
5548.8000 2.9291816
5548.8500 2.91731946
5548.9000 2.90545732
5548.9500 2.86788524
5549.0000 2.8196443
5549.0500 2.77140336
5549.1000 2.72316242
5549.1500 2.7188218
5549.2000 2.74545659
5549.2500 2.77209138
5549.3000 2.79872617
5549.3500 2.81396514
5549.4000 2.81622112
5549.4500 2.81847711
5549.5000 2.82073309
5549.5500 2.82943591
5549.6000 2.85010377
5549.6500 2.87077163
5549.7000 2.89143949
5549.7500 2.9036729
5549.8000 2.88835788
5549.8500 2.87304287
5549.9000 2.85772786
5549.9500 2.84485618
5550.0000 2.84986534
5550.0500 2.8548745
5550.1000 2.85988366
5550.1500 2.86496519
5550.2000 2.87950445
5550.2500 2.89404372
5550.3000 2.90858298
5550.3500 2.92312225
5550.4000 2.89005407
5550.4500 2.85149137
5550.5000 2.81292867
5550.5500 2.77436597
5550.6000 2.78195179
5550.6500 2.80202574
5550.7000 2.82209969
5550.7500 2.84217364
5550.8000 2.82544154
5550.8500 2.79131577
5550.9000 2.75719001
5550.9500 2.72306424
5551.0000 2.72043119
5551.0500 2.74129528
5551.1000 2.76215938
5551.1500 2.78302347
5551.2000 2.80771341
5551.2500 2.83675447
5551.3000 2.86579553
5551.3500 2.89483659
5551.4000 2.90816909
5551.4500 2.89412838
5551.5000 2.88008766
5551.5500 2.86604695
5551.6000 2.85683949
5551.6500 2.86118129
5551.7000 2.8655231
5551.7500 2.86986491
5551.8000 2.87428422
5551.8500 2.87910212
5551.9000 2.88392002
5551.9500 2.88873792
5552.0000 2.89430935
5552.0500 2.91086023
5552.1000 2.92741111
5552.1500 2.943962
5552.2000 2.96051288
5552.2500 2.89045099
5552.3000 2.81745342
5552.3500 2.74445586
5552.4000 2.67145829
5552.4500 2.72177736
5552.5000 2.79023458
5552.5500 2.8586918
5552.6000 2.92714902
5552.6500 2.92682241
5552.7000 2.90685672
5552.7500 2.88689102
5552.8000 2.86692532
5552.8500 2.87127313
5552.9000 2.88677146
5552.9500 2.90226979
5553.0000 2.91776811
5553.0500 2.9157326
5553.1000 2.90175403
5553.1500 2.88777546
5553.2000 2.8737969
5553.2500 2.84383235
5553.3000 2.79823907
5553.3500 2.75264579
5553.4000 2.70705251
5553.4500 2.69495155
5553.5000 2.72947722
5553.5500 2.7640029
5553.6000 2.79852858
5553.6500 2.8327194
5553.7000 2.86623642
5553.7500 2.89975344
5553.8000 2.93327046
5553.8500 2.94950885
5553.9000 2.91321204
5553.9500 2.87691522
5554.0000 2.8406184
5554.0500 2.81174141
5554.1000 2.82052868
5554.1500 2.82931595
5554.2000 2.83810322
5554.2500 2.84598551
5554.3000 2.8438991
5554.3500 2.84181268
5554.4000 2.83972626
5554.4500 2.83764782
5554.5000 2.8378757
5554.5500 2.83810359
5554.6000 2.83833148
5554.6500 2.83855937
5554.7000 2.81467803
5554.7500 2.7888483
5554.8000 2.76301857
5554.8500 2.73718884
5554.9000 2.75103188
5554.9500 2.77195407
5555.0000 2.79287626
5555.0500 2.81379844
5555.1000 2.82622131
5555.1500 2.83615539
5555.2000 2.84608947
5555.2500 2.85602356
5555.3000 2.85710622
5555.3500 2.85439529
5555.4000 2.85168437
5555.4500 2.84897344
5555.5000 2.83508691
5555.5500 2.81458195
5555.6000 2.79407699
5555.6500 2.77357203
5555.7000 2.76051646
5555.7500 2.75336925
5555.8000 2.74622203
5555.8500 2.73907481
5555.9000 2.74097958
5555.9500 2.75234799
5556.0000 2.7637164
5556.0500 2.77508482
5556.1000 2.77380778
5556.1500 2.75518614
5556.2000 2.73656449
5556.2500 2.71794284
5556.3000 2.69638192
5556.3500 2.66950379
5556.4000 2.64262566
5556.4500 2.61574753
5556.5000 2.60833033
5556.5500 2.64811982
5556.6000 2.68790932
5556.6500 2.72769881
5556.7000 2.74553804
5556.7500 2.68963981
5556.8000 2.63374158
5556.8500 2.57784335
5556.9000 2.54004937
5556.9500 2.59162549
5557.0000 2.64320162
5557.0500 2.69477774
5557.1000 2.74589354
5557.1500 2.79324971
5557.2000 2.84060589
5557.2500 2.88796206
5557.3000 2.93142282
5557.3500 2.9028211
5557.4000 2.87421937
5557.4500 2.84561764
5557.5000 2.81701592
5557.5500 2.84222611
5557.6000 2.86770348
5557.6500 2.89318085
5557.7000 2.91865822
5557.7500 2.89612925
5557.8000 2.87055822
5557.8500 2.8449872
5557.9000 2.81941618
5557.9500 2.83573219
5558.0000 2.85736678
5558.0500 2.87900137
5558.1000 2.90063596
5558.1500 2.88314556
5558.2000 2.85797036
5558.2500 2.83279516
5558.3000 2.80761996
5558.3500 2.84801749
5558.4000 2.90627863
5558.4500 2.96453976
5558.5000 3.02280089
5558.5500 2.97358626
5558.6000 2.88612716
5558.6500 2.79866806
5558.7000 2.71120897
5558.7500 2.74495531
5558.8000 2.83296011
5558.8500 2.9209649
5558.9000 3.0089697
5558.9500 3.02769513
5559.0000 3.00838491
5559.0500 2.98907468
5559.1000 2.96976446
5559.1500 2.91748079
5559.2000 2.84339238
5559.2500 2.76930397
5559.3000 2.69521556
5559.3500 2.66403405
5559.4000 2.6665793
5559.4500 2.66912456
5559.5000 2.67166981
5559.5500 2.67448588
5559.6000 2.6775525
5559.6500 2.68061912
5559.7000 2.68368575
5559.7500 2.70543857
5559.8000 2.74739182
5559.8500 2.78934507
5559.9000 2.83129832
5559.9500 2.84001759
5560.0000 2.8069867
5560.0500 2.77395581
5560.1000 2.74092492
5560.1500 2.71658427
5560.2000 2.70488043
5560.2500 2.69317659
5560.3000 2.68147276
5560.3500 2.67600578
5560.4000 2.68100866
5560.4500 2.68601155
5560.5000 2.69101443
5560.5500 2.69032286
5560.6000 2.6786134
5560.6500 2.66690394
5560.7000 2.65519448
5560.7500 2.67164484
5560.8000 2.75085229
5560.8500 2.83005974
5560.9000 2.9092672
5560.9500 2.96197756
5561.0000 2.9466568
5561.0500 2.93133603
5561.1000 2.91601526
5561.1500 2.89638946
5561.2000 2.86401676
5561.2500 2.83164405
5561.3000 2.79927135
5561.3500 2.77267843
5561.4000 2.76585695
5561.4500 2.75903546
5561.5000 2.75221398
5561.5500 2.74219857
5561.6000 2.71952811
5561.6500 2.69685764
5561.7000 2.67418718
5561.7500 2.65816627
5561.8000 2.67276453
5561.8500 2.6873628
5561.9000 2.70196107
5561.9500 2.71182879
5562.0000 2.69627743
5562.0500 2.68072607
5562.1000 2.66517472
5562.1500 2.66008821
5562.2000 2.72094209
5562.2500 2.78179597
5562.3000 2.84264985
5562.3500 2.88592388
5562.4000 2.79856217
5562.4500 2.71120047
5562.5000 2.62383876
5562.5500 2.54441821
5562.6000 2.53503527
5562.6500 2.52565232
5562.7000 2.51626938
5562.7500 2.51573257
5562.8000 2.60844271
5562.8500 2.70115284
5562.9000 2.79386298
5562.9500 2.87178514
5563.0000 2.76203496
5563.0500 2.65228478
5563.1000 2.5425346
5563.1500 2.44523961
5563.2000 2.53961056
5563.2500 2.63398151
5563.3000 2.72835247
5563.3500 2.81650677
5563.4000 2.78797024
5563.4500 2.75943371
5563.5000 2.73089718
5563.5500 2.70333617
5563.6000 2.69817899
5563.6500 2.69302181
5563.7000 2.68786464
5563.7500 2.68429996
5563.8000 2.72536076
5563.8500 2.76642157
5563.9000 2.80748238
5563.9500 2.84680828
5564.0000 2.82757044
5564.0500 2.80833261
5564.1000 2.78909477
5564.1500 2.76953775
5564.2000 2.73736361
5564.2500 2.70518946
5564.3000 2.67301531
5564.3500 2.64212688
5564.4000 2.66797156
5564.4500 2.69381624
5564.5000 2.71966092
5564.5500 2.74419764
5564.6000 2.70844353
5564.6500 2.67268943
5564.7000 2.63693533
5564.7500 2.60163561
5564.8000 2.58663511
5564.8500 2.5716346
5564.9000 2.5566341
5564.9500 2.54107826
5565.0000 2.50307336
5565.0500 2.46506846
5565.1000 2.42706355
5565.1500 2.39237958
5565.2000 2.47308408
5565.2500 2.55378859
5565.3000 2.63449309
5565.3500 2.71271184
5565.4000 2.71898724
5565.4500 2.72526263
5565.5000 2.73153802
5565.5500 2.73581974
5565.6000 2.69275633
5565.6500 2.64969293
5565.7000 2.60662952
5565.7500 2.56867451
5565.8000 2.62984967
5565.8500 2.69102484
5565.9000 2.7522
5565.9500 2.80727066
5566.0000 2.76531973
5566.0500 2.72336881
5566.1000 2.68141789
5566.1500 2.63755431
5566.2000 2.56865373
5566.2500 2.49975315
5566.3000 2.43085257
5566.3500 2.37377594
5566.4000 2.44507221
5566.4500 2.51636847
5566.5000 2.58766474
5566.5500 2.64864133
5566.6000 2.61600798
5566.6500 2.58337464
5566.7000 2.55074129
5566.7500 2.52458033
5566.8000 2.54781948
5566.8500 2.57105864
5566.9000 2.59429779
5566.9500 2.61722658
5567.0000 2.63814925
5567.0500 2.65907191
5567.1000 2.67999457
5567.1500 2.68613739
5567.2000 2.61090511
5567.2500 2.53567282
5567.3000 2.46044054
5567.3500 2.41145778
5567.4000 2.486198
5567.4500 2.56093822
5567.5000 2.63567844
5567.5500 2.6853779
5567.6000 2.63361212
5567.6500 2.58184633
5567.7000 2.53008055
5567.7500 2.50893263
5567.8000 2.5948088
5567.8500 2.68068498
5567.9000 2.76656115
5567.9500 2.81884788
5568.0000 2.7695785
5568.0500 2.72030913
5568.1000 2.67103976
5568.1500 2.62730261
5568.2000 2.59806063
5568.2500 2.56881866
5568.3000 2.53957668
5568.3500 2.52714401
5568.4000 2.55292137
5568.4500 2.57869873
5568.5000 2.60447609
5568.5500 2.62133755
5568.6000 2.62061051
5568.6500 2.61988348
5568.7000 2.61915645
5568.7500 2.62669044
5568.8000 2.64835923
5568.8500 2.67002802
5568.9000 2.69169681
5568.9500 2.69521842
5569.0000 2.67184919
5569.0500 2.64847995
5569.1000 2.62511072
5569.1500 2.5948328
5569.2000 2.55571154
5569.2500 2.51659029
5569.3000 2.47746904
5569.3500 2.48332008
5569.4000 2.53870892
5569.4500 2.59409775
5569.5000 2.64948659
5569.5500 2.64810241
5569.6000 2.59318766
5569.6500 2.53827291
5569.7000 2.48335816
5569.7500 2.4851359
5569.8000 2.53234308
5569.8500 2.57955026
5569.9000 2.62675744
5569.9500 2.69361254
5570.0000 2.7737204
5570.0500 2.85382827
5570.1000 2.93393614
5570.1500 2.89760434
5570.2000 2.79601056
5570.2500 2.69441678
5570.3000 2.59282299
5570.3500 2.52859379
5570.4000 2.48146207
5570.4500 2.43433035
5570.5000 2.38719863
5570.5500 2.40904584
5570.6000 2.45603178
5570.6500 2.50301773
5570.7000 2.55000367
5570.7500 2.51293003
5570.8000 2.45233121
5570.8500 2.3917324
5570.9000 2.33113358
5570.9500 2.41944545
5571.0000 2.53796268
5571.0500 2.6564799
5571.1000 2.77499713
5571.1500 2.71871091
5571.2000 2.63926131
5571.2500 2.55981172
5571.3000 2.48036213
5571.3500 2.43647009
5571.4000 2.39500033
5571.4500 2.35353058
5571.5000 2.31206082
5571.5500 2.3580273
5571.6000 2.40478346
5571.6500 2.45153962
5571.7000 2.49611226
5571.7500 2.49687698
5571.8000 2.4976417
5571.8500 2.49840642
5571.9000 2.49571813
5571.9500 2.4637541
5572.0000 2.43179007
5572.0500 2.39982603
5572.1000 2.37871988
5572.1500 2.41250879
5572.2000 2.44629771
5572.2500 2.48008663
5572.3000 2.49177413
5572.3500 2.42792465
5572.4000 2.36407517
5572.4500 2.30022569
5572.5000 2.27930785
5572.5500 2.36391349
5572.6000 2.44851913
5572.6500 2.53312477
5572.7000 2.57067154
5572.7500 2.52219984
5572.8000 2.47372813
5572.8500 2.42525643
5572.9000 2.4331597
5572.9500 2.51902497
5573.0000 2.60489025
5573.0500 2.69075552
5573.1000 2.68923274
5573.1500 2.59576271
5573.2000 2.50229269
5573.2500 2.40882266
5573.3000 2.43772534
5573.3500 2.56414188
5573.4000 2.69055842
5573.4500 2.81697496
5573.5000 2.86747351
5573.5500 2.87287963
5573.6000 2.87828575
5573.6500 2.88369187
5573.7000 2.85162288
5573.7500 2.80347871
5573.8000 2.75533455
5573.8500 2.70719039
5573.9000 2.65566475
5573.9500 2.60315096
5574.0000 2.55063717
5574.0500 2.49812338
5574.1000 2.57554113
5574.1500 2.67597584
5574.2000 2.77641055
5574.2500 2.87684526
5574.3000 2.74389123
5574.3500 2.5924952
5574.4000 2.44109916
5574.4500 2.29014892
5574.5000 2.21793939
5574.5500 2.14572986
5574.6000 2.07352033
5574.6500 2.01483829
5574.7000 2.09974927
5574.7500 2.18466024
5574.8000 2.26957121
5574.8500 2.32241595
5574.9000 2.21664791
5574.9500 2.11087986
5575.0000 2.00511181
5575.0500 1.95623167
5575.1000 2.07634658
5575.1500 2.1964615
5575.2000 2.31657641
5575.2500 2.40497496
5575.3000 2.43101272
5575.3500 2.45705048
5575.4000 2.48308825
5575.4500 2.48381041
5575.5000 2.45014477
5575.5500 2.41647913
5575.6000 2.38281349
5575.6500 2.40004942
5575.7000 2.46569985
5575.7500 2.53135027
5575.8000 2.5970007
5575.8500 2.61807894
5575.9000 2.60976621
5575.9500 2.60145347
5576.0000 2.59314074
5576.0500 2.5947623
5576.1000 2.60075709
5576.1500 2.60675188
5576.2000 2.61274667
5576.2500 2.59649019
5576.3000 2.57423522
5576.3500 2.55198025
5576.4000 2.52972528
5576.4500 2.57358972
5576.5000 2.62624971
5576.5500 2.67890971
5576.6000 2.7315697
5576.6500 2.65272874
5576.7000 2.57108513
5576.7500 2.48944153
5576.8000 2.41789058
5576.8500 2.46684437
5576.9000 2.51579817
5576.9500 2.56475196
5577.0000 2.6207358
5577.0500 2.70939863
5577.1000 2.79806145
5577.1500 2.88672428
5577.2000 2.92872902
5577.2500 2.84980256
5577.3000 2.7708761
5577.3500 2.69194964
5577.4000 2.63395817
5577.4500 2.60992357
5577.5000 2.58588897
5577.5500 2.56185437
5577.6000 2.56837007
5577.6500 2.60719932
5577.7000 2.64602857
5577.7500 2.68485782
5577.8000 2.63124991
5577.8500 2.51398182
5577.9000 2.39671372
5577.9500 2.27944562
5578.0000 2.27835002
5578.0500 2.32704535
5578.1000 2.37574068
5578.1500 2.42443601
5578.2000 2.45675223
5578.2500 2.48521175
5578.3000 2.51367128
5578.3500 2.54213081
5578.4000 2.56114745
5578.4500 2.57934799
5578.5000 2.59754852
5578.5500 2.61622918
5578.6000 2.64893589
5578.6500 2.68164259
5578.7000 2.7143493
5578.7500 2.72894829
5578.8000 2.6387742
5578.8500 2.5486001
5578.9000 2.45842601
5578.9500 2.41930723
5579.0000 2.5230862
5579.0500 2.62686518
5579.1000 2.73064415
5579.1500 2.76686729
5579.2000 2.69320607
5579.2500 2.61954485
5579.3000 2.54588363
5579.3500 2.62721833
5579.4000 2.86365579
5579.4500 3.10009325
5579.5000 3.3365307
5579.5500 3.26234265
5579.6000 2.99821163
5579.6500 2.7340806
5579.7000 2.46994958
5579.7500 0
5579.8000 0
