5663.0500 4.44715605
5663.1000 4.47025539
5663.1500 4.49335474
5663.2000 4.51645408
5663.2500 4.52817015
5663.3000 4.48280861
5663.3500 4.43744707
5663.4000 4.39208552
5663.4500 4.34672398
5663.5000 4.30136244
5663.5500 4.30143126
5663.6000 4.31398129
5663.6500 4.32653131
5663.7000 4.33908134
5663.7500 4.35163136
5663.8000 4.37089703
5663.8500 4.40006689
5663.9000 4.42923674
5663.9500 4.4584066
5664.0000 4.48757646
5664.0500 4.51698647
5664.1000 4.55573876
5664.1500 4.59449105
5664.2000 4.63324335
5664.2500 4.67199564
5664.3000 4.71074793
5664.3500 4.67894582
5664.4000 4.60872401
5664.4500 4.5385022
5664.5000 4.46828039
5664.5500 4.39805858
5664.6000 4.36053595
5664.6500 4.41087983
5664.7000 4.46122371
5664.7500 4.5115676
5664.8000 4.56191148
5664.8500 4.61225536
5664.9000 4.575478
5664.9500 4.52862961
5665.0000 4.48178121
5665.0500 4.43493282
5665.1000 4.38808442
5665.1500 4.36460834
5665.2000 4.36245408
5665.2500 4.36029982
5665.3000 4.35814556
5665.3500 4.3559913
5665.4000 4.35542633
5665.4500 4.36380474
5665.5000 4.37218315
5665.5500 4.38056157
5665.6000 4.38893998
5665.6500 4.39731839
5665.7000 4.38775826
5665.7500 4.37314557
5665.8000 4.35853288
5665.8500 4.34392019
5665.9000 4.3293075
5665.9500 4.32671239
5666.0000 4.34134101
5666.0500 4.35596963
5666.1000 4.37059824
5666.1500 4.38522686
5666.2000 4.39949317
5666.2500 4.4057184
5666.3000 4.41194363
5666.3500 4.41816886
5666.4000 4.42439409
5666.4500 4.43061932
5666.5000 4.42939086
5666.5500 4.42460044
5666.6000 4.41981002
5666.6500 4.41501961
5666.7000 4.41022919
5666.7500 4.41726618
5666.8000 4.45043624
5666.8500 4.4836063
5666.9000 4.51677636
5666.9500 4.54994642
5667.0000 4.58311647
5667.0500 4.54597245
5667.1000 4.50496319
5667.1500 4.46395393
5667.2000 4.42294467
5667.2500 4.38193541
5667.3000 4.37458538
5667.3500 4.39105323
5667.4000 4.40752108
5667.4500 4.42398893
5667.5000 4.44045678
5667.5500 4.45443839
5667.6000 4.45984275
5667.6500 4.46524711
5667.7000 4.47065148
5667.7500 4.47605584
5667.8000 4.4814602
5667.8500 4.47493026
5667.9000 4.4665415
5667.9500 4.45815274
5668.0000 4.44976398
5668.0500 4.44137522
5668.1000 4.44875277
5668.1500 4.47145248
5668.2000 4.49415218
5668.2500 4.51685189
5668.3000 4.53955159
5668.3500 4.55439661
5668.4000 4.52488789
5668.4500 4.49537917
5668.5000 4.46587045
5668.5500 4.43636173
5668.6000 4.40685301
5668.6500 4.44374877
5668.7000 4.49775179
5668.7500 4.55175481
5668.8000 4.60575783
5668.8500 4.65976086
5668.9000 4.67508052
5668.9500 4.64141633
5669.0000 4.60775214
5669.0500 4.57408795
5669.1000 4.54042376
5669.1500 4.50776211
5669.2000 4.48539403
5669.2500 4.46302595
5669.3000 4.44065787
5669.3500 4.41828979
5669.4000 4.39592171
5669.4500 4.4060742
5669.5000 4.42779288
5669.5500 4.44951156
5669.6000 4.47123024
5669.6500 4.49294892
5669.7000 4.48894411
5669.7500 4.44435598
5669.8000 4.39976786
5669.8500 4.35517973
5669.9000 4.31059161
5669.9500 4.27025162
5670.0000 4.33282363
5670.0500 4.39539565
5670.1000 4.45796767
5670.1500 4.52053968
5670.2000 4.5831117
5670.2500 4.58094804
5670.3000 4.55007118
5670.3500 4.51919432
5670.4000 4.48831746
5670.4500 4.45744061
5670.5000 4.43828909
5670.5500 4.44117994
5670.6000 4.44407079
5670.6500 4.44696165
5670.7000 4.4498525
5670.7500 4.45271557
5670.8000 4.44673559
5670.8500 4.44075561
5670.9000 4.43477562
5670.9500 4.42879564
5671.0000 4.42281566
5671.0500 4.42202687
5671.1000 4.42390722
5671.1500 4.42578757
5671.2000 4.42766793
5671.2500 4.42954828
5671.3000 4.42327895
5671.3500 4.39962192
5671.4000 4.37596489
5671.4500 4.35230787
5671.5000 4.32865084
5671.5500 4.30499381
5671.6000 4.31797853
5671.6500 4.33174054
5671.7000 4.34550256
5671.7500 4.35926457
5671.8000 4.37302658
5671.8500 4.38206162
5671.9000 4.38844614
5671.9500 4.39483066
5672.0000 4.40121518
5672.0500 4.40759971
5672.1000 4.4013305
5672.1500 4.36604055
5672.2000 4.33075061
5672.2500 4.29546066
5672.3000 4.26017072
5672.3500 4.22488077
5672.4000 4.21437735
5672.4500 4.20469494
5672.5000 4.19501252
5672.5500 4.1853301
5672.6000 4.17564769
5672.6500 4.19457056
5672.7000 4.23003198
5672.7500 4.26549339
5672.8000 4.30095481
5672.8500 4.33641623
5672.9000 4.3555194
5672.9500 4.33659106
5673.0000 4.31766272
5673.0500 4.29873437
5673.1000 4.27980603
5673.1500 4.26087769
5673.2000 4.25557144
5673.2500 4.25069699
5673.3000 4.24582254
5673.3500 4.24094809
5673.4000 4.23607365
5673.4500 4.23713667
5673.5000 4.24155122
5673.5500 4.24596577
5673.6000 4.25038032
5673.6500 4.25479486
5673.7000 4.25754655
5673.7500 4.25660597
5673.8000 4.25566539
5673.8500 4.25472481
5673.9000 4.25378423
5673.9500 4.25284364
5674.0000 4.2485291
5674.0500 4.24415707
5674.1000 4.23978503
5674.1500 4.235413
5674.2000 4.23104096
5674.2500 4.24468848
5674.3000 4.26772771
5674.3500 4.29076693
5674.4000 4.31380616
5674.4500 4.33684539
5674.5000 4.35606699
5674.5500 4.36763896
5674.6000 4.37921094
5674.6500 4.39078292
5674.7000 4.40235489
5674.7500 4.41308784
5674.8000 4.33955393
5674.8500 4.26602002
5674.9000 4.19248611
5674.9500 4.1189522
5675.0000 4.04541829
5675.0500 4.04641093
5675.1000 4.08116786
5675.1500 4.11592478
5675.2000 4.1506817
5675.2500 4.18543863
5675.3000 4.21844069
5675.3500 4.2484285
5675.4000 4.27841631
5675.4500 4.30840413
5675.5000 4.33839194
5675.5500 4.3652312
5675.6000 4.33112517
5675.6500 4.29701913
5675.7000 4.2629131
5675.7500 4.22880706
5675.8000 4.19470103
5675.8500 4.18594911
5675.9000 4.18649441
5675.9500 4.1870397
5676.0000 4.187585
5676.0500 4.1881303
5676.1000 4.18169885
5676.1500 4.16545971
5676.2000 4.14922056
5676.2500 4.13298142
5676.3000 4.11674228
5676.3500 4.1037545
5676.4000 4.11969094
5676.4500 4.13562738
5676.5000 4.15156382
5676.5500 4.16750026
5676.6000 4.1834367
5676.6500 4.15820903
5676.7000 4.12189624
5676.7500 4.08558345
5676.8000 4.04927066
5676.8500 4.01295787
5676.9000 4.01117945
5676.9500 4.0474117
5677.0000 4.08364395
5677.0500 4.11987621
5677.1000 4.15610846
5677.1500 4.1879561
5677.2000 4.19771888
5677.2500 4.20748166
5677.3000 4.21724444
5677.3500 4.22700722
5677.4000 4.23676999
5677.4500 4.22256601
5677.5000 4.20435194
5677.5500 4.18613786
5677.6000 4.16792379
5677.6500 4.14970971
5677.7000 4.13677406
5677.7500 4.12817305
5677.8000 4.11957203
5677.8500 4.11097101
5677.9000 4.10236999
5677.9500 4.10116319
5678.0000 4.12300052
5678.0500 4.14483786
5678.1000 4.1666752
5678.1500 4.18851254
5678.2000 4.21034987
5678.2500 4.22963058
5678.3000 4.24874279
5678.3500 4.26785499
5678.4000 4.2869672
5678.4500 4.30607941
5678.5000 4.26856762
5678.5500 4.1984834
5678.6000 4.12839919
5678.6500 4.05831498
5678.7000 3.98823077
5678.7500 3.9621452
5678.8000 4.0242331
5678.8500 4.086321
5678.9000 4.14840889
5678.9500 4.21049679
5679.0000 4.27041161
5679.0500 4.265357
5679.1000 4.26030239
5679.1500 4.25524778
5679.2000 4.25019317
5679.2500 4.24513856
5679.3000 4.20950048
5679.3500 4.16273654
5679.4000 4.1159726
5679.4500 4.06920866
5679.5000 4.02244472
5679.5500 4.00287097
5679.6000 4.01853405
5679.6500 4.03419714
5679.7000 4.04986023
5679.7500 4.06552332
5679.8000 4.08179036
5679.8500 4.10179023
5679.9000 4.12179011
5679.9500 4.14178998
5680.0000 4.16178985
5680.0500 4.18178972
5680.1000 4.18073943
5680.1500 4.17580973
5680.2000 4.17088002
5680.2500 4.16595032
5680.3000 4.16102061
5680.3500 4.16523793
5680.4000 4.17691139
5680.4500 4.18858484
5680.5000 4.20025829
5680.5500 4.21193175
5680.6000 4.21394072
5680.6500 4.18828071
5680.7000 4.1626207
5680.7500 4.13696069
5680.8000 4.11130068
5680.8500 4.08564067
5680.9000 4.00938023
5680.9500 3.93145949
5681.0000 3.85353876
5681.0500 3.77561802
5681.1000 3.69769728
5681.1500 3.72042176
5681.2000 3.79072548
5681.2500 3.8610292
5681.3000 3.93133292
5681.3500 4.00163664
5681.4000 4.0421785
5681.4500 4.03640273
5681.5000 4.03062696
5681.5500 4.0248512
5681.6000 4.01907543
5681.6500 4.01258432
5681.7000 3.99998256
5681.7500 3.9873808
5681.8000 3.97477905
5681.8500 3.96217729
5681.9000 3.94957554
5681.9500 3.95774037
5682.0000 3.97046943
5682.0500 3.98319849
5682.1000 3.99592755
5682.1500 4.00865661
5682.2000 4.00871207
5682.2500 3.99780727
5682.3000 3.98690247
5682.3500 3.97599767
5682.4000 3.96509287
5682.4500 3.96673689
5682.5000 4.00521837
5682.5500 4.04369985
5682.6000 4.08218132
5682.6500 4.1206628
5682.7000 4.15914428
5682.7500 4.13154254
5682.8000 4.10213206
5682.8500 4.07272158
5682.9000 4.0433111
5682.9500 4.01390062
5683.0000 3.99459034
5683.0500 3.97973268
5683.1000 3.96487502
5683.1500 3.95001736
5683.2000 3.93515969
5683.2500 3.916715
5683.3000 3.89323744
5683.3500 3.86975987
5683.4000 3.84628231
5683.4500 3.82280474
5683.5000 3.80423886
5683.5500 3.81593396
5683.6000 3.82762906
5683.6500 3.83932416
5683.7000 3.85101927
5683.7500 3.86271437
5683.8000 3.85317543
5683.8500 3.84031041
5683.9000 3.82744539
5683.9500 3.81458036
5684.0000 3.80171534
5684.0500 3.79243743
5684.1000 3.78564279
5684.1500 3.77884816
5684.2000 3.77205353
5684.2500 3.7652589
5684.3000 3.76671929
5684.3500 3.7858282
5684.4000 3.80493711
5684.4500 3.82404602
5684.5000 3.84315492
5684.5500 3.86220773
5684.6000 3.88014454
5684.6500 3.89808134
5684.7000 3.91601815
5684.7500 3.93395496
5684.8000 3.95189176
5684.8500 3.94116682
5684.9000 3.92228531
5684.9500 3.90340379
5685.0000 3.88452227
5685.0500 3.86564076
5685.1000 3.85957409
5685.1500 3.86579599
5685.2000 3.87201788
5685.2500 3.87823977
5685.3000 3.88446167
5685.3500 3.8899154
5685.4000 3.89298803
5685.4500 3.89606067
5685.5000 3.89913331
5685.5500 3.90220594
5685.6000 3.90527858
5685.6500 3.90346509
5685.7000 3.90154565
5685.7500 3.89962621
5685.8000 3.89770678
5685.8500 3.89578734
5685.9000 3.90720563
5685.9500 3.92393901
5686.0000 3.94067239
5686.0500 3.95740577
5686.1000 3.97413916
5686.1500 3.96957928
5686.2000 3.93928149
5686.2500 3.9089837
5686.3000 3.8786859
5686.3500 3.84838811
5686.4000 3.81835076
5686.4500 3.78941045
5686.5000 3.76047013
5686.5500 3.73152981
5686.6000 3.70258949
5686.6500 3.67364917
5686.7000 3.72488006
5686.7500 3.78192342
5686.8000 3.83896678
5686.8500 3.89601014
5686.9000 3.9530535
5686.9500 3.92971888
5687.0000 3.86757036
5687.0500 3.80542183
5687.1000 3.74327331
5687.1500 3.68112479
5687.2000 3.65812296
5687.2500 3.68968589
5687.3000 3.72124881
5687.3500 3.75281174
5687.4000 3.78437466
5687.4500 3.80876801
5687.5000 3.79622053
5687.5500 3.78367305
5687.6000 3.77112557
5687.6500 3.75857809
5687.7000 3.74603061
5687.7500 3.76970482
5687.8000 3.79701575
5687.8500 3.82432667
5687.9000 3.8516376
5687.9500 3.87894852
5688.0000 3.86868713
5688.0500 3.83875842
5688.1000 3.80882971
5688.1500 3.778901
5688.2000 3.74897228
5688.2500 3.72670394
5688.3000 3.71566776
5688.3500 3.70463158
5688.4000 3.6935954
5688.4500 3.68255922
5688.5000 3.67487715
5688.5500 3.6853471
5688.6000 3.69581705
5688.6500 3.70628699
5688.7000 3.71675694
5688.7500 3.72722689
5688.8000 3.75911407
5688.8500 3.79317455
5688.9000 3.82723503
5688.9500 3.86129551
5689.0000 3.89535599
5689.0500 3.89056761
5689.1000 3.86587397
5689.1500 3.84118034
5689.2000 3.8164867
5689.2500 3.79179306
5689.3000 3.77314238
5689.3500 3.76297606
5689.4000 3.75280973
5689.4500 3.74264341
5689.5000 3.73247708
5689.5500 3.72250012
5689.6000 3.71343373
5689.6500 3.70436734
5689.7000 3.69530094
5689.7500 3.68623455
5689.8000 3.67716816
5689.8500 3.68406591
5689.9000 3.69216958
5689.9500 3.70027324
5690.0000 3.70837691
5690.0500 3.71648058
5690.1000 3.70515525
5690.1500 3.68505194
5690.2000 3.66494863
5690.2500 3.64484531
5690.3000 3.624742
5690.3500 3.61651676
5690.4000 3.6228526
5690.4500 3.62918845
5690.5000 3.6355243
5690.5500 3.64186015
5690.6000 3.65099672
5690.6500 3.67059696
5690.7000 3.69019719
5690.7500 3.70979743
5690.8000 3.72939767
5690.8500 3.74899791
5690.9000 3.76432568
5690.9500 3.77954146
5691.0000 3.79475723
5691.0500 3.80997301
5691.1000 3.82518879
5691.1500 3.81604186
5691.2000 3.79829921
5691.2500 3.78055656
5691.3000 3.7628139
5691.3500 3.74507125
5691.4000 3.73186791
5691.4500 3.72310761
5691.5000 3.71434731
5691.5500 3.705587
5691.6000 3.6968267
5691.6500 3.70129291
5691.7000 3.74099022
5691.7500 3.78068752
5691.8000 3.82038483
5691.8500 3.86008213
5691.9000 3.89737613
5691.9500 3.87980896
5692.0000 3.86224179
5692.0500 3.84467462
5692.1000 3.82710746
5692.1500 3.80954029
5692.2000 3.78670617
5692.2500 3.76265592
5692.3000 3.73860566
5692.3500 3.71455541
5692.4000 3.69050516
5692.4500 3.67784203
5692.5000 3.67328067
5692.5500 3.6687193
5692.6000 3.66415793
5692.6500 3.65959657
5692.7000 3.66040713
5692.7500 3.67086835
5692.8000 3.68132957
5692.8500 3.69179079
5692.9000 3.70225201
5692.9500 3.7134048
5693.0000 3.72909245
5693.0500 3.74478011
5693.1000 3.76046777
5693.1500 3.77615543
5693.2000 3.79184309
5693.2500 3.77482989
5693.3000 3.75452246
5693.3500 3.73421503
5693.4000 3.7139076
5693.4500 3.69360017
5693.5000 3.67871583
5693.5500 3.66631297
5693.6000 3.6539101
5693.6500 3.64150724
5693.7000 3.62910438
5693.7500 3.62357362
5693.8000 3.62594665
5693.8500 3.62831968
5693.9000 3.63069272
5693.9500 3.63306575
5694.0000 3.63698369
5694.0500 3.64564863
5694.1000 3.65431357
5694.1500 3.66297852
5694.2000 3.67164346
5694.2500 3.68070265
5694.3000 3.70374772
5694.3500 3.72679279
5694.4000 3.74983787
5694.4500 3.77288294
5694.5000 3.79592801
5694.5500 3.77500233
5694.6000 3.7438111
5694.6500 3.71261987
5694.7000 3.68142864
5694.7500 3.65023741
5694.8000 3.64545247
5694.8500 3.65860686
5694.9000 3.67176124
5694.9500 3.68491562
5695.0000 3.69807
5695.0500 3.70663305
5695.1000 3.70775683
5695.1500 3.70888061
5695.2000 3.71000439
5695.2500 3.71112817
5695.3000 3.71484302
5695.3500 3.73127678
5695.4000 3.74771055
5695.4500 3.76414432
5695.5000 3.78057808
5695.5500 3.79701185
5695.6000 3.77300175
5695.6500 3.74723069
5695.7000 3.72145964
5695.7500 3.69568858
5695.8000 3.66991752
5695.8500 3.66057121
5695.9000 3.65673657
5695.9500 3.65290194
5696.0000 3.6490673
5696.0500 3.64523266
5696.1000 3.64434708
5696.1500 3.64596717
5696.2000 3.64758726
5696.2500 3.64920735
5696.3000 3.65082744
5696.3500 3.65204719
5696.4000 3.65246857
5696.4500 3.65288995
5696.5000 3.65331133
5696.5500 3.65373271
5696.6000 3.65717832
5696.6500 3.68109028
5696.7000 3.70500223
5696.7500 3.72891418
5696.8000 3.75282614
5696.8500 3.77673809
5696.9000 3.76822198
5696.9500 3.75707438
5697.0000 3.74592679
5697.0500 3.7347792
5697.1000 3.72363161
5697.1500 3.70628213
5697.2000 3.68655154
5697.2500 3.66682094
5697.3000 3.64709034
5697.3500 3.62735974
5697.4000 3.62724269
5697.4500 3.64511155
5697.5000 3.66298042
5697.5500 3.68084928
5697.6000 3.69871814
5697.6500 3.70835765
5697.7000 3.70068117
5697.7500 3.6930047
5697.8000 3.68532823
5697.8500 3.67765176
5697.9000 3.67124804
5697.9500 3.67382873
5698.0000 3.67640941
5698.0500 3.67899009
5698.1000 3.68157077
5698.1500 3.68415145
5698.2000 3.67440237
5698.2500 3.66368891
5698.3000 3.65297546
5698.3500 3.642262
5698.4000 3.63154854
5698.4500 3.61199756
5698.5000 3.58921538
5698.5500 3.5664332
5698.6000 3.54365102
5698.6500 3.52086884
5698.7000 3.52011272
5698.7500 3.53823234
5698.8000 3.55635196
5698.8500 3.57447158
5698.9000 3.5925912
5698.9500 3.60151346
5699.0000 3.59306584
5699.0500 3.58461821
5699.1000 3.57617059
5699.1500 3.56772296
5699.2000 3.56025256
5699.2500 3.55809701
5699.3000 3.55594147
5699.3500 3.55378592
5699.4000 3.55163037
5699.4500 3.54947483
5699.5000 3.58209583
5699.5500 3.61594594
5699.6000 3.64979604
5699.6500 3.68364615
5699.7000 3.71749626
5699.7500 3.71585888
5699.8000 3.70408676
5699.8500 3.69231463
5699.9000 3.68054251
5699.9500 3.66877038
5700.0000 3.66117209
5700.0500 3.6564589
5700.1000 3.6517457
5700.1500 3.6470325
5700.2000 3.64231931
5700.2500 3.63730266
5700.3000 3.63184232
5700.3500 3.62638197
5700.4000 3.62092163
5700.4500 3.61546129
5700.5000 3.62429631
5700.5500 3.68309723
5700.6000 3.74189815
5700.6500 3.80069908
5700.7000 3.8595
5700.7500 3.91354066
5700.8000 3.85393023
5700.8500 3.79431981
5700.9000 3.73470938
5700.9500 3.67509895
5701.0000 3.61548852
5701.0500 3.63271568
5701.1000 3.66251531
5701.1500 3.69231494
5701.2000 3.72211457
5701.2500 3.75191421
5701.3000 3.75492426
5701.3500 3.74532783
5701.4000 3.73573139
5701.4500 3.72613495
5701.5000 3.71653852
5701.5500 3.71242756
5701.6000 3.71375687
5701.6500 3.71508619
5701.7000 3.71641551
5701.7500 3.71774483
5701.8000 3.71044894
5701.8500 3.68528564
5701.9000 3.66012234
5701.9500 3.63495904
5702.0000 3.60979574
5702.0500 3.58870478
5702.1000 3.59059795
5702.1500 3.59249113
5702.2000 3.59438431
5702.2500 3.59627749
5702.3000 3.59817067
5702.3500 3.59366161
5702.4000 3.58900112
5702.4500 3.58434064
5702.5000 3.57968015
5702.5500 3.57501967
5702.6000 3.57822544
5702.6500 3.58334012
5702.7000 3.5884548
5702.7500 3.59356949
5702.8000 3.59868417
5702.8500 3.59346202
5702.9000 3.58227213
5702.9500 3.57108224
5703.0000 3.55989236
5703.0500 3.54870247
5703.1000 3.54955363
5703.1500 3.56427573
5703.2000 3.57899783
5703.2500 3.59371993
5703.3000 3.60844203
5703.3500 3.61482724
5703.4000 3.60146377
5703.4500 3.5881003
5703.5000 3.57473682
5703.5500 3.56137335
5703.6000 3.54926154
5703.6500 3.54549457
5703.7000 3.54172761
5703.7500 3.53796064
5703.8000 3.53419368
5703.8500 3.53042671
5703.9000 3.53604151
5703.9500 3.54199193
5704.0000 3.54794234
5704.0500 3.55389276
5704.1000 3.55984317
5704.1500 3.55199558
5704.2000 3.54074018
5704.2500 3.52948479
5704.3000 3.5182294
5704.3500 3.50697401
5704.4000 3.51680396
5704.4500 3.5385017
5704.5000 3.56019944
5704.5500 3.58189719
5704.6000 3.60359493
5704.6500 3.60753488
5704.7000 3.59217716
5704.7500 3.57681944
5704.8000 3.56146172
5704.8500 3.546104
5704.9000 3.54011244
5704.9500 3.55402135
5705.0000 3.56793025
5705.0500 3.58183916
5705.1000 3.59574807
5705.1500 3.60456661
5705.2000 3.58710778
5705.2500 3.56964895
5705.3000 3.55219012
5705.3500 3.5347313
5705.4000 3.51742032
5705.4500 3.52470035
5705.5000 3.53198038
5705.5500 3.53926042
5705.6000 3.54654045
5705.6500 3.55382048
5705.7000 3.53262921
5705.7500 3.50645756
5705.8000 3.48028591
5705.8500 3.45411425
5705.9000 3.4279426
5705.9500 3.4497778
5706.0000 3.49241312
5706.0500 3.53504844
5706.1000 3.57768375
5706.1500 3.62031907
5706.2000 3.61846179
5706.2500 3.57956929
5706.3000 3.54067679
5706.3500 3.50178429
5706.4000 3.4628918
5706.4500 3.44502279
5706.5000 3.45932564
5706.5500 3.4736285
5706.6000 3.48793136
5706.6500 3.50223421
5706.7000 3.51246541
5706.7500 3.510226
5706.8000 3.50798659
5706.8500 3.50574718
5706.9000 3.50350777
5706.9500 3.50222884
5707.0000 3.50973973
5707.0500 3.51725062
5707.1000 3.52476151
5707.1500 3.5322724
5707.2000 3.53978328
5707.2500 3.53225781
5707.3000 3.52397958
5707.3500 3.51570135
5707.4000 3.50742313
5707.4500 3.4991449
5707.5000 3.4903349
5707.5500 3.4813982
5707.6000 3.4724615
5707.6500 3.4635248
5707.7000 3.4545881
5707.7500 3.43358266
5707.8000 3.40647841
5707.8500 3.37937416
5707.9000 3.35226991
5707.9500 3.32516566
5708.0000 3.32750383
5708.0500 3.35675275
5708.1000 3.38600168
5708.1500 3.41525061
5708.2000 3.44449954
5708.2500 3.45084269
5708.3000 3.42013996
5708.3500 3.38943723
5708.4000 3.3587345
5708.4500 3.32803176
5708.5000 3.30444643
5708.5500 3.30301799
5708.6000 3.30158956
5708.6500 3.30016112
5708.7000 3.29873268
5708.7500 3.29960028
5708.8000 3.31990766
5708.8500 3.34021504
5708.9000 3.36052242
5708.9500 3.3808298
5709.0000 3.40113718
5709.0500 3.40870573
5709.1000 3.41587473
5709.1500 3.42304373
5709.2000 3.43021274
5709.2500 3.43738174
5709.3000 3.42929374
5709.3500 3.41819075
5709.4000 3.40708777
5709.4500 3.39598478
5709.5000 3.38488179
5709.5500 3.39550212
5709.6000 3.41535069
5709.6500 3.43519926
5709.7000 3.45504783
5709.7500 3.4748964
5709.8000 3.48003499
5709.8500 3.47408353
5709.9000 3.46813208
5709.9500 3.46218062
5710.0000 3.45622916
5710.0500 3.45089525
5710.1000 3.44634758
5710.1500 3.44179991
5710.2000 3.43725224
5710.2500 3.43270457
5710.3000 3.42730919
5710.3500 3.42003679
5710.4000 3.4127644
5710.4500 3.405492
5710.5000 3.3982196
5710.5500 3.39679964
5710.6000 3.42137309
5710.6500 3.44594655
5710.7000 3.47052001
5710.7500 3.49509347
5710.8000 3.516754
5710.8500 3.49100324
5710.9000 3.46525248
5710.9500 3.43950171
5711.0000 3.41375095
5711.0500 3.38800018
5711.1000 3.38624249
5711.1500 3.38619554
5711.2000 3.38614859
5711.2500 3.38610163
5711.3000 3.38605468
5711.3500 3.38812862
5711.4000 3.39069857
5711.4500 3.39326852
5711.5000 3.39583847
5711.5500 3.39840842
5711.6000 3.39098509
5711.6500 3.37904941
5711.7000 3.36711372
5711.7500 3.35517804
5711.8000 3.34324235
5711.8500 3.34087661
5711.9000 3.34576446
5711.9500 3.35065232
5712.0000 3.35554017
5712.0500 3.36042802
5712.1000 3.37025019
5712.1500 3.38609798
5712.2000 3.40194577
5712.2500 3.41779356
5712.3000 3.43364135
5712.3500 3.43844936
5712.4000 3.4211487
5712.4500 3.40384804
5712.5000 3.38654738
5712.5500 3.36924672
5712.6000 3.35992694
5712.6500 3.37935035
5712.7000 3.39877377
5712.7500 3.41819718
5712.8000 3.4376206
5712.8500 3.45690409
5712.9000 3.47496975
5712.9500 3.49303541
5713.0000 3.51110108
5713.0500 3.52916674
5713.1000 3.5472324
5713.1500 3.52680781
5713.2000 3.50600395
5713.2500 3.48520008
5713.3000 3.46439622
5713.3500 3.44359236
5713.4000 3.44469646
5713.4500 3.44881958
5713.5000 3.4529427
5713.5500 3.45706581
5713.6000 3.46118893
5713.6500 3.45191849
5713.7000 3.4386244
5713.7500 3.4253303
5713.8000 3.41203621
5713.8500 3.39874212
5713.9000 3.40170361
5713.9500 3.41301913
5714.0000 3.42433465
5714.0500 3.43565016
5714.1000 3.44696568
5714.1500 3.45185353
5714.2000 3.45155729
5714.2500 3.45126104
5714.3000 3.4509648
5714.3500 3.45066856
5714.4000 3.45598032
5714.4500 3.46820154
5714.5000 3.48042276
5714.5500 3.49264398
5714.6000 3.5048652
5714.6500 3.50942663
5714.7000 3.49937695
5714.7500 3.48932727
5714.8000 3.47927758
5714.8500 3.4692279
5714.9000 3.46595043
5714.9500 3.48396436
5715.0000 3.50197829
5715.0500 3.51999222
5715.1000 3.53800615
5715.1500 3.55377605
5715.2000 3.55577876
5715.2500 3.55778147
5715.3000 3.55978418
5715.3500 3.56178689
5715.4000 3.56322087
5715.4500 3.55116274
5715.5000 3.53910461
5715.5500 3.52704648
5715.6000 3.51498834
5715.6500 3.50293021
5715.7000 3.48715503
5715.7500 3.47115183
5715.8000 3.45514862
5715.8500 3.43914542
5715.9000 3.42314221
5715.9500 3.4392635
5716.0000 3.461259
5716.0500 3.4832545
5716.1000 3.50525
5716.1500 3.5272455
5716.2000 3.52524488
5716.2500 3.51524893
5716.3000 3.50525298
5716.3500 3.49525703
5716.4000 3.48526108
5716.4500 3.48090682
5716.5000 3.4795083
5716.5500 3.47810977
5716.6000 3.47671125
5716.6500 3.47531273
5716.7000 3.48910476
5716.7500 3.51464968
5716.8000 3.5401946
5716.8500 3.56573951
5716.9000 3.59128443
5716.9500 3.59093161
5717.0000 3.56170593
5717.0500 3.53248024
5717.1000 3.50325456
5717.1500 3.47402888
5717.2000 3.45852029
5717.2500 3.46507711
5717.3000 3.47163393
5717.3500 3.47819075
5717.4000 3.48474756
5717.4500 3.4910545
5717.5000 3.49676518
5717.5500 3.50247585
5717.6000 3.50818653
5717.6500 3.51389721
5717.7000 3.52020513
5717.7500 3.52877699
5717.8000 3.53734886
5717.8500 3.54592073
5717.9000 3.55449259
5717.9500 3.56239472
5718.0000 3.56554924
5718.0500 3.56870376
5718.1000 3.57185828
5718.1500 3.57501281
5718.2000 3.57794977
5718.2500 3.57566235
5718.3000 3.57337492
5718.3500 3.5710875
5718.4000 3.56880007
5718.4500 3.56651265
5718.5000 3.54299153
5718.5500 3.51853459
5718.6000 3.49407764
5718.6500 3.4696207
5718.7000 3.44516375
5718.7500 3.46700463
5718.8000 3.49533521
5718.8500 3.52366579
5718.9000 3.55199637
5718.9500 3.58032695
5719.0000 3.56741189
5719.0500 3.54404289
5719.1000 3.52067388
5719.1500 3.49730488
5719.2000 3.47393588
5719.2500 3.47250977
5719.3000 3.47961737
5719.3500 3.48672497
5719.4000 3.49383257
5719.4500 3.50094017
5719.5000 3.49461311
5719.5500 3.48084813
5719.6000 3.46708315
5719.6500 3.45331817
5719.7000 3.43955319
5719.7500 3.43431816
5719.8000 3.43555027
5719.8500 3.43678238
5719.9000 3.43801448
5719.9500 3.43924659
5720.0000 3.4468982
5720.0500 3.46108955
5720.1000 3.4752809
5720.1500 3.48947225
5720.2000 3.5036636
5720.2500 3.51462817
5720.3000 3.52119861
5720.3500 3.52776905
5720.4000 3.5343395
5720.4500 3.54090994
5720.5000 3.54001352
5720.5500 3.52542692
5720.6000 3.51084032
5720.6500 3.49625372
5720.7000 3.48166711
5720.7500 3.4738456
5720.8000 3.48308771
5720.8500 3.49232983
5720.9000 3.50157194
5720.9500 3.51081406
5721.0000 3.51492245
5721.0500 3.50043564
5721.1000 3.48594882
5721.1500 3.471462
5721.2000 3.45697519
5721.2500 3.44639367
5721.3000 3.45789763
5721.3500 3.46940159
5721.4000 3.48090554
5721.4500 3.4924095
5721.5000 3.50140473
5721.5500 3.48361199
5721.6000 3.46581925
5721.6500 3.44802652
5721.7000 3.43023378
5721.7500 3.4127164
5721.8000 3.40717732
5721.8500 3.40163823
5721.9000 3.39609915
5721.9500 3.39056006
5722.0000 3.38502097
5722.0500 3.39363041
5722.1000 3.40281743
5722.1500 3.41200445
5722.2000 3.42119147
5722.2500 3.4303785
5722.3000 3.44771948
5722.3500 3.46596092
5722.4000 3.48420235
5722.4500 3.50244379
5722.5000 3.52068522
5722.5500 3.51108488
5722.6000 3.49625185
5722.6500 3.48141881
5722.7000 3.46658577
5722.7500 3.45175274
5722.8000 3.46141413
5722.8500 3.47780419
5722.9000 3.49419424
5722.9500 3.5105843
5723.0000 3.52697436
5723.0500 3.52754656
5723.1000 3.52222881
5723.1500 3.51691106
5723.2000 3.51159332
5723.2500 3.50627557
5723.3000 3.50707241
5723.3500 3.51082254
5723.4000 3.51457267
5723.4500 3.5183228
5723.5000 3.52207293
5723.5500 3.51696819
5723.6000 3.50646898
5723.6500 3.49596977
5723.7000 3.48547057
5723.7500 3.47497136
5723.8000 3.47808096
5723.8500 3.49145678
5723.9000 3.50483261
5723.9500 3.51820843
5724.0000 3.53158425
5724.0500 3.53072876
5724.1000 3.51673924
5724.1500 3.50274972
5724.2000 3.4887602
5724.2500 3.47477068
5724.3000 3.46902408
5724.3500 3.47251448
5724.4000 3.47600488
5724.4500 3.47949528
5724.5000 3.48298568
5724.5500 3.47942684
5724.6000 3.46631325
5724.6500 3.45319966
5724.7000 3.44008608
5724.7500 3.42697249
5724.8000 3.41914166
5724.8500 3.41996653
5724.9000 3.42079139
5724.9500 3.42161625
5725.0000 3.42244112
5725.0500 3.42929268
5725.1000 3.44811134
5725.1500 3.46693001
5725.2000 3.48574867
5725.2500 3.50456734
5725.3000 3.51921964
5725.3500 3.52378594
5725.4000 3.52835224
5725.4500 3.53291855
5725.5000 3.53748485
5725.5500 3.53617688
5725.6000 3.51735788
5725.6500 3.49853887
5725.7000 3.47971986
5725.7500 3.46090086
5725.8000 3.44682952
5725.8500 3.45045466
5725.9000 3.4540798
5725.9500 3.45770495
5726.0000 3.46133009
5726.0500 3.46561325
5726.1000 3.47303446
5726.1500 3.48045566
5726.2000 3.48787687
5726.2500 3.49529807
5726.3000 3.50051524
5726.3500 3.49180413
5726.4000 3.48309302
5726.4500 3.47438191
5726.5000 3.46567081
5726.5500 3.45754912
5726.6000 3.45465223
5726.6500 3.45175534
5726.7000 3.44885845
5726.7500 3.44596156
5726.8000 3.44337503
5726.8500 3.44506916
5726.9000 3.44676329
5726.9500 3.44845743
5727.0000 3.45015156
5727.0500 3.45225252
5727.1000 3.46547184
5727.1500 3.47869116
5727.2000 3.49191048
5727.2500 3.50512979
5727.3000 3.51828412
5727.3500 3.51696619
5727.4000 3.51564825
5727.4500 3.51433032
5727.5000 3.51301238
5727.5500 3.51169445
5727.6000 3.51684136
5727.6500 3.52215326
5727.7000 3.52746516
5727.7500 3.53277706
5727.8000 3.53808896
5727.8500 3.51472582
5727.9000 3.48976531
5727.9500 3.4648048
5728.0000 3.43984429
5728.0500 3.41488378
5728.1000 3.44181436
5728.1500 3.47320663
5728.2000 3.5045989
5728.2500 3.53599117
5728.3000 3.56738344
5728.3500 3.56877813
5728.4000 3.56668693
5728.4500 3.56459573
5728.5000 3.56250453
5728.5500 3.56041334
5728.6000 3.56122168
5728.6500 3.56245399
5728.7000 3.56368629
5728.7500 3.5649186
5728.8000 3.56615091
5728.8500 3.54127885
5728.9000 3.51181639
5728.9500 3.48235393
5729.0000 3.45289148
5729.0500 3.42342902
5729.1000 3.43329384
5729.1500 3.45121695
5729.2000 3.46914006
5729.2500 3.48706317
5729.3000 3.50498628
5729.3500 3.49723363
5729.4000 3.48349382
5729.4500 3.46975401
5729.5000 3.45601419
5729.5500 3.44227438
5729.6000 3.44981679
5729.6500 3.46290265
5729.7000 3.4759885
5729.7500 3.48907436
5729.8000 3.50216021
5729.8500 3.50365489
5729.9000 3.50182813
5729.9500 3.50000137
5730.0000 3.49817461
5730.0500 3.49634784
5730.1000 3.48012501
5730.1500 3.45942234
5730.2000 3.43871967
5730.2500 3.418017
5730.3000 3.39731433
5730.3500 3.40902172
5730.4000 3.43155883
5730.4500 3.45409594
5730.5000 3.47663305
5730.5500 3.49917016
5730.6000 3.51781405
5730.6500 3.53507503
5730.7000 3.55233602
5730.7500 3.569597
5730.8000 3.58685799
5730.8500 3.58087387
5730.9000 3.56619259
5730.9500 3.5515113
5731.0000 3.53683001
5731.0500 3.52214872
5731.1000 3.52312826
5731.1500 3.53022751
5731.2000 3.53732676
5731.2500 3.54442601
5731.3000 3.55152527
5731.3500 3.55873187
5731.4000 3.56598194
5731.4500 3.57323201
5731.5000 3.58048209
5731.5500 3.58773216
5731.6000 3.58394977
5731.6500 3.57557482
5731.7000 3.56719987
5731.7500 3.55882491
5731.8000 3.55044996
5731.8500 3.55181097
5731.9000 3.55730849
5731.9500 3.562806
5732.0000 3.56830352
5732.0500 3.57380103
5732.1000 3.57032921
5732.1500 3.56299581
5732.2000 3.55566241
5732.2500 3.548329
5732.3000 3.5409956
5732.3500 3.54917069
5732.4000 3.56406397
5732.4500 3.57895725
5732.5000 3.59385053
5732.5500 3.60874381
5732.6000 3.60694393
5732.6500 3.59791888
5732.7000 3.58889382
5732.7500 3.57986877
5732.8000 3.57084372
5732.8500 3.55209033
5732.9000 3.5291594
5732.9500 3.50622848
5733.0000 3.48329755
5733.0500 3.46036663
5733.1000 3.46687276
5733.1500 3.48583158
5733.2000 3.50479039
5733.2500 3.52374921
5733.3000 3.54270803
5733.3500 3.54533664
5733.4000 3.541209
5733.4500 3.53708136
5733.5000 3.53295372
5733.5500 3.52882608
5733.6000 3.52207476
5733.6500 3.5142697
5733.7000 3.50646464
5733.7500 3.49865957
5733.8000 3.49085451
5733.8500 3.50133202
5733.9000 3.51888279
5733.9500 3.53643355
5734.0000 3.55398432
5734.0500 3.57153508
5734.1000 3.57582743
5734.1500 3.57521868
5734.2000 3.57460992
5734.2500 3.57400117
5734.3000 3.57339241
5734.3500 3.57243946
5734.4000 3.571366
5734.4500 3.57029253
5734.5000 3.56921906
5734.5500 3.5681456
5734.6000 3.5607308
5734.6500 3.55123246
5734.7000 3.54173412
5734.7500 3.53223578
5734.8000 3.52273744
5734.8500 3.51960369
5734.9000 3.51841197
5734.9500 3.51722026
5735.0000 3.51602854
5735.0500 3.51483683
5735.1000 3.50624635
5735.1500 3.4955837
5735.2000 3.48492104
5735.2500 3.47425838
5735.3000 3.46359573
5735.3500 3.46798921
5735.4000 3.47620127
5735.4500 3.48441334
5735.5000 3.4926254
5735.5500 3.50083746
5735.6000 3.5118569
5735.6500 3.52351083
5735.7000 3.53516476
5735.7500 3.54681869
5735.8000 3.55847262
5735.8500 3.56422149
5735.9000 3.56880437
5735.9500 3.57338726
5736.0000 3.57797015
5736.0500 3.58255304
5736.1000 3.58540627
5736.1500 3.58796863
5736.2000 3.59053098
5736.2500 3.59309334
5736.3000 3.5956557
5736.3500 3.57909281
5736.4000 3.55988384
5736.4500 3.54067488
5736.5000 3.52146591
5736.5500 3.50225695
5736.6000 3.51411035
5736.6500 3.52932464
5736.7000 3.54453893
5736.7500 3.55975322
5736.8000 3.57496751
5736.8500 3.5796308
5736.9000 3.5834725
5736.9500 3.5873142
5737.0000 3.5911559
5737.0500 3.5949976
5737.1000 3.57135109
5737.1500 3.54639826
5737.2000 3.52144543
5737.2500 3.4964926
5737.3000 3.47153977
5737.3500 3.47014736
5737.4000 3.4691625
5737.4500 3.46817765
5737.5000 3.4671928
5737.5500 3.46625391
5737.6000 3.46884741
5737.6500 3.47144092
5737.7000 3.47403443
5737.7500 3.47662793
5737.8000 3.4795899
5737.8500 3.49052306
5737.9000 3.50145621
5737.9500 3.51238937
5738.0000 3.52332252
5738.0500 3.53429893
5738.1000 3.54579375
5738.1500 3.55728857
5738.2000 3.56878339
5738.2500 3.5802782
5738.3000 3.59055218
5738.3500 3.59107958
5738.4000 3.59160697
5738.4500 3.59213437
5738.5000 3.59266177
5738.5500 3.5933591
5738.6000 3.59504154
5738.6500 3.59672399
5738.7000 3.59840643
5738.7500 3.60008888
5738.8000 3.60193249
5738.8500 3.60448889
5738.9000 3.60704529
5738.9500 3.6096017
5739.0000 3.6121581
5739.0500 3.61186056
5739.1000 3.6016291
5739.1500 3.59139764
5739.2000 3.58116618
5739.2500 3.57093473
5739.3000 3.56610018
5739.3500 3.57635495
5739.4000 3.58660973
5739.4500 3.59686451
5739.5000 3.60711929
5739.5500 3.61519741
5739.6000 3.61832012
5739.6500 3.62144283
5739.7000 3.62456554
5739.7500 3.62768825
5739.8000 3.63696592
5739.8500 3.65775313
5739.9000 3.67854034
5739.9500 3.69932755
5740.0000 3.72011477
5740.0500 3.72384191
5740.1000 3.70123798
5740.1500 3.67863405
5740.2000 3.65603013
5740.2500 3.6334262
5740.3000 3.61524396
5740.3500 3.60270325
5740.4000 3.59016254
5740.4500 3.57762183
5740.5000 3.56508112
5740.5500 3.57232196
5740.6000 3.60039167
5740.6500 3.62846139
5740.7000 3.6565311
5740.7500 3.68460082
5740.8000 3.69540442
5740.8500 3.6912798
5740.9000 3.68715518
5740.9500 3.68303055
5741.0000 3.67890593
5741.0500 3.67386249
5741.1000 3.6681726
5741.1500 3.66248271
5741.2000 3.65679282
5741.2500 3.65110293
5741.3000 3.65101097
5741.3500 3.65407891
5741.4000 3.65714686
5741.4500 3.66021481
5741.5000 3.66328276
5741.5500 3.66214244
5741.6000 3.6591367
5741.6500 3.65613096
5741.7000 3.65312523
5741.7500 3.65011949
5741.8000 3.64179458
5741.8500 3.63167802
5741.9000 3.62156147
5741.9500 3.61144491
5742.0000 3.60132836
5742.0500 3.60386848
5742.1000 3.60948034
5742.1500 3.61509219
5742.2000 3.62070405
5742.2500 3.62631591
5742.3000 3.63317082
5742.3500 3.6402233
5742.4000 3.64727578
5742.4500 3.65432826
5742.5000 3.66138074
5742.5500 3.65838571
5742.6000 3.65454664
5742.6500 3.65070757
5742.7000 3.6468685
5742.7500 3.64302943
5742.8000 3.66874839
5742.8500 3.69495874
5742.9000 3.72116909
5742.9500 3.74737943
5743.0000 3.77173762
5743.0500 3.75792983
5743.1000 3.74412204
5743.1500 3.73031425
5743.2000 3.71650646
5743.2500 3.70303956
5743.3000 3.69231918
5743.3500 3.6815988
5743.4000 3.67087843
5743.4500 3.66015805
5743.5000 3.64984514
5743.5500 3.64143943
5743.6000 3.63303371
5743.6500 3.624628
5743.7000 3.61622229
5743.7500 3.60880312
5743.8000 3.60445467
5743.8500 3.60010622
5743.9000 3.59575777
5743.9500 3.59140932
5744.0000 3.59510948
5744.0500 3.61657698
5744.1000 3.63804448
5744.1500 3.65951198
5744.2000 3.68097948
5744.2500 3.68480943
5744.3000 3.66009063
5744.3500 3.63537182
5744.4000 3.61065301
5744.4500 3.5859342
5744.5000 3.57658121
5744.5500 3.5857464
5744.6000 3.59491159
5744.6500 3.60407678
5744.7000 3.61324197
5744.7500 3.61192438
5744.8000 3.60118243
5744.8500 3.59044048
5744.9000 3.57969853
5744.9500 3.56895659
5745.0000 3.57103996
5745.0500 3.58163155
5745.1000 3.59222315
5745.1500 3.60281474
5745.2000 3.61340634
5745.2500 3.61220115
5745.3000 3.60537474
5745.3500 3.59854833
5745.4000 3.59172191
5745.4500 3.5848955
5745.5000 3.56969991
5745.5500 3.55178651
5745.6000 3.53387311
5745.6500 3.51595971
5745.7000 3.49804631
5745.7500 3.49893533
5745.8000 3.50356805
5745.8500 3.50820077
5745.9000 3.51283349
5745.9500 3.51746621
5746.0000 3.53211221
5746.0500 3.54769392
5746.1000 3.56327562
5746.1500 3.57885733
5746.2000 3.59443903
5746.2500 3.60513273
5746.3000 3.61580986
5746.3500 3.62648699
5746.4000 3.63716412
5746.4500 3.64621808
5746.5000 3.63665746
5746.5500 3.62709684
5746.6000 3.61753623
5746.6500 3.60797561
5746.7000 3.60129185
5746.7500 3.60913662
5746.8000 3.61698139
5746.8500 3.62482615
5746.9000 3.63267092
5746.9500 3.63795689
5747.0000 3.63564226
5747.0500 3.63332762
5747.1000 3.63101299
5747.1500 3.62869836
5747.2000 3.62538041
5747.2500 3.62011436
5747.3000 3.6148483
5747.3500 3.60958225
5747.4000 3.6043162
5747.4500 3.60105633
5747.5000 3.60046102
5747.5500 3.59986571
5747.6000 3.59927039
5747.6500 3.59867508
5747.7000 3.59291898
5747.7500 3.58241054
5747.8000 3.57190209
5747.8500 3.56139364
5747.9000 3.5508852
5747.9500 3.55878689
5748.0000 3.57830252
5748.0500 3.59781815
5748.1000 3.61733378
5748.1500 3.63684941
5748.2000 3.64803511
5748.2500 3.65577298
5748.3000 3.66351085
5748.3500 3.67124872
5748.4000 3.67898659
5748.4500 3.67907561
5748.5000 3.67728622
5748.5500 3.67549683
5748.6000 3.67370745
5748.6500 3.67191806
5748.7000 3.65858417
5748.7500 3.64396642
5748.8000 3.62934867
5748.8500 3.61473093
5748.9000 3.60011318
5748.9500 3.60758134
5749.0000 3.61508262
5749.0500 3.6225839
5749.1000 3.63008518
5749.1500 3.63587945
5749.2000 3.62606612
5749.2500 3.61625279
5749.3000 3.60643945
5749.3500 3.59662612
5749.4000 3.58888857
5749.4500 3.58944508
5749.5000 3.59000158
5749.5500 3.59055809
5749.6000 3.5911146
5749.6500 3.59446244
5749.7000 3.60422327
5749.7500 3.6139841
5749.8000 3.62374492
5749.8500 3.63350575
5749.9000 3.63630899
5749.9500 3.62901091
5750.0000 3.62171284
5750.0500 3.61441476
5750.1000 3.60711668
5750.1500 3.59529123
5750.2000 3.57918421
5750.2500 3.56307719
5750.3000 3.54697017
5750.3500 3.53086314
5750.4000 3.53211274
5750.4500 3.54393042
5750.5000 3.55574809
5750.5500 3.56756577
5750.6000 3.57938344
5750.6500 3.57281743
5750.7000 3.5594745
5750.7500 3.54613157
5750.8000 3.53278864
5750.8500 3.51944571
5750.9000 3.52194861
5750.9500 3.5274415
5751.0000 3.53293438
5751.0500 3.53842726
5751.1000 3.54392015
5751.1500 3.53412406
5751.2000 3.52358021
5751.2500 3.51303637
5751.3000 3.50249252
5751.3500 3.493626
5751.4000 3.50812105
5751.4500 3.5226161
5751.5000 3.53711115
5751.5500 3.5516062
5751.6000 3.5652625
5751.6500 3.57515178
5751.7000 3.58504106
5751.7500 3.59493035
5751.8000 3.60481963
5751.8500 3.60495462
5751.9000 3.58219216
5751.9500 3.55942969
5752.0000 3.53666722
5752.0500 3.51390475
5752.1000 3.50325207
5752.1500 3.50953894
5752.2000 3.5158258
5752.2500 3.52211266
5752.3000 3.52839952
5752.3500 3.53765954
5752.4000 3.54948807
5752.4500 3.56131661
5752.5000 3.57314514
5752.5500 3.58497368
5752.6000 3.5866556
5752.6500 3.58305563
5752.7000 3.57945567
5752.7500 3.57585571
5752.8000 3.57225575
5752.8500 3.56186049
5752.9000 3.54955203
5752.9500 3.53724357
5753.0000 3.52493512
5753.0500 3.51262666
5753.1000 3.50505553
5753.1500 3.49798479
5753.2000 3.49091404
5753.2500 3.4838433
5753.3000 3.4779944
5753.3500 3.51147372
5753.4000 3.54495304
5753.4500 3.57843236
5753.5000 3.61191167
5753.5500 3.63632029
5753.6000 3.61213683
5753.6500 3.58795337
5753.7000 3.56376992
5753.7500 3.53958646
5753.8000 3.52003142
5753.8500 3.51203189
5753.9000 3.50403236
5753.9500 3.49603282
5754.0000 3.48803329
5754.0500 3.48036655
5754.1000 3.47316667
5754.1500 3.46596678
5754.2000 3.45876689
5754.2500 3.45156701
5754.3000 3.44776983
5754.3500 3.44678065
5754.4000 3.44579147
5754.4500 3.44480229
5754.5000 3.44381311
5754.5500 3.44046871
5754.6000 3.43602149
5754.6500 3.43157428
5754.7000 3.42712706
5754.7500 3.42267985
5754.8000 3.43529414
5754.8500 3.45176063
5754.9000 3.46822712
5754.9500 3.48469362
5755.0000 3.50116011
5755.0500 3.50961081
5755.1000 3.51765764
5755.1500 3.52570447
5755.2000 3.53375131
5755.2500 3.53985141
5755.3000 3.52621259
5755.3500 3.51257376
5755.4000 3.49893494
5755.4500 3.48529612
5755.5000 3.4733487
5755.5500 3.46709534
5755.6000 3.46084199
5755.6500 3.45458863
5755.7000 3.44833527
5755.7500 3.45164119
5755.8000 3.47123928
5755.8500 3.49083738
5755.9000 3.51043548
5755.9500 3.53003357
5756.0000 3.5417782
5756.0500 3.54603889
5756.1000 3.55029959
5756.1500 3.55456028
5756.2000 3.55882097
5756.2500 3.57045061
5756.3000 3.58594742
5756.3500 3.60144422
5756.4000 3.61694102
5756.4500 3.63243783
5756.5000 3.62636502
5756.5500 3.6149375
5756.6000 3.60350998
5756.6500 3.59208247
5756.7000 3.58065495
5756.7500 3.57630465
5756.8000 3.57234315
5756.8500 3.56838164
5756.9000 3.56442014
5756.9500 3.55860587
5757.0000 3.53539317
5757.0500 3.51218048
5757.1000 3.48896778
5757.1500 3.46575508
5757.2000 3.45194539
5757.2500 3.46694528
5757.3000 3.48194518
5757.3500 3.49694507
5757.4000 3.51194496
5757.4500 3.52504776
5757.5000 3.53527405
5757.5500 3.54550034
5757.6000 3.55572662
5757.6500 3.56595291
5757.7000 3.56878275
5757.7500 3.56556754
5757.8000 3.56235232
5757.8500 3.5591371
5757.9000 3.55592188
5757.9500 3.5636415
5758.0000 3.57594465
5758.0500 3.5882478
5758.1000 3.60055095
5758.1500 3.6128541
5758.2000 3.59516764
5758.2500 3.57262028
5758.3000 3.55007292
5758.3500 3.52752555
5758.4000 3.50562077
5758.4500 3.51893407
5758.5000 3.53224736
5758.5500 3.54556066
5758.6000 3.55887396
5758.6500 3.56887822
5758.7000 3.5634785
5758.7500 3.55807879
5758.8000 3.55267908
5758.8500 3.54727937
5758.9000 3.54108159
5758.9500 3.53331551
5759.0000 3.52554944
5759.0500 3.51778337
5759.1000 3.5100173
5759.1500 3.50837859
5759.2000 3.51288689
5759.2500 3.51739519
5759.3000 3.52190349
5759.3500 3.5264118
5759.4000 3.53700496
5759.4500 3.55069577
5759.5000 3.56438658
5759.5500 3.5780774
5759.6000 3.59176821
5759.6500 3.59610367
5759.7000 3.59849072
5759.7500 3.60087777
5759.8000 3.60326481
5759.8500 3.60565186
5759.9000 3.60198674
5759.9500 3.59828583
5760.0000 3.59458491
5760.0500 3.590884
5760.1000 3.5913168
5760.1500 3.61311268
5760.2000 3.63490857
5760.2500 3.65670445
5760.3000 3.67850034
5760.3500 3.69008167
5760.4000 3.68107836
5760.4500 3.67207504
5760.5000 3.66307172
5760.5500 3.6540684
5760.6000 3.64573952
5760.6500 3.63807785
5760.7000 3.63041619
5760.7500 3.62275452
5760.8000 3.61509286
5760.8500 3.6066996
5760.9000 3.59795449
5760.9500 3.58920939
5761.0000 3.58046428
5761.0500 3.57171918
5761.1000 3.56822098
5761.1500 3.56565363
5761.2000 3.56308628
5761.2500 3.56051893
5761.3000 3.55745882
5761.3500 3.53511506
5761.4000 3.5127713
5761.4500 3.49042754
5761.5000 3.46808378
5761.5500 3.45182969
5761.6000 3.45962853
5761.6500 3.46742736
5761.7000 3.4752262
5761.7500 3.48302503
5761.8000 3.49542634
5761.8500 3.51531594
5761.9000 3.53520554
5761.9500 3.55509514
5762.0000 3.57498474
5762.0500 3.58375579
5762.1000 3.58381951
5762.1500 3.58388322
5762.2000 3.58394694
5762.2500 3.58401065
5762.3000 3.56650823
5762.3500 3.54291318
5762.4000 3.51931813
5762.4500 3.49572308
5762.5000 3.47212803
5762.5500 3.46345461
5762.6000 3.45597941
5762.6500 3.44850421
5762.7000 3.44102901
5762.7500 3.43589287
5762.8000 3.4496091
5762.8500 3.46332533
5762.9000 3.47704156
5762.9500 3.49075779
5763.0000 3.49998463
5763.0500 3.49856506
5763.1000 3.49714549
5763.1500 3.49572592
5763.2000 3.49430635
5763.2500 3.49152939
5763.3000 3.48730736
5763.3500 3.48308533
5763.4000 3.47886331
5763.4500 3.47464128
5763.5000 3.47345945
5763.5500 3.4737506
5763.6000 3.47404175
5763.6500 3.4743329
5763.7000 3.47462404
5763.7500 3.45995833
5763.8000 3.44294673
5763.8500 3.42593514
5763.9000 3.40892354
5763.9500 3.39248178
5764.0000 3.38551376
5764.0500 3.37854574
5764.1000 3.37157772
5764.1500 3.3646097
5764.2000 3.3709405
5764.2500 3.41704623
5764.3000 3.46315196
5764.3500 3.50925769
5764.4000 3.55536343
5764.4500 3.56638903
5764.5000 3.53382764
5764.5500 3.50126625
5764.6000 3.46870487
5764.6500 3.43614348
5764.7000 3.42397505
5764.7500 3.42313822
5764.8000 3.4223014
5764.8500 3.42146457
5764.9000 3.42062775
5764.9500 3.43132102
5765.0000 3.44419064
5765.0500 3.45706025
5765.1000 3.46992987
5765.1500 3.48206739
5765.2000 3.47714394
5765.2500 3.47222048
5765.3000 3.46729702
5765.3500 3.46237356
5765.4000 3.46053166
5765.4500 3.46831057
5765.5000 3.47608949
5765.5500 3.48386841
5765.6000 3.49164732
5765.6500 3.49883091
5765.7000 3.50527373
5765.7500 3.51171656
5765.8000 3.51815938
5765.8500 3.5246022
5765.9000 3.52454057
5765.9500 3.52097764
5766.0000 3.51741471
5766.0500 3.51385178
5766.1000 3.51028885
5766.1500 3.50579536
5766.2000 3.50114544
5766.2500 3.49649553
5766.3000 3.49184562
5766.3500 3.48735582
5766.4000 3.48522161
5766.4500 3.4830874
5766.5000 3.48095319
5766.5500 3.47881899
5766.6000 3.48140309
5766.6500 3.49656983
5766.7000 3.51173658
5766.7500 3.52690333
5766.8000 3.54207008
5766.8500 3.54822272
5766.9000 3.54473905
5766.9500 3.54125539
5767.0000 3.53777172
5767.0500 3.53428806
5767.1000 3.53625333
5767.1500 3.54060484
5767.2000 3.54495635
5767.2500 3.54930786
5767.3000 3.55365937
5767.3500 3.55040188
5767.4000 3.54638355
5767.4500 3.54236522
5767.5000 3.53834689
5767.5500 3.53654058
5767.6000 3.55032137
5767.6500 3.56410217
5767.7000 3.57788297
5767.7500 3.59166376
5767.8000 3.59699923
5767.8500 3.58601235
5767.9000 3.57502547
5767.9500 3.5640386
5768.0000 3.55305172
5768.0500 3.54869638
5768.1000 3.54956818
5768.1500 3.55043997
5768.2000 3.55131176
5768.2500 3.55218355
5768.3000 3.55712768
5768.3500 3.56322729
5768.4000 3.5693269
5768.4500 3.57542651
5768.5000 3.58152687
5768.5500 3.59048393
5768.6000 3.59944099
5768.6500 3.60839805
5768.7000 3.61735511
5768.7500 3.61837509
5768.8000 3.59175255
5768.8500 3.56513002
5768.9000 3.53850748
5768.9500 3.51188495
5769.0000 3.49790725
5769.0500 3.49954613
5769.1000 3.50118501
5769.1500 3.50282389
5769.2000 3.50446277
5769.2500 3.51444924
5769.3000 3.52848618
5769.3500 3.54252312
5769.4000 3.55656007
5769.4500 3.57059701
5769.5000 3.58384365
5769.5500 3.59700317
5769.6000 3.61016268
5769.6500 3.62332219
5769.7000 3.63213193
5769.7500 3.6117368
5769.8000 3.59134168
5769.8500 3.57094655
5769.9000 3.55055143
5769.9500 3.5340103
5770.0000 3.52431791
5770.0500 3.51462551
5770.1000 3.50493312
5770.1500 3.49524072
5770.2000 3.49845831
5770.2500 3.51057013
5770.3000 3.52268194
5770.3500 3.53479376
5770.4000 3.54690557
5770.4500 3.54772463
5770.5000 3.54615835
5770.5500 3.54459207
5770.6000 3.54302579
5770.6500 3.53945897
5770.7000 3.50491457
5770.7500 3.47037016
5770.8000 3.43582576
5770.8500 3.40128135
5770.9000 3.38706958
5770.9500 3.42092836
5771.0000 3.45478715
5771.0500 3.48864593
5771.1000 3.52250472
5771.1500 3.54514498
5771.2000 3.55804876
5771.2500 3.57095253
5771.3000 3.58385631
5771.3500 3.59676009
5771.4000 3.60059457
5771.4500 3.60179619
5771.5000 3.60299781
5771.5500 3.60419943
5771.6000 3.60526741
5771.6500 3.59821418
5771.7000 3.59116094
5771.7500 3.58410771
5771.8000 3.57705447
5771.8500 3.57174763
5771.9000 3.5714398
5771.9500 3.57113196
5772.0000 3.57082413
5772.0500 3.57051629
5772.1000 3.56538038
5772.1500 3.55547676
5772.2000 3.54557314
5772.2500 3.53566952
5772.3000 3.5257659
5772.3500 3.50592753
5772.4000 3.48275853
5772.4500 3.45958953
5772.5000 3.43642052
5772.5500 3.41325152
5772.6000 3.43020111
5772.6500 3.44730236
5772.7000 3.46440361
5772.7500 3.48150486
5772.8000 3.4936216
5772.8500 3.49038441
5772.9000 3.48714723
5772.9500 3.48391004
5773.0000 3.48067285
5773.0500 3.47303048
5773.1000 3.46090214
5773.1500 3.4487738
5773.2000 3.43664546
5773.2500 3.42451711
5773.3000 3.42834717
5773.3500 3.43757158
5773.4000 3.446796
5773.4500 3.45602041
5773.5000 3.46523989
5773.5500 3.46842469
5773.6000 3.47160948
5773.6500 3.47479428
5773.7000 3.47797907
5773.7500 3.47869367
5773.8000 3.47222168
5773.8500 3.46574968
5773.9000 3.45927769
5773.9500 3.45280569
5774.0000 3.45472265
5774.0500 3.4646252
5774.1000 3.47452775
5774.1500 3.4844303
5774.2000 3.49433285
5774.2500 3.48143533
5774.3000 3.4617416
5774.3500 3.44204787
5774.4000 3.42235413
5774.4500 3.40327368
5774.5000 3.40405069
5774.5500 3.4048277
5774.6000 3.40560471
5774.6500 3.40638172
5774.7000 3.41331813
5774.7500 3.43525534
5774.8000 3.45719255
5774.8500 3.47912975
5774.9000 3.50106696
5774.9500 3.50138525
5775.0000 3.4842812
5775.0500 3.46717715
5775.1000 3.4500731
5775.1500 3.43296906
5775.2000 3.44206832
5775.2500 3.45699986
5775.3000 3.47193139
5775.3500 3.48686293
5775.4000 3.49918448
5775.4500 3.48292592
5775.5000 3.46666736
5775.5500 3.4504088
5775.6000 3.43415024
5775.6500 3.42523159
5775.7000 3.42988724
5775.7500 3.43454288
5775.8000 3.43919852
5775.8500 3.44385417
5775.9000 3.44076301
5775.9500 3.43291907
5776.0000 3.42507512
5776.0500 3.41723117
5776.1000 3.40938723
5776.1500 3.42987362
5776.2000 3.45385746
5776.2500 3.47784129
5776.3000 3.50182512
5776.3500 3.52014229
5776.4000 3.5091471
5776.4500 3.4981519
5776.5000 3.4871567
5776.5500 3.47616151
5776.6000 3.46158756
5776.6500 3.44237343
5776.7000 3.42315931
5776.7500 3.40394519
5776.8000 3.38473107
5776.8500 3.3922054
5776.9000 3.4105598
5776.9500 3.42891421
5777.0000 3.44726862
5777.0500 3.46562302
5777.1000 3.4649361
5777.1500 3.4639964
5777.2000 3.46305671
5777.2500 3.46211701
5777.3000 3.45856045
5777.3500 3.4477437
5777.4000 3.43692695
5777.4500 3.4261102
5777.5000 3.41529345
5777.5500 3.41202038
5777.6000 3.41505721
5777.6500 3.41809404
5777.7000 3.42113088
5777.7500 3.42416771
5777.8000 3.42263494
5777.8500 3.42013725
5777.9000 3.41763957
5777.9500 3.41514188
5778.0000 3.41358977
5778.0500 3.41982151
5778.1000 3.42605324
5778.1500 3.43228498
5778.2000 3.43851672
5778.2500 3.43794103
5778.3000 3.42683024
5778.3500 3.41571944
5778.4000 3.40460865
5778.4500 3.39349786
5778.5000 3.39528495
5778.5500 3.40318985
5778.6000 3.41109475
5778.6500 3.41899965
5778.7000 3.42690455
5778.7500 3.43493699
5778.8000 3.44297398
5778.8500 3.45101096
5778.9000 3.45904795
5778.9500 3.46206265
5779.0000 3.45035782
5779.0500 3.438653
5779.1000 3.42694817
5779.1500 3.41524335
5779.2000 3.40817036
5779.2500 3.40496786
5779.3000 3.40176535
5779.3500 3.39856284
5779.4000 3.39536034
5779.4500 3.39423184
5779.5000 3.39350815
5779.5500 3.39278447
5779.6000 3.39206079
5779.6500 3.39151801
5779.7000 3.39218436
5779.7500 3.39285071
5779.8000 3.39351705
5779.8500 3.3941834
5779.9000 3.39352976
5779.9500 3.39109138
5780.0000 3.388653
5780.0500 3.38621462
5780.1000 3.38377623
5780.1500 3.39095867
5780.2000 3.40185102
5780.2500 3.41274337
5780.3000 3.42363572
5780.3500 3.43413604
5780.4000 3.42522141
5780.4500 3.41630678
5780.5000 3.40739214
5780.5500 3.39847751
5780.6000 3.391074
5780.6500 3.38689006
5780.7000 3.38270612
5780.7500 3.37852218
5780.8000 3.37433824
5780.8500 3.37270868
5780.9000 3.37264068
5780.9500 3.37257267
5781.0000 3.37250467
5781.0500 3.37243666
5781.1000 3.35375309
5781.1500 3.33352382
5781.2000 3.31329455
5781.2500 3.29306527
5781.3000 3.28418398
5781.3500 3.31381341
5781.4000 3.34344283
5781.4500 3.37307226
5781.5000 3.40270168
5781.5500 3.42080692
5781.6000 3.42883194
5781.6500 3.43685697
5781.7000 3.444882
5781.7500 3.45290702
5781.8000 3.44427077
5781.8500 3.43247935
5781.9000 3.42068793
5781.9500 3.40889651
5782.0000 3.39814847
5782.0500 3.39332747
5782.1000 3.38850646
5782.1500 3.38368545
5782.2000 3.37886445
5782.2500 3.37884312
5782.3000 3.38445296
5782.3500 3.3900628
5782.4000 3.39567265
5782.4500 3.40128249
5782.5000 3.38955951
5782.5500 3.37272166
5782.6000 3.35588381
5782.6500 3.33904597
5782.7000 3.32426984
5782.7500 3.33149195
5782.8000 3.33871405
5782.8500 3.34593615
5782.9000 3.35315825
5782.9500 3.35701505
5783.0000 3.35584041
5783.0500 3.35466577
5783.1000 3.35349114
5783.1500 3.3523165
5783.2000 3.36889607
5783.2500 3.3924684
5783.3000 3.41604072
5783.3500 3.43961304
5783.4000 3.46235286
5783.4500 3.46255482
5783.5000 3.46275677
5783.5500 3.46295872
5783.6000 3.46316067
5783.6500 3.4510484
5783.7000 3.41659771
5783.7500 3.38214703
5783.8000 3.34769634
5783.8500 3.31324565
5783.9000 3.30302443
5783.9500 3.30438169
5784.0000 3.30573896
5784.0500 3.30709622
5784.1000 3.30845348
5784.1500 3.30391941
5784.2000 3.29938232
5784.2500 3.29484524
5784.3000 3.29030815
5784.3500 3.29393877
5784.4000 3.31462034
5784.4500 3.33530191
5784.5000 3.35598348
5784.5500 3.37666505
5784.6000 3.38587774
5784.6500 3.3889098
5784.7000 3.39194185
5784.7500 3.39497391
5784.8000 3.39800596
5784.8500 3.38762525
5784.9000 3.376933
5784.9500 3.36624074
5785.0000 3.35554848
5785.0500 3.34680086
5785.1000 3.34245664
5785.1500 3.33811243
5785.2000 3.33376821
5785.2500 3.32942399
5785.3000 3.32140141
5785.3500 3.311282
5785.4000 3.30116259
5785.4500 3.29104318
5785.5000 3.28092377
5785.5500 3.28993867
5785.6000 3.29956441
5785.6500 3.30919015
5785.7000 3.31881589
5785.7500 3.32455452
5785.8000 3.32134105
5785.8500 3.31812759
5785.9000 3.31491413
5785.9500 3.31170066
5786.0000 3.30259006
5786.0500 3.29013337
5786.1000 3.27767668
5786.1500 3.26522
5786.2000 3.25276331
5786.2500 3.25315808
5786.3000 3.25388521
5786.3500 3.25461235
5786.4000 3.25533949
5786.4500 3.2578273
5786.5000 3.26417714
5786.5500 3.27052698
5786.6000 3.27687683
5786.6500 3.28322667
5786.7000 3.27381122
5786.7500 3.25601947
5786.8000 3.23822772
5786.8500 3.22043597
5786.9000 3.20264423
5786.9500 3.21781039
5787.0000 3.23315927
5787.0500 3.24850815
5787.1000 3.26385704
5787.1500 3.28071623
5787.2000 3.30054023
5787.2500 3.32036422
5787.3000 3.34018821
5787.3500 3.36001221
5787.4000 3.35845566
5787.4500 3.34693216
5787.5000 3.33540867
5787.5500 3.32388518
5787.6000 3.31308209
5787.6500 3.32713901
5787.7000 3.34119593
5787.7500 3.35525285
5787.8000 3.36930977
5787.8500 3.36973482
5787.9000 3.34752024
5787.9500 3.32530567
5788.0000 3.30309109
5788.0500 3.28087651
5788.1000 3.27546609
5788.1500 3.27642807
5788.2000 3.27739005
5788.2500 3.27835203
5788.3000 3.28034444
5788.3500 3.29489577
5788.4000 3.30944711
5788.4500 3.32399845
5788.5000 3.33854979
5788.5500 3.33640485
5788.6000 3.31196048
5788.6500 3.2875161
5788.7000 3.26307173
5788.7500 3.23862735
5788.8000 3.23941681
5788.8500 3.24723897
5788.9000 3.25506114
5788.9500 3.2628833
5789.0000 3.27098696
5789.0500 3.28085656
5789.1000 3.29072615
5789.1500 3.30059575
5789.2000 3.31046535
5789.2500 3.31200393
5789.3000 3.30502563
5789.3500 3.29804733
5789.4000 3.29106903
5789.4500 3.28409073
5789.5000 3.28911066
5789.5500 3.29619764
5789.6000 3.30328461
5789.6500 3.31037159
5789.7000 3.31979814
5789.7500 3.33786127
5789.8000 3.3559244
5789.8500 3.37398753
5789.9000 3.39205066
5789.9500 3.39591095
5790.0000 3.38926572
5790.0500 3.3826205
5790.1000 3.37597527
5790.1500 3.36933005
5790.2000 3.37380624
5790.2500 3.37901696
5790.3000 3.38422769
5790.3500 3.38943841
5790.4000 3.39121496
5790.4500 3.38508536
5790.5000 3.37895577
5790.5500 3.37282618
5790.6000 3.36669658
5790.6500 3.36344663
5790.7000 3.36162032
5790.7500 3.35979401
5790.8000 3.3579677
5790.8500 3.35551052
5790.9000 3.33666666
5790.9500 3.3178228
5791.0000 3.29897894
5791.0500 3.28013508
5791.1000 3.27429124
5791.1500 3.28742537
5791.2000 3.3005595
5791.2500 3.31369363
5791.3000 3.32682776
5791.3500 3.32416226
5791.4000 3.31697657
5791.4500 3.30979089
5791.5000 3.3026052
5791.5500 3.2947571
5791.6000 3.28315901
5791.6500 3.27156092
5791.7000 3.25996283
5791.7500 3.24836473
5791.8000 3.2429144
5791.8500 3.2430428
5791.9000 3.24317121
5791.9500 3.24329961
5792.0000 3.24342802
5792.0500 3.23304281
5792.1000 3.2214889
5792.1500 3.20993498
5792.2000 3.19838106
5792.2500 3.19738761
5792.3000 3.22392839
5792.3500 3.25046918
5792.4000 3.27700997
5792.4500 3.30355076
5792.5000 3.29761444
5792.5500 3.27464997
5792.6000 3.25168551
5792.6500 3.22872104
5792.7000 3.20720969
5792.7500 3.22415265
5792.8000 3.24109561
5792.8500 3.25803856
5792.9000 3.27498152
5792.9500 3.28440156
5793.0000 3.28336223
5793.0500 3.2823229
5793.1000 3.28128358
5793.1500 3.28024425
5793.2000 3.25698717
5793.2500 3.22823985
5793.3000 3.19949252
5793.3500 3.17074519
5793.4000 3.15377139
5793.4500 3.18801229
5793.5000 3.22225319
5793.5500 3.25649409
5793.6000 3.29073499
5793.6500 3.30309036
5793.7000 3.29917269
5793.7500 3.29525502
5793.8000 3.29133735
5793.8500 3.28741968
5793.9000 3.28748704
5793.9500 3.28771298
5794.0000 3.28793892
5794.0500 3.28816486
5794.1000 3.28215814
5794.1500 3.2646515
5794.2000 3.24714486
5794.2500 3.22963822
5794.3000 3.21213158
5794.3500 3.19862992
5794.4000 3.18651506
5794.4500 3.1744002
5794.5000 3.16228534
5794.5500 3.15551748
5794.6000 3.18281404
5794.6500 3.21011059
5794.7000 3.23740714
5794.7500 3.26470369
5794.8000 3.27302209
5794.8500 3.26451839
5794.9000 3.25601469
5794.9500 3.24751099
5795.0000 3.23900729
5795.0500 3.22676582
5795.1000 3.21422616
5795.1500 3.2016865
5795.2000 3.18914684
5795.2500 3.1861818
5795.3000 3.20322202
5795.3500 3.22026223
5795.4000 3.23730245
5795.4500 3.25434266
5795.5000 3.23515375
5795.5500 3.20207215
5795.6000 3.16899055
5795.6500 3.13590894
5795.7000 3.10703972
5795.7500 3.10806075
5795.8000 3.10908177
5795.8500 3.1101028
5795.9000 3.11112382
5795.9500 3.11612397
5796.0000 3.12471296
5796.0500 3.13330195
5796.1000 3.14189093
5796.1500 3.15047992
5796.2000 3.14420368
5796.2500 3.13680194
5796.3000 3.12940021
5796.3500 3.12199847
5796.4000 3.12581967
5796.4500 3.151918
5796.5000 3.17801634
5796.5500 3.20411467
5796.6000 3.230213
5796.6500 3.21960965
5796.7000 3.19624312
5796.7500 3.1728766
5796.8000 3.14951007
5796.8500 3.13148398
5796.9000 3.14360105
5796.9500 3.15571811
5797.0000 3.16783518
5797.0500 3.17995224
5797.1000 3.18845941
5797.1500 3.19413715
5797.2000 3.19981489
5797.2500 3.20549263
5797.3000 3.21117037
5797.3500 3.21227606
5797.4000 3.21325133
5797.4500 3.2142266
5797.5000 3.21520186
5797.5500 3.21876299
5797.6000 3.22644612
5797.6500 3.23412926
5797.7000 3.2418124
5797.7500 3.24949554
5797.8000 3.23601776
5797.8500 3.2172595
5797.9000 3.19850124
5797.9500 3.17974298
5798.0000 3.16653795
5798.0500 3.17341057
5798.1000 3.18028319
5798.1500 3.18715581
5798.2000 3.19402843
5798.2500 3.20020319
5798.3000 3.20597612
5798.3500 3.21174905
5798.4000 3.21752198
5798.4500 3.22250341
5798.5000 3.21364681
5798.5500 3.20479022
5798.6000 3.19593362
5798.6500 3.18707702
5798.7000 3.17716869
5798.7500 3.16609875
5798.8000 3.15502881
5798.8500 3.14395887
5798.9000 3.13288893
5798.9500 3.14563458
5799.0000 3.16109064
5799.0500 3.1765467
5799.1000 3.19200276
5799.1500 3.19729852
5799.2000 3.18120417
5799.2500 3.16510981
5799.3000 3.14901546
5799.3500 3.1329211
5799.4000 3.13492054
5799.4500 3.14302166
5799.5000 3.15112278
5799.5500 3.1592239
5799.6000 3.16427978
5799.6500 3.15499655
5799.7000 3.14571331
5799.7500 3.13643007
5799.8000 3.12714684
5799.8500 3.12984363
5799.9000 3.14039173
5799.9500 3.15093983
5800.0000 3.16148793
5800.0500 3.17201907
5800.1000 3.18207691
5800.1500 3.19213476
5800.2000 3.2021926
5800.2500 3.21225045
5800.3000 3.21996492
5800.3500 3.22500116
5800.4000 3.2300374
5800.4500 3.23507365
5800.5000 3.24010989
5800.5500 3.23717656
5800.6000 3.23336064
5800.6500 3.22954472
5800.7000 3.22572881
5800.7500 3.22365138
5800.8000 3.22501711
5800.8500 3.22638285
5800.9000 3.22774858
5800.9500 3.22911432
5801.0000 3.22546498
5801.0500 3.22033695
5801.1000 3.21520893
5801.1500 3.21008091
5801.2000 3.2015682
5801.2500 3.18037219
5801.3000 3.15917618
5801.3500 3.13798018
5801.4000 3.11678417
5801.4500 3.1120405
5801.5000 3.11613332
5801.5500 3.12022614
5801.6000 3.12431896
5801.6500 3.12711988
5801.7000 3.11718254
5801.7500 3.10724519
5801.8000 3.09730784
5801.8500 3.08737049
5801.9000 3.09083622
5801.9500 3.10594406
5802.0000 3.1210519
5802.0500 3.13615974
5802.1000 3.15126758
5802.1500 3.15311255
5802.2000 3.15468417
5802.2500 3.15625579
5802.3000 3.15782741
5802.3500 3.15395931
5802.4000 3.14276256
5802.4500 3.1315658
5802.5000 3.12036904
5802.5500 3.10917229
5802.6000 3.1104317
5802.6500 3.11348965
5802.7000 3.11654759
5802.7500 3.11960553
5802.8000 3.12379488
5802.8500 3.13035343
5802.9000 3.13691199
5802.9500 3.14347054
5803.0000 3.15002909
5803.0500 3.15898071
5803.1000 3.16863046
5803.1500 3.17828022
5803.2000 3.18792998
5803.2500 3.19158043
5803.3000 3.17476379
5803.3500 3.15794716
5803.4000 3.14113052
5803.4500 3.12431388
5803.5000 3.10936858
5803.5500 3.09530076
5803.6000 3.08123295
5803.6500 3.06716513
5803.7000 3.05638862
5803.7500 3.06644108
5803.8000 3.07649354
5803.8500 3.086546
5803.9000 3.09659847
5803.9500 3.09905546
5804.0000 3.09631461
5804.0500 3.09357376
5804.1000 3.09083291
5804.1500 3.0883648
5804.2000 3.09081523
5804.2500 3.09326566
5804.3000 3.0957161
5804.3500 3.09816653
5804.4000 3.09576583
5804.4500 3.08875883
5804.5000 3.08175183
5804.5500 3.07474483
5804.6000 3.06773782
5804.6500 3.08161221
5804.7000 3.09602361
5804.7500 3.110435
5804.8000 3.12484639
5804.8500 3.13484555
5804.9000 3.13919464
5804.9500 3.14354373
5805.0000 3.14789281
5805.0500 3.1522419
5805.1000 3.13863622
5805.1500 3.12311572
5805.2000 3.10759522
5805.2500 3.09207472
5805.3000 3.08021407
5805.3500 3.07457571
5805.4000 3.06893735
5805.4500 3.06329899
5805.5000 3.05766062
5805.5500 3.07394347
5805.6000 3.0944439
5805.6500 3.11494432
5805.7000 3.13544474
5805.7500 3.14265096
5805.8000 3.1200616
5805.8500 3.09747223
5805.9000 3.07488287
5805.9500 3.05229351
5806.0000 3.0510245
5806.0500 3.05576964
5806.1000 3.06051478
5806.1500 3.06525992
5806.2000 3.06549403
5806.2500 3.05241005
5806.3000 3.03932608
5806.3500 3.02624211
5806.4000 3.01315813
5806.4500 3.0176571
5806.5000 3.02873779
5806.5500 3.03981847
5806.6000 3.05089916
5806.6500 3.06207691
5806.7000 3.07363379
5806.7500 3.08519068
5806.8000 3.09674756
5806.8500 3.10830444
5806.9000 3.09939759
5806.9500 3.08093149
5807.0000 3.06246539
5807.0500 3.0439993
5807.1000 3.03089628
5807.1500 3.04574958
5807.2000 3.06060288
5807.2500 3.07545618
5807.3000 3.09030947
5807.3500 3.09801412
5807.4000 3.1017307
5807.4500 3.10544727
5807.5000 3.10916385
5807.5500 3.10976548
5807.6000 3.0884461
5807.6500 3.06712673
5807.7000 3.04580735
5807.7500 3.02448797
5807.8000 3.02234657
5807.8500 3.03254294
5807.9000 3.0427393
5807.9500 3.05293566
5808.0000 3.06235314
5808.0500 3.06428155
5808.1000 3.06620996
5808.1500 3.06813838
5808.2000 3.07006679
5808.2500 3.05488872
5808.3000 3.02739785
5808.3500 2.99990698
5808.4000 2.97241611
5808.4500 2.94749734
5808.5000 2.95658287
5808.5500 2.9656684
5808.6000 2.97475393
5808.6500 2.98383945
5808.7000 2.9874703
5808.7500 2.98682842
5808.8000 2.98618654
5808.8500 2.98554466
5808.9000 2.98444536
5808.9500 2.97513542
5809.0000 2.96582548
5809.0500 2.95651553
5809.1000 2.94720559
5809.1500 2.95560052
5809.2000 2.97869509
5809.2500 3.00178967
5809.3000 3.02488424
5809.3500 3.04749677
5809.4000 3.05899088
5809.4500 3.070485
5809.5000 3.08197911
5809.5500 3.09347323
5809.6000 3.0916347
5809.6500 3.07836181
5809.7000 3.06508892
5809.7500 3.05181603
5809.8000 3.03907815
5809.8500 3.04039269
5809.9000 3.04170723
5809.9500 3.04302177
5810.0000 3.04433631
5810.0500 3.04660239
5810.1000 3.04969014
5810.1500 3.0527779
5810.2000 3.05586566
5810.2500 3.05840853
5810.3000 3.04720916
5810.3500 3.0360098
5810.4000 3.02481043
5810.4500 3.01361106
5810.5000 2.98883003
5810.5500 2.95253741
5810.6000 2.91624479
5810.6500 2.87995216
5810.7000 2.84780736
5810.7500 2.90179672
5810.8000 2.95578609
5810.8500 3.00977545
5810.9000 3.06376481
5810.9500 3.08444342
5811.0000 3.07811176
5811.0500 3.07178009
5811.1000 3.06544843
5811.1500 3.05919222
5811.2000 3.05411619
5811.2500 3.04904015
5811.3000 3.04396412
5811.3500 3.03888809
5811.4000 3.03746323
5811.4500 3.03879784
5811.5000 3.04013246
5811.5500 3.04146707
5811.6000 3.04307976
5811.6500 3.04786477
5811.7000 3.05264979
5811.7500 3.0574348
5811.8000 3.06221982
5811.8500 3.06131139
5811.9000 3.05649889
5811.9500 3.05168639
5812.0000 3.04687389
5812.0500 3.04259767
5812.1000 3.04277658
5812.1500 3.04295549
5812.2000 3.0431344
5812.2500 3.04331331
5812.3000 3.0427079
5812.3500 3.04162836
5812.4000 3.04054882
5812.4500 3.03946928
5812.5000 3.03422621
5812.5500 3.00354238
5812.6000 2.97285856
5812.6500 2.94217474
5812.7000 2.91149092
5812.7500 2.89273881
5812.8000 2.88014367
5812.8500 2.86754853
5812.9000 2.85495339
5812.9500 2.84929454
5813.0000 2.87519244
5813.0500 2.90109034
5813.1000 2.92698824
5813.1500 2.95288615
5813.2000 2.97390163
5813.2500 2.99284805
5813.3000 3.01179448
5813.3500 3.03074091
5813.4000 3.04487071
5813.4500 3.04251502
5813.5000 3.04015932
5813.5500 3.03780362
5813.6000 3.03544793
5813.6500 3.03193699
5813.7000 3.02804396
5813.7500 3.02415092
5813.8000 3.02025789
5813.8500 3.01715823
5813.9000 3.01611515
5813.9500 3.01507206
5814.0000 3.01402897
5814.0500 3.01298588
5814.1000 3.00735453
5814.1500 3.00062522
5814.2000 2.9938959
5814.2500 2.98716658
5814.3000 2.98273954
5814.3500 2.98284144
5814.4000 2.98294335
5814.4500 2.98304525
5814.5000 2.98314715
5814.5500 2.98329772
5814.6000 2.98345565
5814.6500 2.98361357
5814.7000 2.9837715
5814.7500 2.99044584
5814.8000 3.00681276
5814.8500 3.02317968
5814.9000 3.03954659
5814.9500 3.05591351
5815.0000 3.01854434
5815.0500 2.97755694
5815.1000 2.93656954
5815.1500 2.89558214
5815.2000 2.87496816
5815.2500 2.8770175
5815.3000 2.87906683
5815.3500 2.88111617
5815.4000 2.88335025
5815.4500 2.90150577
5815.5000 2.91966129
5815.5500 2.93781681
5815.6000 2.95597234
5815.6500 2.96667549
5815.7000 2.97130922
5815.7500 2.97594295
5815.8000 2.98057668
5815.8500 2.98326104
5815.9000 2.96679723
5815.9500 2.95033343
5816.0000 2.93386963
5816.0500 2.91740582
5816.1000 2.91055589
5816.1500 2.90922602
5816.2000 2.90789615
5816.2500 2.90656629
5816.3000 2.90729096
5816.3500 2.91739426
5816.4000 2.92749755
5816.4500 2.93760085
5816.5000 2.94770414
5816.5500 2.96825073
5816.6000 2.99274383
5816.6500 3.01723693
5816.7000 3.04173003
5816.7500 3.0525888
5816.8000 3.02720849
5816.8500 3.00182818
5816.9000 2.97644786
5816.9500 2.95106755
5817.0000 2.94406209
5817.0500 2.94101904
5817.1000 2.93797598
5817.1500 2.93493292
5817.2000 2.94100849
5817.2500 2.96238355
5817.3000 2.9837586
5817.3500 3.00513366
5817.4000 3.02650872
5817.4500 3.00744671
5817.5000 2.98514658
5817.5500 2.96284645
5817.6000 2.94054632
5817.6500 2.91702016
5817.7000 2.89216513
5817.7500 2.8673101
5817.8000 2.84245507
5817.8500 2.81894631
5817.9000 2.83202404
5817.9500 2.84510178
5818.0000 2.85817951
5818.0500 2.87125724
5818.1000 2.88453381
5818.1500 2.89794702
5818.2000 2.91136022
5818.2500 2.92477342
5818.3000 2.93626215
5818.3500 2.93697321
5818.4000 2.93768428
5818.4500 2.93839534
5818.5000 2.9391064
5818.5500 2.94541435
5818.6000 2.95398717
5818.6500 2.96256
5818.7000 2.97113282
5818.7500 2.98016354
5818.8000 2.99040802
5818.8500 3.0006525
5818.9000 3.01089698
5818.9500 3.02114146
5819.0000 3.0270099
5819.0500 3.03202933
5819.1000 3.03704877
5819.1500 3.0420682
5819.2000 3.0374607
5819.2500 3.01857475
5819.3000 2.9996888
5819.3500 2.98080284
5819.4000 2.96191689
5819.4500 2.95075895
5819.5000 2.93984408
5819.5500 2.9289292
5819.6000 2.91801433
5819.6500 2.92485644
5819.7000 2.94695328
5819.7500 2.96905011
5819.8000 2.99114695
5819.8500 3.00849981
5819.9000 2.98662721
5819.9500 2.9647546
5820.0000 2.942882
5820.0500 2.9210094
5820.1000 2.91091441
5820.1500 2.90637497
5820.2000 2.90183553
5820.2500 2.89729609
5820.3000 2.89592727
5820.3500 2.90393599
5820.4000 2.91194471
5820.4500 2.91995342
5820.5000 2.92796214
5820.5500 2.92472848
5820.6000 2.91915071
5820.6500 2.91357295
5820.7000 2.90799518
5820.7500 2.91505115
5820.8000 2.94075585
5820.8500 2.96646055
5820.9000 2.99216525
5820.9500 3.01786996
5821.0000 3.01515431
5821.0500 3.01191337
5821.1000 3.00867243
5821.1500 3.00543149
5821.2000 2.99023289
5821.2500 2.96569396
5821.3000 2.94115502
5821.3500 2.91661609
5821.4000 2.89745578
5821.4500 2.9106246
5821.5000 2.92379343
5821.5500 2.93696225
5821.6000 2.95013108
5821.6500 2.96552109
5821.7000 2.98175178
5821.7500 2.99798247
5821.8000 3.01421316
5821.8500 3.01834472
5821.9000 2.9955249
5821.9500 2.97270507
5822.0000 2.94988525
5822.0500 2.92706542
5822.1000 2.91606865
5822.1500 2.90644667
5822.2000 2.89682469
5822.2500 2.88720271
5822.3000 2.8874032
5822.3500 2.89809935
5822.4000 2.9087955
5822.4500 2.91949164
5822.5000 2.9301494
5822.5500 2.94031701
5822.6000 2.95048463
5822.6500 2.96065225
5822.7000 2.97081987
5822.7500 2.9661182
5822.8000 2.95387363
5822.8500 2.94162905
5822.9000 2.92938448
5822.9500 2.91742071
5823.0000 2.90627364
5823.0500 2.89512656
5823.1000 2.88397948
5823.1500 2.87283241
5823.2000 2.88483605
5823.2500 2.90092922
5823.3000 2.9170224
5823.3500 2.93311557
5823.4000 2.94283451
5823.4500 2.94461933
5823.5000 2.94640415
5823.5500 2.94818896
5823.6000 2.94972378
5823.6500 2.9456557
5823.7000 2.94158761
5823.7500 2.93751952
5823.8000 2.93345143
5823.8500 2.91677709
5823.9000 2.89305904
5823.9500 2.86934098
5824.0000 2.84562292
5824.0500 2.83455293
5824.1000 2.86310552
5824.1500 2.8916581
5824.2000 2.92021068
5824.2500 2.94876326
5824.3000 2.93749839
5824.3500 2.91887446
5824.4000 2.90025053
5824.4500 2.8816266
5824.5000 2.89264257
5824.5500 2.94023039
5824.6000 2.98781821
5824.6500 3.03540603
5824.7000 3.07646571
5824.7500 3.00065288
5824.8000 2.92484004
5824.8500 2.8490272
5824.9000 2.77321437
5824.9500 2.79002204
5825.0000 2.854595
5825.0500 2.91916796
5825.1000 2.98374092
5825.1500 3.01458117
5825.2000 2.95338835
5825.2500 2.89219552
5825.3000 2.83100269
5825.3500 2.76980987
5825.4000 2.77500058
5825.4500 2.78939075
5825.5000 2.80378092
5825.5500 2.81817109
5825.6000 2.83146389
5825.6500 2.84361438
5825.7000 2.85576486
5825.7500 2.86791534
5825.8000 2.87592052
5825.8500 2.84792069
5825.9000 2.81992086
5825.9500 2.79192104
5826.0000 2.76392121
5826.0500 2.77141583
5826.1000 2.79284187
5826.1500 2.81426791
5826.2000 2.83569395
5826.2500 2.84452163
5826.3000 2.82829947
5826.3500 2.8120773
5826.4000 2.79585513
5826.4500 2.77963296
5826.5000 2.81794453
5826.5500 2.85896119
5826.6000 2.89997784
5826.6500 2.9409945
5826.7000 2.94058778
5826.7500 2.90924362
5826.8000 2.87789946
5826.8500 2.8465553
5826.9000 2.81768527
5826.9500 2.79910884
5827.0000 2.78053241
5827.0500 2.76195597
5827.1000 2.74337954
5827.1500 2.77454878
5827.2000 2.81688187
5827.2500 2.85921497
5827.3000 2.90154807
5827.3500 2.91561868
5827.4000 2.89390189
5827.4500 2.87218509
5827.5000 2.8504683
5827.5500 2.8301933
5827.6000 2.82986485
5827.6500 2.8295364
5827.7000 2.82920794
5827.7500 2.82887949
5827.8000 2.84016739
5827.8500 2.85654894
5827.9000 2.87293048
5827.9500 2.88931203
5828.0000 2.89719521
5828.0500 2.88739151
5828.1000 2.87758782
5828.1500 2.86778413
5828.2000 2.85798044
5828.2500 2.83559962
5828.3000 2.8126335
5828.3500 2.78966739
5828.4000 2.76670127
5828.4500 2.77666715
5828.5000 2.80969555
5828.5500 2.84272396
5828.6000 2.87575237
5828.6500 2.90357194
5828.7000 2.91317262
5828.7500 2.92277331
5828.8000 2.93237399
5828.8500 2.94197467
5828.9000 2.95412244
5828.9500 2.96669121
5829.0000 2.97925997
5829.0500 2.99182874
5829.1000 2.9897727
5829.1500 2.97283139
5829.2000 2.95589009
5829.2500 2.93894878
5829.3000 2.92471592
5829.3500 2.92789224
5829.4000 2.93106856
5829.4500 2.93424488
5829.5000 2.9374212
5829.5500 2.93628135
5829.6000 2.93389047
5829.6500 2.93149959
5829.7000 2.92910871
5829.7500 2.92849769
5829.8000 2.93036936
5829.8500 2.93224104
5829.9000 2.93411271
5829.9500 2.93438217
5830.0000 2.910176
5830.0500 2.88596982
5830.1000 2.86176364
5830.1500 2.83755746
5830.2000 2.81479634
5830.2500 2.79263427
5830.3000 2.7704722
5830.3500 2.74831013
5830.4000 2.74204988
5830.4500 2.76480225
5830.5000 2.78755462
5830.5500 2.81030698
5830.6000 2.83292463
5830.6500 2.80707136
5830.7000 2.7812181
5830.7500 2.75536483
5830.8000 2.72951156
5830.8500 2.74322642
5830.9000 2.7779572
5830.9500 2.81268798
5831.0000 2.84741876
5831.0500 2.87266764
5831.1000 2.87631688
5831.1500 2.87996612
5831.2000 2.88361537
5831.2500 2.88726461
5831.3000 2.8746002
5831.3500 2.86123186
5831.4000 2.84786352
5831.4500 2.83449518
5831.5000 2.8251407
5831.5500 2.8183115
5831.6000 2.8114823
5831.6500 2.8046531
5831.7000 2.80343848
5831.7500 2.81735629
5831.8000 2.8312741
5831.8500 2.84519191
5831.9000 2.85910972
5831.9500 2.83125433
5832.0000 2.80020823
5832.0500 2.76916213
5832.1000 2.73811604
5832.1500 2.73976013
5832.2000 2.76420842
5832.2500 2.78865671
5832.3000 2.813105
5832.3500 2.84024806
5832.4000 2.87544433
5832.4500 2.9106406
5832.5000 2.94583687
5832.5500 2.98103315
5832.6000 2.96916001
5832.6500 2.95285746
5832.7000 2.93655492
5832.7500 2.92025237
5832.8000 2.89562976
5832.8500 2.86495438
5832.9000 2.83427901
5832.9500 2.80360363
5833.0000 2.78087137
5833.0500 2.78256696
5833.1000 2.78426254
5833.1500 2.78595813
5833.2000 2.78765372
5833.2500 2.82349086
5833.3000 2.86256095
5833.3500 2.90163105
5833.4000 2.94070114
5833.4500 2.93331447
5833.5000 2.89273131
5833.5500 2.85214815
5833.6000 2.81156499
5833.6500 2.7826199
5833.7000 2.78774876
5833.7500 2.79287763
5833.8000 2.79800649
5833.8500 2.80313536
5833.9000 2.8162257
5833.9500 2.8299377
5834.0000 2.84364969
5834.0500 2.85736169
5834.1000 2.85091609
5834.1500 2.83115304
5834.2000 2.81139
5834.2500 2.79162695
5834.3000 2.78069534
5834.3500 2.79265628
5834.4000 2.80461721
5834.4500 2.81657815
5834.5000 2.82853908
5834.5500 2.80640668
5834.6000 2.7827133
5834.6500 2.75901992
5834.7000 2.73532654
5834.7500 2.73608231
5834.8000 2.75085065
5834.8500 2.76561899
5834.9000 2.78038733
5834.9500 2.79151166
5835.0000 2.79477564
5835.0500 2.79803963
5835.1000 2.80130361
5835.1500 2.8045676
5835.2000 2.82207164
5835.2500 2.83958353
5835.3000 2.85709543
5835.3500 2.87460732
5835.4000 2.85832912
5835.4500 2.82642342
5835.5000 2.79451773
5835.5500 2.76261204
5835.6000 2.75137464
5835.6500 2.77537356
5835.7000 2.79937247
5835.7500 2.82337139
5835.8000 2.84541952
5835.8500 2.83535423
5835.9000 2.82528895
5835.9500 2.81522366
5836.0000 2.80515837
5836.0500 2.80204695
5836.1000 2.80129755
5836.1500 2.80054815
5836.2000 2.79979875
5836.2500 2.7872681
5836.3000 2.75957521
5836.3500 2.73188232
5836.4000 2.70418943
5836.4500 2.68234592
5836.5000 2.69975704
5836.5500 2.71716816
5836.6000 2.73457928
5836.6500 2.75199039
5836.7000 2.7603747
5836.7500 2.76682746
5836.8000 2.77328023
5836.8500 2.77973299
5836.9000 2.76859459
5836.9500 2.74118
5837.0000 2.7137654
5837.0500 2.68635081
5837.1000 2.66775231
5837.1500 2.6810188
5837.2000 2.6942853
5837.2500 2.7075518
5837.3000 2.72081829
5837.3500 2.68723466
5837.4000 2.64933435
5837.4500 2.61143403
5837.5000 2.57353372
5837.5500 2.5791113
5837.6000 2.61177111
5837.6500 2.64443093
5837.7000 2.67709075
5837.7500 2.69283622
5837.8000 2.67236536
5837.8500 2.65189451
5837.9000 2.63142365
5837.9500 2.61125975
5838.0000 2.60464665
5838.0500 2.59803355
5838.1000 2.59142045
5838.1500 2.58480734
5838.2000 2.60035311
5838.2500 2.62419591
5838.3000 2.64803871
5838.3500 2.67188152
5838.4000 2.67180228
5838.4500 2.64060372
5838.5000 2.60940516
5838.5500 2.5782066
5838.6000 2.56162333
5838.6500 2.63242098
5838.7000 2.70321862
5838.7500 2.77401626
5838.8000 2.84481391
5838.8500 2.79956048
5838.9000 2.73440194
5838.9500 2.6692434
5839.0000 2.60408486
5839.0500 2.59267768
5839.1000 2.62256726
5839.1500 2.65245683
5839.2000 2.6823464
5839.2500 2.7012063
5839.3000 2.69157289
5839.3500 2.68193948
5839.4000 2.67230607
5839.4500 2.66267266
5839.5000 2.65881851
5839.5500 2.65499779
5839.6000 2.65117707
5839.6500 2.64735635
5839.7000 2.65130189
5839.7500 2.65840331
5839.8000 2.66550472
5839.8500 2.67260614
5839.9000 2.69041743
5839.9500 2.72245503
5840.0000 2.75449264
5840.0500 2.78653024
5840.1000 2.81671034
5840.1500 2.83632764
5840.2000 2.85594494
5840.2500 2.87556224
5840.3000 2.89517954
5840.3500 2.89412087
5840.4000 2.89000665
5840.4500 2.88589243
5840.5000 2.8817782
5840.5500 2.84588711
5840.6000 2.78832726
5840.6500 2.73076741
5840.7000 2.67320756
5840.7500 2.64723938
5840.8000 2.68855397
5840.8500 2.72986857
5840.9000 2.77118317
5840.9500 2.80908609
5841.0000 2.77638002
5841.0500 2.74367396
5841.1000 2.71096789
5841.1500 2.67826183
5841.2000 2.70507588
5841.2500 2.74923958
5841.3000 2.79340329
5841.3500 2.83756699
5841.4000 2.86385616
5841.4500 2.87256406
5841.5000 2.88127195
5841.5500 2.88997985
5841.6000 2.89195197
5841.6500 2.87207035
5841.7000 2.85218873
5841.7500 2.83230711
5841.8000 2.81242549
5841.8500 2.8418351
5841.9000 2.87283733
5841.9500 2.90383956
5842.0000 2.93484179
5842.0500 2.91738467
5842.1000 2.87949679
5842.1500 2.84160891
5842.2000 2.80372102
5842.2500 2.78097725
5842.3000 2.77752427
5842.3500 2.77407129
5842.4000 2.77061831
5842.4500 2.76630632
5842.5000 2.75802152
5842.5500 2.74973672
5842.6000 2.74145192
5842.6500 2.73316711
5842.7000 2.77999226
5842.7500 2.8317791
5842.8000 2.88356593
5842.8500 2.93535277
5842.9000 2.90182487
5842.9500 2.8240838
5843.0000 2.74634272
5843.0500 2.66860164
5843.1000 2.63913389
5843.1500 2.68161135
5843.2000 2.7240888
5843.2500 2.76656626
5843.3000 2.7976895
5843.3500 2.7624338
5843.4000 2.7271781
5843.4500 2.6919224
5843.5000 2.6566667
5843.5500 2.6778837
5843.6000 2.7059226
5843.6500 2.73396151
5843.7000 2.76200041
5843.7500 2.77004094
5843.8000 2.76683269
5843.8500 2.76362443
5843.9000 2.76041617
5843.9500 2.74647213
5844.0000 2.71569566
5844.0500 2.68491919
5844.1000 2.65414273
5844.1500 2.62827496
5844.2000 2.63244084
5844.2500 2.63660673
5844.3000 2.64077261
5844.3500 2.64493849
5844.4000 2.670028
5844.4500 2.69762017
5844.5000 2.72521235
5844.5500 2.75280453
5844.6000 2.74665597
5844.6500 2.72213816
5844.7000 2.69762036
5844.7500 2.67310256
5844.8000 2.65475195
5844.8500 2.64552035
5844.9000 2.63628874
5844.9500 2.62705714
5845.0000 2.62273295
5845.0500 2.64397439
5845.1000 2.66521583
5845.1500 2.68645726
5845.2000 2.7076987
5845.2500 2.70997855
5845.3000 2.7106156
5845.3500 2.71125265
5845.4000 2.7118897
5845.4500 2.71375397
5845.5000 2.71619275
5845.5500 2.71863153
5845.6000 2.72107031
5845.6500 2.72803465
5845.7000 2.74067455
5845.7500 2.75331445
5845.8000 2.76595435
5845.8500 2.76511953
5845.9000 2.71290526
5845.9500 2.660691
5846.0000 2.60847673
5846.0500 2.55626247
5846.1000 2.61776867
5846.1500 2.68236538
5846.2000 2.74696208
5846.2500 2.81155878
5846.3000 2.79090749
5846.3500 2.74045236
5846.4000 2.68999722
5846.4500 2.63954209
5846.5000 2.61918602
5846.5500 2.62774862
5846.6000 2.63631122
5846.6500 2.64487382
5846.7000 2.63756221
5846.7500 2.58956966
5846.8000 2.54157712
5846.8500 2.49358457
5846.9000 2.44945499
5846.9500 2.47433711
5847.0000 2.49921923
5847.0500 2.52410135
5847.1000 2.54898347
5847.1500 2.57113368
5847.2000 2.59271229
5847.2500 2.6142909
5847.3000 2.6358695
5847.3500 2.6425294
5847.4000 2.63934952
5847.4500 2.63616964
5847.5000 2.63298976
5847.5500 2.62771593
5847.6000 2.61902287
5847.6500 2.61032981
5847.7000 2.60163674
5847.7500 2.60116046
5847.8000 2.64424746
5847.8500 2.68733445
5847.9000 2.73042145
5847.9500 2.77350845
5848.0000 2.74975328
5848.0500 2.72167128
5848.1000 2.69358929
5848.1500 2.6655073
5848.2000 2.65746361
5848.2500 2.65716011
5848.3000 2.6568566
5848.3500 2.6565531
5848.4000 2.66727821
5848.4500 2.68880672
5848.5000 2.71033524
5848.5500 2.73186375
5848.6000 2.73130803
5848.6500 2.67684013
5848.7000 2.62237223
5848.7500 2.56790433
5848.8000 2.51672693
5848.8500 2.50462186
5848.9000 2.49251678
5848.9500 2.48041171
5849.0000 2.46830664
5849.0500 2.51310244
5849.1000 2.56667291
5849.1500 2.62024337
5849.2000 2.67381384
5849.2500 2.65882353
5849.3000 2.60800069
5849.3500 2.55717785
5849.4000 2.50635502
5849.4500 2.48403992
5849.5000 2.49674309
5849.5500 2.50944626
5849.6000 2.52214943
5849.6500 2.54250335
5849.7000 2.58676881
5849.7500 2.63103427
5849.8000 2.67529973
5849.8500 2.71748374
5849.9000 2.70652097
5849.9500 2.69555821
5850.0000 2.68459544
5850.0500 2.67363267
5850.1000 2.66037329
5850.1500 2.64665882
5850.2000 2.63294436
5850.2500 2.61922989
5850.3000 2.57665746
5850.3500 2.51736746
5850.4000 2.45807745
5850.4500 2.39878745
5850.5000 2.37166628
5850.5500 2.38659972
5850.6000 2.40153317
5850.6500 2.41646661
5850.7000 2.43484428
5850.7500 2.46441753
5850.8000 2.49399078
5850.8500 2.52356403
5850.9000 2.55107509
5850.9500 2.52745365
5851.0000 2.50383221
5851.0500 2.48021077
5851.1000 2.45658933
5851.1500 2.44959899
5851.2000 2.44568466
5851.2500 2.44177033
5851.3000 2.437856
5851.3500 2.45900067
5851.4000 2.49359687
5851.4500 2.52819307
5851.5000 2.56278927
5851.5500 2.5898838
5851.6000 2.60814151
5851.6500 2.62639923
5851.7000 2.64465695
5851.7500 2.65786717
5851.8000 2.65737644
5851.8500 2.65688572
5851.9000 2.656395
5851.9500 2.6589339
5852.0000 2.69586967
5852.0500 2.73280544
5852.1000 2.7697412
5852.1500 2.80667697
5852.2000 2.75742797
5852.2500 2.69799479
5852.3000 2.63856161
5852.3500 2.57912842
5852.4000 2.53592163
5852.4500 2.4993638
5852.5000 2.46280598
5852.5500 2.42624815
5852.6000 2.44341823
5852.6500 2.50900402
5852.7000 2.57458981
5852.7500 2.6401756
5852.8000 2.6767299
5852.8500 2.65799893
5852.9000 2.63926796
5852.9500 2.62053699
5853.0000 2.61584201
5853.0500 2.68255437
5853.1000 2.74926672
5853.1500 2.81597908
5853.2000 2.88269143
5853.2500 2.8310852
5853.3000 2.7777841
5853.3500 2.724483
5853.4000 2.6711819
5853.4500 2.6815741
5853.5000 2.70699121
5853.5500 2.73240832
5853.6000 2.75782543
5853.6500 2.7946123
5853.7000 2.83796192
5853.7500 2.88131154
5853.8000 2.92466116
5853.8500 2.95135002
5853.9000 2.95852615
5853.9500 2.96570229
5854.0000 2.97287843
5854.0500 2.94747423
5854.1000 2.84182846
5854.1500 2.73618269
5854.2000 2.63053692
5854.2500 2.54118029
5854.3000 2.57285346
5854.3500 2.60452663
5854.4000 2.63619981
5854.4500 2.66787298
5854.5000 2.69715212
5854.5500 2.72630558
5854.6000 2.75545904
5854.6500 2.78461249
5854.7000 2.68613724
5854.7500 2.55234557
5854.8000 2.4185539
5854.8500 2.28476223
5854.9000 2.29925813
5854.9500 2.40539226
5855.0000 2.51152639
5855.0500 2.61766051
5855.1000 2.64022577
5855.1500 2.56248998
5855.2000 2.48475418
5855.2500 2.40701839
5855.3000 2.35263586
5855.3500 2.35471456
5855.4000 2.35679325
5855.4500 2.35887195
5855.5000 2.3672203
5855.5500 2.41667455
5855.6000 2.46612881
5855.6500 2.51558306
5855.7000 2.56503732
5855.7500 2.53148951
5855.8000 2.49570286
5855.8500 2.4599162
5855.9000 2.42412955
5855.9500 2.4571114
5856.0000 2.50551917
5856.0500 2.55392694
5856.1000 2.60233471
5856.1500 2.60798507
5856.2000 2.59175391
5856.2500 2.57552275
5856.3000 2.55929158
5856.3500 2.55470648
5856.4000 2.56140826
5856.4500 2.56811004
5856.5000 2.57481182
5856.5500 2.54855798
5856.6000 2.46264455
5856.6500 2.37673113
5856.7000 2.2908177
5856.7500 2.2425096
5856.8000 2.33960037
5856.8500 2.43669114
5856.9000 2.53378192
5856.9500 2.62087635
5857.0000 2.54196498
5857.0500 2.46305361
5857.1000 2.38414225
5857.1500 2.30523088
5857.2000 2.2942193
5857.2500 2.28994297
5857.3000 2.28566665
5857.3500 2.28139032
5857.4000 2.28358236
5857.4500 2.28776838
5857.5000 2.29195439
5857.5500 2.2961404
5857.6000 2.30356266
5857.6500 2.31296303
5857.7000 2.32236341
5857.7500 2.33176378
5857.8000 2.32667636
5857.8500 2.30580312
5857.9000 2.28492988
5857.9500 2.26405664
5858.0000 2.25396703
5858.0500 2.26498499
5858.1000 2.27600295
5858.1500 2.28702091
5858.2000 2.29619813
5858.2500 2.29798327
5858.3000 2.29976841
5858.3500 2.30155356
5858.4000 2.30817217
5858.4500 2.38759747
5858.5000 2.46702278
5858.5500 2.54644808
5858.6000 2.62587338
5858.6500 2.63445676
5858.7000 2.63744461
5858.7500 2.64043245
5858.8000 2.6434203
5858.8500 2.63581184
5858.9000 2.62543725
5858.9500 2.61506266
5859.0000 2.60468807
5859.0500 2.53231964
5859.1000 2.42813506
5859.1500 2.32395049
5859.2000 2.21976592
5859.2500 2.21596786
5859.3000 2.30106559
5859.3500 2.38616333
5859.4000 2.47126106
5859.4500 2.52056467
5859.5000 2.51651551
5859.5500 2.51246635
5859.6000 2.50841719
5859.6500 2.49171343
5859.7000 2.4415369
5859.7500 2.39136037
5859.8000 2.34118384
5859.8500 2.31054587
5859.9000 2.39166007
5859.9500 2.47277426
5860.0000 2.55388846
5860.0500 2.63344566
5860.1000 2.652169
5860.1500 2.67089233
5860.2000 2.68961566
5860.2500 2.70833899
5860.3000 2.68756091
5860.3500 2.66252745
5860.4000 2.63749398
5860.4500 2.61246052
5860.5000 2.59009689
5860.5500 2.56847665
5860.6000 2.54685642
5860.6500 2.52523619
5860.7000 2.48319768
5860.7500 2.43079511
5860.8000 2.37839255
5860.8500 2.32598999
5860.9000 2.36001724
5860.9500 2.46588777
5861.0000 2.5717583
5861.0500 2.67762883
5861.1000 2.71916026
5861.1500 2.67558155
5861.2000 2.63200283
5861.2500 2.58842411
5861.3000 2.54507059
5861.3500 2.50220318
5861.4000 2.45933577
5861.4500 2.41646836
5861.5000 2.37195525
5861.5500 2.3210342
5861.6000 2.27011315
5861.6500 2.21919209
5861.7000 2.18099504
5861.7500 2.26579971
5861.8000 2.35060438
5861.8500 2.43540904
5861.9000 2.52021371
5861.9500 2.43677118
5862.0000 2.35073432
5862.0500 2.26469745
5862.1000 2.17866058
5862.1500 2.18269313
5862.2000 2.19929464
5862.2500 2.21589615
5862.3000 2.23249766
5862.3500 2.20243364
5862.4000 2.15858201
5862.4500 2.11473039
5862.5000 2.07087876
5862.5500 2.10484007
5862.6000 2.17747873
5862.6500 2.2501174
5862.7000 2.32275607
5862.7500 0
5862.8000 0
5862.8500 0
5862.9000 0
