4256.0500 0.75086007
4256.1000 0.70315434
4256.1500 0.6554486
4256.2000 0.60774287
4256.2500 0.68289276
4256.3000 0.86126812
4256.3500 1.03964349
4256.4000 1.21801885
4256.4500 1.16655289
4256.5000 0.92633645
4256.5500 0.68612001
4256.6000 0.44590357
4256.6500 0.41842407
4256.7000 0.56091185
4256.7500 0.70339963
4256.8000 0.84588741
4256.8500 0.8701028
4256.9000 0.80281409
4256.9500 0.73552539
4257.0000 0.66823668
4257.0500 0.65031536
4257.1000 0.66920469
4257.1500 0.68809403
4257.2000 0.70698336
4257.2500 0.73092578
4257.3000 0.758482
4257.3500 0.78603822
4257.4000 0.81359445
4257.4500 0.80651499
4257.5000 0.77579534
4257.5500 0.74507569
4257.6000 0.71435603
4257.6500 0.70226499
4257.7000 0.70224634
4257.7500 0.7022277
4257.8000 0.70220905
4257.8500 0.65684753
4257.9000 0.58373507
4257.9500 0.51062261
4258.0000 0.43751014
4258.0500 0.4663893
4258.1000 0.55388619
4258.1500 0.64138307
4258.2000 0.72887996
4258.2500 0.82065982
4258.3000 0.9147373
4258.3500 1.00881478
4258.4000 1.10289227
4258.4500 1.05406238
4258.5000 0.93414115
4258.5500 0.81421991
4258.6000 0.69429867
4258.6500 0.68696576
4258.7000 0.7311984
4258.7500 0.77543104
4258.8000 0.81966368
4258.8500 0.7562643
4258.9000 0.64784347
4258.9500 0.53942263
4259.0000 0.4310018
4259.0500 0.49264167
4259.1000 0.61865611
4259.1500 0.74467056
4259.2000 0.870685
4259.2500 0.88948071
4259.3000 0.8719369
4259.3500 0.85439308
4259.4000 0.83684927
4259.4500 0.80879292
4259.5000 0.77758677
4259.5500 0.74638062
4259.6000 0.71517447
4259.6500 0.74832668
4259.7000 0.79826117
4259.7500 0.84819566
4259.8000 0.89813016
4259.8500 0.83538449
4259.9000 0.74757073
4259.9500 0.65975698
4260.0000 0.57194322
4260.0500 0.64577439
4260.1000 0.74948566
4260.1500 0.85319693
4260.2000 0.9569082
4260.2500 0.87780283
4260.3000 0.77164303
4260.3500 0.66548324
4260.4000 0.55932344
4260.4500 0.53000786
4260.5000 0.50929505
4260.5500 0.48858224
4260.6000 0.46786943
4260.6500 0.55525114
4260.7000 0.65093429
4260.7500 0.74661744
4260.8000 0.84230059
4260.8500 0.76983267
4260.9000 0.69020626
4260.9500 0.61057985
4261.0000 0.53095344
4261.0500 0.58690022
4261.1000 0.64410826
4261.1500 0.7013163
4261.2000 0.75677588
4261.2500 0.73966716
4261.3000 0.72255844
4261.3500 0.70544973
4261.4000 0.68915668
4261.4500 0.68625822
4261.5000 0.68335976
4261.5500 0.68046129
4261.6000 0.67873121
4261.6500 0.68847717
4261.7000 0.69822313
4261.7500 0.70796909
4261.8000 0.70787662
4261.8500 0.64107887
4261.9000 0.57428111
4261.9500 0.50748335
4262.0000 0.45270658
4262.0500 0.45841478
4262.1000 0.46412297
4262.1500 0.46983117
4262.2000 0.47695304
4262.2500 0.48958488
4262.3000 0.50221671
4262.3500 0.51484855
4262.4000 0.5291864
4262.4500 0.54881878
4262.5000 0.56845115
4262.5500 0.58808352
4262.6000 0.602804
4262.6500 0.605162
4262.7000 0.60752
4262.7500 0.60987799
4262.8000 0.61233573
4262.8500 0.61499956
4262.9000 0.6176634
4262.9500 0.62032723
4263.0000 0.62063026
4263.0500 0.61689668
4263.1000 0.61316311
4263.1500 0.60942953
4263.2000 0.61146267
4263.2500 0.62169007
4263.3000 0.63191748
4263.3500 0.64214488
4263.4000 0.61664024
4263.4500 0.54888779
4263.5000 0.48113534
4263.5500 0.41338289
4263.6000 0.39139162
4263.6500 0.41434276
4263.7000 0.4372939
4263.7500 0.46024505
4263.8000 0.51107996
4263.8500 0.5845512
4263.9000 0.65802243
4263.9500 0.73149367
4264.0000 0.72428499
4264.0500 0.66339819
4264.1000 0.6025114
4264.1500 0.54162461
4264.2000 0.55851927
4264.2500 0.61726607
4264.3000 0.67601286
4264.3500 0.73475966
4264.4000 0.64063443
4264.4500 0.48129571
4264.5000 0.32195699
4264.5500 0.16261827
4264.6000 0.22401195
4264.6500 0.35784517
4264.7000 0.49167839
4264.7500 0.62551161
4264.8000 0.66350616
4264.8500 0.67842968
4264.9000 0.69335321
4264.9500 0.70827674
4265.0000 0.6900902
4265.0500 0.66652151
4265.1000 0.64295283
4265.1500 0.61938414
4265.2000 0.65975202
4265.2500 0.70602102
4265.3000 0.75229003
4265.3500 0.79855904
4265.4000 0.739442
4265.4500 0.6772845
4265.5000 0.615127
4265.5500 0.55542692
4265.6000 0.57644784
4265.6500 0.59746876
4265.7000 0.61848968
4265.7500 0.63450311
4265.8000 0.59878774
4265.8500 0.56307238
4265.9000 0.52735701
4265.9500 0.50271244
4266.0000 0.54174714
4266.0500 0.58078185
4266.1000 0.61981655
4266.1500 0.64030466
4266.2000 0.59063303
4266.2500 0.5409614
4266.3000 0.49128977
4266.3500 0.47679313
4266.4000 0.55683096
4266.4500 0.63686879
4266.5000 0.71690661
4266.5500 0.74883361
4266.6000 0.68500664
4266.6500 0.62117968
4266.7000 0.55735271
4266.7500 0.52532381
4266.8000 0.54123502
4266.8500 0.55714624
4266.9000 0.57305746
4266.9500 0.60674212
4267.0000 0.66093553
4267.0500 0.71512894
4267.1000 0.76932235
4267.1500 0.7753291
4267.2000 0.73875812
4267.2500 0.70218714
4267.3000 0.66561615
4267.3500 0.68226766
4267.4000 0.73460059
4267.4500 0.78693351
4267.5000 0.83926644
4267.5500 0.84866308
4267.6000 0.83667539
4267.6500 0.82468771
4267.7000 0.81270003
4267.7500 0.79248817
4267.8000 0.7693498
4267.8500 0.74621143
4267.9000 0.72307306
4267.9500 0.727273
4268.0000 0.73794018
4268.0500 0.74860737
4268.1000 0.75927455
4268.1500 0.74898296
4268.2000 0.73585948
4268.2500 0.722736
4268.3000 0.70961252
4268.3500 0.68096198
4268.4000 0.65156907
4268.4500 0.62217617
4268.5000 0.595182
4268.5500 0.64877851
4268.6000 0.70237502
4268.6500 0.75597152
4268.7000 0.79930798
4268.7500 0.75478658
4268.8000 0.71026517
4268.8500 0.66574376
4268.9000 0.62892854
4268.9500 0.62689755
4269.0000 0.62486655
4269.0500 0.62283555
4269.1000 0.62908684
4269.1500 0.65899828
4269.2000 0.68890972
4269.2500 0.71882115
4269.3000 0.71761086
4269.3500 0.65553952
4269.4000 0.59346819
4269.4500 0.53139685
4269.5000 0.52232535
4269.5500 0.58688774
4269.6000 0.65145014
4269.6500 0.71601253
4269.7000 0.718573
4269.7500 0.65909298
4269.8000 0.59961296
4269.8500 0.54013294
4269.9000 0.51227275
4269.9500 0.50709516
4270.0000 0.50191758
4270.0500 0.49673999
4270.1000 0.51889424
4270.1500 0.55476358
4270.2000 0.59063292
4270.2500 0.62650226
4270.3000 0.58620564
4270.3500 0.52059823
4270.4000 0.45499081
4270.4500 0.3893834
4270.5000 0.41814423
4270.5500 0.46536169
4270.6000 0.51257915
4270.6500 0.55979661
4270.7000 0.5552862
4270.7500 0.54648364
4270.8000 0.53768109
4270.8500 0.52960313
4270.9000 0.58390957
4270.9500 0.63821602
4271.0000 0.69252247
4271.0500 0.73963231
4271.1000 0.72248112
4271.1500 0.70532994
4271.2000 0.68817875
4271.2500 0.67698643
4271.3000 0.69102169
4271.3500 0.70505694
4271.4000 0.71909219
4271.4500 0.71725685
4271.5000 0.67512569
4271.5500 0.63299453
4271.6000 0.59086338
4271.6500 0.56949703
4271.7000 0.5827112
4271.7500 0.59592536
4271.8000 0.60913953
4271.8500 0.62942573
4271.9000 0.65772082
4271.9500 0.6860159
4272.0000 0.71431098
4272.0500 0.73394853
4272.1000 0.74688857
4272.1500 0.75982862
4272.2000 0.77276866
4272.2500 0.75432664
4272.3000 0.71970648
4272.3500 0.68508633
4272.4000 0.65046617
4272.4500 0.62212789
4272.5000 0.59580628
4272.5500 0.56948466
4272.6000 0.54316305
4272.6500 0.57589759
4272.7000 0.61862634
4272.7500 0.66135509
4272.8000 0.70408384
4272.8500 0.70184312
4272.9000 0.69746716
4272.9500 0.6930912
4273.0000 0.68681242
4273.0500 0.64797095
4273.1000 0.60912947
4273.1500 0.570288
4273.2000 0.53778503
4273.2500 0.53934705
4273.3000 0.54090907
4273.3500 0.5424711
4273.4000 0.55129548
4273.4500 0.58082389
4273.5000 0.6103523
4273.5500 0.63988071
4273.6000 0.65810616
4273.6500 0.65654958
4273.7000 0.654993
4273.7500 0.65343642
4273.8000 0.64016809
4273.8500 0.61362264
4273.9000 0.58707719
4273.9500 0.56053173
4274.0000 0.54626359
4274.0500 0.54107467
4274.1000 0.53588574
4274.1500 0.53069682
4274.2000 0.53822675
4274.2500 0.55168168
4274.3000 0.56513662
4274.3500 0.57859155
4274.4000 0.55259999
4274.4500 0.51616428
4274.5000 0.47972856
4274.5500 0.44329284
4274.6000 0.49437162
4274.6500 0.5551474
4274.7000 0.61592317
4274.7500 0.6753582
4274.8000 0.61390856
4274.8500 0.55245891
4274.9000 0.49100927
4274.9500 0.44396713
4275.0000 0.49982134
4275.0500 0.55567555
4275.1000 0.61152976
4275.1500 0.64960327
4275.2000 0.63005357
4275.2500 0.61050388
4275.3000 0.59095418
4275.3500 0.56975264
4275.4000 0.54548231
4275.4500 0.52121199
4275.5000 0.49694166
4275.5500 0.49709593
4275.6000 0.52533254
4275.6500 0.55356915
4275.7000 0.58180576
4275.7500 0.5680391
4275.8000 0.52404905
4275.8500 0.48005899
4275.9000 0.43606894
4275.9500 0.45817983
4276.0000 0.50874686
4276.0500 0.55931389
4276.1000 0.60988093
4276.1500 0.62490087
4276.2000 0.63199591
4276.2500 0.63909095
4276.3000 0.64618598
4276.3500 0.63890556
4276.4000 0.63066637
4276.4500 0.62242717
4276.5000 0.61355592
4276.5500 0.5944903
4276.6000 0.57542468
4276.6500 0.55635906
4276.7000 0.53779908
4276.7500 0.52153607
4276.8000 0.50527306
4276.8500 0.48901004
4276.9000 0.48664516
4276.9500 0.51616163
4277.0000 0.5456781
4277.0500 0.57519456
4277.1000 0.59347064
4277.1500 0.59671776
4277.2000 0.59996489
4277.2500 0.60321201
4277.3000 0.6256061
4277.3500 0.66345678
4277.4000 0.70130745
4277.4500 0.73915812
4277.5000 0.71014993
4277.5500 0.64966276
4277.6000 0.58917559
4277.6500 0.52868842
4277.7000 0.52969301
4277.7500 0.54534842
4277.8000 0.56100383
4277.8500 0.57665923
4277.9000 0.59827598
4277.9500 0.62029751
4278.0000 0.64231903
4278.0500 0.66409104
4278.1000 0.68235353
4278.1500 0.70061603
4278.2000 0.71887852
4278.2500 0.73593442
4278.3000 0.74808673
4278.3500 0.76023903
4278.4000 0.77239134
4278.4500 0.78023259
4278.5000 0.77930915
4278.5500 0.77838571
4278.6000 0.77746227
4278.6500 0.76305871
4278.7000 0.73302419
4278.7500 0.70298966
4278.8000 0.67295513
4278.8500 0.66884563
4278.9000 0.68219674
4278.9500 0.69554786
4279.0000 0.70889897
4279.0500 0.68278033
4279.1000 0.64229719
4279.1500 0.60181405
4279.2000 0.56133091
4279.2500 0.57952984
4279.3000 0.60650298
4279.3500 0.63347613
4279.4000 0.66028662
4279.4500 0.66644779
4279.5000 0.67260895
4279.5500 0.67877012
4279.6000 0.68491604
4279.6500 0.69097337
4279.7000 0.69703071
4279.7500 0.70308804
4279.8000 0.7071169
4279.8500 0.70610614
4279.9000 0.70509538
4279.9500 0.70408461
4280.0000 0.69565456
4280.0500 0.67732008
4280.1000 0.65898561
4280.1500 0.64065114
4280.2000 0.63205632
4280.2500 0.63078825
4280.3000 0.62952017
4280.3500 0.6282521
4280.4000 0.63300504
4280.4500 0.6401669
4280.5000 0.64732876
4280.5500 0.65449063
4280.6000 0.65698624
4280.6500 0.65871546
4280.7000 0.66044467
4280.7500 0.66224852
4280.8000 0.67971963
4280.8500 0.69719074
4280.9000 0.71466185
4280.9500 0.72448205
4281.0000 0.69151539
4281.0500 0.65854873
4281.1000 0.62558206
4281.1500 0.61326112
4281.2000 0.649166
4281.2500 0.68507088
4281.3000 0.72097577
4281.3500 0.72288559
4281.4000 0.6830752
4281.4500 0.64326481
4281.5000 0.60345442
4281.5500 0.61094766
4281.6000 0.65006446
4281.6500 0.68918126
4281.7000 0.72829806
4281.7500 0.71804979
4281.8000 0.6914177
4281.8500 0.66478562
4281.9000 0.63815353
4281.9500 0.62759
4282.0000 0.61874418
4282.0500 0.60989836
4282.1000 0.60093082
4282.1500 0.58995607
4282.2000 0.57898131
4282.2500 0.56800656
4282.3000 0.56691118
4282.3500 0.6025264
4282.4000 0.63814162
4282.4500 0.67375683
4282.5000 0.68944342
4282.5500 0.67091374
4282.6000 0.65238406
4282.6500 0.63385439
4282.7000 0.63400225
4282.7500 0.6510349
4282.8000 0.66806754
4282.8500 0.68510019
4282.9000 0.66867845
4282.9500 0.63676424
4283.0000 0.60485003
4283.0500 0.57293582
4283.1000 0.58018074
4283.1500 0.59472444
4283.2000 0.60926814
4283.2500 0.62372382
4283.3000 0.61267439
4283.3500 0.60162497
4283.4000 0.59057555
4283.4500 0.58483848
4283.5000 0.60596245
4283.5500 0.62708642
4283.6000 0.6482104
4283.6500 0.65358805
4283.7000 0.62669427
4283.7500 0.59980049
4283.8000 0.57290671
4283.8500 0.55890476
4283.9000 0.55822075
4283.9500 0.55753675
4284.0000 0.55685274
4284.0500 0.56422278
4284.1000 0.57579857
4284.1500 0.58737436
4284.2000 0.59895015
4284.2500 0.60605742
4284.3000 0.61220471
4284.3500 0.618352
4284.4000 0.62449928
4284.4500 0.6095214
4284.5000 0.59434098
4284.5500 0.57916055
4284.6000 0.56902361
4284.6500 0.58556712
4284.7000 0.60211063
4284.7500 0.61865414
4284.8000 0.62636667
4284.8500 0.61603495
4284.9000 0.60570322
4284.9500 0.5953715
4285.0000 0.5897874
4285.0500 0.58896355
4285.1000 0.5881397
4285.1500 0.58731584
4285.2000 0.6002612
4285.2500 0.61995122
4285.3000 0.63964125
4285.3500 0.65933127
4285.4000 0.62719029
4285.4500 0.58548561
4285.5000 0.54378093
4285.5500 0.50323207
4285.6000 0.52444117
4285.6500 0.54565027
4285.7000 0.56685936
4285.7500 0.58389622
4285.8000 0.58356009
4285.8500 0.58322396
4285.9000 0.58288783
4285.9500 0.58107983
4286.0000 0.57676637
4286.0500 0.5724529
4286.1000 0.56813943
4286.1500 0.57792283
4286.2000 0.59935192
4286.2500 0.620781
4286.3000 0.64221008
4286.3500 0.63741975
4286.4000 0.62274836
4286.4500 0.60807696
4286.5000 0.59340557
4286.5500 0.59735061
4286.6000 0.60322479
4286.6500 0.60909897
4286.7000 0.61221918
4286.7500 0.58645738
4286.8000 0.56069558
4286.8500 0.53493378
4286.9000 0.52160723
4286.9500 0.5420501
4287.0000 0.56249296
4287.0500 0.58293583
4287.1000 0.59899875
4287.1500 0.60975896
4287.2000 0.62051917
4287.2500 0.63127939
4287.3000 0.61372203
4287.3500 0.58000669
4287.4000 0.54629135
4287.4500 0.51257601
4287.5000 0.52175378
4287.5500 0.54020819
4287.6000 0.55866261
4287.6500 0.57709338
4287.7000 0.59286148
4287.7500 0.60862958
4287.8000 0.62439768
4287.8500 0.63339742
4287.9000 0.6147303
4287.9500 0.59606319
4288.0000 0.57739607
4288.0500 0.57456433
4288.1000 0.59698117
4288.1500 0.61939801
4288.2000 0.64181486
4288.2500 0.62643065
4288.3000 0.58315906
4288.3500 0.53988746
4288.4000 0.49661586
4288.4500 0.50394687
4288.5000 0.52668318
4288.5500 0.5494195
4288.6000 0.57215582
4288.6500 0.57167504
4288.7000 0.57019921
4288.7500 0.56872338
4288.8000 0.56844199
4288.8500 0.5748075
4288.9000 0.581173
4288.9500 0.58753851
4289.0000 0.59407881
4289.0500 0.60094821
4289.1000 0.6078176
4289.1500 0.614687
4289.2000 0.61722075
4289.2500 0.61609926
4289.3000 0.61497778
4289.3500 0.6138563
4289.4000 0.59822802
4289.4500 0.57748689
4289.5000 0.55674576
4289.5500 0.53600462
4289.6000 0.52219946
4289.6500 0.50885779
4289.7000 0.49551612
4289.7500 0.48986703
4289.8000 0.53289918
4289.8500 0.57593133
4289.9000 0.61896348
4289.9500 0.63484488
4290.0000 0.59723588
4290.0500 0.55962688
4290.1000 0.52201788
4290.1500 0.50545122
4290.2000 0.50695073
4290.2500 0.50845024
4290.3000 0.50994974
4290.3500 0.51112443
4290.4000 0.51218531
4290.4500 0.51324619
4290.5000 0.51430707
4290.5500 0.64105949
4290.6000 0.77524252
4290.6500 0.90942555
4290.7000 1.00860073
4290.7500 0.90775278
4290.8000 0.80690484
4290.8500 0.70605689
4290.9000 0.6291
4290.9500 0.59557876
4291.0000 0.56205752
4291.0500 0.52853628
4291.1000 0.51332342
4291.1500 0.51238575
4291.2000 0.51144808
4291.2500 0.51051041
4291.3000 0.5189619
4291.3500 0.53021696
4291.4000 0.54147203
4291.4500 0.55272709
4291.5000 0.55369735
4291.5500 0.55445095
4291.6000 0.55520456
4291.6500 0.55272457
4291.7000 0.53644227
4291.7500 0.52015998
4291.8000 0.50387768
4291.8500 0.4970741
4291.9000 0.50440667
4291.9500 0.51173924
4292.0000 0.51907181
4292.0500 0.52658965
4292.1000 0.5342239
4292.1500 0.54185816
4292.2000 0.54949241
4292.2500 0.54683993
4292.3000 0.54204978
4292.3500 0.53725962
4292.4000 0.53345632
4292.4500 0.55165536
4292.5000 0.5698544
4292.5500 0.58805345
4292.6000 0.60050908
4292.6500 0.59653652
4292.7000 0.59256396
4292.7500 0.5885914
4292.8000 0.57999437
4292.8500 0.56631254
4292.9000 0.55263071
4292.9500 0.53894888
4293.0000 0.5309167
4293.0500 0.52536758
4293.1000 0.51981846
4293.1500 0.51426934
4293.2000 0.54942871
4293.2500 0.58840849
4293.3000 0.62738827
4293.3500 0.65854235
4293.4000 0.6394941
4293.4500 0.62044585
4293.5000 0.60139759
4293.5500 0.59176688
4293.6000 0.59912396
4293.6500 0.60648104
4293.7000 0.61383811
4293.7500 0.61030376
4293.8000 0.59886891
4293.8500 0.58743406
4293.9000 0.57599922
4293.9500 0.57970711
4294.0000 0.58711488
4294.0500 0.59452265
4294.1000 0.60191396
4294.1500 0.60875116
4294.2000 0.61558835
4294.2500 0.62242555
4294.3000 0.62639609
4294.3500 0.62199924
4294.4000 0.61760239
4294.4500 0.61320554
4294.5000 0.61424674
4294.5500 0.62111709
4294.6000 0.62798745
4294.6500 0.6348578
4294.7000 0.63314889
4294.7500 0.62795697
4294.8000 0.62276506
4294.8500 0.61757314
4294.9000 0.61182864
4294.9500 0.60604948
4295.0000 0.60027032
4295.0500 0.59418785
4295.1000 0.58664383
4295.1500 0.57909981
4295.2000 0.57155579
4295.2500 0.57094922
4295.3000 0.58058245
4295.3500 0.59021569
4295.4000 0.59984892
4295.4500 0.60136491
4295.5000 0.59825561
4295.5500 0.59514632
4295.6000 0.59203703
4295.6500 0.58746152
4295.7000 0.58266943
4295.7500 0.57787735
4295.8000 0.57369659
4295.8500 0.57463282
4295.9000 0.57556904
4295.9500 0.57650526
4296.0000 0.58476434
4296.0500 0.60703296
4296.1000 0.62930159
4296.1500 0.65157021
4296.2000 0.65121222
4296.2500 0.63453407
4296.3000 0.61785593
4296.3500 0.60117778
4296.4000 0.60234794
4296.4500 0.60744166
4296.5000 0.61253539
4296.5500 0.61716691
4296.6000 0.61452495
4296.6500 0.61188299
4296.7000 0.60924103
4296.7500 0.6038783
4296.8000 0.5921926
4296.8500 0.5805069
4296.9000 0.5688212
4296.9500 0.57361591
4297.0000 0.59227655
4297.0500 0.6109372
4297.1000 0.62959784
4297.1500 0.63215136
4297.2000 0.63033109
4297.2500 0.62851083
4297.3000 0.62653792
4297.3500 0.61978582
4297.4000 0.61303372
4297.4500 0.60628161
4297.5000 0.60211684
4297.5500 0.60471911
4297.6000 0.60732137
4297.6500 0.60992364
4297.7000 0.61740103
4297.7500 0.62931822
4297.8000 0.64123542
4297.8500 0.65315261
4297.9000 0.63740802
4297.9500 0.61346038
4298.0000 0.58951274
4298.0500 0.56635036
4298.1000 0.58103385
4298.1500 0.59571735
4298.2000 0.61040084
4298.2500 0.61244424
4298.3000 0.58040116
4298.3500 0.54835807
4298.4000 0.51631498
4298.4500 0.51525298
4298.5000 0.54257969
4298.5500 0.5699064
4298.6000 0.59723311
4298.6500 0.60214114
4298.7000 0.60051398
4298.7500 0.59888682
4298.8000 0.59702061
4298.8500 0.58682026
4298.9000 0.57661991
4298.9500 0.56641956
4299.0000 0.56609053
4299.0500 0.59081906
4299.1000 0.61554758
4299.1500 0.64027611
4299.2000 0.6423597
4299.2500 0.62503461
4299.3000 0.60770951
4299.3500 0.59038442
4299.4000 0.56834454
4299.4500 0.54509246
4299.5000 0.52184039
4299.5500 0.50134847
4299.6000 0.52957418
4299.6500 0.55779989
4299.7000 0.5860256
4299.7500 0.59707309
4299.8000 0.57039758
4299.8500 0.54372207
4299.9000 0.51704656
4299.9500 0.51276749
4300.0000 0.52515748
4300.0500 0.53754747
4300.1000 0.54993746
4300.1500 0.53709653
4300.2000 0.5192645
4300.2500 0.50143247
4300.3000 0.4854406
4300.3500 0.48647485
4300.4000 0.4875091
4300.4500 0.48854334
4300.5000 0.49198526
4300.5500 0.49968235
4300.6000 0.50737944
4300.6500 0.51507653
4300.7000 0.52584339
4300.7500 0.53844178
4300.8000 0.55104017
4300.8500 0.56363856
4300.9000 0.54814379
4300.9500 0.52926205
4301.0000 0.51038031
4301.0500 0.49444443
4301.1000 0.49401579
4301.1500 0.49358715
4301.2000 0.4931585
4301.2500 0.49525929
4301.3000 0.50074041
4301.3500 0.50622154
4301.4000 0.51170266
4301.4500 0.51616989
4301.5000 0.52019743
4301.5500 0.52422496
4301.6000 0.5282525
4301.6500 0.51907837
4301.7000 0.50946999
4301.7500 0.4998616
4301.8000 0.49176517
4301.8500 0.48845841
4301.9000 0.48515166
4301.9500 0.4818449
4302.0000 0.48768571
4302.0500 0.50221583
4302.1000 0.51674594
4302.1500 0.53127606
4302.2000 0.53360893
4302.2500 0.53263862
4302.3000 0.53166831
4302.3500 0.53098014
4302.4000 0.53455431
4302.4500 0.53812848
4302.5000 0.54170265
4302.5500 0.53933021
4302.6000 0.52533224
4302.6500 0.51133428
4302.7000 0.49733631
4302.7500 0.49577974
4302.8000 0.50198297
4302.8500 0.5081862
4302.9000 0.51438944
4302.9500 0.5188673
4303.0000 0.52314161
4303.0500 0.52741592
4303.1000 0.53336513
4303.1500 0.54725367
4303.2000 0.56114221
4303.2500 0.57503075
4303.3000 0.5728275
4303.3500 0.55135598
4303.4000 0.52988446
4303.4500 0.50841294
4303.5000 0.50438764
4303.5500 0.50658501
4303.6000 0.50878238
4303.6500 0.51104079
4303.7000 0.51625356
4303.7500 0.52146634
4303.8000 0.52667912
4303.8500 0.52616644
4303.9000 0.51257812
4303.9500 0.49898979
4304.0000 0.48540147
4304.0500 0.49431288
4304.1000 0.51886292
4304.1500 0.54341296
4304.2000 0.567963
4304.2500 0.57088885
4304.3000 0.57076811
4304.3500 0.57064737
4304.4000 0.56974641
4304.4500 0.56487425
4304.5000 0.56000209
4304.5500 0.55512993
4304.6000 0.54956753
4304.6500 0.54317181
4304.7000 0.53677609
4304.7500 0.53038036
4304.8000 0.53759997
4304.8500 0.54952873
4304.9000 0.56145749
4304.9500 0.57297928
4305.0000 0.57298155
4305.0500 0.57298382
4305.1000 0.57298609
4305.1500 0.57325752
4305.2000 0.57408448
4305.2500 0.57491144
4305.3000 0.5757384
4305.3500 0.5758987
4305.4000 0.57564996
4305.4500 0.57540123
4305.5000 0.5751525
4305.5500 0.57160583
4305.6000 0.56774994
4305.6500 0.56389405
4305.7000 0.56072285
4305.7500 0.56012844
4305.8000 0.55953403
4305.8500 0.55893962
4305.9000 0.56045754
4305.9500 0.56403166
4306.0000 0.56760579
4306.0500 0.57117992
4306.1000 0.56373531
4306.1500 0.55361586
4306.2000 0.54349642
4306.2500 0.53387883
4306.3000 0.52859712
4306.3500 0.52331541
4306.4000 0.5180337
4306.4500 0.5242474
4306.5000 0.54742342
4306.5500 0.57059945
4306.6000 0.59377547
4306.6500 0.5981748
4306.7000 0.59472834
4306.7500 0.59128187
4306.8000 0.58776091
4306.8500 0.57473841
4306.9000 0.56171592
4306.9500 0.54869342
4307.0000 0.54300921
4307.0500 0.55355198
4307.1000 0.56409474
4307.1500 0.57463751
4307.2000 0.57607583
4307.2500 0.57184258
4307.3000 0.56760933
4307.3500 0.56337608
4307.4000 0.56555265
4307.4500 0.56827101
4307.5000 0.57098937
4307.5500 0.57361461
4307.6000 0.5759265
4307.6500 0.57823839
4307.7000 0.58055029
4307.7500 0.57297899
4307.8000 0.55689583
4307.8500 0.54081266
4307.9000 0.52472949
4307.9500 0.53357921
4308.0000 0.54694712
4308.0500 0.56031502
4308.1000 0.57160505
4308.1500 0.57174115
4308.2000 0.57187725
4308.2500 0.57201336
4308.3000 0.57415197
4308.3500 0.57856123
4308.4000 0.58297048
4308.4500 0.58737974
4308.5000 0.58009252
4308.5500 0.56953226
4308.6000 0.55897199
4308.6500 0.54927828
4308.7000 0.54781872
4308.7500 0.54635917
4308.8000 0.54489962
4308.8500 0.54502528
4308.9000 0.54743001
4308.9500 0.54983475
4309.0000 0.55223949
4309.0500 0.55483111
4309.1000 0.55749313
4309.1500 0.56015515
4309.2000 0.56240426
4309.2500 0.55560483
4309.3000 0.54880541
4309.3500 0.54200599
4309.4000 0.53842224
4309.4500 0.54050447
4309.5000 0.5425867
4309.5500 0.54466892
4309.6000 0.5468713
4309.6500 0.54912979
4309.7000 0.55138828
4309.7500 0.55360701
4309.8000 0.53864383
4309.8500 0.52368065
4309.9000 0.50871747
4309.9500 0.5032548
4310.0000 0.51760135
4310.0500 0.5319479
4310.1000 0.54629445
4310.1500 0.55361688
4310.2000 0.55710888
4310.2500 0.56060089
4310.3000 0.56409289
4310.3500 0.54407761
4310.4000 0.5233658
4310.4500 0.50265399
4310.5000 0.4913368
4310.5500 0.50231327
4310.6000 0.51328974
4310.6500 0.52426621
4310.7000 0.52769636
4310.7500 0.52655718
4310.8000 0.525418
4310.8500 0.52427882
4310.9000 0.5307458
4310.9500 0.53760989
4311.0000 0.54447398
4311.0500 0.55161419
4311.1000 0.5594678
4311.1500 0.5673214
4311.2000 0.575175
4311.2500 0.58519289
4311.3000 0.59660122
4311.3500 0.60800955
4311.4000 0.61941788
4311.4500 0.61583314
4311.5000 0.61128781
4311.5500 0.60674248
4311.6000 0.60212356
4311.6500 0.59730756
4311.7000 0.59249156
4311.7500 0.58767556
4311.8000 0.5897458
4311.8500 0.59631041
4311.9000 0.60287502
4311.9500 0.60943964
4312.0000 0.60703731
4312.0500 0.60405697
4312.1000 0.60107662
4312.1500 0.59774748
4312.2000 0.59349847
4312.2500 0.58924946
4312.3000 0.58500045
4312.3500 0.58353071
4312.4000 0.58382617
4312.4500 0.58412163
4312.5000 0.58441708
4312.5500 0.59057605
4312.6000 0.59704788
4312.6500 0.6035197
4312.7000 0.60885814
4312.7500 0.6113981
4312.8000 0.61393806
4312.8500 0.61647802
4312.9000 0.59935696
4312.9500 0.57060495
4313.0000 0.54185294
4313.0500 0.51310094
4313.1000 0.52922378
4313.1500 0.5467584
4313.2000 0.56429302
4313.2500 0.57900726
4313.3000 0.5874972
4313.3500 0.59598714
4313.4000 0.60447708
4313.4500 0.6121799
4313.5000 0.61946866
4313.5500 0.62675742
4313.6000 0.63404618
4313.6500 0.63080285
4313.7000 0.6275585
4313.7500 0.62431416
4313.8000 0.61934279
4313.8500 0.61110201
4313.9000 0.60286122
4313.9500 0.59462044
4314.0000 0.58844311
4314.0500 0.58318189
4314.1000 0.57792067
4314.1500 0.57323105
4314.2000 0.58206282
4314.2500 0.5908946
4314.3000 0.59972638
4314.3500 0.60585757
4314.4000 0.60775984
4314.4500 0.60966212
4314.5000 0.61156439
4314.5500 0.60456398
4314.6000 0.59443601
4314.6500 0.58430803
4314.7000 0.57586362
4314.7500 0.58414185
4314.8000 0.59242008
4314.8500 0.6006983
4314.9000 0.59893811
4314.9500 0.58460975
4315.0000 0.5702814
4315.0500 0.55595304
4315.1000 0.55064826
4315.1500 0.54763092
4315.2000 0.54461358
4315.2500 0.54380626
4315.3000 0.55526858
4315.3500 0.5667309
4315.4000 0.57819321
4315.4500 0.58314453
4315.5000 0.58180575
4315.5500 0.58046698
4315.6000 0.5791282
4315.6500 0.58745808
4315.7000 0.59728703
4315.7500 0.60711599
4315.8000 0.61313089
4315.8500 0.60593627
4315.9000 0.59874165
4315.9500 0.59154702
4316.0000 0.58412511
4316.0500 0.57654092
4316.1000 0.56895673
4316.1500 0.56137254
4316.2000 0.56586458
4316.2500 0.57107274
4316.3000 0.57628089
4316.3500 0.57758856
4316.4000 0.57003824
4316.4500 0.56248791
4316.5000 0.55493759
4316.5500 0.55623679
4316.6000 0.5619233
4316.6500 0.56760982
4316.7000 0.57309427
4316.7500 0.57256936
4316.8000 0.57204446
4316.8500 0.57151955
4316.9000 0.56504522
4316.9500 0.54955867
4317.0000 0.53407212
4317.0500 0.51858558
4317.1000 0.51879374
4317.1500 0.5238527
4317.2000 0.52891165
4317.2500 0.53539049
4317.3000 0.55126394
4317.3500 0.56713739
4317.4000 0.58301084
4317.4500 0.59449355
4317.5000 0.60158255
4317.5500 0.60867154
4317.6000 0.61576053
4317.6500 0.61216713
4317.7000 0.60697051
4317.7500 0.60177389
4317.8000 0.59849539
4317.8500 0.60128034
4317.9000 0.60406528
4317.9500 0.60685022
4318.0000 0.60593753
4318.0500 0.60268328
4318.1000 0.59942903
4318.1500 0.59617479
4318.2000 0.58863102
4318.2500 0.58102355
4318.3000 0.57341608
4318.3500 0.57180525
4318.4000 0.58087358
4318.4500 0.58994192
4318.5000 0.59901026
4318.5500 0.60355014
4318.6000 0.60645711
4318.6500 0.60936408
4318.7000 0.61189202
4318.7500 0.6113993
4318.8000 0.61090657
4318.8500 0.61041385
4318.9000 0.60899636
4318.9500 0.60661304
4319.0000 0.60422973
4319.0500 0.60184641
4319.1000 0.60570498
4319.1500 0.61051329
4319.2000 0.6153216
4319.2500 0.61505354
4319.3000 0.59938196
4319.3500 0.58371038
4319.4000 0.5680388
4319.4500 0.56722494
4319.5000 0.57517658
4319.5500 0.58312823
4319.6000 0.59115871
4319.6500 0.60617497
4319.7000 0.62119123
4319.7500 0.63620749
4319.8000 0.64074094
4319.8500 0.62918573
4319.9000 0.61763053
4319.9500 0.60607532
4320.0000 0.602649
4320.0500 0.6015287
4320.1000 0.6004084
4320.1500 0.60021683
4320.2000 0.60473743
4320.2500 0.60925803
4320.3000 0.61377862
4320.3500 0.6096824
4320.4000 0.59857637
4320.4500 0.58747034
4320.5000 0.57636431
4320.5500 0.59462918
4320.6000 0.61479093
4320.6500 0.63495268
4320.7000 0.64863341
4320.7500 0.64905944
4320.8000 0.64948548
4320.8500 0.64991152
4320.9000 0.63869959
4320.9500 0.62293
4321.0000 0.6071604
4321.0500 0.59383817
4321.1000 0.60033281
4321.1500 0.60682745
4321.2000 0.61332209
4321.2500 0.60884316
4321.3000 0.59349552
4321.3500 0.57814788
4321.4000 0.56280024
4321.4500 0.56027274
4321.5000 0.559233
4321.5500 0.55819327
4321.6000 0.56249757
4321.6500 0.57983636
4321.7000 0.59717515
4321.7500 0.61451394
4321.8000 0.60911667
4321.8500 0.59334508
4321.9000 0.57757349
4321.9500 0.56340759
4322.0000 0.56681661
4322.0500 0.57022563
4322.1000 0.57363465
4322.1500 0.57793877
4322.2000 0.58320527
4322.2500 0.58847177
4322.3000 0.59373826
4322.3500 0.59441808
4322.4000 0.59447962
4322.4500 0.59454116
4322.5000 0.59270591
4322.5500 0.5860335
4322.6000 0.57936109
4322.6500 0.57268868
4322.7000 0.57291888
4322.7500 0.57634868
4322.8000 0.57977848
4322.8500 0.58250581
4322.9000 0.57776928
4322.9500 0.57303275
4323.0000 0.56829623
4323.0500 0.56903702
4323.1000 0.5754809
4323.1500 0.58192479
4323.2000 0.58836867
4323.2500 0.59077238
4323.3000 0.59270174
4323.3500 0.5946311
4323.4000 0.59228202
4323.4500 0.58000166
4323.5000 0.56772131
4323.5500 0.55544095
4323.6000 0.55926699
4323.6500 0.56972298
4323.7000 0.58017897
4323.7500 0.59048106
4323.8000 0.59961994
4323.8500 0.60875882
4323.9000 0.61789771
4323.9500 0.61725635
4324.0000 0.60781693
4324.0500 0.59837751
4324.1000 0.58893809
4324.1500 0.59124161
4324.2000 0.59433251
4324.2500 0.59742341
4324.3000 0.60212358
4324.3500 0.60982513
4324.4000 0.61752669
4324.4500 0.62522824
4324.5000 0.61583042
4324.5500 0.60109309
4324.6000 0.58635576
4324.6500 0.57468253
4324.7000 0.57733571
4324.7500 0.57998889
4324.8000 0.58264206
4324.8500 0.57664271
4324.9000 0.56466746
4324.9500 0.5526922
4325.0000 0.54082788
4325.0500 0.54285832
4325.1000 0.54488875
4325.1500 0.54691919
4325.2000 0.55339358
4325.2500 0.56586818
4325.3000 0.57834279
4325.3500 0.5908174
4325.4000 0.59102369
4325.4500 0.58896603
4325.5000 0.58690837
4325.5500 0.58150934
4325.6000 0.56679834
4325.6500 0.55208733
4325.7000 0.53737633
4325.7500 0.53876751
4325.8000 0.54756099
4325.8500 0.55635447
4325.9000 0.56427228
4325.9500 0.5648979
4326.0000 0.56552351
4326.0500 0.56614912
4326.1000 0.56255441
4326.1500 0.5552245
4326.2000 0.54789458
4326.2500 0.54056467
4326.3000 0.53990592
4326.3500 0.53956216
4326.4000 0.5392184
4326.4500 0.5354363
4326.5000 0.52605563
4326.5500 0.51667497
4326.6000 0.5072943
4326.6500 0.51284846
4326.7000 0.52197019
4326.7500 0.53109193
4326.8000 0.53660885
4326.8500 0.53039288
4326.9000 0.5241769
4326.9500 0.51796093
4327.0000 0.51176564
4327.0500 0.5055808
4327.1000 0.49939597
4327.1500 0.49471983
4327.2000 0.5045596
4327.2500 0.51439937
4327.3000 0.52423914
4327.3500 0.52936619
4327.4000 0.53023651
4327.4500 0.53110683
4327.5000 0.53197714
4327.5500 0.52873343
4327.6000 0.52530861
4327.6500 0.52188379
4327.7000 0.5207723
4327.7500 0.52325808
4327.8000 0.52574386
4327.8500 0.52822964
4327.9000 0.52344607
4327.9500 0.51713209
4328.0000 0.5108181
4328.0500 0.50716171
4328.1000 0.51099427
4328.1500 0.51482683
4328.2000 0.51865939
4328.2500 0.53181252
4328.3000 0.54898112
4328.3500 0.56614972
4328.4000 0.57818708
4328.4500 0.55790768
4328.5000 0.53762828
4328.5500 0.51734887
4328.6000 0.51269784
4328.6500 0.51953754
4328.7000 0.52637724
4328.7500 0.53315203
4328.8000 0.53610343
4328.8500 0.53905482
4328.9000 0.54200621
4328.9500 0.54254259
4329.0000 0.54022377
4329.0500 0.53790495
4329.1000 0.53558613
4329.1500 0.53037992
4329.2000 0.52485619
4329.2500 0.51933246
4329.3000 0.51915798
4329.3500 0.5291502
4329.4000 0.53914243
4329.4500 0.54913465
4329.5000 0.5524932
4329.5500 0.55408548
4329.6000 0.55567777
4329.6500 0.55559173
4329.7000 0.55006775
4329.7500 0.54454378
4329.8000 0.53901981
4329.8500 0.53757732
4329.9000 0.53802829
4329.9500 0.53847926
4330.0000 0.53904798
4330.0500 0.54039438
4330.1000 0.54174078
4330.1500 0.54308718
4330.2000 0.54916084
4330.2500 0.5586431
4330.3000 0.56812536
4330.3500 0.57698797
4330.4000 0.56693657
4330.4500 0.55688517
4330.5000 0.54683377
4330.5500 0.54774322
4330.6000 0.56035942
4330.6500 0.57297561
4330.7000 0.58559181
4330.7500 0.58582844
4330.8000 0.58522585
4330.8500 0.58462327
4330.9000 0.58374229
4330.9500 0.58242702
4331.0000 0.58111175
4331.0500 0.57979647
4331.1000 0.5800875
4331.1500 0.5806712
4331.2000 0.58125491
4331.2500 0.58106115
4331.3000 0.57907276
4331.3500 0.57708437
4331.4000 0.57509597
4331.4500 0.57960624
4331.5000 0.58617092
4331.5500 0.59273561
4331.6000 0.59391786
4331.6500 0.57584683
4331.7000 0.55777581
4331.7500 0.53970479
4331.8000 0.53317118
4331.8500 0.53210941
4331.9000 0.53104765
4331.9500 0.52983089
4332.0000 0.52765615
4332.0500 0.52548141
4332.1000 0.52330668
4332.1500 0.53568033
4332.2000 0.55769769
4332.2500 0.57971505
4332.3000 0.59942163
4332.3500 0.58567767
4332.4000 0.57193372
4332.4500 0.55818976
4332.5000 0.54038234
4332.5500 0.51895706
4332.6000 0.49753179
4332.6500 0.47610652
4332.7000 0.51103752
4332.7500 0.54627795
4332.8000 0.58151839
4332.8500 0.58761238
4332.9000 0.55965781
4332.9500 0.53170323
4333.0000 0.50374865
4333.0500 0.50550386
4333.1000 0.50952859
4333.1500 0.51355332
4333.2000 0.51206392
4333.2500 0.50223379
4333.3000 0.49240365
4333.3500 0.48257352
4333.4000 0.497291
4333.4500 0.51573846
4333.5000 0.53418592
4333.5500 0.54865213
4333.6000 0.55536723
4333.6500 0.56208234
4333.7000 0.56879745
4333.7500 0.56296797
4333.8000 0.55422891
4333.8500 0.54548984
4333.9000 0.54002846
4333.9500 0.54277964
4334.0000 0.54553083
4334.0500 0.54828201
4334.1000 0.55406855
4334.1500 0.56081398
4334.2000 0.56755941
4334.2500 0.56899317
4334.3000 0.55320749
4334.3500 0.53742181
4334.4000 0.52163614
4334.4500 0.52929415
4334.5000 0.54640234
4334.5500 0.56351053
4334.6000 0.57404944
4334.6500 0.55672906
4334.7000 0.53940867
4334.7500 0.52208829
4334.8000 0.52235042
4334.8500 0.53127051
4334.9000 0.5401906
4334.9500 0.54801791
4335.0000 0.54967417
4335.0500 0.55133043
4335.1000 0.5529867
4335.1500 0.54264597
4335.2000 0.52531879
4335.2500 0.50799161
4335.3000 0.49331137
4335.3500 0.49907238
4335.4000 0.50483339
4335.4500 0.5105944
4335.5000 0.51896869
4335.5500 0.52909635
4335.6000 0.53922402
4335.6500 0.54803504
4335.7000 0.54237939
4335.7500 0.53672373
4335.8000 0.53106808
4335.8500 0.5264494
4335.9000 0.52261454
4335.9500 0.51877967
4336.0000 0.51517228
4336.0500 0.51534442
4336.1000 0.51551656
4336.1500 0.5156887
4336.2000 0.51430191
4336.2500 0.51161445
4336.3000 0.50892699
4336.3500 0.5069305
4336.4000 0.52416217
4336.4500 0.54139384
4336.5000 0.55862551
4336.5500 0.56269823
4336.6000 0.55488256
4336.6500 0.5470669
4336.7000 0.53917649
4336.7500 0.52701041
4336.8000 0.51484433
4336.8500 0.50267826
4336.9000 0.49343335
4336.9500 0.48699346
4337.0000 0.48055358
4337.0500 0.47410729
4337.1000 0.46616027
4337.1500 0.45821325
4337.2000 0.45026623
4337.2500 0.45711931
4337.3000 0.4788024
4337.3500 0.5004855
4337.4000 0.52216859
4337.4500 0.51332364
4337.5000 0.50435258
4337.5500 0.49538153
4337.6000 0.48865408
4337.6500 0.48423008
4337.7000 0.47980609
4337.7500 0.47538209
4337.8000 0.4675694
4337.8500 0.45972972
4337.9000 0.45189004
4337.9500 0.44701958
4338.0000 0.44521589
4338.0500 0.4434122
4338.1000 0.44160852
4338.1500 0.4451733
4338.2000 0.44877656
4338.2500 0.45237982
4338.3000 0.44666468
4338.3500 0.4314426
4338.4000 0.41622051
4338.4500 0.40099842
4338.5000 0.40181274
4338.5500 0.40265527
4338.6000 0.4034978
4338.6500 0.40097572
4338.7000 0.39512437
4338.7500 0.38927301
4338.8000 0.38347199
4338.8500 0.38377623
4338.9000 0.38408048
4338.9500 0.38438472
4339.0000 0.38418783
4339.0500 0.38351873
4339.1000 0.38284964
4339.1500 0.38218881
4339.2000 0.3818841
4339.2500 0.38157939
4339.3000 0.38127467
4339.3500 0.37796357
4339.4000 0.37200408
4339.4500 0.36604458
4339.5000 0.36036803
4339.5500 0.3611826
4339.6000 0.36199718
4339.6500 0.36281175
4339.7000 0.35672157
4339.7500 0.3450507
4339.8000 0.33337983
4339.8500 0.32290635
4339.9000 0.32953717
4339.9500 0.33616799
4340.0000 0.3427988
4340.0500 0.35242273
4340.1000 0.36422327
4340.1500 0.37602381
4340.2000 0.386323
4340.2500 0.38209335
4340.3000 0.3778637
4340.3500 0.37363405
4340.4000 0.35474142
4340.4500 0.32645399
4340.5000 0.29816656
4340.5500 0.27447518
4340.6000 0.28253004
4340.6500 0.2905849
4340.7000 0.29863976
4340.7500 0.29480465
4340.8000 0.28441357
4340.8500 0.27402249
4340.9000 0.26713877
4340.9500 0.27815378
4341.0000 0.2891688
4341.0500 0.30018381
4341.1000 0.29171161
4341.1500 0.2742472
4341.2000 0.25678279
4341.2500 0.24165514
4341.3000 0.23554482
4341.3500 0.2294345
4341.4000 0.22332417
4341.4500 0.23172138
4341.5000 0.24552523
4341.5500 0.25932908
4341.6000 0.26971993
4341.6500 0.26999856
4341.7000 0.27027718
4341.7500 0.2705558
4341.8000 0.27396732
4341.8500 0.2782763
4341.9000 0.28258528
4341.9500 0.28311387
4342.0000 0.27496495
4342.0500 0.26681603
4342.1000 0.25866711
4342.1500 0.26779565
4342.2000 0.28044477
4342.2500 0.29309388
4342.3000 0.3022866
4342.3500 0.30531166
4342.4000 0.30833672
4342.4500 0.31136179
4342.5000 0.30135147
4342.5500 0.28970864
4342.6000 0.27806581
4342.6500 0.27479699
4342.7000 0.28312053
4342.7500 0.29144408
4342.8000 0.29976762
4342.8500 0.31500791
4342.9000 0.33060263
4342.9500 0.34619736
4343.0000 0.34115556
4343.0500 0.31413456
4343.1000 0.28711357
4343.1500 0.26082362
4343.2000 0.27356836
4343.2500 0.2863131
4343.3000 0.29905784
4343.3500 0.29697273
4343.4000 0.2829326
4343.4500 0.26889246
4343.5000 0.25957966
4343.5500 0.29801244
4343.6000 0.33644522
4343.6500 0.374878
4343.7000 0.38725814
4343.7500 0.38418342
4343.8000 0.3811087
4343.8500 0.37756685
4343.9000 0.37168446
4343.9500 0.36580207
4344.0000 0.35991968
4344.0500 0.36067427
4344.1000 0.36418959
4344.1500 0.3677049
4344.2000 0.37182666
4344.2500 0.37779484
4344.3000 0.38376303
4344.3500 0.38973121
4344.4000 0.39107545
4344.4500 0.39118598
4344.5000 0.39129651
4344.5500 0.39049559
4344.6000 0.38786637
4344.6500 0.38523715
4344.7000 0.38260792
4344.7500 0.39603342
4344.8000 0.41170821
4344.8500 0.427383
4344.9000 0.44152318
4344.9500 0.45356743
4345.0000 0.46561169
4345.0500 0.47765594
4345.1000 0.45798348
4345.1500 0.43731062
4345.2000 0.41663776
4345.2500 0.4108681
4345.3000 0.4190052
4345.3500 0.4271423
4345.4000 0.4351006
4345.4500 0.44054118
4345.5000 0.44598176
4345.5500 0.45142235
4345.6000 0.44916673
4345.6500 0.442123
4345.7000 0.43507926
4345.7500 0.42679337
4345.8000 0.41234587
4345.8500 0.39789837
4345.9000 0.38345087
4345.9500 0.38913449
4346.0000 0.40263819
4346.0500 0.41614189
4346.1000 0.4293266
4346.1500 0.44166534
4346.2000 0.45400408
4346.2500 0.46634282
4346.3000 0.47637287
4346.3500 0.48592521
4346.4000 0.49547754
4346.4500 0.49933081
4346.5000 0.49405885
4346.5500 0.48878689
4346.6000 0.48351493
4346.6500 0.49135502
4346.7000 0.50001026
4346.7500 0.50866551
4346.8000 0.51193045
4346.8500 0.5097974
4346.9000 0.50766436
4346.9500 0.50545369
4347.0000 0.50200415
4347.0500 0.49855462
4347.1000 0.49510509
4347.1500 0.49600667
4347.2000 0.49958156
4347.2500 0.50315646
4347.3000 0.50732706
4347.3500 0.51419255
4347.4000 0.52105804
4347.4500 0.52792353
4347.5000 0.52971594
4347.5500 0.52976085
4347.6000 0.52980575
4347.6500 0.52159592
4347.7000 0.49481249
4347.7500 0.46802906
4347.8000 0.44124563
4347.8500 0.44795724
4347.9000 0.45955336
4347.9500 0.47114949
4348.0000 0.48444154
4348.0500 0.49990154
4348.1000 0.51536153
4348.1500 0.53065344
4348.2000 0.51923831
4348.2500 0.50782317
4348.3000 0.49640804
4348.3500 0.4857846
4348.4000 0.47574697
4348.4500 0.46570933
4348.5000 0.4598875
4348.5500 0.4790537
4348.6000 0.4982199
4348.6500 0.5173861
4348.7000 0.51884324
4348.7500 0.51324593
4348.8000 0.50764863
4348.8500 0.50036179
4348.9000 0.48887851
4348.9500 0.47739522
4349.0000 0.46591193
4349.0500 0.48091555
4349.1000 0.50022733
4349.1500 0.51953912
4349.2000 0.52909249
4349.2500 0.52593539
4349.3000 0.52277829
4349.3500 0.51937515
4349.4000 0.49074384
4349.4500 0.46211254
4349.5000 0.43348124
4349.5500 0.43216186
4349.6000 0.45012566
4349.6500 0.46808947
4349.7000 0.4858544
4349.7500 0.50260403
4349.8000 0.51935367
4349.8500 0.53610331
4349.9000 0.54223164
4349.9500 0.54467807
4350.0000 0.5471245
4350.0500 0.54467025
4350.1000 0.5319215
4350.1500 0.51917274
4350.2000 0.50642399
4350.2500 0.51535534
4350.3000 0.52659981
4350.3500 0.53784428
4350.4000 0.54485161
4350.4500 0.54737438
4350.5000 0.54989714
4350.5500 0.55231675
4350.6000 0.55334842
4350.6500 0.55438009
4350.7000 0.55541177
4350.7500 0.55748231
4350.8000 0.56010319
4350.8500 0.56272408
4350.9000 0.56454781
4350.9500 0.56383835
4351.0000 0.56312889
4351.0500 0.56241943
4351.1000 0.55804959
4351.1500 0.55290955
4351.2000 0.54776952
4351.2500 0.53741666
4351.3000 0.51968878
4351.3500 0.5019609
4351.4000 0.48431288
4351.4500 0.49144508
4351.5000 0.49857728
4351.5500 0.50570948
4351.6000 0.49883287
4351.6500 0.48235955
4351.7000 0.46588624
4351.7500 0.45394801
4351.8000 0.46200947
4351.8500 0.47007093
4351.9000 0.47813239
4351.9500 0.4982288
4352.0000 0.52177175
4352.0500 0.5453147
4352.1000 0.55061309
4352.1500 0.52498689
4352.2000 0.49936068
4352.2500 0.47373447
4352.3000 0.48998983
4352.3500 0.50772455
4352.4000 0.52545927
4352.4500 0.53669921
4352.5000 0.54287437
4352.5500 0.54904953
4352.6000 0.5530338
4352.6500 0.54542728
4352.7000 0.53782077
4352.7500 0.53021425
4352.8000 0.53379648
4352.8500 0.54096578
4352.9000 0.54813508
4352.9500 0.5432311
4353.0000 0.51654784
4353.0500 0.48986458
4353.1000 0.46318133
4353.1500 0.46383684
4353.2000 0.46571484
4353.2500 0.46759284
4353.3000 0.4681834
4353.3500 0.46775787
4353.4000 0.46733234
4353.4500 0.46845012
4353.5000 0.47756623
4353.5500 0.48668234
4353.6000 0.49579845
4353.6500 0.50257973
4353.7000 0.50864672
4353.7500 0.5147137
4353.8000 0.51750648
4353.8500 0.51474519
4353.9000 0.5119839
4353.9500 0.50922261
4354.0000 0.49613698
4354.0500 0.48281006
4354.1000 0.46948313
4354.1500 0.45586354
4354.2000 0.44203597
4354.2500 0.4282084
4354.3000 0.42434504
4354.3500 0.46209978
4354.4000 0.49985451
4354.4500 0.53760925
4354.5000 0.54166289
4354.5500 0.53744314
4354.6000 0.53322339
4354.6500 0.53140782
4354.7000 0.53299856
4354.7500 0.5345893
4354.8000 0.53630597
4354.8500 0.54278113
4354.9000 0.54925629
4354.9500 0.55573146
4355.0000 0.53940488
4355.0500 0.51019334
4355.1000 0.48098179
4355.1500 0.46509755
4355.2000 0.48851098
4355.2500 0.51192441
4355.3000 0.53533784
4355.3500 0.54424236
4355.4000 0.55095402
4355.4500 0.55766568
4355.5000 0.55697027
4355.5500 0.54841926
4355.6000 0.53986825
4355.6500 0.53122903
4355.7000 0.52182214
4355.7500 0.51241524
4355.8000 0.50300835
4355.8500 0.51586768
4355.9000 0.53730269
4355.9500 0.55873771
4356.0000 0.54567165
4356.0500 0.46622259
4356.1000 0.38677353
4356.1500 0.30732447
4356.2000 0.37453666
4356.2500 0.44735632
4356.3000 0.52017598
4356.3500 0.54575674
4356.4000 0.53789603
4356.4500 0.53003533
4356.5000 0.52752423
4356.5500 0.54526144
4356.6000 0.56299864
4356.6500 0.58073584
4356.7000 0.55401502
4356.7500 0.51842044
4356.8000 0.48282586
4356.8500 0.46562404
4356.9000 0.47006728
4356.9500 0.47451051
4357.0000 0.47981173
4357.0500 0.49419646
4357.1000 0.50858119
4357.1500 0.52296591
4357.2000 0.5313488
4357.2500 0.53733192
4357.3000 0.54331505
4357.3500 0.54626498
4357.4000 0.54341993
4357.4500 0.54057488
4357.5000 0.53772983
4357.5500 0.55071998
4357.6000 0.56413382
4357.6500 0.57754765
4357.7000 0.58479279
4357.7500 0.58801794
4357.8000 0.59124309
4357.8500 0.5998032
4357.9000 0.62543484
4357.9500 0.65106647
4358.0000 0.6766981
4358.0500 0.68041845
4358.1000 0.68091951
4358.1500 0.68142058
4358.2000 0.69714389
4358.2500 0.72767836
4358.3000 0.75821283
4358.3500 0.78709572
4358.4000 0.80607551
4358.4500 0.8250553
4358.5000 0.84403509
4358.5500 0.81157642
4358.6000 0.76462432
4358.6500 0.71767222
4358.7000 0.67700808
4358.7500 0.64507876
4358.8000 0.61314945
4358.8500 0.58355144
4358.9000 0.59175138
4358.9500 0.59995132
4359.0000 0.60815126
4359.0500 0.60384709
4359.1000 0.59415272
4359.1500 0.58445834
4359.2000 0.57626481
4359.2500 0.5709769
4359.3000 0.56568898
4359.3500 0.56040107
4359.4000 0.54914875
4359.4500 0.53779684
4359.5000 0.52644492
4359.5500 0.52662905
4359.6000 0.53365552
4359.6500 0.54068199
4359.7000 0.54531859
4359.7500 0.54358982
4359.8000 0.54186105
4359.8500 0.54013228
4359.9000 0.52919676
4359.9500 0.51745389
4360.0000 0.50571102
4360.0500 0.52039623
4360.1000 0.55526856
4360.1500 0.5901409
4360.2000 0.60714312
4360.2500 0.55914924
4360.3000 0.51115535
4360.3500 0.46316147
4360.4000 0.46962199
4360.4500 0.48454436
4360.5000 0.49946672
4360.5500 0.51291497
4360.6000 0.52498332
4360.6500 0.53705167
4360.7000 0.54833446
4360.7500 0.55574509
4360.8000 0.56315572
4360.8500 0.57056635
4360.9000 0.55754339
4360.9500 0.54009433
4361.0000 0.52264528
4361.0500 0.5197547
4361.1000 0.53286488
4361.1500 0.54597506
4361.2000 0.55659141
4361.2500 0.55080799
4361.3000 0.54502458
4361.3500 0.53924116
4361.4000 0.53529507
4361.4500 0.53184111
4361.5000 0.52838715
4361.5500 0.53313775
4361.6000 0.54805416
4361.6500 0.56297056
4361.7000 0.57519426
4361.7500 0.56462437
4361.8000 0.55405448
4361.8500 0.54348458
4361.9000 0.53789016
4361.9500 0.53381707
4362.0000 0.52974397
4362.0500 0.53570792
4362.1000 0.55513181
4362.1500 0.57455571
4362.2000 0.59215297
4362.2500 0.59119922
4362.3000 0.59024546
4362.3500 0.58929171
4362.4000 0.57718774
4362.4500 0.56143142
4362.5000 0.54567509
4362.5500 0.52725818
4362.6000 0.50513731
4362.6500 0.48301643
4362.7000 0.46341518
4362.7500 0.47130727
4362.8000 0.47919936
4362.8500 0.48709144
4362.9000 0.49508155
4362.9500 0.50310416
4363.0000 0.51112677
4363.0500 0.52414306
4363.1000 0.54407722
4363.1500 0.56401138
4363.2000 0.5811784
4363.2500 0.56987745
4363.3000 0.55857651
4363.3500 0.54727557
4363.4000 0.59041216
4363.4500 0.65082455
4363.5000 0.71123695
4363.5500 0.72457932
4363.6000 0.67571839
4363.6500 0.62685746
4363.7000 0.58304688
4363.7500 0.58295398
4363.8000 0.58286107
4363.8500 0.58276817
4363.9000 0.59137449
4363.9500 0.60247017
4364.0000 0.61356584
4364.0500 0.61176742
4364.1000 0.5943747
4364.1500 0.57698197
4364.2000 0.56180648
4364.2500 0.56162087
4364.3000 0.56143526
4364.3500 0.56124966
4364.4000 0.55092952
4364.4500 0.53817394
4364.5000 0.52541837
4364.5500 0.53021739
4364.6000 0.55367243
4364.6500 0.57712748
4364.7000 0.59612486
4364.7500 0.59247862
4364.8000 0.58883238
4364.8500 0.58518614
4364.9000 0.56170287
4364.9500 0.53458971
4365.0000 0.50747656
4365.0500 0.51245858
4365.1000 0.54621194
4365.1500 0.5799653
4365.2000 0.58842738
4365.2500 0.50199656
4365.3000 0.41556573
4365.3500 0.32913491
4365.4000 0.3827461
4365.4500 0.45283597
4365.5000 0.52292583
4365.5500 0.5606002
4365.6000 0.57481554
4365.6500 0.58903087
4365.7000 0.60282153
4365.7500 0.61544468
4365.8000 0.62806782
4365.8500 0.64069096
4365.9000 0.63030524
4365.9500 0.61882144
4366.0000 0.60733764
4366.0500 0.61266983
4366.1000 0.6273253
4366.1500 0.64198076
4366.2000 0.64226476
4366.2500 0.61380718
4366.3000 0.5853496
4366.3500 0.5579301
4366.4000 0.57182124
4366.4500 0.58571238
4366.5000 0.59960352
4366.5500 0.57941678
4366.6000 0.54576821
4366.6500 0.51211965
4366.7000 0.50674314
4366.7500 0.54200123
4366.8000 0.57725932
4366.8500 0.60715931
4366.9000 0.59134318
4366.9500 0.57552706
4367.0000 0.55971093
4367.0500 0.53314252
4367.1000 0.50389727
4367.1500 0.47465203
4367.2000 0.46279266
4367.2500 0.46848833
4367.3000 0.474184
4367.3500 0.48864932
4367.4000 0.5391712
4367.4500 0.58969307
4367.5000 0.64021494
4367.5500 0.5785849
4367.6000 0.50377536
4367.6500 0.42896582
4367.7000 0.42851199
4367.7500 0.47862867
4367.8000 0.52874536
4367.8500 0.55656377
4367.9000 0.53152604
4367.9500 0.50648831
4368.0000 0.48145057
4368.0500 0.46154702
4368.1000 0.4416468
4368.1500 0.42174658
4368.2000 0.43463615
4368.2500 0.46136871
4368.3000 0.48810127
4368.3500 0.49923807
4368.4000 0.48775477
4368.4500 0.47627146
4368.5000 0.47152204
4368.5500 0.51900851
4368.6000 0.56649497
4368.6500 0.61398144
4368.7000 0.56272132
4368.7500 0.48999566
4368.8000 0.41727
4368.8500 0.41723556
4368.9000 0.48170753
4368.9500 0.54617949
4369.0000 0.58901272
4369.0500 0.56308586
4369.1000 0.537159
4369.1500 0.51123213
4369.2000 0.55286518
4369.2500 0.59804959
4369.3000 0.64323401
4369.3500 0.64422698
4369.4000 0.62264653
4369.4500 0.60106609
4369.5000 0.58109441
4369.5500 0.56380537
4369.6000 0.54651633
4369.6500 0.5308031
4369.7000 0.53121631
4369.7500 0.53162952
4369.8000 0.53204274
4369.8500 0.53099077
4369.9000 0.52958231
4369.9500 0.52817385
4370.0000 0.51039636
4370.0500 0.47755333
4370.1000 0.44471031
4370.1500 0.42627312
4370.2000 0.45387901
4370.2500 0.48148489
4370.3000 0.50909078
4370.3500 0.49673737
4370.4000 0.4825904
4370.4500 0.46844344
4370.5000 0.48281872
4370.5500 0.510807
4370.6000 0.53879529
4370.6500 0.5540053
4370.7000 0.54988318
4370.7500 0.54576106
4370.8000 0.54543478
4370.8500 0.57291216
4370.9000 0.60038954
4370.9500 0.62786691
4371.0000 0.62910273
4371.0500 0.62546783
4371.1000 0.62183294
4371.1500 0.59517612
4371.2000 0.55100398
4371.2500 0.50683184
4371.3000 0.47218903
4371.3500 0.46048016
4371.4000 0.4487713
4371.4500 0.43833649
4371.5000 0.48935116
4371.5500 0.54036583
4371.6000 0.5913805
4371.6500 0.58040684
4371.7000 0.54857505
4371.7500 0.51674326
4371.8000 0.51345936
4371.8500 0.54143884
4371.9000 0.56941833
4371.9500 0.58316761
4372.0000 0.54257322
4372.0500 0.50197882
4372.1000 0.46138443
4372.1500 0.50158725
4372.2000 0.54704967
4372.2500 0.59251209
4372.3000 0.58759299
4372.3500 0.55801557
4372.4000 0.52843815
4372.4500 0.49514963
4372.5000 0.45641037
4372.5500 0.4176711
4372.6000 0.39841755
4372.6500 0.49898788
4372.7000 0.59955822
4372.7500 0.70012855
4372.8000 0.68655655
4372.8500 0.65680288
4372.9000 0.62704921
4372.9500 0.6130614
4373.0000 0.60902919
4373.0500 0.60499697
4373.1000 0.59505521
4373.1500 0.57419654
4373.2000 0.55333787
4373.2500 0.53470976
4373.3000 0.53846703
4373.3500 0.54222431
4373.4000 0.54598158
4373.4500 0.57535045
4373.5000 0.60992155
4373.5500 0.64449264
4373.6000 0.63996035
4373.6500 0.60627382
4373.7000 0.5725873
4373.7500 0.54819618
4373.8000 0.54395014
4373.8500 0.53970409
4373.9000 0.53553893
4373.9500 0.53264666
4374.0000 0.52975439
4374.0500 0.52686212
4374.1000 0.51914739
4374.1500 0.5102637
4374.2000 0.50138002
4374.2500 0.48855557
4374.3000 0.47252246
4374.3500 0.45648934
4374.4000 0.44857098
4374.4500 0.4597091
4374.5000 0.47084722
4374.5500 0.48192191
4374.6000 0.49171758
4374.6500 0.50151326
4374.7000 0.51130893
4374.7500 0.46026687
4374.8000 0.39372971
4374.8500 0.32719255
4374.9000 0.34739424
4374.9500 0.43916655
4375.0000 0.53093886
4375.0500 0.57902659
4375.1000 0.52516283
4375.1500 0.47129906
4375.2000 0.42352822
4375.2500 0.48428642
4375.3000 0.54504462
4375.3500 0.60580281
4375.4000 0.60020775
4375.4500 0.5787953
4375.5000 0.55738285
4375.5500 0.52840521
4375.6000 0.49355559
4375.6500 0.45870597
4375.7000 0.44895669
4375.7500 0.49263113
4375.8000 0.53630556
4375.8500 0.57370064
4375.9000 0.53629783
4375.9500 0.49889502
4376.0000 0.46149221
4376.0500 0.45146604
4376.1000 0.44679492
4376.1500 0.44212379
4376.2000 0.4285622
4376.2500 0.40898648
4376.3000 0.38941077
4376.3500 0.37550317
4376.4000 0.37177178
4376.4500 0.3680404
4376.5000 0.36833467
4376.5500 0.39811321
4376.6000 0.42789176
4376.6500 0.4576703
4376.7000 0.43040484
4376.7500 0.39563044
4376.8000 0.36085604
4376.8500 0.35041361
4376.9000 0.35316698
4376.9500 0.35592034
4377.0000 0.37904443
4377.0500 0.43097673
4377.1000 0.48290904
4377.1500 0.52726878
4377.2000 0.53741221
4377.2500 0.54755564
4377.3000 0.55769906
4377.3500 0.56289538
4377.4000 0.56782778
4377.4500 0.57276018
4377.5000 0.54598205
4377.5500 0.50678909
4377.6000 0.46759613
4377.6500 0.4565002
4377.7000 0.47475492
4377.7500 0.49300964
4377.8000 0.49989926
4377.8500 0.47455638
4377.9000 0.44921349
4377.9500 0.42758699
4378.0000 0.5134332
4378.0500 0.59927942
4378.1000 0.68512563
4378.1500 0.63811726
4378.2000 0.55940018
4378.2500 0.48068309
4378.3000 0.4713483
4378.3500 0.51177152
4378.4000 0.55219473
4378.4500 0.55393043
4378.5000 0.4864536
4378.5500 0.41897676
4378.6000 0.36609405
4378.6500 0.40601297
4378.7000 0.44593189
4378.7500 0.4858508
4378.8000 0.48791867
4378.8500 0.48644238
4378.9000 0.48496609
4378.9500 0.5084571
4379.0000 0.54295551
4379.0500 0.57745392
4379.1000 0.57855469
4379.1500 0.5427149
4379.2000 0.50687511
4379.2500 0.49540236
4379.3000 0.55446596
4379.3500 0.61352957
4379.4000 0.66938085
4379.4500 0.64782893
4379.5000 0.62627702
4379.5500 0.6047251
4379.6000 0.58271544
4379.6500 0.56060807
4379.7000 0.5385007
4379.7500 0.55747736
4379.8000 0.60277837
4379.8500 0.64807938
4379.9000 0.64208536
4379.9500 0.55786029
4380.0000 0.47363522
4380.0500 0.41951155
4380.1000 0.49913741
4380.1500 0.57876327
4380.2000 0.65838913
4380.2500 0.58144436
4380.3000 0.500081
4380.3500 0.41871764
4380.4000 0.44060853
4380.4500 0.4946526
4380.5000 0.54869668
4380.5500 0.52318386
4380.6000 0.43354211
4380.6500 0.34390036
4380.7000 0.30141358
4380.7500 0.34806648
4380.8000 0.39471939
4380.8500 0.43517607
4380.9000 0.43738617
4380.9500 0.43959628
4381.0000 0.44180638
4381.0500 0.49250096
4381.1000 0.54662096
4381.1500 0.60074097
4381.2000 0.56136838
4381.2500 0.48737326
4381.3000 0.41337814
4381.3500 0.44599139
4381.4000 0.57442478
4381.4500 0.70285818
4381.5000 0.76805065
4381.5500 0.70171069
4381.6000 0.63537074
4381.6500 0.58470451
4381.7000 0.64488498
4381.7500 0.70506546
4381.8000 0.76524594
4381.8500 0.69654357
4381.9000 0.61727461
4381.9500 0.53800565
4382.0000 0.58259518
4382.0500 0.673996
4382.1000 0.76539683
4382.1500 0.75052118
4382.2000 0.64077955
4382.2500 0.53103792
4382.3000 0.45330729
4382.3500 0.4399383
4382.4000 0.4265693
4382.4500 0.41397756
4382.5000 0.40627762
4382.5500 0.39857769
4382.6000 0.39087776
4382.6500 0.39758098
4382.7000 0.40515158
4382.7500 0.41272219
4382.8000 0.41527327
4382.8500 0.41615513
4382.9000 0.41703699
4382.9500 0.41606606
4383.0000 0.41363249
4383.0500 0.41119893
4383.1000 0.4290457
4383.1500 0.48166378
4383.2000 0.53428186
4383.2500 0.56963777
4383.3000 0.52586481
4383.3500 0.48209185
4383.4000 0.43831889
4383.4500 0.41171131
4383.5000 0.38526081
4383.5500 0.35881031
4383.6000 0.36936085
4383.6500 0.38893551
4383.7000 0.40851017
4383.7500 0.42110075
4383.8000 0.42937575
4383.8500 0.43765076
4383.9000 0.47187667
4383.9500 0.54003205
4384.0000 0.60818743
4384.0500 0.63059587
4384.1000 0.51563844
4384.1500 0.40068101
4384.2000 0.28795067
4384.2500 0.20602135
4384.3000 0.12409203
4384.3500 0.0421627
4384.4000 0.1536401
4384.4500 0.28995808
4384.5000 0.42627607
4384.5500 0
4384.6000 0
4384.6500 0
