4424.0500 1.63466977
4424.1000 1.69216281
4424.1500 1.5284141
4424.2000 1.36466539
4424.2500 1.20091668
4424.3000 1.06237497
4424.3500 1.17023466
4424.4000 1.27809434
4424.4500 1.38595403
4424.5000 1.49381371
4424.5500 1.45048216
4424.6000 1.39561064
4424.6500 1.34073911
4424.7000 1.28586759
4424.7500 1.43129004
4424.8000 1.63772819
4424.8500 1.84416633
4424.9000 2.05060448
4424.9500 2.02499824
4425.0000 1.84792419
4425.0500 1.67085013
4425.1000 1.49377607
4425.1500 1.39271016
4425.2000 1.38654191
4425.2500 1.38037366
4425.3000 1.37420541
4425.3500 1.37895582
4425.4000 1.41102366
4425.4500 1.44309149
4425.5000 1.47515932
4425.5500 1.50064848
4425.6000 1.48112593
4425.6500 1.46160337
4425.7000 1.44208081
4425.7500 1.42255825
4425.8000 1.37856564
4425.8500 1.33383211
4425.9000 1.28909859
4425.9500 1.24436507
4426.0000 1.22895688
4426.0500 1.22021233
4426.1000 1.21146779
4426.1500 1.20272324
4426.2000 1.20076239
4426.2500 1.20229291
4426.3000 1.20382343
4426.3500 1.20535396
4426.4000 1.24893173
4426.4500 1.33344275
4426.5000 1.41795377
4426.5500 1.50246478
4426.6000 1.53559101
4426.6500 1.47509169
4426.7000 1.41459236
4426.7500 1.35409304
4426.8000 1.32348054
4426.8500 1.41011311
4426.9000 1.49674568
4426.9500 1.58337824
4427.0000 1.66192743
4427.0500 1.59616771
4427.1000 1.530408
4427.1500 1.46464828
4427.2000 1.39888856
4427.2500 1.46272002
4427.3000 1.54029846
4427.3500 1.6178769
4427.4000 1.69545535
4427.4500 1.69272789
4427.5000 1.6641212
4427.5500 1.63551452
4427.6000 1.60690783
4427.6500 1.60394242
4427.7000 1.61739769
4427.7500 1.63085296
4427.8000 1.64430824
4427.8500 1.62135298
4427.9000 1.55634909
4427.9500 1.4913452
4428.0000 1.42634131
4428.0500 1.39408991
4428.1000 1.43154326
4428.1500 1.46899661
4428.2000 1.50644996
4428.2500 1.51930775
4428.3000 1.41733655
4428.3500 1.31536535
4428.4000 1.21339415
4428.4500 1.11749479
4428.5000 1.19263217
4428.5500 1.26776955
4428.6000 1.34290693
4428.6500 1.4180443
4428.7000 1.38267692
4428.7500 1.33410985
4428.8000 1.28554278
4428.8500 1.23697571
4428.9000 1.25482443
4428.9500 1.29440648
4429.0000 1.33398854
4429.0500 1.3735706
4429.1000 1.42028491
4429.1500 1.47146907
4429.2000 1.52265324
4429.2500 1.5738374
4429.3000 1.56857365
4429.3500 1.5014594
4429.4000 1.43434515
4429.4500 1.36723091
4429.5000 1.3219411
4429.5500 1.31887855
4429.6000 1.315816
4429.6500 1.31275345
4429.7000 1.30798688
4429.7500 1.29662968
4429.8000 1.28527247
4429.8500 1.27391526
4429.9000 1.2637096
4429.9500 1.26850764
4430.0000 1.27330569
4430.0500 1.27810373
4430.1000 1.28290178
4430.1500 1.33107142
4430.2000 1.38209493
4430.2500 1.43311844
4430.3000 1.48414196
4430.3500 1.48462227
4430.4000 1.47296688
4430.4500 1.46131148
4430.5000 1.44965609
4430.5500 1.46363736
4430.6000 1.48992607
4430.6500 1.51621478
4430.7000 1.54250349
4430.7500 1.53484815
4430.8000 1.49897306
4430.8500 1.46309797
4430.9000 1.42722287
4430.9500 1.40507661
4431.0000 1.40207862
4431.0500 1.39908062
4431.1000 1.39608263
4431.1500 1.39507657
4431.2000 1.39894121
4431.2500 1.40280586
4431.3000 1.4066705
4431.3500 1.41153602
4431.4000 1.42150073
4431.4500 1.43146543
4431.5000 1.44143014
4431.5500 1.44970592
4431.6000 1.41640081
4431.6500 1.38309571
4431.7000 1.3497906
4431.7500 1.31648549
4431.8000 1.35703041
4431.8500 1.40442433
4431.9000 1.45181826
4431.9500 1.49921218
4432.0000 1.46028647
4432.0500 1.39874124
4432.1000 1.33719601
4432.1500 1.27565078
4432.2000 1.30221303
4432.2500 1.37202601
4432.3000 1.44183899
4432.3500 1.51165197
4432.4000 1.51017022
4432.4500 1.45041737
4432.5000 1.39066451
4432.5500 1.33091165
4432.6000 1.34221214
4432.6500 1.44734852
4432.7000 1.5524849
4432.7500 1.65762128
4432.8000 1.70643839
4432.8500 1.63147579
4432.9000 1.55651319
4432.9500 1.48155058
4433.0000 1.4149418
4433.0500 1.38267684
4433.1000 1.35041188
4433.1500 1.31814692
4433.2000 1.28870427
4433.2500 1.29183811
4433.3000 1.29497196
4433.3500 1.2981058
4433.4000 1.30123965
4433.4500 1.36013755
4433.5000 1.42106109
4433.5500 1.48198463
4433.6000 1.54290817
4433.6500 1.51574322
4433.7000 1.47319248
4433.7500 1.43064174
4433.8000 1.388091
4433.8500 1.37783274
4433.9000 1.37899082
4433.9500 1.38014891
4434.0000 1.381307
4434.0500 1.36317175
4434.1000 1.3335811
4434.1500 1.30399045
4434.2000 1.2743998
4434.2500 1.27872476
4434.3000 1.31470518
4434.3500 1.35068561
4434.4000 1.38666604
4434.4500 1.41710266
4434.5000 1.43950062
4434.5500 1.46189859
4434.6000 1.48429656
4434.6500 1.49153259
4434.7000 1.46342867
4434.7500 1.43532475
4434.8000 1.40722083
4434.8500 1.3856923
4434.9000 1.39158156
4434.9500 1.39747081
4435.0000 1.40336006
4435.0500 1.40827562
4435.1000 1.40307275
4435.1500 1.39786988
4435.2000 1.39266701
4435.2500 1.38746414
4435.3000 1.40630263
4435.3500 1.42555008
4435.4000 1.44479754
4435.4500 1.464045
4435.5000 1.4494876
4435.5500 1.43031639
4435.6000 1.41114518
4435.6500 1.39197397
4435.7000 1.39756397
4435.7500 1.41023251
4435.8000 1.42290105
4435.8500 1.43556959
4435.9000 1.42744786
4435.9500 1.40938884
4436.0000 1.39132982
4436.0500 1.3732708
4436.1000 1.37746191
4436.1500 1.39798739
4436.2000 1.41851287
4436.2500 1.43903835
4436.3000 1.460558
4436.3500 1.48316392
4436.4000 1.50576984
4436.4500 1.52837577
4436.5000 1.53351585
4436.5500 1.51018409
4436.6000 1.48685233
4436.6500 1.46352057
4436.7000 1.42119281
4436.7500 1.33090179
4436.8000 1.24061077
4436.8500 1.15031975
4436.9000 1.09771472
4436.9500 1.20753459
4437.0000 1.31735445
4437.0500 1.42717432
4437.1000 1.52191394
4437.1500 1.47147458
4437.2000 1.42103523
4437.2500 1.37059587
4437.3000 1.32023649
4437.3500 1.34854744
4437.4000 1.3768584
4437.4500 1.40516935
4437.5000 1.43348031
4437.5500 1.36367174
4437.6000 1.28404939
4437.6500 1.20442703
4437.7000 1.12480468
4437.7500 1.160209
4437.8000 1.22115818
4437.8500 1.28210736
4437.9000 1.34305654
4437.9500 1.31718374
4438.0000 1.25897426
4438.0500 1.20076479
4438.1000 1.14255532
4438.1500 1.16044606
4438.2000 1.22112177
4438.2500 1.28179747
4438.3000 1.34247318
4438.3500 1.39195861
4438.4000 1.43238956
4438.4500 1.4728205
4438.5000 1.51325144
4438.5500 1.52115215
4438.6000 1.49185454
4438.6500 1.46255692
4438.7000 1.43325931
4438.7500 1.42969268
4438.8000 1.46785109
4438.8500 1.50600949
4438.9000 1.5441679
4438.9500 1.55215085
4439.0000 1.48888396
4439.0500 1.42561707
4439.1000 1.36235017
4439.1500 1.32055366
4439.2000 1.35727742
4439.2500 1.39400118
4439.3000 1.43072495
4439.3500 1.46225836
4439.4000 1.45997984
4439.4500 1.45770132
4439.5000 1.4554228
4439.5500 1.45376526
4439.6000 1.46329779
4439.6500 1.47283031
4439.7000 1.48236284
4439.7500 1.49189536
4439.8000 1.48557967
4439.8500 1.47882787
4439.9000 1.47207608
4439.9500 1.46532428
4440.0000 1.46775973
4440.0500 1.47127293
4440.1000 1.47478613
4440.1500 1.47829932
4440.2000 1.46271464
4440.2500 1.44287908
4440.3000 1.42304353
4440.3500 1.40320797
4440.4000 1.40897699
4440.4500 1.42364813
4440.5000 1.43831927
4440.5500 1.4529904
4440.6000 1.42451822
4440.6500 1.37453001
4440.7000 1.32454181
4440.7500 1.27455361
4440.8000 1.27977201
4440.8500 1.32278557
4440.9000 1.36579913
4440.9500 1.40881269
4441.0000 1.41461956
4441.0500 1.38623572
4441.1000 1.35785189
4441.1500 1.32946806
4441.2000 1.31854226
4441.2500 1.32897307
4441.3000 1.33940388
4441.3500 1.34983469
4441.4000 1.35482573
4441.4500 1.35092567
4441.5000 1.3470256
4441.5500 1.34312554
4441.6000 1.35085618
4441.6500 1.38441009
4441.7000 1.41796399
4441.7500 1.45151789
4441.8000 1.4697692
4441.8500 1.44025311
4441.9000 1.41073702
4441.9500 1.38122093
4442.0000 1.35613354
4442.0500 1.35179907
4442.1000 1.34746461
4442.1500 1.34313015
4442.2000 1.33725373
4442.2500 1.3189343
4442.3000 1.30061486
4442.3500 1.28229543
4442.4000 1.26385198
4442.4500 1.24282436
4442.5000 1.22179673
4442.5500 1.2007691
4442.6000 1.17974148
4442.6500 1.18739951
4442.7000 1.19556935
4442.7500 1.20373918
4442.8000 1.21190902
4442.8500 1.2146197
4442.9000 1.21685758
4442.9500 1.21909546
4443.0000 1.22133334
4443.0500 1.23207423
4443.1000 1.24420773
4443.1500 1.25634123
4443.2000 1.26847473
4443.2500 1.26079186
4443.3000 1.24813596
4443.3500 1.23548006
4443.4000 1.22282417
4443.4500 1.22732564
4443.5000 1.23783486
4443.5500 1.24834409
4443.6000 1.25885332
4443.6500 1.242245
4443.7000 1.21305462
4443.7500 1.18386424
4443.8000 1.15467385
4443.8500 1.14481796
4443.9000 1.14648238
4443.9500 1.14814681
4444.0000 1.14981123
4444.0500 1.16101149
4444.1000 1.17936635
4444.1500 1.19772121
4444.2000 1.21607607
4444.2500 1.19004485
4444.3000 1.12257802
4444.3500 1.05511118
4444.4000 0.98764435
4444.4500 0.97627324
4444.5000 1.02965254
4444.5500 1.08303184
4444.6000 1.13641114
4444.6500 1.17356761
4444.7000 1.18760364
4444.7500 1.20163967
4444.8000 1.21567571
4444.8500 1.22003121
4444.9000 1.20729863
4444.9500 1.19456606
4445.0000 1.18183348
4445.0500 1.17174679
4445.1000 1.16749238
4445.1500 1.16323797
4445.2000 1.15898356
4445.2500 1.15822799
4445.3000 1.16724313
4445.3500 1.17625828
4445.4000 1.18527342
4445.4500 1.19106564
4445.5000 1.18518842
4445.5500 1.17931121
4445.6000 1.173434
4445.6500 1.17222279
4445.7000 1.19374385
4445.7500 1.2152649
4445.8000 1.23678596
4445.8500 1.25709673
4445.9000 1.26896174
4445.9500 1.28082674
4446.0000 1.29269175
4446.0500 1.30281824
4446.1000 1.29335824
4446.1500 1.28389824
4446.2000 1.27443823
4446.2500 1.26547563
4446.3000 1.268816
4446.3500 1.27215637
4446.4000 1.27549673
4446.4500 1.2788371
4446.5000 1.27161911
4446.5500 1.26437298
4446.6000 1.25712684
4446.6500 1.2498807
4446.7000 1.26355461
4446.7500 1.27816915
4446.8000 1.29278369
4446.8500 1.30739823
4446.9000 1.30405794
4446.9500 1.29910855
4447.0000 1.29415915
4447.0500 1.28920975
4447.1000 1.28201096
4447.1500 1.27450451
4447.2000 1.26699806
4447.2500 1.25949161
4447.3000 1.2562206
4447.3500 1.25373984
4447.4000 1.25125908
4447.4500 1.24877832
4447.5000 1.24985919
4447.5500 1.25179193
4447.6000 1.25372468
4447.6500 1.25565742
4447.7000 1.25491329
4447.7500 1.25338019
4447.8000 1.2518471
4447.8500 1.25031401
4447.9000 1.25774994
4447.9500 1.26835542
4448.0000 1.27896091
4448.0500 1.28956639
4448.1000 1.29973242
4448.1500 1.30971594
4448.2000 1.31969946
4448.2500 1.32968298
4448.3000 1.34920855
4448.3500 1.37332034
4448.4000 1.39743214
4448.4500 1.42154393
4448.5000 1.41337014
4448.5500 1.38745476
4448.6000 1.36153938
4448.6500 1.335624
4448.7000 1.3189454
4448.7500 1.30801296
4448.8000 1.29708053
4448.8500 1.2861481
4448.9000 1.26530691
4448.9500 1.2375446
4449.0000 1.2097823
4449.0500 1.18201999
4449.1000 1.1788743
4449.1500 1.19489939
4449.2000 1.21092447
4449.2500 1.22694956
4449.3000 1.24112648
4449.3500 1.25370838
4449.4000 1.26629029
4449.4500 1.27887219
4449.5000 1.29608756
4449.5500 1.31771062
4449.6000 1.33933369
4449.6500 1.36095676
4449.7000 1.36073649
4449.7500 1.3377232
4449.8000 1.31470991
4449.8500 1.29169661
4449.9000 1.27382177
4449.9500 1.26180243
4450.0000 1.24978309
4450.0500 1.23776376
4450.1000 1.2254595
4450.1500 1.21280212
4450.2000 1.20014475
4450.2500 1.18748738
4450.3000 1.18804025
4450.3500 1.20632788
4450.4000 1.2246155
4450.4500 1.24290312
4450.5000 1.25417493
4450.5500 1.25528267
4450.6000 1.25639042
4450.6500 1.25749816
4450.7000 1.25031446
4450.7500 1.23021671
4450.8000 1.21011897
4450.8500 1.19002122
4450.9000 1.18657303
4450.9500 1.21089945
4451.0000 1.23522588
4451.0500 1.2595523
4451.1000 1.28125352
4451.1500 1.29828203
4451.2000 1.31531054
4451.2500 1.33233905
4451.3000 1.34404846
4451.3500 1.34569515
4451.4000 1.34734184
4451.4500 1.34898853
4451.5000 1.34452569
4451.5500 1.32782768
4451.6000 1.31112966
4451.6500 1.29443164
4451.7000 1.28130559
4451.7500 1.27572035
4451.8000 1.27013511
4451.8500 1.26454987
4451.9000 1.24924177
4451.9500 1.21239011
4452.0000 1.17553845
4452.0500 1.13868679
4452.1000 1.12964066
4452.1500 1.18496404
4452.2000 1.24028742
4452.2500 1.2956108
4452.3000 1.32505231
4452.3500 1.29219338
4452.4000 1.25933444
4452.4500 1.22647551
4452.5000 1.20749659
4452.5500 1.2230844
4452.6000 1.23867222
4452.6500 1.25426004
4452.7000 1.27023373
4452.7500 1.2871965
4452.8000 1.30415927
4452.8500 1.32112204
4452.9000 1.32289197
4452.9500 1.28479821
4453.0000 1.24670445
4453.0500 1.20861069
4453.1000 1.18511312
4453.1500 1.20060233
4453.2000 1.21609153
4453.2500 1.23158074
4453.3000 1.24826645
4453.3500 1.268187
4453.4000 1.28810755
4453.4500 1.3080281
4453.5000 1.31393356
4453.5500 1.28170864
4453.6000 1.24948373
4453.6500 1.21725881
4453.7000 1.19148523
4453.7500 1.18327143
4453.8000 1.17505764
4453.8500 1.16684384
4453.9000 1.16399295
4453.9500 1.17566045
4454.0000 1.18732795
4454.0500 1.19899544
4454.1000 1.20891145
4454.1500 1.21413883
4454.2000 1.21936621
4454.2500 1.22459359
4454.3000 1.22701209
4454.3500 1.22203783
4454.4000 1.21706357
4454.4500 1.21208931
4454.5000 1.20955416
4454.5500 1.21329535
4454.6000 1.21703653
4454.6500 1.22077771
4454.7000 1.22376475
4454.7500 1.22486483
4454.8000 1.22596491
4454.8500 1.22706499
4454.9000 1.22763483
4454.9500 1.22692133
4455.0000 1.22620783
4455.0500 1.22549433
4455.1000 1.22857735
4455.1500 1.24050378
4455.2000 1.2524302
4455.2500 1.26435663
4455.3000 1.26831323
4455.3500 1.25448888
4455.4000 1.24066453
4455.4500 1.22684018
4455.5000 1.21333431
4455.5500 1.20050584
4455.6000 1.18767737
4455.6500 1.1748489
4455.7000 1.16692502
4455.7500 1.16890325
4455.8000 1.17088148
4455.8500 1.17285971
4455.9000 1.17541488
4455.9500 1.17907103
4456.0000 1.18272718
4456.0500 1.18638334
4456.1000 1.1862805
4456.1500 1.17942496
4456.2000 1.17256943
4456.2500 1.16571389
4456.3000 1.15170697
4456.3500 1.12565372
4456.4000 1.09960046
4456.4500 1.07354721
4456.5000 1.06605337
4456.5500 1.08776248
4456.6000 1.10947158
4456.6500 1.13118068
4456.7000 1.14192157
4456.7500 1.13660198
4456.8000 1.1312824
4456.8500 1.12596282
4456.9000 1.12942865
4456.9500 1.14482082
4457.0000 1.16021299
4457.0500 1.17560516
4457.1000 1.17580013
4457.1500 1.15694164
4457.2000 1.13808315
4457.2500 1.11922466
4457.3000 1.11518592
4457.3500 1.12823963
4457.4000 1.14129333
4457.4500 1.15434703
4457.5000 1.15156618
4457.5500 1.13205408
4457.6000 1.11254198
4457.6500 1.09302987
4457.7000 1.08786363
4457.7500 1.09652325
4457.8000 1.10518287
4457.8500 1.11384249
4457.9000 1.1145209
4457.9500 1.10821709
4458.0000 1.10191328
4458.0500 1.09560948
4458.1000 1.09354209
4458.1500 1.09482108
4458.2000 1.09610007
4458.2500 1.09737906
4458.3000 1.10846819
4458.3500 1.12651231
4458.4000 1.14455643
4458.4500 1.16260055
4458.5000 1.15883432
4458.5500 1.14128545
4458.6000 1.12373658
4458.6500 1.1061877
4458.7000 1.12001832
4458.7500 1.15138175
4458.8000 1.18274519
4458.8500 1.21410862
4458.9000 1.22158143
4458.9500 1.21736567
4459.0000 1.2131499
4459.0500 1.20893413
4459.1000 1.2051207
4459.1500 1.20147759
4459.2000 1.19783449
4459.2500 1.19419138
4459.3000 1.19682777
4459.3500 1.20173043
4459.4000 1.20663309
4459.4500 1.21153574
4459.5000 1.20499641
4459.5500 1.19500469
4459.6000 1.18501297
4459.6500 1.17502124
4459.7000 1.16518431
4459.7500 1.15538541
4459.8000 1.14558651
4459.8500 1.13578761
4459.9000 1.14318343
4459.9500 1.1538916
4460.0000 1.16459976
4460.0500 1.17530793
4460.1000 1.18552906
4460.1500 1.19568084
4460.2000 1.20583262
4460.2500 1.2159844
4460.3000 1.20303969
4460.3500 1.1879045
4460.4000 1.17276931
4460.4500 1.15763413
4460.5000 1.15029095
4460.5500 1.14333585
4460.6000 1.13638075
4460.6500 1.12942564
4460.7000 1.13686579
4460.7500 1.14440886
4460.8000 1.15195194
4460.8500 1.15960764
4460.9000 1.1704248
4460.9500 1.18124196
4461.0000 1.19205913
4461.0500 1.20219197
4461.1000 1.20412824
4461.1500 1.2060645
4461.2000 1.20800077
4461.2500 1.21059911
4461.3000 1.21801303
4461.3500 1.22542694
4461.4000 1.23284086
4461.4500 1.23670771
4461.5000 1.22273312
4461.5500 1.20875852
4461.6000 1.19478392
4461.6500 1.18331027
4461.7000 1.18113436
4461.7500 1.17895845
4461.8000 1.17678254
4461.8500 1.17864509
4461.9000 1.19204633
4461.9500 1.20544758
4462.0000 1.21884882
4462.0500 1.21813016
4462.1000 1.18564286
4462.1500 1.15315556
4462.2000 1.12066826
4462.2500 1.10424217
4462.3000 1.11670613
4462.3500 1.12917008
4462.4000 1.14163403
4462.4500 1.14780516
4462.5000 1.14484794
4462.5500 1.14189071
4462.6000 1.13893349
4462.6500 1.14469905
4462.7000 1.16070509
4462.7500 1.17671114
4462.8000 1.19271718
4462.8500 1.20582437
4462.9000 1.21618028
4462.9500 1.22653619
4463.0000 1.2368921
4463.0500 1.23844074
4463.1000 1.23327169
4463.1500 1.22810265
4463.2000 1.2229336
4463.2500 1.21150433
4463.3000 1.19628181
4463.3500 1.18105929
4463.4000 1.16583678
4463.4500 1.16705014
4463.5000 1.17602483
4463.5500 1.18499952
4463.6000 1.19397422
4463.6500 1.18551396
4463.7000 1.17083072
4463.7500 1.15614748
4463.8000 1.14146423
4463.8500 1.14477298
4463.9000 1.15269751
4463.9500 1.16062204
4464.0000 1.16854658
4464.0500 1.18397066
4464.1000 1.20065776
4464.1500 1.21734486
4464.2000 1.23403196
4464.2500 1.21830168
4464.3000 1.19963929
4464.3500 1.18097691
4464.4000 1.16231452
4464.4500 1.16729836
4464.5000 1.17277947
4464.5500 1.17826058
4464.6000 1.18314008
4464.6500 1.17460195
4464.7000 1.16606381
4464.7500 1.15752567
4464.8000 1.150876
4464.8500 1.1598915
4464.9000 1.168907
4464.9500 1.1779225
4465.0000 1.18622195
4465.0500 1.19110828
4465.1000 1.19599461
4465.1500 1.20088094
4465.2000 1.20701764
4465.2500 1.21710518
4465.3000 1.22719273
4465.3500 1.23728027
4465.4000 1.24245115
4465.4500 1.23660391
4465.5000 1.23075668
4465.5500 1.22490944
4465.6000 1.2241829
4465.6500 1.23188754
4465.7000 1.23959219
4465.7500 1.24729683
4465.8000 1.245855
4465.8500 1.23315832
4465.9000 1.22046163
4465.9500 1.20776495
4466.0000 1.20755857
4466.0500 1.21888369
4466.1000 1.23020881
4466.1500 1.24153393
4466.2000 1.24207281
4466.2500 1.23520091
4466.3000 1.22832901
4466.3500 1.22145711
4466.4000 1.22265348
4466.4500 1.22788341
4466.5000 1.23311335
4466.5500 1.23834329
4466.6000 1.24115161
4466.6500 1.24311709
4466.7000 1.24508257
4466.7500 1.24704805
4466.8000 1.24604997
4466.8500 1.24439288
4466.9000 1.24273578
4466.9500 1.24107869
4467.0000 1.22954283
4467.0500 1.21685436
4467.1000 1.20416589
4467.1500 1.19147741
4467.2000 1.20791742
4467.2500 1.22513161
4467.3000 1.24234581
4467.3500 1.25887014
4467.4000 1.26327711
4467.4500 1.26768409
4467.5000 1.27209106
4467.5500 1.27469953
4467.6000 1.26576267
4467.6500 1.25682582
4467.7000 1.24788897
4467.7500 1.23909395
4467.8000 1.23081114
4467.8500 1.22252833
4467.9000 1.21424551
4467.9500 1.20794205
4468.0000 1.20625486
4468.0500 1.20456767
4468.1000 1.20288048
4468.1500 1.20337874
4468.2000 1.20737537
4468.2500 1.21137201
4468.3000 1.21536864
4468.3500 1.21621839
4468.4000 1.21352047
4468.4500 1.21082254
4468.5000 1.20812462
4468.5500 1.20367356
4468.6000 1.19782699
4468.6500 1.19198043
4468.7000 1.18613386
4468.7500 1.19033159
4468.8000 1.20006532
4468.8500 1.20979906
4468.9000 1.2195328
4468.9500 1.21127411
4469.0000 1.19648592
4469.0500 1.18169774
4469.1000 1.16690955
4469.1500 1.17930445
4469.2000 1.19750784
4469.2500 1.21571123
4469.3000 1.23391462
4469.3500 1.21946901
4469.4000 1.20200269
4469.4500 1.18453637
4469.5000 1.16712852
4469.5500 1.15710955
4469.6000 1.14709058
4469.6500 1.13707161
4469.7000 1.12817731
4469.7500 1.12923331
4469.8000 1.13028932
4469.8500 1.13134533
4469.9000 1.13274301
4469.9500 1.13553862
4470.0000 1.13833424
4470.0500 1.14112985
4470.1000 1.14347046
4470.1500 1.14471019
4470.2000 1.14594991
4470.2500 1.14718964
4470.3000 1.14048009
4470.3500 1.12131749
4470.4000 1.10215488
4470.4500 1.08299228
4470.5000 1.08491235
4470.5500 1.10895396
4470.6000 1.13299557
4470.6500 1.15703718
4470.7000 1.15954195
4470.7500 1.14692457
4470.8000 1.13430719
4470.8500 1.12168982
4470.9000 1.13000344
4470.9500 1.14780155
4471.0000 1.16559965
4471.0500 1.18339776
4471.1000 1.18081747
4471.1500 1.17282049
4471.2000 1.1648235
4471.2500 1.15682651
4471.3000 1.16039754
4471.3500 1.16535444
4471.4000 1.17031133
4471.4500 1.17526823
4471.5000 1.179154
4471.5500 1.18303675
4471.6000 1.18691949
4471.6500 1.19022044
4471.7000 1.18842803
4471.7500 1.18663561
4471.8000 1.1848432
4471.8500 1.18226363
4471.9000 1.17670517
4471.9500 1.1711467
4472.0000 1.16558824
4472.0500 1.16555505
4472.1000 1.17744453
4472.1500 1.189334
4472.2000 1.20122348
4472.2500 1.20864296
4472.3000 1.21002708
4472.3500 1.2114112
4472.4000 1.21279533
4472.4500 1.21087209
4472.5000 1.20607982
4472.5500 1.20128756
4472.6000 1.1964953
4472.6500 1.19919881
4472.7000 1.20599843
4472.7500 1.21279806
4472.8000 1.21959769
4472.8500 1.22639932
4472.9000 1.23320158
4472.9500 1.24000384
4473.0000 1.2468061
4473.0500 1.24403565
4473.1000 1.23986556
4473.1500 1.23569546
4473.2000 1.23152537
4473.2500 1.23441185
4473.3000 1.23739066
4473.3500 1.24036947
4473.4000 1.24284637
4473.4500 1.24094744
4473.5000 1.23904851
4473.5500 1.23714959
4473.6000 1.23920436
4473.6500 1.25528708
4473.7000 1.27136979
4473.7500 1.28745251
4473.8000 1.29282348
4473.8500 1.27721617
4473.9000 1.26160887
4473.9500 1.24600157
4474.0000 1.24223779
4474.0500 1.25252795
4474.1000 1.26281811
4474.1500 1.27310826
4474.2000 1.286084
4474.2500 1.30102212
4474.3000 1.31596025
4474.3500 1.33089837
4474.4000 1.3309071
4474.4500 1.32450028
4474.5000 1.31809346
4474.5500 1.31168663
4474.6000 1.30388568
4474.6500 1.29578333
4474.7000 1.28768097
4474.7500 1.27957862
4474.8000 1.2885568
4474.8500 1.29850601
4474.9000 1.30845523
4474.9500 1.31631884
4475.0000 1.29703448
4475.0500 1.27775013
4475.1000 1.25846577
4475.1500 1.24629724
4475.2000 1.26301615
4475.2500 1.27973507
4475.3000 1.29645399
4475.3500 1.30756069
4475.4000 1.30701714
4475.4500 1.30647359
4475.5000 1.30593004
4475.5500 1.29681452
4475.6000 1.27737933
4475.6500 1.25794415
4475.7000 1.23850897
4475.7500 1.23715642
4475.8000 1.24870886
4475.8500 1.2602613
4475.9000 1.27181373
4475.9500 1.2866235
4476.0000 1.30273477
4476.0500 1.31884604
4476.1000 1.33495731
4476.1500 1.33378284
4476.2000 1.3294773
4476.2500 1.32517176
4476.3000 1.32086622
4476.3500 1.33146896
4476.4000 1.34237686
4476.4500 1.35328476
4476.5000 1.35923662
4476.5500 1.32682542
4476.6000 1.29441422
4476.6500 1.26200302
4476.7000 1.24368565
4476.7500 1.2676406
4476.8000 1.29159556
4476.8500 1.31555052
4476.9000 1.32449384
4476.9500 1.30964306
4477.0000 1.29479227
4477.0500 1.27994148
4477.1000 1.2818254
4477.1500 1.29886195
4477.2000 1.3158985
4477.2500 1.33293506
4477.3000 1.32864749
4477.3500 1.31356659
4477.4000 1.29848568
4477.4500 1.28340477
4477.5000 1.28100039
4477.5500 1.28168153
4477.6000 1.28236268
4477.6500 1.28304383
4477.7000 1.28359072
4477.7500 1.2841299
4477.8000 1.28466908
4477.8500 1.28637021
4477.9000 1.30006128
4477.9500 1.31375235
4478.0000 1.32744342
4478.0500 1.32941231
4478.1000 1.29260999
4478.1500 1.25580766
4478.2000 1.21900534
4478.2500 1.20198487
4478.3000 1.21763692
4478.3500 1.23328898
4478.4000 1.24894104
4478.4500 1.25634192
4478.5000 1.25622534
4478.5500 1.25610875
4478.6000 1.25599217
4478.6500 1.25427981
4478.7000 1.25178349
4478.7500 1.24928718
4478.8000 1.24679087
4478.8500 1.2598356
4478.9000 1.2763138
4478.9500 1.29279199
4479.0000 1.30927018
4479.0500 1.30329668
4479.1000 1.29659758
4479.1500 1.28989848
4479.2000 1.28230743
4479.2500 1.26814469
4479.3000 1.25398194
4479.3500 1.2398192
4479.4000 1.23347676
4479.4500 1.2481194
4479.5000 1.26276203
4479.5500 1.27740467
4479.6000 1.28443795
4479.6500 1.28116095
4479.7000 1.27788396
4479.7500 1.27460696
4479.8000 1.27376729
4479.8500 1.27470015
4479.9000 1.27563301
4479.9500 1.27656588
4480.0000 1.2770236
4480.0500 1.27730953
4480.1000 1.27759546
4480.1500 1.27788139
4480.2000 1.25301039
4480.2500 1.22506502
4480.3000 1.19711966
4480.3500 1.17131868
4480.4000 1.1872018
4480.4500 1.20308491
4480.5000 1.21896802
4480.5500 1.23173321
4480.6000 1.23262066
4480.6500 1.2335081
4480.7000 1.23439554
4480.7500 1.23977909
4480.8000 1.25288134
4480.8500 1.2659836
4480.9000 1.27908586
4480.9500 1.27608988
4481.0000 1.25878482
4481.0500 1.24147976
4481.1000 1.2241747
4481.1500 1.21219048
4481.2000 1.20257536
4481.2500 1.19296024
4481.3000 1.18334512
4481.3500 1.17515444
4481.4000 1.16720418
4481.4500 1.15925391
4481.5000 1.15119054
4481.5500 1.13770652
4481.6000 1.1242225
4481.6500 1.11073848
4481.7000 1.09940505
4481.7500 1.09745534
4481.8000 1.09550563
4481.8500 1.09355592
4481.9000 1.09236913
4481.9500 1.09257681
4482.0000 1.09278449
4482.0500 1.09299216
4482.1000 1.0951303
4482.1500 1.09903626
4482.2000 1.10294222
4482.2500 1.10684818
4482.3000 1.11556624
4482.3500 1.12643103
4482.4000 1.13729583
4482.4500 1.14816062
4482.5000 1.1355089
4482.5500 1.11909881
4482.6000 1.10268872
4482.6500 1.0865636
4482.7000 1.07851817
4482.7500 1.07047275
4482.8000 1.06242733
4482.8500 1.0571182
4482.9000 1.06228503
4482.9500 1.06745186
4483.0000 1.07261869
4483.0500 1.07419521
4483.1000 1.06994629
4483.1500 1.06569737
4483.2000 1.06144844
4483.2500 1.06214014
4483.3000 1.06676629
4483.3500 1.07139245
4483.4000 1.0760186
4483.4500 1.07500303
4483.5000 1.07193484
4483.5500 1.06886666
4483.6000 1.06579847
4483.6500 1.06913261
4483.7000 1.07309262
4483.7500 1.07705263
4483.8000 1.08118615
4483.8500 1.08707753
4483.9000 1.09296892
4483.9500 1.0988603
4484.0000 1.10322281
4484.0500 1.10344963
4484.1000 1.10367644
4484.1500 1.10390326
4484.2000 1.11368366
4484.2500 1.13508739
4484.3000 1.15649113
4484.3500 1.17789487
4484.4000 1.18730463
4484.4500 1.18977657
4484.5000 1.19224851
4484.5500 1.19472045
4484.6000 1.1978993
4484.6500 1.20123637
4484.7000 1.20457345
4484.7500 1.20792348
4484.8000 1.21823193
4484.8500 1.22854038
4484.9000 1.23884883
4484.9500 1.24447151
4485.0000 1.22982613
4485.0500 1.21518076
4485.1000 1.20053539
4485.1500 1.19361745
4485.2000 1.1995858
4485.2500 1.20555414
4485.3000 1.21152249
4485.3500 1.22661663
4485.4000 1.24879041
4485.4500 1.27096419
4485.5000 1.29313797
4485.5500 1.29274855
4485.6000 1.28494069
4485.6500 1.27713283
4485.7000 1.26932498
4485.7500 1.27328998
4485.8000 1.27796428
4485.8500 1.28263859
4485.9000 1.28696958
4485.9500 1.28910006
4486.0000 1.29123054
4486.0500 1.29336102
4486.1000 1.29693938
4486.1500 1.30348536
4486.2000 1.31003134
4486.2500 1.31657732
4486.3000 1.30875637
4486.3500 1.2877813
4486.4000 1.26680622
4486.4500 1.24583114
4486.5000 1.24207247
4486.5500 1.24509798
4486.6000 1.2481235
4486.6500 1.25114901
4486.7000 1.26730562
4486.7500 1.28470085
4486.8000 1.30209607
4486.8500 1.31711856
4486.9000 1.31322367
4486.9500 1.30932878
4487.0000 1.30543389
4487.0500 1.30519777
4487.1000 1.31309527
4487.1500 1.32099276
4487.2000 1.32889026
4487.2500 1.32712016
4487.3000 1.31607113
4487.3500 1.30502211
4487.4000 1.29397308
4487.4500 1.29707292
4487.5000 1.30591209
4487.5500 1.31475125
4487.6000 1.32359041
4487.6500 1.3206939
4487.7000 1.31668975
4487.7500 1.31268561
4487.8000 1.31027898
4487.8500 1.31989732
4487.9000 1.32951565
4487.9500 1.33913399
4488.0000 1.3392645
4488.0500 1.31941345
4488.1000 1.2995624
4488.1500 1.27971135
4488.2000 1.27533638
4488.2500 1.28480641
4488.3000 1.29427643
4488.3500 1.30374646
4488.4000 1.30006396
4488.4500 1.29163567
4488.5000 1.28320737
4488.5500 1.27477908
4488.6000 1.276658
4488.6500 1.27915931
4488.7000 1.28166061
4488.7500 1.28433498
4488.8000 1.28797157
4488.8500 1.29160815
4488.9000 1.29524474
4488.9500 1.28197016
4489.0000 1.23901838
4489.0500 1.1960666
4489.1000 1.15311483
4489.1500 1.15864612
4489.2000 1.20005359
4489.2500 1.24146107
4489.3000 1.28286854
4489.3500 1.28207915
4489.4000 1.26991188
4489.4500 1.2577446
4489.5000 1.24560976
4489.5500 1.25246215
4489.6000 1.25931453
4489.6500 1.26616692
4489.7000 1.26899426
4489.7500 1.25729462
4489.8000 1.24559498
4489.8500 1.23389533
4489.9000 1.22779117
4489.9500 1.22900253
4490.0000 1.23021389
4490.0500 1.23142524
4490.1000 1.22540736
4490.1500 1.21551375
4490.2000 1.20562014
4490.2500 1.19572653
4490.3000 1.19154934
4490.3500 1.18822805
4490.4000 1.18490676
4490.4500 1.18296806
4490.5000 1.19505587
4490.5500 1.20714367
4490.6000 1.21923148
4490.6500 1.22531488
4490.7000 1.21808697
4490.7500 1.21085905
4490.8000 1.20363114
4490.8500 1.20711415
4490.9000 1.21997573
4490.9500 1.2328373
4491.0000 1.24569888
4491.0500 1.24487271
4491.1000 1.23964417
4491.1500 1.23441562
4491.2000 1.22918707
4491.2500 1.22563224
4491.3000 1.2221093
4491.3500 1.21858636
4491.4000 1.21195391
4491.4500 1.19341861
4491.5000 1.17488332
4491.5500 1.15634803
4491.6000 1.14819246
4491.6500 1.15356594
4491.7000 1.15893941
4491.7500 1.16431289
4491.8000 1.17126312
4491.8500 1.17901723
4491.9000 1.18677134
4491.9500 1.19452545
4492.0000 1.18810439
4492.0500 1.17996142
4492.1000 1.17181845
4492.1500 1.16660396
4492.2000 1.18242162
4492.2500 1.19823929
4492.3000 1.21405695
4492.3500 1.2203781
4492.4000 1.20936443
4492.4500 1.19835077
4492.5000 1.1873371
4492.5500 1.18699797
4492.6000 1.19417467
4492.6500 1.20135137
4492.7000 1.20852808
4492.7500 1.21108295
4492.8000 1.21262938
4492.8500 1.21417581
4492.9000 1.21584632
4492.9500 1.21960317
4493.0000 1.22336002
4493.0500 1.22711688
4493.1000 1.23032259
4493.1500 1.23219556
4493.2000 1.23406853
4493.2500 1.23594151
4493.3000 1.23225345
4493.3500 1.22363689
4493.4000 1.21502033
4493.4500 1.20640377
4493.5000 1.21035064
4493.5500 1.21807305
4493.6000 1.22579547
4493.6500 1.23342004
4493.7000 1.23011758
4493.7500 1.22681512
4493.8000 1.22351266
4493.8500 1.22528334
4493.9000 1.24227315
4493.9500 1.25926296
4494.0000 1.27625277
4494.0500 1.27814539
4494.1000 1.26446913
4494.1500 1.25079287
4494.2000 1.23711661
4494.2500 1.23490265
4494.3000 1.23680454
4494.3500 1.23870642
4494.4000 1.24060831
4494.4500 1.23933299
4494.5000 1.23799432
4494.5500 1.23665565
4494.6000 1.23884
4494.6500 1.25306969
4494.7000 1.26729938
4494.7500 1.28152907
4494.8000 1.28158496
4494.8500 1.26586849
4494.9000 1.25015203
4494.9500 1.23443556
4495.0000 1.242575
4495.0500 1.25992262
4495.1000 1.27727025
4495.1500 1.29461788
4495.2000 1.27507357
4495.2500 1.25442266
4495.3000 1.23377174
4495.3500 1.22118567
4495.4000 1.23695658
4495.4500 1.2527275
4495.5000 1.26849841
4495.5500 1.26876043
4495.6000 1.25175397
4495.6500 1.23474751
4495.7000 1.21774105
4495.7500 1.21910644
4495.8000 1.22740325
4495.8500 1.23570006
4495.9000 1.24399687
4495.9500 1.25662376
4496.0000 1.26933833
4496.0500 1.2820529
4496.1000 1.28700592
4496.1500 1.26675131
4496.2000 1.2464967
4496.2500 1.2262421
4496.3000 1.22184177
4496.3500 1.23382033
4496.4000 1.24579889
4496.4500 1.25777745
4496.5000 1.25361331
4496.5500 1.24405349
4496.6000 1.23449367
4496.6500 1.22502119
4496.7000 1.22600012
4496.7500 1.22697905
4496.8000 1.22795798
4496.8500 1.23115986
4496.9000 1.24042506
4496.9500 1.24969026
4497.0000 1.25895546
4497.0500 1.25664305
4497.1000 1.24404015
4497.1500 1.23143724
4497.2000 1.21883434
4497.2500 1.22807295
4497.3000 1.24305577
4497.3500 1.25803859
4497.4000 1.27096667
4497.4500 1.2487853
4497.5000 1.22660394
4497.5500 1.20442257
4497.6000 1.19410026
4497.6500 1.20897992
4497.7000 1.22385959
4497.7500 1.23873925
4497.8000 1.24437136
4497.8500 1.2434666
4497.9000 1.24256183
4497.9500 1.24165707
4498.0000 1.24436681
4498.0500 1.24769983
4498.1000 1.25103285
4498.1500 1.25467724
4498.2000 1.26058003
4498.2500 1.26648283
4498.3000 1.27238563
4498.3500 1.27522704
4498.4000 1.27329183
4498.4500 1.27135662
4498.5000 1.26942141
4498.5500 1.26629787
4498.6000 1.26256539
4498.6500 1.2588329
4498.7000 1.25510042
4498.7500 1.25723516
4498.8000 1.2597915
4498.8500 1.26234785
4498.9000 1.26513113
4498.9500 1.26878949
4499.0000 1.27244785
4499.0500 1.27610621
4499.1000 1.27592937
4499.1500 1.2715987
4499.2000 1.26726802
4499.2500 1.26293734
4499.3000 1.27593209
4499.3500 1.2945375
4499.4000 1.31314291
4499.4500 1.33061849
4499.5000 1.31378334
4499.5500 1.29694819
4499.6000 1.28011304
4499.6500 1.27002546
4499.7000 1.27498749
4499.7500 1.27994951
4499.8000 1.28491154
4499.8500 1.28426807
4499.9000 1.27970383
4499.9500 1.27513959
4500.0000 1.27057535
4500.0500 1.27781509
4500.1000 1.28684256
4500.1500 1.29587004
4500.2000 1.30397633
4500.2500 1.30685004
4500.3000 1.30972374
4500.3500 1.31259745
4500.4000 1.31432922
4500.4500 1.31456016
4500.5000 1.3147911
4500.5500 1.31502204
4500.6000 1.31466585
4500.6500 1.31407641
4500.7000 1.31348697
4500.7500 1.31289907
4500.8000 1.31566823
4500.8500 1.31843738
4500.9000 1.32120654
4500.9500 1.31773321
4501.0000 1.29870677
4501.0500 1.27968033
4501.1000 1.26065389
4501.1500 1.25998117
4501.2000 1.27295533
4501.2500 1.28592948
4501.3000 1.29890364
4501.3500 1.30369884
4501.4000 1.3071831
4501.4500 1.31066735
4501.5000 1.31197133
4501.5500 1.30105056
4501.6000 1.29012978
4501.6500 1.27920901
4501.7000 1.27250183
4501.7500 1.27111335
4501.8000 1.26972487
4501.8500 1.26833638
4501.9000 1.26589717
4501.9500 1.26307696
4502.0000 1.26025676
4502.0500 1.25723562
4502.1000 1.24695639
4502.1500 1.23667717
4502.2000 1.22639794
4502.2500 1.2208741
4502.3000 1.22540154
4502.3500 1.22992898
4502.4000 1.23445642
4502.4500 1.23902389
4502.5000 1.24361626
4502.5500 1.24820862
4502.6000 1.25280099
4502.6500 1.24407277
4502.7000 1.23407786
4502.7500 1.22408295
4502.8000 1.21772731
4502.8500 1.22498511
4502.9000 1.23224291
4502.9500 1.23950071
4503.0000 1.2447723
4503.0500 1.24813478
4503.1000 1.25149725
4503.1500 1.25485973
4503.2000 1.25182982
4503.2500 1.24730082
4503.3000 1.24277181
4503.3500 1.23844519
4503.4000 1.23573361
4503.4500 1.23302202
4503.5000 1.23031043
4503.5500 1.23080266
4503.6000 1.23583227
4503.6500 1.24086189
4503.7000 1.2458915
4503.7500 1.24753702
4503.8000 1.2478505
4503.8500 1.24816397
4503.9000 1.24843624
4503.9500 1.24691299
4504.0000 1.24538974
4504.0500 1.24386649
4504.1000 1.24422784
4504.1500 1.24844184
4504.2000 1.25265584
4504.2500 1.25686984
4504.3000 1.25979533
4504.3500 1.26198249
4504.4000 1.26416966
4504.4500 1.26635682
4504.5000 1.27052003
4504.5500 1.27480014
4504.6000 1.27908024
4504.6500 1.28098557
4504.7000 1.27590726
4504.7500 1.27082895
4504.8000 1.26575063
4504.8500 1.26800187
4504.9000 1.27590655
4504.9500 1.28381122
4505.0000 1.29171589
4505.0500 1.30351189
4505.1000 1.31585605
4505.1500 1.32820021
4505.2000 1.33947225
4505.2500 1.34616442
4505.3000 1.35285659
4505.3500 1.35954876
4505.4000 1.3534071
4505.4500 1.33463699
4505.5000 1.31586689
4505.5500 1.29709678
4505.6000 1.30267788
4505.6500 1.31362022
4505.7000 1.32456257
4505.7500 1.33223545
4505.8000 1.31918637
4505.8500 1.30613729
4505.9000 1.29308821
4505.9500 1.29556933
4506.0000 1.31671454
4506.0500 1.33785976
4506.1000 1.35900497
4506.1500 1.35955337
4506.2000 1.35406221
4506.2500 1.34857105
4506.3000 1.3439108
4506.3500 1.3473038
4506.4000 1.35069681
4506.4500 1.35408981
4506.5000 1.35465543
4506.5500 1.35123516
4506.6000 1.34781489
4506.6500 1.34439462
4506.7000 1.34491091
4506.7500 1.34682748
4506.8000 1.34874405
4506.8500 1.34974625
4506.9000 1.33678132
4506.9500 1.3238164
4507.0000 1.31085147
4507.0500 1.30615215
4507.1000 1.31457558
4507.1500 1.322999
4507.2000 1.33142243
4507.2500 1.34013733
4507.3000 1.34896974
4507.3500 1.35780216
4507.4000 1.36640552
4507.4500 1.36951561
4507.5000 1.37262569
4507.5500 1.37573577
4507.6000 1.37975572
4507.6500 1.38533427
4507.7000 1.39091282
4507.7500 1.39649137
4507.8000 1.37959846
4507.8500 1.35299895
4507.9000 1.32639945
4507.9500 1.30060668
4508.0000 1.30155445
4508.0500 1.30250223
4508.1000 1.30345001
4508.1500 1.30773401
4508.2000 1.31791294
4508.2500 1.32809186
4508.3000 1.33827079
4508.3500 1.32577966
4508.4000 1.30332665
4508.4500 1.28087365
4508.5000 1.25903368
4508.5500 1.25756338
4508.6000 1.25609309
4508.6500 1.25462279
4508.7000 1.26185214
4508.7500 1.28422305
4508.8000 1.30659397
4508.8500 1.32896489
4508.9000 1.32016119
4508.9500 1.29810921
4509.0000 1.27605723
4509.0500 1.25579591
4509.1000 1.27870677
4509.1500 1.30161762
4509.2000 1.32452847
4509.2500 1.33244026
4509.3000 1.31578287
4509.3500 1.29912548
4509.4000 1.28246808
4509.4500 1.29017164
4509.5000 1.30737251
4509.5500 1.32457338
4509.6000 1.34027309
4509.6500 1.33291083
4509.7000 1.32554856
4509.7500 1.3181863
4509.8000 1.3059041
4509.8500 1.28636133
4509.9000 1.26681855
4509.9500 1.24727577
4510.0000 1.2486391
4510.0500 1.25704905
4510.1000 1.265459
4510.1500 1.27360292
4510.2000 1.27915497
4510.2500 1.28470703
4510.3000 1.29025908
4510.3500 1.29617696
4510.4000 1.30256145
4510.4500 1.30894595
4510.5000 1.31533044
4510.5500 1.2941338
4510.6000 1.26547266
4510.6500 1.23681152
4510.7000 1.21466926
4510.7500 1.23403025
4510.8000 1.25339123
4510.8500 1.27275222
4510.9000 1.2840607
4510.9500 1.28684167
4511.0000 1.28962264
4511.0500 1.29240362
4511.1000 1.29485099
4511.1500 1.29723329
4511.2000 1.2996156
4511.2500 1.30102295
4511.3000 1.29824939
4511.3500 1.29547583
4511.4000 1.29270227
4511.4500 1.3074634
4511.5000 1.33700653
4511.5500 1.36654966
4511.6000 1.39609278
4511.6500 1.37800579
4511.7000 1.35446553
4511.7500 1.33092527
4511.8000 1.31542618
4511.8500 1.32365175
4511.9000 1.33187733
4511.9500 1.3401029
4512.0000 1.35434158
4512.0500 1.37242153
4512.1000 1.39050148
4512.1500 1.40858142
4512.2000 1.39752783
4512.2500 1.38552488
4512.3000 1.37352194
4512.3500 1.36524202
4512.4000 1.36459405
4512.4500 1.36394607
4512.5000 1.3632981
4512.5500 1.36103351
4512.6000 1.35803752
4512.6500 1.35504153
4512.7000 1.35188679
4512.7500 1.34573566
4512.8000 1.33958453
4512.8500 1.3334334
4512.9000 1.33037146
4512.9500 1.33169454
4513.0000 1.33301761
4513.0500 1.33434069
4513.1000 1.33786197
4513.1500 1.34201231
4513.2000 1.34616264
4513.2500 1.34727882
4513.3000 1.33019389
4513.3500 1.31310897
4513.4000 1.29602405
4513.4500 1.28571563
4513.5000 1.28193226
4513.5500 1.27814889
4513.6000 1.27436552
4513.6500 1.29073886
4513.7000 1.30993369
4513.7500 1.32912852
4513.8000 1.34292705
4513.8500 1.34019975
4513.9000 1.33747246
4513.9500 1.33474517
4514.0000 1.32947826
4514.0500 1.3226302
4514.1000 1.31578214
4514.1500 1.30893408
4514.2000 1.31639354
4514.2500 1.32403231
4514.3000 1.33167108
4514.3500 1.32605593
4514.4000 1.29689253
4514.4500 1.26772912
4514.5000 1.23856571
4514.5500 1.23888536
4514.6000 1.24989802
4514.6500 1.26091067
4514.7000 1.2718621
4514.7500 1.28231167
4514.8000 1.29276124
4514.8500 1.30321082
4514.9000 1.30400335
4514.9500 1.29453456
4515.0000 1.28506577
4515.0500 1.27559698
4515.1000 1.26582215
4515.1500 1.25599836
4515.2000 1.24617457
4515.2500 1.24359189
4515.3000 1.26386711
4515.3500 1.28414234
4515.4000 1.30441756
4515.4500 1.31250702
4515.5000 1.31313523
4515.5500 1.31376344
4515.6000 1.31437254
4515.6500 1.29737333
4515.7000 1.28037412
4515.7500 1.2633749
4515.8000 1.24941717
4515.8500 1.24035657
4515.9000 1.23129597
4515.9500 1.22223538
4516.0000 1.2329363
4516.0500 1.24966208
4516.1000 1.26638786
4516.1500 1.28063891
4516.2000 1.28095148
4516.2500 1.28126405
4516.3000 1.28157661
4516.3500 1.27865533
4516.4000 1.27293897
4516.4500 1.26722262
4516.5000 1.26150626
4516.5500 1.25514917
4516.6000 1.24873878
4516.6500 1.24232839
4516.7000 1.24724756
4516.7500 1.27724449
4516.8000 1.30724142
4516.8500 1.33723835
4516.9000 1.32028601
4516.9500 1.28324856
4517.0000 1.24621111
4517.0500 1.21398037
4517.1000 1.2299069
4517.1500 1.24583342
4517.2000 1.26175995
4517.2500 1.25864282
4517.3000 1.23508625
4517.3500 1.21152969
4517.4000 1.18797313
4517.4500 1.19713865
4517.5000 1.21097506
4517.5500 1.22481147
4517.6000 1.23667236
4517.6500 1.24316588
4517.7000 1.2496594
4517.7500 1.25615292
4517.8000 1.25999502
4517.8500 1.26249656
4517.9000 1.2649981
4517.9500 1.26607424
4518.0000 1.24502453
4518.0500 1.22397482
4518.1000 1.20292511
4518.1500 1.19255033
4518.2000 1.19480562
4518.2500 1.19706092
4518.3000 1.19931621
4518.3500 1.19970736
4518.4000 1.1997869
4518.4500 1.19986644
4518.5000 1.20474357
4518.5500 1.22351332
4518.6000 1.24228308
4518.6500 1.26105283
4518.7000 1.24326079
4518.7500 1.20644839
4518.8000 1.16963599
4518.8500 1.13680573
4518.9000 1.16625487
4518.9500 1.195704
4519.0000 1.22515314
4519.0500 1.24123606
4519.1000 1.24185322
4519.1500 1.24247039
4519.2000 1.24308755
4519.2500 1.24764222
4519.3000 1.25279424
4519.3500 1.25794626
4519.4000 1.26302555
4519.4500 1.26791225
4519.5000 1.27279896
4519.5500 1.27768567
4519.6000 1.28842323
4519.6500 1.30189866
4519.7000 1.31537409
4519.7500 1.32658143
4519.8000 1.31471229
4519.8500 1.30284314
4519.9000 1.290974
4519.9500 1.28830304
4520.0000 1.29486905
4520.0500 1.30143506
4520.1000 1.30800107
4520.1500 1.30781277
4520.2000 1.3069532
4520.2500 1.30609364
4520.3000 1.30608341
4520.3500 1.3078661
4520.4000 1.30964879
4520.4500 1.31143148
4520.5000 1.30467407
4520.5500 1.29482941
4520.6000 1.28498475
4520.6500 1.27512584
4520.7000 1.26518537
4520.7500 1.25524491
4520.8000 1.24530445
4520.8500 1.24025906
4520.9000 1.23899561
4520.9500 1.23773216
4521.0000 1.23646871
4521.0500 1.22067403
4521.1000 1.20459432
4521.1500 1.18851461
4521.2000 1.18539988
4521.2500 1.20184833
4521.3000 1.21829678
4521.3500 1.23474524
4521.4000 1.22267488
4521.4500 1.20424157
4521.5000 1.18580827
4521.5500 1.17559478
4521.6000 1.19172926
4521.6500 1.20786375
4521.7000 1.22399823
4521.7500 1.2256467
4521.8000 1.21980555
4521.8500 1.21396441
4521.9000 1.20896476
4521.9500 1.2134138
4522.0000 1.21786283
4522.0500 1.22231187
4522.1000 1.21873704
4522.1500 1.20731496
4522.2000 1.19589287
4522.2500 1.18447079
4522.3000 1.20182377
4522.3500 1.22132451
4522.4000 1.24082525
4522.4500 1.24686512
4522.5000 1.22863086
4522.5500 1.21039659
4522.6000 1.19216233
4522.6500 1.1841826
4522.7000 1.17902657
4522.7500 1.17387054
4522.8000 1.17097335
4522.8500 1.17643929
4522.9000 1.18190523
4522.9500 1.18737116
4523.0000 1.19136609
4523.0500 1.19454222
4523.1000 1.19771836
4523.1500 1.20099305
4523.2000 1.20551234
4523.2500 1.21003163
4523.3000 1.21455092
4523.3500 1.21823418
4523.4000 1.22109969
4523.4500 1.22396521
4523.5000 1.22683073
4523.5500 1.2271489
4523.6000 1.22730122
4523.6500 1.22745355
4523.7000 1.22811489
4523.7500 1.22963032
4523.8000 1.23114575
4523.8500 1.23266119
4523.9000 1.23532531
4523.9500 1.23826035
4524.0000 1.2411954
4524.0500 1.24202149
4524.1000 1.23638674
4524.1500 1.23075198
4524.2000 1.22511723
4524.2500 1.21981905
4524.3000 1.2146762
4524.3500 1.20953335
4524.4000 1.20605141
4524.4500 1.21435183
4524.5000 1.22265226
4524.5500 1.23095269
4524.6000 1.22646456
4524.6500 1.21209312
4524.7000 1.19772168
4524.7500 1.1834755
4524.8000 1.1907347
4524.8500 1.1979939
4524.9000 1.2052531
4524.9500 1.21057371
4525.0000 1.21351251
4525.0500 1.21645131
4525.1000 1.2193901
4525.1500 1.1989601
4525.2000 1.1757247
4525.2500 1.1524893
4525.3000 1.13864529
4525.3500 1.14318464
4525.4000 1.14772398
4525.4500 1.15226333
4525.5000 1.15650406
4525.5500 1.16066283
4525.6000 1.1648216
4525.6500 1.17026909
4525.7000 1.17997465
4525.7500 1.18968021
4525.8000 1.19938577
4525.8500 1.19558532
4525.9000 1.18546508
4525.9500 1.17534483
4526.0000 1.16606716
4526.0500 1.16236268
4526.1000 1.1586582
4526.1500 1.15495372
4526.2000 1.16803049
4526.2500 1.19312895
4526.3000 1.2182274
4526.3500 1.24193401
4526.4000 1.2273943
4526.4500 1.2128546
4526.5000 1.19831489
4526.5500 1.18929579
4526.6000 1.18605024
4526.6500 1.18280469
4526.7000 1.17955914
4526.7500 1.16813853
4526.8000 1.15623009
4526.8500 1.14432165
4526.9000 1.14028072
4526.9500 1.14805236
4527.0000 1.155824
4527.0500 1.16359564
4527.1000 1.17912176
4527.1500 1.19594127
4527.2000 1.21276078
4527.2500 1.22401812
4527.3000 1.2232096
4527.3500 1.22240108
4527.4000 1.22159256
4527.4500 1.20467624
4527.5000 1.18308899
4527.5500 1.16150174
4527.6000 1.14792609
4527.6500 1.16027472
4527.7000 1.17262335
4527.7500 1.18497197
4527.8000 1.18786438
4527.8500 1.1866684
4527.9000 1.18547242
4527.9500 1.18254471
4528.0000 1.17062097
4528.0500 1.15869723
4528.1000 1.14677348
4528.1500 1.1391123
4528.2000 1.13399891
4528.2500 1.12888553
4528.3000 1.12436925
4528.3500 1.12577731
4528.4000 1.12718536
4528.4500 1.12859342
4528.5000 1.12997004
4528.5500 1.13132182
4528.6000 1.13267359
4528.6500 1.13408674
4528.7000 1.13775532
4528.7500 1.14142389
4528.8000 1.14509247
4528.8500 1.14350787
4528.9000 1.13658017
4528.9500 1.12965247
4529.0000 1.12272477
4529.0500 1.1191071
4529.1000 1.11560516
4529.1500 1.11210321
4529.2000 1.10911397
4529.2500 1.10678289
4529.3000 1.1044518
4529.3500 1.10212072
4529.4000 1.10138376
4529.4500 1.10080303
4529.5000 1.1002223
4529.5500 1.10206198
4529.6000 1.10777125
4529.6500 1.11348052
4529.7000 1.11918978
4529.7500 1.11786238
4529.8000 1.11539005
4529.8500 1.11291773
4529.9000 1.11220886
4529.9500 1.11497676
4530.0000 1.11774466
4530.0500 1.12051256
4530.1000 1.11397994
4530.1500 1.10532466
4530.2000 1.09666938
4530.2500 1.09041391
4530.3000 1.08994802
4530.3500 1.08948214
4530.4000 1.08901626
4530.4500 1.08682044
4530.5000 1.08411688
4530.5500 1.08141332
4530.6000 1.0833307
4530.6500 1.09879452
4530.7000 1.11425834
4530.7500 1.12972216
4530.8000 1.12882363
4530.8500 1.12208048
4530.9000 1.11533734
4530.9500 1.11038286
4531.0000 1.11175274
4531.0500 1.11312262
4531.1000 1.1144925
4531.1500 1.11675289
4531.2000 1.11938533
4531.2500 1.12201777
4531.3000 1.12358029
4531.3500 1.12062241
4531.4000 1.11766453
4531.4500 1.11470665
4531.5000 1.11297953
4531.5500 1.11183519
4531.6000 1.11069086
4531.6500 1.10600536
4531.7000 1.08366971
4531.7500 1.06133406
4531.8000 1.03899841
4531.8500 1.04635848
4531.9000 1.06923799
4531.9500 1.09211749
4532.0000 1.11313611
4532.0500 1.12341015
4532.1000 1.13368419
4532.1500 1.14395822
4532.2000 1.14329206
4532.2500 1.13646369
4532.3000 1.12963532
4532.3500 1.1249091
4532.4000 1.13389238
4532.4500 1.14287565
4532.5000 1.15185892
4532.5500 1.15002438
4532.6000 1.14176575
4532.6500 1.13350712
4532.7000 1.12872578
4532.7500 1.14871968
4532.8000 1.16871358
4532.8500 1.18870748
4532.9000 1.18752689
4532.9500 1.17336537
4533.0000 1.15920385
4533.0500 1.14641222
4533.1000 1.14385872
4533.1500 1.14130523
4533.2000 1.13875173
4533.2500 1.14041966
4533.3000 1.14470489
4533.3500 1.14899012
4533.4000 1.15088454
4533.4500 1.13486625
4533.5000 1.11884795
4533.5500 1.10282965
4533.6000 1.09605805
4533.6500 1.09496761
4533.7000 1.09387717
4533.7500 1.09373651
4533.8000 1.10041206
4533.8500 1.10708761
4533.9000 1.11376316
4533.9500 1.11746896
4534.0000 1.11940336
4534.0500 1.12133776
4534.1000 1.12143038
4534.1500 1.10937536
4534.2000 1.09732033
4534.2500 1.08526531
4534.3000 1.07828058
4534.3500 1.07417103
4534.4000 1.07006148
4534.4500 1.0688761
4534.5000 1.08482008
4534.5500 1.10076406
4534.6000 1.11670804
4534.6500 1.1271654
4534.7000 1.13472908
4534.7500 1.14229275
4534.8000 1.14329559
4534.8500 1.11104632
4534.9000 1.07879705
4534.9500 1.04654779
4535.0000 1.02523246
4535.0500 1.00915571
4535.1000 0.99307896
4535.1500 0.98710822
4535.2000 1.024623
4535.2500 1.06213777
4535.3000 1.09965254
4535.3500 1.10141235
4535.4000 1.08801375
4535.4500 1.07461515
4535.5000 1.0678075
4535.5500 1.08475823
4535.6000 1.10170896
4535.6500 1.11865969
4535.7000 1.10136091
4535.7500 1.07160382
4535.8000 1.04184673
4535.8500 1.02507789
4535.9000 1.04715435
4535.9500 1.0692308
4536.0000 1.09130725
4536.0500 1.0841844
4536.1000 1.06829453
4536.1500 1.05240467
4536.2000 1.03800286
4536.2500 1.0272656
4536.3000 1.01652835
4536.3500 1.00579109
4536.4000 0.99858297
4536.4500 0.99220422
4536.5000 0.98582548
4536.5500 0.98871109
4536.6000 1.01025137
4536.6500 1.03179166
4536.7000 1.05333194
4536.7500 1.05011705
4536.8000 1.04270907
4536.8500 1.03530108
4536.9000 1.02887245
4536.9500 1.02404388
4537.0000 1.01921531
4537.0500 1.01438674
4537.1000 1.03109061
4537.1500 1.05004407
4537.2000 1.06899753
4537.2500 1.07812285
4537.3000 1.07434398
4537.3500 1.07056511
4537.4000 1.06678624
4537.4500 1.08495013
4537.5000 1.10401688
4537.5500 1.12308363
4537.6000 1.12514645
4537.6500 1.1094987
4537.7000 1.09385095
4537.7500 1.07888965
4537.8000 1.09694274
4537.8500 1.11499583
4537.9000 1.13304892
4537.9500 1.12696132
4538.0000 1.10129077
4538.0500 1.07562022
4538.1000 1.05659706
4538.1500 1.10906177
4538.2000 1.16152648
4538.2500 1.2139912
4538.3000 1.23282099
4538.3500 1.23096889
4538.4000 1.22911678
4538.4500 1.22668681
4538.5000 1.22109685
4538.5500 1.2155069
4538.6000 1.20991695
4538.6500 1.22424867
4538.7000 1.24748181
4538.7500 1.27071495
4538.8000 1.28129939
4538.8500 1.24928483
4538.9000 1.21727027
4538.9500 1.18525571
4539.0000 1.18235014
4539.0500 1.1882416
4539.1000 1.19413306
4539.1500 1.18517387
4539.2000 1.14286621
4539.2500 1.10055854
4539.3000 1.05825088
4539.3500 1.21833282
4539.4000 1.41427056
4539.4500 1.6102083
4539.5000 1.66258568
4539.5500 1.49238801
4539.6000 1.32219034
4539.6500 1.15199267
4539.7000 1.13863761
4539.7500 1.13602516
4539.8000 1.13341271
4539.8500 1.13527758
4539.9000 1.14197533
4539.9500 1.14867307
4540.0000 1.15569635
4540.0500 1.17439871
4540.1000 1.19310107
4540.1500 1.21180343
4540.2000 1.20962973
4540.2500 1.19199653
4540.3000 1.17436333
4540.3500 1.16021223
4540.4000 1.17085209
4540.4500 1.18149194
4540.5000 1.1921318
4540.5500 1.18221875
4540.6000 1.16231893
4540.6500 1.1424191
4540.7000 1.13219391
4540.7500 1.15547927
4540.8000 1.17876463
4540.8500 1.20204999
4540.9000 1.18102924
4540.9500 1.1472389
4541.0000 1.11344857
4541.0500 1.08815183
4541.1000 1.08012163
4541.1500 1.07209143
4541.2000 1.06406123
4541.2500 1.08459134
4541.3000 1.10885551
4541.3500 1.13311968
4541.4000 1.14532228
4541.4500 1.1421885
4541.5000 1.13905473
4541.5500 1.13592096
4541.6000 1.12136545
4541.6500 1.10677907
4541.7000 1.09219269
4541.7500 1.0928489
4541.8000 1.10569793
4541.8500 1.11854696
4541.9000 1.12697383
4541.9500 1.10139047
4542.0000 1.0758071
4542.0500 1.05022373
4542.1000 1.02814307
4542.1500 1.00774312
4542.2000 0.98734316
4542.2500 0.97819294
4542.3000 1.00513046
4542.3500 1.03206798
4542.4000 1.0590055
4542.4500 1.09234087
4542.5000 1.12726818
4542.5500 1.16219548
4542.6000 1.17010469
4542.6500 1.13102291
4542.7000 1.09194113
4542.7500 1.05285935
4542.8000 1.06817121
4542.8500 1.08754056
4542.9000 1.10690991
4542.9500 1.11318759
4543.0000 1.10623194
4543.0500 1.0992763
4543.1000 1.09331566
4543.1500 1.10161078
4543.2000 1.10990589
4543.2500 1.118201
4543.3000 1.11635545
4543.3500 1.10866551
4543.4000 1.10097557
4543.4500 1.09727595
4543.5000 1.10907622
4543.5500 1.1208765
4543.6000 1.13267678
4543.6500 1.14785674
4543.7000 1.16401065
4543.7500 1.18016455
4543.8000 1.17872484
4543.8500 1.14447547
4543.9000 1.11022609
4543.9500 1.07597671
4544.0000 1.08016402
4544.0500 1.08755649
4544.1000 1.09494895
4544.1500 1.11983394
4544.2000 1.16233699
4544.2500 1.20484003
4544.3000 1.24118686
4544.3500 1.20116999
4544.4000 1.16115311
4544.4500 1.12113624
4544.5000 1.1065413
4544.5500 1.10550308
4544.6000 1.10446486
4544.6500 1.10531099
4544.7000 1.11242982
4544.7500 1.11954865
4544.8000 1.12666748
4544.8500 1.1276504
4544.9000 1.1272036
4544.9500 1.1267568
4545.0000 1.13837736
4545.0500 1.16869503
4545.1000 1.19901271
4545.1500 1.22933038
4545.2000 1.20760782
4545.2500 1.18453357
4545.3000 1.16145932
4545.3500 1.1390858
4545.4000 1.11726661
4545.4500 1.09544741
4545.5000 1.07901786
4545.5500 1.09484144
4545.6000 1.11066502
4545.6500 1.12648859
4545.7000 1.09569897
4545.7500 1.04760227
4545.8000 0.99950557
4545.8500 0.98877876
4545.9000 1.05875055
4545.9500 1.12872233
4546.0000 1.19869411
4546.0500 1.20346011
4546.1000 1.20138053
4546.1500 1.19930096
4546.2000 1.18603291
4546.2500 1.16133575
4546.3000 1.13663859
4546.3500 1.11013762
4546.4000 1.06436275
4546.4500 1.01858788
4546.5000 0.97281301
4546.5500 0.99345073
4546.6000 1.04567462
4546.6500 1.09789851
4546.7000 1.13066153
4546.7500 1.11107592
4546.8000 1.09149032
4546.8500 1.07190471
4546.9000 1.06659836
4546.9500 1.06351035
4547.0000 1.06042234
4547.0500 1.06465901
4547.1000 1.07745023
4547.1500 1.09024144
4547.2000 1.10333366
4547.2500 1.12129455
4547.3000 1.13925544
4547.3500 1.15721633
4547.4000 1.13483898
4547.4500 1.09134456
4547.5000 1.04785014
4547.5500 1.01457427
4547.6000 1.01103462
4547.6500 1.00749498
4547.7000 1.00395533
4547.7500 1.02923663
4547.8000 1.0593532
4547.8500 1.08946977
4547.9000 1.09720613
4547.9500 1.07847087
4548.0000 1.05973562
4548.0500 1.04325208
4548.1000 1.06135407
4548.1500 1.07945606
4548.2000 1.09755804
4548.2500 1.07954047
4548.3000 1.04335498
4548.3500 1.00716948
4548.4000 0.97575162
4548.4500 0.9571743
4548.5000 0.93859699
4548.5500 0.92001968
4548.6000 0.9050815
4548.6500 0.89065184
4548.7000 0.87622218
4548.7500 0.8851586
4548.8000 0.91888235
4548.8500 0.95260611
4548.9000 0.98456029
4548.9500 0.9995184
4549.0000 1.01447651
4549.0500 1.02943462
4549.1000 1.0302541
4549.1500 1.02514509
4549.2000 1.02003608
4549.2500 1.02919607
4549.3000 1.06923541
4549.3500 1.10927475
4549.4000 1.14931409
4549.4500 1.13021714
4549.5000 1.10658269
4549.5500 1.08294823
4549.6000 1.04772614
4549.6500 1.00273754
4549.7000 0.95774895
4549.7500 0.91927252
4549.8000 0.91556395
4549.8500 0.91185538
4549.9000 0.9081468
4549.9500 0.89539779
4550.0000 0.88001031
4550.0500 0.86462283
4550.1000 0.88016852
4550.1500 0.94376853
4550.2000 1.00736854
4550.2500 1.07003104
4550.3000 1.04324061
4550.3500 1.01645017
4550.4000 0.98965974
4550.4500 0.95999746
4550.5000 0.92865096
4550.5500 0.89730446
4550.6000 0.87914718
4550.6500 0.90024084
4550.7000 0.9213345
4550.7500 0.94242816
4550.8000 0.94811941
4550.8500 0.95158811
4550.9000 0.95505681
4550.9500 0.98550836
4551.0000 1.04321421
4551.0500 1.10092005
4551.1000 1.13904688
4551.1500 1.03667611
4551.2000 0.93430534
4551.2500 0.83193458
4551.3000 0.85086303
4551.3500 0.91058423
4551.4000 0.97030543
4551.4500 1.02209612
4551.5000 1.06070158
4551.5500 1.09930705
4551.6000 1.13750252
4551.6500 1.07425194
4551.7000 1.01100136
4551.7500 0.94775078
4551.8000 0.92597693
4551.8500 0.92817911
4551.9000 0.9303813
4551.9500 0.93342007
4552.0000 0.93878435
4552.0500 0.94414863
4552.1000 0.94951291
4552.1500 0.93427311
4552.2000 0.91665863
4552.2500 0.89904414
4552.3000 0.9071141
4552.3500 0.93796433
4552.4000 0.96881456
4552.4500 0.98269481
4552.5000 0.91037094
4552.5500 0.83804707
4552.6000 0.7657232
4552.6500 0.8408754
4552.7000 0.9528482
4552.7500 1.06482101
4552.8000 1.11335094
4552.8500 1.08019698
4552.9000 1.04704302
4552.9500 1.01574297
4553.0000 1.00720485
4553.0500 0.99866673
4553.1000 0.99012862
4553.1500 1.01154752
4553.2000 1.04492576
4553.2500 1.078304
4553.3000 1.09547928
4553.3500 1.08325035
4553.4000 1.07102143
4553.4500 1.0587925
4553.5000 1.05227751
4553.5500 1.04577929
4553.6000 1.03928108
4553.6500 1.05569769
4553.7000 1.084999
4553.7500 1.11430032
4553.8000 1.13418176
4553.8500 1.13035138
4553.9000 1.12652101
4553.9500 1.12269063
4554.0000 1.09334943
4554.0500 1.06208097
4554.1000 1.03081252
4554.1500 1.02347373
4554.2000 1.03371976
4554.2500 1.04396579
4554.3000 1.04901305
4554.3500 1.03608022
4554.4000 1.02314739
4554.4500 1.01021456
4554.5000 0.98318947
4554.5500 0.95412127
4554.6000 0.92505308
4554.6500 0.92204189
4554.7000 0.94273129
4554.7500 0.96342069
4554.8000 0.98801507
4554.8500 1.03099369
4554.9000 1.0739723
4554.9500 1.11695091
4555.0000 1.08143878
4555.0500 1.02961354
4555.1000 0.97778831
4555.1500 0.96307254
4555.2000 0.98825785
4555.2500 1.01344317
4555.3000 1.03354503
4555.3500 1.02163494
4555.4000 1.00972485
4555.4500 0.99781476
4555.5000 0.99618993
4555.5500 0.99724312
4555.6000 0.9982963
4555.6500 0.99401923
4555.7000 0.98325388
4555.7500 0.97248853
4555.8000 0.96168167
4555.8500 0.9505383
4555.9000 0.93939494
4555.9500 0.92825157
4556.0000 0.88218947
4556.0500 0.82568775
4556.1000 0.76918602
4556.1500 0.72403334
4556.2000 0.69385853
4556.2500 0.66368371
4556.3000 0.64641652
4556.3500 0.75423601
4556.4000 0.86205549
4556.4500 0.96987498
4556.5000 0.99481885
4556.5500 0.99318959
4556.6000 0.99156032
4556.6500 0.98819251
4556.7000 0.98244441
4556.7500 0.97669631
4556.8000 0.96907986
4556.8500 0.94214911
4556.9000 0.91521836
4556.9500 0.88828761
4557.0000 0.88576807
4557.0500 0.89114771
4557.1000 0.89652735
4557.1500 0.9209644
4557.2000 0.9712845
4557.2500 1.0216046
4557.3000 1.06580786
4557.3500 1.05092505
4557.4000 1.03604224
4557.4500 1.02115943
4557.5000 0.99164243
4557.5500 0.95762452
4557.6000 0.9236066
4557.6500 0.91203006
4557.7000 0.92936902
4557.7500 0.94670798
4557.8000 0.95914429
4557.8500 0.93206403
4557.9000 0.90498378
4557.9500 0.87790353
4558.0000 0.86470078
4558.0500 0.85529904
4558.1000 0.8458973
4558.1500 0.86326823
4558.2000 0.9119631
4558.2500 0.96065797
4558.3000 0.99111169
4558.3500 0.90751404
4558.4000 0.82391639
4558.4500 0.74031873
4558.5000 0.8441279
4558.5500 0.9901514
4558.6000 1.13617489
4558.6500 1.1850691
4558.7000 1.13512744
4558.7500 1.08518578
4558.8000 1.04282648
4558.8500 1.03588041
4558.9000 1.02893434
4558.9500 1.02198827
4559.0000 0.95385575
4559.0500 0.87561976
4559.1000 0.79738377
4559.1500 0.81053257
4559.2000 0.90108446
4559.2500 0.99163636
4559.3000 1.04995218
4559.3500 0.9977259
4559.4000 0.94549961
4559.4500 0.89327332
4559.5000 0.92034209
4559.5500 0.9551237
4559.6000 0.98990531
4559.6500 0.96249107
4559.7000 0.89329227
4559.7500 0.82409348
4559.8000 0.79647347
4559.8500 0.87257222
4559.9000 0.94867097
4559.9500 1.02476972
4560.0000 0.99522904
4560.0500 0.96302348
4560.1000 0.93081791
4560.1500 0.93311387
4560.2000 0.95272454
4560.2500 0.9723352
4560.3000 1.03167297
4560.3500 1.16240463
4560.4000 1.29313628
4560.4500 1.41369004
4560.5000 1.34247365
4560.5500 1.27125727
4560.6000 1.20004089
4560.6500 1.1230965
4560.7000 1.04418641
4560.7500 0.96527631
4560.8000 0.95471478
4560.8500 1.03120328
4560.9000 1.10769178
4560.9500 1.16284396
4561.0000 1.08287332
4561.0500 1.00290267
4561.1000 0.92293203
4561.1500 0.89534205
4561.2000 0.87816807
4561.2500 0.86099409
4561.3000 0.90262301
4561.3500 0.99575031
4561.4000 1.08887762
4561.4500 1.15955964
4561.5000 1.15648372
4561.5500 1.1534078
4561.6000 1.15033188
4561.6500 1.16664531
4561.7000 1.18431266
4561.7500 1.20198001
4561.8000 1.19107149
4561.8500 1.16390463
4561.9000 1.13673777
4561.9500 1.10137528
4562.0000 1.05019019
4562.0500 0.9990051
4562.1000 0.94701301
4562.1500 0.87839886
4562.2000 0.80978471
4562.2500 0.74117056
4562.3000 0.82705888
4562.3500 0.9637368
4562.4000 1.10041472
4562.4500 1.16090325
4562.5000 1.13199327
4562.5500 1.10308329
4562.6000 1.06537896
4562.6500 0.98438531
4562.7000 0.90339166
4562.7500 0.82239801
4562.8000 0.81437199
4562.8500 0.81640873
4562.9000 0.81844547
4562.9500 0.87193278
4563.0000 0.9611765
4563.0500 1.05042022
4563.1000 1.11430438
4563.1500 1.11968103
4563.2000 1.12505768
4563.2500 1.13009656
4563.3000 1.11435518
4563.3500 1.09861381
4563.4000 1.08287244
4563.4500 1.02717477
4563.5000 0.95676098
4563.5500 0.88634718
4563.6000 0.84626181
4563.6500 0.84371387
4563.7000 0.84116593
4563.7500 0.85118188
4563.8000 0.92516592
4563.8500 0.99914996
4563.9000 1.07313399
4563.9500 1.01250331
4564.0000 0.93397768
4564.0500 0.85545205
4564.1000 0.80487037
4564.1500 0.77273381
4564.2000 0.74059725
4564.2500 0.7488693
4564.3000 0.84171218
4564.3500 0.93455506
4564.4000 1.01812668
4564.4500 0.90712799
4564.5000 0.7961293
4564.5500 0.68513061
4564.6000 0.6774003
4564.6500 0.70071448
4564.7000 0.72402865
4564.7500 0.7734262
4564.8000 0.84959771
4564.8500 0.92576923
4564.9000 0.93606102
4564.9500 0.71181152
4565.0000 0.48756201
4565.0500 0.26331251
4565.1000 0.47188065
4565.1500 0.70499229
4565.2000 0.93810392
4565.2500 1.07917337
4565.3000 1.17584608
4565.3500 1.27251879
4565.4000 1.31555154
4565.4500 1.27948232
4565.5000 1.2434131
4565.5500 1.18720803
4565.6000 1.00176551
4565.6500 0.816323
4565.7000 0.63088049
4565.7500 0.70177323
4565.8000 0.81207916
4565.8500 0.92238509
4565.9000 0.90496016
4565.9500 0.80234151
4566.0000 0.69972285
4566.0500 0.65039751
4566.1000 0.70721387
4566.1500 0.76403023
4566.2000 0.81795901
4566.2500 0.8334424
4566.3000 0.84892579
4566.3500 0.86440917
4566.4000 0.85857851
4566.4500 0.84763999
4566.5000 0.83670147
4566.5500 0.81477357
4566.6000 0.78366082
4566.6500 0.75254807
4566.7000 0.74655857
4566.7500 0.80391171
4566.8000 0.86126485
4566.8500 0.91889032
4566.9000 0.98737015
4566.9500 1.05584999
4567.0000 1.12432983
4567.0500 1.14463189
4567.1000 1.15023164
4567.1500 1.15583138
4567.2000 1.02298046
4567.2500 0.75663756
4567.3000 0.49029465
4567.3500 0.37716313
4567.4000 0.7157477
4567.4500 1.05433227
4567.5000 1.39291684
4567.5500 1.41349829
4567.6000 1.43364997
4567.6500 1.45380164
4567.7000 1.30314717
4567.7500 1.09410617
4567.8000 0.88506517
4567.8500 0.8250014
4567.9000 0.91809918
4567.9500 1.01119696
4568.0000 1.04903949
4568.0500 0.91392557
4568.1000 0.77881165
4568.1500 0.64369772
4568.2000 0.78091104
4568.2500 0.92021172
4568.3000 1.0595124
4568.3500 1.05343127
4568.4000 0.99729672
4568.4500 0.94116217
4568.5000 0.91394778
4568.5500 0.91604901
4568.6000 0.91815024
4568.6500 0.93903382
4568.7000 1.01610073
4568.7500 1.09316764
4568.8000 1.1696509
4568.8500 1.14451736
4568.9000 1.11938383
4568.9500 1.09425029
4569.0000 1.05169121
4569.0500 1.00369249
4569.1000 0.95569377
4569.1500 0.98635534
4569.2000 1.08971023
4569.2500 1.19306513
4569.3000 1.28597531
4569.3500 1.35183326
4569.4000 1.41769121
4569.4500 1.48101077
4569.5000 1.4811228
4569.5500 1.48123483
4569.6000 1.48134686
4569.6500 1.49227845
4569.7000 1.50591671
4569.7500 1.51955497
4569.8000 1.44908286
4569.8500 1.31316584
4569.9000 1.17724882
4569.9500 1.05853385
4570.0000 0.9753617
4570.0500 0.89218955
4570.1000 0.82160973
4570.1500 0.87667046
4570.2000 0.93173119
4570.2500 0.98679193
4570.3000 0.94750619
4570.3500 0.89251337
4570.4000 0.83752055
4570.4500 0.89581723
4570.5000 1.02217892
4570.5500 1.14854062
4570.6000 0
4570.6500 0
4570.7000 0
