4917.0500 3.93799198
4917.1000 3.9452535
4917.1500 3.8456064
4917.2000 3.72991244
4917.2500 3.61421848
4917.3000 3.49852452
4917.3500 3.42829529
4917.4000 3.48954961
4917.4500 3.55080393
4917.5000 3.61205825
4917.5500 3.67331258
4917.6000 3.75481435
4917.6500 3.84743376
4917.7000 3.94005317
4917.7500 4.03267258
4917.8000 4.11802621
4917.8500 4.00481644
4917.9000 3.89160667
4917.9500 3.7783969
4918.0000 3.66518713
4918.0500 3.59842549
4918.1000 3.59419377
4918.1500 3.58996204
4918.2000 3.58573031
4918.2500 3.58149859
4918.3000 3.67486767
4918.3500 3.78991038
4918.4000 3.90495309
4918.4500 4.0199958
4918.5000 4.07495676
4918.5500 3.90594823
4918.6000 3.7369397
4918.6500 3.56793116
4918.7000 3.39892263
4918.7500 3.35531264
4918.8000 3.39326502
4918.8500 3.43121739
4918.9000 3.46916976
4918.9500 3.50706323
4919.0000 3.50438807
4919.0500 3.50171291
4919.1000 3.49903774
4919.1500 3.49636258
4919.2000 3.49564398
4919.2500 3.49788291
4919.3000 3.50012184
4919.3500 3.50236077
4919.4000 3.50459969
4919.4500 3.45302966
4919.5000 3.38767081
4919.5500 3.32231196
4919.6000 3.2569531
4919.6500 3.21896625
4919.7000 3.29394866
4919.7500 3.36893107
4919.8000 3.44391348
4919.8500 3.51889589
4919.9000 3.52835314
4919.9500 3.4932501
4920.0000 3.45814706
4920.0500 3.42304402
4920.1000 3.38794098
4920.1500 3.40810283
4920.2000 3.42845526
4920.2500 3.44880769
4920.3000 3.46916013
4920.3500 3.44934662
4920.4000 3.36904929
4920.4500 3.28875195
4920.5000 3.20845462
4920.5500 3.12815729
4920.6000 3.21538439
4920.6500 3.34378028
4920.7000 3.47217617
4920.7500 3.60057206
4920.8000 3.69028966
4920.8500 3.63233477
4920.9000 3.57437988
4920.9500 3.51642498
4921.0000 3.45847009
4921.0500 3.39807155
4921.1000 3.33613383
4921.1500 3.2741961
4921.2000 3.21225838
4921.2500 3.1516356
4921.3000 3.15323968
4921.3500 3.15484377
4921.4000 3.15644786
4921.4500 3.15805194
4921.5000 3.20116446
4921.5500 3.29952319
4921.6000 3.39788191
4921.6500 3.49624063
4921.7000 3.59459936
4921.7500 3.56576164
4921.8000 3.51242214
4921.8500 3.45908264
4921.9000 3.40574315
4921.9500 3.35560605
4922.0000 3.31512121
4922.0500 3.27463637
4922.1000 3.23415154
4922.1500 3.1936667
4922.2000 3.16620995
4922.2500 3.14543693
4922.3000 3.12466392
4922.3500 3.1038909
4922.4000 3.09098685
4922.4500 3.17670056
4922.5000 3.26241427
4922.5500 3.34812798
4922.6000 3.43384169
4922.6500 3.47876679
4922.7000 3.48090239
4922.7500 3.48303799
4922.8000 3.48517359
4922.8500 3.48730919
4922.9000 3.45910177
4922.9500 3.42764715
4923.0000 3.39619253
4923.0500 3.36473791
4923.1000 3.3425495
4923.1500 3.34007045
4923.2000 3.33759141
4923.2500 3.33511237
4923.3000 3.33263333
4923.3500 3.32992059
4923.4000 3.32712464
4923.4500 3.32432869
4923.5000 3.32153274
4923.5500 3.31177646
4923.6000 3.26442661
4923.6500 3.21707676
4923.7000 3.16972691
4923.7500 3.12237706
4923.8000 3.14007749
4923.8500 3.20562534
4923.9000 3.27117319
4923.9500 3.33672104
4924.0000 3.40226888
4924.0500 3.39756703
4924.1000 3.39267643
4924.1500 3.38778583
4924.2000 3.38289523
4924.2500 3.3567549
4924.3000 3.30122401
4924.3500 3.24569311
4924.4000 3.19016222
4924.4500 3.13463133
4924.5000 3.15473785
4924.5500 3.18892149
4924.6000 3.22310512
4924.6500 3.25728876
4924.7000 3.29477376
4924.7500 3.34128847
4924.8000 3.38780317
4924.8500 3.43431787
4924.9000 3.48083258
4924.9500 3.44122462
4925.0000 3.36356007
4925.0500 3.28589551
4925.1000 3.20823096
4925.1500 3.14521117
4925.2000 3.189068
4925.2500 3.23292483
4925.3000 3.27678166
4925.3500 3.32063849
4925.4000 3.34424624
4925.4500 3.35119656
4925.5000 3.35814688
4925.5500 3.3650972
4925.6000 3.37204751
4925.6500 3.35197111
4925.7000 3.33128608
4925.7500 3.31060105
4925.8000 3.28991602
4925.8500 3.28828413
4925.9000 3.31424482
4925.9500 3.34020551
4926.0000 3.3661662
4926.0500 3.3921269
4926.1000 3.38848472
4926.1500 3.37920915
4926.2000 3.36993358
4926.2500 3.360658
4926.3000 3.36297751
4926.3500 3.39618149
4926.4000 3.42938547
4926.4500 3.46258945
4926.5000 3.49579343
4926.5500 3.46779815
4926.6000 3.41443543
4926.6500 3.3610727
4926.7000 3.30770998
4926.7500 3.26803452
4926.8000 3.3109677
4926.8500 3.35390088
4926.9000 3.39683406
4926.9500 3.43976724
4927.0000 3.40827569
4927.0500 3.32255487
4927.1000 3.23683406
4927.1500 3.15111324
4927.2000 3.06796272
4927.2500 3.1427747
4927.3000 3.21758669
4927.3500 3.29239867
4927.4000 3.36721065
4927.4500 3.38990116
4927.5000 3.35008701
4927.5500 3.31027287
4927.6000 3.27045872
4927.6500 3.23064458
4927.7000 3.26372291
4927.7500 3.30539107
4927.8000 3.34705923
4927.8500 3.38872739
4927.9000 3.41348992
4927.9500 3.40478782
4928.0000 3.39608573
4928.0500 3.38738363
4928.1000 3.37868154
4928.1500 3.37980824
4928.2000 3.38374201
4928.2500 3.38767579
4928.3000 3.39160956
4928.3500 3.38968482
4928.4000 3.36713908
4928.4500 3.34459335
4928.5000 3.32204762
4928.5500 3.29950189
4928.6000 3.30711253
4928.6500 3.32985881
4928.7000 3.3526051
4928.7500 3.37535138
4928.8000 3.39710045
4928.8500 3.41090886
4928.9000 3.42471727
4928.9500 3.43852568
4929.0000 3.45233409
4929.0500 3.45477563
4929.1000 3.44823152
4929.1500 3.4416874
4929.2000 3.43514328
4929.2500 3.42871923
4929.3000 3.44035657
4929.3500 3.45199391
4929.4000 3.46363125
4929.4500 3.47526859
4929.5000 3.49693752
4929.5500 3.53057944
4929.6000 3.56422137
4929.6500 3.59786329
4929.7000 3.63150521
4929.7500 3.60552424
4929.8000 3.57338247
4929.8500 3.54124069
4929.9000 3.50909892
4929.9500 3.47411863
4930.0000 3.43404775
4930.0500 3.39397688
4930.1000 3.353906
4930.1500 3.31383513
4930.2000 3.36509567
4930.2500 3.43766751
4930.3000 3.51023935
4930.3500 3.58281119
4930.4000 3.61260279
4930.4500 3.52362065
4930.5000 3.43463851
4930.5500 3.34565636
4930.6000 3.25667422
4930.6500 3.29380898
4930.7000 3.37999332
4930.7500 3.46617766
4930.8000 3.55236201
4930.8500 3.62003122
4930.9000 3.60121993
4930.9500 3.58240864
4931.0000 3.56359735
4931.0500 3.54478606
4931.1000 3.531733
4931.1500 3.52200578
4931.2000 3.51227857
4931.2500 3.50255135
4931.3000 3.49401367
4931.3500 3.49713209
4931.4000 3.5002505
4931.4500 3.50336892
4931.5000 3.50648734
4931.5500 3.50623126
4931.6000 3.50324204
4931.6500 3.50025283
4931.7000 3.49726362
4931.7500 3.4941966
4931.8000 3.4854821
4931.8500 3.4767676
4931.9000 3.4680531
4931.9500 3.4593386
4932.0000 3.43785765
4932.0500 3.40231482
4932.1000 3.36677199
4932.1500 3.33122915
4932.2000 3.29568632
4932.2500 3.28960188
4932.3000 3.28542086
4932.3500 3.28123984
4932.4000 3.27705882
4932.4500 3.2888568
4932.5000 3.3242335
4932.5500 3.3596102
4932.6000 3.39498689
4932.6500 3.43036359
4932.7000 3.41345719
4932.7500 3.38872173
4932.8000 3.36398627
4932.8500 3.33925081
4932.9000 3.33488104
4932.9500 3.3706208
4933.0000 3.40636055
4933.0500 3.44210031
4933.1000 3.47784006
4933.1500 3.43752208
4933.2000 3.37877401
4933.2500 3.32002594
4933.3000 3.26127787
4933.3500 3.21583104
4933.4000 3.20557114
4933.4500 3.19531125
4933.5000 3.18505135
4933.5500 3.17479145
4933.6000 3.20188598
4933.6500 3.24177457
4933.7000 3.28166316
4933.7500 3.32155175
4933.8000 3.34280262
4933.8500 3.29665232
4933.9000 3.25050201
4933.9500 3.20435171
4934.0000 3.15820141
4934.0500 3.14697487
4934.1000 3.15147179
4934.1500 3.1559687
4934.2000 3.16046562
4934.2500 3.15913788
4934.3000 3.12804612
4934.3500 3.09695436
4934.4000 3.06586259
4934.4500 3.03477083
4934.5000 3.0233804
4934.5500 3.02312161
4934.6000 3.02286282
4934.6500 3.02260403
4934.7000 3.02432845
4934.7500 3.04124605
4934.8000 3.05816365
4934.8500 3.07508126
4934.9000 3.09199886
4934.9500 3.10722741
4935.0000 3.12129736
4935.0500 3.13536731
4935.1000 3.14943726
4935.1500 3.16081854
4935.2000 3.13755031
4935.2500 3.11428207
4935.3000 3.09101384
4935.3500 3.06774561
4935.4000 3.08804584
4935.4500 3.14369658
4935.5000 3.19934731
4935.5500 3.25499805
4935.6000 3.30737464
4935.6500 3.26473874
4935.7000 3.22210285
4935.7500 3.17946695
4935.8000 3.13683105
4935.8500 3.12607161
4935.9000 3.1452419
4935.9500 3.16441219
4936.0000 3.18358248
4936.0500 3.20275277
4936.1000 3.19370907
4936.1500 3.18464772
4936.2000 3.17558637
4936.2500 3.16652503
4936.3000 3.15867055
4936.3500 3.15210174
4936.4000 3.14553293
4936.4500 3.13896413
4936.5000 3.13239532
4936.5500 3.08256254
4936.6000 3.03140093
4936.6500 2.98023931
4936.7000 2.9290777
4936.7500 2.92741897
4936.8000 2.98448389
4936.8500 3.04154881
4936.9000 3.09861373
4936.9500 3.15567865
4937.0000 3.14051689
4937.0500 3.1212155
4937.1000 3.10191411
4937.1500 3.08261272
4937.2000 3.07856747
4937.2500 3.09430731
4937.3000 3.11004715
4937.3500 3.125787
4937.4000 3.14152684
4937.4500 3.14005317
4937.5000 3.13720699
4937.5500 3.13436081
4937.6000 3.13151463
4937.6500 3.13324212
4937.7000 3.14133448
4937.7500 3.14942684
4937.8000 3.1575192
4937.8500 3.16561156
4937.9000 3.17546555
4937.9500 3.18549103
4938.0000 3.1955165
4938.0500 3.20554198
4938.1000 3.20496742
4938.1500 3.18886165
4938.2000 3.17275588
4938.2500 3.15665011
4938.3000 3.14054434
4938.3500 3.18365384
4938.4000 3.23325529
4938.4500 3.28285673
4938.5000 3.33245817
4938.5500 3.33301996
4938.6000 3.25938962
4938.6500 3.18575928
4938.7000 3.11212893
4938.7500 3.03849859
4938.8000 3.06919122
4938.8500 3.11200714
4938.9000 3.15482306
4938.9500 3.19763897
4939.0000 3.22048193
4939.0500 3.21273701
4939.1000 3.20499208
4939.1500 3.19724716
4939.2000 3.18950224
4939.2500 3.20924948
4939.3000 3.23220961
4939.3500 3.25516973
4939.4000 3.27812986
4939.4500 3.27269901
4939.5000 3.22412643
4939.5500 3.17555385
4939.6000 3.12698127
4939.6500 3.07840868
4939.7000 3.07646138
4939.7500 3.07971634
4939.8000 3.0829713
4939.8500 3.08622626
4939.9000 3.09205439
4939.9500 3.10168568
4940.0000 3.11131697
4940.0500 3.12094826
4940.1000 3.13057955
4940.1500 3.14239124
4940.2000 3.15442207
4940.2500 3.1664529
4940.3000 3.17848373
4940.3500 3.18156882
4940.4000 3.17204348
4940.4500 3.16251813
4940.5000 3.15299279
4940.5500 3.14346745
4940.6000 3.15575298
4940.6500 3.16987039
4940.7000 3.1839878
4940.7500 3.19810521
4940.8000 3.19210609
4940.8500 3.15957524
4940.9000 3.1270444
4940.9500 3.09451355
4941.0000 3.06198271
4941.0500 3.09120931
4941.1000 3.12429697
4941.1500 3.15738462
4941.2000 3.19047228
4941.2500 3.20895952
4941.3000 3.20976532
4941.3500 3.21057111
4941.4000 3.21137691
4941.4500 3.21218271
4941.5000 3.16646139
4941.5500 3.11903258
4941.6000 3.07160377
4941.6500 3.02417496
4941.7000 3.01272416
4941.7500 3.04054395
4941.8000 3.06836374
4941.8500 3.09618352
4941.9000 3.12400331
4941.9500 3.14938177
4942.0000 3.17474263
4942.0500 3.20010349
4942.1000 3.22546435
4942.1500 3.21855317
4942.2000 3.18048253
4942.2500 3.14241189
4942.3000 3.10434126
4942.3500 3.0671939
4942.4000 3.06477489
4942.4500 3.06235587
4942.5000 3.05993686
4942.5500 3.05751785
4942.6000 3.07600517
4942.6500 3.1120009
4942.7000 3.14799663
4942.7500 3.18399236
4942.8000 3.21756013
4942.8500 3.21547605
4942.9000 3.21339198
4942.9500 3.2113079
4943.0000 3.20922383
4943.0500 3.2180772
4943.1000 3.23470575
4943.1500 3.25133429
4943.2000 3.26796284
4943.2500 3.2820235
4943.3000 3.27452605
4943.3500 3.2670286
4943.4000 3.25953115
4943.4500 3.25203371
4943.5000 3.24932966
4943.5500 3.24944585
4943.6000 3.24956204
4943.6500 3.24967824
4943.7000 3.24536894
4943.7500 3.21673516
4943.8000 3.18810137
4943.8500 3.15946759
4943.9000 3.13083381
4943.9500 3.13796796
4944.0000 3.16197397
4944.0500 3.18597998
4944.1000 3.20998599
4944.1500 3.23242922
4944.2000 3.24885788
4944.2500 3.26528655
4944.3000 3.28171522
4944.3500 3.29814388
4944.4000 3.30310631
4944.4500 3.30391788
4944.5000 3.30472946
4944.5500 3.30554103
4944.6000 3.30271977
4944.6500 3.28973837
4944.7000 3.27675698
4944.7500 3.26377558
4944.8000 3.25079419
4944.8500 3.25116341
4944.9000 3.25500142
4944.9500 3.25883942
4945.0000 3.26267743
4945.0500 3.25920272
4945.1000 3.24056429
4945.1500 3.22192585
4945.2000 3.20328742
4945.2500 3.18464899
4945.3000 3.18675194
4945.3500 3.19228354
4945.4000 3.19781513
4945.4500 3.20334673
4945.5000 3.19598821
4945.5500 3.16864925
4945.6000 3.14131029
4945.6500 3.11397133
4945.7000 3.08663237
4945.7500 3.12435351
4945.8000 3.16717089
4945.8500 3.20998826
4945.9000 3.25280563
4945.9500 3.26147504
4946.0000 3.23066266
4946.0500 3.19985028
4946.1000 3.16903791
4946.1500 3.13830118
4946.2000 3.16116927
4946.2500 3.18403735
4946.3000 3.20690544
4946.3500 3.22977353
4946.4000 3.23847037
4946.4500 3.23510751
4946.5000 3.23174465
4946.5500 3.22838179
4946.6000 3.22424556
4946.6500 3.21125154
4946.7000 3.19825753
4946.7500 3.18526352
4946.8000 3.1722695
4946.8500 3.16375793
4946.9000 3.1579755
4946.9500 3.15219307
4947.0000 3.14641065
4947.0500 3.14571072
4947.1000 3.17091308
4947.1500 3.19611544
4947.2000 3.2213178
4947.2500 3.24652015
4947.3000 3.23514808
4947.3500 3.20867086
4947.4000 3.18219364
4947.4500 3.15571643
4947.5000 3.14266636
4947.5500 3.1693426
4947.6000 3.19601884
4947.6500 3.22269507
4947.7000 3.24937131
4947.7500 3.22268017
4947.8000 3.1825402
4947.8500 3.14240023
4947.9000 3.10226026
4947.9500 3.08313813
4948.0000 3.10373637
4948.0500 3.12433461
4948.1000 3.14493285
4948.1500 3.16553109
4948.2000 3.17447009
4948.2500 3.18203504
4948.3000 3.18959999
4948.3500 3.19716495
4948.4000 3.1755197
4948.4500 3.11734358
4948.5000 3.05916746
4948.5500 3.00099134
4948.6000 2.94281522
4948.6500 3.01245078
4948.7000 3.08269197
4948.7500 3.15293315
4948.8000 3.22317433
4948.8500 3.24278537
4948.9000 3.22054473
4948.9500 3.19830408
4949.0000 3.17606344
4949.0500 3.15797655
4949.1000 3.17692251
4949.1500 3.19586848
4949.2000 3.21481445
4949.2500 3.23376042
4949.3000 3.23162877
4949.3500 3.21841771
4949.4000 3.20520664
4949.4500 3.19199558
4949.5000 3.18364369
4949.5500 3.19343118
4949.6000 3.20321868
4949.6500 3.21300617
4949.7000 3.22279366
4949.7500 3.22338985
4949.8000 3.22121449
4949.8500 3.21903914
4949.9000 3.21686379
4949.9500 3.2152851
4950.0000 3.21493679
4950.0500 3.21458848
4950.1000 3.21424018
4950.1500 3.21389187
4950.2000 3.19753748
4950.2500 3.17912463
4950.3000 3.16071178
4950.3500 3.14229892
4950.4000 3.13934359
4950.4500 3.15553146
4950.5000 3.17171932
4950.5500 3.18790719
4950.6000 3.20380404
4950.6500 3.1863413
4950.7000 3.16887855
4950.7500 3.15141581
4950.8000 3.13395307
4950.8500 3.12673766
4950.9000 3.12719688
4950.9500 3.1276561
4951.0000 3.12811533
4951.0500 3.13268101
4951.1000 3.16330801
4951.1500 3.19393502
4951.2000 3.22456203
4951.2500 3.25518904
4951.3000 3.25999045
4951.3500 3.25381236
4951.4000 3.24763427
4951.4500 3.24145618
4951.5000 3.23514164
4951.5500 3.22845526
4951.6000 3.22176889
4951.6500 3.21508252
4951.7000 3.20839614
4951.7500 3.18561628
4951.8000 3.15969025
4951.8500 3.13376421
4951.9000 3.10783817
4951.9500 3.08987105
4952.0000 3.08356278
4952.0500 3.07725451
4952.1000 3.07094624
4952.1500 3.06463797
4952.2000 3.0827006
4952.2500 3.10135879
4952.3000 3.12001698
4952.3500 3.13867517
4952.4000 3.14860286
4952.4500 3.15132404
4952.5000 3.15404521
4952.5500 3.15676639
4952.6000 3.16030459
4952.6500 3.1697947
4952.7000 3.17928481
4952.7500 3.18877493
4952.8000 3.19826504
4952.8500 3.19817026
4952.9000 3.19386545
4952.9500 3.18956065
4953.0000 3.18525584
4953.0500 3.18202261
4953.1000 3.18168441
4953.1500 3.18134621
4953.2000 3.18100801
4953.2500 3.18066981
4953.3000 3.18203185
4953.3500 3.18370172
4953.4000 3.18537158
4953.4500 3.18704145
4953.5000 3.18645628
4953.5500 3.18281373
4953.6000 3.17917119
4953.6500 3.17552864
4953.7000 3.17181263
4953.7500 3.14711883
4953.8000 3.12242504
4953.8500 3.09773124
4953.9000 3.07303744
4953.9500 3.07042038
4954.0000 3.08354745
4954.0500 3.09667452
4954.1000 3.10980159
4954.1500 3.12098482
4954.2000 3.12234332
4954.2500 3.12370182
4954.3000 3.12506033
4954.3500 3.12641883
4954.4000 3.134516
4954.4500 3.14488521
4954.5000 3.15525442
4954.5500 3.16562363
4954.6000 3.16959108
4954.6500 3.16066367
4954.7000 3.15173626
4954.7500 3.14280885
4954.8000 3.13388144
4954.8500 3.12554396
4954.9000 3.11725996
4954.9500 3.10897596
4955.0000 3.10069196
4955.0500 3.09691601
4955.1000 3.09759
4955.1500 3.098264
4955.2000 3.098938
4955.2500 3.09845837
4955.3000 3.08643103
4955.3500 3.07440368
4955.4000 3.06237634
4955.4500 3.05034899
4955.5000 3.04477102
4955.5500 3.04223311
4955.6000 3.0396952
4955.6500 3.03715728
4955.7000 3.03826711
4955.7500 3.04925554
4955.8000 3.06024398
4955.8500 3.07123241
4955.9000 3.08222084
4955.9500 3.08510901
4956.0000 3.08668885
4956.0500 3.08826869
4956.1000 3.08984853
4956.1500 3.08465044
4956.2000 3.07128246
4956.2500 3.05791448
4956.3000 3.04454649
4956.3500 3.03218688
4956.4000 3.040199
4956.4500 3.04821111
4956.5000 3.05622322
4956.5500 3.06423534
4956.6000 3.07478168
4956.6500 3.08674047
4956.7000 3.09869926
4956.7500 3.11065805
4956.8000 3.11869429
4956.8500 3.11419266
4956.9000 3.10969103
4956.9500 3.1051894
4957.0000 3.10068776
4957.0500 3.08360698
4957.1000 3.06405341
4957.1500 3.04449984
4957.2000 3.02494627
4957.2500 3.0139096
4957.3000 3.01396389
4957.3500 3.01401819
4957.4000 3.01407248
4957.4500 3.01373201
4957.5000 3.00225621
4957.5500 2.9907804
4957.6000 2.9793046
4957.6500 2.96782879
4957.7000 2.97303452
4957.7500 2.98781458
4957.8000 3.00259464
4957.8500 3.0173747
4957.9000 3.02375346
4957.9500 3.00318707
4958.0000 2.98262068
4958.0500 2.96205429
4958.1000 2.9414879
4958.1500 2.92867743
4958.2000 2.91733048
4958.2500 2.90598353
4958.3000 2.89463658
4958.3500 2.88788854
4958.4000 2.88685163
4958.4500 2.88581471
4958.5000 2.8847778
4958.5500 2.88397762
4958.6000 2.88748463
4958.6500 2.89099164
4958.7000 2.89449865
4958.7500 2.89800566
4958.8000 2.89755375
4958.8500 2.89505668
4958.9000 2.89255961
4958.9500 2.89006253
4959.0000 2.88670373
4959.0500 2.88098978
4959.1000 2.87527583
4959.1500 2.86956187
4959.2000 2.86384792
4959.2500 2.87244403
4959.3000 2.88303564
4959.3500 2.89362726
4959.4000 2.90421888
4959.4500 2.90646678
4959.5000 2.89998135
4959.5500 2.89349592
4959.6000 2.88701049
4959.6500 2.88220702
4959.7000 2.89240715
4959.7500 2.90260728
4959.8000 2.91280741
4959.8500 2.92300754
4959.9000 2.92263073
4959.9500 2.91802241
4960.0000 2.91341409
4960.0500 2.90880577
4960.1000 2.90433004
4960.1500 2.90012484
4960.2000 2.89591963
4960.2500 2.89171443
4960.3000 2.88750922
4960.3500 2.90479546
4960.4000 2.92333608
4960.4500 2.9418767
4960.5000 2.96041732
4960.5500 2.97520516
4960.6000 2.98706834
4960.6500 2.99893153
4960.7000 3.01079471
4960.7500 3.01747899
4960.8000 3.00063472
4960.8500 2.98379045
4960.9000 2.96694618
4960.9500 2.95010191
4961.0000 2.95828957
4961.0500 2.97273387
4961.1000 2.98717817
4961.1500 3.00162247
4961.2000 3.02169768
4961.2500 3.04952009
4961.3000 3.0773425
4961.3500 3.10516491
4961.4000 3.13251462
4961.4500 3.14934762
4961.5000 3.16618062
4961.5500 3.18301362
4961.6000 3.19984662
4961.6500 3.20792483
4961.7000 3.21161962
4961.7500 3.21531442
4961.8000 3.21900922
4961.8500 3.21390378
4961.9000 3.18735198
4961.9500 3.16080018
4962.0000 3.13424837
4962.0500 3.10769657
4962.1000 3.12119045
4962.1500 3.13831957
4962.2000 3.15544869
4962.2500 3.17257781
4962.3000 3.18383561
4962.3500 3.19016881
4962.4000 3.19650201
4962.4500 3.20283521
4962.5000 3.20798261
4962.5500 3.20742781
4962.6000 3.20687301
4962.6500 3.20631821
4962.7000 3.20576341
4962.7500 3.19983293
4962.8000 3.19257283
4962.8500 3.18531273
4962.9000 3.17805264
4962.9500 3.18168794
4963.0000 3.19961966
4963.0500 3.21755139
4963.1000 3.23548311
4963.1500 3.25183039
4963.2000 3.2452091
4963.2500 3.23858781
4963.3000 3.23196651
4963.3500 3.22534522
4963.4000 3.2193968
4963.4500 3.21373977
4963.5000 3.20808273
4963.5500 3.2024257
4963.6000 3.19626523
4963.6500 3.18909335
4963.7000 3.18192147
4963.7500 3.17474959
4963.8000 3.16757771
4963.8500 3.15964874
4963.9000 3.15169482
4963.9500 3.14374089
4964.0000 3.13578697
4964.0500 3.13275167
4964.1000 3.13292638
4964.1500 3.13310108
4964.2000 3.13327579
4964.2500 3.1337541
4964.3000 3.13517641
4964.3500 3.13659873
4964.4000 3.13802104
4964.4500 3.13944335
4964.5000 3.13933186
4964.5500 3.13901684
4964.6000 3.13870182
4964.6500 3.13838679
4964.7000 3.1429155
4964.7500 3.15185151
4964.8000 3.16078751
4964.8500 3.16972352
4964.9000 3.17539088
4964.9500 3.16458567
4965.0000 3.15378046
4965.0500 3.14297524
4965.1000 3.13217003
4965.1500 3.14248588
4965.2000 3.15779449
4965.2500 3.17310309
4965.3000 3.1884117
4965.3500 3.19471909
4965.4000 3.19017004
4965.4500 3.18562098
4965.5000 3.18107192
4965.5500 3.17839949
4965.6000 3.19280376
4965.6500 3.20720802
4965.7000 3.22161229
4965.7500 3.23601655
4965.8000 3.23968485
4965.8500 3.23969747
4965.9000 3.2397101
4965.9500 3.23972272
4966.0000 3.22960694
4966.0500 3.20392646
4966.1000 3.17824598
4966.1500 3.15256551
4966.2000 3.12929441
4966.2500 3.15877902
4966.3000 3.18826364
4966.3500 3.21774825
4966.4000 3.24723286
4966.4500 3.22879146
4966.5000 3.18925752
4966.5500 3.14972358
4966.6000 3.11018965
4966.6500 3.0912901
4966.7000 3.11133118
4966.7500 3.13137226
4966.8000 3.15141335
4966.8500 3.17145443
4966.9000 3.16948212
4966.9500 3.16750045
4967.0000 3.16551878
4967.0500 3.16353711
4967.1000 3.15521825
4967.1500 3.14354728
4967.2000 3.13187631
4967.2500 3.12020534
4967.3000 3.10933745
4967.3500 3.10025907
4967.4000 3.09118069
4967.4500 3.08210231
4967.5000 3.07302393
4967.5500 3.09845879
4967.6000 3.1250817
4967.6500 3.1517046
4967.7000 3.1783275
4967.7500 3.1788185
4967.8000 3.16362636
4967.8500 3.14843421
4967.9000 3.13324207
4967.9500 3.12223347
4968.0000 3.12175093
4968.0500 3.12126839
4968.1000 3.12078585
4968.1500 3.12030331
4968.2000 3.11818027
4968.2500 3.11596198
4968.3000 3.1137437
4968.3500 3.11152542
4968.4000 3.10261597
4968.4500 3.08937621
4968.5000 3.07613645
4968.5500 3.0628967
4968.6000 3.05696325
4968.6500 3.07075106
4968.7000 3.08453886
4968.7500 3.09832666
4968.8000 3.11211446
4968.8500 3.10122557
4968.9000 3.08861573
4968.9500 3.0760059
4969.0000 3.06339606
4969.0500 3.05363864
4969.1000 3.04577855
4969.1500 3.03791847
4969.2000 3.03005838
4969.2500 3.02904794
4969.3000 3.04679149
4969.3500 3.06453505
4969.4000 3.0822786
4969.4500 3.10002216
4969.5000 3.09696046
4969.5500 3.09247063
4969.6000 3.08798081
4969.6500 3.08349099
4969.7000 3.09998916
4969.7500 3.1301752
4969.8000 3.16036124
4969.8500 3.19054728
4969.9000 3.20383253
4969.9500 3.17278682
4970.0000 3.14174111
4970.0500 3.1106954
4970.1000 3.07964969
4970.1500 3.08351016
4970.2000 3.08928453
4970.2500 3.09505889
4970.3000 3.10083326
4970.3500 3.1061245
4970.4000 3.11112125
4970.4500 3.116118
4970.5000 3.12111475
4970.5500 3.12849442
4970.6000 3.14154694
4970.6500 3.15459947
4970.7000 3.167652
4970.7500 3.18070452
4970.8000 3.16576033
4970.8500 3.14999715
4970.9000 3.13423397
4970.9500 3.11847079
4971.0000 3.10753969
4971.0500 3.09922637
4971.1000 3.09091306
4971.1500 3.08259974
4971.2000 3.07805304
4971.2500 3.08126183
4971.3000 3.08447062
4971.3500 3.08767941
4971.4000 3.09090697
4971.4500 3.09702447
4971.5000 3.10314196
4971.5500 3.10925946
4971.6000 3.11537696
4971.6500 3.11779397
4971.7000 3.11852708
4971.7500 3.11926019
4971.8000 3.1199933
4971.8500 3.12137701
4971.9000 3.12387172
4971.9500 3.12636643
4972.0000 3.12886114
4972.0500 3.13137699
4972.1000 3.13427304
4972.1500 3.13716909
4972.2000 3.14006513
4972.2500 3.14296118
4972.3000 3.14577714
4972.3500 3.14856456
4972.4000 3.15135198
4972.4500 3.1541394
4972.5000 3.15698543
4972.5500 3.15991139
4972.6000 3.16283735
4972.6500 3.16576331
4972.7000 3.16822125
4972.7500 3.16690007
4972.8000 3.16557889
4972.8500 3.1642577
4972.9000 3.16293652
4972.9500 3.17036742
4973.0000 3.18000597
4973.0500 3.18964453
4973.1000 3.19928309
4973.1500 3.20579748
4973.2000 3.20903665
4973.2500 3.21227582
4973.3000 3.21551498
4973.3500 3.21981144
4973.4000 3.22895429
4973.4500 3.23809715
4973.5000 3.24724
4973.5500 3.25638286
4973.6000 3.23361783
4973.6500 3.20613735
4973.7000 3.17865687
4973.7500 3.1511764
4973.8000 3.14743545
4973.8500 3.16199696
4973.9000 3.17655847
4973.9500 3.19111999
4974.0000 3.20176569
4974.0500 3.20122826
4974.1000 3.20069084
4974.1500 3.20015342
4974.2000 3.199616
4974.2500 3.19255385
4974.3000 3.18518632
4974.3500 3.1778188
4974.4000 3.17045127
4974.4500 3.17475757
4974.5000 3.18528104
4974.5500 3.1958045
4974.6000 3.20632797
4974.6500 3.21435714
4974.7000 3.21777374
4974.7500 3.22119035
4974.8000 3.22460696
4974.8500 3.22839268
4974.9000 3.23908824
4974.9500 3.2497838
4975.0000 3.26047936
4975.0500 3.27117491
4975.1000 3.26682869
4975.1500 3.25751427
4975.2000 3.24819985
4975.2500 3.23888543
4975.3000 3.23163225
4975.3500 3.22685817
4975.4000 3.2220841
4975.4500 3.21731003
4975.5000 3.21210874
4975.5500 3.20462252
4975.6000 3.19713629
4975.6500 3.18965006
4975.7000 3.18216384
4975.7500 3.16817359
4975.8000 3.15314491
4975.8500 3.13811624
4975.9000 3.12308756
4975.9500 3.12592195
4976.0000 3.14232065
4976.0500 3.15871935
4976.1000 3.17511805
4976.1500 3.1894933
4976.2000 3.19855347
4976.2500 3.20761365
4976.3000 3.21667382
4976.3500 3.225734
4976.4000 3.21523385
4976.4500 3.2044224
4976.5000 3.19361095
4976.5500 3.1827995
4976.6000 3.18914205
4976.6500 3.20304078
4976.7000 3.21693952
4976.7500 3.23083825
4976.8000 3.23526178
4976.8500 3.22578517
4976.9000 3.21630855
4976.9500 3.20683194
4977.0000 3.19848227
4977.0500 3.19857545
4977.1000 3.19866862
4977.1500 3.19876179
4977.2000 3.19885496
4977.2500 3.18618661
4977.3000 3.17093114
4977.3500 3.15567566
4977.4000 3.14042018
4977.4500 3.15060939
4977.5000 3.18192231
4977.5500 3.21323522
4977.6000 3.24454814
4977.6500 3.2631385
4977.7000 3.24600583
4977.7500 3.22887316
4977.8000 3.2117405
4977.8500 3.19460783
4977.9000 3.20427224
4977.9500 3.21448052
4978.0000 3.22468879
4978.0500 3.23489707
4978.1000 3.23313011
4978.1500 3.22620329
4978.2000 3.21927647
4978.2500 3.21234965
4978.3000 3.21327971
4978.3500 3.22510855
4978.4000 3.23693739
4978.4500 3.24876623
4978.5000 3.25707407
4978.5500 3.24379143
4978.6000 3.23050879
4978.6500 3.21722614
4978.7000 3.2039435
4978.7500 3.19751379
4978.8000 3.19217386
4978.8500 3.18683393
4978.9000 3.181494
4978.9500 3.17339254
4979.0000 3.1633453
4979.0500 3.15329805
4979.1000 3.14325081
4979.1500 3.13545885
4979.2000 3.1326453
4979.2500 3.12983176
4979.3000 3.12701822
4979.3500 3.12455119
4979.4000 3.1308148
4979.4500 3.13707842
4979.5000 3.14334203
4979.5500 3.14960564
4979.6000 3.1588405
4979.6500 3.16898379
4979.7000 3.17912707
4979.7500 3.18927036
4979.8000 3.18946736
4979.8500 3.17950898
4979.9000 3.16955059
4979.9500 3.1595922
4980.0000 3.14978291
4980.0500 3.1404871
4980.1000 3.13119129
4980.1500 3.12189549
4980.2000 3.11259968
4980.2500 3.11586258
4980.3000 3.11969632
4980.3500 3.12353007
4980.4000 3.12736381
4980.4500 3.12502723
4980.5000 3.11990938
4980.5500 3.11479153
4980.6000 3.10967368
4980.6500 3.1042968
4980.7000 3.0985671
4980.7500 3.0928374
4980.8000 3.08710771
4980.8500 3.08297251
4980.9000 3.08729141
4980.9500 3.0916103
4981.0000 3.09592919
4981.0500 3.10024809
4981.1000 3.08336772
4981.1500 3.06400785
4981.2000 3.04464797
4981.2500 3.02528809
4981.3000 3.013624
4981.3500 3.00641851
4981.4000 2.99921302
4981.4500 2.99200753
4981.5000 2.99446109
4981.5500 3.01319772
4981.6000 3.03193435
4981.6500 3.05067098
4981.7000 3.06651905
4981.7500 3.05964127
4981.8000 3.05276349
4981.8500 3.04588572
4981.9000 3.03900794
4981.9500 3.02875663
4982.0000 3.01793083
4982.0500 3.00710504
4982.1000 2.99627925
4982.1500 2.99116541
4982.2000 2.98989957
4982.2500 2.98863373
4982.3000 2.98736789
4982.3500 2.9876628
4982.4000 2.99096369
4982.4500 2.99426457
4982.5000 2.99756546
4982.5500 3.00061439
4982.6000 3.00103001
4982.6500 3.00144563
4982.7000 3.00186125
4982.7500 3.00227686
4982.8000 2.99249142
4982.8500 2.98067795
4982.9000 2.96886448
4982.9500 2.95705101
4983.0000 2.9470841
4983.0500 2.93844188
4983.1000 2.92979965
4983.1500 2.92115743
4983.2000 2.91137701
4983.2500 2.89930323
4983.3000 2.88722945
4983.3500 2.87515568
4983.4000 2.86488996
4983.4500 2.8747675
4983.5000 2.88464504
4983.5500 2.89452258
4983.6000 2.90440012
4983.6500 2.90342188
4983.7000 2.90028808
4983.7500 2.89715428
4983.8000 2.89402048
4983.8500 2.89980712
4983.9000 2.91185498
4983.9500 2.92390284
4984.0000 2.9359507
4984.0500 2.93609547
4984.1000 2.91335025
4984.1500 2.89060502
4984.2000 2.86785979
4984.2500 2.84699999
4984.3000 2.84350851
4984.3500 2.84001702
4984.4000 2.83652553
4984.4500 2.83303405
4984.5000 2.83271958
4984.5500 2.83294381
4984.6000 2.83316803
4984.6500 2.83339226
4984.7000 2.83127394
4984.7500 2.82767926
4984.8000 2.82408458
4984.8500 2.8204899
4984.9000 2.82118635
4984.9500 2.82909378
4985.0000 2.83700122
4985.0500 2.84490866
4985.1000 2.84988656
4985.1500 2.83593601
4985.2000 2.82198546
4985.2500 2.8080349
4985.3000 2.79408435
4985.3500 2.80609543
4985.4000 2.82111137
4985.4500 2.83612731
4985.5000 2.85114325
4985.5500 2.8613095
4985.6000 2.86897508
4985.6500 2.87664065
4985.7000 2.88430622
4985.7500 2.87604658
4985.8000 2.84620564
4985.8500 2.8163647
4985.9000 2.78652376
4985.9500 2.76525707
4986.0000 2.780379
4986.0500 2.79550093
4986.1000 2.81062285
4986.1500 2.82574478
4986.2000 2.82718192
4986.2500 2.82802032
4986.3000 2.82885871
4986.3500 2.8296971
4986.4000 2.83812004
4986.4500 2.84939465
4986.5000 2.86066925
4986.5500 2.87194386
4986.6000 2.87662069
4986.6500 2.87461244
4986.7000 2.87260419
4986.7500 2.87059594
4986.8000 2.87013989
4986.8500 2.87392421
4986.9000 2.87770853
4986.9500 2.88149285
4987.0000 2.88542923
4987.0500 2.89296816
4987.1000 2.90050709
4987.1500 2.90804602
4987.2000 2.91558495
4987.2500 2.9209865
4987.3000 2.92590071
4987.3500 2.93081493
4987.4000 2.93572914
4987.4500 2.94351753
4987.5000 2.95330781
4987.5500 2.96309809
4987.6000 2.97288837
4987.6500 2.98364349
4987.7000 2.99607103
4987.7500 3.00849856
4987.8000 3.0209261
4987.8500 3.03104372
4987.9000 3.02738002
4987.9500 3.02371633
4988.0000 3.02005264
4988.0500 3.01638895
4988.1000 3.02449713
4988.1500 3.03359372
4988.2000 3.04269031
4988.2500 3.0517869
4988.3000 3.04808762
4988.3500 3.03897777
4988.4000 3.02986792
4988.4500 3.02075807
4988.5000 3.02357504
4988.5500 3.03908736
4988.6000 3.05459969
4988.6500 3.07011201
4988.7000 3.08494693
4988.7500 3.0979246
4988.8000 3.11090227
4988.8500 3.12387994
4988.9000 3.13556537
4988.9500 3.12340982
4989.0000 3.11125426
4989.0500 3.09909871
4989.1000 3.08694315
4989.1500 3.08549454
4989.2000 3.08613307
4989.2500 3.08677161
4989.3000 3.08741014
4989.3500 3.08070234
4989.4000 3.06956055
4989.4500 3.05841876
4989.5000 3.04727697
4989.5500 3.04528958
4989.6000 3.05638616
4989.6500 3.06748274
4989.7000 3.07857931
4989.7500 3.08738365
4989.8000 3.08707501
4989.8500 3.08676637
4989.9000 3.08645772
4989.9500 3.08614908
4990.0000 3.07465031
4990.0500 3.06305686
4990.1000 3.0514634
4990.1500 3.03986994
4990.2000 3.04885269
4990.2500 3.06352007
4990.3000 3.07818746
4990.3500 3.09285484
4990.4000 3.08659232
4990.4500 3.06497032
4990.5000 3.04334832
4990.5500 3.02172631
4990.6000 3.01879951
4990.6500 3.04753293
4990.7000 3.07626635
4990.7500 3.10499978
4990.8000 3.1271304
4990.8500 3.11634399
4990.9000 3.10555759
4990.9500 3.09477119
4991.0000 3.08398479
4991.0500 3.08309502
4991.1000 3.08257287
4991.1500 3.08205073
4991.2000 3.08152859
4991.2500 3.0721396
4991.3000 3.05999016
4991.3500 3.04784072
4991.4000 3.03569129
4991.4500 3.03793023
4991.5000 3.0513696
4991.5500 3.06480897
4991.6000 3.07824833
4991.6500 3.08478166
4991.7000 3.07921147
4991.7500 3.07364129
4991.8000 3.0680711
4991.8500 3.06558743
4991.9000 3.07865641
4991.9500 3.09172539
4992.0000 3.10479437
4992.0500 3.11786335
4992.1000 3.10987006
4992.1500 3.10120727
4992.2000 3.09254447
4992.2500 3.08388167
4992.3000 3.06973309
4992.3500 3.05398355
4992.4000 3.038234
4992.4500 3.02248446
4992.5000 3.01878043
4992.5500 3.0237887
4992.6000 3.02879696
4992.6500 3.03380523
4992.7000 3.03979353
4992.7500 3.04732905
4992.8000 3.05486457
4992.8500 3.06240008
4992.9000 3.06888912
4992.9500 3.07110138
4993.0000 3.07331364
4993.0500 3.07552589
4993.1000 3.07767162
4993.1500 3.06993372
4993.2000 3.06219581
4993.2500 3.05445791
4993.3000 3.04672
4993.3500 3.02860433
4993.4000 3.00818104
4993.4500 2.98775774
4993.5000 2.96733445
4993.5500 2.96752699
4993.6000 2.97978615
4993.6500 2.99204531
4993.7000 3.00430447
4993.7500 3.00545084
4993.8000 2.9927261
4993.8500 2.98000136
4993.9000 2.96727662
4993.9500 2.96200164
4994.0000 2.97791798
4994.0500 2.99383432
4994.1000 3.00975066
4994.1500 3.02446345
4994.2000 3.02469194
4994.2500 3.02492044
4994.3000 3.02514893
4994.3500 3.02537743
4994.4000 3.01763269
4994.4500 3.0089489
4994.5000 3.00026512
4994.5500 2.99158133
4994.6000 2.99576343
4994.6500 3.00510275
4994.7000 3.01444208
4994.7500 3.0237814
4994.8000 3.02928984
4994.8500 3.03146032
4994.9000 3.0336308
4994.9500 3.03580129
4995.0000 3.03769407
4995.0500 3.03908496
4995.1000 3.04047586
4995.1500 3.04186675
4995.2000 3.04213909
4995.2500 3.03729308
4995.3000 3.03244707
4995.3500 3.02760105
4995.4000 3.02280171
4995.4500 3.03029249
4995.5000 3.03778327
4995.5500 3.04527405
4995.6000 3.05276483
4995.6500 3.04104485
4995.7000 3.02537701
4995.7500 3.00970917
4995.8000 2.99404133
4995.8500 2.9908663
4995.9000 2.9942255
4995.9500 2.99758469
4996.0000 3.00094389
4996.0500 3.01177017
4996.1000 3.03052725
4996.1500 3.04928432
4996.2000 3.0680414
4996.2500 3.07579
4996.3000 3.05955621
4996.3500 3.04332241
4996.4000 3.02708862
4996.4500 3.0130918
4996.5000 3.01222347
4996.5500 3.01135513
4996.6000 3.0104868
4996.6500 3.00961846
4996.7000 3.01714738
4996.7500 3.02486636
4996.8000 3.03258533
4996.8500 3.0403043
4996.9000 3.04453911
4996.9500 3.04796438
4997.0000 3.05138966
4997.0500 3.05481494
4997.1000 3.05869483
4997.1500 3.06282346
4997.2000 3.06695209
4997.2500 3.07108072
4997.3000 3.06871844
4997.3500 3.05939642
4997.4000 3.05007439
4997.4500 3.04075236
4997.5000 3.0355372
4997.5500 3.03904541
4997.6000 3.04255362
4997.6500 3.04606184
4997.7000 3.05173675
4997.7500 3.06887854
4997.8000 3.08602034
4997.8500 3.10316214
4997.9000 3.12030393
4997.9500 3.08670733
4998.0000 3.05306325
4998.0500 3.01941916
4998.1000 2.98577507
4998.1500 2.99635811
4998.2000 3.01533293
4998.2500 3.03430776
4998.3000 3.05328259
4998.3500 3.06695785
4998.4000 3.07817663
4998.4500 3.08939541
4998.5000 3.10061419
4998.5500 3.10612274
4998.6000 3.10651353
4998.6500 3.10690431
4998.7000 3.10729509
4998.7500 3.09578587
4998.8000 3.06425151
4998.8500 3.03271715
4998.9000 3.00118279
4998.9500 2.98372165
4999.0000 3.01631719
4999.0500 3.04891273
4999.1000 3.08150827
4999.1500 3.11196703
4999.2000 3.11288933
4999.2500 3.11381164
4999.3000 3.11473395
4999.3500 3.11565625
4999.4000 3.09008536
4999.4500 3.06210995
4999.5000 3.03413453
4999.5500 3.00615911
4999.6000 2.99711002
4999.6500 2.99379641
4999.7000 2.9904828
4999.7500 2.98716919
4999.8000 2.99728684
4999.8500 3.01565782
4999.9000 3.0340288
4999.9500 3.05239978
5000.0000 3.05911367
5000.0500 3.0528221
5000.1000 3.04653052
5000.1500 3.04023895
5000.2000 3.03476713
5000.2500 3.03098054
5000.3000 3.02719394
5000.3500 3.02340734
5000.4000 3.01895712
5000.4500 3.01154721
5000.5000 3.0041373
5000.5500 2.99672739
5000.6000 2.98936123
5000.6500 2.98303482
5000.7000 2.97670841
5000.7500 2.970382
5000.8000 2.96405559
5000.8500 2.94757651
5000.9000 2.92995567
5000.9500 2.91233483
5001.0000 2.89471399
5001.0500 2.90496834
5001.1000 2.92408521
5001.1500 2.94320209
5001.2000 2.96231896
5001.2500 2.96004986
5001.3000 2.94466946
5001.3500 2.92928907
5001.4000 2.91390867
5001.4500 2.91627927
5001.5000 2.93769453
5001.5500 2.9591098
5001.6000 2.98052506
5001.6500 2.9924852
5001.7000 2.98659146
5001.7500 2.98069772
5001.8000 2.97480398
5001.8500 2.96653919
5001.9000 2.94942699
5001.9500 2.93231479
5002.0000 2.91520259
5002.0500 2.8990162
5002.1000 2.89380433
5002.1500 2.88859246
5002.2000 2.88338059
5002.2500 2.87816872
5002.3000 2.88669668
5002.3500 2.89601569
5002.4000 2.9053347
5002.4500 2.91465371
5002.5000 2.90165833
5002.5500 2.88358578
5002.6000 2.86551322
5002.6500 2.84744066
5002.7000 2.84238196
5002.7500 2.8433064
5002.8000 2.84423085
5002.8500 2.84515529
5002.9000 2.84315152
5002.9500 2.83881671
5003.0000 2.8344819
5003.0500 2.83014709
5003.1000 2.8267688
5003.1500 2.82465938
5003.2000 2.82254995
5003.2500 2.82044053
5003.3000 2.81908016
5003.3500 2.81943319
5003.4000 2.81978622
5003.4500 2.82013925
5003.5000 2.82019846
5003.5500 2.81891802
5003.6000 2.81763759
5003.6500 2.81635715
5003.7000 2.81481111
5003.7500 2.80886179
5003.8000 2.80291247
5003.8500 2.79696315
5003.9000 2.79101383
5003.9500 2.80488201
5004.0000 2.8201228
5004.0500 2.83536359
5004.1000 2.85060438
5004.1500 2.84845534
5004.2000 2.84235582
5004.2500 2.8362563
5004.3000 2.83015678
5004.3500 2.8244818
5004.4000 2.81899237
5004.4500 2.81350295
5004.5000 2.80801352
5004.5500 2.80851492
5004.6000 2.81338721
5004.6500 2.81825949
5004.7000 2.82313178
5004.7500 2.8303284
5004.8000 2.84023389
5004.8500 2.85013938
5004.9000 2.86004486
5004.9500 2.8823472
5005.0000 2.92800359
5005.0500 2.97365999
5005.1000 3.01931639
5005.1500 3.04662275
5005.2000 3.01353605
5005.2500 2.98044936
5005.3000 2.94736267
5005.3500 2.91658247
5005.4000 2.90261409
5005.4500 2.88864571
5005.5000 2.87467732
5005.5500 2.86089509
5005.6000 2.86636581
5005.6500 2.87183652
5005.7000 2.87730723
5005.7500 2.88277795
5005.8000 2.88495593
5005.8500 2.88676739
5005.9000 2.88857886
5005.9500 2.89039032
5006.0000 2.89343186
5006.0500 2.89679759
5006.1000 2.90016332
5006.1500 2.90352905
5006.2000 2.89493032
5006.2500 2.88081274
5006.3000 2.86669517
5006.3500 2.85257759
5006.4000 2.8413688
5006.4500 2.83227868
5006.5000 2.82318857
5006.5500 2.81409845
5006.6000 2.8209264
5006.6500 2.84540819
5006.7000 2.86988999
5006.7500 2.89437178
5006.8000 2.89800068
5006.8500 2.86628235
5006.9000 2.83456402
5006.9500 2.80284569
5007.0000 2.7821836
5007.0500 2.79152455
5007.1000 2.8008655
5007.1500 2.81020645
5007.2000 2.82040758
5007.2500 2.83484339
5007.3000 2.84927921
5007.3500 2.86371503
5007.4000 2.87479567
5007.4500 2.84110778
5007.5000 2.80741989
5007.5500 2.773732
5007.6000 2.74004412
5007.6500 2.75119957
5007.7000 2.76364977
5007.7500 2.77609998
5007.8000 2.78855018
5007.8500 2.78164107
5007.9000 2.77197864
5007.9500 2.7623162
5008.0000 2.75265376
5008.0500 2.75393961
5008.1000 2.75830685
5008.1500 2.7626741
5008.2000 2.76704134
5008.2500 2.76251328
5008.3000 2.7539245
5008.3500 2.74533572
5008.4000 2.73674694
5008.4500 2.74470541
5008.5000 2.7639683
5008.5500 2.78323118
5008.6000 2.80249407
5008.6500 2.80810214
5008.7000 2.80021807
5008.7500 2.792334
5008.8000 2.78444994
5008.8500 2.78651933
5008.9000 2.8027237
5008.9500 2.81892806
5009.0000 2.83513243
5009.0500 2.84294158
5009.1000 2.8332944
5009.1500 2.82364721
5009.2000 2.81400003
5009.2500 2.81100354
5009.3000 2.82934483
5009.3500 2.84768612
5009.4000 2.86602741
5009.4500 2.87843954
5009.5000 2.85773018
5009.5500 2.83702082
5009.6000 2.81631146
5009.6500 2.79656198
5009.7000 2.79009913
5009.7500 2.78363628
5009.8000 2.77717343
5009.8500 2.77071059
5009.9000 2.79250085
5009.9500 2.81474304
5010.0000 2.83698523
5010.0500 2.85922742
5010.1000 2.85767591
5010.1500 2.85355302
5010.2000 2.84943013
5010.2500 2.84530724
5010.3000 2.8483409
5010.3500 2.85292405
5010.4000 2.8575072
5010.4500 2.86209036
5010.5000 2.85153156
5010.5500 2.83573269
5010.6000 2.81993383
5010.6500 2.80413497
5010.7000 2.80444132
5010.7500 2.81285606
5010.8000 2.8212708
5010.8500 2.82968554
5010.9000 2.84778499
5010.9500 2.87265099
5011.0000 2.89751699
5011.0500 2.92238298
5011.1000 2.93914924
5011.1500 2.94824438
5011.2000 2.95733951
5011.2500 2.96643465
5011.3000 2.96438756
5011.3500 2.94814935
5011.4000 2.93191113
5011.4500 2.91567291
5011.5000 2.90908154
5011.5500 2.91910055
5011.6000 2.92911956
5011.6500 2.93913857
5011.7000 2.94455413
5011.7500 2.93903723
5011.8000 2.93352034
5011.8500 2.92800344
5011.9000 2.92095373
5011.9500 2.90867132
5012.0000 2.8963889
5012.0500 2.88410648
5012.1000 2.87462247
5012.1500 2.8800343
5012.2000 2.88544614
5012.2500 2.89085798
5012.3000 2.89586456
5012.3500 2.89682709
5012.4000 2.89778962
5012.4500 2.89875215
5012.5000 2.89931207
5012.5500 2.88439598
5012.6000 2.8694799
5012.6500 2.85456381
5012.7000 2.83964773
5012.7500 2.84984475
5012.8000 2.86106181
5012.8500 2.87227887
5012.9000 2.88349593
5012.9500 2.88321213
5013.0000 2.88162087
5013.0500 2.88002961
5013.1000 2.87843836
5013.1500 2.84696437
5013.2000 2.80963745
5013.2500 2.77231053
5013.3000 2.73498362
5013.3500 2.73370217
5013.4000 2.74283439
5013.4500 2.75196662
5013.5000 2.76109885
5013.5500 2.76950722
5013.6000 2.77762965
5013.6500 2.78575207
5013.7000 2.7938745
5013.7500 2.80532323
5013.8000 2.81849197
5013.8500 2.83166072
5013.9000 2.84482946
5013.9500 2.83538895
5014.0000 2.81105188
5014.0500 2.78671481
5014.1000 2.76237774
5014.1500 2.75496437
5014.2000 2.76151958
5014.2500 2.76807479
5014.3000 2.77463
5014.3500 2.78456248
5014.4000 2.79795176
5014.4500 2.81134103
5014.5000 2.82473031
5014.5500 2.82718331
5014.6000 2.8158232
5014.6500 2.8044631
5014.7000 2.79310299
5014.7500 2.7768621
5014.8000 2.75301673
5014.8500 2.72917136
5014.9000 2.70532599
5014.9500 2.69435192
5015.0000 2.70821786
5015.0500 2.72208381
5015.1000 2.73594975
5015.1500 2.7472842
5015.2000 2.75251158
5015.2500 2.75773897
5015.3000 2.76296635
5015.3500 2.76039278
5015.4000 2.73392509
5015.4500 2.7074574
5015.5000 2.68098971
5015.5500 2.66025265
5015.6000 2.66235925
5015.6500 2.66446585
5015.7000 2.66657245
5015.7500 2.66770717
5015.8000 2.66359673
5015.8500 2.6594863
5015.9000 2.65537587
5015.9500 2.65246673
5016.0000 2.65894542
5016.0500 2.6654241
5016.1000 2.67190278
5016.1500 2.67768856
5016.2000 2.67453224
5016.2500 2.67137591
5016.3000 2.66821958
5016.3500 2.66502921
5016.4000 2.66080006
5016.4500 2.65657091
5016.5000 2.65234176
5016.5500 2.64811261
5016.6000 2.66680573
5016.6500 2.68566281
5016.7000 2.70451988
5016.7500 2.72337696
5016.8000 2.69068453
5016.8500 2.6555864
5016.9000 2.62048826
5016.9500 2.58539013
5017.0000 2.60063114
5017.0500 2.62029247
5017.1000 2.6399538
5017.1500 2.65961513
5017.2000 2.63516604
5017.2500 2.60495642
5017.3000 2.57474681
5017.3500 2.5445372
5017.4000 2.58227228
5017.4500 2.63189839
5017.5000 2.6815245
5017.5500 2.73115062
5017.6000 2.731318
5017.6500 2.72055285
5017.7000 2.70978769
5017.7500 2.69902254
5017.8000 2.6938852
5017.8500 2.6902598
5017.9000 2.68663439
5017.9500 2.68300898
5018.0000 2.6901565
5018.0500 2.70072736
5018.1000 2.71129823
5018.1500 2.72186909
5018.2000 2.70441277
5018.2500 2.67663364
5018.3000 2.6488545
5018.3500 2.62107537
5018.4000 2.62505044
5018.4500 2.6423672
5018.5000 2.65968397
5018.5500 2.67700073
5018.6000 2.69517384
5018.6500 2.71375213
5018.7000 2.73233041
5018.7500 2.7509087
5018.8000 2.73824229
5018.8500 2.70910799
5018.9000 2.67997369
5018.9500 2.65083939
5019.0000 2.6507136
5019.0500 2.66746181
5019.1000 2.68421003
5019.1500 2.70095824
5019.2000 2.67873428
5019.2500 2.63169518
5019.3000 2.58465607
5019.3500 2.53761697
5019.4000 2.5212097
5019.4500 2.52599574
5019.5000 2.53078177
5019.5500 2.53556781
5019.6000 2.5431336
5019.6500 2.55277505
5019.7000 2.5624165
5019.7500 2.57205794
5019.8000 2.58680021
5019.8500 2.60562723
5019.9000 2.62445424
5019.9500 2.64328126
5020.0000 2.63103719
5020.0500 2.59226801
5020.1000 2.55349883
5020.1500 2.51472965
5020.2000 2.50739863
5020.2500 2.52851431
5020.3000 2.54962999
5020.3500 2.57074566
5020.4000 2.58275936
5020.4500 2.5860924
5020.5000 2.58942544
5020.5500 2.59275848
5020.6000 2.59561388
5020.6500 2.59799178
5020.7000 2.60036968
5020.7500 2.60274758
5020.8000 2.60134365
5020.8500 2.59599812
5020.9000 2.59065259
5020.9500 2.58530705
5021.0000 2.57652578
5021.0500 2.56403135
5021.1000 2.55153692
5021.1500 2.53904249
5021.2000 2.53491874
5021.2500 2.54012517
5021.3000 2.5453316
5021.3500 2.55053803
5021.4000 2.55090734
5021.4500 2.54574606
5021.5000 2.54058478
5021.5500 2.5354235
5021.6000 2.53687392
5021.6500 2.54603695
5021.7000 2.55519998
5021.7500 2.56436301
5021.8000 2.57070911
5021.8500 2.57372095
5021.9000 2.57673279
5021.9500 2.57974463
5022.0000 2.59051219
5022.0500 2.61054392
5022.1000 2.63057565
5022.1500 2.65060738
5022.2000 2.66184562
5022.2500 2.66254177
5022.3000 2.66323793
5022.3500 2.66393408
5022.4000 2.67400589
5022.4500 2.69529704
5022.5000 2.71658819
5022.5500 2.73787933
5022.6000 2.74233758
5022.6500 2.72679997
5022.7000 2.71126236
5022.7500 2.69572475
5022.8000 2.68678632
5022.8500 2.6855873
5022.9000 2.68438828
5022.9500 2.68318926
5023.0000 2.68172314
5023.0500 2.67994945
5023.1000 2.67817575
5023.1500 2.67640206
5023.2000 2.684782
5023.2500 2.70458033
5023.3000 2.72437867
5023.3500 2.74417701
5023.4000 2.75385991
5023.4500 2.75249415
5023.5000 2.7511284
5023.5500 2.74976264
5023.6000 2.74514351
5023.6500 2.73709161
5023.7000 2.7290397
5023.7500 2.7209878
5023.8000 2.72322856
5023.8500 2.73590391
5023.9000 2.74857926
5023.9500 2.7612546
5024.0000 2.77355305
5024.0500 2.78548636
5024.1000 2.79741968
5024.1500 2.809353
5024.2000 2.81236221
5024.2500 2.80715545
5024.3000 2.80194868
5024.3500 2.79674191
5024.4000 2.78688556
5024.4500 2.77298382
5024.5000 2.75908207
5024.5500 2.74518033
5024.6000 2.74991415
5024.6500 2.76988313
5024.7000 2.7898521
5024.7500 2.80982107
5024.8000 2.81964848
5024.8500 2.82173157
5024.9000 2.82381466
5024.9500 2.82589775
5025.0000 2.81863854
5025.0500 2.80475733
5025.1000 2.79087612
5025.1500 2.77699492
5025.2000 2.7661495
5025.2500 2.7572882
5025.3000 2.74842691
5025.3500 2.73956561
5025.4000 2.74046837
5025.4500 2.74721289
5025.5000 2.75395742
5025.5500 2.76070194
5025.6000 2.78989543
5025.6500 2.83128596
5025.7000 2.87267649
5025.7500 2.91406702
5025.8000 2.91877319
5025.8500 2.90554182
5025.9000 2.89231044
5025.9500 2.87907906
5026.0000 2.87187943
5026.0500 2.86730657
5026.1000 2.86273371
5026.1500 2.85816085
5026.2000 2.84886788
5026.2500 2.83776666
5026.3000 2.82666544
5026.3500 2.81556422
5026.4000 2.81606321
5026.4500 2.82041301
5026.5000 2.82476281
5026.5500 2.8291126
5026.6000 2.82847205
5026.6500 2.82642316
5026.7000 2.82437427
5026.7500 2.82232538
5026.8000 2.8340185
5026.8500 2.84892672
5026.9000 2.86383493
5026.9500 2.87874314
5027.0000 2.88264357
5027.0500 2.88448254
5027.1000 2.88632151
5027.1500 2.88816049
5027.2000 2.88037923
5027.2500 2.87123
5027.3000 2.86208077
5027.3500 2.85293154
5027.4000 2.85743306
5027.4500 2.86328278
5027.5000 2.86913249
5027.5500 2.8749822
5027.6000 2.86440758
5027.6500 2.85289717
5027.7000 2.84138675
5027.7500 2.82987633
5027.8000 2.81798358
5027.8500 2.80608439
5027.9000 2.7941852
5027.9500 2.78230993
5028.0000 2.77148959
5028.0500 2.76066926
5028.1000 2.74984892
5028.1500 2.73902895
5028.2000 2.72821455
5028.2500 2.71740015
5028.3000 2.70658575
5028.3500 2.69741441
5028.4000 2.7024381
5028.4500 2.70746179
5028.5000 2.71248549
5028.5500 2.71507554
5028.6000 2.70349709
5028.6500 2.69191863
5028.7000 2.68034018
5028.7500 2.67407712
5028.8000 2.69035661
5028.8500 2.7066361
5028.9000 2.72291559
5028.9500 2.7307735
5029.0000 2.71142814
5029.0500 2.69208278
5029.1000 2.67273741
5029.1500 2.65750869
5029.2000 2.65269109
5029.2500 2.64787349
5029.3000 2.64305589
5029.3500 2.64323545
5029.4000 2.65348288
5029.4500 2.6637303
5029.5000 2.67397773
5029.5500 2.68786185
5029.6000 2.7076438
5029.6500 2.72742575
5029.7000 2.74720769
5029.7500 2.75132974
5029.8000 2.73490535
5029.8500 2.71848096
5029.9000 2.70205657
5029.9500 2.69862988
5030.0000 2.70900549
5030.0500 2.71938111
5030.1000 2.72975672
5030.1500 2.73333754
5030.2000 2.73110301
5030.2500 2.72886848
5030.3000 2.72663396
5030.3500 2.71496348
5030.4000 2.69684512
5030.4500 2.67872677
5030.5000 2.66060841
5030.5500 2.67065431
5030.6000 2.69582143
5030.6500 2.72098856
5030.7000 2.74615569
5030.7500 2.7517342
5030.8000 2.74925889
5030.8500 2.74678358
5030.9000 2.74430826
5030.9500 2.73476013
5031.0000 2.72307543
5031.0500 2.71139074
5031.1000 2.69970604
5031.1500 2.70420377
5031.2000 2.71204564
5031.2500 2.7198875
5031.3000 2.72772937
5031.3500 2.73871455
5031.4000 2.75008482
5031.4500 2.7614551
5031.5000 2.77282538
5031.5500 2.74922587
5031.6000 2.72395374
5031.6500 2.69868161
5031.7000 2.67407172
5031.7500 2.6832384
5031.8000 2.69240507
5031.8500 2.70157174
5031.9000 2.71046355
5031.9500 2.71641492
5032.0000 2.72236628
5032.0500 2.72831765
5032.1000 2.73395538
5032.1500 2.7378585
5032.2000 2.74176163
5032.2500 2.74566476
5032.3000 2.73829553
5032.3500 2.69145534
5032.4000 2.64461515
5032.4500 2.59777497
5032.5000 2.57347516
5032.5500 2.60368398
5032.6000 2.6338928
5032.6500 2.66410161
5032.7000 2.68200089
5032.7500 2.67842288
5032.8000 2.67484486
5032.8500 2.67126685
5032.9000 2.66828013
5032.9500 2.66605365
5033.0000 2.66382717
5033.0500 2.66160069
5033.1000 2.66075828
5033.1500 2.66123484
5033.2000 2.6617114
5033.2500 2.66218796
5033.3000 2.67619024
5033.3500 2.69967059
5033.4000 2.72315094
5033.4500 2.74663129
5033.5000 2.74522175
5033.5500 2.73129022
5033.6000 2.7173587
5033.6500 2.70342717
5033.7000 2.70068739
5033.7500 2.70179865
5033.8000 2.7029099
5033.8500 2.70402115
5033.9000 2.68763068
5033.9500 2.66750405
5034.0000 2.64737742
5034.0500 2.62725078
5034.1000 2.62424073
5034.1500 2.62301595
5034.2000 2.62179117
5034.2500 2.62056639
5034.3000 2.63279159
5034.3500 2.64517454
5034.4000 2.6575575
5034.4500 2.66904758
5034.5000 2.6691401
5034.5500 2.66923263
5034.6000 2.66932516
5034.6500 2.66759263
5034.7000 2.65615431
5034.7500 2.644716
5034.8000 2.63327769
5034.8500 2.6278323
5034.9000 2.64082585
5034.9500 2.65381941
5035.0000 2.66681296
5035.0500 2.6733516
5035.1000 2.66700132
5035.1500 2.66065104
5035.2000 2.65430077
5035.2500 2.66262833
5035.3000 2.69093788
5035.3500 2.71924743
5035.4000 2.74755698
5035.4500 2.73589056
5035.5000 2.68652564
5035.5500 2.63716073
5035.6000 2.58779581
5035.6500 2.58127582
5035.7000 2.60246931
5035.7500 2.6236628
5035.8000 2.6448563
5035.8500 2.63848708
5035.9000 2.62037159
5035.9500 2.6022561
5036.0000 2.58414062
5036.0500 2.59813893
5036.1000 2.62034083
5036.1500 2.64254274
5036.2000 2.66474464
5036.2500 2.65760291
5036.3000 2.64695472
5036.3500 2.63630652
5036.4000 2.62565832
5036.4500 2.61508278
5036.5000 2.60450788
5036.5500 2.59393297
5036.6000 2.5868986
5036.6500 2.61527523
5036.7000 2.64365185
5036.7500 2.67202848
5036.8000 2.6948942
5036.8500 2.69453832
5036.9000 2.69418243
5036.9500 2.69382655
5037.0000 2.68572193
5037.0500 2.65901847
5037.1000 2.63231501
5037.1500 2.60561155
5037.2000 2.59407332
5037.2500 2.60549413
5037.3000 2.61691495
5037.3500 2.62833576
5037.4000 2.61956036
5037.4500 2.59081883
5037.5000 2.56207729
5037.5500 2.53333575
5037.6000 2.52395782
5037.6500 2.52699445
5037.7000 2.53003109
5037.7500 2.53306773
5037.8000 2.51629842
5037.8500 2.49171946
5037.9000 2.4671405
5037.9500 2.44256154
5038.0000 2.45922648
5038.0500 2.48455179
5038.1000 2.50987711
5038.1500 2.53520243
5038.2000 2.52606565
5038.2500 2.51461618
5038.3000 2.50316672
5038.3500 2.49421306
5038.4000 2.53353406
5038.4500 2.57285506
5038.5000 2.61217606
5038.5500 2.63512744
5038.6000 2.57377408
5038.6500 2.51242072
5038.7000 2.45106735
5038.7500 2.41794129
5038.8000 2.45833158
5038.8500 2.49872187
5038.9000 2.53911216
5038.9500 2.56614226
5039.0000 2.57259474
5039.0500 2.57904722
5039.1000 2.5854997
5039.1500 2.56344407
5039.2000 2.51413975
5039.2500 2.46483543
5039.3000 2.41553111
5039.3500 2.43437046
5039.4000 2.49317629
5039.4500 2.55198213
5039.5000 2.61078796
5039.5500 2.57791192
5039.6000 2.51459523
5039.6500 2.45127855
5039.7000 2.38796186
5039.7500 2.39466126
5039.8000 2.41158729
5039.8500 2.42851332
5039.9000 2.44543935
5039.9500 2.47117545
5040.0000 2.49694899
5040.0500 2.52272254
5040.1000 2.53961749
5040.1500 2.49163643
5040.2000 2.44365538
5040.2500 2.39567432
5040.3000 2.36874298
5040.3500 2.40619423
5040.4000 2.44364548
5040.4500 2.48109673
5040.5000 2.51065895
5040.5500 2.52700523
5040.6000 2.5433515
5040.6500 2.55969778
5040.7000 2.55366076
5040.7500 2.52547272
5040.8000 2.49728468
5040.8500 2.46909664
5040.9000 2.44874226
5040.9500 2.43293329
5041.0000 2.41712432
5041.0500 2.40131535
5041.1000 2.42570921
5041.1500 2.46249264
5041.2000 2.49927607
5041.2500 2.5360595
5041.3000 2.49899741
5041.3500 2.45349535
5041.4000 2.40799328
5041.4500 2.36372205
5041.5000 2.35687775
5041.5500 2.35003344
5041.6000 2.34318914
5041.6500 2.3418065
5041.7000 2.36754019
5041.7500 2.39327389
5041.8000 2.41900758
5041.8500 2.43173451
5041.9000 2.41480352
5041.9500 2.39787252
5042.0000 2.38094152
5042.0500 2.36160862
5042.1000 2.3392615
5042.1500 2.31691437
5042.2000 2.29456725
5042.2500 2.28591762
5042.3000 2.28704565
5042.3500 2.28817369
5042.4000 2.28930172
5042.4500 2.2954768
5042.5000 2.30356716
5042.5500 2.31165753
5042.6000 2.31974789
5042.6500 2.32425267
5042.7000 2.32821087
5042.7500 2.33216908
5042.8000 2.33619993
5042.8500 2.3462358
5042.9000 2.35627167
5042.9500 2.36630754
5043.0000 2.36961081
5043.0500 2.33692247
5043.1000 2.30423414
5043.1500 2.2715458
5043.2000 2.24927929
5043.2500 2.25080391
5043.3000 2.25232852
5043.3500 2.25385314
5043.4000 2.25575874
5043.4500 2.25812428
5043.5000 2.26048982
5043.5500 2.26285536
5043.6000 2.29002863
5043.6500 2.33354162
5043.7000 2.37705461
5043.7500 2.4205676
5043.8000 2.39452868
5043.8500 2.3458158
5043.9000 2.29710292
5043.9500 2.24839005
5044.0000 2.28186929
5044.0500 2.32379588
5044.1000 2.36572248
5044.1500 2.40446417
5044.2000 2.39406318
5044.2500 2.38366219
5044.3000 2.3732612
5044.3500 2.36675707
5044.4000 2.37436931
5044.4500 2.38198155
5044.5000 2.38959379
5044.5500 2.4004538
5044.6000 2.4167683
5044.6500 2.43308281
5044.7000 2.44939732
5044.7500 2.46063319
5044.8000 2.46739228
5044.8500 2.47415138
5044.9000 2.48091047
5044.9500 2.46916586
5045.0000 2.44915395
5045.0500 2.42914204
5045.1000 2.40913013
5045.1500 2.40388827
5045.2000 2.40120632
5045.2500 2.39852436
5045.3000 2.39559388
5045.3500 2.37611299
5045.4000 2.3566321
5045.4500 2.33715122
5045.5000 2.32652281
5045.5500 2.35657661
5045.6000 2.38663041
5045.6500 2.41668421
5045.7000 2.45640051
5045.7500 2.51453962
5045.8000 2.57267873
5045.8500 2.63081784
5045.9000 2.66135441
5045.9500 2.6654535
5046.0000 2.66955259
5046.0500 2.67365168
5046.1000 2.64756282
5046.1500 2.60719781
5046.2000 2.5668328
5046.2500 2.52646778
5046.3000 2.52782831
5046.3500 2.53663961
5046.4000 2.54545091
5046.4500 2.55370695
5046.5000 2.53398491
5046.5500 2.51426287
5046.6000 2.49454083
5046.6500 2.48696579
5046.7000 2.53056112
5046.7500 2.57415645
5046.8000 2.61775178
5046.8500 2.62126788
5046.9000 2.55524893
5046.9500 2.48922998
5047.0000 2.42321103
5047.0500 2.41136085
5047.1000 2.44549737
5047.1500 2.47963389
5047.2000 2.51377042
5047.2500 2.53246401
5047.3000 2.54507634
5047.3500 2.55768866
5047.4000 2.57030098
5047.4500 2.59357257
5047.5000 2.61808801
5047.5500 2.64260344
5047.6000 2.66142399
5047.6500 2.60995794
5047.7000 2.55849188
5047.7500 2.50702583
5047.8000 2.4702588
5047.8500 2.47625262
5047.9000 2.48224645
5047.9500 2.48824027
5048.0000 2.48544557
5048.0500 2.47137843
5048.1000 2.4573113
5048.1500 2.44324416
5048.2000 2.47155581
5048.2500 2.52564548
5048.3000 2.57973515
5048.3500 2.63382482
5048.4000 2.60113721
5048.4500 2.54768172
5048.5000 2.49422622
5048.5500 2.44077073
5048.6000 2.4729821
5048.6500 2.50576129
5048.7000 2.53854049
5048.7500 2.56261899
5048.8000 2.54742231
5048.8500 2.53222563
5048.9000 2.51702895
5048.9500 2.50726856
5049.0000 2.50673631
5049.0500 2.50620406
5049.1000 2.50567181
5049.1500 2.48728226
5049.2000 2.45494641
5049.2500 2.42261055
5049.3000 2.3902747
5049.3500 2.4044738
5049.4000 2.43388176
5049.4500 2.46328972
5049.5000 2.49269768
5049.5500 2.45261959
5049.6000 2.40867492
5049.6500 2.36473024
5049.7000 2.33231753
5049.7500 2.36940378
5049.8000 2.40649002
5049.8500 2.44357627
5049.9000 2.47220063
5049.9500 2.48430803
5050.0000 2.49641543
5050.0500 2.50852283
5050.1000 2.47966251
5050.1500 2.41542705
5050.2000 2.35119159
5050.2500 2.28695613
5050.3000 2.29756284
5050.3500 2.33502706
5050.4000 2.37249127
5050.4500 2.40995548
5050.5000 2.4050915
5050.5500 2.39736317
5050.6000 2.38963484
5050.6500 2.38151876
5050.7000 2.37099575
5050.7500 2.36047274
5050.8000 2.34994972
5050.8500 2.34469007
5050.9000 2.34954389
5050.9500 2.35439771
5051.0000 2.35925153
5051.0500 2.36970873
5051.1000 2.38480153
5051.1500 2.39989434
5051.2000 2.41498714
5051.2500 2.38344718
5051.3000 2.33666404
5051.3500 2.2898809
5051.4000 2.24309776
5051.4500 2.24551044
5051.5000 2.24989507
5051.5500 2.25427971
5051.6000 2.25533262
5051.6500 2.2401987
5051.7000 2.22506478
5051.7500 2.20993086
5051.8000 2.21753744
5051.8500 2.26203479
5051.9000 2.30653214
5051.9500 2.35102949
5052.0000 2.37807011
5052.0500 2.39315092
5052.1000 2.40823172
5052.1500 2.42331252
5052.2000 2.38853349
5052.2500 2.34182521
5052.3000 2.29511694
5052.3500 2.25069185
5052.4000 2.30840943
5052.4500 2.36612702
5052.5000 2.4238446
5052.5500 2.45419721
5052.6000 2.39704046
5052.6500 2.33988371
5052.7000 2.28272696
5052.7500 2.24558646
5052.8000 2.23232555
5052.8500 2.21906465
5052.9000 2.20580375
5052.9500 2.25770669
5053.0000 2.34095666
5053.0500 2.42420662
5053.1000 2.50745659
5053.1500 2.45513367
5053.2000 2.38704511
5053.2500 2.31895656
5053.3000 2.255541
5053.3500 2.22709449
5053.4000 2.19864797
5053.4500 2.17020145
5053.5000 2.16069425
5053.5500 2.1877295
5053.6000 2.21476475
5053.6500 2.2418
5053.7000 2.26588213
5053.7500 2.28770234
5053.8000 2.30952254
5053.8500 2.33134274
5053.9000 2.33104042
5053.9500 2.32494947
5054.0000 2.31885851
5054.0500 2.3135748
5054.1000 2.34711667
5054.1500 2.38065855
5054.2000 2.41420042
5054.2500 2.43975749
5054.3000 2.44130379
5054.3500 2.4428501
5054.4000 2.4443964
5054.4500 2.42426323
5054.5000 2.38066088
5054.5500 2.33705852
5054.6000 2.29345617
5054.6500 2.27153938
5054.7000 2.2583845
5054.7500 2.24522962
5054.8000 2.23207474
5054.8500 2.25665038
5054.9000 2.2833921
5054.9500 2.31013383
5055.0000 2.32798028
5055.0500 2.30547223
5055.1000 2.28296418
5055.1500 2.26045613
5055.2000 2.25461641
5055.2500 2.27208476
5055.3000 2.28955312
5055.3500 2.30702148
5055.4000 2.30574774
5055.4500 2.29459013
5055.5000 2.28343252
5055.5500 2.27227491
5055.6000 2.30158345
5055.6500 2.33569385
5055.7000 2.36980424
5055.7500 2.40039593
5055.8000 2.40835567
5055.8500 2.41631541
5055.9000 2.42427515
5055.9500 2.43016634
5056.0000 2.43263366
5056.0500 2.43510098
5056.1000 2.43756831
5056.1500 2.43730002
5056.2000 2.43535588
5056.2500 2.43341175
5056.3000 2.43146761
5056.3500 2.45339113
5056.4000 2.47903827
5056.4500 2.50468541
5056.5000 2.52768443
5056.5500 2.52956126
5056.6000 2.53143809
5056.6500 2.53331492
5056.7000 2.51615163
5056.7500 2.46502146
5056.8000 2.41389129
5056.8500 2.36276111
5056.9000 2.349017
5056.9500 2.35933368
5057.0000 2.36965037
5057.0500 2.37996706
5057.1000 2.39544309
5057.1500 2.41176535
5057.2000 2.42808761
5057.2500 2.43399576
5057.3000 2.35665793
5057.3500 2.27932009
5057.4000 2.20198225
5057.4500 2.17286095
5057.5000 2.2277233
5057.5500 2.28258565
5057.6000 2.33744801
5057.6500 2.32754642
5057.7000 2.27789895
5057.7500 2.22825148
5057.8000 2.178604
5057.8500 2.18340622
5057.9000 2.19590904
5057.9500 2.20841186
5058.0000 2.21880496
5058.0500 2.21555636
5058.1000 2.21230776
5058.1500 2.20905915
5058.2000 2.21013331
5058.2500 2.21787806
5058.3000 2.22562281
5058.3500 2.23336756
5058.4000 2.23274304
5058.4500 2.22768937
5058.5000 2.22263571
5058.5500 2.21758204
5058.6000 2.25426868
5058.6500 2.29477888
5058.7000 2.33528908
5058.7500 2.36988028
5058.8000 2.3774475
5058.8500 2.38501472
5058.9000 2.39258194
5058.9500 2.39941112
5059.0000 2.40531872
5059.0500 2.41122632
5059.1000 2.41713392
5059.1500 2.36613173
5059.2000 2.29201665
5059.2500 2.21790156
5059.3000 2.14378647
5059.3500 2.2127037
5059.4000 2.28467746
5059.4500 2.35665122
5059.5000 2.41207655
5059.5500 2.41743671
5059.6000 2.42279688
5059.6500 2.42815705
5059.7000 2.43156253
5059.7500 2.43315797
5059.8000 2.43475341
5059.8500 2.43634885
5059.9000 2.4337795
5059.9500 2.43011263
5060.0000 2.42644576
5060.0500 2.42226418
5060.1000 2.41069157
5060.1500 2.39911896
5060.2000 2.38754636
5060.2500 2.36666952
5060.3000 2.32774883
5060.3500 2.28882814
5060.4000 2.24990745
5060.4500 2.26438998
5060.5000 2.31205521
5060.5500 2.35972044
5060.6000 2.40738566
5060.6500 2.41972778
5060.7000 2.4279152
5060.7500 2.43610262
5060.8000 2.43543556
5060.8500 2.39279185
5060.9000 2.35014813
5060.9500 2.30750442
5061.0000 2.29636728
5061.0500 2.32295782
5061.1000 2.34954836
5061.1500 2.37613889
5061.2000 2.37776885
5061.2500 2.37050966
5061.3000 2.36325047
5061.3500 2.35588548
5061.4000 2.34362618
5061.4500 2.33136688
5061.5000 2.31910758
5061.5500 2.31676264
5061.6000 2.3368643
5061.6500 2.35696596
5061.7000 2.37706761
5061.7500 2.36304986
5061.8000 2.32561672
5061.8500 2.28818358
5061.9000 2.25075044
5061.9500 2.25277812
5062.0000 2.26012978
5062.0500 2.26748145
5062.1000 2.26862632
5062.1500 2.23960968
5062.2000 2.21059304
5062.2500 2.18157641
5062.3000 2.15591608
5062.3500 2.1341696
5062.4000 2.11242312
5062.4500 2.09067664
5062.5000 2.15844152
5062.5500 2.25539608
5062.6000 2.35235065
5062.6500 2.44016831
5062.7000 2.34666474
5062.7500 2.25316116
5062.8000 2.15965758
5062.8500 2.11825184
5062.9000 2.17650305
5062.9500 2.23475426
5063.0000 2.29300547
5063.0500 2.30675255
5063.1000 2.29547472
5063.1500 2.28419688
5063.2000 2.27291904
5063.2500 2.26045862
5063.3000 2.24792045
5063.3500 2.23538227
5063.4000 2.23130132
5063.4500 2.25430115
5063.5000 2.27730098
5063.5500 2.30030081
5063.6000 2.33697347
5063.6500 2.38533571
5063.7000 2.43369794
5063.7500 2.48206018
5063.8000 2.4671669
5063.8500 2.44037427
5063.9000 2.41358163
5063.9500 2.38545229
5064.0000 2.34948464
5064.0500 2.31351699
5064.1000 2.27754933
5064.1500 2.25498874
5064.2000 2.24873807
5064.2500 2.2424874
5064.3000 2.23623673
5064.3500 2.28698104
5064.4000 2.35591389
5064.4500 2.42484675
5064.5000 2.48185123
5064.5500 2.37127073
5064.6000 2.26069024
5064.6500 2.15010974
5064.7000 2.09695016
5064.7500 2.13897532
5064.8000 2.18100049
5064.8500 2.22302565
5064.9000 2.25308209
5064.9500 2.27769928
5065.0000 2.30231647
5065.0500 2.32694709
5065.1000 2.40175389
5065.1500 2.47656068
5065.2000 2.55136748
5065.2500 2.58720051
5065.3000 2.53806249
5065.3500 2.48892446
5065.4000 2.43978644
5065.4500 2.39528601
5065.5000 2.35350837
5065.5500 2.31173073
5065.6000 2.26995309
5065.6500 2.25352095
5065.7000 2.23850286
5065.7500 2.22348477
5065.8000 2.20087357
5065.8500 2.15727696
5065.9000 2.11368034
5065.9500 2.07008373
5066.0000 2.11045565
5066.0500 2.21022757
5066.1000 2.30999948
5066.1500 2.4097714
5066.2000 2.32737385
5066.2500 2.22632561
5066.3000 2.12527737
5066.3500 2.05069461
5066.4000 2.06470046
5066.4500 2.07870631
5066.5000 2.09271217
5066.5500 2.1281708
5066.6000 2.18087349
5066.6500 2.23357619
5066.7000 2.28627888
5066.7500 2.29406215
5066.8000 2.29573107
5066.8500 2.29739999
5066.9000 2.29375677
5066.9500 2.26981955
5067.0000 2.24588233
5067.0500 2.22194511
5067.1000 2.20145889
5067.1500 2.18395795
5067.2000 2.16645701
5067.2500 2.14895608
5067.3000 2.26007473
5067.3500 2.39103418
5067.4000 2.52199363
5067.4500 2.59904376
5067.5000 2.45772286
5067.5500 2.31640195
5067.6000 2.17508104
5067.6500 0
5067.7000 0
5067.7500 0
5067.8000 0
