5380.0500 3.72877252
5380.1000 3.66353064
5380.1500 3.62922487
5380.2000 3.65602571
5380.2500 3.68282654
5380.3000 3.70962737
5380.3500 3.73642821
5380.4000 3.74625349
5380.4500 3.6933393
5380.5000 3.64042512
5380.5500 3.58751093
5380.6000 3.53459675
5380.6500 3.48647641
5380.7000 3.48628018
5380.7500 3.48608395
5380.8000 3.48588771
5380.8500 3.48569148
5380.9000 3.48549525
5380.9500 3.51600027
5381.0000 3.5474532
5381.0500 3.57890613
5381.1000 3.61035907
5381.1500 3.641812
5381.2000 3.67020252
5381.2500 3.69805388
5381.3000 3.72590524
5381.3500 3.75375661
5381.4000 3.78160797
5381.4500 3.69434048
5381.5000 3.56485832
5381.5500 3.43537616
5381.6000 3.305894
5381.6500 3.17641184
5381.7000 3.17234803
5381.7500 3.24706036
5381.8000 3.3217727
5381.8500 3.39648503
5381.9000 3.47119737
5381.9500 3.50392138
5382.0000 3.494298
5382.0500 3.48467461
5382.1000 3.47505123
5382.1500 3.46542785
5382.2000 3.45952917
5382.2500 3.45963924
5382.3000 3.45974931
5382.3500 3.45985939
5382.4000 3.45996946
5382.4500 3.45989846
5382.5000 3.45933441
5382.5500 3.45877036
5382.6000 3.45820632
5382.6500 3.45764227
5382.7000 3.45580719
5382.7500 3.44707904
5382.8000 3.4383509
5382.8500 3.42962275
5382.9000 3.4208946
5382.9500 3.41495449
5383.0000 3.46972996
5383.0500 3.52450543
5383.1000 3.57928089
5383.1500 3.63405636
5383.2000 3.68883182
5383.2500 3.65338641
5383.3000 3.6114893
5383.3500 3.56959219
5383.4000 3.52769508
5383.4500 3.48579797
5383.5000 3.47011543
5383.5500 3.46004126
5383.6000 3.4499671
5383.6500 3.43989294
5383.7000 3.42981877
5383.7500 3.46083696
5383.8000 3.50820197
5383.8500 3.55556699
5383.9000 3.60293201
5383.9500 3.65029703
5384.0000 3.65576112
5384.0500 3.63423194
5384.1000 3.61270277
5384.1500 3.59117359
5384.2000 3.56964442
5384.2500 3.56444823
5384.3000 3.57544693
5384.3500 3.58644563
5384.4000 3.59744433
5384.4500 3.60844303
5384.5000 3.59419287
5384.5500 3.54162404
5384.6000 3.4890552
5384.6500 3.43648637
5384.7000 3.38391754
5384.7500 3.34868532
5384.8000 3.35520164
5384.8500 3.36171796
5384.9000 3.36823428
5384.9500 3.37475061
5385.0000 3.37677868
5385.0500 3.35976964
5385.1000 3.34276061
5385.1500 3.32575157
5385.2000 3.30874254
5385.2500 3.29872595
5385.3000 3.36002281
5385.3500 3.42131967
5385.4000 3.48261653
5385.4500 3.54391339
5385.5000 3.60521025
5385.5500 3.56350219
5385.6000 3.52064393
5385.6500 3.47778566
5385.7000 3.4349274
5385.7500 3.39206914
5385.8000 3.37164841
5385.8500 3.3540075
5385.9000 3.33636659
5385.9500 3.31872569
5386.0000 3.30108478
5386.0500 3.30218183
5386.1000 3.30820824
5386.1500 3.31423464
5386.2000 3.32026105
5386.2500 3.32628746
5386.3000 3.31405244
5386.3500 3.29379698
5386.4000 3.27354152
5386.4500 3.25328606
5386.5000 3.2330306
5386.5500 3.22937891
5386.6000 3.23683855
5386.6500 3.2442982
5386.7000 3.25175784
5386.7500 3.25921748
5386.8000 3.25412749
5386.8500 3.23671153
5386.9000 3.21929557
5386.9500 3.20187961
5387.0000 3.18446365
5387.0500 3.18546393
5387.1000 3.21285025
5387.1500 3.24023658
5387.2000 3.2676229
5387.2500 3.29500923
5387.3000 3.31607298
5387.3500 3.32362492
5387.4000 3.33117686
5387.4500 3.33872881
5387.5000 3.34628075
5387.5500 3.34439622
5387.6000 3.31049364
5387.6500 3.27659106
5387.7000 3.24268849
5387.7500 3.20878591
5387.8000 3.18364066
5387.8500 3.21335635
5387.9000 3.24307203
5387.9500 3.27278772
5388.0000 3.30250341
5388.0500 3.32892321
5388.1000 3.29114003
5388.1500 3.25335685
5388.2000 3.21557367
5388.2500 3.1777905
5388.3000 3.14000732
5388.3500 3.14887598
5388.4000 3.15962991
5388.4500 3.17038383
5388.5000 3.18113775
5388.5500 3.19189167
5388.6000 3.22344921
5388.6500 3.25798837
5388.7000 3.29252753
5388.7500 3.32706668
5388.8000 3.36160584
5388.8500 3.35859152
5388.9000 3.34555168
5388.9500 3.33251184
5389.0000 3.31947201
5389.0500 3.30643217
5389.1000 3.29100057
5389.1500 3.27456858
5389.2000 3.2581366
5389.2500 3.24170461
5389.3000 3.22527262
5389.3500 3.22823989
5389.4000 3.24299414
5389.4500 3.25774839
5389.5000 3.27250264
5389.5500 3.28725689
5389.6000 3.31236599
5389.6500 3.3462901
5389.7000 3.38021421
5389.7500 3.41413832
5389.8000 3.44806243
5389.8500 3.45952189
5389.9000 3.44455019
5389.9500 3.4295785
5390.0000 3.4146068
5390.0500 3.39963511
5390.1000 3.39667751
5390.1500 3.41333212
5390.2000 3.42998673
5390.2500 3.44664134
5390.3000 3.46329595
5390.3500 3.46416648
5390.4000 3.42846485
5390.4500 3.39276322
5390.5000 3.35706158
5390.5500 3.32135995
5390.6000 3.29394062
5390.6500 3.29517484
5390.7000 3.29640905
5390.7500 3.29764326
5390.8000 3.29887747
5390.8500 3.30156103
5390.9000 3.31257772
5390.9500 3.3235944
5391.0000 3.33461109
5391.0500 3.34562777
5391.1000 3.35290671
5391.1500 3.31289135
5391.2000 3.27287598
5391.2500 3.23286062
5391.3000 3.19284526
5391.3500 3.15282989
5391.4000 3.19932585
5391.4500 3.24586573
5391.5000 3.2924056
5391.5500 3.33894547
5391.6000 3.38548534
5391.6500 3.37467292
5391.7000 3.35933787
5391.7500 3.34400283
5391.8000 3.32866779
5391.8500 3.31333274
5391.9000 3.30181356
5391.9500 3.29093897
5392.0000 3.28006438
5392.0500 3.26918979
5392.1000 3.2583152
5392.1500 3.243424
5392.2000 3.22743422
5392.2500 3.21144444
5392.3000 3.19545466
5392.3500 3.17946488
5392.4000 3.17909376
5392.4500 3.18491334
5392.5000 3.19073292
5392.5500 3.19655249
5392.6000 3.20237207
5392.6500 3.18098109
5392.7000 3.14482362
5392.7500 3.10866615
5392.8000 3.07250869
5392.8500 3.03635122
5392.9000 3.04158626
5392.9500 3.0766144
5393.0000 3.11164254
5393.0500 3.14667067
5393.1000 3.18169881
5393.1500 3.20231438
5393.2000 3.20940524
5393.2500 3.21649611
5393.3000 3.22358697
5393.3500 3.23067784
5393.4000 3.22774614
5393.4500 3.21263752
5393.5000 3.1975289
5393.5500 3.18242028
5393.6000 3.16731166
5393.6500 3.16354852
5393.7000 3.1776632
5393.7500 3.19177788
5393.8000 3.20589256
5393.8500 3.22000724
5393.9000 3.2254296
5393.9500 3.21289398
5394.0000 3.20035837
5394.0500 3.18782276
5394.1000 3.17528715
5394.1500 3.1655448
5394.2000 3.16353937
5394.2500 3.16153394
5394.3000 3.15952851
5394.3500 3.15752308
5394.4000 3.15939958
5394.4500 3.17628113
5394.5000 3.19316268
5394.5500 3.21004423
5394.6000 3.22692578
5394.6500 3.24387435
5394.7000 3.26121186
5394.7500 3.27854936
5394.8000 3.29588687
5394.8500 3.31322437
5394.9000 3.32605581
5394.9500 3.29310248
5395.0000 3.26014915
5395.0500 3.22719582
5395.1000 3.19424249
5395.1500 3.16195224
5395.2000 3.14885461
5395.2500 3.13575699
5395.3000 3.12265936
5395.3500 3.10956173
5395.4000 3.09646411
5395.4500 3.13379832
5395.5000 3.17224779
5395.5500 3.21069727
5395.6000 3.24914674
5395.6500 3.28759622
5395.7000 3.27219438
5395.7500 3.25239536
5395.8000 3.23259634
5395.8500 3.21279731
5395.9000 3.19299829
5395.9500 3.19637589
5396.0000 3.20316067
5396.0500 3.20994546
5396.1000 3.21673024
5396.1500 3.22351503
5396.2000 3.1921811
5396.2500 3.15249848
5396.3000 3.11281586
5396.3500 3.07313324
5396.4000 3.03345062
5396.4500 3.01517615
5396.5000 3.00329593
5396.5500 2.99141572
5396.6000 2.9795355
5396.6500 2.96765529
5396.7000 3.001352
5396.7500 3.05269687
5396.8000 3.10404174
5396.8500 3.15538661
5396.9000 3.20673148
5396.9500 3.20422994
5397.0000 3.17555394
5397.0500 3.14687794
5397.1000 3.11820194
5397.1500 3.08952594
5397.2000 3.09143658
5397.2500 3.11161154
5397.3000 3.1317865
5397.3500 3.15196145
5397.4000 3.17213641
5397.4500 3.1576687
5397.5000 3.11816843
5397.5500 3.07866815
5397.6000 3.03916787
5397.6500 2.99966759
5397.7000 2.98016627
5397.7500 2.9779705
5397.8000 2.97577474
5397.8500 2.97357898
5397.9000 2.97138322
5397.9500 2.98698243
5398.0000 3.02089203
5398.0500 3.05480162
5398.1000 3.08871122
5398.1500 3.12262082
5398.2000 3.13383188
5398.2500 3.11739073
5398.3000 3.10094957
5398.3500 3.08450842
5398.4000 3.06806726
5398.4500 3.05739639
5398.5000 3.05503122
5398.5500 3.05266606
5398.6000 3.05030089
5398.6500 3.04793573
5398.7000 3.04513366
5398.7500 3.04158847
5398.8000 3.03804328
5398.8500 3.03449809
5398.9000 3.0309529
5398.9500 3.02770344
5399.0000 3.02504966
5399.0500 3.02239588
5399.1000 3.0197421
5399.1500 3.01708832
5399.2000 3.01415478
5399.2500 3.01055084
5399.3000 3.0069469
5399.3500 3.00334297
5399.4000 2.99973903
5399.4500 2.99712901
5399.5000 2.99737285
5399.5500 2.99761668
5399.6000 2.99786052
5399.6500 2.99810436
5399.7000 3.00406168
5399.7500 3.02988409
5399.8000 3.0557065
5399.8500 3.08152891
5399.9000 3.10735132
5399.9500 3.12445566
5400.0000 3.10430114
5400.0500 3.08414661
5400.1000 3.06399209
5400.1500 3.04383757
5400.2000 3.02791514
5400.2500 3.03470714
5400.3000 3.04149913
5400.3500 3.04829113
5400.4000 3.05508312
5400.4500 3.05973556
5400.5000 3.04950403
5400.5500 3.0392725
5400.6000 3.02904097
5400.6500 3.01880944
5400.7000 3.01104363
5400.7500 3.02663141
5400.8000 3.04221919
5400.8500 3.05780697
5400.9000 3.07339475
5400.9500 3.08737869
5401.0000 3.0788514
5401.0500 3.07032411
5401.1000 3.06179681
5401.1500 3.05326952
5401.2000 3.04435907
5401.2500 3.02593308
5401.3000 3.00750709
5401.3500 2.9890811
5401.4000 2.97065511
5401.4500 2.95238583
5401.5000 2.94691057
5401.5500 2.94143531
5401.6000 2.93596005
5401.6500 2.93048479
5401.7000 2.92500953
5401.7500 2.93445354
5401.8000 2.94409888
5401.8500 2.95374422
5401.9000 2.96338956
5401.9500 2.97303489
5402.0000 2.97576837
5402.0500 2.9782323
5402.1000 2.98069622
5402.1500 2.98316015
5402.2000 2.98562408
5402.2500 2.94754736
5402.3000 2.90685722
5402.3500 2.86616708
5402.4000 2.82547695
5402.4500 2.78478681
5402.5000 2.81660203
5402.5500 2.85492739
5402.6000 2.89325276
5402.6500 2.93157813
5402.7000 2.96990349
5402.7500 2.97262516
5402.8000 2.97125744
5402.8500 2.96988972
5402.9000 2.968522
5402.9500 2.96715428
5403.0000 2.95816072
5403.0500 2.94810296
5403.1000 2.93804519
5403.1500 2.92798742
5403.2000 2.91792966
5403.2500 2.93949335
5403.3000 2.96623479
5403.3500 2.99297624
5403.4000 3.01971768
5403.4500 3.04645913
5403.5000 3.00815925
5403.5500 2.95767789
5403.6000 2.90719653
5403.6500 2.85671517
5403.7000 2.80623381
5403.7500 2.81864912
5403.8000 2.84427585
5403.8500 2.86990258
5403.9000 2.8955293
5403.9500 2.92115603
5404.0000 2.90561609
5404.0500 2.88053052
5404.1000 2.85544496
5404.1500 2.8303594
5404.2000 2.80527384
5404.2500 2.81631483
5404.3000 2.83648214
5404.3500 2.85664945
5404.4000 2.87681676
5404.4500 2.89698407
5404.5000 2.89905976
5404.5500 2.8962122
5404.6000 2.89336464
5404.6500 2.89051708
5404.7000 2.88766952
5404.7500 2.8824157
5404.8000 2.87646346
5404.8500 2.87051122
5404.9000 2.86455898
5404.9500 2.85860674
5405.0000 2.87138391
5405.0500 2.88990795
5405.1000 2.90843199
5405.1500 2.92695603
5405.2000 2.94548007
5405.2500 2.95042181
5405.3000 2.95099341
5405.3500 2.95156502
5405.4000 2.95213662
5405.4500 2.95270823
5405.5000 2.94901892
5405.5500 2.94390281
5405.6000 2.93878669
5405.6500 2.93367057
5405.7000 2.92855445
5405.7500 2.92515805
5405.8000 2.92235675
5405.8500 2.91955544
5405.9000 2.91675414
5405.9500 2.91395284
5406.0000 2.90174206
5406.0500 2.88618897
5406.1000 2.87063589
5406.1500 2.8550828
5406.2000 2.83952971
5406.2500 2.82982589
5406.3000 2.82224096
5406.3500 2.81465604
5406.4000 2.80707111
5406.4500 2.79948619
5406.5000 2.79968952
5406.5500 2.80275196
5406.6000 2.8058144
5406.6500 2.80887684
5406.7000 2.81193928
5406.7500 2.83989144
5406.8000 2.87704602
5406.8500 2.9142006
5406.9000 2.95135519
5406.9500 2.98850977
5407.0000 2.9701554
5407.0500 2.93125779
5407.1000 2.89236019
5407.1500 2.85346258
5407.2000 2.81456497
5407.2500 2.81684067
5407.3000 2.83427569
5407.3500 2.85171071
5407.4000 2.86914573
5407.4500 2.88658075
5407.5000 2.88478703
5407.5500 2.8759935
5407.6000 2.86719998
5407.6500 2.85840646
5407.7000 2.84961294
5407.7500 2.84171966
5407.8000 2.83414836
5407.8500 2.82657706
5407.9000 2.81900576
5407.9500 2.81143446
5408.0000 2.80649115
5408.0500 2.8024654
5408.1000 2.79843966
5408.1500 2.79441391
5408.2000 2.79038817
5408.2500 2.79194188
5408.3000 2.79538463
5408.3500 2.79882738
5408.4000 2.80227014
5408.4500 2.80571289
5408.5000 2.81429858
5408.5500 2.82456096
5408.6000 2.83482335
5408.6500 2.84508573
5408.7000 2.85534811
5408.7500 2.86321235
5408.8000 2.87032932
5408.8500 2.87744628
5408.9000 2.88456324
5408.9500 2.89168021
5409.0000 2.87939075
5409.0500 2.86136734
5409.1000 2.84334392
5409.1500 2.82532051
5409.2000 2.8072971
5409.2500 2.79773695
5409.3000 2.79052734
5409.3500 2.78331772
5409.4000 2.7761081
5409.4500 2.76889849
5409.5000 2.77618471
5409.5500 2.78721884
5409.6000 2.79825297
5409.6500 2.8092871
5409.7000 2.82032123
5409.7500 2.82434674
5409.8000 2.82670372
5409.8500 2.8290607
5409.9000 2.83141767
5409.9500 2.83377465
5410.0000 2.82652364
5410.0500 2.81719307
5410.1000 2.80786251
5410.1500 2.79853194
5410.2000 2.78920138
5410.2500 2.79206933
5410.3000 2.79730155
5410.3500 2.80253376
5410.4000 2.80776598
5410.4500 2.81299819
5410.5000 2.83640418
5410.5500 2.86290601
5410.6000 2.88940784
5410.6500 2.91590967
5410.7000 2.9424115
5410.7500 2.93315933
5410.8000 2.91868067
5410.8500 2.90420201
5410.9000 2.88972335
5410.9500 2.87524469
5411.0000 2.86236778
5411.0500 2.84968541
5411.1000 2.83700304
5411.1500 2.82432066
5411.2000 2.81163829
5411.2500 2.79798739
5411.3000 2.78424322
5411.3500 2.77049905
5411.4000 2.75675488
5411.4500 2.74301071
5411.5000 2.73906745
5411.5500 2.73581865
5411.6000 2.73256985
5411.6500 2.72932104
5411.7000 2.72607224
5411.7500 2.72770383
5411.8000 2.72955614
5411.8500 2.73140845
5411.9000 2.73326076
5411.9500 2.73511307
5412.0000 2.74749437
5412.0500 2.76008121
5412.1000 2.77266805
5412.1500 2.78525489
5412.2000 2.79767383
5412.2500 2.78316563
5412.3000 2.76865743
5412.3500 2.75414923
5412.4000 2.73964103
5412.4500 2.72530423
5412.5000 2.71602738
5412.5500 2.70675053
5412.6000 2.69747368
5412.6500 2.68819682
5412.7000 2.67961996
5412.7500 2.68190222
5412.8000 2.68418449
5412.8500 2.68646675
5412.9000 2.68874901
5412.9500 2.6915676
5413.0000 2.69983734
5413.0500 2.70810708
5413.1000 2.71637682
5413.1500 2.72464655
5413.2000 2.7312142
5413.2500 2.72527847
5413.3000 2.71934274
5413.3500 2.71340702
5413.4000 2.70747129
5413.4500 2.70671125
5413.5000 2.73498588
5413.5500 2.7632605
5413.6000 2.79153512
5413.6500 2.81980974
5413.7000 2.83775733
5413.7500 2.80990318
5413.8000 2.78204903
5413.8500 2.75419488
5413.9000 2.72634073
5413.9500 2.70045293
5414.0000 2.68162224
5414.0500 2.66279156
5414.1000 2.64396087
5414.1500 2.62513019
5414.2000 2.61596232
5414.2500 2.6353141
5414.3000 2.65466587
5414.3500 2.67401764
5414.4000 2.69336942
5414.4500 2.71051218
5414.5000 2.7222323
5414.5500 2.73395243
5414.6000 2.74567256
5414.6500 2.75739269
5414.7000 2.76082658
5414.7500 2.74721192
5414.8000 2.73359726
5414.8500 2.71998259
5414.9000 2.70636793
5414.9500 2.70245733
5415.0000 2.71536264
5415.0500 2.72826795
5415.1000 2.74117326
5415.1500 2.75407858
5415.2000 2.75270017
5415.2500 2.73042329
5415.3000 2.70814641
5415.3500 2.68586953
5415.4000 2.66359265
5415.4500 2.66041998
5415.5000 2.68085289
5415.5500 2.70128581
5415.6000 2.72171872
5415.6500 2.74215163
5415.7000 2.74830766
5415.7500 2.7395949
5415.8000 2.73088215
5415.8500 2.72216939
5415.9000 2.71345663
5415.9500 2.71735542
5416.0000 2.7322765
5416.0500 2.74719757
5416.1000 2.76211864
5416.1500 2.77703971
5416.2000 2.77863541
5416.2500 2.77052745
5416.3000 2.7624195
5416.3500 2.75431155
5416.4000 2.74620359
5416.4500 2.73997077
5416.5000 2.7348636
5416.5500 2.72975643
5416.6000 2.72464926
5416.6500 2.71954209
5416.7000 2.71738199
5416.7500 2.71665796
5416.8000 2.71593393
5416.8500 2.7152099
5416.9000 2.71448587
5416.9500 2.7059276
5417.0000 2.69433902
5417.0500 2.68275043
5417.1000 2.67116185
5417.1500 2.65957327
5417.2000 2.67119141
5417.2500 2.68970079
5417.3000 2.70821017
5417.3500 2.72671955
5417.4000 2.74522893
5417.4500 2.73429094
5417.5000 2.71698647
5417.5500 2.69968201
5417.6000 2.68237754
5417.6500 2.66507308
5417.7000 2.6700611
5417.7500 2.67824343
5417.8000 2.68642577
5417.8500 2.6946081
5417.9000 2.70279044
5417.9500 2.71157767
5418.0000 2.7204116
5418.0500 2.72924553
5418.1000 2.73807945
5418.1500 2.74691338
5418.2000 2.74356939
5418.2500 2.740018
5418.3000 2.73646661
5418.3500 2.73291522
5418.4000 2.72884498
5418.4500 2.71212792
5418.5000 2.69541086
5418.5500 2.6786938
5418.6000 2.66197673
5418.6500 2.64698658
5418.7000 2.64810867
5418.7500 2.64923076
5418.8000 2.65035285
5418.8500 2.65147494
5418.9000 2.65189347
5418.9500 2.64848939
5419.0000 2.64508531
5419.0500 2.64168122
5419.1000 2.63827714
5419.1500 2.63878411
5419.2000 2.65354356
5419.2500 2.66830302
5419.3000 2.68306247
5419.3500 2.69782193
5419.4000 2.70868314
5419.4500 2.70934149
5419.5000 2.70999984
5419.5500 2.71065819
5419.6000 2.71131654
5419.6500 2.70935925
5419.7000 2.70229772
5419.7500 2.69523619
5419.8000 2.68817467
5419.8500 2.68111314
5419.9000 2.67959237
5419.9500 2.68629897
5420.0000 2.69300556
5420.0500 2.69971215
5420.1000 2.70641874
5420.1500 2.70693912
5420.2000 2.70040734
5420.2500 2.69387556
5420.3000 2.68734378
5420.3500 2.680812
5420.4000 2.67413379
5420.4500 2.66732749
5420.5000 2.66052119
5420.5500 2.65371489
5420.6000 2.64690859
5420.6500 2.64712373
5420.7000 2.65200508
5420.7500 2.65688644
5420.8000 2.66176779
5420.8500 2.66664915
5420.9000 2.6614452
5420.9500 2.65125945
5421.0000 2.64107371
5421.0500 2.63088796
5421.1000 2.62070222
5421.1500 2.62573277
5421.2000 2.63613154
5421.2500 2.64653031
5421.3000 2.65692908
5421.3500 2.66732785
5421.4000 2.67531947
5421.4500 2.6827476
5421.5000 2.69017573
5421.5500 2.69760386
5421.6000 2.70503199
5421.6500 2.69358225
5421.7000 2.67962299
5421.7500 2.66566372
5421.8000 2.65170445
5421.8500 2.63774518
5421.9000 2.65128566
5421.9500 2.66608384
5422.0000 2.68088202
5422.0500 2.6956802
5422.1000 2.7094171
5422.1500 2.69011107
5422.2000 2.67080504
5422.2500 2.65149902
5422.3000 2.63219299
5422.3500 2.6165794
5422.4000 2.63170991
5422.4500 2.64684042
5422.5000 2.66197092
5422.5500 2.67710143
5422.6000 2.68939355
5422.6500 2.68914685
5422.7000 2.68890015
5422.7500 2.68865345
5422.8000 2.68840674
5422.8500 2.68549548
5422.9000 2.6751249
5422.9500 2.66475433
5423.0000 2.65438376
5423.0500 2.64401319
5423.1000 2.63443294
5423.1500 2.6263661
5423.2000 2.61829926
5423.2500 2.61023242
5423.3000 2.60216558
5423.3500 2.60472977
5423.4000 2.62172513
5423.4500 2.63872049
5423.5000 2.65571585
5423.5500 2.67271121
5423.6000 2.68252688
5423.6500 2.68534893
5423.7000 2.68817098
5423.7500 2.69099303
5423.8000 2.69381508
5423.8500 2.68769598
5423.9000 2.67536865
5423.9500 2.66304131
5424.0000 2.65071397
5424.0500 2.63838664
5424.1000 2.63776725
5424.1500 2.64278269
5424.2000 2.64779813
5424.2500 2.65281358
5424.3000 2.65782902
5424.3500 2.65987344
5424.4000 2.66098602
5424.4500 2.66209859
5424.5000 2.66321117
5424.5500 2.66432375
5424.6000 2.65711477
5424.6500 2.6484217
5424.7000 2.63972864
5424.7500 2.63103557
5424.8000 2.6223425
5424.8500 2.63345465
5424.9000 2.64589125
5424.9500 2.65832785
5425.0000 2.67076445
5425.0500 2.68242404
5425.1000 2.66634232
5425.1500 2.65026061
5425.2000 2.63417889
5425.2500 2.61809718
5425.3000 2.60521474
5425.3500 2.616146
5425.4000 2.62707726
5425.4500 2.63800853
5425.5000 2.64893979
5425.5500 2.65575526
5425.6000 2.64716989
5425.6500 2.63858451
5425.7000 2.62999913
5425.7500 2.62141375
5425.8000 2.61194015
5425.8500 2.60043872
5425.9000 2.5889373
5425.9500 2.57743587
5426.0000 2.56593444
5426.0500 2.56101918
5426.1000 2.56600067
5426.1500 2.57098217
5426.2000 2.57596367
5426.2500 2.58094517
5426.3000 2.58422664
5426.3500 2.58577938
5426.4000 2.58733213
5426.4500 2.58888487
5426.5000 2.59043761
5426.5500 2.59536168
5426.6000 2.60259657
5426.6500 2.60983147
5426.7000 2.61706637
5426.7500 2.62430126
5426.8000 2.62295271
5426.8500 2.61778534
5426.9000 2.61261797
5426.9500 2.6074506
5427.0000 2.60228323
5427.0500 2.59879621
5427.1000 2.59575017
5427.1500 2.59270414
5427.2000 2.5896581
5427.2500 2.58661206
5427.3000 2.59920731
5427.3500 2.61366841
5427.4000 2.62812951
5427.4500 2.64259061
5427.5000 2.65705171
5427.5500 2.63609886
5427.6000 2.61500349
5427.6500 2.59390812
5427.7000 2.57281276
5427.7500 2.55467341
5427.8000 2.56318897
5427.8500 2.57170453
5427.9000 2.5802201
5427.9500 2.58873566
5428.0000 2.59621916
5428.0500 2.59969862
5428.1000 2.60317809
5428.1500 2.60665756
5428.2000 2.61013703
5428.2500 2.61302219
5428.3000 2.61459258
5428.3500 2.61616298
5428.4000 2.61773337
5428.4500 2.61930376
5428.5000 2.6188584
5428.5500 2.61561738
5428.6000 2.61237636
5428.6500 2.60913534
5428.7000 2.60589432
5428.7500 2.60311442
5428.8000 2.60074695
5428.8500 2.59837948
5428.9000 2.59601201
5428.9500 2.59364454
5429.0000 2.59359464
5429.0500 2.5948594
5429.1000 2.59612417
5429.1500 2.59738893
5429.2000 2.5986537
5429.2500 2.60828644
5429.3000 2.62071573
5429.3500 2.63314502
5429.4000 2.64557432
5429.4500 2.65800361
5429.5000 2.65651344
5429.5500 2.65279946
5429.6000 2.64908549
5429.6500 2.64537152
5429.7000 2.64165755
5429.7500 2.62658282
5429.8000 2.61123174
5429.8500 2.59588065
5429.9000 2.58052957
5429.9500 2.56759717
5430.0000 2.57867064
5430.0500 2.58974412
5430.1000 2.60081759
5430.1500 2.61189107
5430.2000 2.61939908
5430.2500 2.61333804
5430.3000 2.60727701
5430.3500 2.60121598
5430.4000 2.59515495
5430.4500 2.59035011
5430.5000 2.58814343
5430.5500 2.58593675
5430.6000 2.58373007
5430.6500 2.58152339
5430.7000 2.57810049
5430.7500 2.57316088
5430.8000 2.56822126
5430.8500 2.56328165
5430.9000 2.55834203
5430.9500 2.55530653
5431.0000 2.5537346
5431.0500 2.55216267
5431.1000 2.55059074
5431.1500 2.54901881
5431.2000 2.55263143
5431.2500 2.55860538
5431.3000 2.56457932
5431.3500 2.57055327
5431.4000 2.57652722
5431.4500 2.59019048
5431.5000 2.60565727
5431.5500 2.62112406
5431.6000 2.63659085
5431.6500 2.65205764
5431.7000 2.64816029
5431.7500 2.64289974
5431.8000 2.6376392
5431.8500 2.63237865
5431.9000 2.62668225
5431.9500 2.61412471
5432.0000 2.60156718
5432.0500 2.58900964
5432.1000 2.57645211
5432.1500 2.56944957
5432.2000 2.58667548
5432.2500 2.6039014
5432.3000 2.62112731
5432.3500 2.63835323
5432.4000 2.65139167
5432.4500 2.65530606
5432.5000 2.65922044
5432.5500 2.66313483
5432.6000 2.66704922
5432.6500 2.66174203
5432.7000 2.64488331
5432.7500 2.62802459
5432.8000 2.61116587
5432.8500 2.59430715
5432.9000 2.58879887
5432.9500 2.59169562
5433.0000 2.59459237
5433.0500 2.59748912
5433.1000 2.60038588
5433.1500 2.59430331
5433.2000 2.58448972
5433.2500 2.57467612
5433.3000 2.56486253
5433.3500 2.55504893
5433.4000 2.55916086
5433.4500 2.56593215
5433.5000 2.57270343
5433.5500 2.57947471
5433.6000 2.58624599
5433.6500 2.58615226
5433.7000 2.58587623
5433.7500 2.5856002
5433.8000 2.58532417
5433.8500 2.5861645
5433.9000 2.59604661
5433.9500 2.60592872
5434.0000 2.61581084
5434.0500 2.62569295
5434.1000 2.63104204
5434.1500 2.62256807
5434.2000 2.61409411
5434.2500 2.60562015
5434.3000 2.59714618
5434.3500 2.59074919
5434.4000 2.58766591
5434.4500 2.58458263
5434.5000 2.58149935
5434.5500 2.57841607
5434.6000 2.57745734
5434.6500 2.57842146
5434.7000 2.57938558
5434.7500 2.5803497
5434.8000 2.58131382
5434.8500 2.58367481
5434.9000 2.58673687
5434.9500 2.58979893
5435.0000 2.59286099
5435.0500 2.59592305
5435.1000 2.59235864
5435.1500 2.58721999
5435.2000 2.58208134
5435.2500 2.57694268
5435.3000 2.57180403
5435.3500 2.56942049
5435.4000 2.56717729
5435.4500 2.56493408
5435.5000 2.56269088
5435.5500 2.56071468
5435.6000 2.56124359
5435.6500 2.5617725
5435.7000 2.56230141
5435.7500 2.56283031
5435.8000 2.56215907
5435.8500 2.55773667
5435.9000 2.55331428
5435.9500 2.54889188
5436.0000 2.54446949
5436.0500 2.54549664
5436.1000 2.55505603
5436.1500 2.56461541
5436.2000 2.5741748
5436.2500 2.58373419
5436.3000 2.58211322
5436.3500 2.57090755
5436.4000 2.55970189
5436.4500 2.54849622
5436.5000 2.53729056
5436.5500 2.5467428
5436.6000 2.56554674
5436.6500 2.58435067
5436.7000 2.60315461
5436.7500 2.62195855
5436.8000 2.6117296
5436.8500 2.59595517
5436.9000 2.58018074
5436.9500 2.5644063
5437.0000 2.54863187
5437.0500 2.56320029
5437.1000 2.57800818
5437.1500 2.59281607
5437.2000 2.60762397
5437.2500 2.61823537
5437.3000 2.6043019
5437.3500 2.59036844
5437.4000 2.57643497
5437.4500 2.56250151
5437.5000 2.55615727
5437.5500 2.56742505
5437.6000 2.57869283
5437.6500 2.58996062
5437.7000 2.6012284
5437.7500 2.60486587
5437.8000 2.59945819
5437.8500 2.59405051
5437.9000 2.58864283
5437.9500 2.58323515
5438.0000 2.5803879
5438.0500 2.57914143
5438.1000 2.57789496
5438.1500 2.5766485
5438.2000 2.57540203
5438.2500 2.57917524
5438.3000 2.58441132
5438.3500 2.5896474
5438.4000 2.59488348
5438.4500 2.60011956
5438.5000 2.60349055
5438.5500 2.60673117
5438.6000 2.60997179
5438.6500 2.61321241
5438.7000 2.61741219
5438.7500 2.63061365
5438.8000 2.64381511
5438.8500 2.65701657
5438.9000 2.67021803
5438.9500 2.67460806
5439.0000 2.65381764
5439.0500 2.63302721
5439.1000 2.61223678
5439.1500 2.59144636
5439.2000 2.57945967
5439.2500 2.57945968
5439.3000 2.57945968
5439.3500 2.57945969
5439.4000 2.5794597
5439.4500 2.58748791
5439.5000 2.60111854
5439.5500 2.61474918
5439.6000 2.62837981
5439.6500 2.64201044
5439.7000 2.64327191
5439.7500 2.64053725
5439.8000 2.6378026
5439.8500 2.63506794
5439.9000 2.63233329
5439.9500 2.63074408
5440.0000 2.62924915
5440.0500 2.62775421
5440.1000 2.62625928
5440.1500 2.62530315
5440.2000 2.62957714
5440.2500 2.63385112
5440.3000 2.63812511
5440.3500 2.6423991
5440.4000 2.64650237
5440.4500 2.65013003
5440.5000 2.65375769
5440.5500 2.65738535
5440.6000 2.66101302
5440.6500 2.66097654
5440.7000 2.65620398
5440.7500 2.65143143
5440.8000 2.64665887
5440.8500 2.64188632
5440.9000 2.63600562
5440.9500 2.62941511
5441.0000 2.62282459
5441.0500 2.61623408
5441.1000 2.60964357
5441.1500 2.59987606
5441.2000 2.5892344
5441.2500 2.57859274
5441.3000 2.56795107
5441.3500 2.55730941
5441.4000 2.5612464
5441.4500 2.56578779
5441.5000 2.57032919
5441.5500 2.57487058
5441.6000 2.57899069
5441.6500 2.58046766
5441.7000 2.58194463
5441.7500 2.58342161
5441.8000 2.58489858
5441.8500 2.58462478
5441.9000 2.58056244
5441.9500 2.57650011
5442.0000 2.57243778
5442.0500 2.56837545
5442.1000 2.56763819
5442.1500 2.57028012
5442.2000 2.57292204
5442.2500 2.57556397
5442.3000 2.5782059
5442.3500 2.58007278
5442.4000 2.58157018
5442.4500 2.58306758
5442.5000 2.58456498
5442.5500 2.58606237
5442.6000 2.5887067
5442.6500 2.59153821
5442.7000 2.59436972
5442.7500 2.59720123
5442.8000 2.59973789
5442.8500 2.59579581
5442.9000 2.59185374
5442.9500 2.58791166
5443.0000 2.58396959
5443.0500 2.58334921
5443.1000 2.59393286
5443.1500 2.60451651
5443.2000 2.61510017
5443.2500 2.62568382
5443.3000 2.62909485
5443.3500 2.62240076
5443.4000 2.61570667
5443.4500 2.60901257
5443.5000 2.60231848
5443.5500 2.61077559
5443.6000 2.62921162
5443.6500 2.64764764
5443.7000 2.66608367
5443.7500 2.6845197
5443.8000 2.68580055
5443.8500 2.68257594
5443.9000 2.67935134
5443.9500 2.67612673
5444.0000 2.67290213
5444.0500 2.67157862
5444.1000 2.67028916
5444.1500 2.6689997
5444.2000 2.66771025
5444.2500 2.66908953
5444.3000 2.68312691
5444.3500 2.6971643
5444.4000 2.71120168
5444.4500 2.72523907
5444.5000 2.7262122
5444.5500 2.70466753
5444.6000 2.68312285
5444.6500 2.66157817
5444.7000 2.6400335
5444.7500 2.63303636
5444.8000 2.63739947
5444.8500 2.64176257
5444.9000 2.64612567
5444.9500 2.65048877
5445.0000 2.65551918
5445.0500 2.66076359
5445.1000 2.66600799
5445.1500 2.67125239
5445.2000 2.67649679
5445.2500 2.6625901
5445.3000 2.6477637
5445.3500 2.6329373
5445.4000 2.6181109
5445.4500 2.60775338
5445.5000 2.62223358
5445.5500 2.63671377
5445.6000 2.65119397
5445.6500 2.66567417
5445.7000 2.67323646
5445.7500 2.66807016
5445.8000 2.66290386
5445.8500 2.65773756
5445.9000 2.65257126
5445.9500 2.65445764
5446.0000 2.6620432
5446.0500 2.66962876
5446.1000 2.67721431
5446.1500 2.68479987
5446.2000 2.68256662
5446.2500 2.67715309
5446.3000 2.67173957
5446.3500 2.66632604
5446.4000 2.66091251
5446.4500 2.6524327
5446.5000 2.6438216
5446.5500 2.6352105
5446.6000 2.62659941
5446.6500 2.62075708
5446.7000 2.62904286
5446.7500 2.63732865
5446.8000 2.64561444
5446.8500 2.65390022
5446.9000 2.65258965
5446.9500 2.63494681
5447.0000 2.61730396
5447.0500 2.59966112
5447.1000 2.58201827
5447.1500 2.57906114
5447.2000 2.58684039
5447.2500 2.59461964
5447.3000 2.60239889
5447.3500 2.61017814
5447.4000 2.61708073
5447.4500 2.62374545
5447.5000 2.63041016
5447.5500 2.63707487
5447.6000 2.64373958
5447.6500 2.63772111
5447.7000 2.63166178
5447.7500 2.62560245
5447.8000 2.61954313
5447.8500 2.61721783
5447.9000 2.62908169
5447.9500 2.64094554
5448.0000 2.65280939
5448.0500 2.66467325
5448.1000 2.66497745
5448.1500 2.64939738
5448.2000 2.63381731
5448.2500 2.61823723
5448.3000 2.60265716
5448.3500 2.60283036
5448.4000 2.61204251
5448.4500 2.62125466
5448.5000 2.63046682
5448.5500 2.63967897
5448.6000 2.64168696
5448.6500 2.64243302
5448.7000 2.64317909
5448.7500 2.64392515
5448.8000 2.64526687
5448.8500 2.65479807
5448.9000 2.66432927
5448.9500 2.67386047
5449.0000 2.68339167
5449.0500 2.68011443
5449.1000 2.64486005
5449.1500 2.60960567
5449.2000 2.57435129
5449.2500 2.53909691
5449.3000 2.53150753
5449.3500 2.55097935
5449.4000 2.57045116
5449.4500 2.58992298
5449.5000 2.6093948
5449.5500 2.61686838
5449.6000 2.61982213
5449.6500 2.62277588
5449.7000 2.62572963
5449.7500 2.62868338
5449.8000 2.64146925
5449.8500 2.65478836
5449.9000 2.66810747
5449.9500 2.68142658
5450.0000 2.69184946
5450.0500 2.68833737
5450.1000 2.68482528
5450.1500 2.68131319
5450.2000 2.67780109
5450.2500 2.67877704
5450.3000 2.68657189
5450.3500 2.69436674
5450.4000 2.70216159
5450.4500 2.70995644
5450.5000 2.70491479
5450.5500 2.69210913
5450.6000 2.67930348
5450.6500 2.66649782
5450.7000 2.65369217
5450.7500 2.64805708
5450.8000 2.64368106
5450.8500 2.63930504
5450.9000 2.63492902
5450.9500 2.63296426
5451.0000 2.65891984
5451.0500 2.68487542
5451.1000 2.71083099
5451.1500 2.73678657
5451.2000 2.75228602
5451.2500 2.74447857
5451.3000 2.73667113
5451.3500 2.72886369
5451.4000 2.72105625
5451.4500 2.71624919
5451.5000 2.71398544
5451.5500 2.7117217
5451.6000 2.70945795
5451.6500 2.70719421
5451.7000 2.70389753
5451.7500 2.70029942
5451.8000 2.6967013
5451.8500 2.69310319
5451.9000 2.68951973
5451.9500 2.68768593
5452.0000 2.68585212
5452.0500 2.68401832
5452.1000 2.68218452
5452.1500 2.68132131
5452.2000 2.68346776
5452.2500 2.6856142
5452.3000 2.68776064
5452.3500 2.68990708
5452.4000 2.69264748
5452.4500 2.69602941
5452.5000 2.69941134
5452.5500 2.70279328
5452.6000 2.70617521
5452.6500 2.70540029
5452.7000 2.70300056
5452.7500 2.70060083
5452.8000 2.69820109
5452.8500 2.69580136
5452.9000 2.6986571
5452.9500 2.70174013
5453.0000 2.70482316
5453.0500 2.70790619
5453.1000 2.71092419
5453.1500 2.71368116
5453.2000 2.71643814
5453.2500 2.71919512
5453.3000 2.72195209
5453.3500 2.71835645
5453.4000 2.70673167
5453.4500 2.69510688
5453.5000 2.68348209
5453.5500 2.67185731
5453.6000 2.68201677
5453.6500 2.70217924
5453.7000 2.72234171
5453.7500 2.74250417
5453.8000 2.76266664
5453.8500 2.76929861
5453.9000 2.77491621
5453.9500 2.7805338
5454.0000 2.78615139
5454.0500 2.78818014
5454.1000 2.77346993
5454.1500 2.75875973
5454.2000 2.74404952
5454.2500 2.72933931
5454.3000 2.72410775
5454.3500 2.73174311
5454.4000 2.73937848
5454.4500 2.74701385
5454.5000 2.75464921
5454.5500 2.75253707
5454.6000 2.74569235
5454.6500 2.73884763
5454.7000 2.73200292
5454.7500 2.7251582
5454.8000 2.72848175
5454.8500 2.73264767
5454.9000 2.73681359
5454.9500 2.74097951
5455.0000 2.74335071
5455.0500 2.73727125
5455.1000 2.7311918
5455.1500 2.72511234
5455.2000 2.71903288
5455.2500 2.71869084
5455.3000 2.72601032
5455.3500 2.7333298
5455.4000 2.74064927
5455.4500 2.74796875
5455.5000 2.75150219
5455.5500 2.75327497
5455.6000 2.75504775
5455.6500 2.75682053
5455.7000 2.75859331
5455.7500 2.74651035
5455.8000 2.73351628
5455.8500 2.7205222
5455.9000 2.70752812
5455.9500 2.69814087
5456.0000 2.70360775
5456.0500 2.70907462
5456.1000 2.71454149
5456.1500 2.72000837
5456.2000 2.72524112
5456.2500 2.7301921
5456.3000 2.73514307
5456.3500 2.74009404
5456.4000 2.74504501
5456.4500 2.74103841
5456.5000 2.73343643
5456.5500 2.72583445
5456.6000 2.71823248
5456.6500 2.7106305
5456.7000 2.71702928
5456.7500 2.72379123
5456.8000 2.73055319
5456.8500 2.73731514
5456.9000 2.7430225
5456.9500 2.74533849
5457.0000 2.74765447
5457.0500 2.74997046
5457.1000 2.75228645
5457.1500 2.76235651
5457.2000 2.78014837
5457.2500 2.79794023
5457.3000 2.81573209
5457.3500 2.83352395
5457.4000 2.8204571
5457.4500 2.79797596
5457.5000 2.77549481
5457.5500 2.75301367
5457.6000 2.73169427
5457.6500 2.74464372
5457.7000 2.75759316
5457.7500 2.77054261
5457.8000 2.78349205
5457.8500 2.79149559
5457.9000 2.78799688
5457.9500 2.78449817
5458.0000 2.78099946
5458.0500 2.77750075
5458.1000 2.77882062
5458.1500 2.78377613
5458.2000 2.78873164
5458.2500 2.79368715
5458.3000 2.79864266
5458.3500 2.79044098
5458.4000 2.77974404
5458.4500 2.76904711
5458.5000 2.75835017
5458.5500 2.75018119
5458.6000 2.76194191
5458.6500 2.77370264
5458.7000 2.78546337
5458.7500 2.7972241
5458.8000 2.7996979
5458.8500 2.78739332
5458.9000 2.77508875
5458.9500 2.76278417
5459.0000 2.75047959
5459.0500 2.74942768
5459.1000 2.75415698
5459.1500 2.75888627
5459.2000 2.76361557
5459.2500 2.76834486
5459.3000 2.76479478
5459.3500 2.76068488
5459.4000 2.75657498
5459.4500 2.75246508
5459.5000 2.75117814
5459.5500 2.76025417
5459.6000 2.7693302
5459.6500 2.77840622
5459.7000 2.78748225
5459.7500 2.78823673
5459.8000 2.78042898
5459.8500 2.77262124
5459.9000 2.76481349
5459.9500 2.75700574
5460.0000 2.75960769
5460.0500 2.76526622
5460.1000 2.77092475
5460.1500 2.77658327
5460.2000 2.78164014
5460.2500 2.77626498
5460.3000 2.77088982
5460.3500 2.76551466
5460.4000 2.7601395
5460.4500 2.76206857
5460.5000 2.77834171
5460.5500 2.79461484
5460.6000 2.81088798
5460.6500 2.82716112
5460.7000 2.83483124
5460.7500 2.83726523
5460.8000 2.83969923
5460.8500 2.84213322
5460.9000 2.84456721
5460.9500 2.8239064
5461.0000 2.80088451
5461.0500 2.77786263
5461.1000 2.75484075
5461.1500 2.74071903
5461.2000 2.76352232
5461.2500 2.78632562
5461.3000 2.80912892
5461.3500 2.83193221
5461.4000 2.8350561
5461.4500 2.81707797
5461.5000 2.79909983
5461.5500 2.7811217
5461.6000 2.76314357
5461.6500 2.758431
5461.7000 2.75763036
5461.7500 2.75682972
5461.8000 2.75602908
5461.8500 2.75547069
5461.9000 2.75849472
5461.9500 2.76151875
5462.0000 2.76454278
5462.0500 2.76756681
5462.1000 2.76904175
5462.1500 2.76771172
5462.2000 2.7663817
5462.2500 2.76505168
5462.3000 2.76372166
5462.3500 2.76046988
5462.4000 2.75618145
5462.4500 2.75189303
5462.5000 2.74760461
5462.5500 2.74331618
5462.6000 2.75884744
5462.6500 2.77553714
5462.7000 2.79222683
5462.7500 2.80891653
5462.8000 2.81918775
5462.8500 2.80928156
5462.9000 2.79937536
5462.9500 2.78946916
5463.0000 2.77956296
5463.0500 2.77049351
5463.1000 2.76213896
5463.1500 2.75378442
5463.2000 2.74542987
5463.2500 2.73707532
5463.3000 2.7337973
5463.3500 2.73149662
5463.4000 2.72919594
5463.4500 2.72689526
5463.5000 2.7256281
5463.5500 2.73075037
5463.6000 2.73587265
5463.6500 2.74099493
5463.7000 2.7461172
5463.7500 2.75273355
5463.8000 2.76124159
5463.8500 2.76974963
5463.9000 2.77825768
5463.9500 2.78676572
5464.0000 2.78804
5464.0500 2.7868344
5464.1000 2.78562879
5464.1500 2.78442319
5464.2000 2.78356638
5464.2500 2.78940743
5464.3000 2.79524849
5464.3500 2.80108955
5464.4000 2.80693061
5464.4500 2.8037076
5464.5000 2.78406423
5464.5500 2.76442086
5464.6000 2.74477748
5464.6500 2.72513411
5464.7000 2.72589231
5464.7500 2.73701032
5464.8000 2.74812833
5464.8500 2.75924634
5464.9000 2.77036435
5464.9500 2.74889872
5465.0000 2.72649957
5465.0500 2.70410042
5465.1000 2.68170126
5465.1500 2.66930237
5465.2000 2.6823082
5465.2500 2.69531403
5465.3000 2.70831985
5465.3500 2.72132568
5465.4000 2.72872546
5465.4500 2.73229569
5465.5000 2.73586592
5465.5500 2.73943614
5465.6000 2.74300637
5465.6500 2.7345829
5465.7000 2.72493259
5465.7500 2.71528229
5465.8000 2.70563198
5465.8500 2.70160067
5465.9000 2.71730143
5465.9500 2.73300218
5466.0000 2.74870293
5466.0500 2.76440368
5466.1000 2.77514803
5466.1500 2.78162709
5466.2000 2.78810616
5466.2500 2.79458522
5466.3000 2.80106429
5466.3500 2.78401784
5466.4000 2.7629714
5466.4500 2.74192496
5466.5000 2.72087852
5466.5500 2.704936
5466.6000 2.71334587
5466.6500 2.72175574
5466.7000 2.73016562
5466.7500 2.73857549
5466.8000 2.74289556
5466.8500 2.74301378
5466.9000 2.74313201
5466.9500 2.74325023
5467.0000 2.74336845
5467.0500 2.74344091
5467.1000 2.74350295
5467.1500 2.74356498
5467.2000 2.74362702
5467.2500 2.74305277
5467.3000 2.73848199
5467.3500 2.7339112
5467.4000 2.72934041
5467.4500 2.72476963
5467.5000 2.72409089
5467.5500 2.72795412
5467.6000 2.73181736
5467.6500 2.7356806
5467.7000 2.73954383
5467.7500 2.74265517
5467.8000 2.74556298
5467.8500 2.7484708
5467.9000 2.75137861
5467.9500 2.75207648
5468.0000 2.73557876
5468.0500 2.71908103
5468.1000 2.70258331
5468.1500 2.68608559
5468.2000 2.68461929
5468.2500 2.70211627
5468.3000 2.71961326
5468.3500 2.73711024
5468.4000 2.75460723
5468.4500 2.75539302
5468.5000 2.75123901
5468.5500 2.747085
5468.6000 2.74293099
5468.6500 2.73983727
5468.7000 2.74598646
5468.7500 2.75213565
5468.8000 2.75828484
5468.8500 2.76443402
5468.9000 2.7671858
5468.9500 2.76553135
5469.0000 2.7638769
5469.0500 2.76222246
5469.1000 2.76056801
5469.1500 2.7593646
5469.2000 2.75829653
5469.2500 2.75722845
5469.3000 2.75616038
5469.3500 2.75412428
5469.4000 2.7437875
5469.4500 2.73345072
5469.5000 2.72311393
5469.5500 2.71277715
5469.6000 2.70866501
5469.6500 2.71244093
5469.7000 2.71621684
5469.7500 2.71999275
5469.8000 2.72376867
5469.8500 2.723808
5469.9000 2.72278781
5469.9500 2.72176761
5470.0000 2.72074742
5470.0500 2.71879114
5470.1000 2.70987128
5470.1500 2.70095142
5470.2000 2.69203157
5470.2500 2.68311171
5470.3000 2.68031037
5470.3500 2.68471184
5470.4000 2.68911332
5470.4500 2.69351479
5470.5000 2.69791626
5470.5500 2.70394361
5470.6000 2.71037361
5470.6500 2.71680362
5470.7000 2.72323363
5470.7500 2.73141102
5470.8000 2.74988388
5470.8500 2.76835673
5470.9000 2.78682959
5470.9500 2.80530244
5471.0000 2.80244099
5471.0500 2.77738227
5471.1000 2.75232356
5471.1500 2.72726484
5471.2000 2.70220613
5471.2500 2.69984515
5471.3000 2.7019214
5471.3500 2.70399764
5471.4000 2.70607389
5471.4500 2.70780188
5471.5000 2.70798812
5471.5500 2.70817436
5471.6000 2.7083606
5471.6500 2.70854684
5471.7000 2.70870638
5471.7500 2.70884257
5471.8000 2.70897876
5471.8500 2.70911495
5471.9000 2.70925115
5471.9500 2.71937159
5472.0000 2.73080188
5472.0500 2.74223216
5472.1000 2.75366245
5472.1500 2.75923046
5472.2000 2.74582114
5472.2500 2.73241182
5472.3000 2.7190025
5472.3500 2.70559318
5472.4000 2.70462166
5472.4500 2.71231533
5472.5000 2.72000899
5472.5500 2.72770266
5472.6000 2.73539633
5472.6500 2.74746276
5472.7000 2.75978777
5472.7500 2.77211278
5472.8000 2.78443779
5472.8500 2.78725895
5472.9000 2.76794141
5472.9500 2.74862387
5473.0000 2.72930632
5473.0500 2.70998878
5473.1000 2.70289507
5473.1500 2.7021566
5473.2000 2.70141813
5473.2500 2.70067966
5473.3000 2.69984808
5473.3500 2.69360789
5473.4000 2.68736771
5473.4500 2.68112753
5473.5000 2.67488734
5473.5500 2.67423479
5473.6000 2.68280354
5473.6500 2.69137229
5473.7000 2.69994104
5473.7500 2.70850978
5473.8000 2.71195689
5473.8500 2.71359619
5473.9000 2.71523548
5473.9500 2.71687477
5474.0000 2.71905528
5474.0500 2.72598441
5474.1000 2.73291355
5474.1500 2.73984269
5474.2000 2.74677182
5474.2500 2.74768441
5474.3000 2.74172791
5474.3500 2.7357714
5474.4000 2.7298149
5474.4500 2.7238584
5474.5000 2.71303377
5474.5500 2.70123269
5474.6000 2.68943162
5474.6500 2.67763055
5474.7000 2.67081716
5474.7500 2.68391067
5474.8000 2.69700419
5474.8500 2.7100977
5474.9000 2.72319122
5474.9500 2.72990151
5475.0000 2.73178025
5475.0500 2.733659
5475.1000 2.73553774
5475.1500 2.73741648
5475.2000 2.72469881
5475.2500 2.71103981
5475.3000 2.6973808
5475.3500 2.6837218
5475.4000 2.6763327
5475.4500 2.68283011
5475.5000 2.68932753
5475.5500 2.69582495
5475.6000 2.70232237
5475.6500 2.70249801
5475.7000 2.69975466
5475.7500 2.69701131
5475.8000 2.69426796
5475.8500 2.69229878
5475.9000 2.70277017
5475.9500 2.71324157
5476.0000 2.72371296
5476.0500 2.73418436
5476.1000 2.73298813
5476.1500 2.71660415
5476.2000 2.70022017
5476.2500 2.6838362
5476.3000 2.66745222
5476.3500 2.66316921
5476.4000 2.66169248
5476.4500 2.66021574
5476.5000 2.65873901
5476.5500 2.65918096
5476.6000 2.66777853
5476.6500 2.6763761
5476.7000 2.68497368
5476.7500 2.69357125
5476.8000 2.69796563
5476.8500 2.69919654
5476.9000 2.70042745
5476.9500 2.70165836
5477.0000 2.70288927
5477.0500 2.70486527
5477.1000 2.70687876
5477.1500 2.70889224
5477.2000 2.71090573
5477.2500 2.70980452
5477.3000 2.70252162
5477.3500 2.69523872
5477.4000 2.68795582
5477.4500 2.68067292
5477.5000 2.68900131
5477.5500 2.70341874
5477.6000 2.71783616
5477.6500 2.73225358
5477.7000 2.74343777
5477.7500 2.7271153
5477.8000 2.71079282
5477.8500 2.69447034
5477.9000 2.67814787
5477.9500 2.67064037
5478.0000 2.67222094
5478.0500 2.6738015
5478.1000 2.67538206
5478.1500 2.67696262
5478.2000 2.68207224
5478.2500 2.6876586
5478.3000 2.69324497
5478.3500 2.69883134
5478.4000 2.7022039
5478.4500 2.69962166
5478.5000 2.69703941
5478.5500 2.69445717
5478.6000 2.69187493
5478.6500 2.69228689
5478.7000 2.69422446
5478.7500 2.69616203
5478.8000 2.6980996
5478.8500 2.69979801
5478.9000 2.69741317
5478.9500 2.69502833
5479.0000 2.6926435
5479.0500 2.69025866
5479.1000 2.68766859
5479.1500 2.68482727
5479.2000 2.68198596
5479.2500 2.67914465
5479.3000 2.67630334
5479.3500 2.68436089
5479.4000 2.69441262
5479.4500 2.70446436
5479.5000 2.71451609
5479.5500 2.71925235
5479.6000 2.70738104
5479.6500 2.69550972
5479.7000 2.68363841
5479.7500 2.6717671
5479.8000 2.66917384
5479.8500 2.67177653
5479.9000 2.67437923
5479.9500 2.67698192
5480.0000 2.67924652
5480.0500 2.67360143
5480.1000 2.66795633
5480.1500 2.66231124
5480.2000 2.65666614
5480.2500 2.65768662
5480.3000 2.66710858
5480.3500 2.67653053
5480.4000 2.68595249
5480.4500 2.69537444
5480.5000 2.68794151
5480.5500 2.67742203
5480.6000 2.66690256
5480.6500 2.65638308
5480.7000 2.65225396
5480.7500 2.66735007
5480.8000 2.68244617
5480.8500 2.69754227
5480.9000 2.71263837
5480.9500 2.71387635
5481.0000 2.70781983
5481.0500 2.70176332
5481.1000 2.6957068
5481.1500 2.69013328
5481.2000 2.69183539
5481.2500 2.6935375
5481.3000 2.69523961
5481.3500 2.69694172
5481.4000 2.69317398
5481.4500 2.68325752
5481.5000 2.67334106
5481.5500 2.66342459
5481.6000 2.65350813
5481.6500 2.64869111
5481.7000 2.64456456
5481.7500 2.64043801
5481.8000 2.63631147
5481.8500 2.63489133
5481.9000 2.64002907
5481.9500 2.6451668
5482.0000 2.65030453
5482.0500 2.65544227
5482.1000 2.65704118
5482.1500 2.65715897
5482.2000 2.65727677
5482.2500 2.65739456
5482.3000 2.65776342
5482.3500 2.65998754
5482.4000 2.66221166
5482.4500 2.66443577
5482.5000 2.66665989
5482.5500 2.67230166
5482.6000 2.68091536
5482.6500 2.68952905
5482.7000 2.69814275
5482.7500 2.70675644
5482.8000 2.69961313
5482.8500 2.69167521
5482.9000 2.68373729
5482.9500 2.67579937
5483.0000 2.66932685
5483.0500 2.66534373
5483.1000 2.66136061
5483.1500 2.65737749
5483.2000 2.65339437
5483.2500 2.6567537
5483.3000 2.66205879
5483.3500 2.66736388
5483.4000 2.67266897
5483.4500 2.6776879
5483.5000 2.68164268
5483.5500 2.68559746
5483.6000 2.68955224
5483.6500 2.69350702
5483.7000 2.6970945
5483.7500 2.70047066
5483.8000 2.70384682
5483.8500 2.70722298
5483.9000 2.70950466
5483.9500 2.6943457
5484.0000 2.67918674
5484.0500 2.66402778
5484.1000 2.64886882
5484.1500 2.65049805
5484.2000 2.6699707
5484.2500 2.68944335
5484.3000 2.708916
5484.3500 2.72838865
5484.4000 2.72731997
5484.4500 2.72426719
5484.5000 2.72121442
5484.5500 2.71816165
5484.6000 2.71333258
5484.6500 2.7050632
5484.7000 2.69679382
5484.7500 2.68852444
5484.8000 2.68025506
5484.8500 2.66988024
5484.9000 2.65887842
5484.9500 2.6478766
5485.0000 2.63687478
5485.0500 2.63133097
5485.1000 2.64734857
5485.1500 2.66336618
5485.2000 2.67938379
5485.2500 2.69540139
5485.3000 2.70051655
5485.3500 2.69936248
5485.4000 2.69820841
5485.4500 2.69705434
5485.5000 2.69503038
5485.5500 2.68131566
5485.6000 2.66760095
5485.6500 2.65388624
5485.7000 2.64017153
5485.7500 2.63852864
5485.8000 2.64871651
5485.8500 2.65890439
5485.9000 2.66909226
5485.9500 2.67928014
5486.0000 2.66086239
5486.0500 2.64069211
5486.1000 2.62052182
5486.1500 2.60035154
5486.2000 2.58890121
5486.2500 2.59162144
5486.3000 2.59434168
5486.3500 2.59706191
5486.4000 2.59978214
5486.4500 2.61086064
5486.5000 2.62376078
5486.5500 2.63666092
5486.6000 2.64956106
5486.6500 2.658116
5486.7000 2.65447014
5486.7500 2.65082427
5486.8000 2.64717841
5486.8500 2.64353254
5486.9000 2.63705757
5486.9500 2.62940228
5487.0000 2.62174699
5487.0500 2.6140917
5487.1000 2.60839508
5487.1500 2.6137923
5487.2000 2.61918953
5487.2500 2.62458675
5487.3000 2.62998397
5487.3500 2.63192335
5487.4000 2.63151837
5487.4500 2.6311134
5487.5000 2.63070842
5487.5500 2.63033565
5487.6000 2.63067457
5487.6500 2.6310135
5487.7000 2.63135242
5487.7500 2.63169134
5487.8000 2.6260759
5487.8500 2.61431438
5487.9000 2.60255286
5487.9500 2.59079134
5488.0000 2.57902983
5488.0500 2.59367969
5488.1000 2.60994644
5488.1500 2.62621319
5488.2000 2.64247994
5488.2500 2.65032897
5488.3000 2.64523065
5488.3500 2.64013234
5488.4000 2.63503402
5488.4500 2.6299357
5488.5000 2.62870664
5488.5500 2.62817583
5488.6000 2.62764502
5488.6500 2.62711421
5488.7000 2.62732128
5488.7500 2.62923615
5488.8000 2.63115102
5488.8500 2.63306589
5488.9000 2.63498076
5488.9500 2.63717131
5489.0000 2.63944999
5489.0500 2.64172868
5489.1000 2.64400736
5489.1500 2.64489196
5489.2000 2.64069322
5489.2500 2.63649449
5489.3000 2.63229575
5489.3500 2.62809701
5489.4000 2.62480933
5489.4500 2.621962
5489.5000 2.61911466
5489.5500 2.61626732
5489.6000 2.61515909
5489.6500 2.62523753
5489.7000 2.63531598
5489.7500 2.64539442
5489.8000 2.65547286
5489.8500 2.65612267
5489.9000 2.65039155
5489.9500 2.64466042
5490.0000 2.6389293
5490.0500 2.63400535
5490.1000 2.64179857
5490.1500 2.64959179
5490.2000 2.65738501
5490.2500 2.66517823
5490.3000 2.65995532
5490.3500 2.64292912
5490.4000 2.62590291
5490.4500 2.60887671
5490.5000 2.5918505
5490.5500 2.60291197
5490.6000 2.61423884
5490.6500 2.62556572
5490.7000 2.63689259
5490.7500 2.6414749
5490.8000 2.63808535
5490.8500 2.6346958
5490.9000 2.63130625
5490.9500 2.6279167
5491.0000 2.62959268
5491.0500 2.63166509
5491.1000 2.63373749
5491.1500 2.6358099
5491.2000 2.63891956
5491.2500 2.64359818
5491.3000 2.64827679
5491.3500 2.6529554
5491.4000 2.65763401
5491.4500 2.64692379
5491.5000 2.63391475
5491.5500 2.62090571
5491.6000 2.60789667
5491.6500 2.59888968
5491.7000 2.59753054
5491.7500 2.59617141
5491.8000 2.59481227
5491.8500 2.59345314
5491.9000 2.59765416
5491.9500 2.60308829
5492.0000 2.60852243
5492.0500 2.61395656
5492.1000 2.61810584
5492.1500 2.61918296
5492.2000 2.62026009
5492.2500 2.62133722
5492.3000 2.62241434
5492.3500 2.62277822
5492.4000 2.62293237
5492.4500 2.62308652
5492.5000 2.62324067
5492.5500 2.62243482
5492.6000 2.61878107
5492.6500 2.61512732
5492.7000 2.61147357
5492.7500 2.60781982
5492.8000 2.61820444
5492.8500 2.63370507
5492.9000 2.6492057
5492.9500 2.66470633
5493.0000 2.67078695
5493.0500 2.64250806
5493.1000 2.61422918
5493.1500 2.58595029
5493.2000 2.5576714
5493.2500 2.55906965
5493.3000 2.57325363
5493.3500 2.58743762
5493.4000 2.6016216
5493.4500 2.61151306
5493.5000 2.60237926
5493.5500 2.59324546
5493.6000 2.58411166
5493.6500 2.57497785
5493.7000 2.575826
5493.7500 2.58157409
5493.8000 2.58732218
5493.8500 2.59307027
5493.9000 2.5988806
5493.9500 2.60502051
5494.0000 2.61116043
5494.0500 2.61730034
5494.1000 2.62344025
5494.1500 2.62399801
5494.2000 2.62152956
5494.2500 2.61906111
5494.3000 2.61659265
5494.3500 2.61334047
5494.4000 2.60525438
5494.4500 2.59716829
5494.5000 2.5890822
5494.5500 2.58099612
5494.6000 2.58199469
5494.6500 2.58828218
5494.7000 2.59456967
5494.7500 2.60085716
5494.8000 2.60645441
5494.8500 2.60726522
5494.9000 2.60807604
5494.9500 2.60888685
5495.0000 2.60969767
5495.0500 2.60288131
5495.1000 2.59141986
5495.1500 2.5799584
5495.2000 2.56849695
5495.2500 2.5579037
5495.3000 2.55377325
5495.3500 2.5496428
5495.4000 2.54551236
5495.4500 2.54138191
5495.5000 2.55375365
5495.5500 2.57637623
5495.6000 2.59899881
5495.6500 2.62162139
5495.7000 2.64083018
5495.7500 2.63420267
5495.8000 2.62757516
5495.8500 2.62094765
5495.9000 2.61432015
5495.9500 2.62037776
5496.0000 2.63427437
5496.0500 2.64817098
5496.1000 2.66206759
5496.1500 2.67231944
5496.2000 2.65606433
5496.2500 2.63980921
5496.3000 2.62355409
5496.3500 2.60729897
5496.4000 2.5989374
5496.4500 2.5953084
5496.5000 2.5916794
5496.5500 2.58805039
5496.6000 2.58524987
5496.6500 2.58794775
5496.7000 2.59064563
5496.7500 2.59334351
5496.8000 2.59604139
5496.8500 2.60304634
5496.9000 2.6124931
5496.9500 2.62193986
5497.0000 2.63138662
5497.0500 2.6370776
5497.1000 2.62095943
5497.1500 2.60484125
5497.2000 2.58872307
5497.2500 2.5726049
5497.3000 2.56588597
5497.3500 2.56407175
5497.4000 2.56225753
5497.4500 2.5604433
5497.5000 2.55833652
5497.5500 2.55478896
5497.6000 2.5512414
5497.6500 2.54769383
5497.7000 2.54414627
5497.7500 2.55392432
5497.8000 2.56991764
5497.8500 2.58591097
5497.9000 2.60190429
5497.9500 2.61270798
5498.0000 2.60229978
5498.0500 2.59189158
5498.1000 2.58148338
5498.1500 2.57107518
5498.2000 2.56924372
5498.2500 2.57087008
5498.3000 2.57249643
5498.3500 2.57412279
5498.4000 2.57688622
5498.4500 2.58345065
5498.5000 2.59001509
5498.5500 2.59657952
5498.6000 2.60314396
5498.6500 2.59564872
5498.7000 2.58345034
5498.7500 2.57125197
5498.8000 2.55905359
5498.8500 2.5543941
5498.9000 2.57012892
5498.9500 2.58586374
5499.0000 2.60159856
5499.0500 2.61733339
5499.1000 2.608582
5499.1500 2.59339694
5499.2000 2.57821188
5499.2500 2.56302682
5499.3000 2.55292413
5499.3500 2.55385096
5499.4000 2.55477779
5499.4500 2.55570462
5499.5000 2.55663145
5499.5500 2.56012015
5499.6000 2.56409522
5499.6500 2.56807029
5499.7000 2.57204536
5499.7500 2.57767435
5499.8000 2.58615691
5499.8500 2.59463947
5499.9000 2.60312203
5499.9500 2.61160459
5500.0000 2.61443464
5500.0500 2.61660082
5500.1000 2.618767
5500.1500 2.62093318
5500.2000 2.61975428
5500.2500 2.61403767
5500.3000 2.60832105
5500.3500 2.60260444
5500.4000 2.59688783
5500.4500 2.5963541
5500.5000 2.59606292
5500.5500 2.59577174
5500.6000 2.59548056
5500.6500 2.59620899
5500.7000 2.59800835
5500.7500 2.59980771
5500.8000 2.60160707
5500.8500 2.60364335
5500.9000 2.61639068
5500.9500 2.62913801
5501.0000 2.64188534
5501.0500 2.65463267
5501.1000 2.65983033
5501.1500 2.6590246
5501.2000 2.65821887
5501.2500 2.65741314
5501.3000 2.65634727
5501.3500 2.65277236
5501.4000 2.64919744
5501.4500 2.64562253
5501.5000 2.64204761
5501.5500 2.63817735
5501.6000 2.63413535
5501.6500 2.63009335
5501.7000 2.62605135
5501.7500 2.62234694
5501.8000 2.62026543
5501.8500 2.61818392
5501.9000 2.61610241
5501.9500 2.61402089
5502.0000 2.61437678
5502.0500 2.61571109
5502.1000 2.61704539
5502.1500 2.61837969
5502.2000 2.61876689
5502.2500 2.61640765
5502.3000 2.6140484
5502.3500 2.61168915
5502.4000 2.60932991
5502.4500 2.61072442
5502.5000 2.61305285
5502.5500 2.61538128
5502.6000 2.61770972
5502.6500 2.61445947
5502.7000 2.60069312
5502.7500 2.58692677
5502.8000 2.57316041
5502.8500 2.55939406
5502.9000 2.57159173
5502.9500 2.58686948
5503.0000 2.60214722
5503.0500 2.61742497
5503.1000 2.62028002
5503.1500 2.60750188
5503.2000 2.59472374
5503.2500 2.58194561
5503.3000 2.56916747
5503.3500 2.57477305
5503.4000 2.58050614
5503.4500 2.58623924
5503.5000 2.59197233
5503.5500 2.58996824
5503.6000 2.58150297
5503.6500 2.5730377
5503.7000 2.56457242
5503.7500 2.55669366
5503.8000 2.55419768
5503.8500 2.5517017
5503.9000 2.54920572
5503.9500 2.54670974
5504.0000 2.54849055
5504.0500 2.5525433
5504.1000 2.55659605
5504.1500 2.56064879
5504.2000 2.56392282
5504.2500 2.56425657
5504.3000 2.56459031
5504.3500 2.56492406
5504.4000 2.5652578
5504.4500 2.55692355
5504.5000 2.54595913
5504.5500 2.5349947
5504.6000 2.52403028
5504.6500 2.51697884
5504.7000 2.51799837
5504.7500 2.51901791
5504.8000 2.52003744
5504.8500 2.52105697
5504.9000 2.52739011
5504.9500 2.53439793
5505.0000 2.54140575
5505.0500 2.54841357
5505.1000 2.55134222
5505.1500 2.54927814
5505.2000 2.54721406
5505.2500 2.54514998
5505.3000 2.54315419
5505.3500 2.54616127
5505.4000 2.54916834
5505.4500 2.55217542
5505.5000 2.55518249
5505.5500 2.55376533
5505.6000 2.5491284
5505.6500 2.54449148
5505.7000 2.53985456
5505.7500 2.53727815
5505.8000 2.54679218
5505.8500 2.55630621
5505.9000 2.56582024
5505.9500 2.57533427
5506.0000 2.5757129
5506.0500 2.5724311
5506.1000 2.5691493
5506.1500 2.5658675
5506.2000 2.56127411
5506.2500 2.55337024
5506.3000 2.54546638
5506.3500 2.53756251
5506.4000 2.52965865
5506.4500 2.53342481
5506.5000 2.53916845
5506.5500 2.54491209
5506.6000 2.55065573
5506.6500 2.55581149
5506.7000 2.56018142
5506.7500 2.56455134
5506.8000 2.56892127
5506.8500 2.57330037
5506.9000 2.58166788
5506.9500 2.5900354
5507.0000 2.59840292
5507.0500 2.60677043
5507.1000 2.6030013
5507.1500 2.5903766
5507.2000 2.5777519
5507.2500 2.56512721
5507.3000 2.55479826
5507.3500 2.55693585
5507.4000 2.55907344
5507.4500 2.56121103
5507.5000 2.56334862
5507.5500 2.56300359
5507.6000 2.56176065
5507.6500 2.56051771
5507.7000 2.55927477
5507.7500 2.55752555
5507.8000 2.55467417
5507.8500 2.5518228
5507.9000 2.54897143
5507.9500 2.54612005
5508.0000 2.54546802
5508.0500 2.54506946
5508.1000 2.54467089
5508.1500 2.54427233
5508.2000 2.54169675
5508.2500 2.53676334
5508.3000 2.53182993
5508.3500 2.52689651
5508.4000 2.52219796
5508.4500 2.52087911
5508.5000 2.51956025
5508.5500 2.51824139
5508.6000 2.51692253
5508.6500 2.52292283
5508.7000 2.53283993
5508.7500 2.54275703
5508.8000 2.55267414
5508.8500 2.55836166
5508.9000 2.55060713
5508.9500 2.54285261
5509.0000 2.53509808
5509.0500 2.52734355
5509.1000 2.52172867
5509.1500 2.51655578
5509.2000 2.51138288
5509.2500 2.50620999
5509.3000 2.51048056
5509.3500 2.52780483
5509.4000 2.54512909
5509.4500 2.56245336
5509.5000 2.57972796
5509.5500 2.59299641
5509.6000 2.60626487
5509.6500 2.61953332
5509.7000 2.63280178
5509.7500 2.620254
5509.8000 2.59093843
5509.8500 2.56162287
5509.9000 2.5323073
5509.9500 2.50719707
5510.0000 2.49872516
5510.0500 2.49025326
5510.1000 2.48178136
5510.1500 2.47330946
5510.2000 2.48181932
5510.2500 2.49460687
5510.3000 2.50739441
5510.3500 2.52018195
5510.4000 2.52921913
5510.4500 2.53256786
5510.5000 2.5359166
5510.5500 2.53926534
5510.6000 2.54261407
5510.6500 2.54299688
5510.7000 2.54337197
5510.7500 2.54374705
5510.8000 2.54412214
5510.8500 2.5466399
5510.9000 2.55059215
5510.9500 2.55454439
5511.0000 2.55849664
5511.0500 2.55793725
5511.1000 2.53956509
5511.1500 2.52119293
5511.2000 2.50282078
5511.2500 2.48444862
5511.3000 2.48709124
5511.3500 2.49476871
5511.4000 2.50244617
5511.4500 2.51012363
5511.5000 2.50799769
5511.5500 2.49193053
5511.6000 2.47586338
5511.6500 2.45979622
5511.7000 2.44456549
5511.7500 2.46922312
5511.8000 2.49388076
5511.8500 2.5185384
5511.9000 2.54319604
5511.9500 2.54700885
5512.0000 2.53856528
5512.0500 2.53012172
5512.1000 2.52167815
5512.1500 2.51648006
5512.2000 2.5215342
5512.2500 2.52658834
5512.3000 2.53164249
5512.3500 2.53669663
5512.4000 2.53312412
5512.4500 2.52806122
5512.5000 2.52299833
5512.5500 2.51793543
5512.6000 2.51487623
5512.6500 2.51410898
5512.7000 2.51334172
5512.7500 2.51257447
5512.8000 2.51221466
5512.8500 2.51643217
5512.9000 2.52064968
5512.9500 2.52486719
5513.0000 2.5290847
5513.0500 2.52527467
5513.1000 2.51800056
5513.1500 2.51072644
5513.2000 2.50345232
5513.2500 2.49758842
5513.3000 2.49476435
5513.3500 2.49194029
5513.4000 2.48911623
5513.4500 2.48629217
5513.5000 2.4898978
5513.5500 2.49393744
5513.6000 2.49797708
5513.6500 2.50201672
5513.7000 2.49853698
5513.7500 2.48910501
5513.8000 2.47967304
5513.8500 2.47024108
5513.9000 2.46483384
5513.9500 2.47762661
5514.0000 2.49041938
5514.0500 2.50321215
5514.1000 2.51600493
5514.1500 2.51338599
5514.2000 2.50704684
5514.2500 2.50070768
5514.3000 2.49436852
5514.3500 2.48921763
5514.4000 2.48563205
5514.4500 2.48204648
5514.5000 2.4784609
5514.5500 2.47497828
5514.6000 2.47313615
5514.6500 2.47129402
5514.7000 2.4694519
5514.7500 2.46760977
5514.8000 2.47128338
5514.8500 2.47745712
5514.9000 2.48363085
5514.9500 2.48980459
5515.0000 2.49316079
5515.0500 2.49049339
5515.1000 2.48782599
5515.1500 2.48515859
5515.2000 2.48249119
5515.2500 2.47311296
5515.3000 2.46338747
5515.3500 2.45366198
5515.4000 2.44393649
5515.4500 2.4384382
5515.5000 2.43594551
5515.5500 2.43345282
5515.6000 2.43096013
5515.6500 2.42860078
5515.7000 2.42671517
5515.7500 2.42482956
5515.8000 2.42294395
5515.8500 2.42105834
5515.9000 2.43074991
5515.9500 2.44238352
5516.0000 2.45401713
5516.0500 2.46565075
5516.1000 2.4677288
5516.1500 2.4600428
5516.2000 2.45235679
5516.2500 2.44467079
5516.3000 2.43881302
5516.3500 2.44473056
5516.4000 2.45064811
5516.4500 2.45656565
5516.5000 2.4624832
5516.5500 2.46449499
5516.6000 2.46537755
5516.6500 2.46626011
5516.7000 2.46714267
5516.7500 2.46703485
5516.8000 2.4655514
5516.8500 2.46406796
5516.9000 2.46258452
5516.9500 2.46269302
5517.0000 2.48648164
5517.0500 2.51027027
5517.1000 2.53405889
5517.1500 2.55784752
5517.2000 2.55098952
5517.2500 2.53154912
5517.3000 2.51210871
5517.3500 2.4926683
5517.4000 2.48428327
5517.4500 2.4958607
5517.5000 2.50743814
5517.5500 2.51901558
5517.6000 2.53048157
5517.6500 2.52158849
5517.7000 2.51269542
5517.7500 2.50380235
5517.8000 2.49490927
5517.8500 2.48917966
5517.9000 2.48510886
5517.9500 2.48103805
5518.0000 2.47696725
5518.0500 2.47821149
5518.1000 2.49139069
5518.1500 2.5045699
5518.2000 2.5177491
5518.2500 2.5309283
5518.3000 2.53111599
5518.3500 2.53078724
5518.4000 2.53045849
5518.4500 2.53012975
5518.5000 2.5298484
5518.5500 2.52959647
5518.6000 2.52934454
5518.6500 2.52909262
5518.7000 2.52535637
5518.7500 2.51237409
5518.8000 2.49939181
5518.8500 2.48640953
5518.9000 2.47342724
5518.9500 2.47938395
5519.0000 2.4867228
5519.0500 2.49406165
5519.1000 2.5014005
5519.1500 2.49881332
5519.2000 2.48937996
5519.2500 2.47994659
5519.3000 2.47051322
5519.3500 2.46044483
5519.4000 2.44850335
5519.4500 2.43656188
5519.5000 2.4246204
5519.5500 2.41267892
5519.6000 2.39999024
5519.6500 2.38723313
5519.7000 2.37447602
5519.7500 2.36171892
5519.8000 2.36673171
5519.8500 2.38458171
5519.9000 2.4024317
5519.9500 2.42028169
5520.0000 2.43209372
5520.0500 2.42545876
5520.1000 2.41882381
5520.1500 2.41218885
5520.2000 2.4055539
5520.2500 2.41074777
5520.3000 2.41705227
5520.3500 2.42335678
5520.4000 2.42966128
5520.4500 2.43203255
5520.5000 2.43159378
5520.5500 2.43115501
5520.6000 2.43071625
5520.6500 2.428357
5520.7000 2.42035584
5520.7500 2.41235468
5520.8000 2.40435352
5520.8500 2.39635236
5520.9000 2.40392979
5520.9500 2.41274906
5521.0000 2.42156834
5521.0500 2.43038762
5521.1000 2.43029962
5521.1500 2.42427197
5521.2000 2.41824431
5521.2500 2.41221666
5521.3000 2.4081101
5521.3500 2.40906156
5521.4000 2.41001302
5521.4500 2.41096448
5521.5000 2.41191594
5521.5500 2.41804041
5521.6000 2.4244249
5521.6500 2.4308094
5521.7000 2.43719389
5521.7500 2.44162864
5521.8000 2.44492109
5521.8500 2.44821354
5521.9000 2.45150599
5521.9500 2.45005999
5522.0000 2.43809443
5522.0500 2.42612887
5522.1000 2.4141633
5522.1500 2.40219774
5522.2000 2.41598265
5522.2500 2.42997274
5522.3000 2.44396282
5522.3500 2.45795291
5522.4000 2.46300297
5522.4500 2.46375234
5522.5000 2.4645017
5522.5500 2.46525106
5522.6000 2.46193765
5522.6500 2.45139662
5522.7000 2.4408556
5522.7500 2.43031457
5522.8000 2.42082203
5522.8500 2.43304701
5522.9000 2.44527199
5522.9500 2.45749697
5523.0000 2.46972196
5523.0500 2.47214327
5523.1000 2.47100853
5523.1500 2.46987379
5523.2000 2.46873906
5523.2500 2.46644143
5523.3000 2.46255853
5523.3500 2.45867563
5523.4000 2.45479273
5523.4500 2.45203282
5523.5000 2.4579975
5523.5500 2.46396218
5523.6000 2.46992686
5523.6500 2.47589155
5523.7000 2.4650859
5523.7500 2.4502562
5523.8000 2.43542651
5523.8500 2.42059681
5523.9000 2.41325038
5523.9500 2.4133725
5524.0000 2.41349462
5524.0500 2.41361673
5524.1000 2.41689523
5524.1500 2.43311627
5524.2000 2.4493373
5524.2500 2.46555834
5524.3000 2.48177938
5524.3500 2.46230631
5524.4000 2.43856497
5524.4500 2.41482364
5524.5000 2.3910823
5524.5500 2.38054898
5524.6000 2.37912272
5524.6500 2.37769646
5524.7000 2.3762702
5524.7500 2.38141275
5524.8000 2.40247122
5524.8500 2.42352968
5524.9000 2.44458814
5524.9500 2.4656466
5525.0000 2.46090337
5525.0500 2.45600358
5525.1000 2.45110379
5525.1500 2.446204
5525.2000 2.43468318
5525.2500 2.42028893
5525.3000 2.40589468
5525.3500 2.39150042
5525.4000 2.38740628
5525.4500 2.39861446
5525.5000 2.40982265
5525.5500 2.42103083
5525.6000 2.43143476
5525.6500 2.43525293
5525.7000 2.43907109
5525.7500 2.44288926
5525.8000 2.44670743
5525.8500 2.43871404
5525.9000 2.42807351
5525.9500 2.41743298
5526.0000 2.40679245
5526.0500 2.40309671
5526.1000 2.40564486
5526.1500 2.408193
5526.2000 2.41074115
5526.2500 2.41063749
5526.3000 2.40203397
5526.3500 2.39343046
5526.4000 2.38482694
5526.4500 2.37622343
5526.5000 2.36548486
5526.5500 2.35463532
5526.6000 2.34378577
5526.6500 2.33293623
5526.7000 2.32680598
5526.7500 2.32305365
5526.8000 2.31930132
5526.8500 2.31554899
5526.9000 2.31703783
5526.9500 2.32704605
5527.0000 2.33705427
5527.0500 2.3470625
5527.1000 2.35705513
5527.1500 2.36690487
5527.2000 2.37675461
5527.2500 2.38660436
5527.3000 2.3964541
5527.3500 2.39966265
5527.4000 2.40138827
5527.4500 2.40311388
5527.5000 2.4048395
5527.5500 2.39670155
5527.6000 2.38009728
5527.6500 2.36349302
5527.7000 2.34688875
5527.7500 2.33678866
5527.8000 2.34516808
5527.8500 2.35354751
5527.9000 2.36192694
5527.9500 2.37030637
5528.0000 2.37344364
5528.0500 2.3764964
5528.1000 2.37954916
5528.1500 2.38260191
5528.2000 2.37524649
5528.2500 2.36362961
5528.3000 2.35201272
5528.3500 2.34039584
5528.4000 2.33715747
5528.4500 2.34473747
5528.5000 2.35231747
5528.5500 2.35989747
5528.6000 2.36391993
5528.6500 2.34993582
5528.7000 2.3359517
5528.7500 2.32196758
5528.8000 2.30798346
5528.8500 2.30700193
5528.9000 2.30754464
5528.9500 2.30808734
5529.0000 2.30863004
5529.0500 2.30920409
5529.1000 2.30979681
5529.1500 2.31038953
5529.2000 2.31098225
5529.2500 2.3157118
5529.3000 2.32779545
5529.3500 2.3398791
5529.4000 2.35196275
5529.4500 2.36301179
5529.5000 2.36418688
5529.5500 2.36536197
5529.6000 2.36653705
5529.6500 2.36771214
5529.7000 2.36497756
5529.7500 2.36144933
5529.8000 2.3579211
5529.8500 2.35439287
5529.9000 2.35637583
5529.9500 2.36252904
5530.0000 2.36868226
5530.0500 2.37483547
5530.1000 2.37232102
5530.1500 2.35040789
5530.2000 2.32849476
5530.2500 2.30658163
5530.3000 2.28602022
5530.3500 2.29114939
5530.4000 2.29627855
5530.4500 2.30140772
5530.5000 2.30653689
5530.5500 2.31479659
5530.6000 2.32387483
5530.6500 2.33295308
5530.7000 2.34203132
5530.7500 2.3559355
5530.8000 2.37399976
5530.8500 2.39206402
5530.9000 2.41012829
5530.9500 2.41988413
5531.0000 2.40858534
5531.0500 2.39728655
5531.1000 2.38598776
5531.1500 2.37500562
5531.2000 2.37410714
5531.2500 2.37320867
5531.3000 2.37231019
5531.3500 2.37141171
5531.4000 2.3552151
5531.4500 2.33469162
5531.5000 2.31416814
5531.5500 2.29364466
5531.6000 2.29067545
5531.6500 2.30326165
5531.7000 2.31584785
5531.7500 2.32843405
5531.8000 2.3356452
5531.8500 2.32920024
5531.9000 2.32275528
5531.9500 2.31631032
5532.0000 2.31039076
5532.0500 2.31843162
5532.1000 2.32647247
5532.1500 2.33451333
5532.2000 2.34255418
5532.2500 2.34734981
5532.3000 2.35129158
5532.3500 2.35523335
5532.4000 2.35917512
5532.4500 2.35453711
5532.5000 2.34284253
5532.5500 2.33114796
5532.6000 2.31945339
5532.6500 2.31090482
5532.7000 2.3094475
5532.7500 2.30799017
5532.8000 2.30653285
5532.8500 2.30516241
5532.9000 2.30499215
5532.9500 2.30482189
5533.0000 2.30465163
5533.0500 2.30448137
5533.1000 2.30506332
5533.1500 2.30580011
5533.2000 2.30653691
5533.2500 2.30727371
5533.3000 2.30732106
5533.3500 2.30689456
5533.4000 2.30646805
5533.4500 2.30604155
5533.5000 2.30855164
5533.5500 2.31633651
5533.6000 2.32412137
5533.6500 2.33190624
5533.7000 2.33663527
5533.7500 2.31981313
5533.8000 2.30299098
5533.8500 2.28616884
5533.9000 2.26934669
5533.9500 2.28458365
5534.0000 2.30368858
5534.0500 2.32279351
5534.1000 2.34189844
5534.1500 2.34119411
5534.2000 2.33037955
5534.2500 2.31956499
5534.3000 2.30875043
5534.3500 2.30089943
5534.4000 2.29692238
5534.4500 2.29294533
5534.5000 2.28896827
5534.5500 2.2843785
5534.6000 2.27743235
5534.6500 2.27048619
5534.7000 2.26354004
5534.7500 2.25659388
5534.8000 2.25962026
5534.8500 2.26284084
5534.9000 2.26606142
5534.9500 2.269282
5535.0000 2.27653043
5535.0500 2.28507162
5535.1000 2.29361281
5535.1500 2.30215399
5535.2000 2.30813545
5535.2500 2.31188992
5535.3000 2.31564439
5535.3500 2.31939887
5535.4000 2.32032366
5535.4500 2.31506885
5535.5000 2.30981405
5535.5500 2.30455924
5535.6000 2.29862671
5535.6500 2.28623879
5535.7000 2.27385087
5535.7500 2.26146295
5535.8000 2.24907503
5535.8500 2.25271833
5535.9000 2.25859883
5535.9500 2.26447933
5536.0000 2.27035983
5536.0500 2.27329105
5536.1000 2.27471417
5536.1500 2.27613729
5536.2000 2.27756041
5536.2500 2.28531641
5536.3000 2.30089467
5536.3500 2.31647294
5536.4000 2.33205121
5536.4500 2.3402436
5536.5000 2.32435507
5536.5500 2.30846654
5536.6000 2.292578
5536.6500 2.27694215
5536.7000 2.2717375
5536.7500 2.26653285
5536.8000 2.26132819
5536.8500 2.25612354
5536.9000 2.24635337
5536.9500 2.23554125
5537.0000 2.22472912
5537.0500 2.213917
5537.1000 2.2119815
5537.1500 2.21580943
5537.2000 2.21963735
5537.2500 2.22346528
5537.3000 2.22584342
5537.3500 2.22604752
5537.4000 2.22625162
5537.4500 2.22645571
5537.5000 2.22606309
5537.5500 2.22321363
5537.6000 2.22036416
5537.6500 2.21751469
5537.7000 2.21466522
5537.7500 2.2321181
5537.8000 2.24972703
5537.8500 2.26733597
5537.9000 2.28494491
5537.9500 2.27935372
5538.0000 2.26763005
5538.0500 2.25590638
5538.1000 2.24418271
5538.1500 2.24616469
5538.2000 2.25762763
5538.2500 2.26909058
5538.3000 2.28055352
5538.3500 2.28779321
5538.4000 2.28850661
5538.4500 2.28922002
5538.5000 2.28993342
5538.5500 2.28920649
5538.6000 2.28258114
5538.6500 2.27595579
5538.7000 2.26933044
5538.7500 2.26271783
5538.8000 2.26621243
5538.8500 2.26970703
5538.9000 2.27320163
5538.9500 2.27669623
5539.0000 2.2614101
5539.0500 2.24165732
5539.1000 2.22190454
5539.1500 2.20215176
5539.2000 2.19642189
5539.2500 2.19943061
5539.3000 2.20243933
5539.3500 2.20544805
5539.4000 2.21516067
5539.4500 2.23390963
5539.5000 2.25265858
5539.5500 2.27140754
5539.6000 2.28185237
5539.6500 2.2656141
5539.7000 2.24937582
5539.7500 2.23313754
5539.8000 2.21794706
5539.8500 2.2224983
5539.9000 2.22704954
5539.9500 2.23160078
5540.0000 2.23615202
5540.0500 2.23572092
5540.1000 2.23451266
5540.1500 2.23330441
5540.2000 2.23209616
5540.2500 2.22901673
5540.3000 2.22506218
5540.3500 2.22110763
5540.4000 2.21715308
5540.4500 2.2153466
5540.5000 2.21569469
5540.5500 2.21604279
5540.6000 2.21639089
5540.6500 2.21652188
5540.7000 2.21618887
5540.7500 2.21585585
5540.8000 2.21552284
5540.8500 2.21460719
5540.9000 2.21010895
5540.9500 2.20561072
5541.0000 2.20111249
5541.0500 2.19661425
5541.1000 2.2098069
5541.1500 2.2236864
5541.2000 2.2375659
5541.2500 2.2514454
5541.3000 2.245146
5541.3500 2.23338485
5541.4000 2.2216237
5541.4500 2.20986255
5541.5000 2.21645493
5541.5500 2.23463577
5541.6000 2.2528166
5541.6500 2.27099744
5541.7000 2.27681124
5541.7500 2.26692152
5541.8000 2.25703179
5541.8500 2.24714206
5541.9000 2.2351009
5541.9500 2.21723669
5542.0000 2.19937247
5542.0500 2.18150825
5542.1000 2.16547751
5542.1500 2.16583333
5542.2000 2.16618915
5542.2500 2.16654496
5542.3000 2.16690078
5542.3500 2.16284811
5542.4000 2.15847933
5542.4500 2.15411055
5542.5000 2.14974176
5542.5500 2.16360811
5542.6000 2.18300851
5542.6500 2.20240891
5542.7000 2.22180932
5542.7500 2.23059311
5542.8000 2.23238373
5542.8500 2.23417435
5542.9000 2.23596496
5542.9500 2.23060762
5543.0000 2.21616063
5543.0500 2.20171364
5543.1000 2.18726666
5543.1500 2.17671001
5543.2000 2.1761987
5543.2500 2.1756874
5543.3000 2.17517609
5543.3500 2.17614014
5543.4000 2.18795
5543.4500 2.19975985
5543.5000 2.21156971
5543.5500 2.22337957
5543.6000 2.23377487
5543.6500 2.24411422
5543.7000 2.25445357
5543.7500 2.26479292
5543.8000 2.2600373
5543.8500 2.25164317
5543.9000 2.24324905
5543.9500 2.23485492
5544.0000 2.22862479
5544.0500 2.22355359
5544.1000 2.21848239
5544.1500 2.21341119
5544.2000 2.20869033
5544.2500 2.20432219
5544.3000 2.19995405
5544.3500 2.19558591
5544.4000 2.18973793
5544.4500 2.18110547
5544.5000 2.172473
5544.5500 2.16384054
5544.6000 2.15851647
5544.6500 2.16664661
5544.7000 2.17477675
5544.7500 2.18290689
5544.8000 2.19093535
5544.8500 2.19700454
5544.9000 2.20307374
5544.9500 2.20914293
5545.0000 2.21521213
5545.0500 2.19998457
5545.1000 2.18246771
5545.1500 2.16495085
5545.2000 2.14743399
5545.2500 2.15426338
5545.3000 2.16885839
5545.3500 2.1834534
5545.4000 2.1980484
5545.4500 2.19432633
5545.5000 2.17913905
5545.5500 2.16395177
5545.6000 2.14876448
5545.6500 2.14472827
5545.7000 2.1530899
5545.7500 2.16145153
5545.8000 2.16981316
5545.8500 2.17168127
5545.9000 2.1605812
5545.9500 2.14948113
5546.0000 2.13838105
5546.0500 2.13074869
5546.1000 2.13739369
5546.1500 2.14403869
5546.2000 2.15068369
5546.2500 2.15774634
5546.3000 2.17149255
5546.3500 2.18523877
5546.4000 2.19898498
5546.4500 2.21273119
5546.5000 2.21031954
5546.5500 2.20657596
5546.6000 2.20283238
5546.6500 2.1990888
5546.7000 2.18247019
5546.7500 2.16243968
5546.8000 2.14240917
5546.8500 2.12237866
5546.9000 2.12992486
5546.9500 2.15175234
5547.0000 2.17357981
5547.0500 2.19540729
5547.1000 2.19828804
5547.1500 2.18428292
5547.2000 2.17027781
5547.2500 2.15627269
5547.3000 2.14555497
5547.3500 2.13976148
5547.4000 2.133968
5547.4500 2.12817451
5547.5000 2.13030179
5547.5500 2.15346359
5547.6000 2.17662539
5547.6500 2.19978719
5547.7000 2.2188942
5547.7500 2.21473409
5547.8000 2.21057398
5547.8500 2.20641387
5547.9000 2.20214588
5547.9500 2.19365403
5548.0000 2.18516218
5548.0500 2.17667033
5548.1000 2.16817849
5548.1500 2.1737858
5548.2000 2.18090694
5548.2500 2.18802809
5548.3000 2.19514923
5548.3500 2.18306822
5548.4000 2.16565985
5548.4500 2.14825149
5548.5000 2.13084312
5548.5500 2.14005674
5548.6000 2.16272737
5548.6500 2.185398
5548.7000 2.20806862
5548.7500 2.20910976
5548.8000 2.19226006
5548.8500 2.17541036
5548.9000 2.15856066
5548.9500 2.14408175
5549.0000 2.13271991
5549.0500 2.12135806
5549.1000 2.10999622
5549.1500 2.1091307
5549.2000 2.13073926
5549.2500 2.15234781
5549.3000 2.17395637
5549.3500 2.18548706
5549.4000 2.15825708
5549.4500 2.1310271
5549.5000 2.10379712
5549.5500 2.0806742
5549.6000 2.09623029
5549.6500 2.11178638
5549.7000 2.12734247
5549.7500 2.14289856
5549.8000 2.13570405
5549.8500 2.12821635
5549.9000 2.12072864
5549.9500 2.11324093
5550.0000 2.12379121
5550.0500 2.13679634
5550.1000 2.14980146
5550.1500 2.16280659
5550.2000 2.16092587
5550.2500 2.15471823
5550.3000 2.1485106
5550.3500 2.14230296
5550.4000 2.13043851
5550.4500 2.11580069
5550.5000 2.10116286
5550.5500 2.08652503
5550.6000 2.07649064
5550.6500 2.06994471
5550.7000 2.06339877
5550.7500 2.05685283
5550.8000 2.06425065
5550.8500 2.08747217
5550.9000 2.11069369
5550.9500 2.13391521
5551.0000 2.14940236
5551.0500 2.15169755
5551.1000 2.15399274
5551.1500 2.15628793
5551.2000 2.15093962
5551.2500 2.12517785
5551.3000 2.09941609
5551.3500 2.07365433
5551.4000 2.05755318
5551.4500 2.08639962
5551.5000 2.11524607
5551.5500 2.14409251
5551.6000 2.16931368
5551.6500 2.15450298
5551.7000 2.13969229
5551.7500 2.1248816
5551.8000 2.1100709
5551.8500 2.12386716
5551.9000 2.13792832
5551.9500 2.15198948
5552.0000 2.16605064
5552.0500 2.15726875
5552.1000 2.14595617
5552.1500 2.1346436
5552.2000 2.12333103
5552.2500 2.11750941
5552.3000 2.11296445
5552.3500 2.10841949
5552.4000 2.10387453
5552.4500 2.09619767
5552.5000 2.08732751
5552.5500 2.07845735
5552.6000 2.0695872
5552.6500 2.07036654
5552.7000 2.07660894
5552.7500 2.08285135
5552.8000 2.08909375
5552.8500 2.09324168
5552.9000 2.09570734
5552.9500 2.098173
5553.0000 2.10063866
5553.0500 2.09565523
5553.1000 2.0823485
5553.1500 2.06904178
5553.2000 2.05573506
5553.2500 2.05383259
5553.3000 2.06964342
5553.3500 2.08545425
5553.4000 2.10126507
5553.4500 2.1173221
5553.5000 2.13392026
5553.5500 2.15051843
5553.6000 2.16711659
5553.6500 2.17420932
5553.7000 2.15042576
5553.7500 2.1266422
5553.8000 2.10285864
5553.8500 2.08207255
5553.9000 2.07705328
5553.9500 2.072034
5554.0000 2.06701473
5554.0500 2.06198792
5554.1000 2.05688081
5554.1500 2.05177371
5554.2000 2.0466666
5554.2500 2.04197779
5554.3000 2.0680135
5554.3500 2.09404921
5554.4000 2.12008492
5554.4500 2.14612063
5554.5000 2.11591271
5554.5500 2.08229048
5554.6000 2.04866825
5554.6500 2.01504602
5554.7000 2.03468944
5554.7500 2.06202804
5554.8000 2.08936665
5554.8500 2.11670525
5554.9000 2.11673194
5554.9500 2.11020291
5555.0000 2.10367388
5555.0500 2.09714486
5555.1000 2.08524406
5555.1500 2.07146331
5555.2000 2.05768256
5555.2500 2.0439018
5555.3000 2.04860147
5555.3500 2.06212831
5555.4000 2.07565515
5555.4500 2.08918199
5555.5000 2.09777574
5555.5500 2.10327355
5555.6000 2.10877136
5555.6500 2.11426918
5555.7000 2.1095111
5555.7500 2.09648748
5555.8000 2.08346385
5555.8500 2.07044023
5555.9000 2.06491871
5555.9500 2.06705943
5556.0000 2.06920014
5556.0500 2.07134085
5556.1000 2.07508528
5556.1500 2.08089264
5556.2000 2.08670001
5556.2500 2.09250737
5556.3000 2.09199981
5556.3500 2.08126314
5556.4000 2.07052648
5556.4500 2.05978981
5556.5000 2.05295828
5556.5500 2.05413845
5556.6000 2.05531863
5556.6500 2.0564988
5556.7000 2.05846452
5556.7500 2.06249745
5556.8000 2.06653039
5556.8500 2.07056333
5556.9000 2.07067023
5556.9500 2.05723063
5557.0000 2.04379102
5557.0500 2.03035142
5557.1000 2.02389087
5557.1500 2.05017191
5557.2000 2.07645295
5557.2500 2.10273399
5557.3000 2.12140834
5557.3500 2.08843811
5557.4000 2.05546789
5557.4500 2.02249766
5557.5000 1.99433284
5557.5500 2.01944823
5557.6000 2.04456362
5557.6500 2.06967901
5557.7000 2.09346487
5557.7500 2.08427174
5557.8000 2.07507861
5557.8500 2.06588548
5557.9000 2.05669236
5557.9500 2.05733397
5558.0000 2.05801065
5558.0500 2.05868732
5558.1000 2.05936399
5558.1500 2.05806738
5558.2000 2.05667956
5558.2500 2.05529173
5558.3000 2.05390391
5558.3500 2.04042874
5558.4000 2.02585757
5558.4500 2.01128639
5558.5000 1.99671522
5558.5500 1.99028744
5558.6000 1.98497448
5558.6500 1.97966152
5558.7000 1.97434855
5558.7500 1.99047223
5558.8000 2.01055863
5558.8500 2.03064503
5558.9000 2.05073143
5558.9500 2.05453584
5559.0000 2.05452246
5559.0500 2.05450908
5559.1000 2.0544957
5559.1500 2.04522822
5559.2000 2.03331722
5559.2500 2.02140622
5559.3000 2.00949522
5559.3500 2.01002166
5559.4000 2.01475512
5559.4500 2.01948858
5559.5000 2.02422203
5559.5500 2.02446726
5559.6000 2.02295277
5559.6500 2.02143828
5559.7000 2.0199238
5559.7500 2.00925498
5559.8000 1.9944953
5559.8500 1.97973561
5559.9000 1.96497593
5559.9500 1.98588516
5560.0000 2.02471343
5560.0500 2.06354169
5560.1000 2.10236996
5560.1500 2.09774028
5560.2000 2.06885242
5560.2500 2.03996457
5560.3000 2.01107672
5560.3500 1.98943421
5560.4000 1.97223991
5560.4500 1.95504562
5560.5000 1.93785133
5560.5500 1.93780547
5560.6000 1.94923398
5560.6500 1.96066249
5560.7000 1.972091
5560.7500 1.9703923
5560.8000 1.95920008
5560.8500 1.94800787
5560.9000 1.93681566
5560.9500 1.9385804
5561.0000 1.95039406
5561.0500 1.96220771
5561.1000 1.97402137
5561.1500 2.00144337
5561.2000 2.0417513
5561.2500 2.08205923
5561.3000 2.12236716
5561.3500 2.1194007
5561.4000 2.07867436
5561.4500 2.03794801
5561.5000 1.99722167
5561.5500 1.98453719
5561.6000 1.99753438
5561.6500 2.01053156
5561.7000 2.02352875
5561.7500 2.02683938
5561.8000 2.02090249
5561.8500 2.01496561
5561.9000 2.00902872
5561.9500 2.00836858
5562.0000 2.01292417
5562.0500 2.01747977
5562.1000 2.02203536
5562.1500 2.03367977
5562.2000 2.0525299
5562.2500 2.07138003
5562.3000 2.09023016
5562.3500 2.08653914
5562.4000 2.05944347
5562.4500 2.03234779
5562.5000 2.00525212
5562.5500 1.98911628
5562.6000 1.98452612
5562.6500 1.97993597
5562.7000 1.97534582
5562.7500 1.9802586
5562.8000 1.99525986
5562.8500 2.01026112
5562.9000 2.02526239
5562.9500 2.03323973
5563.0000 2.03375325
5563.0500 2.03426678
5563.1000 2.03478031
5563.1500 2.02622971
5563.2000 2.00810322
5563.2500 1.98997673
5563.3000 1.97185024
5563.3500 1.96299911
5563.4000 1.9638244
5563.4500 1.96464969
5563.5000 1.96547498
5563.5500 1.9729875
5563.6000 1.98734262
5563.6500 2.00169775
5563.7000 2.01605287
5563.7500 2.01718068
5563.8000 2.00512295
5563.8500 1.99306521
5563.9000 1.98100748
5563.9500 1.98100436
5564.0000 1.9926287
5564.0500 2.00425304
5564.1000 2.01587738
5564.1500 2.00534573
5564.2000 1.97427544
5564.2500 1.94320515
5564.3000 1.91213485
5564.3500 1.90310579
5564.4000 1.91357891
5564.4500 1.92405204
5564.5000 1.93452517
5564.5500 1.96374802
5564.6000 2.00869558
5564.6500 2.05364314
5564.7000 2.0985907
5564.7500 2.10855322
5564.8000 2.09090286
5564.8500 2.0732525
5564.9000 2.05560215
5564.9500 2.03070937
5565.0000 2.00047652
5565.0500 1.97024367
5565.1000 1.94001081
5565.1500 1.94052867
5565.2000 1.96206448
5565.2500 1.98360029
5565.3000 2.0051361
5565.3500 1.99902471
5565.4000 1.97554056
5565.4500 1.95205641
5565.5000 1.92857225
5565.5500 1.91709392
5565.6000 1.91248933
5565.6500 1.90788473
5565.7000 1.90328014
5565.7500 1.90194966
5565.8000 1.90231018
5565.8500 1.90267069
5565.9000 1.90303121
5565.9500 1.91029355
5566.0000 1.92073512
5566.0500 1.93117669
5566.1000 1.94161826
5566.1500 1.95950682
5566.2000 1.98041436
5566.2500 2.0013219
5566.3000 2.02222944
5566.3500 2.03024969
5566.4000 2.03374566
5566.4500 2.03724163
5566.5000 2.0407376
5566.5500 2.00876125
5566.6000 1.96621758
5566.6500 1.92367391
5566.7000 1.88113024
5566.7500 1.88057066
5566.8000 1.89034402
5566.8500 1.90011737
5566.9000 1.90989072
5566.9500 1.93897483
5567.0000 1.97184111
5567.0500 2.0047074
5567.1000 2.03757368
5567.1500 2.03023172
5567.2000 2.0169691
5567.2500 2.00370648
5567.3000 1.99044386
5567.3500 1.99515634
5567.4000 2.00167295
5567.4500 2.00818957
5567.5000 2.01470618
5567.5500 2.00501676
5567.6000 1.99443172
5567.6500 1.98384669
5567.7000 1.97326165
5567.7500 1.95915589
5567.8000 1.94500801
5567.8500 1.93086014
5567.9000 1.91737227
5567.9500 1.92490683
5568.0000 1.93244139
5568.0500 1.93997595
5568.1000 1.94750268
5568.1500 1.95493196
5568.2000 1.96236124
5568.2500 1.96979051
5568.3000 1.97837328
5568.3500 1.99540825
5568.4000 2.01244322
5568.4500 2.02947818
5568.5000 2.03995981
5568.5500 2.01786378
5568.6000 1.99576774
5568.6500 1.97367171
5568.7000 1.95592365
5568.7500 1.95390418
5568.8000 1.95188471
5568.8500 1.94986524
5568.9000 1.95072621
5568.9500 1.95947959
5569.0000 1.96823298
5569.0500 1.97698636
5569.1000 1.98642509
5569.1500 1.99732086
5569.2000 2.00821662
5569.2500 2.01911238
5569.3000 2.01807227
5569.3500 1.99706556
5569.4000 1.97605885
5569.4500 1.95505215
5569.5000 1.94059076
5569.5500 1.93480271
5569.6000 1.92901466
5569.6500 1.92322661
5569.7000 1.94355722
5569.7500 1.99131867
5569.8000 2.03908011
5569.8500 2.08684156
5569.9000 2.10099489
5569.9500 2.08732965
5570.0000 2.0736644
5570.0500 2.05999916
5570.1000 2.0516216
5570.1500 2.04665007
5570.2000 2.04167853
5570.2500 2.036707
5570.3000 2.01787383
5570.3500 1.99224501
5570.4000 1.96661619
5570.4500 1.94098737
5570.5000 1.9283926
5570.5500 1.92048378
5570.6000 1.91257495
5570.6500 1.90466613
5570.7000 1.9439799
5570.7500 1.99496679
5570.8000 2.04595367
5570.8500 2.09694056
5570.9000 2.06744864
5570.9500 2.02590599
5571.0000 1.98436334
5571.0500 1.94282069
5571.1000 1.92852172
5571.1500 1.91597882
5571.2000 1.90343592
5571.2500 1.8910599
5571.3000 1.89390064
5571.3500 1.89674139
5571.4000 1.89958214
5571.4500 1.90470325
5571.5000 1.93470092
5571.5500 1.96469859
5571.6000 1.99469626
5571.6500 2.01341957
5571.7000 1.97242596
5571.7500 1.93143234
5571.8000 1.89043872
5571.8500 1.86219025
5571.9000 1.87534405
5571.9500 1.88849785
5572.0000 1.90165165
5572.0500 1.91319518
5572.1000 1.9212153
5572.1500 1.92923541
5572.2000 1.93725552
5572.2500 1.94382542
5572.3000 1.94816176
5572.3500 1.95249811
5572.4000 1.95683445
5572.4500 1.96766463
5572.5000 1.98566033
5572.5500 2.00365603
5572.6000 2.02165174
5572.6500 2.01680942
5572.7000 1.99394066
5572.7500 1.97107189
5572.8000 1.94820313
5572.8500 1.94227964
5572.9000 1.94572109
5572.9500 1.94916253
5573.0000 1.95260398
5573.0500 1.95185668
5573.1000 1.94956773
5573.1500 1.94727878
5573.2000 1.94498983
5573.2500 1.94266388
5573.3000 1.94032979
5573.3500 1.9379957
5573.4000 1.93566161
5573.4500 1.93418544
5573.5000 1.93279415
5573.5500 1.93140286
5573.6000 1.93004009
5573.6500 1.94246788
5573.7000 1.95489567
5573.7500 1.96732346
5573.8000 1.98251233
5573.8500 2.02373594
5573.9000 2.06495956
5573.9500 2.10618317
5574.0000 2.13010335
5574.0500 2.08093941
5574.1000 2.03177547
5574.1500 1.98261152
5574.2000 1.94891814
5574.2500 1.95333799
5574.3000 1.95775784
5574.3500 1.96217769
5574.4000 1.96096755
5574.4500 1.95086697
5574.5000 1.94076639
5574.5500 1.93066582
5574.6000 1.92728727
5574.6500 1.93094802
5574.7000 1.93460877
5574.7500 1.93826953
5574.8000 1.92902427
5574.8500 1.91084552
5574.9000 1.89266676
5574.9500 1.874488
5575.0000 1.84810975
5575.0500 1.81813581
5575.1000 1.78816187
5575.1500 1.75818793
5575.2000 1.82818979
5575.2500 1.92301436
5575.3000 2.01783892
5575.3500 2.11266349
5575.4000 2.0790647
5575.4500 2.03257425
5575.5000 1.98608381
5575.5500 1.94021667
5575.6000 1.92800253
5575.6500 1.9157884
5575.7000 1.90357426
5575.7500 1.89520101
5575.8000 1.91268506
5575.8500 1.93016911
5575.9000 1.94765315
5575.9500 1.96948842
5576.0000 2.00493684
5576.0500 2.04038526
5576.1000 2.07583368
5576.1500 2.10272169
5576.2000 2.11418017
5576.2500 2.12563865
5576.3000 2.13709713
5576.3500 2.1492588
5576.4000 2.16220333
5576.4500 2.17514787
5576.5000 2.1880924
5576.5500 2.19766405
5576.6000 2.20490427
5576.6500 2.21214449
5576.7000 2.21938471
5576.7500 2.17665449
5576.8000 2.11362474
5576.8500 2.050595
5576.9000 1.98756526
5576.9500 1.99883271
5577.0000 2.02502794
5577.0500 2.05122316
5577.1000 2.07741839
5577.1500 2.05203123
5577.2000 2.02427054
5577.2500 1.99650985
5577.3000 1.96945482
5577.3500 1.95039883
5577.4000 1.93134285
5577.4500 1.91228687
5577.5000 1.90085844
5577.5500 1.91849757
5577.6000 1.9361367
5577.6500 1.95377583
5577.7000 1.94650865
5577.7500 1.89011059
5577.8000 1.83371253
5577.8500 1.77731447
5577.9000 1.7784332
5577.9500 1.84528035
5578.0000 1.91212749
5578.0500 1.97897464
5578.1000 1.99903812
5578.1500 1.98774484
5578.2000 1.97645155
5578.2500 1.96515826
5578.3000 1.94676719
5578.3500 1.92578388
5578.4000 1.90480058
5578.4500 1.88381727
5578.5000 1.888216
5578.5500 1.89647466
5578.6000 1.90473333
5578.6500 1.91308694
5578.7000 1.93938795
5578.7500 1.96568897
5578.8000 1.99198999
5578.8500 2.0095585
5578.9000 1.97533122
5578.9500 1.94110394
5579.0000 1.90687666
5579.0500 1.88566213
5579.1000 1.89708919
5579.1500 1.90851626
5579.2000 1.91994332
5579.2500 1.91717406
5579.3000 1.89539579
5579.3500 1.87361751
5579.4000 1.85183924
5579.4500 1.84732838
5579.5000 1.85574928
5579.5500 1.86417018
5579.6000 1.87259108
5579.6500 0
5579.7000 0
5579.7500 0
5579.8000 0
