4693.0500 1.97907254
4693.1000 2.01913699
4693.1500 2.10819454
4693.2000 2.19725209
4693.2500 2.28630965
4693.3000 2.3440909
4693.3500 2.32949739
4693.4000 2.31490388
4693.4500 2.30031037
4693.5000 2.28571685
4693.5500 2.33918959
4693.6000 2.40705388
4693.6500 2.47491817
4693.7000 2.54278246
4693.7500 2.55894613
4693.8000 2.47917899
4693.8500 2.39941185
4693.9000 2.31964471
4693.9500 2.23987757
4694.0000 2.26169579
4694.0500 2.29790089
4694.1000 2.33410599
4694.1500 2.3703111
4694.2000 2.41345415
4694.2500 2.46688772
4694.3000 2.5203213
4694.3500 2.57375487
4694.4000 2.62718845
4694.4500 2.52880852
4694.5000 2.41908475
4694.5500 2.30936099
4694.6000 2.19963723
4694.6500 2.15979221
4694.7000 2.20222455
4694.7500 2.24465688
4694.8000 2.28708922
4694.8500 2.32952155
4694.9000 2.28014937
4694.9500 2.22976129
4695.0000 2.1793732
4695.0500 2.12898512
4695.1000 2.09892752
4695.1500 2.08764645
4695.2000 2.07636537
4695.2500 2.0650843
4695.3000 2.0572637
4695.3500 2.11292079
4695.4000 2.16857787
4695.4500 2.22423496
4695.5000 2.27989205
4695.5500 2.29846997
4695.6000 2.29069411
4695.6500 2.28291824
4695.7000 2.27514237
4695.7500 2.26771893
4695.8000 2.26291957
4695.8500 2.2581202
4695.9000 2.25332083
4695.9500 2.24852147
4696.0000 2.28853615
4696.0500 2.35233529
4696.1000 2.41613444
4696.1500 2.47993358
4696.2000 2.52716187
4696.2500 2.50336612
4696.3000 2.47957038
4696.3500 2.45577463
4696.4000 2.43197888
4696.4500 2.45690604
4696.5000 2.50021337
4696.5500 2.54352071
4696.6000 2.58682804
4696.6500 2.63461814
4696.7000 2.69490415
4696.7500 2.75519016
4696.8000 2.81547617
4696.8500 2.87576218
4696.9000 2.85966961
4696.9500 2.82483631
4697.0000 2.79000301
4697.0500 2.75516971
4697.1000 2.73649542
4697.1500 2.74877988
4697.2000 2.76106434
4697.2500 2.77334881
4697.3000 2.78563327
4697.3500 2.75557176
4697.4000 2.71995047
4697.4500 2.68432917
4697.5000 2.64870787
4697.5500 2.65147355
4697.6000 2.70597138
4697.6500 2.7604692
4697.7000 2.81496703
4697.7500 2.86946486
4697.8000 2.86414788
4697.8500 2.856917
4697.9000 2.84968613
4697.9500 2.84245525
4698.0000 2.8519311
4698.0500 2.87726348
4698.1000 2.90259586
4698.1500 2.92792824
4698.2000 2.9509893
4698.2500 2.93725318
4698.3000 2.92351705
4698.3500 2.90978093
4698.4000 2.89604481
4698.4500 2.88286284
4698.5000 2.87004383
4698.5500 2.85722482
4698.6000 2.84440581
4698.6500 2.83478211
4698.7000 2.8430719
4698.7500 2.85136169
4698.8000 2.85965149
4698.8500 2.86794128
4698.9000 2.84960791
4698.9500 2.81983899
4699.0000 2.79007007
4699.0500 2.76030115
4699.1000 2.74113357
4699.1500 2.75399001
4699.2000 2.76684646
4699.2500 2.77970291
4699.3000 2.79255936
4699.3500 2.80598513
4699.4000 2.81955419
4699.4500 2.83312325
4699.5000 2.84669231
4699.5500 2.85384099
4699.6000 2.84907392
4699.6500 2.84430685
4699.7000 2.83953978
4699.7500 2.83477271
4699.8000 2.83368212
4699.8500 2.83298911
4699.9000 2.8322961
4699.9500 2.83160309
4700.0000 2.81569881
4700.0500 2.7816257
4700.1000 2.74755259
4700.1500 2.71347948
4700.2000 2.67998026
4700.2500 2.70320756
4700.3000 2.72643486
4700.3500 2.74966217
4700.4000 2.77288947
4700.4500 2.76256069
4700.5000 2.72643464
4700.5500 2.6903086
4700.6000 2.65418256
4700.6500 2.62424575
4700.7000 2.63896074
4700.7500 2.65367574
4700.8000 2.66839074
4700.8500 2.68310574
4700.9000 2.70479922
4700.9500 2.72978966
4701.0000 2.75478009
4701.0500 2.77977052
4701.1000 2.77631353
4701.1500 2.68156499
4701.2000 2.58681645
4701.2500 2.49206791
4701.3000 2.39731937
4701.3500 2.42243036
4701.4000 2.47806145
4701.4500 2.53369254
4701.5000 2.58932364
4701.5500 2.63320777
4701.6000 2.65598446
4701.6500 2.67876115
4701.7000 2.70153784
4701.7500 2.72431453
4701.8000 2.72349488
4701.8500 2.72059765
4701.9000 2.71770043
4701.9500 2.7148032
4702.0000 2.69353848
4702.0500 2.6525062
4702.1000 2.61147392
4702.1500 2.57044164
4702.2000 2.52949222
4702.2500 2.49029136
4702.3000 2.4510905
4702.3500 2.41188964
4702.4000 2.37268878
4702.4500 2.36554489
4702.5000 2.37890715
4702.5500 2.39226941
4702.6000 2.40563167
4702.6500 2.41838208
4702.7000 2.42825887
4702.7500 2.43813565
4702.8000 2.44801243
4702.8500 2.45788921
4702.9000 2.45294388
4702.9500 2.44285142
4703.0000 2.43275896
4703.0500 2.4226665
4703.1000 2.41013382
4703.1500 2.39216936
4703.2000 2.3742049
4703.2500 2.35624043
4703.3000 2.33827597
4703.3500 2.29539488
4703.4000 2.24907623
4703.4500 2.20275757
4703.5000 2.15643891
4703.5500 2.16948077
4703.6000 2.25549282
4703.6500 2.34150487
4703.7000 2.42751692
4703.7500 2.51159397
4703.8000 2.49800986
4703.8500 2.48442576
4703.9000 2.47084166
4703.9500 2.45725755
4704.0000 2.45459729
4704.0500 2.4594869
4704.1000 2.46437651
4704.1500 2.46926612
4704.2000 2.46841079
4704.2500 2.438323
4704.3000 2.40823522
4704.3500 2.37814743
4704.4000 2.34805964
4704.4500 2.38700381
4704.5000 2.45042793
4704.5500 2.51385205
4704.6000 2.57727617
4704.6500 2.59964378
4704.7000 2.53199092
4704.7500 2.46433806
4704.8000 2.3966852
4704.8500 2.32903235
4704.9000 2.35250109
4704.9500 2.38731565
4705.0000 2.42213021
4705.0500 2.45694477
4705.1000 2.47663511
4705.1500 2.47901964
4705.2000 2.48140417
4705.2500 2.4837887
4705.3000 2.48526424
4705.3500 2.46722087
4705.4000 2.44917749
4705.4500 2.43113412
4705.5000 2.41309074
4705.5500 2.41588501
4705.6000 2.43125282
4705.6500 2.44662062
4705.7000 2.46198842
4705.7500 2.47497392
4705.8000 2.47865757
4705.8500 2.48234123
4705.9000 2.48602488
4705.9500 2.48970853
4706.0000 2.49893659
4706.0500 2.50968179
4706.1000 2.520427
4706.1500 2.5311722
4706.2000 2.53108397
4706.2500 2.51234726
4706.3000 2.49361054
4706.3500 2.47487383
4706.4000 2.45613711
4706.4500 2.50452816
4706.5000 2.55639192
4706.5500 2.60825568
4706.6000 2.66011945
4706.6500 2.62694424
4706.7000 2.51991861
4706.7500 2.41289298
4706.8000 2.30586735
4706.8500 2.22007443
4706.9000 2.28903229
4706.9500 2.35799016
4707.0000 2.42694802
4707.0500 2.49590589
4707.1000 2.51263466
4707.1500 2.50773305
4707.2000 2.50283144
4707.2500 2.49792983
4707.3000 2.4897011
4707.3500 2.47350881
4707.4000 2.45731652
4707.4500 2.44112423
4707.5000 2.42493194
4707.5500 2.43198618
4707.6000 2.4421128
4707.6500 2.45223942
4707.7000 2.46236604
4707.7500 2.47681658
4707.8000 2.49608669
4707.8500 2.5153568
4707.9000 2.53462691
4707.9500 2.54929437
4708.0000 2.49617183
4708.0500 2.4430493
4708.1000 2.38992677
4708.1500 2.33680423
4708.2000 2.34922095
4708.2500 2.39611086
4708.3000 2.44300077
4708.3500 2.48989069
4708.4000 2.51555299
4708.4500 2.47687984
4708.5000 2.43820669
4708.5500 2.39953354
4708.6000 2.36086039
4708.6500 2.33939629
4708.7000 2.32116324
4708.7500 2.30293019
4708.8000 2.28469714
4708.8500 2.28275268
4708.9000 2.30180948
4708.9500 2.32086628
4709.0000 2.33992308
4709.0500 2.35827643
4709.1000 2.35585204
4709.1500 2.35342764
4709.2000 2.35100325
4709.2500 2.34857885
4709.3000 2.34269494
4709.3500 2.33477693
4709.4000 2.32685892
4709.4500 2.31894092
4709.5000 2.31250118
4709.5500 2.31107314
4709.6000 2.30964509
4709.6500 2.30821705
4709.7000 2.306789
4709.7500 2.31118396
4709.8000 2.3167981
4709.8500 2.32241225
4709.9000 2.3280264
4709.9500 2.34017186
4710.0000 2.36108099
4710.0500 2.38199011
4710.1000 2.40289923
4710.1500 2.42342245
4710.2000 2.43066082
4710.2500 2.43789919
4710.3000 2.44513756
4710.3500 2.45237594
4710.4000 2.4333213
4710.4500 2.39885713
4710.5000 2.36439297
4710.5500 2.3299288
4710.6000 2.30632677
4710.6500 2.31832048
4710.7000 2.33031418
4710.7500 2.34230789
4710.8000 2.3543016
4710.8500 2.36014953
4710.9000 2.36481095
4710.9500 2.36947237
4711.0000 2.37413379
4711.0500 2.36953608
4711.1000 2.35332528
4711.1500 2.33711448
4711.2000 2.32090368
4711.2500 2.30645141
4711.3000 2.32534193
4711.3500 2.34423245
4711.4000 2.36312297
4711.4500 2.38201348
4711.5000 2.40399397
4711.5500 2.42758303
4711.6000 2.45117208
4711.6500 2.47476113
4711.7000 2.49174809
4711.7500 2.49054069
4711.8000 2.4893333
4711.8500 2.48812591
4711.9000 2.48691851
4711.9500 2.47434441
4712.0000 2.46016011
4712.0500 2.4459758
4712.1000 2.43179149
4712.1500 2.41969175
4712.2000 2.40979101
4712.2500 2.39989027
4712.3000 2.38998953
4712.3500 2.38166758
4712.4000 2.38780655
4712.4500 2.39394551
4712.5000 2.40008447
4712.5500 2.40622344
4712.6000 2.41365375
4712.6500 2.42160824
4712.7000 2.42956273
4712.7500 2.43751722
4712.8000 2.4408052
4712.8500 2.43440949
4712.9000 2.42801378
4712.9500 2.42161808
4713.0000 2.41522237
4713.0500 2.41657696
4713.1000 2.41842483
4713.1500 2.4202727
4713.2000 2.42212058
4713.2500 2.42244986
4713.3000 2.42156741
4713.3500 2.42068497
4713.4000 2.41980252
4713.4500 2.41775116
4713.5000 2.41012354
4713.5500 2.40249592
4713.6000 2.3948683
4713.6500 2.38724068
4713.7000 2.37163745
4713.7500 2.35393275
4713.8000 2.33622804
4713.8500 2.31852334
4713.9000 2.2987928
4713.9500 2.27615532
4714.0000 2.25351783
4714.0500 2.23088035
4714.1000 2.21030774
4714.1500 2.25431471
4714.2000 2.29832168
4714.2500 2.34232865
4714.3000 2.38633562
4714.3500 2.40394834
4714.4000 2.40749467
4714.4500 2.41104099
4714.5000 2.41458732
4714.5500 2.42016002
4714.6000 2.43108112
4714.6500 2.44200222
4714.7000 2.45292331
4714.7500 2.46384441
4714.8000 2.43873866
4714.8500 2.40955262
4714.9000 2.38036658
4714.9500 2.35118054
4715.0000 2.34606015
4715.0500 2.36290391
4715.1000 2.37974766
4715.1500 2.39659141
4715.2000 2.41250308
4715.2500 2.42306841
4715.3000 2.43363375
4715.3500 2.44419908
4715.4000 2.45476441
4715.4500 2.44455793
4715.5000 2.4283264
4715.5500 2.41209487
4715.6000 2.39586333
4715.6500 2.39184731
4715.7000 2.40593265
4715.7500 2.42001799
4715.8000 2.43410334
4715.8500 2.4470826
4715.9000 2.42634976
4715.9500 2.40561691
4716.0000 2.38488407
4716.0500 2.36415123
4716.1000 2.3638638
4716.1500 2.3740303
4716.2000 2.3841968
4716.2500 2.3943633
4716.3000 2.39910202
4716.3500 2.3907221
4716.4000 2.38234219
4716.4500 2.37396228
4716.5000 2.36558236
4716.5500 2.34772916
4716.6000 2.32910468
4716.6500 2.3104802
4716.7000 2.29185573
4716.7500 2.28089276
4716.8000 2.27600254
4716.8500 2.27111232
4716.9000 2.2662221
4716.9500 2.26448394
4717.0000 2.27600735
4717.0500 2.28753077
4717.1000 2.29905418
4717.1500 2.3105776
4717.2000 2.31696561
4717.2500 2.32228169
4717.3000 2.32759777
4717.3500 2.33291385
4717.4000 2.33326853
4717.4500 2.32788412
4717.5000 2.32249971
4717.5500 2.31711529
4717.6000 2.31378318
4717.6500 2.32870185
4717.7000 2.34362052
4717.7500 2.35853919
4717.8000 2.37345786
4717.8500 2.37508268
4717.9000 2.37202651
4717.9500 2.36897034
4718.0000 2.36591417
4718.0500 2.36328381
4718.1000 2.3613507
4718.1500 2.35941758
4718.2000 2.35748446
4718.2500 2.35535454
4718.3000 2.34348492
4718.3500 2.33161531
4718.4000 2.31974569
4718.4500 2.30787607
4718.5000 2.31684829
4718.5500 2.33648398
4718.6000 2.35611966
4718.6500 2.37575534
4718.7000 2.38323927
4718.7500 2.36294678
4718.8000 2.34265429
4718.8500 2.3223618
4718.9000 2.30206931
4718.9500 2.30302742
4719.0000 2.30514585
4719.0500 2.30726427
4719.1000 2.3093827
4719.1500 2.30857382
4719.2000 2.30575737
4719.2500 2.30294091
4719.3000 2.30012446
4719.3500 2.30290519
4719.4000 2.32348526
4719.4500 2.34406532
4719.5000 2.36464539
4719.5500 2.38522545
4719.6000 2.38592606
4719.6500 2.3840778
4719.7000 2.38222953
4719.7500 2.38038127
4719.8000 2.38068485
4719.8500 2.38286205
4719.9000 2.38503925
4719.9500 2.38721645
4720.0000 2.38494199
4720.0500 2.36290496
4720.1000 2.34086793
4720.1500 2.31883089
4720.2000 2.29679386
4720.2500 2.30218866
4720.3000 2.31303515
4720.3500 2.32388164
4720.4000 2.33472812
4720.4500 2.33143247
4720.5000 2.31315967
4720.5500 2.29488687
4720.6000 2.27661407
4720.6500 2.26134195
4720.7000 2.26478245
4720.7500 2.26822296
4720.8000 2.27166347
4720.8500 2.27510398
4720.9000 2.27822451
4720.9500 2.28126092
4721.0000 2.28429732
4721.0500 2.28733373
4721.1000 2.28171334
4721.1500 2.26536222
4721.2000 2.2490111
4721.2500 2.23265998
4721.3000 2.21855685
4721.3500 2.22418014
4721.4000 2.22980343
4721.4500 2.23542673
4721.5000 2.24105002
4721.5500 2.22974926
4721.6000 2.21307975
4721.6500 2.19641025
4721.7000 2.17974074
4721.7500 2.17356825
4721.8000 2.18206364
4721.8500 2.19055902
4721.9000 2.19905441
4721.9500 2.20352107
4722.0000 2.15912788
4722.0500 2.11473468
4722.1000 2.07034149
4722.1500 2.0259483
4722.2000 2.05088328
4722.2500 2.1006469
4722.3000 2.15041052
4722.3500 2.20017413
4722.4000 2.22762586
4722.4500 2.22126246
4722.5000 2.21489907
4722.5500 2.20853567
4722.6000 2.20189541
4722.6500 2.19090466
4722.7000 2.17991392
4722.7500 2.16892317
4722.8000 2.15793243
4722.8500 2.16616841
4722.9000 2.18176219
4722.9500 2.19735597
4723.0000 2.21294974
4723.0500 2.2184012
4723.1000 2.20783586
4723.1500 2.19727052
4723.2000 2.18670518
4723.2500 2.17753353
4723.3000 2.19311918
4723.3500 2.20870483
4723.4000 2.22429048
4723.4500 2.23987613
4723.5000 2.23216052
4723.5500 2.21538157
4723.6000 2.19860262
4723.6500 2.18182366
4723.7000 2.17367063
4723.7500 2.17913949
4723.8000 2.18460835
4723.8500 2.19007721
4723.9000 2.19498029
4723.9500 2.1904478
4724.0000 2.18591531
4724.0500 2.18138282
4724.1000 2.17685033
4724.1500 2.18067142
4724.2000 2.18763709
4724.2500 2.19460276
4724.3000 2.20156843
4724.3500 2.19919635
4724.4000 2.18267386
4724.4500 2.16615137
4724.5000 2.14962888
4724.5500 2.13502974
4724.6000 2.14610931
4724.6500 2.15718889
4724.7000 2.16826846
4724.7500 2.17934804
4724.8000 2.17784755
4724.8500 2.17199354
4724.9000 2.16613952
4724.9500 2.16028551
4725.0000 2.16005098
4725.0500 2.16766565
4725.1000 2.17528033
4725.1500 2.182895
4725.2000 2.18904289
4725.2500 2.18082446
4725.3000 2.17260602
4725.3500 2.16438759
4725.4000 2.15616915
4725.4500 2.17256801
4725.5000 2.19635534
4725.5500 2.22014268
4725.6000 2.24393002
4725.6500 2.25351714
4725.7000 2.24551953
4725.7500 2.23752193
4725.8000 2.22952432
4725.8500 2.21894141
4725.9000 2.19033786
4725.9500 2.16173431
4726.0000 2.13313076
4726.0500 2.10452721
4726.1000 2.11942834
4726.1500 2.14484997
4726.2000 2.17027159
4726.2500 2.19569322
4726.3000 2.20761818
4726.3500 2.20527851
4726.4000 2.20293883
4726.4500 2.20059915
4726.5000 2.19923706
4726.5500 2.20271055
4726.6000 2.20618405
4726.6500 2.20965754
4726.7000 2.21313103
4726.7500 2.20054653
4726.8000 2.1851564
4726.8500 2.16976627
4726.9000 2.15437614
4726.9500 2.15497342
4727.0000 2.16944019
4727.0500 2.18390695
4727.1000 2.19837372
4727.1500 2.209527
4727.2000 2.20898488
4727.2500 2.20844276
4727.3000 2.20790064
4727.3500 2.20735851
4727.4000 2.1974046
4727.4500 2.18648759
4727.5000 2.17557059
4727.5500 2.16465358
4727.6000 2.1537696
4727.6500 2.14290813
4727.7000 2.13204666
4727.7500 2.12118519
4727.8000 2.11321094
4727.8500 2.11254156
4727.9000 2.11187218
4727.9500 2.1112028
4728.0000 2.11053342
4728.0500 2.11491567
4728.1000 2.11943816
4728.1500 2.12396064
4728.2000 2.12848312
4728.2500 2.13037317
4728.3000 2.13092997
4728.3500 2.13148677
4728.4000 2.13204357
4728.4500 2.13442553
4728.5000 2.14011323
4728.5500 2.14580092
4728.6000 2.15148862
4728.6500 2.15757662
4728.7000 2.17147684
4728.7500 2.18537707
4728.8000 2.19927729
4728.8500 2.21317752
4728.9000 2.20749286
4728.9500 2.19502933
4729.0000 2.18256579
4729.0500 2.17010226
4729.1000 2.16398739
4729.1500 2.16601504
4729.2000 2.16804269
4729.2500 2.17007035
4729.3000 2.17298593
4729.3500 2.18161794
4729.4000 2.19024996
4729.4500 2.19888197
4729.5000 2.20751398
4729.5500 2.20538349
4729.6000 2.20107814
4729.6500 2.19677279
4729.7000 2.19246744
4729.7500 2.18087748
4729.8000 2.16283921
4729.8500 2.14480093
4729.9000 2.12676266
4729.9500 2.11465802
4730.0000 2.12240551
4730.0500 2.130153
4730.1000 2.1379005
4730.1500 2.14564799
4730.2000 2.14063771
4730.2500 2.13468022
4730.3000 2.12872272
4730.3500 2.12276523
4730.4000 2.12371819
4730.4500 2.12868169
4730.5000 2.1336452
4730.5500 2.1386087
4730.6000 2.14251388
4730.6500 2.14432536
4730.7000 2.14613684
4730.7500 2.14794833
4730.8000 2.1495287
4730.8500 2.14554256
4730.9000 2.14155643
4730.9500 2.13757029
4731.0000 2.13358416
4731.0500 2.14638079
4731.1000 2.16491951
4731.1500 2.18345822
4731.2000 2.20199694
4731.2500 2.20883422
4731.3000 2.20145061
4731.3500 2.194067
4731.4000 2.1866834
4731.4500 2.17949214
4731.5000 2.17331945
4731.5500 2.16714676
4731.6000 2.16097407
4731.6500 2.15480138
4731.7000 2.14201708
4731.7500 2.12822201
4731.8000 2.11442694
4731.8500 2.10063187
4731.9000 2.10051181
4731.9500 2.11041444
4732.0000 2.12031707
4732.0500 2.1302197
4732.1000 2.13231372
4732.1500 2.11508803
4732.2000 2.09786235
4732.2500 2.08063667
4732.3000 2.06341099
4732.3500 2.07256136
4732.4000 2.08171873
4732.4500 2.0908761
4732.5000 2.10003347
4732.5500 2.10716689
4732.6000 2.11348462
4732.6500 2.11980234
4732.7000 2.12612007
4732.7500 2.13035289
4732.8000 2.13178647
4732.8500 2.13322004
4732.9000 2.13465362
4732.9500 2.13552215
4733.0000 2.13297969
4733.0500 2.13043723
4733.1000 2.12789478
4733.1500 2.12535232
4733.2000 2.13185719
4733.2500 2.13985358
4733.3000 2.14784998
4733.3500 2.15584637
4733.4000 2.14544943
4733.4500 2.1215102
4733.5000 2.09757098
4733.5500 2.07363175
4733.6000 2.05937595
4733.6500 2.06831243
4733.7000 2.0772489
4733.7500 2.08618537
4733.8000 2.09503127
4733.8500 2.09761633
4733.9000 2.10020139
4733.9500 2.10278645
4734.0000 2.10537151
4734.0500 2.10565916
4734.1000 2.10511891
4734.1500 2.10457866
4734.2000 2.1040384
4734.2500 2.0986487
4734.3000 2.08749811
4734.3500 2.07634752
4734.4000 2.06519693
4734.4500 2.05673835
4734.5000 2.06053305
4734.5500 2.06432774
4734.6000 2.06812243
4734.6500 2.07191712
4734.7000 2.07170063
4734.7500 2.07105974
4734.8000 2.07041885
4734.8500 2.06977797
4734.9000 2.06248962
4734.9500 2.05129118
4735.0000 2.04009273
4735.0500 2.02889428
4735.1000 2.02306873
4735.1500 2.0269593
4735.2000 2.03084988
4735.2500 2.03474045
4735.3000 2.03885355
4735.3500 2.04540441
4735.4000 2.05195528
4735.4500 2.05850615
4735.5000 2.06505702
4735.5500 2.05766423
4735.6000 2.0470501
4735.6500 2.03643597
4735.7000 2.02582184
4735.7500 2.02260168
4735.8000 2.02562599
4735.8500 2.0286503
4735.9000 2.03167461
4735.9500 2.03764033
4736.0000 2.05143596
4736.0500 2.0652316
4736.1000 2.07902724
4736.1500 2.0927467
4736.2000 2.09172085
4736.2500 2.090695
4736.3000 2.08966915
4736.3500 2.0886433
4736.4000 2.08741303
4736.4500 2.08611031
4736.5000 2.08480759
4736.5500 2.08350487
4736.6000 2.08564923
4736.6500 2.09163974
4736.7000 2.09763026
4736.7500 2.10362077
4736.8000 2.1054457
4736.8500 2.09141724
4736.9000 2.07738877
4736.9500 2.06336031
4737.0000 2.04933185
4737.0500 2.06319457
4737.1000 2.07869149
4737.1500 2.09418841
4737.2000 2.10968534
4737.2500 2.10565642
4737.3000 2.09253768
4737.3500 2.07941894
4737.4000 2.0663002
4737.4500 2.05734762
4737.5000 2.05412068
4737.5500 2.05089373
4737.6000 2.04766679
4737.6500 2.04465679
4737.7000 2.04277623
4737.7500 2.04089567
4737.8000 2.03901511
4737.8500 2.03713455
4737.9000 2.04899351
4737.9500 2.06234161
4738.0000 2.07568971
4738.0500 2.0890378
4738.1000 2.08442804
4738.1500 2.0699099
4738.2000 2.05539175
4738.2500 2.04087361
4738.3000 2.02941442
4738.3500 2.0227847
4738.4000 2.01615499
4738.4500 2.00952527
4738.5000 2.00603028
4738.5500 2.02310243
4738.6000 2.04017458
4738.6500 2.05724673
4738.7000 2.07431888
4738.7500 2.06695818
4738.8000 2.0561983
4738.8500 2.04543843
4738.9000 2.03467855
4738.9500 2.04543897
4739.0000 2.06913292
4739.0500 2.09282688
4739.1000 2.11652083
4739.1500 2.12137054
4739.2000 2.09447464
4739.2500 2.06757874
4739.3000 2.04068284
4739.3500 2.01958355
4739.4000 2.04039537
4739.4500 2.06120719
4739.5000 2.08201901
4739.5500 2.10283082
4739.6000 2.09586817
4739.6500 2.08481572
4739.7000 2.07376326
4739.7500 2.06271081
4739.8000 2.06018504
4739.8500 2.0628206
4739.9000 2.06545616
4739.9500 2.06809172
4740.0000 2.06807493
4740.0500 2.06364415
4740.1000 2.05921336
4740.1500 2.05478257
4740.2000 2.05110041
4740.2500 2.05247723
4740.3000 2.05385406
4740.3500 2.05523088
4740.4000 2.0566077
4740.4500 2.06260973
4740.5000 2.06922109
4740.5500 2.07583244
4740.6000 2.0824438
4740.6500 2.07906204
4740.7000 2.07004511
4740.7500 2.06102817
4740.8000 2.05201123
4740.8500 2.04557159
4740.9000 2.04305656
4740.9500 2.04054153
4741.0000 2.03802649
4741.0500 2.03396033
4741.1000 2.02140545
4741.1500 2.00885058
4741.2000 1.9962957
4741.2500 1.98374082
4741.3000 1.9944546
4741.3500 2.00736493
4741.4000 2.02027526
4741.4500 2.03318559
4741.5000 2.03017843
4741.5500 2.01947682
4741.6000 2.0087752
4741.6500 1.99807359
4741.7000 1.99732869
4741.7500 2.00948168
4741.8000 2.02163467
4741.8500 2.03378765
4741.9000 2.0450799
4741.9500 2.05289276
4742.0000 2.06070563
4742.0500 2.06851849
4742.1000 2.07633135
4742.1500 2.07189564
4742.2000 2.06697783
4742.2500 2.06206002
4742.3000 2.0571422
4742.3500 2.05696151
4742.4000 2.05855895
4742.4500 2.06015638
4742.5000 2.06175381
4742.5500 2.06309568
4742.6000 2.0641749
4742.6500 2.06525413
4742.7000 2.06633335
4742.7500 2.06717052
4742.8000 2.06732021
4742.8500 2.06746991
4742.9000 2.0676196
4742.9500 2.06774121
4743.0000 2.06691544
4743.0500 2.06608966
4743.1000 2.06526389
4743.1500 2.06443812
4743.2000 2.06610084
4743.2500 2.06839223
4743.3000 2.07068361
4743.3500 2.072975
4743.4000 2.07171666
4743.4500 2.06776945
4743.5000 2.06382224
4743.5500 2.05987503
4743.6000 2.05851479
4743.6500 2.06215822
4743.7000 2.06580166
4743.7500 2.06944509
4743.8000 2.07149272
4743.8500 2.06111006
4743.9000 2.0507274
4743.9500 2.04034474
4744.0000 2.02996208
4744.0500 2.03365782
4744.1000 2.03913126
4744.1500 2.04460471
4744.2000 2.05007815
4744.2500 2.05603688
4744.3000 2.06224212
4744.3500 2.06844737
4744.4000 2.07465261
4744.4500 2.07729442
4744.5000 2.07539268
4744.5500 2.07349093
4744.6000 2.07158919
4744.6500 2.0710949
4744.7000 2.07567599
4744.7500 2.08025708
4744.8000 2.08483817
4744.8500 2.08941926
4744.9000 2.08693235
4744.9500 2.08441571
4745.0000 2.08189906
4745.0500 2.07938242
4745.1000 2.08697339
4745.1500 2.09748766
4745.2000 2.10800194
4745.2500 2.11851621
4745.3000 2.12177746
4745.3500 2.11926239
4745.4000 2.11674732
4745.4500 2.11423225
4745.5000 2.11078421
4745.5500 2.10551561
4745.6000 2.100247
4745.6500 2.0949784
4745.7000 2.09053939
4745.7500 2.0920634
4745.8000 2.09358741
4745.8500 2.09511141
4745.9000 2.09663542
4745.9500 2.09582393
4746.0000 2.09477182
4746.0500 2.0937197
4746.1000 2.09266758
4746.1500 2.09390756
4746.2000 2.09616674
4746.2500 2.09842591
4746.3000 2.10068509
4746.3500 2.10377704
4746.4000 2.1077749
4746.4500 2.11177276
4746.5000 2.11577062
4746.5500 2.11678503
4746.6000 2.10960437
4746.6500 2.1024237
4746.7000 2.09524304
4746.7500 2.08805688
4746.8000 2.08077799
4746.8500 2.07349911
4746.9000 2.06622023
4746.9500 2.05894134
4747.0000 2.06140508
4747.0500 2.06563963
4747.1000 2.06987418
4747.1500 2.07410873
4747.2000 2.08091383
4747.2500 2.08918011
4747.3000 2.0974464
4747.3500 2.10571268
4747.4000 2.10413546
4747.4500 2.08951647
4747.5000 2.07489748
4747.5500 2.06027849
4747.6000 2.05180047
4747.6500 2.06461828
4747.7000 2.07743608
4747.7500 2.09025389
4747.8000 2.10246362
4747.8500 2.08272751
4747.9000 2.06299141
4747.9500 2.0432553
4748.0000 2.02351919
4748.0500 2.01793086
4748.1000 2.01556052
4748.1500 2.01319018
4748.2000 2.01081984
4748.2500 2.03175467
4748.3000 2.06747298
4748.3500 2.10319129
4748.4000 2.1389096
4748.4500 2.15117168
4748.5000 2.12970737
4748.5500 2.10824307
4748.6000 2.08677877
4748.6500 2.0724153
4748.7000 2.08481439
4748.7500 2.09721347
4748.8000 2.10961256
4748.8500 2.1217783
4748.9000 2.11161754
4748.9500 2.10145679
4749.0000 2.09129604
4749.0500 2.08113529
4749.1000 2.0774277
4749.1500 2.07521265
4749.2000 2.07299761
4749.2500 2.07078256
4749.3000 2.0763646
4749.3500 2.08682501
4749.4000 2.09728542
4749.4500 2.10774583
4749.5000 2.10952233
4749.5500 2.09927073
4749.6000 2.08901912
4749.6500 2.07876751
4749.7000 2.07282915
4749.7500 2.0817843
4749.8000 2.09073946
4749.8500 2.09969461
4749.9000 2.10819119
4749.9500 2.10236912
4750.0000 2.09654705
4750.0500 2.09072497
4750.1000 2.0849029
4750.1500 2.08102654
4750.2000 2.0775245
4750.2500 2.07402245
4750.3000 2.0705204
4750.3500 2.068538
4750.4000 2.06738307
4750.4500 2.06622814
4750.5000 2.06507321
4750.5500 2.06486965
4750.6000 2.06579464
4750.6500 2.06671962
4750.7000 2.0676446
4750.7500 2.06891016
4750.8000 2.07110341
4750.8500 2.07329667
4750.9000 2.07548992
4750.9500 2.07759141
4751.0000 2.07864921
4751.0500 2.07970701
4751.1000 2.08076482
4751.1500 2.08182262
4751.2000 2.08863497
4751.2500 2.09612765
4751.3000 2.10362033
4751.3500 2.11111301
4751.4000 2.1065896
4751.4500 2.09713192
4751.5000 2.08767423
4751.5500 2.07821654
4751.6000 2.07539
4751.6500 2.07857055
4751.7000 2.08175109
4751.7500 2.08493164
4751.8000 2.08839628
4751.8500 2.09240836
4751.9000 2.09642043
4751.9500 2.10043251
4752.0000 2.10396888
4752.0500 2.10500361
4752.1000 2.10603835
4752.1500 2.10707308
4752.2000 2.10810782
4752.2500 2.11389634
4752.3000 2.11978645
4752.3500 2.12567657
4752.4000 2.13156668
4752.4500 2.12648216
4752.5000 2.11864615
4752.5500 2.11081014
4752.6000 2.10297413
4752.6500 2.10273185
4752.7000 2.10712046
4752.7500 2.11150906
4752.8000 2.11589766
4752.8500 2.11736936
4752.9000 2.11518828
4752.9500 2.11300721
4753.0000 2.11082613
4753.0500 2.10801358
4753.1000 2.10347605
4753.1500 2.09893851
4753.2000 2.09440098
4753.2500 2.08985168
4753.3000 2.08518783
4753.3500 2.08052398
4753.4000 2.07586014
4753.4500 2.07119629
4753.5000 2.07606583
4753.5500 2.08177041
4753.6000 2.08747499
4753.6500 2.09317957
4753.7000 2.09372995
4753.7500 2.09253435
4753.8000 2.09133875
4753.8500 2.09014315
4753.9000 2.09476712
4753.9500 2.10368121
4754.0000 2.1125953
4754.0500 2.12150938
4754.1000 2.1243524
4754.1500 2.11829448
4754.2000 2.11223656
4754.2500 2.10617864
4754.3000 2.10351016
4754.3500 2.11178251
4754.4000 2.12005486
4754.4500 2.12832721
4754.5000 2.1355977
4754.5500 2.12929278
4754.6000 2.12298786
4754.6500 2.11668293
4754.7000 2.11037801
4754.7500 2.10987964
4754.8000 2.11001138
4754.8500 2.11014311
4754.9000 2.11027485
4754.9500 2.10768165
4755.0000 2.10411437
4755.0500 2.10054709
4755.1000 2.09697981
4755.1500 2.1012144
4755.2000 2.11127718
4755.2500 2.12133996
4755.3000 2.13140274
4755.3500 2.13582001
4755.4000 2.13209023
4755.4500 2.12836045
4755.5000 2.12463067
4755.5500 2.12276512
4755.6000 2.12657036
4755.6500 2.13037561
4755.7000 2.13418085
4755.7500 2.13730681
4755.8000 2.13327556
4755.8500 2.1292443
4755.9000 2.12521305
4755.9500 2.1211818
4756.0000 2.11810419
4756.0500 2.11510153
4756.1000 2.11209887
4756.1500 2.10909621
4756.2000 2.11062652
4756.2500 2.11352024
4756.3000 2.11641397
4756.3500 2.1193077
4756.4000 2.12127456
4756.4500 2.12265275
4756.5000 2.12403095
4756.5500 2.12540915
4756.6000 2.12586056
4756.6500 2.12520447
4756.7000 2.12454838
4756.7500 2.1238923
4756.8000 2.12381567
4756.8500 2.12508623
4756.9000 2.12635679
4756.9500 2.12762735
4757.0000 2.13059163
4757.0500 2.14337425
4757.1000 2.15615687
4757.1500 2.16893949
4757.2000 2.18172212
4757.2500 2.18310977
4757.3000 2.18443639
4757.3500 2.18576301
4757.4000 2.18708963
4757.4500 2.17678758
4757.5000 2.16432642
4757.5500 2.15186526
4757.6000 2.1394041
4757.6500 2.139662
4757.7000 2.145546
4757.7500 2.15143001
4757.8000 2.15731401
4757.8500 2.16270543
4757.9000 2.16768464
4757.9500 2.17266385
4758.0000 2.17764306
4758.0500 2.17719296
4758.1000 2.16848627
4758.1500 2.15977958
4758.2000 2.15107289
4758.2500 2.14406797
4758.3000 2.14216336
4758.3500 2.14025876
4758.4000 2.13835416
4758.4500 2.13841219
4758.5000 2.15522714
4758.5500 2.17204209
4758.6000 2.18885704
4758.6500 2.20567199
4758.7000 2.19336784
4758.7500 2.1798723
4758.8000 2.16637676
4758.8500 2.15288122
4758.9000 2.15710657
4758.9500 2.16528184
4759.0000 2.17345711
4759.0500 2.18163238
4759.1000 2.17765137
4759.1500 2.16784285
4759.2000 2.15803432
4759.2500 2.1482258
4759.3000 2.14781566
4759.3500 2.15556195
4759.4000 2.16330824
4759.4500 2.17105454
4759.5000 2.17851337
4759.5500 2.18553371
4759.6000 2.19255406
4759.6500 2.19957441
4759.7000 2.20428242
4759.7500 2.20233249
4759.8000 2.20038256
4759.8500 2.19843263
4759.9000 2.19498346
4759.9500 2.180619
4760.0000 2.16625453
4760.0500 2.15189007
4760.1000 2.1375256
4760.1500 2.15082796
4760.2000 2.16455322
4760.2500 2.17827849
4760.3000 2.19200375
4760.3500 2.17867803
4760.4000 2.16059048
4760.4500 2.14250294
4760.5000 2.12441539
4760.5500 2.13264728
4760.6000 2.15127349
4760.6500 2.16989969
4760.7000 2.18852589
4760.7500 2.19383747
4760.8000 2.18968966
4760.8500 2.18554185
4760.9000 2.18139405
4760.9500 2.1787753
4761.0000 2.17799848
4761.0500 2.17722165
4761.1000 2.17644483
4761.1500 2.1758589
4761.2000 2.17567173
4761.2500 2.17548456
4761.3000 2.1752974
4761.3500 2.17513505
4761.4000 2.17507514
4761.4500 2.17501523
4761.5000 2.17495532
4761.5500 2.17499348
4761.6000 2.17638374
4761.6500 2.177774
4761.7000 2.17916426
4761.7500 2.18055452
4761.8000 2.17167188
4761.8500 2.16214932
4761.9000 2.15262677
4761.9500 2.14310422
4762.0000 2.1556014
4762.0500 2.1730541
4762.1000 2.1905068
4762.1500 2.2079595
4762.2000 2.20357461
4762.2500 2.18948946
4762.3000 2.1754043
4762.3500 2.16131914
4762.4000 2.1612264
4762.4500 2.17169997
4762.5000 2.18217353
4762.5500 2.19264709
4762.6000 2.20021438
4762.6500 2.20420478
4762.7000 2.20819519
4762.7500 2.21218559
4762.8000 2.2129205
4762.8500 2.20698586
4762.9000 2.20105122
4762.9500 2.19511658
4763.0000 2.18837836
4763.0500 2.17859765
4763.1000 2.16881693
4763.1500 2.15903622
4763.2000 2.15010636
4763.2500 2.14966916
4763.3000 2.14923195
4763.3500 2.14879475
4763.4000 2.14835755
4763.4500 2.14065366
4763.5000 2.1327588
4763.5500 2.12486394
4763.6000 2.11696908
4763.6500 2.13135461
4763.7000 2.14939967
4763.7500 2.16744474
4763.8000 2.18548981
4763.8500 2.18368142
4763.9000 2.17506523
4763.9500 2.16644904
4764.0000 2.15783285
4764.0500 2.15579554
4764.1000 2.15759572
4764.1500 2.1593959
4764.2000 2.16119608
4764.2500 2.15660525
4764.3000 2.14610866
4764.3500 2.13561208
4764.4000 2.12511549
4764.4500 2.1228472
4764.5000 2.13246507
4764.5500 2.14208293
4764.6000 2.1517008
4764.6500 2.15966379
4764.7000 2.16375845
4764.7500 2.16785311
4764.8000 2.17194777
4764.8500 2.17313525
4764.9000 2.16203891
4764.9500 2.15094258
4765.0000 2.13984624
4765.0500 2.13027075
4765.1000 2.13720784
4765.1500 2.14414494
4765.2000 2.15108204
4765.2500 2.15801914
4765.3000 2.15182554
4765.3500 2.14534344
4765.4000 2.13886133
4765.4500 2.13237922
4765.5000 2.13461165
4765.5500 2.13810186
4765.6000 2.14159208
4765.6500 2.14508229
4765.7000 2.14647298
4765.7500 2.14723814
4765.8000 2.1480033
4765.8500 2.14876845
4765.9000 2.15411265
4765.9500 2.1617302
4766.0000 2.16934775
4766.0500 2.1769653
4766.1000 2.17772864
4766.1500 2.17326268
4766.2000 2.16879673
4766.2500 2.16433078
4766.3000 2.16364166
4766.3500 2.16725549
4766.4000 2.17086931
4766.4500 2.17448314
4766.5000 2.17413031
4766.5500 2.16699029
4766.6000 2.15985028
4766.6500 2.15271026
4766.7000 2.14740484
4766.7500 2.14702247
4766.8000 2.1466401
4766.8500 2.14625772
4766.9000 2.1469562
4766.9500 2.1527387
4767.0000 2.1585212
4767.0500 2.1643037
4767.1000 2.16929599
4767.1500 2.16524669
4767.2000 2.16119738
4767.2500 2.15714808
4767.3000 2.15309877
4767.3500 2.15115141
4767.4000 2.14923252
4767.4500 2.14731363
4767.5000 2.14539474
4767.5500 2.13888292
4767.6000 2.13182714
4767.6500 2.12477136
4767.7000 2.11771558
4767.7500 2.11448089
4767.8000 2.11218483
4767.8500 2.10988878
4767.9000 2.10759273
4767.9500 2.10304901
4768.0000 2.09759921
4768.0500 2.09214941
4768.1000 2.08669962
4768.1500 2.09234346
4768.2000 2.10467729
4768.2500 2.11701111
4768.3000 2.12934493
4768.3500 2.13236078
4768.4000 2.12731499
4768.4500 2.1222692
4768.5000 2.1172234
4768.5500 2.11566485
4768.6000 2.1183738
4768.6500 2.12108276
4768.7000 2.12379172
4768.7500 2.12256463
4768.8000 2.11447373
4768.8500 2.10638282
4768.9000 2.09829192
4768.9500 2.09540153
4769.0000 2.10585519
4769.0500 2.11630884
4769.1000 2.1267625
4769.1500 2.135705
4769.2000 2.13851226
4769.2500 2.14131953
4769.3000 2.14412679
4769.3500 2.14578153
4769.4000 2.13865712
4769.4500 2.1315327
4769.5000 2.12440829
4769.5500 2.11748855
4769.6000 2.11610056
4769.6500 2.11471256
4769.7000 2.11332457
4769.7500 2.11193658
4769.8000 2.11130702
4769.8500 2.11071193
4769.9000 2.11011684
4769.9500 2.10952175
4770.0000 2.10675782
4770.0500 2.10369423
4770.1000 2.10063064
4770.1500 2.09756705
4770.2000 2.09118098
4770.2500 2.08397411
4770.3000 2.07676724
4770.3500 2.06956038
4770.4000 2.07485909
4770.4500 2.08486775
4770.5000 2.09487642
4770.5500 2.10488509
4770.6000 2.10221791
4770.6500 2.0927895
4770.7000 2.08336109
4770.7500 2.07393269
4770.8000 2.07293191
4770.8500 2.07805634
4770.9000 2.08318077
4770.9500 2.0883052
4771.0000 2.09269503
4771.0500 2.09637137
4771.1000 2.1000477
4771.1500 2.10372404
4771.2000 2.10471528
4771.2500 2.10224286
4771.3000 2.09977044
4771.3500 2.09729802
4771.4000 2.09124936
4771.4500 2.07904079
4771.5000 2.06683222
4771.5500 2.05462366
4771.6000 2.04507573
4771.6500 2.04176064
4771.7000 2.03844555
4771.7500 2.03513046
4771.8000 2.03078296
4771.8500 2.02302247
4771.9000 2.01526198
4771.9500 2.00750149
4772.0000 2.00404337
4772.0500 2.02211574
4772.1000 2.04018811
4772.1500 2.05826048
4772.2000 2.07499037
4772.2500 2.07991074
4772.3000 2.08483111
4772.3500 2.08975148
4772.4000 2.09410453
4772.4500 2.08441428
4772.5000 2.07472403
4772.5500 2.06503378
4772.6000 2.05534353
4772.6500 2.05490906
4772.7000 2.05469431
4772.7500 2.05447956
4772.8000 2.05426481
4772.8500 2.04942367
4772.9000 2.0441584
4772.9500 2.03889313
4773.0000 2.03362786
4773.0500 2.04882552
4773.1000 2.06745269
4773.1500 2.08607987
4773.2000 2.10470705
4773.2500 2.1061615
4773.3000 2.10327241
4773.3500 2.10038333
4773.4000 2.09749424
4773.4500 2.09355463
4773.5000 2.08924788
4773.5500 2.08494112
4773.6000 2.08063437
4773.6500 2.0802081
4773.7000 2.08156504
4773.7500 2.08292197
4773.8000 2.08427891
4773.8500 2.08293073
4773.9000 2.07999732
4773.9500 2.0770639
4774.0000 2.07413049
4774.0500 2.08196623
4774.1000 2.09769365
4774.1500 2.11342107
4774.2000 2.12914849
4774.2500 2.12932345
4774.3000 2.11542268
4774.3500 2.10152191
4774.4000 2.08762114
4774.4500 2.08177652
4774.5000 2.08487277
4774.5500 2.08796902
4774.6000 2.09106526
4774.6500 2.09017779
4774.7000 2.08388429
4774.7500 2.07759078
4774.8000 2.07129727
4774.8500 2.06643154
4774.9000 2.06393749
4774.9500 2.06144344
4775.0000 2.05894939
4775.0500 2.05798443
4775.1000 2.06014461
4775.1500 2.06230478
4775.2000 2.06446496
4775.2500 2.06692097
4775.3000 2.07012826
4775.3500 2.07333555
4775.4000 2.07654284
4775.4500 2.07917023
4775.5000 2.0799384
4775.5500 2.08070657
4775.6000 2.08147474
4775.6500 2.08173117
4775.7000 2.0798644
4775.7500 2.07799763
4775.8000 2.07613086
4775.8500 2.07382771
4775.9000 2.06908835
4775.9500 2.06434899
4776.0000 2.05960963
4776.0500 2.05385879
4776.1000 2.03999419
4776.1500 2.0261296
4776.2000 2.01226501
4776.2500 2.00053221
4776.3000 2.01668542
4776.3500 2.03283864
4776.4000 2.04899186
4776.4500 2.06456161
4776.5000 2.06272213
4776.5500 2.06088266
4776.6000 2.05904318
4776.6500 2.05720371
4776.7000 2.07064053
4776.7500 2.08415292
4776.8000 2.09766531
4776.8500 2.1111777
4776.9000 2.10120567
4776.9500 2.09022877
4777.0000 2.07925186
4777.0500 2.06827496
4777.1000 2.07255317
4777.1500 2.07808442
4777.2000 2.08361568
4777.2500 2.08914693
4777.3000 2.09157702
4777.3500 2.09362564
4777.4000 2.09567426
4777.4500 2.09772288
4777.5000 2.10231058
4777.5500 2.10731823
4777.6000 2.11232588
4777.6500 2.11733354
4777.7000 2.12058019
4777.7500 2.12345827
4777.8000 2.12633636
4777.8500 2.12921445
4777.9000 2.11654254
4777.9500 2.09991056
4778.0000 2.08327857
4778.0500 2.06664659
4778.1000 2.06875719
4778.1500 2.07651812
4778.2000 2.08427904
4778.2500 2.09203997
4778.3000 2.09523157
4778.3500 2.09682559
4778.4000 2.09841962
4778.4500 2.10001364
4778.5000 2.10455374
4778.5500 2.11026949
4778.6000 2.11598524
4778.6500 2.12170098
4778.7000 2.11615784
4778.7500 2.10555254
4778.8000 2.09494724
4778.8500 2.08434195
4778.9000 2.08504327
4778.9500 2.09141095
4779.0000 2.09777863
4779.0500 2.10414631
4779.1000 2.10356606
4779.1500 2.09914025
4779.2000 2.09471445
4779.2500 2.09028865
4779.3000 2.08498843
4779.3500 2.079158
4779.4000 2.07332756
4779.4500 2.06749712
4779.5000 2.07128889
4779.5500 2.08142686
4779.6000 2.09156483
4779.6500 2.1017028
4779.7000 2.09995405
4779.7500 2.08973386
4779.8000 2.07951366
4779.8500 2.06929347
4779.9000 2.0654317
4779.9500 2.06643695
4780.0000 2.0674422
4780.0500 2.06844745
4780.1000 2.06743344
4780.1500 2.06476882
4780.2000 2.06210421
4780.2500 2.0594396
4780.3000 2.0643127
4780.3500 2.07572996
4780.4000 2.08714723
4780.4500 2.0985645
4780.5000 2.10185044
4780.5500 2.09767779
4780.6000 2.09350514
4780.6500 2.08933249
4780.7000 2.0794186
4780.7500 2.06396927
4780.8000 2.04851994
4780.8500 2.0330706
4780.9000 2.0309082
4780.9500 2.04214355
4781.0000 2.05337889
4781.0500 2.06461424
4781.1000 2.06674101
4781.1500 2.05931029
4781.2000 2.05187958
4781.2500 2.04444886
4781.3000 2.0485834
4781.3500 2.06528325
4781.4000 2.08198309
4781.4500 2.09868294
4781.5000 2.10329709
4781.5500 2.09438267
4781.6000 2.08546825
4781.6500 2.07655383
4781.7000 2.06855263
4781.7500 2.06159943
4781.8000 2.05464622
4781.8500 2.04769302
4781.9000 2.04285534
4781.9500 2.04049406
4782.0000 2.03813277
4782.0500 2.03577149
4782.1000 2.03405307
4782.1500 2.03309842
4782.2000 2.03214377
4782.2500 2.03118912
4782.3000 2.03263772
4782.3500 2.03696959
4782.4000 2.04130146
4782.4500 2.04563333
4782.5000 2.05022417
4782.5500 2.05512718
4782.6000 2.06003019
4782.6500 2.06493321
4782.7000 2.06581059
4782.7500 2.06183704
4782.8000 2.0578635
4782.8500 2.05388995
4782.9000 2.0512516
4782.9500 2.05021352
4783.0000 2.04917543
4783.0500 2.04813734
4783.1000 2.04890438
4783.1500 2.05181234
4783.2000 2.05472029
4783.2500 2.05762824
4783.3000 2.04853748
4783.3500 2.02543533
4783.4000 2.00233318
4783.4500 1.97923103
4783.5000 1.97255776
4783.5500 1.98467855
4783.6000 1.99679934
4783.6500 2.00892013
4783.7000 2.01706962
4783.7500 2.02079088
4783.8000 2.02451214
4783.8500 2.02823341
4783.9000 2.02884855
4783.9500 2.02610459
4784.0000 2.02336062
4784.0500 2.02061666
4784.1000 2.01751249
4784.1500 2.01403241
4784.2000 2.01055233
4784.2500 2.00707226
4784.3000 2.01222969
4784.3500 2.02604246
4784.4000 2.03985522
4784.4500 2.05366799
4784.5000 2.05848913
4784.5500 2.05470236
4784.6000 2.0509156
4784.6500 2.04712884
4784.7000 2.04278098
4784.7500 2.03792257
4784.8000 2.03306416
4784.8500 2.02820574
4784.9000 2.01891131
4784.9500 2.00580017
4785.0000 1.99268904
4785.0500 1.9795779
4785.1000 1.97853527
4785.1500 1.98725859
4785.2000 1.99598192
4785.2500 2.00470524
4785.3000 2.00933219
4785.3500 2.01085874
4785.4000 2.01238528
4785.4500 2.01391183
4785.5000 2.01037392
4785.5500 2.00327173
4785.6000 1.99616953
4785.6500 1.98906734
4785.7000 1.98415612
4785.7500 1.98066984
4785.8000 1.97718356
4785.8500 1.97369728
4785.9000 1.97716742
4785.9500 1.98479026
4786.0000 1.99241311
4786.0500 2.00003595
4786.1000 1.99731474
4786.1500 1.98896761
4786.2000 1.98062048
4786.2500 1.97227334
4786.3000 1.96880883
4786.3500 1.96774358
4786.4000 1.96667834
4786.4500 1.96561309
4786.5000 1.96764235
4786.5500 1.97103234
4786.6000 1.97442232
4786.6500 1.9778123
4786.7000 1.98438197
4786.7500 1.99218873
4786.8000 1.99999549
4786.8500 2.00780225
4786.9000 1.99684883
4786.9500 1.97952499
4787.0000 1.96220116
4787.0500 1.94487733
4787.1000 1.95190561
4787.1500 1.96602916
4787.2000 1.98015272
4787.2500 1.99427627
4787.3000 1.99818747
4787.3500 1.99960141
4787.4000 2.00101534
4787.4500 2.00242928
4787.5000 2.01269084
4787.5500 2.02471444
4787.6000 2.03673803
4787.6500 2.04876163
4787.7000 2.03646823
4787.7500 2.02039919
4787.8000 2.00433016
4787.8500 1.98826112
4787.9000 1.99192722
4787.9500 1.99782149
4788.0000 2.00371576
4788.0500 2.00961003
4788.1000 2.01012784
4788.1500 2.01025815
4788.2000 2.01038846
4788.2500 2.01051877
4788.3000 2.00656805
4788.3500 2.00248357
4788.4000 1.99839909
4788.4500 1.99438393
4788.5000 2.00407282
4788.5500 2.01376172
4788.6000 2.02345061
4788.6500 2.03257278
4788.7000 2.02910448
4788.7500 2.02563617
4788.8000 2.02216787
4788.8500 2.01951325
4788.9000 2.02592119
4788.9500 2.03232913
4789.0000 2.03873706
4789.0500 2.04367561
4789.1000 2.0381351
4789.1500 2.03259459
4789.2000 2.02705407
4789.2500 2.02124775
4789.3000 2.0140947
4789.3500 2.00694166
4789.4000 1.99978861
4789.4500 1.99524988
4789.5000 2.00066667
4789.5500 2.00608347
4789.6000 2.01150026
4789.6500 2.01704932
4789.7000 2.02299015
4789.7500 2.02893097
4789.8000 2.0348718
4789.8500 2.03745459
4789.9000 2.03213039
4789.9500 2.0268062
4790.0000 2.021482
4790.0500 2.0208415
4790.1000 2.02909063
4790.1500 2.03733977
4790.2000 2.0455889
4790.2500 2.04983796
4790.3000 2.04791695
4790.3500 2.04599594
4790.4000 2.04407493
4790.4500 2.04346937
4790.5000 2.04451881
4790.5500 2.04556825
4790.6000 2.04661769
4790.6500 2.04106233
4790.7000 2.02873228
4790.7500 2.01640224
4790.8000 2.0040722
4790.8500 2.00112689
4790.9000 2.00599318
4790.9500 2.01085948
4791.0000 2.01572577
4791.0500 2.01345607
4791.1000 2.00641134
4791.1500 1.99936661
4791.2000 1.99232188
4791.2500 1.99152361
4791.3000 1.99403357
4791.3500 1.99654353
4791.4000 1.99905349
4791.4500 2.00814929
4791.5000 2.01993914
4791.5500 2.03172899
4791.6000 2.04351884
4791.6500 2.03334671
4791.7000 2.0164993
4791.7500 1.99965189
4791.8000 1.98280448
4791.8500 1.98742304
4791.9000 1.99658244
4791.9500 2.00574183
4792.0000 2.01490123
4792.0500 2.02267045
4792.1000 2.03025935
4792.1500 2.03784826
4792.2000 2.04543716
4792.2500 2.03470153
4792.3000 2.02292483
4792.3500 2.01114813
4792.4000 1.9995269
4792.4500 2.00585073
4792.5000 2.01217457
4792.5500 2.01849841
4792.6000 2.02387171
4792.6500 2.01703415
4792.7000 2.0101966
4792.7500 2.00335905
4792.8000 1.99797207
4792.8500 2.0017118
4792.9000 2.00545153
4792.9500 2.00919126
4793.0000 2.00905643
4793.0500 1.99374211
4793.1000 1.97842779
4793.1500 1.96311347
4793.2000 1.95141922
4793.2500 1.94947111
4793.3000 1.947523
4793.3500 1.9455749
4793.4000 1.94581665
4793.4500 1.95031657
4793.5000 1.95481649
4793.5500 1.95931641
4793.6000 1.96888868
4793.6500 1.98576973
4793.7000 2.00265078
4793.7500 2.01953183
4793.8000 2.02490342
4793.8500 2.01785823
4793.9000 2.01081305
4793.9500 2.00376786
4794.0000 1.99532646
4794.0500 1.98575958
4794.1000 1.97619271
4794.1500 1.96662584
4794.2000 1.97069927
4794.2500 1.98286582
4794.3000 1.99503236
4794.3500 2.00719891
4794.4000 2.0141937
4794.4500 2.01900191
4794.5000 2.02381013
4794.5500 2.02861835
4794.6000 2.01658725
4794.6500 1.99978887
4794.7000 1.98299049
4794.7500 1.96619211
4794.8000 1.97314163
4794.8500 1.98404834
4794.9000 1.99495506
4794.9500 2.00586177
4795.0000 1.99920684
4795.0500 1.99135645
4795.1000 1.98350606
4795.1500 1.97595562
4795.2000 1.98611196
4795.2500 1.9962683
4795.3000 2.00642464
4795.3500 2.0163545
4795.4000 2.02420786
4795.4500 2.03206122
4795.5000 2.03991458
4795.5500 2.04521464
4795.6000 2.03898639
4795.6500 2.03275815
4795.7000 2.0265299
4795.7500 2.02036781
4795.8000 2.01438864
4795.8500 2.00840946
4795.9000 2.00243029
4795.9500 1.99790742
4796.0000 1.99607534
4796.0500 1.99424326
4796.1000 1.99241119
4796.1500 1.99286913
4796.2000 1.99626511
4796.2500 1.99966108
4796.3000 2.00305706
4796.3500 2.00372905
4796.4000 2.00194818
4796.4500 2.00016731
4796.5000 1.99838644
4796.5500 1.99782166
4796.6000 1.99801611
4796.6500 1.99821056
4796.7000 1.99840501
4796.7500 1.99475544
4796.8000 1.98950816
4796.8500 1.98426088
4796.9000 1.9790136
4796.9500 1.98695115
4797.0000 1.99821698
4797.0500 2.0094828
4797.1000 2.02074863
4797.1500 2.00653092
4797.2000 1.98922122
4797.2500 1.97191152
4797.3000 1.95460182
4797.3500 1.96372573
4797.4000 1.97321289
4797.4500 1.98270005
4797.5000 1.99231322
4797.5500 2.0033299
4797.6000 2.01434657
4797.6500 2.02536324
4797.7000 2.03245338
4797.7500 2.02161233
4797.8000 2.01077128
4797.8500 1.99993023
4797.9000 1.98841056
4797.9500 1.97513008
4798.0000 1.96184961
4798.0500 1.94856913
4798.1000 1.94914472
4798.1500 1.97251673
4798.2000 1.99588875
4798.2500 2.01926076
4798.3000 2.02921472
4798.3500 2.02458523
4798.4000 2.01995574
4798.4500 2.01532624
4798.5000 2.00111458
4798.5500 1.9800108
4798.6000 1.95890703
4798.6500 1.93780326
4798.7000 1.93307497
4798.7500 1.93586301
4798.8000 1.93865105
4798.8500 1.94143909
4798.9000 1.94413947
4798.9500 1.94681662
4799.0000 1.94949376
4799.0500 1.95217091
4799.1000 1.95102011
4799.1500 1.94942894
4799.2000 1.94783776
4799.2500 1.94625984
4799.3000 1.94761517
4799.3500 1.9489705
4799.4000 1.95032584
4799.4500 1.95044948
4799.5000 1.94095014
4799.5500 1.93145081
4799.6000 1.92195147
4799.6500 1.91581201
4799.7000 1.92132878
4799.7500 1.92684554
4799.8000 1.9323623
4799.8500 1.93861133
4799.9000 1.94631174
4799.9500 1.95401215
4800.0000 1.96171256
4800.0500 1.96192536
4800.1000 1.95292103
4800.1500 1.94391669
4800.2000 1.93491236
4800.2500 1.92396728
4800.3000 1.91151235
4800.3500 1.89905741
4800.4000 1.88660248
4800.4500 1.90106292
4800.5000 1.92830949
4800.5500 1.95555605
4800.6000 1.98280262
4800.6500 1.98184361
4800.7000 1.97360085
4800.7500 1.96535809
4800.8000 1.95711532
4800.8500 1.95344041
4800.9000 1.95020138
4800.9500 1.94696234
4801.0000 1.94358433
4801.0500 1.93604629
4801.1000 1.92850824
4801.1500 1.92097019
4801.2000 1.91404262
4801.2500 1.91049264
4801.3000 1.90694266
4801.3500 1.90339268
4801.4000 1.90052161
4801.4500 1.8994392
4801.5000 1.89835678
4801.5500 1.89727437
4801.6000 1.90000907
4801.6500 1.90850527
4801.7000 1.91700147
4801.7500 1.92549766
4801.8000 1.93308381
4801.8500 1.93984056
4801.9000 1.94659732
4801.9500 1.95335407
4802.0000 1.95490012
4802.0500 1.95363031
4802.1000 1.95236051
4802.1500 1.9510907
4802.2000 1.95924579
4802.2500 1.97011377
4802.3000 1.98098175
4802.3500 1.99184973
4802.4000 1.97937034
4802.4500 1.96444338
4802.5000 1.94951643
4802.5500 1.93526577
4802.6000 1.93963336
4802.6500 1.94400094
4802.7000 1.94836853
4802.7500 1.94988014
4802.8000 1.93707451
4802.8500 1.92426888
4802.9000 1.91146324
4802.9500 1.90656888
4803.0000 1.92023372
4803.0500 1.93389855
4803.1000 1.94756338
4803.1500 1.95155228
4803.2000 1.94285822
4803.2500 1.93416416
4803.3000 1.9254701
4803.3500 1.92410494
4803.4000 1.92831484
4803.4500 1.93252474
4803.5000 1.93673465
4803.5500 1.93969884
4803.6000 1.94214046
4803.6500 1.94458208
4803.7000 1.9470237
4803.7500 1.93938058
4803.8000 1.92984949
4803.8500 1.92031841
4803.9000 1.91078732
4803.9500 1.91046593
4804.0000 1.91031846
4804.0500 1.91017099
4804.1000 1.91020194
4804.1500 1.91151768
4804.2000 1.91283341
4804.2500 1.91414915
4804.3000 1.91846904
4804.3500 1.93117572
4804.4000 1.94388241
4804.4500 1.95658909
4804.5000 1.95932612
4804.5500 1.94752806
4804.6000 1.93573001
4804.6500 1.92393195
4804.7000 1.91623666
4804.7500 1.91188083
4804.8000 1.90752501
4804.8500 1.90316919
4804.9000 1.90200189
4804.9500 1.90222046
4805.0000 1.90243903
4805.0500 1.90265761
4805.1000 1.90589946
4805.1500 1.90969963
4805.2000 1.9134998
4805.2500 1.91729997
4805.3000 1.91334584
4805.3500 1.90933322
4805.4000 1.9053206
4805.4500 1.90176817
4805.5000 1.90099094
4805.5500 1.90021371
4805.6000 1.89943648
4805.6500 1.90140549
4805.7000 1.90999204
4805.7500 1.9185786
4805.8000 1.92716515
4805.8500 1.93126379
4805.9000 1.92977996
4805.9500 1.92829613
4806.0000 1.9268123
4806.0500 1.91689124
4806.1000 1.90133012
4806.1500 1.885769
4806.2000 1.87020789
4806.2500 1.8694769
4806.3000 1.87357468
4806.3500 1.87767246
4806.4000 1.88177025
4806.4500 1.89577219
4806.5000 1.91074508
4806.5500 1.92571796
4806.6000 1.93884556
4806.6500 1.92683808
4806.7000 1.9148306
4806.7500 1.90282312
4806.8000 1.89300195
4806.8500 1.89060909
4806.9000 1.88821622
4806.9500 1.88582335
4807.0000 1.8809478
4807.0500 1.87215169
4807.1000 1.86335557
4807.1500 1.85455946
4807.2000 1.8466593
4807.2500 1.83949404
4807.3000 1.83232878
4807.3500 1.82516353
4807.4000 1.83368294
4807.4500 1.8485354
4807.5000 1.86338786
4807.5500 1.87824033
4807.6000 1.87986791
4807.6500 1.87963521
4807.7000 1.87940251
4807.7500 1.87900022
4807.8000 1.87476094
4807.8500 1.87052167
4807.9000 1.86628239
4807.9500 1.86524195
4808.0000 1.87628607
4808.0500 1.88733018
4808.1000 1.89837429
4808.1500 1.89873353
4808.2000 1.88148148
4808.2500 1.86422943
4808.3000 1.84697738
4808.3500 1.85011024
4808.4000 1.87010811
4808.4500 1.89010597
4808.5000 1.91010383
4808.5500 1.91195793
4808.6000 1.9066936
4808.6500 1.90142927
4808.7000 1.89616493
4808.7500 1.88410695
4808.8000 1.87121378
4808.8500 1.8583206
4808.9000 1.84724581
4808.9500 1.86269456
4809.0000 1.87814331
4809.0500 1.89359206
4809.1000 1.90457052
4809.1500 1.90132526
4809.2000 1.89808
4809.2500 1.89483475
4809.3000 1.89030753
4809.3500 1.88397647
4809.4000 1.8776454
4809.4500 1.87131433
4809.5000 1.87161043
4809.5500 1.87645359
4809.6000 1.88129675
4809.6500 1.88613992
4809.7000 1.88855067
4809.7500 1.89024325
4809.8000 1.89193584
4809.8500 1.89362843
4809.9000 1.88314662
4809.9500 1.87205588
4810.0000 1.86096515
4810.0500 1.85428758
4810.1000 1.8761271
4810.1500 1.89796662
4810.2000 1.91980614
4810.2500 1.93131252
4810.3000 1.92055572
4810.3500 1.90979891
4810.4000 1.8990421
4810.4500 1.89220636
4810.5000 1.88927091
4810.5500 1.88633547
4810.6000 1.88340002
4810.6500 1.88609461
4810.7000 1.89135436
4810.7500 1.8966141
4810.8000 1.90187385
4810.8500 1.90257278
4810.9000 1.90261418
4810.9500 1.90265557
4811.0000 1.90243397
4811.0500 1.89825656
4811.1000 1.89407914
4811.1500 1.88990172
4811.2000 1.88831834
4811.2500 1.89443389
4811.3000 1.90054943
4811.3500 1.90666498
4811.4000 1.9116758
4811.4500 1.91529784
4811.5000 1.91891989
4811.5500 1.92254194
4811.6000 1.91382953
4811.6500 1.89803978
4811.7000 1.88225003
4811.7500 1.86646028
4811.8000 1.86130225
4811.8500 1.85833545
4811.9000 1.85536864
4811.9500 1.8526005
4812.0000 1.85785399
4812.0500 1.86310748
4812.1000 1.86836097
4812.1500 1.87568931
4812.2000 1.89034994
4812.2500 1.90501057
4812.3000 1.9196712
4812.3500 1.9234654
4812.4000 1.91214827
4812.4500 1.90083114
4812.5000 1.889514
4812.5500 1.89209157
4812.6000 1.90328039
4812.6500 1.9144692
4812.7000 1.92565802
4812.7500 1.92711972
4812.8000 1.92641436
4812.8500 1.92570901
4812.9000 1.92496165
4812.9500 1.92211093
4813.0000 1.9192602
4813.0500 1.91640948
4813.1000 1.91421641
4813.1500 1.91431887
4813.2000 1.91442133
4813.2500 1.91452378
4813.3000 1.91329845
4813.3500 1.91029249
4813.4000 1.90728653
4813.4500 1.90428056
4813.5000 1.90264672
4813.5500 1.90180851
4813.6000 1.90097029
4813.6500 1.90013208
4813.7000 1.90192079
4813.7500 1.90420938
4813.8000 1.90649797
4813.8500 1.90879357
4813.9000 1.91122643
4813.9500 1.91365928
4814.0000 1.91609213
4814.0500 1.91451753
4814.1000 1.9014473
4814.1500 1.88837708
4814.2000 1.87530686
4814.2500 1.86996525
4814.3000 1.87334936
4814.3500 1.87673348
4814.4000 1.8801176
4814.4500 1.86762345
4814.5000 1.84773441
4814.5500 1.82784537
4814.6000 1.80795632
4814.6500 1.81161744
4814.7000 1.81800726
4814.7500 1.82439709
4814.8000 1.82963567
4814.8500 1.82569313
4814.9000 1.82175059
4814.9500 1.81780804
4815.0000 1.81843181
4815.0500 1.82840962
4815.1000 1.83838743
4815.1500 1.84836525
4815.2000 1.8526922
4815.2500 1.85232031
4815.3000 1.85194843
4815.3500 1.85157655
4815.4000 1.84520293
4815.4500 1.83698881
4815.5000 1.82877469
4815.5500 1.82056057
4815.6000 1.81888575
4815.6500 1.81730393
4815.7000 1.81572212
4815.7500 1.81339066
4815.8000 1.80820476
4815.8500 1.80301886
4815.9000 1.79783295
4815.9500 1.79735248
4816.0000 1.80307449
4816.0500 1.80879651
4816.1000 1.81451853
4816.1500 1.80897089
4816.2000 1.79751641
4816.2500 1.78606193
4816.3000 1.77460746
4816.3500 1.78925279
4816.4000 1.80738332
4816.4500 1.82551385
4816.5000 1.84037404
4816.5500 1.82867724
4816.6000 1.81698045
4816.6500 1.80528365
4816.7000 1.79399049
4816.7500 1.78348632
4816.8000 1.77298216
4816.8500 1.76247799
4816.9000 1.77044036
4816.9500 1.79241323
4817.0000 1.8143861
4817.0500 1.83635897
4817.1000 1.82855184
4817.1500 1.8133053
4817.2000 1.79805875
4817.2500 1.7835737
4817.3000 1.7914053
4817.3500 1.7992369
4817.4000 1.80706851
4817.4500 1.81311514
4817.5000 1.81426724
4817.5500 1.81541935
4817.6000 1.81657145
4817.6500 1.81659959
4817.7000 1.81551638
4817.7500 1.81443318
4817.8000 1.81334998
4817.8500 1.81380945
4817.9000 1.81481155
4817.9500 1.81581366
4818.0000 1.81681576
4818.0500 1.81212838
4818.1000 1.80731359
4818.1500 1.8024988
4818.2000 1.799413
4818.2500 1.80253758
4818.3000 1.80566216
4818.3500 1.80878674
4818.4000 1.80937875
4818.4500 1.8069835
4818.5000 1.80458826
4818.5500 1.80219301
4818.6000 1.80502758
4818.6500 1.81009052
4818.7000 1.81515347
4818.7500 1.82021642
4818.8000 1.81011597
4818.8500 1.79913271
4818.9000 1.78814945
4818.9500 1.78050342
4819.0000 1.78707411
4819.0500 1.79364481
4819.1000 1.80021551
4819.1500 1.80212486
4819.2000 1.79801925
4819.2500 1.79391363
4819.3000 1.78980801
4819.3500 1.78955757
4819.4000 1.79108434
4819.4500 1.79261111
4819.5000 1.79413788
4819.5500 1.78436639
4819.6000 1.7737925
4819.6500 1.7632186
4819.7000 1.75559352
4819.7500 1.76102141
4819.8000 1.76644929
4819.8500 1.77187718
4819.9000 1.77939515
4819.9500 1.78961421
4820.0000 1.79983326
4820.0500 1.81005231
4820.1000 1.80512357
4820.1500 1.79337534
4820.2000 1.78162711
4820.2500 1.76987888
4820.3000 1.76347951
4820.3500 1.75739593
4820.4000 1.75131235
4820.4500 1.74726314
4820.5000 1.75133546
4820.5500 1.75540777
4820.6000 1.75948009
4820.6500 1.7648298
4820.7000 1.77169274
4820.7500 1.77855569
4820.8000 1.78541863
4820.8500 1.78786938
4820.9000 1.7885747
4820.9500 1.78928002
4821.0000 1.78998534
4821.0500 1.78540907
4821.1000 1.78070687
4821.1500 1.77600468
4821.2000 1.77072706
4821.2500 1.76360967
4821.3000 1.75649229
4821.3500 1.7493749
4821.4000 1.74650304
4821.4500 1.74785699
4821.5000 1.74921094
4821.5500 1.75056489
4821.6000 1.74576408
4821.6500 1.73907727
4821.7000 1.73239046
4821.7500 1.72627096
4821.8000 1.73782483
4821.8500 1.7493787
4821.9000 1.76093257
4821.9500 1.7692143
4822.0000 1.7697926
4822.0500 1.77037091
4822.1000 1.77094921
4822.1500 1.77355908
4822.2000 1.77772337
4822.2500 1.78188765
4822.3000 1.78605194
4822.3500 1.78171265
4822.4000 1.77570892
4822.4500 1.7697052
4822.5000 1.76350668
4822.5500 1.75569021
4822.6000 1.74787374
4822.6500 1.74005728
4822.7000 1.73917286
4822.7500 1.74959943
4822.8000 1.760026
4822.8500 1.77045257
4822.9000 1.77216134
4822.9500 1.7692556
4823.0000 1.76634987
4823.0500 1.76344413
4823.1000 1.76093177
4823.1500 1.7584494
4823.2000 1.75596703
4823.2500 1.75077182
4823.3000 1.73510868
4823.3500 1.71944554
4823.4000 1.7037824
4823.4500 1.70851586
4823.5000 1.73500748
4823.5500 1.76149909
4823.6000 1.78799071
4823.6500 1.78181441
4823.7000 1.76550559
4823.7500 1.74919678
4823.8000 1.7345642
4823.8500 1.75630778
4823.9000 1.77805136
4823.9500 1.79979495
4824.0000 1.81238559
4824.0500 1.80607151
4824.1000 1.79975744
4824.1500 1.79344337
4824.2000 1.78697056
4824.2500 1.78039615
4824.3000 1.77382175
4824.3500 1.76724735
4824.4000 1.78039422
4824.4500 1.79586225
4824.5000 1.81133027
4824.5500 1.81932796
4824.6000 1.79352484
4824.6500 1.76772172
4824.7000 1.74191861
4824.7500 1.73586648
4824.8000 1.75220355
4824.8500 1.76854062
4824.9000 1.78487769
4824.9500 1.79651035
4825.0000 1.80663919
4825.0500 1.81676804
4825.1000 1.82630393
4825.1500 1.82413764
4825.2000 1.82197134
4825.2500 1.81980505
4825.3000 1.81593879
4825.3500 1.80877357
4825.4000 1.80160835
4825.4500 1.79444313
4825.5000 1.79359274
4825.5500 1.79639901
4825.6000 1.79920529
4825.6500 1.80201156
4825.7000 1.79030786
4825.7500 1.77747666
4825.8000 1.76464546
4825.8500 1.75599279
4825.9000 1.76182502
4825.9500 1.76765724
4826.0000 1.77348946
4826.0500 1.7708124
4826.1000 1.76032042
4826.1500 1.74982843
4826.2000 1.73933644
4826.2500 1.74083868
4826.3000 1.74497323
4826.3500 1.74910778
4826.4000 1.75142798
4826.4500 1.74046578
4826.5000 1.72950359
4826.5500 1.7185414
4826.6000 1.71508432
4826.6500 1.72191855
4826.7000 1.72875279
4826.7500 1.73558703
4826.8000 1.72684612
4826.8500 1.71218692
4826.9000 1.69752772
4826.9500 1.68346479
4827.0000 1.68939485
4827.0500 1.6953249
4827.1000 1.70125496
4827.1500 1.70303295
4827.2000 1.6965563
4827.2500 1.69007966
4827.3000 1.68360302
4827.3500 1.68603397
4827.4000 1.69343736
4827.4500 1.70084074
4827.5000 1.70824413
4827.5500 1.70594467
4827.6000 1.7031371
4827.6500 1.70032954
4827.7000 1.70101433
4827.7500 1.71163312
4827.8000 1.7222519
4827.8500 1.73287069
4827.9000 1.73399891
4827.9500 1.72800773
4828.0000 1.72201655
4828.0500 1.71602536
4828.1000 1.71049293
4828.1500 1.70502067
4828.2000 1.69954842
4828.2500 1.69448555
4828.3000 1.69108005
4828.3500 1.68767454
4828.4000 1.68426904
4828.4500 1.68674154
4828.5000 1.69478242
4828.5500 1.70282329
4828.6000 1.71086417
4828.6500 1.69748588
4828.7000 1.67973174
4828.7500 1.66197759
4828.8000 1.64860803
4828.8500 1.66036183
4828.9000 1.67211563
4828.9500 1.68386943
4829.0000 1.68733451
4829.0500 1.68138549
4829.1000 1.67543647
4829.1500 1.66948745
4829.2000 1.67157135
4829.2500 1.67580047
4829.3000 1.68002958
4829.3500 1.68282921
4829.4000 1.67425489
4829.4500 1.66568057
4829.5000 1.65710625
4829.5500 1.65378819
4829.6000 1.65728445
4829.6500 1.66078071
4829.7000 1.66427698
4829.7500 1.67293851
4829.8000 1.68322521
4829.8500 1.69351191
4829.9000 1.70328974
4829.9500 1.70774588
4830.0000 1.71220203
4830.0500 1.71665817
4830.1000 1.7124989
4830.1500 1.69620899
4830.2000 1.67991908
4830.2500 1.66362917
4830.3000 1.65963056
4830.3500 1.65984608
4830.4000 1.66006159
4830.4500 1.6611251
4830.5000 1.67257452
4830.5500 1.68402394
4830.6000 1.69547336
4830.6500 1.69560348
4830.7000 1.67928817
4830.7500 1.66297285
4830.8000 1.64665753
4830.8500 1.65508656
4830.9000 1.67215141
4830.9500 1.68921627
4831.0000 1.70463178
4831.0500 1.7000778
4831.1000 1.69552382
4831.1500 1.69096983
4831.2000 1.67786732
4831.2500 1.65259948
4831.3000 1.62733165
4831.3500 1.60206382
4831.4000 1.60932439
4831.4500 1.62739868
4831.5000 1.64547297
4831.5500 1.66226074
4831.6000 1.66599462
4831.6500 1.66972851
4831.7000 1.67346239
4831.7500 1.67731796
4831.8000 1.68133463
4831.8500 1.6853513
4831.9000 1.68936796
4831.9500 1.67936444
4832.0000 1.66522828
4832.0500 1.65109213
4832.1000 1.63835228
4832.1500 1.63627791
4832.2000 1.63420355
4832.2500 1.63212918
4832.3000 1.63798781
4832.3500 1.65313705
4832.4000 1.66828629
4832.4500 1.68343553
4832.5000 1.68764043
4832.5500 1.68922489
4832.6000 1.69080936
4832.6500 1.68923758
4832.7000 1.67038767
4832.7500 1.65153777
4832.8000 1.63268786
4832.8500 1.63328068
4832.9000 1.65304582
4832.9500 1.67281095
4833.0000 1.69257609
4833.0500 1.67801793
4833.1000 1.65758962
4833.1500 1.63716131
4833.2000 1.62303685
4833.2500 1.63323778
4833.3000 1.64343871
4833.3500 1.65363964
4833.4000 1.65450203
4833.4500 1.64799951
4833.5000 1.64149699
4833.5500 1.63499447
4833.6000 1.63850988
4833.6500 1.64297082
4833.7000 1.64743176
4833.7500 1.64845217
4833.8000 1.64016287
4833.8500 1.63187358
4833.9000 1.62358429
4833.9500 1.61643806
4834.0000 1.60997085
4834.0500 1.60350365
4834.1000 1.59703644
4834.1500 1.60549038
4834.2000 1.61415245
4834.2500 1.62281452
4834.3000 1.62995392
4834.3500 1.63422233
4834.4000 1.63849073
4834.4500 1.64275914
4834.5000 1.64477622
4834.5500 1.64586609
4834.6000 1.64695596
4834.6500 1.64766955
4834.7000 1.64349179
4834.7500 1.63931403
4834.8000 1.63513627
4834.8500 1.63363537
4834.9000 1.63559738
4834.9500 1.63755939
4835.0000 1.6395214
4835.0500 1.61348021
4835.1000 1.58052356
4835.1500 1.54756691
4835.2000 1.5257079
4835.2500 1.55828697
4835.3000 1.59086605
4835.3500 1.62344512
4835.4000 1.63436907
4835.4500 1.62670704
4835.5000 1.61904501
4835.5500 1.61138298
4835.6000 1.62479105
4835.6500 1.64032514
4835.7000 1.65585922
4835.7500 1.66389568
4835.8000 1.65265003
4835.8500 1.64140438
4835.9000 1.63015874
4835.9500 1.63145609
4836.0000 1.63941817
4836.0500 1.64738025
4836.1000 1.65525565
4836.1500 1.66006313
4836.2000 1.66487061
4836.2500 1.66967808
4836.3000 1.67495259
4836.3500 1.68091791
4836.4000 1.68688324
4836.4500 1.69284856
4836.5000 1.70673205
4836.5500 1.72284036
4836.6000 1.73894866
4836.6500 1.74666479
4836.7000 1.71011444
4836.7500 1.67356409
4836.8000 1.63701374
4836.8500 1.62388759
4836.9000 1.63075528
4836.9500 1.63762297
4837.0000 1.64449067
4837.0500 1.65224865
4837.1000 1.66008293
4837.1500 1.66791721
4837.2000 1.67091166
4837.2500 1.66282712
4837.3000 1.65474258
4837.3500 1.64665804
4837.4000 1.63874224
4837.4500 1.63090282
4837.5000 1.62306339
4837.5500 1.61672221
4837.6000 1.6290627
4837.6500 1.64140319
4837.7000 1.65374368
4837.7500 1.6558991
4837.8000 1.64616928
4837.8500 1.63643945
4837.9000 1.62670963
4837.9500 1.61985688
4838.0000 1.61351127
4838.0500 1.60716566
4838.1000 1.60232841
4838.1500 1.60226166
4838.2000 1.6021949
4838.2500 1.60212815
4838.3000 1.61604118
4838.3500 1.63810355
4838.4000 1.66016591
4838.4500 1.68119488
4838.5000 1.66136745
4838.5500 1.64154002
4838.6000 1.62171259
4838.6500 1.6070585
4838.7000 1.59957712
4838.7500 1.59209575
4838.8000 1.58461438
4838.8500 1.58469782
4838.9000 1.58650059
4838.9500 1.58830336
4839.0000 1.58923494
4839.0500 1.58692863
4839.1000 1.58462232
4839.1500 1.58231601
4839.2000 1.57836363
4839.2500 1.57336172
4839.3000 1.56835982
4839.3500 1.56348343
4839.4000 1.57019425
4839.4500 1.57690506
4839.5000 1.58361587
4839.5500 1.5897082
4839.6000 1.59491859
4839.6500 1.60012897
4839.7000 1.60533936
4839.7500 1.60982545
4839.8000 1.61414727
4839.8500 1.61846909
4839.9000 1.6200334
4839.9500 1.61179099
4840.0000 1.60354857
4840.0500 1.59530615
4840.1000 1.59622507
4840.1500 1.60263493
4840.2000 1.60904479
4840.2500 1.61516642
4840.3000 1.61269601
4840.3500 1.61022559
4840.4000 1.60775517
4840.4500 1.60380176
4840.5000 1.59796927
4840.5500 1.59213678
4840.6000 1.58630429
4840.6500 1.55957993
4840.7000 1.52920234
4840.7500 1.49882475
4840.8000 1.47934401
4840.8500 1.49045261
4840.9000 1.50156121
4840.9500 1.5126698
4841.0000 1.5484465
4841.0500 1.59606826
4841.1000 1.64369003
4841.1500 1.68651146
4841.2000 1.68077247
4841.2500 1.67503347
4841.3000 1.66929448
4841.3500 1.65986694
4841.4000 1.64683485
4841.4500 1.63380276
4841.5000 1.62077067
4841.5500 1.60095188
4841.6000 1.58056686
4841.6500 1.56018183
4841.7000 1.54458004
4841.7500 1.53819504
4841.8000 1.53181004
4841.8500 1.52542504
4841.9000 1.53447953
4841.9500 1.54836271
4842.0000 1.56224588
4842.0500 1.57472353
4842.1000 1.58093877
4842.1500 1.58715401
4842.2000 1.59336925
4842.2500 1.58688819
4842.3000 1.57216186
4842.3500 1.55743554
4842.4000 1.54310523
4842.4500 1.54128559
4842.5000 1.53946594
4842.5500 1.53764629
4842.6000 1.53576518
4842.6500 1.53381088
4842.7000 1.53185658
4842.7500 1.52990229
4842.8000 1.53673013
4842.8500 1.54471241
4842.9000 1.5526947
4842.9500 1.56096368
4843.0000 1.56986324
4843.0500 1.57876281
4843.1000 1.58766237
4843.1500 1.59292486
4843.2000 1.59692737
4843.2500 1.60092989
4843.3000 1.60194665
4843.3500 1.58882024
4843.4000 1.57569384
4843.4500 1.56256743
4843.5000 1.55272501
4843.5500 1.54500565
4843.6000 1.53728629
4843.6500 1.52928134
4843.7000 1.51473607
4843.7500 1.50019079
4843.8000 1.48564552
4843.8500 1.47615763
4843.9000 1.47219786
4843.9500 1.4682381
4844.0000 1.46427833
4844.0500 1.47113734
4844.1000 1.47899966
4844.1500 1.48686198
4844.2000 1.49106862
4844.2500 1.48860248
4844.3000 1.48613634
4844.3500 1.48367021
4844.4000 1.48792396
4844.4500 1.49391908
4844.5000 1.4999142
4844.5500 1.50058981
4844.6000 1.48403439
4844.6500 1.46747897
4844.7000 1.45092355
4844.7500 1.46232285
4844.8000 1.48693579
4844.8500 1.51154872
4844.9000 1.52712061
4844.9500 1.47859779
4845.0000 1.43007497
4845.0500 1.38155216
4845.1000 1.37519914
4845.1500 1.40070371
4845.2000 1.42620828
4845.2500 1.45105043
4845.3000 1.43788179
4845.3500 1.42471316
4845.4000 1.41154452
4845.4500 1.41917233
4845.5000 1.45062629
4845.5500 1.48208024
4845.6000 1.5135342
4845.6500 1.50425429
4845.7000 1.49125948
4845.7500 1.47826467
4845.8000 1.47308003
4845.8500 1.48129461
4845.9000 1.48950918
4845.9500 1.49772376
4846.0000 1.48170656
4846.0500 1.46042442
4846.1000 1.43914228
4846.1500 1.42382373
4846.2000 1.42413139
4846.2500 1.42443905
4846.3000 1.42474671
4846.3500 1.44317772
4846.4000 1.46823098
4846.4500 1.49328423
4846.5000 1.51424308
4846.5500 1.51774698
4846.6000 1.52125089
4846.6500 1.52475479
4846.7000 1.51513351
4846.7500 1.49841576
4846.8000 1.48169801
4846.8500 1.46454396
4846.9000 1.44384463
4846.9500 1.4231453
4847.0000 1.40244597
4847.0500 1.39912959
4847.1000 1.40884402
4847.1500 1.41855844
4847.2000 1.42809016
4847.2500 1.43257978
4847.3000 1.4370694
4847.3500 1.44155902
4847.4000 1.43886346
4847.4500 1.42897814
4847.5000 1.41909283
4847.5500 1.40920751
4847.6000 1.40979862
4847.6500 1.4107566
4847.7000 1.41171457
4847.7500 1.40670682
4847.8000 1.39391717
4847.8500 1.38112751
4847.9000 1.36833785
4847.9500 1.3844943
4848.0000 1.40375378
4848.0500 1.42301325
4848.1000 1.43617264
4848.1500 1.43911598
4848.2000 1.44205932
4848.2500 1.44500266
4848.3000 1.42624463
4848.3500 1.40353662
4848.4000 1.3808286
4848.4500 1.36217408
4848.5000 1.35214859
4848.5500 1.34212311
4848.6000 1.33209762
4848.6500 1.33127139
4848.7000 1.33282211
4848.7500 1.33437283
4848.8000 1.34139306
4848.8500 1.36311276
4848.9000 1.38483246
4848.9500 1.40655216
4849.0000 1.39614141
4849.0500 1.37497224
4849.1000 1.35380308
4849.1500 1.34011916
4849.2000 1.3516958
4849.2500 1.36327244
4849.3000 1.37484908
4849.3500 1.38458158
4849.4000 1.3935589
4849.4500 1.40253623
4849.5000 1.40919104
4849.5500 1.40606086
4849.6000 1.40293069
4849.6500 1.39980051
4849.7000 1.38981199
4849.7500 1.37653083
4849.8000 1.36324968
4849.8500 1.35246591
4849.9000 1.35470585
4849.9500 1.35694579
4850.0000 1.35918572
4850.0500 1.36461492
4850.1000 1.37177934
4850.1500 1.37894376
4850.2000 1.38323683
4850.2500 1.36926142
4850.3000 1.35528602
4850.3500 1.34131062
4850.4000 1.33086364
4850.4500 1.32252938
4850.5000 1.31419511
4850.5500 1.3084774
4850.6000 1.32258365
4850.6500 1.3366899
4850.7000 1.35079615
4850.7500 1.34576644
4850.8000 1.32846009
4850.8500 1.31115374
4850.9000 1.29499648
4850.9500 1.2888218
4851.0000 1.28264711
4851.0500 1.27647243
4851.1000 1.28789064
4851.1500 1.31109933
4851.2000 1.33430802
4851.2500 1.35138799
4851.3000 1.31056353
4851.3500 1.26973908
4851.4000 1.22891462
4851.4500 1.20737129
4851.5000 1.19899829
4851.5500 1.1906253
4851.6000 1.1855151
4851.6500 1.21183061
4851.7000 1.23814612
4851.7500 1.26446163
4851.8000 1.26716367
4851.8500 1.25382161
4851.9000 1.24047955
4851.9500 1.23086174
4852.0000 1.25541557
4852.0500 1.2799694
4852.1000 1.30452324
4852.1500 1.28707574
4852.2000 1.24192771
4852.2500 1.19677967
4852.3000 1.15942029
4852.3500 1.18614735
4852.4000 1.2128744
4852.4500 1.23960146
4852.5000 1.25976759
4852.5500 1.27583705
4852.6000 1.29190651
4852.6500 1.30386955
4852.7000 1.28691008
4852.7500 1.26995062
4852.8000 1.25299116
4852.8500 1.25528284
4852.9000 1.2686633
4852.9500 1.28204376
4853.0000 1.29203477
4853.0500 1.28222737
4853.1000 1.27241997
4853.1500 1.26261257
4853.2000 1.2656705
4853.2500 1.27537662
4853.3000 1.28508275
4853.3500 1.28898365
4853.4000 1.26530814
4853.4500 1.24163263
4853.5000 1.21795713
4853.5500 1.22051714
4853.6000 1.23486529
4853.6500 1.24921344
4853.7000 1.26055337
4853.7500 1.26040589
4853.8000 1.26025842
4853.8500 1.26011094
4853.9000 1.23282534
4853.9500 1.19532569
4854.0000 1.15782604
4854.0500 1.1437335
4854.1000 1.20098322
4854.1500 1.25823294
4854.2000 1.31548266
4854.2500 1.28971489
4854.3000 1.23901121
4854.3500 1.18830752
4854.4000 1.15352779
4854.4500 1.15727282
4854.5000 1.16101785
4854.5500 1.16476289
4854.6000 1.1666984
4854.6500 1.16822963
4854.7000 1.16976085
4854.7500 1.1697327
4854.8000 1.1667279
4854.8500 1.16372309
4854.9000 1.16071829
4854.9500 1.14529447
4855.0000 1.12804197
4855.0500 1.11078947
4855.1000 1.09446909
4855.1500 1.07954105
4855.2000 1.06461301
4855.2500 1.04968497
4855.3000 1.08554412
4855.3500 1.12511842
4855.4000 1.16469272
4855.4500 1.175647
4855.5000 1.15355941
4855.5500 1.13147183
4855.6000 1.10938424
4855.6500 1.09049311
4855.7000 1.07160859
4855.7500 1.05272408
4855.8000 1.04822597
4855.8500 1.0563226
4855.9000 1.06441924
4855.9500 1.07211582
4856.0000 1.07449343
4856.0500 1.07687103
4856.1000 1.07924864
4856.1500 1.07233257
4856.2000 1.05942908
4856.2500 1.04652558
4856.3000 1.03558289
4856.3500 1.03593759
4856.4000 1.03629229
4856.4500 1.03664699
4856.5000 1.0441791
4856.5500 1.05494962
4856.6000 1.06572014
4856.6500 1.06473389
4856.7000 1.0247771
4856.7500 0.98482032
4856.8000 0.94486353
4856.8500 0.98037881
4856.9000 1.03768933
4856.9500 1.09499986
4857.0000 1.12433587
4857.0500 1.09465235
4857.1000 1.06496884
4857.1500 1.03528532
4857.2000 1.03626458
4857.2500 1.04187852
4857.3000 1.04749245
4857.3500 1.04743238
4857.4000 1.03944968
4857.4500 1.03146698
4857.5000 1.02348428
4857.5500 0.98773633
4857.6000 0.951053
4857.6500 0.91436966
4857.7000 0.90832862
4857.7500 0.93068702
4857.8000 0.95304541
4857.8500 0.97464787
4857.9000 0.98651661
4857.9500 0.99838536
4858.0000 1.01025411
4858.0500 1.01642035
4858.1000 1.01918873
4858.1500 1.02195711
4858.2000 1.02081683
4858.2500 1.00218801
4858.3000 0.98355919
4858.3500 0.96493037
4858.4000 0.94736993
4858.4500 0.93018446
4858.5000 0.91299899
4858.5500 0.91455312
4858.6000 0.95999357
4858.6500 1.00543402
4858.7000 1.05087448
4858.7500 1.02453362
4858.8000 0.98648263
4858.8500 0.94843164
4858.9000 0.93807554
4858.9500 0.96569144
4859.0000 0.99330734
4859.0500 1.02092324
4859.1000 1.02339926
4859.1500 1.02549872
4859.2000 1.02759818
4859.2500 1.03666316
4859.3000 1.05142196
4859.3500 1.06618076
4859.4000 1.07352007
4859.4500 1.02470451
4859.5000 0.97588894
4859.5500 0.92707338
4859.6000 0.93877007
4859.6500 0.97833545
4859.7000 1.01790083
4859.7500 1.03128133
4859.8000 0.9678126
4859.8500 0.90434387
4859.9000 0.84087515
4859.9500 0.86429751
4860.0000 0.90613929
4860.0500 0.94798107
4860.1000 0.97476951
4860.1500 0.97874546
4860.2000 0.98272141
4860.2500 0.98669736
4860.3000 1.00869099
4860.3500 1.03121339
4860.4000 1.0537358
4860.4500 1.06542754
4860.5000 1.06814725
4860.5500 1.07086696
4860.6000 1.07128451
4860.6500 1.05541803
4860.7000 1.03955156
4860.7500 1.02368508
4860.8000 1.02657621
4860.8500 1.03741867
4860.9000 1.04826114
4860.9500 1.0430177
4861.0000 0.99686356
4861.0500 0.95070942
4861.1000 0.90455528
4861.1500 0.87818581
4861.2000 0.85493982
4861.2500 0.83169383
4861.3000 0.88587535
4861.3500 1.03600965
4861.4000 1.18614395
4861.4500 1.32757113
4861.5000 1.19682196
4861.5500 1.06607279
4861.6000 0.93532362
4861.6500 0.88945382
4861.7000 0.89629012
4861.7500 0.90312643
4861.8000 0.89918632
4861.8500 0.85328564
4861.9000 0.80738496
4861.9500 0.76148429
4862.0000 0.79010491
4862.0500 0.83814679
4862.1000 0.88618866
4862.1500 0.9094951
4862.2000 0.89306929
4862.2500 0.87664348
4862.3000 0.86021767
4862.3500 0.88409105
4862.4000 0.90897182
4862.4500 0.9338526
4862.5000 0.95384226
4862.5500 0.97012759
4862.6000 0.98641293
4862.6500 0.9903964
4862.7000 0.93165479
4862.7500 0.87291318
4862.8000 0.81417158
4862.8500 0.79600311
4862.9000 0.79061929
4862.9500 0.78523548
4863.0000 0.77958458
4863.0500 0.77345542
4863.1000 0.76732627
4863.1500 0.76119711
4863.2000 0.7748447
4863.2500 0.78936423
4863.3000 0.80388376
4863.3500 0.79363476
4863.4000 0.7638232
4863.4500 0.73401164
4863.5000 0.71332053
4863.5500 0.74009922
4863.6000 0.76687791
4863.6500 0.7936566
4863.7000 0.81439958
4863.7500 0.83328972
4863.8000 0.85217985
4863.8500 0.8582565
4863.9000 0.84257016
4863.9500 0.82688382
4864.0000 0.81119748
4864.0500 0.79755603
4864.1000 0.78396153
4864.1500 0.77036704
4864.2000 0.78090326
4864.2500 0.8084854
4864.3000 0.83606753
4864.3500 0.86671691
4864.4000 0.90994709
4864.4500 0.95317728
4864.5000 0.99640746
4864.5500 0.98797518
4864.6000 0.96722768
4864.6500 0.94648019
4864.7000 0.91700386
4864.7500 0.87549864
4864.8000 0.83399343
4864.8500 0.79407537
4864.9000 0.79788756
4864.9500 0.80169976
4865.0000 0.80551196
4865.0500 0.78982907
4865.1000 0.763697
4865.1500 0.73756494
4865.2000 0.72331373
4865.2500 0.74141746
4865.3000 0.7595212
4865.3500 0.77762493
4865.4000 0.81054223
4865.4500 0.84533495
4865.5000 0.88012767
4865.5500 0.88553594
4865.6000 0.86250612
4865.6500 0.8394763
4865.7000 0.82169573
4865.7500 0.83896611
4865.8000 0.8562365
4865.8500 0.87350688
4865.9000 0.82780398
4865.9500 0.76153737
4866.0000 0.69527076
4866.0500 0.68755721
4866.1000 0.77581088
4866.1500 0.86406455
4866.2000 0.95194281
4866.2500 0.97250662
4866.3000 0.99307044
4866.3500 1.01363426
4866.4000 0.9903995
4866.4500 0.94184472
4866.5000 0.89328993
4866.5500 0.8688634
4866.6000 0.91194127
4866.6500 0.95501914
4866.7000 0.99809702
4866.7500 0.99987728
4866.8000 0.99678539
4866.8500 0.9936935
4866.9000 0.98146109
4866.9500 0.96102964
4867.0000 0.94059819
4867.0500 0.92296965
4867.1000 0.9199109
4867.1500 0.91685214
4867.2000 0.91379339
4867.2500 0.91726496
4867.3000 0.92239934
4867.3500 0.92753371
4867.4000 0
4867.4500 0
4867.5000 0
