5256.0500 3.42355118
5256.1000 3.47145273
5256.1500 3.45191866
5256.2000 3.40807816
5256.2500 3.36423765
5256.3000 3.32039715
5256.3500 3.27655664
5256.4000 3.28262114
5256.4500 3.30753492
5256.5000 3.3324487
5256.5500 3.35736248
5256.6000 3.38227626
5256.6500 3.35801251
5256.7000 3.31442048
5256.7500 3.27082845
5256.8000 3.22723642
5256.8500 3.18364439
5256.9000 3.17613225
5256.9500 3.18327849
5257.0000 3.19042472
5257.0500 3.19757095
5257.1000 3.20471719
5257.1500 3.20074261
5257.2000 3.19212721
5257.2500 3.18351182
5257.3000 3.17489643
5257.3500 3.16628103
5257.4000 3.14473436
5257.4500 3.11767874
5257.5000 3.09062312
5257.5500 3.0635675
5257.6000 3.03651188
5257.6500 3.0658959
5257.7000 3.11967955
5257.7500 3.1734632
5257.8000 3.22724685
5257.8500 3.2810305
5257.9000 3.25846317
5257.9500 3.20259689
5258.0000 3.14673061
5258.0500 3.09086433
5258.1000 3.03499805
5258.1500 3.0515499
5258.2000 3.0997793
5258.2500 3.14800869
5258.3000 3.19623809
5258.3500 3.24446748
5258.4000 3.25982733
5258.4500 3.26084995
5258.5000 3.26187258
5258.5500 3.2628952
5258.6000 3.26391783
5258.6500 3.24202179
5258.7000 3.21021521
5258.7500 3.17840864
5258.8000 3.14660206
5258.8500 3.11479549
5258.9000 3.11724505
5258.9500 3.13429367
5259.0000 3.1513423
5259.0500 3.16839092
5259.1000 3.18543954
5259.1500 3.17846977
5259.2000 3.16147221
5259.2500 3.14447466
5259.3000 3.1274771
5259.3500 3.11047954
5259.4000 3.11838183
5259.4500 3.13640596
5259.5000 3.15443008
5259.5500 3.17245421
5259.6000 3.19047833
5259.6500 3.19367332
5259.7000 3.19103637
5259.7500 3.18839942
5259.8000 3.18576247
5259.8500 3.18312552
5259.9000 3.14938057
5259.9500 3.10387822
5260.0000 3.05837588
5260.0500 3.01287353
5260.1000 2.96737118
5260.1500 2.97996509
5260.2000 3.01351324
5260.2500 3.04706139
5260.3000 3.08060954
5260.3500 3.11415768
5260.4000 3.13048598
5260.4500 3.14093173
5260.5000 3.15137747
5260.5500 3.16182322
5260.6000 3.17226896
5260.6500 3.15883115
5260.7000 3.13772861
5260.7500 3.11662607
5260.8000 3.09552354
5260.8500 3.074421
5260.9000 3.04917463
5260.9500 3.02269019
5261.0000 2.99620576
5261.0500 2.96972133
5261.1000 2.9432369
5261.1500 2.96657308
5261.2000 3.00362705
5261.2500 3.04068103
5261.3000 3.077735
5261.3500 3.11478898
5261.4000 3.11442231
5261.4500 3.10467011
5261.5000 3.09491791
5261.5500 3.08516571
5261.6000 3.07541351
5261.6500 3.07231927
5261.7000 3.07072539
5261.7500 3.06913151
5261.8000 3.06753762
5261.8500 3.06594374
5261.9000 3.07026438
5261.9500 3.07576274
5262.0000 3.0812611
5262.0500 3.08675945
5262.1000 3.09225781
5262.1500 3.05683719
5262.2000 3.01436639
5262.2500 2.97189559
5262.3000 2.92942479
5262.3500 2.88695399
5262.4000 2.86091955
5262.4500 2.83726873
5262.5000 2.8136179
5262.5500 2.78996707
5262.6000 2.76631624
5262.6500 2.82923267
5262.7000 2.90231536
5262.7500 2.97539806
5262.8000 3.04848076
5262.8500 3.12156345
5262.9000 3.11611872
5262.9500 3.10363148
5263.0000 3.09114423
5263.0500 3.07865698
5263.1000 3.06616974
5263.1500 3.06391379
5263.2000 3.06229091
5263.2500 3.06066802
5263.3000 3.05904514
5263.3500 3.05742225
5263.4000 3.04598113
5263.4500 3.03420496
5263.5000 3.0224288
5263.5500 3.01065263
5263.6000 2.99887647
5263.6500 3.00685744
5263.7000 3.01496747
5263.7500 3.02307749
5263.8000 3.03118752
5263.8500 3.03896966
5263.9000 3.03165651
5263.9500 3.02434336
5264.0000 3.01703021
5264.0500 3.00971706
5264.1000 3.00290104
5264.1500 3.00548143
5264.2000 3.00806182
5264.2500 3.01064222
5264.3000 3.01322261
5264.3500 3.01425097
5264.4000 2.99754562
5264.4500 2.98084027
5264.5000 2.96413492
5264.5500 2.94742956
5264.6000 2.93328097
5264.6500 2.93941506
5264.7000 2.94554914
5264.7500 2.95168323
5264.8000 2.95781731
5264.8500 2.96410267
5264.9000 2.97128251
5264.9500 2.97846236
5265.0000 2.9856422
5265.0500 2.99282204
5265.1000 3.00271695
5265.1500 3.02509808
5265.2000 3.04747921
5265.2500 3.06986035
5265.3000 3.09224148
5265.3500 3.10570827
5265.4000 3.08639506
5265.4500 3.06708184
5265.5000 3.04776863
5265.5500 3.02845541
5265.6000 3.01812981
5265.6500 3.03473265
5265.7000 3.05133549
5265.7500 3.06793833
5265.8000 3.08454117
5265.8500 3.09217542
5265.9000 3.07762868
5265.9500 3.06308193
5266.0000 3.04853519
5266.0500 3.03398844
5266.1000 3.00895526
5266.1500 2.96232461
5266.2000 2.91569396
5266.2500 2.86906331
5266.3000 2.82243266
5266.3500 2.80372788
5266.4000 2.83318687
5266.4500 2.86264586
5266.5000 2.89210484
5266.5500 2.92156383
5266.6000 2.93698879
5266.6500 2.93208654
5266.7000 2.92718429
5266.7500 2.92228203
5266.8000 2.91737978
5266.8500 2.9113018
5266.9000 2.90379309
5266.9500 2.89628438
5267.0000 2.88877567
5267.0500 2.88126696
5267.1000 2.88911569
5267.1500 2.91263281
5267.2000 2.93614992
5267.2500 2.95966704
5267.3000 2.98318415
5267.3500 2.99587936
5267.4000 2.99936108
5267.4500 3.0028428
5267.5000 3.00632452
5267.5500 3.00980624
5267.6000 3.01028491
5267.6500 3.00864667
5267.7000 3.00700842
5267.7500 3.00537018
5267.8000 3.00373193
5267.8500 2.99070058
5267.9000 2.9710973
5267.9500 2.95149401
5268.0000 2.93189072
5268.0500 2.91228744
5268.1000 2.92296285
5268.1500 2.94768665
5268.2000 2.97241046
5268.2500 2.99713427
5268.3000 3.02185808
5268.3500 3.00418417
5268.4000 2.97108357
5268.4500 2.93798297
5268.5000 2.90488237
5268.5500 2.87178177
5268.6000 2.90062401
5268.6500 2.94647129
5268.7000 2.99231856
5268.7500 3.03816583
5268.8000 3.08401311
5268.8500 3.06586821
5268.9000 3.03528347
5268.9500 3.00469873
5269.0000 2.97411399
5269.0500 2.94352925
5269.1000 2.95034532
5269.1500 2.9617306
5269.2000 2.97311588
5269.2500 2.98450116
5269.3000 2.99588644
5269.3500 2.98460506
5269.4000 2.97203665
5269.4500 2.95946825
5269.5000 2.94689985
5269.5500 2.93437462
5269.6000 2.93803902
5269.6500 2.94170343
5269.7000 2.94536783
5269.7500 2.94903224
5269.8000 2.95251777
5269.8500 2.9532158
5269.9000 2.95391384
5269.9500 2.95461187
5270.0000 2.95530991
5270.0500 2.95476039
5270.1000 2.94499182
5270.1500 2.93522325
5270.2000 2.92545467
5270.2500 2.9156861
5270.3000 2.90498107
5270.3500 2.88999075
5270.4000 2.87500044
5270.4500 2.86001013
5270.5000 2.84501981
5270.5500 2.83712957
5270.6000 2.85163244
5270.6500 2.8661353
5270.7000 2.88063817
5270.7500 2.89514103
5270.8000 2.90787441
5270.8500 2.91654483
5270.9000 2.92521524
5270.9500 2.93388566
5271.0000 2.94255608
5271.0500 2.94776179
5271.1000 2.94699911
5271.1500 2.94623642
5271.2000 2.94547373
5271.2500 2.94471104
5271.3000 2.94064675
5271.3500 2.93224945
5271.4000 2.92385215
5271.4500 2.91545484
5271.5000 2.90705754
5271.5500 2.91155241
5271.6000 2.92899817
5271.6500 2.94644394
5271.7000 2.9638897
5271.7500 2.98133546
5271.8000 2.97163376
5271.8500 2.94116095
5271.9000 2.91068815
5271.9500 2.88021534
5272.0000 2.84974254
5272.0500 2.85395104
5272.1000 2.8780551
5272.1500 2.90215916
5272.2000 2.92626321
5272.2500 2.95036727
5272.3000 2.95582741
5272.3500 2.95351015
5272.4000 2.95119289
5272.4500 2.94887563
5272.5000 2.94655837
5272.5500 2.94154276
5272.6000 2.93575306
5272.6500 2.92996337
5272.7000 2.92417367
5272.7500 2.91838398
5272.8000 2.91044781
5272.8500 2.90213218
5272.9000 2.89381655
5272.9500 2.88550092
5273.0000 2.87718529
5273.0500 2.87147464
5273.1000 2.86597909
5273.1500 2.86048354
5273.2000 2.85498799
5273.2500 2.84949244
5273.3000 2.86165822
5273.3500 2.87384282
5273.4000 2.88602742
5273.4500 2.89821201
5273.5000 2.9088301
5273.5500 2.90024037
5273.6000 2.89165065
5273.6500 2.88306092
5273.7000 2.87447119
5273.7500 2.8651161
5273.8000 2.85152841
5273.8500 2.83794072
5273.9000 2.82435302
5273.9500 2.81076533
5274.0000 2.80181648
5274.0500 2.80821307
5274.1000 2.81460966
5274.1500 2.82100625
5274.2000 2.82740283
5274.2500 2.8349883
5274.3000 2.84519085
5274.3500 2.8553934
5274.4000 2.86559594
5274.4500 2.87579849
5274.5000 2.89076382
5274.5500 2.91305824
5274.6000 2.93535265
5274.6500 2.95764706
5274.7000 2.97994148
5274.7500 2.98455161
5274.8000 2.96974521
5274.8500 2.95493882
5274.9000 2.94013242
5274.9500 2.92532602
5275.0000 2.92434342
5275.0500 2.93419208
5275.1000 2.94404074
5275.1500 2.95388939
5275.2000 2.96373805
5275.2500 2.95336931
5275.3000 2.93192088
5275.3500 2.91047245
5275.4000 2.88902402
5275.4500 2.86757559
5275.5000 2.86762313
5275.5500 2.87551906
5275.6000 2.883415
5275.6500 2.89131094
5275.7000 2.89920688
5275.7500 2.87851037
5275.8000 2.8515529
5275.8500 2.82459542
5275.9000 2.79763795
5275.9500 2.77068048
5276.0000 2.78762565
5276.0500 2.80894213
5276.1000 2.8302586
5276.1500 2.85157508
5276.2000 2.87289155
5276.2500 2.87216318
5276.3000 2.87143034
5276.3500 2.87069751
5276.4000 2.86996467
5276.4500 2.867741
5276.5000 2.85069912
5276.5500 2.83365725
5276.6000 2.81661538
5276.6500 2.7995735
5276.7000 2.78192034
5276.7500 2.76156146
5276.8000 2.74120258
5276.8500 2.7208437
5276.9000 2.70048482
5276.9500 2.68869052
5277.0000 2.69909119
5277.0500 2.70949187
5277.1000 2.71989255
5277.1500 2.73029322
5277.2000 2.74106189
5277.2500 2.75244689
5277.3000 2.76383189
5277.3500 2.77521689
5277.4000 2.7866019
5277.4500 2.80430413
5277.5000 2.82911502
5277.5500 2.85392591
5277.6000 2.87873681
5277.6500 2.9035477
5277.7000 2.8932192
5277.7500 2.85621632
5277.8000 2.81921343
5277.8500 2.78221054
5277.9000 2.74520766
5277.9500 2.74407223
5278.0000 2.76078848
5278.0500 2.77750473
5278.1000 2.79422098
5278.1500 2.81093722
5278.2000 2.81246861
5278.2500 2.8094172
5278.3000 2.80636579
5278.3500 2.80331437
5278.4000 2.80026296
5278.4500 2.79868827
5278.5000 2.79733439
5278.5500 2.79598052
5278.6000 2.79462665
5278.6500 2.79327278
5278.7000 2.7820138
5278.7500 2.77047929
5278.8000 2.75894478
5278.8500 2.74741027
5278.9000 2.73801021
5278.9500 2.75411478
5279.0000 2.77021934
5279.0500 2.78632391
5279.1000 2.80242848
5279.1500 2.81414428
5279.2000 2.8062384
5279.2500 2.79833253
5279.3000 2.79042665
5279.3500 2.78252077
5279.4000 2.77973551
5279.4500 2.78951034
5279.5000 2.79928518
5279.5500 2.80906001
5279.6000 2.81883484
5279.6500 2.82418445
5279.7000 2.82283272
5279.7500 2.82148099
5279.8000 2.82012925
5279.8500 2.81877752
5279.9000 2.84657745
5279.9500 2.90271374
5280.0000 2.95885003
5280.0500 3.01498633
5280.1000 3.07112262
5280.1500 3.0499401
5280.2000 2.98091171
5280.2500 2.91188332
5280.3000 2.84285494
5280.3500 2.77382655
5280.4000 2.75217345
5280.4500 2.7480734
5280.5000 2.74397336
5280.5500 2.73987331
5280.6000 2.73577326
5280.6500 2.73946572
5280.7000 2.74461113
5280.7500 2.74975655
5280.8000 2.75490196
5280.8500 2.76004738
5280.9000 2.74320471
5280.9500 2.72538157
5281.0000 2.70755843
5281.0500 2.68973528
5281.1000 2.67392292
5281.1500 2.68362517
5281.2000 2.69332742
5281.2500 2.70302967
5281.3000 2.71273192
5281.3500 2.7199956
5281.4000 2.71686777
5281.4500 2.71373994
5281.5000 2.71061211
5281.5500 2.70748428
5281.6000 2.70783122
5281.6500 2.7159721
5281.7000 2.72411298
5281.7500 2.73225386
5281.8000 2.74039474
5281.8500 2.74436185
5281.9000 2.74274916
5281.9500 2.74113646
5282.0000 2.73952376
5282.0500 2.73791106
5282.1000 2.7334607
5282.1500 2.726677
5282.2000 2.71989329
5282.2500 2.71310959
5282.3000 2.70632589
5282.3500 2.70196964
5282.4000 2.69880424
5282.4500 2.69563885
5282.5000 2.69247345
5282.5500 2.68930805
5282.6000 2.67941255
5282.6500 2.6677739
5282.7000 2.65613525
5282.7500 2.6444966
5282.8000 2.63285795
5282.8500 2.6386377
5282.9000 2.64595372
5282.9500 2.65326974
5283.0000 2.66058576
5283.0500 2.6679781
5283.1000 2.67699379
5283.1500 2.68600949
5283.2000 2.69502518
5283.2500 2.70404087
5283.3000 2.71120067
5283.3500 2.70943456
5283.4000 2.70766846
5283.4500 2.70590235
5283.5000 2.70413625
5283.5500 2.70751437
5283.6000 2.72285907
5283.6500 2.73820377
5283.7000 2.75354847
5283.7500 2.76889317
5283.8000 2.77081955
5283.8500 2.75499015
5283.9000 2.73916075
5283.9500 2.72333134
5284.0000 2.70750194
5284.0500 2.70036103
5284.1000 2.70000532
5284.1500 2.6996496
5284.2000 2.69929389
5284.2500 2.69893817
5284.3000 2.68975682
5284.3500 2.67668131
5284.4000 2.66360581
5284.4500 2.65053031
5284.5000 2.63745481
5284.5500 2.63936663
5284.6000 2.64440306
5284.6500 2.6494395
5284.7000 2.65447593
5284.7500 2.65951236
5284.8000 2.67709977
5284.8500 2.69517758
5284.9000 2.71325539
5284.9500 2.7313332
5285.0000 2.74388568
5285.0500 2.70592106
5285.1000 2.66795645
5285.1500 2.62999183
5285.2000 2.59202722
5285.2500 2.56911574
5285.3000 2.59491663
5285.3500 2.62071752
5285.4000 2.64651842
5285.4500 2.67231931
5285.5000 2.68305029
5285.5500 2.66864671
5285.6000 2.65424313
5285.6500 2.63983955
5285.7000 2.62543597
5285.7500 2.62845521
5285.8000 2.64789045
5285.8500 2.6673257
5285.9000 2.68676094
5285.9500 2.70619618
5286.0000 2.7069779
5286.0500 2.69798684
5286.1000 2.68899578
5286.1500 2.68000471
5286.2000 2.67101365
5286.2500 2.66032596
5286.3000 2.64921097
5286.3500 2.63809599
5286.4000 2.626981
5286.4500 2.61586601
5286.5000 2.62705555
5286.5500 2.63960033
5286.6000 2.6521451
5286.6500 2.66468987
5286.7000 2.67577743
5286.7500 2.67174502
5286.8000 2.66771262
5286.8500 2.66368021
5286.9000 2.6596478
5286.9500 2.6548149
5287.0000 2.64736703
5287.0500 2.63991917
5287.1000 2.63247131
5287.1500 2.62502345
5287.2000 2.62019517
5287.2500 2.61960244
5287.3000 2.61900971
5287.3500 2.61841699
5287.4000 2.61782426
5287.4500 2.61991893
5287.5000 2.62438549
5287.5500 2.62885206
5287.6000 2.63331863
5287.6500 2.6377852
5287.7000 2.64607353
5287.7500 2.65614788
5287.8000 2.66622222
5287.8500 2.67629657
5287.9000 2.68637092
5287.9500 2.67090794
5288.0000 2.65033015
5288.0500 2.62975236
5288.1000 2.60917457
5288.1500 2.58859678
5288.2000 2.59509486
5288.2500 2.60197618
5288.3000 2.6088575
5288.3500 2.61573883
5288.4000 2.61972674
5288.4500 2.60597655
5288.5000 2.59222636
5288.5500 2.57847617
5288.6000 2.56472598
5288.6500 2.56011124
5288.7000 2.57725215
5288.7500 2.59439305
5288.8000 2.61153396
5288.8500 2.62867486
5288.9000 2.63377156
5288.9500 2.62429601
5289.0000 2.61482046
5289.0500 2.60534491
5289.1000 2.59586936
5289.1500 2.6000924
5289.2000 2.61305223
5289.2500 2.62601206
5289.3000 2.6389719
5289.3500 2.65193173
5289.4000 2.6461848
5289.4500 2.63484825
5289.5000 2.6235117
5289.5500 2.61217516
5289.6000 2.60083861
5289.6500 2.59419432
5289.7000 2.5879
5289.7500 2.58160568
5289.8000 2.57531136
5289.8500 2.56962168
5289.9000 2.5698613
5289.9500 2.57010091
5290.0000 2.57034053
5290.0500 2.57058015
5290.1000 2.5712102
5290.1500 2.57297629
5290.2000 2.57474238
5290.2500 2.57650847
5290.3000 2.57827455
5290.3500 2.58294895
5290.4000 2.59163454
5290.4500 2.60032014
5290.5000 2.60900573
5290.5500 2.61769132
5290.6000 2.61317858
5290.6500 2.59934641
5290.7000 2.58551423
5290.7500 2.57168206
5290.8000 2.55784989
5290.8500 2.5429884
5290.9000 2.52778973
5290.9500 2.51259106
5291.0000 2.49739239
5291.0500 2.48219372
5291.1000 2.50517208
5291.1500 2.53139539
5291.2000 2.55761869
5291.2500 2.583842
5291.3000 2.60823478
5291.3500 2.6144238
5291.4000 2.62061282
5291.4500 2.62680184
5291.5000 2.63299087
5291.5500 2.6363413
5291.6000 2.63171141
5291.6500 2.62708153
5291.7000 2.62245165
5291.7500 2.61782177
5291.8000 2.61786913
5291.8500 2.62399961
5291.9000 2.63013009
5291.9500 2.63626057
5292.0000 2.64239105
5292.0500 2.64462824
5292.1000 2.64435813
5292.1500 2.64408802
5292.2000 2.64381791
5292.2500 2.64354779
5292.3000 2.63328896
5292.3500 2.62026455
5292.4000 2.60724013
5292.4500 2.59421571
5292.5000 2.58119129
5292.5500 2.56581456
5292.6000 2.55033818
5292.6500 2.53486179
5292.7000 2.5193854
5292.7500 2.50811262
5292.8000 2.52335412
5292.8500 2.53859563
5292.9000 2.55383713
5292.9500 2.56907863
5293.0000 2.58017212
5293.0500 2.58227178
5293.1000 2.58437144
5293.1500 2.5864711
5293.2000 2.58857076
5293.2500 2.58507836
5293.3000 2.57589736
5293.3500 2.56671636
5293.4000 2.55753535
5293.4500 2.54835435
5293.5000 2.54552759
5293.5500 2.54573097
5293.6000 2.54593434
5293.6500 2.54613772
5293.7000 2.54634109
5293.7500 2.54529338
5293.8000 2.54404166
5293.8500 2.54278994
5293.9000 2.54153822
5293.9500 2.53978581
5294.0000 2.5270986
5294.0500 2.5144114
5294.1000 2.5017242
5294.1500 2.489037
5294.2000 2.48381342
5294.2500 2.50370806
5294.3000 2.52360269
5294.3500 2.54349733
5294.4000 2.56339197
5294.4500 2.57370157
5294.5000 2.57053661
5294.5500 2.56737165
5294.6000 2.56420669
5294.6500 2.56104173
5294.7000 2.56341118
5294.7500 2.56941587
5294.8000 2.57542056
5294.8500 2.58142526
5294.9000 2.58742995
5294.9500 2.58855656
5295.0000 2.5884079
5295.0500 2.58825924
5295.1000 2.58811059
5295.1500 2.58796193
5295.2000 2.58827288
5295.2500 2.58859167
5295.3000 2.58891045
5295.3500 2.58922924
5295.4000 2.58798353
5295.4500 2.57936506
5295.5000 2.57074659
5295.5500 2.56212812
5295.6000 2.55350965
5295.6500 2.54786639
5295.7000 2.54732923
5295.7500 2.54679207
5295.8000 2.54625491
5295.8500 2.54571775
5295.9000 2.54598507
5295.9500 2.5468779
5296.0000 2.54777074
5296.0500 2.54866357
5296.1000 2.54955641
5296.1500 2.54627543
5296.2000 2.54166399
5296.2500 2.53705255
5296.3000 2.53244111
5296.3500 2.52782967
5296.4000 2.53654704
5296.4500 2.54588796
5296.5000 2.55522888
5296.5500 2.5645698
5296.6000 2.57164936
5296.6500 2.56627128
5296.7000 2.56089321
5296.7500 2.55551514
5296.8000 2.55013706
5296.8500 2.54342466
5296.9000 2.53426951
5296.9500 2.52511436
5297.0000 2.51595921
5297.0500 2.50680407
5297.1000 2.50462556
5297.1500 2.50805882
5297.2000 2.51149207
5297.2500 2.51492533
5297.3000 2.51835858
5297.3500 2.52306762
5297.4000 2.52818738
5297.4500 2.53330715
5297.5000 2.53842691
5297.5500 2.54354668
5297.6000 2.54310755
5297.6500 2.54243692
5297.7000 2.54176628
5297.7500 2.54109565
5297.8000 2.54107969
5297.8500 2.54437959
5297.9000 2.54767949
5297.9500 2.55097938
5298.0000 2.55427928
5298.0500 2.5545924
5298.1000 2.54984294
5298.1500 2.54509349
5298.2000 2.54034404
5298.2500 2.53559459
5298.3000 2.5342228
5298.3500 2.53531156
5298.4000 2.53640032
5298.4500 2.53748909
5298.5000 2.53857785
5298.5500 2.54304667
5298.6000 2.54842844
5298.6500 2.55381022
5298.7000 2.559192
5298.7500 2.56457377
5298.8000 2.54900827
5298.8500 2.53338905
5298.9000 2.51776984
5298.9500 2.50215063
5299.0000 2.49120139
5299.0500 2.49794159
5299.1000 2.50468179
5299.1500 2.51142199
5299.2000 2.51816219
5299.2500 2.5258504
5299.3000 2.53483928
5299.3500 2.54382816
5299.4000 2.55281703
5299.4500 2.56180591
5299.5000 2.55613534
5299.5500 2.54206122
5299.6000 2.52798711
5299.6500 2.513913
5299.7000 2.49983888
5299.7500 2.49931512
5299.8000 2.50116427
5299.8500 2.50301341
5299.9000 2.50486256
5299.9500 2.50522457
5300.0000 2.48508911
5300.0500 2.46495364
5300.1000 2.44481818
5300.1500 2.42468272
5300.2000 2.41325888
5300.2500 2.42362382
5300.3000 2.43398876
5300.3500 2.4443537
5300.4000 2.45471864
5300.4500 2.4653074
5300.5000 2.47611563
5300.5500 2.48692386
5300.6000 2.49773209
5300.6500 2.50854033
5300.7000 2.50892756
5300.7500 2.50537238
5300.8000 2.5018172
5300.8500 2.49826202
5300.9000 2.49470684
5300.9500 2.48681866
5301.0000 2.47869014
5301.0500 2.47056162
5301.1000 2.4624331
5301.1500 2.45669508
5301.2000 2.46257195
5301.2500 2.46844882
5301.3000 2.47432569
5301.3500 2.48020256
5301.4000 2.48054157
5301.4500 2.47240702
5301.5000 2.46427246
5301.5500 2.45613791
5301.6000 2.44800335
5301.6500 2.44233064
5301.7000 2.43815972
5301.7500 2.43398879
5301.8000 2.42981787
5301.8500 2.42564694
5301.9000 2.4296468
5301.9500 2.43510785
5302.0000 2.4405689
5302.0500 2.44602996
5302.1000 2.45177305
5302.1500 2.46090631
5302.2000 2.47003958
5302.2500 2.47917285
5302.3000 2.48830612
5302.3500 2.49349082
5302.4000 2.48974662
5302.4500 2.48600241
5302.5000 2.4822582
5302.5500 2.47851399
5302.6000 2.47733631
5302.6500 2.47836465
5302.7000 2.479393
5302.7500 2.48042134
5302.8000 2.48144969
5302.8500 2.47152643
5302.9000 2.45833613
5302.9500 2.44514583
5303.0000 2.43195553
5303.0500 2.41880582
5303.1000 2.41574175
5303.1500 2.41267767
5303.2000 2.4096136
5303.2500 2.40654952
5303.3000 2.40613984
5303.3500 2.41417698
5303.4000 2.42221412
5303.4500 2.43025126
5303.5000 2.4382884
5303.5500 2.44564002
5303.6000 2.45223559
5303.6500 2.45883115
5303.7000 2.46542671
5303.7500 2.47202227
5303.8000 2.47385586
5303.8500 2.47377518
5303.9000 2.4736945
5303.9500 2.47361382
5304.0000 2.47353314
5304.0500 2.47933697
5304.1000 2.48543532
5304.1500 2.49153368
5304.2000 2.49763203
5304.2500 2.50081167
5304.3000 2.49176513
5304.3500 2.48271859
5304.4000 2.47367205
5304.4500 2.46462551
5304.5000 2.45859107
5304.5500 2.45647801
5304.6000 2.45436496
5304.6500 2.45225191
5304.7000 2.45013886
5304.7500 2.43939767
5304.8000 2.42454857
5304.8500 2.40969948
5304.9000 2.39485038
5304.9500 2.38000128
5305.0000 2.38996106
5305.0500 2.40202512
5305.1000 2.41408918
5305.1500 2.42615324
5305.2000 2.43624056
5305.2500 2.43650249
5305.3000 2.43676442
5305.3500 2.43702634
5305.4000 2.43728827
5305.4500 2.43817436
5305.5000 2.43994216
5305.5500 2.44170996
5305.6000 2.44347775
5305.6500 2.44524555
5305.7000 2.44278586
5305.7500 2.43817563
5305.8000 2.4335654
5305.8500 2.42895517
5305.9000 2.42434494
5305.9500 2.43486749
5306.0000 2.44684161
5306.0500 2.45881574
5306.1000 2.47078986
5306.1500 2.48171102
5306.2000 2.4872431
5306.2500 2.49277518
5306.3000 2.49830726
5306.3500 2.50383934
5306.4000 2.50494431
5306.4500 2.49982809
5306.5000 2.49471187
5306.5500 2.48959566
5306.6000 2.48447944
5306.6500 2.48302519
5306.7000 2.48337957
5306.7500 2.48373396
5306.8000 2.48408835
5306.8500 2.48444273
5306.9000 2.47772574
5306.9500 2.47043
5307.0000 2.46313427
5307.0500 2.45583853
5307.1000 2.45023385
5307.1500 2.45229976
5307.2000 2.45436567
5307.2500 2.45643158
5307.3000 2.45849749
5307.3500 2.45932227
5307.4000 2.4585562
5307.4500 2.45779013
5307.5000 2.45702406
5307.5500 2.45625799
5307.6000 2.46256244
5307.6500 2.47193772
5307.7000 2.481313
5307.7500 2.49068828
5307.8000 2.50006356
5307.8500 2.49878833
5307.9000 2.49704004
5307.9500 2.49529175
5308.0000 2.49354346
5308.0500 2.48952343
5308.1000 2.4774055
5308.1500 2.46528758
5308.2000 2.45316965
5308.2500 2.44105173
5308.3000 2.43855191
5308.3500 2.44638811
5308.4000 2.45422432
5308.4500 2.46206052
5308.5000 2.46989673
5308.5500 2.47966962
5308.6000 2.49010095
5308.6500 2.50053229
5308.7000 2.51096362
5308.7500 2.52117312
5308.8000 2.51292096
5308.8500 2.5046688
5308.9000 2.49641663
5308.9500 2.48816447
5309.0000 2.47970746
5309.0500 2.47072057
5309.1000 2.46173367
5309.1500 2.45274678
5309.2000 2.44375989
5309.2500 2.44475121
5309.3000 2.45400392
5309.3500 2.46325663
5309.4000 2.47250934
5309.4500 2.48176205
5309.5000 2.48645206
5309.5500 2.49011772
5309.6000 2.49378339
5309.6500 2.49744906
5309.7000 2.49947469
5309.7500 2.4844152
5309.8000 2.46935572
5309.8500 2.45429624
5309.9000 2.43923675
5309.9500 2.42796967
5310.0000 2.42344915
5310.0500 2.41892863
5310.1000 2.41440811
5310.1500 2.40988759
5310.2000 2.40656351
5310.2500 2.40393179
5310.3000 2.40130007
5310.3500 2.39866835
5310.4000 2.39603663
5310.4500 2.40386594
5310.5000 2.41275046
5310.5500 2.42163498
5310.6000 2.4305195
5310.6500 2.43904788
5310.7000 2.44600351
5310.7500 2.45295915
5310.8000 2.45991479
5310.8500 2.46687043
5310.9000 2.47559096
5310.9500 2.48636473
5311.0000 2.4971385
5311.0500 2.50791228
5311.1000 2.51868605
5311.1500 2.50787006
5311.2000 2.48951484
5311.2500 2.47115961
5311.3000 2.45280439
5311.3500 2.43518347
5311.4000 2.45105757
5311.4500 2.46693166
5311.5000 2.48280575
5311.5500 2.49867984
5311.6000 2.51191979
5311.6500 2.51910219
5311.7000 2.52628459
5311.7500 2.53346699
5311.8000 2.54064939
5311.8500 2.53019063
5311.9000 2.50726942
5311.9500 2.48434821
5312.0000 2.46142701
5312.0500 2.4385058
5312.1000 2.45712377
5312.1500 2.48193213
5312.2000 2.50674048
5312.2500 2.53154884
5312.3000 2.5511774
5312.3500 2.54276708
5312.4000 2.53435675
5312.4500 2.52594642
5312.5000 2.51753609
5312.5500 2.51040225
5312.6000 2.50487405
5312.6500 2.49934584
5312.7000 2.49381764
5312.7500 2.48828943
5312.8000 2.48414865
5312.8500 2.48051789
5312.9000 2.47688714
5312.9500 2.47325638
5313.0000 2.46983772
5313.0500 2.47637964
5313.1000 2.48292157
5313.1500 2.4894635
5313.2000 2.49600543
5313.2500 2.49628831
5313.3000 2.4827587
5313.3500 2.46922909
5313.4000 2.45569947
5313.4500 2.44216986
5313.5000 2.45135339
5313.5500 2.47541807
5313.6000 2.49948274
5313.6500 2.52354741
5313.7000 2.54761208
5313.7500 2.54266712
5313.8000 2.53442115
5313.8500 2.52617517
5313.9000 2.5179292
5313.9500 2.50965392
5314.0000 2.50125595
5314.0500 2.49285799
5314.1000 2.48446002
5314.1500 2.47606206
5314.2000 2.46953907
5314.2500 2.46497383
5314.3000 2.46040858
5314.3500 2.45584333
5314.4000 2.45127808
5314.4500 2.46113676
5314.5000 2.47490154
5314.5500 2.48866631
5314.6000 2.50243108
5314.6500 2.51451861
5314.7000 2.50876796
5314.7500 2.5030173
5314.8000 2.49726665
5314.8500 2.49151599
5314.9000 2.48836035
5314.9500 2.48932677
5315.0000 2.49029319
5315.0500 2.49125961
5315.1000 2.49222604
5315.1500 2.49076301
5315.2000 2.48819859
5315.2500 2.48563416
5315.3000 2.48306974
5315.3500 2.48050531
5315.4000 2.48813763
5315.4500 2.49586112
5315.5000 2.50358461
5315.5500 2.51130809
5315.6000 2.51805642
5315.6500 2.52248058
5315.7000 2.52690474
5315.7500 2.5313289
5315.8000 2.53575306
5315.8500 2.53259902
5315.9000 2.52442079
5315.9500 2.51624256
5316.0000 2.50806432
5316.0500 2.49988609
5316.1000 2.49902841
5316.1500 2.49890851
5316.2000 2.4987886
5316.2500 2.4986687
5316.3000 2.49772063
5316.3500 2.49378264
5316.4000 2.48984464
5316.4500 2.48590665
5316.5000 2.48196866
5316.5500 2.48337987
5316.6000 2.48959759
5316.6500 2.49581532
5316.7000 2.50203305
5316.7500 2.50825078
5316.8000 2.50947239
5316.8500 2.50972727
5316.9000 2.50998216
5316.9500 2.51023705
5317.0000 2.51062399
5317.0500 2.51175702
5317.1000 2.51289004
5317.1500 2.51402306
5317.2000 2.51515609
5317.2500 2.51170298
5317.3000 2.5029572
5317.3500 2.49421141
5317.4000 2.48546563
5317.4500 2.47671984
5317.5000 2.47286758
5317.5500 2.47040001
5317.6000 2.46793244
5317.6500 2.46546488
5317.7000 2.46505881
5317.7500 2.48406504
5317.8000 2.50307126
5317.8500 2.52207749
5317.9000 2.54108372
5317.9500 2.55093099
5318.0000 2.54780923
5318.0500 2.54468746
5318.1000 2.54156569
5318.1500 2.53844393
5318.2000 2.53293705
5318.2500 2.52656212
5318.3000 2.52018719
5318.3500 2.51381226
5318.4000 2.50826963
5318.4500 2.51737215
5318.5000 2.52647466
5318.5500 2.53557717
5318.6000 2.54467969
5318.6500 2.54770772
5318.7000 2.54064339
5318.7500 2.53357905
5318.8000 2.52651472
5318.8500 2.51945038
5318.9000 2.52468354
5318.9500 2.53521091
5319.0000 2.54573828
5319.0500 2.55626564
5319.1000 2.56672292
5319.1500 2.5742954
5319.2000 2.58186788
5319.2500 2.58944036
5319.3000 2.59701284
5319.3500 2.59756073
5319.4000 2.585048
5319.4500 2.57253527
5319.5000 2.56002254
5319.5500 2.54750982
5319.6000 2.54364062
5319.6500 2.54389312
5319.7000 2.54414563
5319.7500 2.54439813
5319.8000 2.54461765
5319.8500 2.53922506
5319.9000 2.53383247
5319.9500 2.52843988
5320.0000 2.5230473
5320.0500 2.51875866
5320.1000 2.51665233
5320.1500 2.51454599
5320.2000 2.51243966
5320.2500 2.51033333
5320.3000 2.51143412
5320.3500 2.51413341
5320.4000 2.5168327
5320.4500 2.51953199
5320.5000 2.52223175
5320.5500 2.52778435
5320.6000 2.53333695
5320.6500 2.53888955
5320.7000 2.54444215
5320.7500 2.54898666
5320.8000 2.5515239
5320.8500 2.55406113
5320.9000 2.55659837
5320.9500 2.55913561
5321.0000 2.55795234
5321.0500 2.55493518
5321.1000 2.55191802
5321.1500 2.54890086
5321.2000 2.54596904
5321.2500 2.55569526
5321.3000 2.56542148
5321.3500 2.5751477
5321.4000 2.58487392
5321.4500 2.5891838
5321.5000 2.58320697
5321.5500 2.57723015
5321.6000 2.57125332
5321.6500 2.5652765
5321.7000 2.5714893
5321.7500 2.58332035
5321.8000 2.5951514
5321.8500 2.60698245
5321.9000 2.61839226
5321.9500 2.61367245
5322.0000 2.60895264
5322.0500 2.60423284
5322.1000 2.59951303
5322.1500 2.60022712
5322.2000 2.6102832
5322.2500 2.62033928
5322.3000 2.63039537
5322.3500 2.64045145
5322.4000 2.64745736
5322.4500 2.65322598
5322.5000 2.6589946
5322.5500 2.66476323
5322.6000 2.66982567
5322.6500 2.66308247
5322.7000 2.65633928
5322.7500 2.64959608
5322.8000 2.64285289
5322.8500 2.63532253
5322.9000 2.62662524
5322.9500 2.61792795
5323.0000 2.60923066
5323.0500 2.60053338
5323.1000 2.59982067
5323.1500 2.6017614
5323.2000 2.60370212
5323.2500 2.60564284
5323.3000 2.60723841
5323.3500 2.60571656
5323.4000 2.6041947
5323.4500 2.60267284
5323.5000 2.60115099
5323.5500 2.60088782
5323.6000 2.60216211
5323.6500 2.6034364
5323.7000 2.60471069
5323.7500 2.60598498
5323.8000 2.60424364
5323.8500 2.60175773
5323.9000 2.59927181
5323.9500 2.59678589
5324.0000 2.59591392
5324.0500 2.60382849
5324.1000 2.61174306
5324.1500 2.61965762
5324.2000 2.62757219
5324.2500 2.63586543
5324.3000 2.64452288
5324.3500 2.65318033
5324.4000 2.66183778
5324.4500 2.67049522
5324.5000 2.66537225
5324.5500 2.65811087
5324.6000 2.65084948
5324.6500 2.64358809
5324.7000 2.6386174
5324.7500 2.64163011
5324.8000 2.64464283
5324.8500 2.64765554
5324.9000 2.65066826
5324.9500 2.64610609
5325.0000 2.63609489
5325.0500 2.62608369
5325.1000 2.61607249
5325.1500 2.60606129
5325.2000 2.60892907
5325.2500 2.61259511
5325.3000 2.61626115
5325.3500 2.6199272
5325.4000 2.62564152
5325.4500 2.63606705
5325.5000 2.64649257
5325.5500 2.65691809
5325.6000 2.66734361
5325.6500 2.66698501
5325.7000 2.66121279
5325.7500 2.65544057
5325.8000 2.64966835
5325.8500 2.64425539
5325.9000 2.65049794
5325.9500 2.65674049
5326.0000 2.66298304
5326.0500 2.66922559
5326.1000 2.67137784
5326.1500 2.66727551
5326.2000 2.66317317
5326.2500 2.65907083
5326.3000 2.65496849
5326.3500 2.6470207
5326.4000 2.63787351
5326.4500 2.62872632
5326.5000 2.61957913
5326.5500 2.61361821
5326.6000 2.62889079
5326.6500 2.64416337
5326.7000 2.65943594
5326.7500 2.67470852
5326.8000 2.67932759
5326.8500 2.67329641
5326.9000 2.66726524
5326.9500 2.66123406
5327.0000 2.65520289
5327.0500 2.66742092
5327.1000 2.68234071
5327.1500 2.6972605
5327.2000 2.71218029
5327.2500 2.72284737
5327.3000 2.7202937
5327.3500 2.71774004
5327.4000 2.71518637
5327.4500 2.7126327
5327.5000 2.70948108
5327.5500 2.70595843
5327.6000 2.70243577
5327.6500 2.69891312
5327.7000 2.69539046
5327.7500 2.68955111
5327.8000 2.68369347
5327.8500 2.67783583
5327.9000 2.6719782
5327.9500 2.66607425
5328.0000 2.66009098
5328.0500 2.65410772
5328.1000 2.64812446
5328.1500 2.64214119
5328.2000 2.647746
5328.2500 2.65728708
5328.3000 2.66682816
5328.3500 2.67636924
5328.4000 2.68502062
5328.4500 2.68748038
5328.5000 2.68994014
5328.5500 2.69239989
5328.6000 2.69485965
5328.6500 2.68955109
5328.7000 2.67666486
5328.7500 2.66377863
5328.8000 2.6508924
5328.8500 2.63800617
5328.9000 2.63688907
5328.9500 2.63725405
5329.0000 2.63761902
5329.0500 2.637984
5329.1000 2.64064228
5329.1500 2.64945488
5329.2000 2.65826748
5329.2500 2.66708008
5329.3000 2.67589268
5329.3500 2.67842925
5329.4000 2.67767715
5329.4500 2.67692506
5329.5000 2.67617296
5329.5500 2.67553359
5329.6000 2.67745026
5329.6500 2.67936693
5329.7000 2.6812836
5329.7500 2.68320027
5329.8000 2.68546588
5329.8500 2.68819466
5329.9000 2.69092344
5329.9500 2.69365222
5330.0000 2.69638099
5330.0500 2.68845596
5330.1000 2.67816847
5330.1500 2.66788098
5330.2000 2.6575935
5330.2500 2.64939024
5330.3000 2.64908962
5330.3500 2.64878899
5330.4000 2.64848837
5330.4500 2.64818774
5330.5000 2.64546168
5330.5500 2.6411205
5330.6000 2.63677931
5330.6500 2.63243813
5330.7000 2.62809694
5330.7500 2.63703498
5330.8000 2.64606361
5330.8500 2.65509225
5330.9000 2.66412088
5330.9500 2.66949627
5331.0000 2.6690985
5331.0500 2.66870074
5331.1000 2.66830297
5331.1500 2.6679052
5331.2000 2.66955682
5331.2500 2.67177552
5331.3000 2.67399422
5331.3500 2.67621292
5331.4000 2.6787909
5331.4500 2.6830017
5331.5000 2.6872125
5331.5500 2.69142329
5331.6000 2.69563409
5331.6500 2.69652033
5331.7000 2.69498744
5331.7500 2.69345456
5331.8000 2.69192168
5331.8500 2.69038879
5331.9000 2.70157524
5331.9500 2.71303892
5332.0000 2.7245026
5332.0500 2.73596628
5332.1000 2.73506659
5332.1500 2.71398629
5332.2000 2.69290599
5332.2500 2.67182569
5332.3000 2.65074539
5332.3500 2.65851788
5332.4000 2.6743098
5332.4500 2.69010171
5332.5000 2.70589362
5332.5500 2.71538238
5332.6000 2.69737717
5332.6500 2.67937197
5332.7000 2.66136676
5332.7500 2.64336155
5332.8000 2.64461754
5332.8500 2.65915508
5332.9000 2.67369262
5332.9500 2.68823016
5333.0000 2.70276769
5333.0500 2.69750126
5333.1000 2.69220766
5333.1500 2.68691407
5333.2000 2.68162047
5333.2500 2.67945348
5333.3000 2.68184631
5333.3500 2.68423913
5333.4000 2.68663195
5333.4500 2.68902478
5333.5000 2.68636067
5333.5500 2.68255851
5333.6000 2.67875635
5333.6500 2.6749542
5333.7000 2.67367433
5333.7500 2.68097374
5333.8000 2.68827314
5333.8500 2.69557255
5333.9000 2.70287195
5333.9500 2.70524153
5334.0000 2.70483198
5334.0500 2.70442244
5334.1000 2.7040129
5334.1500 2.7027582
5334.2000 2.6864538
5334.2500 2.6701494
5334.3000 2.653845
5334.3500 2.63754061
5334.4000 2.63316638
5334.4500 2.642341
5334.5000 2.65151562
5334.5500 2.66069025
5334.6000 2.66986487
5334.6500 2.67341793
5334.7000 2.67623823
5334.7500 2.67905854
5334.8000 2.68187884
5334.8500 2.6849657
5334.9000 2.68866712
5334.9500 2.69236854
5335.0000 2.69606996
5335.0500 2.69977138
5335.1000 2.69291791
5335.1500 2.68199515
5335.2000 2.67107239
5335.2500 2.66014963
5335.3000 2.65155145
5335.3500 2.65695836
5335.4000 2.66236526
5335.4500 2.66777216
5335.5000 2.67317907
5335.5500 2.67778354
5335.6000 2.68176858
5335.6500 2.68575363
5335.7000 2.68973867
5335.7500 2.69372371
5335.8000 2.69817468
5335.8500 2.70263144
5335.9000 2.70708819
5335.9500 2.71154495
5336.0000 2.71096997
5336.0500 2.70322905
5336.1000 2.69548813
5336.1500 2.68774721
5336.2000 2.68000628
5336.2500 2.67774414
5336.3000 2.67653582
5336.3500 2.67532751
5336.4000 2.67411919
5336.4500 2.67034172
5336.5000 2.65948349
5336.5500 2.64862527
5336.6000 2.63776704
5336.6500 2.62690881
5336.7000 2.62390615
5336.7500 2.62434791
5336.8000 2.62478968
5336.8500 2.62523144
5336.9000 2.62473888
5336.9500 2.617737
5337.0000 2.61073512
5337.0500 2.60373324
5337.1000 2.59673136
5337.1500 2.59915568
5337.2000 2.60906938
5337.2500 2.61898308
5337.3000 2.62889678
5337.3500 2.63881049
5337.4000 2.63884396
5337.4500 2.63878137
5337.5000 2.63871878
5337.5500 2.63865618
5337.6000 2.63833281
5337.6500 2.63765644
5337.7000 2.63698008
5337.7500 2.63630371
5337.8000 2.63562735
5337.8500 2.63704579
5337.9000 2.638803
5337.9500 2.64056022
5338.0000 2.64231744
5338.0500 2.6403815
5338.1000 2.62974931
5338.1500 2.61911712
5338.2000 2.60848492
5338.2500 2.59785273
5338.3000 2.60667246
5338.3500 2.62244144
5338.4000 2.63821041
5338.4500 2.65397938
5338.5000 2.66572394
5338.5500 2.65873958
5338.6000 2.65175522
5338.6500 2.64477086
5338.7000 2.6377865
5338.7500 2.62246446
5338.8000 2.60199642
5338.8500 2.58152838
5338.9000 2.56106035
5338.9500 2.5428191
5339.0000 2.55871699
5339.0500 2.57461488
5339.1000 2.59051277
5339.1500 2.60641067
5339.2000 2.61485848
5339.2500 2.61601854
5339.3000 2.6171786
5339.3500 2.61833866
5339.4000 2.61949872
5339.4500 2.61563902
5339.5000 2.61152167
5339.5500 2.60740432
5339.6000 2.60328697
5339.6500 2.60176771
5339.7000 2.60417421
5339.7500 2.60658071
5339.8000 2.60898722
5339.8500 2.61139372
5339.9000 2.60985754
5339.9500 2.60760758
5340.0000 2.60535762
5340.0500 2.60310766
5340.1000 2.60219858
5340.1500 2.60446985
5340.2000 2.60674112
5340.2500 2.60901239
5340.3000 2.61128365
5340.3500 2.61280286
5340.4000 2.61406847
5340.4500 2.61533408
5340.5000 2.61659969
5340.5500 2.6145255
5340.6000 2.59913342
5340.6500 2.58374134
5340.7000 2.56834926
5340.7500 2.55295718
5340.8000 2.56495216
5340.8500 2.59140079
5340.9000 2.61784942
5340.9500 2.64429806
5341.0000 2.667092
5341.0500 2.66032071
5341.1000 2.65354942
5341.1500 2.64677813
5341.2000 2.64000684
5341.2500 2.63343021
5341.3000 2.62700232
5341.3500 2.62057443
5341.4000 2.61414654
5341.4500 2.60818142
5341.5000 2.62016503
5341.5500 2.63214864
5341.6000 2.64413225
5341.6500 2.65611585
5341.7000 2.65802183
5341.7500 2.64921812
5341.8000 2.64041442
5341.8500 2.63161071
5341.9000 2.62280701
5341.9500 2.63329242
5342.0000 2.6448819
5342.0500 2.65647137
5342.1000 2.66806085
5342.1500 2.670599
5342.2000 2.66002164
5342.2500 2.64944428
5342.3000 2.63886692
5342.3500 2.62828956
5342.4000 2.63131682
5342.4500 2.63633759
5342.5000 2.64135835
5342.5500 2.64637912
5342.6000 2.65226144
5342.6500 2.6598352
5342.7000 2.66740896
5342.7500 2.67498272
5342.8000 2.68255648
5342.8500 2.67666434
5342.9000 2.66749247
5342.9500 2.65832059
5343.0000 2.64914872
5343.0500 2.6417814
5343.1000 2.63923846
5343.1500 2.63669551
5343.2000 2.63415257
5343.2500 2.63160962
5343.3000 2.64443881
5343.3500 2.66262116
5343.4000 2.68080351
5343.4500 2.69898585
5343.5000 2.71173083
5343.5500 2.70433743
5343.6000 2.69694403
5343.6500 2.68955064
5343.7000 2.68215724
5343.7500 2.66606925
5343.8000 2.64598108
5343.8500 2.6258929
5343.9000 2.60580472
5343.9500 2.59155323
5344.0000 2.60826705
5344.0500 2.62498088
5344.1000 2.6416947
5344.1500 2.65840853
5344.2000 2.66716377
5344.2500 2.67131879
5344.3000 2.67547382
5344.3500 2.67962884
5344.4000 2.68253839
5344.4500 2.67539364
5344.5000 2.66824889
5344.5500 2.66110413
5344.6000 2.65395938
5344.6500 2.64855816
5344.7000 2.64437785
5344.7500 2.64019755
5344.8000 2.63601724
5344.8500 2.63168577
5344.9000 2.62526528
5344.9500 2.61884478
5345.0000 2.61242429
5345.0500 2.6060038
5345.1000 2.59470626
5345.1500 2.57938958
5345.2000 2.5640729
5345.2500 2.54875623
5345.3000 2.53428734
5345.3500 2.546889
5345.4000 2.55949066
5345.4500 2.57209232
5345.5000 2.58469398
5345.5500 2.59516975
5345.6000 2.60363487
5345.6500 2.61209998
5345.7000 2.62056509
5345.7500 2.6290302
5345.8000 2.62618841
5345.8500 2.62333412
5345.9000 2.62047983
5345.9500 2.61762553
5346.0000 2.61336432
5346.0500 2.6076108
5346.1000 2.60185728
5346.1500 2.59610376
5346.2000 2.59035024
5346.2500 2.59791977
5346.3000 2.60585807
5346.3500 2.61379637
5346.4000 2.62173467
5346.4500 2.62220177
5346.5000 2.61397807
5346.5500 2.60575437
5346.6000 2.59753067
5346.6500 2.58930696
5346.7000 2.59438196
5346.7500 2.60011451
5346.8000 2.60584707
5346.8500 2.61157962
5346.9000 2.61218664
5346.9500 2.60639884
5347.0000 2.60061104
5347.0500 2.59482323
5347.1000 2.58903543
5347.1500 2.59985757
5347.2000 2.61177096
5347.2500 2.62368436
5347.3000 2.63559775
5347.3500 2.64428698
5347.4000 2.6487578
5347.4500 2.65322862
5347.5000 2.65769944
5347.5500 2.66217026
5347.6000 2.65739677
5347.6500 2.65192184
5347.7000 2.64644691
5347.7500 2.64097199
5347.8000 2.636676
5347.8500 2.63396105
5347.9000 2.63124611
5347.9500 2.62853116
5348.0000 2.62581621
5348.0500 2.61432743
5348.1000 2.6021401
5348.1500 2.58995277
5348.2000 2.57776544
5348.2500 2.57769949
5348.3000 2.59391498
5348.3500 2.61013047
5348.4000 2.62634597
5348.4500 2.64256146
5348.5000 2.62794105
5348.5500 2.6109531
5348.6000 2.59396514
5348.6500 2.57697718
5348.7000 2.57041078
5348.7500 2.5775445
5348.8000 2.58467822
5348.8500 2.59181194
5348.9000 2.59894565
5348.9500 2.5976995
5349.0000 2.59588803
5349.0500 2.59407657
5349.1000 2.59226511
5349.1500 2.59528814
5349.2000 2.60439017
5349.2500 2.61349219
5349.3000 2.62259421
5349.3500 2.63169623
5349.4000 2.6303286
5349.4500 2.62841667
5349.5000 2.62650475
5349.5500 2.62459283
5349.6000 2.62158677
5349.6500 2.61729423
5349.7000 2.61300168
5349.7500 2.60870913
5349.8000 2.60441659
5349.8500 2.59486493
5349.9000 2.58515081
5349.9500 2.57543668
5350.0000 2.56572256
5350.0500 2.5609533
5350.1000 2.56150061
5350.1500 2.56204793
5350.2000 2.56259525
5350.2500 2.56314256
5350.3000 2.55506101
5350.3500 2.54693752
5350.4000 2.53881402
5350.4500 2.53069052
5350.5000 2.53267687
5350.5500 2.54438212
5350.6000 2.55608738
5350.6500 2.56779264
5350.7000 2.57898044
5350.7500 2.57076348
5350.8000 2.56254652
5350.8500 2.55432957
5350.9000 2.54611261
5350.9500 2.54363516
5351.0000 2.54597826
5351.0500 2.54832137
5351.1000 2.55066448
5351.1500 2.55294694
5351.2000 2.55431931
5351.2500 2.55569168
5351.3000 2.55706405
5351.3500 2.55843642
5351.4000 2.5616602
5351.4500 2.56620903
5351.5000 2.57075787
5351.5500 2.5753067
5351.6000 2.57908834
5351.6500 2.57630648
5351.7000 2.57352463
5351.7500 2.57074277
5351.8000 2.56796091
5351.8500 2.5739439
5351.9000 2.58512139
5351.9500 2.59629888
5352.0000 2.60747637
5352.0500 2.61491127
5352.1000 2.60155274
5352.1500 2.58819421
5352.2000 2.57483568
5352.2500 2.56147715
5352.3000 2.56189181
5352.3500 2.56882944
5352.4000 2.57576706
5352.4500 2.58270469
5352.5000 2.58865058
5352.5500 2.59077655
5352.6000 2.59290251
5352.6500 2.59502848
5352.7000 2.59715445
5352.7500 2.59853914
5352.8000 2.59965662
5352.8500 2.60077411
5352.9000 2.60189159
5352.9500 2.60160808
5353.0000 2.59744653
5353.0500 2.59328499
5353.1000 2.58912344
5353.1500 2.58496189
5353.2000 2.58008127
5353.2500 2.57501768
5353.3000 2.5699541
5353.3500 2.56489051
5353.4000 2.56425074
5353.4500 2.57257759
5353.5000 2.58090445
5353.5500 2.5892313
5353.6000 2.59755816
5353.6500 2.59536672
5353.7000 2.59153373
5353.7500 2.58770075
5353.8000 2.58386777
5353.8500 2.58320996
5353.9000 2.58729387
5353.9500 2.59137778
5354.0000 2.59546169
5354.0500 2.5995456
5354.1000 2.59243298
5354.1500 2.58458728
5354.2000 2.57674159
5354.2500 2.5688959
5354.3000 2.5630343
5354.3500 2.55934406
5354.4000 2.55565383
5354.4500 2.55196359
5354.5000 2.54835874
5354.5500 2.54946235
5354.6000 2.55056596
5354.6500 2.55166956
5354.7000 2.55277317
5354.7500 2.55040962
5354.8000 2.54531731
5354.8500 2.540225
5354.9000 2.53513268
5354.9500 2.53069993
5355.0000 2.53202391
5355.0500 2.5333479
5355.1000 2.53467189
5355.1500 2.53599587
5355.2000 2.54955911
5355.2500 2.56978746
5355.3000 2.59001581
5355.3500 2.61024417
5355.4000 2.62680947
5355.4500 2.62810705
5355.5000 2.62940462
5355.5500 2.6307022
5355.6000 2.63199977
5355.6500 2.62099626
5355.7000 2.60569309
5355.7500 2.59038992
5355.8000 2.57508675
5355.8500 2.56469682
5355.9000 2.56634013
5355.9500 2.56798344
5356.0000 2.56962676
5356.0500 2.57127007
5356.1000 2.57088875
5356.1500 2.57012261
5356.2000 2.56935648
5356.2500 2.56859034
5356.3000 2.56811725
5356.3500 2.56809851
5356.4000 2.56807977
5356.4500 2.56806103
5356.5000 2.56804229
5356.5500 2.57257784
5356.6000 2.57737685
5356.6500 2.58217585
5356.7000 2.58697486
5356.7500 2.5885925
5356.8000 2.58702856
5356.8500 2.58546461
5356.9000 2.58390066
5356.9500 2.582467
5357.0000 2.58322614
5357.0500 2.58398528
5357.1000 2.58474442
5357.1500 2.58550356
5357.2000 2.5848373
5357.2500 2.58327349
5357.3000 2.58170967
5357.3500 2.58014586
5357.4000 2.57762816
5357.4500 2.57053728
5357.5000 2.5634464
5357.5500 2.55635552
5357.6000 2.54926464
5357.6500 2.5572768
5357.7000 2.57079064
5357.7500 2.58430447
5357.8000 2.59781831
5357.8500 2.60750486
5357.9000 2.60803744
5357.9500 2.60857002
5358.0000 2.60910261
5358.0500 2.60963519
5358.1000 2.6033775
5358.1500 2.59599704
5358.2000 2.58861657
5358.2500 2.58123611
5358.3000 2.57448458
5358.3500 2.56859155
5358.4000 2.56269852
5358.4500 2.5568055
5358.5000 2.55091247
5358.5500 2.54417629
5358.6000 2.53743072
5358.6500 2.53068514
5358.7000 2.52393957
5358.7500 2.52645954
5358.8000 2.53636141
5358.8500 2.54626329
5358.9000 2.55616516
5358.9500 2.5667039
5359.0000 2.58167606
5359.0500 2.59664823
5359.1000 2.61162039
5359.1500 2.62659256
5359.2000 2.62581692
5359.2500 2.61816545
5359.3000 2.61051398
5359.3500 2.60286251
5359.4000 2.59554494
5359.4500 2.5891394
5359.5000 2.58273386
5359.5500 2.57632831
5359.6000 2.56992277
5359.6500 2.5658854
5359.7000 2.56229462
5359.7500 2.55870384
5359.8000 2.55511306
5359.8500 2.55340516
5359.9000 2.55433909
5359.9500 2.55527303
5360.0000 2.55620696
5360.0500 2.5571409
5360.1000 2.55581909
5360.1500 2.55447994
5360.2000 2.55314079
5360.2500 2.55180163
5360.3000 2.54716235
5360.3500 2.54003393
5360.4000 2.53290552
5360.4500 2.5257771
5360.5000 2.52158853
5360.5500 2.53416942
5360.6000 2.54675031
5360.6500 2.5593312
5360.7000 2.57191209
5360.7500 2.57497996
5360.8000 2.57452432
5360.8500 2.57406869
5360.9000 2.57361306
5360.9500 2.57380111
5361.0000 2.57541038
5361.0500 2.57701965
5361.1000 2.57862892
5361.1500 2.58023819
5361.2000 2.57862413
5361.2500 2.57663261
5361.3000 2.57464109
5361.3500 2.57264957
5361.4000 2.56954255
5361.4500 2.56522738
5361.5000 2.56091221
5361.5500 2.55659703
5361.6000 2.55210877
5361.6500 2.54518691
5361.7000 2.53826505
5361.7500 2.53134319
5361.8000 2.52442133
5361.8500 2.52133212
5361.9000 2.52026892
5361.9500 2.51920572
5362.0000 2.51814252
5362.0500 2.51882976
5362.1000 2.52495779
5362.1500 2.53108583
5362.2000 2.53721386
5362.2500 2.54334189
5362.3000 2.53647121
5362.3500 2.5270149
5362.4000 2.51755858
5362.4500 2.50810227
5362.5000 2.50113673
5362.5500 2.49752441
5362.6000 2.4939121
5362.6500 2.49029979
5362.7000 2.48689116
5362.7500 2.49357755
5362.8000 2.50026395
5362.8500 2.50695034
5362.9000 2.51363673
5362.9500 2.51526094
5363.0000 2.51371337
5363.0500 2.5121658
5363.1000 2.51061824
5363.1500 2.51034786
5363.2000 2.51484596
5363.2500 2.51934405
5363.3000 2.52384215
5363.3500 2.52834024
5363.4000 2.51979603
5363.4500 2.50817602
5363.5000 2.496556
5363.5500 2.48493598
5363.6000 2.4814406
5363.6500 2.48970793
5363.7000 2.49797527
5363.7500 2.5062426
5363.8000 2.51446296
5363.8500 2.51770319
5363.9000 2.52094343
5363.9500 2.52418366
5364.0000 2.52742389
5364.0500 2.5371503
5364.1000 2.55099569
5364.1500 2.56484107
5364.2000 2.57868645
5364.2500 2.58599916
5364.3000 2.56950495
5364.3500 2.55301074
5364.4000 2.53651653
5364.4500 2.52002231
5364.5000 2.52412908
5364.5500 2.53274324
5364.6000 2.5413574
5364.6500 2.54997156
5364.7000 2.55130944
5364.7500 2.54288702
5364.8000 2.5344646
5364.8500 2.52604219
5364.9000 2.51773764
5364.9500 2.51266714
5365.0000 2.50759664
5365.0500 2.50252614
5365.1000 2.49745564
5365.1500 2.48577316
5365.2000 2.4704465
5365.2500 2.45511985
5365.3000 2.43979319
5365.3500 2.43334904
5365.4000 2.45276617
5365.4500 2.47218329
5365.5000 2.49160042
5365.5500 2.51101754
5365.6000 2.51039821
5365.6500 2.50673409
5365.7000 2.50306997
5365.7500 2.49940585
5365.8000 2.49597234
5365.8500 2.49278669
5365.9000 2.48960103
5365.9500 2.48641538
5366.0000 2.48474644
5366.0500 2.49714888
5366.1000 2.50955132
5366.1500 2.52195376
5366.2000 2.5343562
5366.2500 2.53887627
5366.3000 2.54024037
5366.3500 2.54160446
5366.4000 2.54296856
5366.4500 2.53950264
5366.5000 2.52633316
5366.5500 2.51316368
5366.6000 2.49999419
5366.6500 2.48682471
5366.7000 2.49336899
5366.7500 2.50090645
5366.8000 2.50844391
5366.8500 2.51598137
5366.9000 2.51899662
5366.9500 2.51864458
5367.0000 2.51829255
5367.0500 2.51794051
5367.1000 2.51654187
5367.1500 2.51084479
5367.2000 2.50514772
5367.2500 2.49945064
5367.3000 2.49375357
5367.3500 2.4985996
5367.4000 2.50576184
5367.4500 2.51292408
5367.5000 2.52008631
5367.5500 2.52445584
5367.6000 2.52534812
5367.6500 2.5262404
5367.7000 2.52713269
5367.7500 2.52695312
5367.8000 2.51304092
5367.8500 2.49912872
5367.9000 2.48521651
5367.9500 2.47130431
5368.0000 2.47487539
5368.0500 2.48590908
5368.1000 2.49694278
5368.1500 2.50797647
5368.2000 2.51238442
5368.2500 2.50338591
5368.3000 2.4943874
5368.3500 2.48538889
5368.4000 2.47639038
5368.4500 2.48460654
5368.5000 2.49350045
5368.5500 2.50239435
5368.6000 2.51128826
5368.6500 2.51448321
5368.7000 2.51379821
5368.7500 2.51311321
5368.8000 2.51242821
5368.8500 2.51131383
5368.9000 2.50875571
5368.9500 2.5061976
5369.0000 2.50363949
5369.0500 2.50108137
5369.1000 2.50739381
5369.1500 2.51509084
5369.2000 2.52278788
5369.2500 2.53048491
5369.3000 2.53086653
5369.3500 2.52399674
5369.4000 2.51712696
5369.4500 2.51025717
5369.5000 2.50421445
5369.5500 2.50321584
5369.6000 2.50221723
5369.6500 2.50121862
5369.7000 2.50022001
5369.7500 2.4973927
5369.8000 2.49405262
5369.8500 2.49071255
5369.9000 2.48737247
5369.9500 2.48552401
5370.0000 2.48571348
5370.0500 2.48590295
5370.1000 2.48609242
5370.1500 2.48542949
5370.2000 2.4726385
5370.2500 2.45984752
5370.3000 2.44705654
5370.3500 2.43426555
5370.4000 2.44479695
5370.4500 2.46484532
5370.5000 2.4848937
5370.5500 2.50494207
5370.6000 2.51460684
5370.6500 2.50550317
5370.7000 2.49639951
5370.7500 2.48729584
5370.8000 2.47824535
5370.8500 2.48372875
5370.9000 2.48921214
5370.9500 2.49469554
5371.0000 2.50017894
5371.0500 2.50014137
5371.1000 2.49716441
5371.1500 2.49418744
5371.2000 2.49121048
5371.2500 2.49256046
5371.3000 2.50386587
5371.3500 2.51517128
5371.4000 2.52647669
5371.4500 2.53778209
5371.5000 2.52712257
5371.5500 2.51542354
5371.6000 2.50372452
5371.6500 2.4920255
5371.7000 2.48261584
5371.7500 2.47468137
5371.8000 2.46674691
5371.8500 2.45881245
5371.9000 2.45217435
5371.9500 2.44917043
5372.0000 2.44616651
5372.0500 2.44316259
5372.1000 2.44015867
5372.1500 2.44170834
5372.2000 2.44365837
5372.2500 2.4456084
5372.3000 2.44755843
5372.3500 2.44892487
5372.4000 2.44986335
5372.4500 2.45080182
5372.5000 2.45174029
5372.5500 2.45452909
5372.6000 2.46330433
5372.6500 2.47207957
5372.7000 2.4808548
5372.7500 2.48963004
5372.8000 2.48608514
5372.8500 2.48112211
5372.9000 2.47615908
5372.9500 2.47119605
5373.0000 2.47066716
5373.0500 2.47363766
5373.1000 2.47660816
5373.1500 2.47957866
5373.2000 2.4826702
5373.2500 2.48618462
5373.3000 2.48969904
5373.3500 2.49321346
5373.4000 2.49672788
5373.4500 2.49668781
5373.5000 2.4961976
5373.5500 2.49570739
5373.6000 2.49521718
5373.6500 2.49013989
5373.7000 2.48137191
5373.7500 2.47260392
5373.8000 2.46383594
5373.8500 2.45579414
5373.9000 2.45029481
5373.9500 2.44479549
5374.0000 2.43929617
5374.0500 2.43379684
5374.1000 2.4496608
5374.1500 2.46812051
5374.2000 2.48658022
5374.2500 2.50503994
5374.3000 2.50496688
5374.3500 2.49048677
5374.4000 2.47600666
5374.4500 2.46152656
5374.5000 2.45260369
5374.5500 2.46176484
5374.6000 2.47092598
5374.6500 2.48008713
5374.7000 2.48924828
5374.7500 2.48906329
5374.8000 2.48794242
5374.8500 2.48682155
5374.9000 2.48570069
5374.9500 2.48988588
5375.0000 2.49784501
5375.0500 2.50580415
5375.1000 2.51376329
5375.1500 2.51646535
5375.2000 2.50430021
5375.2500 2.49213508
5375.3000 2.47996994
5375.3500 2.4678048
5375.4000 2.47013028
5375.4500 2.47338776
5375.5000 2.47664523
5375.5500 2.47990271
5375.6000 2.47019449
5375.6500 2.45251874
5375.7000 2.43484299
5375.7500 2.41716724
5375.8000 2.4083111
5375.8500 2.41996811
5375.9000 2.43162511
5375.9500 2.44328212
5376.0000 2.45493912
5376.0500 2.46355969
5376.1000 2.47212913
5376.1500 2.48069857
5376.2000 2.48926801
5376.2500 2.48755629
5376.3000 2.48072758
5376.3500 2.47389886
5376.4000 2.46707014
5376.4500 2.4684441
5376.5000 2.48482549
5376.5500 2.50120687
5376.6000 2.51758825
5376.6500 2.53278092
5376.7000 2.51989164
5376.7500 2.50700235
5376.8000 2.49411307
5376.8500 2.48122378
5376.9000 2.47644156
5376.9500 2.47466863
5377.0000 2.47289571
5377.0500 2.47112278
5377.1000 2.46658386
5377.1500 2.45821658
5377.2000 2.44984931
5377.2500 2.44148204
5377.3000 2.43357809
5377.3500 2.4293816
5377.4000 2.4251851
5377.4500 2.42098861
5377.5000 2.41679212
5377.5500 2.42309301
5377.6000 2.4319496
5377.6500 2.44080618
5377.7000 2.44966277
5377.7500 2.45241014
5377.8000 2.44901909
5377.8500 2.44562805
5377.9000 2.44223701
5377.9500 2.43910465
5378.0000 2.43704094
5378.0500 2.43497723
5378.1000 2.43291352
5378.1500 2.43084981
5378.2000 2.42981772
5378.2500 2.42890994
5378.3000 2.42800217
5378.3500 2.42709439
5378.4000 2.425242
5378.4500 2.42273723
5378.5000 2.42023246
5378.5500 2.41772768
5378.6000 2.41530562
5378.6500 2.41308406
5378.7000 2.4108625
5378.7500 2.40864094
5378.8000 2.40641939
5378.8500 2.41051887
5378.9000 2.41465628
5378.9500 2.41879369
5379.0000 2.4229311
5379.0500 2.42377696
5379.1000 2.42319549
5379.1500 2.42261402
5379.2000 2.42203256
5379.2500 2.41945833
5379.3000 2.413926
5379.3500 2.40839368
5379.4000 2.40286135
5379.4500 2.39723545
5379.5000 2.3908444
5379.5500 2.38445336
5379.6000 2.37806232
5379.6500 2.37167127
5379.7000 2.37894444
5379.7500 2.3892799
5379.8000 2.39961537
5379.8500 2.40995084
5379.9000 2.41211753
5379.9500 2.40693342
5380.0000 2.40174931
5380.0500 2.3965652
5380.1000 2.3935606
5380.1500 2.39756219
5380.2000 2.40156377
5380.2500 2.40556536
5380.3000 2.40956695
5380.3500 2.40104138
5380.4000 2.39185203
5380.4500 2.38266268
5380.5000 2.37347332
5380.5500 2.36848763
5380.6000 2.36563318
5380.6500 2.36277872
5380.7000 2.35992427
5380.7500 2.36046981
5380.8000 2.36658746
5380.8500 2.3727051
5380.9000 2.37882275
5380.9500 2.38425541
5381.0000 2.3832245
5381.0500 2.3821936
5381.1000 2.38116269
5381.1500 2.38013179
5381.2000 2.38481629
5381.2500 2.39080523
5381.3000 2.39679418
5381.3500 2.40278312
5381.4000 2.401032
5381.4500 2.39252713
5381.5000 2.38402226
5381.5500 2.37551739
5381.6000 2.37089975
5381.6500 2.37761739
5381.7000 2.38433504
5381.7500 2.39105268
5381.8000 2.39777032
5381.8500 2.38859654
5381.9000 2.37906836
5381.9500 2.36954019
5382.0000 2.36001202
5382.0500 2.36527244
5382.1000 2.3767956
5382.1500 2.38831875
5382.2000 2.39984191
5382.2500 2.40663833
5382.3000 2.40712567
5382.3500 2.40761301
5382.4000 2.40810036
5382.4500 2.40853221
5382.5000 2.40866294
5382.5500 2.40879368
5382.6000 2.40892441
5382.6500 2.40905515
5382.7000 2.40944529
5382.7500 2.40986935
5382.8000 2.4102934
5382.8500 2.41071745
5382.9000 2.41970509
5382.9500 2.43406095
5383.0000 2.4484168
5383.0500 2.46277266
5383.1000 2.46823379
5383.1500 2.45691606
5383.2000 2.44559833
5383.2500 2.43428059
5383.3000 2.42360846
5383.3500 2.4203888
5383.4000 2.41716914
5383.4500 2.41394948
5383.5000 2.41072982
5383.5500 2.39974134
5383.6000 2.38698336
5383.6500 2.37422538
5383.7000 2.36146739
5383.7500 2.3629797
5383.8000 2.37613278
5383.8500 2.38928586
5383.9000 2.40243894
5383.9500 2.40923717
5384.0000 2.40036248
5384.0500 2.39148779
5384.1000 2.3826131
5384.1500 2.37383544
5384.2000 2.36845872
5384.2500 2.36308199
5384.3000 2.35770527
5384.3500 2.35232854
5384.4000 2.35223296
5384.4500 2.35372843
5384.5000 2.3552239
5384.5500 2.35671936
5384.6000 2.3658119
5384.6500 2.3821826
5384.7000 2.39855329
5384.7500 2.41492399
5384.8000 2.42128398
5384.8500 2.39831282
5384.9000 2.37534165
5384.9500 2.35237049
5385.0000 2.32939933
5385.0500 2.33026344
5385.1000 2.33113503
5385.1500 2.33200662
5385.2000 2.3328782
5385.2500 2.33571895
5385.3000 2.33922869
5385.3500 2.34273842
5385.4000 2.34624816
5385.4500 2.35166707
5385.5000 2.3590365
5385.5500 2.36640593
5385.6000 2.37377536
5385.6500 2.37750738
5385.7000 2.36999203
5385.7500 2.36247668
5385.8000 2.35496133
5385.8500 2.34744598
5385.9000 2.34431456
5385.9500 2.34120252
5386.0000 2.33809048
5386.0500 2.33497844
5386.1000 2.32828668
5386.1500 2.32039097
5386.2000 2.31249527
5386.2500 2.30459956
5386.3000 2.30998483
5386.3500 2.32851643
5386.4000 2.34704802
5386.4500 2.36557962
5386.5000 2.37776271
5386.5500 2.37171372
5386.6000 2.36566474
5386.6500 2.35961575
5386.7000 2.35379619
5386.7500 2.36254929
5386.8000 2.37130239
5386.8500 2.38005548
5386.9000 2.38880858
5386.9500 2.38168998
5387.0000 2.36994306
5387.0500 2.35819615
5387.1000 2.34644923
5387.1500 2.34033053
5387.2000 2.33911429
5387.2500 2.33789805
5387.3000 2.33668181
5387.3500 2.34135431
5387.4000 2.36001957
5387.4500 2.37868483
5387.5000 2.39735009
5387.5500 2.41322081
5387.6000 2.38486181
5387.6500 2.35650282
5387.7000 2.32814382
5387.7500 2.29978483
5387.8000 2.29723586
5387.8500 2.30019336
5387.9000 2.30315086
5387.9500 2.30610836
5388.0000 2.31488462
5388.0500 2.32769757
5388.1000 2.34051052
5388.1500 2.35332347
5388.2000 2.35882002
5388.2500 2.35120512
5388.3000 2.34359021
5388.3500 2.33597531
5388.4000 2.3280934
5388.4500 2.31838288
5388.5000 2.30867236
5388.5500 2.29896183
5388.6000 2.28925131
5388.6500 2.29769208
5388.7000 2.3081908
5388.7500 2.31868951
5388.8000 2.32918822
5388.8500 2.33361994
5388.9000 2.33506928
5388.9500 2.33651861
5389.0000 2.33796795
5389.0500 2.34090755
5389.1000 2.3457118
5389.1500 2.35051606
5389.2000 2.35532032
5389.2500 2.35525224
5389.3000 2.33785694
5389.3500 2.32046164
5389.4000 2.30306634
5389.4500 2.28567105
5389.5000 2.30182584
5389.5500 2.31810647
5389.6000 2.33438711
5389.6500 2.35066774
5389.7000 2.35604789
5389.7500 2.35825531
5389.8000 2.36046272
5389.8500 2.36267014
5389.9000 2.36416462
5389.9500 2.36508598
5390.0000 2.36600735
5390.0500 2.36692871
5390.1000 2.36309614
5390.1500 2.34985477
5390.2000 2.3366134
5390.2500 2.32337203
5390.3000 2.31349282
5390.3500 2.32862831
5390.4000 2.34376379
5390.4500 2.35889928
5390.5000 2.37403477
5390.5500 2.35524579
5390.6000 2.33280477
5390.6500 2.31036375
5390.7000 2.28792273
5390.7500 2.27730766
5390.8000 2.27203932
5390.8500 2.26677099
5390.9000 2.26150265
5390.9500 2.2643523
5391.0000 2.27613865
5391.0500 2.28792499
5391.1000 2.29971134
5391.1500 2.31143115
5391.2000 2.32296629
5391.2500 2.33450143
5391.3000 2.34603656
5391.3500 2.35644617
5391.4000 2.34760183
5391.4500 2.3387575
5391.5000 2.32991317
5391.5500 2.32106884
5391.6000 2.32039583
5391.6500 2.32119759
5391.7000 2.32199934
5391.7500 2.32280109
5391.8000 2.31423467
5391.8500 2.30041028
5391.9000 2.28658588
5391.9500 2.27276149
5392.0000 2.27213924
5392.0500 2.28863542
5392.1000 2.3051316
5392.1500 2.32162778
5392.2000 2.33092594
5392.2500 2.31637494
5392.3000 2.30182394
5392.3500 2.28727295
5392.4000 2.27318381
5392.4500 2.27414257
5392.5000 2.27510134
5392.5500 2.27606011
5392.6000 2.27701888
5392.6500 2.27368594
5392.7000 2.26946919
5392.7500 2.26525244
5392.8000 2.26103568
5392.8500 2.25764365
5392.9000 2.25473558
5392.9500 2.2518275
5393.0000 2.24891943
5393.0500 2.24889375
5393.1000 2.25264741
5393.1500 2.25640108
5393.2000 2.26015474
5393.2500 2.26262346
5393.3000 2.26094802
5393.3500 2.25927258
5393.4000 2.25759715
5393.4500 2.25553069
5393.5000 2.24458757
5393.5500 2.23364445
5393.6000 2.22270132
5393.6500 2.2117582
5393.7000 2.22049803
5393.7500 2.23273251
5393.8000 2.244967
5393.8500 2.25720148
5393.9000 2.25747766
5393.9500 2.25153212
5394.0000 2.24558658
5394.0500 2.23964104
5394.1000 2.24023774
5394.1500 2.24827616
5394.2000 2.25631458
5394.2500 2.264353
5394.3000 2.26725198
5394.3500 2.25689741
5394.4000 2.24654283
5394.4500 2.23618826
5394.5000 2.22750947
5394.5500 2.2352661
5394.6000 2.24302273
5394.6500 2.25077936
5394.7000 2.25853599
5394.7500 2.26031241
5394.8000 2.26147674
5394.8500 2.26264107
5394.9000 2.2638054
5394.9500 2.26716352
5395.0000 2.27136091
5395.0500 2.2755583
5395.1000 2.27975569
5395.1500 2.27716448
5395.2000 2.26881266
5395.2500 2.26046083
5395.3000 2.252109
5395.3500 2.24673261
5395.4000 2.24664262
5395.4500 2.24655263
5395.5000 2.24646264
5395.5500 2.24633712
5395.6000 2.24605071
5395.6500 2.2457643
5395.7000 2.24547789
5395.7500 2.24521297
5395.8000 2.25191685
5395.8500 2.25862073
5395.9000 2.26532461
5395.9500 2.27202849
5396.0000 2.27110454
5396.0500 2.26858296
5396.1000 2.26606139
5396.1500 2.26353981
5396.2000 2.26099146
5396.2500 2.25842883
5396.3000 2.25586619
5396.3500 2.25330355
5396.4000 2.25598565
5396.4500 2.2643748
5396.5000 2.27276396
5396.5500 2.28115311
5396.6000 2.28431136
5396.6500 2.27567349
5396.7000 2.26703563
5396.7500 2.25839776
5396.8000 2.25369627
5396.8500 2.27377956
5396.9000 2.29386284
5396.9500 2.31394612
5397.0000 2.3340294
5397.0500 2.32407496
5397.1000 2.3131411
5397.1500 2.30220724
5397.2000 2.29127338
5397.2500 2.28141243
5397.3000 2.2718175
5397.3500 2.26222258
5397.4000 2.25262765
5397.4500 2.24979973
5397.5000 2.25084919
5397.5500 2.25189864
5397.6000 2.25294809
5397.6500 2.24531426
5397.7000 2.22795446
5397.7500 2.21059465
5397.8000 2.19323484
5397.8500 2.18263625
5397.9000 2.18714668
5397.9500 2.19165712
5398.0000 2.19616755
5398.0500 2.20106612
5398.1000 2.20819647
5398.1500 2.21532681
5398.2000 2.22245716
5398.2500 2.2295875
5398.3000 2.21791529
5398.3500 2.20602772
5398.4000 2.19414015
5398.4500 2.18225258
5398.5000 2.18994635
5398.5500 2.20163004
5398.6000 2.21331373
5398.6500 2.22499742
5398.7000 2.22588111
5398.7500 2.22154847
5398.8000 2.21721583
5398.8500 2.21288319
5398.9000 2.20766543
5398.9500 2.20162875
5399.0000 2.19559207
5399.0500 2.18955539
5399.1000 2.18732333
5399.1500 2.19167995
5399.2000 2.19603658
5399.2500 2.2003932
5399.3000 2.20197217
5399.3500 2.19336338
5399.4000 2.18475459
5399.4500 2.1761458
5399.5000 2.16769205
5399.5500 2.16150815
5399.6000 2.15532425
5399.6500 2.14914035
5399.7000 2.14295645
5399.7500 2.15566827
5399.8000 2.17013161
5399.8500 2.18459496
5399.9000 2.19905831
5399.9500 2.19249069
5400.0000 2.17956755
5400.0500 2.16664441
5400.1000 2.15372127
5400.1500 2.15919013
5400.2000 2.1758253
5400.2500 2.19246047
5400.3000 2.20909564
5400.3500 2.21325619
5400.4000 2.20379686
5400.4500 2.19433753
5400.5000 2.1848782
5400.5500 2.17769928
5400.6000 2.17503869
5400.6500 2.17237811
5400.7000 2.16971753
5400.7500 2.16890643
5400.8000 2.17576405
5400.8500 2.18262166
5400.9000 2.18947928
5400.9500 2.195975
5401.0000 2.1962212
5401.0500 2.19646741
5401.1000 2.19671361
5401.1500 2.19695981
5401.2000 2.1978341
5401.2500 2.19876547
5401.3000 2.19969683
5401.3500 2.20062819
5401.4000 2.19719783
5401.4500 2.19253864
5401.5000 2.18787945
5401.5500 2.18322026
5401.6000 2.17908944
5401.6500 2.17524915
5401.7000 2.17140885
5401.7500 2.16756856
5401.8000 2.16710054
5401.8500 2.16984936
5401.9000 2.17259818
5401.9500 2.175347
5402.0000 2.17952257
5402.0500 2.186027
5402.1000 2.19253142
5402.1500 2.19903585
5402.2000 2.20263312
5402.2500 2.19748745
5402.3000 2.19234178
5402.3500 2.18719611
5402.4000 2.18253943
5402.4500 2.18144452
5402.5000 2.1803496
5402.5500 2.17925469
5402.6000 2.17815978
5402.6500 2.17879083
5402.7000 2.17943331
5402.7500 2.18007578
5402.8000 2.18071825
5402.8500 2.1870236
5402.9000 2.1941925
5402.9500 2.20136139
5403.0000 2.20853029
5403.0500 2.21376901
5403.1000 2.21834177
5403.1500 2.22291452
5403.2000 2.22748728
5403.2500 2.21630355
5403.3000 2.19549568
5403.3500 2.17468782
5403.4000 2.15387995
5403.4500 2.14588057
5403.5000 2.15070617
5403.5500 2.15553177
5403.6000 2.16035736
5403.6500 2.16218315
5403.7000 2.15911632
5403.7500 2.1560495
5403.8000 2.15298268
5403.8500 2.15504319
5403.9000 2.17154342
5403.9500 2.18804364
5404.0000 2.20454386
5404.0500 2.21857313
5404.1000 2.21809452
5404.1500 2.21761591
5404.2000 2.2171373
5404.2500 2.21646475
5404.3000 2.20964091
5404.3500 2.20281707
5404.4000 2.19599324
5404.4500 2.1891694
5404.5000 2.18723364
5404.5500 2.1857395
5404.6000 2.18424536
5404.6500 2.18275122
5404.7000 2.17556417
5404.7500 2.16700036
5404.8000 2.15843656
5404.8500 2.14987275
5404.9000 2.14446419
5404.9500 2.14044084
5405.0000 2.13641749
5405.0500 2.13239414
5405.1000 2.13212379
5405.1500 2.13450354
5405.2000 2.13688329
5405.2500 2.13926304
5405.3000 2.14557628
5405.3500 2.15617015
5405.4000 2.16676401
5405.4500 2.17735787
5405.5000 2.1760974
5405.5500 2.15492403
5405.6000 2.13375066
5405.6500 2.11257729
5405.7000 2.1036045
5405.7500 2.12778656
5405.8000 2.15196861
5405.8500 2.17615067
5405.9000 2.1970383
5405.9500 2.20141988
5406.0000 2.20580146
5406.0500 2.21018304
5406.1000 2.21325222
5406.1500 2.19753887
5406.2000 2.18182552
5406.2500 2.16611216
5406.3000 2.15039881
5406.3500 2.1536724
5406.4000 2.15761866
5406.4500 2.16156491
5406.5000 2.16551117
5406.5500 2.15687284
5406.6000 2.14631747
5406.6500 2.13576209
5406.7000 2.12520672
5406.7500 2.13533812
5406.8000 2.15160085
5406.8500 2.16786358
5406.9000 2.18412631
5406.9500 2.17853473
5407.0000 2.16249199
5407.0500 2.14644924
5407.1000 2.1304065
5407.1500 2.12331298
5407.2000 2.12261651
5407.2500 2.12192003
5407.3000 2.12122355
5407.3500 2.11617339
5407.4000 2.10661655
5407.4500 2.09705971
5407.5000 2.08750288
5407.5500 2.08579431
5407.6000 2.09580297
5407.6500 2.10581162
5407.7000 2.11582027
5407.7500 2.12239865
5407.8000 2.12142832
5407.8500 2.12045799
5407.9000 2.11948766
5407.9500 2.11720074
5408.0000 2.11038674
5408.0500 2.10357275
5408.1000 2.09675875
5408.1500 2.09144533
5408.2000 2.09537172
5408.2500 2.09929811
5408.3000 2.1032245
5408.3500 2.10670865
5408.4000 2.10269203
5408.4500 2.09867542
5408.5000 2.09465881
5408.5500 2.09064219
5408.6000 2.08752515
5408.6500 2.08443289
5408.7000 2.08134062
5408.7500 2.07824836
5408.8000 2.07778251
5408.8500 2.0776338
5408.9000 2.07748509
5408.9500 2.07733638
5409.0000 2.07756818
5409.0500 2.07788758
5409.1000 2.07820698
5409.1500 2.07852637
5409.2000 2.07905895
5409.2500 2.07966837
5409.3000 2.08027778
5409.3500 2.0808872
5409.4000 2.06913459
5409.4500 2.05097886
5409.5000 2.03282314
5409.5500 2.01466741
5409.6000 2.01756222
5409.6500 2.03544849
5409.7000 2.05333477
5409.7500 2.07122105
5409.8000 2.07702959
5409.8500 2.07127527
5409.9000 2.06552094
5409.9500 2.05976662
5410.0000 2.06104408
5410.0500 2.07129735
5410.1000 2.08155061
5410.1500 2.09180387
5410.2000 2.09777325
5410.2500 2.09642408
5410.3000 2.09507491
5410.3500 2.09372573
5410.4000 2.09065307
5410.4500 2.08357272
5410.5000 2.07649237
5410.5500 2.06941202
5410.6000 2.06688013
5410.6500 2.07925598
5410.7000 2.09163184
5410.7500 2.10400769
5410.8000 2.11593475
5410.8500 2.12564543
5410.9000 2.13535612
5410.9500 2.14506681
5411.0000 2.15287664
5411.0500 2.14440829
5411.1000 2.13593995
5411.1500 2.1274716
5411.2000 2.11903707
5411.2500 2.11136833
5411.3000 2.10369958
5411.3500 2.09603083
5411.4000 2.08836208
5411.4500 2.08608404
5411.5000 2.08390716
5411.5500 2.08173029
5411.6000 2.07955342
5411.6500 2.06866774
5411.7000 2.05704965
5411.7500 2.04543155
5411.8000 2.03381346
5411.8500 2.02682517
5411.9000 2.02056052
5411.9500 2.01429587
5412.0000 2.00803122
5412.0500 2.04150085
5412.1000 2.08436416
5412.1500 2.12722746
5412.2000 2.17009077
5412.2500 2.16634442
5412.3000 2.14741707
5412.3500 2.12848972
5412.4000 2.10956237
5412.4500 2.09884576
5412.5000 2.09162462
5412.5500 2.08440348
5412.6000 2.07718234
5412.6500 2.08053645
5412.7000 2.08958375
5412.7500 2.09863106
5412.8000 2.10767836
5412.8500 2.09985117
5412.9000 2.08078621
5412.9500 2.06172126
5413.0000 2.0426563
5413.0500 2.03527423
5413.1000 2.03737302
5413.1500 2.03947181
5413.2000 2.0415706
5413.2500 2.04477104
5413.3000 2.04904979
5413.3500 2.05332854
5413.4000 2.05760729
5413.4500 2.05344835
5413.5000 2.03939429
5413.5500 2.02534024
5413.6000 2.01128619
5413.6500 2.0069234
5413.7000 2.01612599
5413.7500 2.02532858
5413.8000 2.03453117
5413.8500 2.03394899
5413.9000 2.01704019
5413.9500 2.00013139
5414.0000 1.9832226
5414.0500 1.97124119
5414.1000 1.96907097
5414.1500 1.96690075
5414.2000 1.96473053
5414.2500 1.9690148
5414.3000 1.98868929
5414.3500 2.00836379
5414.4000 2.02803829
5414.4500 2.0457662
5414.5000 2.05790132
5414.5500 2.07003643
5414.6000 2.08217155
5414.6500 2.0906676
5414.7000 2.08644531
5414.7500 2.08222303
5414.8000 2.07800074
5414.8500 2.07244778
5414.9000 2.06115948
5414.9500 2.04987118
5415.0000 2.03858289
5415.0500 2.03261294
5415.1000 2.055474
5415.1500 2.07833506
5415.2000 2.10119612
5415.2500 2.11643584
5415.3000 2.07819013
5415.3500 2.03994442
5415.4000 2.00169872
5415.4500 1.96750672
5415.5000 1.9718092
5415.5500 1.97611167
5415.6000 1.98041415
5415.6500 1.9849344
5415.7000 1.99246829
5415.7500 2.00000218
5415.8000 2.00753607
5415.8500 2.01509821
5415.9000 2.02331951
5415.9500 2.03154082
5416.0000 2.03976212
5416.0500 2.0476809
5416.1000 2.03738757
5416.1500 2.02709424
5416.2000 2.0168009
5416.2500 2.00650757
5416.3000 2.0012159
5416.3500 1.99595864
5416.4000 1.99070137
5416.4500 1.98544411
5416.5000 1.99810481
5416.5500 2.01128992
5416.6000 2.02447503
5416.6500 2.03766014
5416.7000 2.04284143
5416.7500 2.04761503
5416.8000 2.05238864
5416.8500 2.05716225
5416.9000 2.06759811
5416.9500 2.07844011
5417.0000 2.08928211
5417.0500 2.10012411
5417.1000 2.07597373
5417.1500 2.04862214
5417.2000 2.02127054
5417.2500 1.99391895
5417.3000 1.99186463
5417.3500 1.99259404
5417.4000 1.99332345
5417.4500 1.99405286
5417.5000 2.00603443
5417.5500 2.01944771
5417.6000 2.03286099
5417.6500 2.04627428
5417.7000 2.03930415
5417.7500 2.02942083
5417.8000 2.01953752
5417.8500 2.00965421
5417.9000 2.01077345
5417.9500 2.01361935
5418.0000 2.01646524
5418.0500 2.01931114
5418.1000 2.03374417
5418.1500 2.05013702
5418.2000 2.06652987
5418.2500 2.08292272
5418.3000 2.06464346
5418.3500 2.04014371
5418.4000 2.01564397
5418.4500 1.99114422
5418.5000 1.99633452
5418.5500 2.00709578
5418.6000 2.01785703
5418.6500 2.02861829
5418.7000 2.01018392
5418.7500 1.98609345
5418.8000 1.96200298
5418.8500 1.9379125
5418.9000 1.93970534
5418.9500 1.94661333
5419.0000 1.95352132
5419.0500 1.96042931
5419.1000 1.97288245
5419.1500 1.98644059
5419.2000 1.99999872
5419.2500 2.01355685
5419.3000 1.9979469
5419.3500 1.97654268
5419.4000 1.95513845
5419.4500 1.93373422
5419.5000 1.92522564
5419.5500 1.91924168
5419.6000 1.91325772
5419.6500 1.90727376
5419.7000 1.92139412
5419.7500 1.93934773
5419.8000 1.95730134
5419.8500 1.97525495
5419.9000 1.97741418
5419.9500 1.97667685
5420.0000 1.97593952
5420.0500 1.9752022
5420.1000 1.9763048
5420.1500 1.9777276
5420.2000 1.97915039
5420.2500 1.98057319
5420.3000 1.97253554
5420.3500 1.96295901
5420.4000 1.95338247
5420.4500 1.94380594
5420.5000 1.94341439
5420.5500 1.94439536
5420.6000 1.94537634
5420.6500 1.94635731
5420.7000 1.94456647
5420.7500 1.94240294
5420.8000 1.9402394
5420.8500 1.93807587
5420.9000 1.93891627
5420.9500 1.94011081
5421.0000 1.94130536
5421.0500 1.9424999
5421.1000 1.94728794
5421.1500 1.95243492
5421.2000 1.95758191
5421.2500 1.96272889
5421.3000 1.95968267
5421.3500 1.95597606
5421.4000 1.95226944
5421.4500 1.94856282
5421.5000 1.94219439
5421.5500 1.93566572
5421.6000 1.92913704
5421.6500 1.92260837
5421.7000 1.92025427
5421.7500 1.91806234
5421.8000 1.91587041
5421.8500 1.91367848
5421.9000 1.93377788
5421.9500 1.95424941
5422.0000 1.97472094
5422.0500 1.99514556
5422.1000 2.00797206
5422.1500 2.02079856
5422.2000 2.03362506
5422.2500 2.04533014
5422.3000 2.0211189
5422.3500 1.99690766
5422.4000 1.97269642
5422.4500 1.94968863
5422.5000 1.94696617
5422.5500 1.94424371
5422.6000 1.94152126
5422.6500 1.93799775
5422.7000 1.92566042
5422.7500 1.91332309
5422.8000 1.90098576
5422.8500 1.88987955
5422.9000 1.88851391
5422.9500 1.88714827
5423.0000 1.88578263
5423.0500 1.88810495
5423.1000 1.91258516
5423.1500 1.93706536
5423.2000 1.96154556
5423.2500 1.9815004
5423.3000 1.98008572
5423.3500 1.97867105
5423.4000 1.97725638
5423.4500 1.9716923
5423.5000 1.95036821
5423.5500 1.92904412
5423.6000 1.90772003
5423.6500 1.89039473
5423.7000 1.88548221
5423.7500 1.88056969
5423.8000 1.87565717
5423.8500 1.87889572
5423.9000 1.90304365
5423.9500 1.92719159
5424.0000 1.95133952
5424.0500 1.9677832
5424.1000 1.9677727
5424.1500 1.9677622
5424.2000 1.96775169
5424.2500 1.96245844
5424.3000 1.94772918
5424.3500 1.93299993
5424.4000 1.91827067
5424.4500 1.91812329
5424.5000 1.93980242
5424.5500 1.96148155
5424.6000 1.98316068
5424.6500 1.98549675
5424.7000 1.96358052
5424.7500 1.9416643
5424.8000 1.91974807
5424.8500 1.91171905
5424.9000 1.91823272
5424.9500 1.9247464
5425.0000 1.93126007
5425.0500 1.93518553
5425.1000 1.93685998
5425.1500 1.93853443
5425.2000 1.94020888
5425.2500 1.93933454
5425.3000 1.93663562
5425.3500 1.93393671
5425.4000 1.93123779
5425.4500 1.93114041
5425.5000 1.93255559
5425.5500 1.93397076
5425.6000 1.93538594
5425.6500 1.9245323
5425.7000 1.90799721
5425.7500 1.89146212
5425.8000 1.87492703
5425.8500 1.87310503
5425.9000 1.87655445
5425.9500 1.88000388
5426.0000 1.88345331
5426.0500 1.88804785
5426.1000 1.89294578
5426.1500 1.89784371
5426.2000 1.90274163
5426.2500 1.90286824
5426.3000 1.90212947
5426.3500 1.9013907
5426.4000 1.90065193
5426.4500 1.89184007
5426.5000 1.88217079
5426.5500 1.8725015
5426.6000 1.86283222
5426.6500 1.86207061
5426.7000 1.86165031
5426.7500 1.86123
5426.8000 1.86089751
5426.8500 1.8641664
5426.9000 1.86743529
5426.9500 1.87070419
5427.0000 1.874458
5427.0500 1.88335864
5427.1000 1.89225929
5427.1500 1.90115993
5427.2000 1.90766363
5427.2500 1.90058475
5427.3000 1.89350587
5427.3500 1.88642699
5427.4000 1.88813458
5427.4500 1.92182944
5427.5000 1.9555243
5427.5500 1.98921916
5427.6000 2.00509119
5427.6500 1.9757149
5427.7000 1.94633861
5427.7500 1.91696233
5427.8000 1.89742923
5427.8500 1.89607465
5427.9000 1.89472007
5427.9500 1.8933655
5428.0000 1.8942782
5428.0500 1.898302
5428.1000 1.9023258
5428.1500 1.90634959
5428.2000 1.90548349
5428.2500 1.89959741
5428.3000 1.89371134
5428.3500 1.88782527
5428.4000 1.87925578
5428.4500 1.86863638
5428.5000 1.85801699
5428.5500 1.84739759
5428.6000 1.862723
5428.6500 1.89251601
5428.7000 1.92230903
5428.7500 1.95210205
5428.8000 1.95108688
5428.8500 1.93801227
5428.9000 1.92493765
5428.9500 1.91186304
5429.0000 1.92479955
5429.0500 1.94436275
5429.1000 1.96392596
5429.1500 1.98348916
5429.2000 1.97703038
5429.2500 1.96691674
5429.3000 1.9568031
5429.3500 1.94668946
5429.4000 1.94544649
5429.4500 1.94458926
5429.5000 1.94373204
5429.5500 1.94294138
5429.6000 1.9436916
5429.6500 1.94444182
5429.7000 1.94519204
5429.7500 1.9452835
5429.8000 1.94080955
5429.8500 1.9363356
5429.9000 1.93186165
5429.9500 1.92716852
5430.0000 1.92166259
5430.0500 1.91615666
5430.1000 1.91065072
5430.1500 1.90533053
5430.2000 1.90044315
5430.2500 1.89555577
5430.3000 1.89066839
5430.3500 1.88771898
5430.4000 1.88780358
5430.4500 1.88788819
5430.5000 1.8879728
5430.5500 1.89383954
5430.6000 1.9059483
5430.6500 1.91805705
5430.7000 1.93016581
5430.7500 1.92428372
5430.8000 1.90502661
5430.8500 1.88576949
5430.9000 1.86651238
5430.9500 1.87145604
5431.0000 1.88843359
5431.0500 1.90541114
5431.1000 1.92238869
5431.1500 1.90773061
5431.2000 1.88328969
5431.2500 1.85884876
5431.3000 1.83440784
5431.3500 1.84706123
5431.4000 1.86568685
5431.4500 1.88431247
5431.5000 1.90293809
5431.5500 1.91652285
5431.6000 1.92990006
5431.6500 1.94327726
5431.7000 1.95546892
5431.7500 1.94947028
5431.8000 1.94347164
5431.8500 1.937473
5431.9000 1.92842707
5431.9500 1.90379381
5432.0000 1.87916055
5432.0500 1.85452729
5432.1000 1.83320754
5432.1500 1.82096228
5432.2000 1.80871703
5432.2500 1.79647178
5432.3000 1.79588038
5432.3500 1.81487583
5432.4000 1.83387128
5432.4500 1.85286674
5432.5000 1.86430694
5432.5500 1.86756887
5432.6000 1.8708308
5432.6500 1.87409273
5432.7000 1.86673714
5432.7500 1.85197199
5432.8000 1.83720683
5432.8500 1.82244168
5432.9000 1.83555745
5432.9500 1.86065858
5433.0000 1.88575971
5433.0500 1.91086083
5433.1000 1.90355936
5433.1500 1.88872414
5433.2000 1.87388893
5433.2500 1.85905372
5433.3000 1.845109
5433.3500 1.83123651
5433.4000 1.81736402
5433.4500 0
5433.5000 0
5433.5500 0
5433.6000 0
