6135.0500 2.55683407
6135.1000 2.56708927
6135.1500 2.57734448
6135.2000 2.58759969
6135.2500 2.59785489
6135.3000 2.6081101
6135.3500 2.60397477
6135.4000 2.58369785
6135.4500 2.56342094
6135.5000 2.54314403
6135.5500 2.52286711
6135.6000 2.5025902
6135.6500 2.49814859
6135.7000 2.50281671
6135.7500 2.50748484
6135.8000 2.51215297
6135.8500 2.51682109
6135.9000 2.52148922
6135.9500 2.52748378
6136.0000 2.53381021
6136.0500 2.54013665
6136.1000 2.54646308
6136.1500 2.55278951
6136.2000 2.55911595
6136.2500 2.57096003
6136.3000 2.58299524
6136.3500 2.59503045
6136.4000 2.60706566
6136.4500 2.61910088
6136.5000 2.62862107
6136.5500 2.62199213
6136.6000 2.61536319
6136.6500 2.60873425
6136.7000 2.60210531
6136.7500 2.59547637
6136.8000 2.590095
6136.8500 2.5875623
6136.9000 2.58502959
6136.9500 2.58249689
6137.0000 2.57996419
6137.0500 2.57743148
6137.1000 2.58272988
6137.1500 2.59665041
6137.2000 2.61057094
6137.2500 2.62449147
6137.3000 2.638412
6137.3500 2.65233253
6137.4000 2.64591382
6137.4500 2.62849214
6137.5000 2.61107045
6137.5500 2.59364877
6137.6000 2.57622708
6137.6500 2.5588054
6137.7000 2.55838634
6137.7500 2.56161135
6137.8000 2.56483636
6137.8500 2.56806137
6137.9000 2.57128638
6137.9500 2.57451139
6138.0000 2.55716111
6138.0500 2.53980364
6138.1000 2.52244617
6138.1500 2.50508871
6138.2000 2.48773124
6138.2500 2.47516136
6138.3000 2.48479426
6138.3500 2.49442715
6138.4000 2.50406005
6138.4500 2.51369294
6138.5000 2.52332584
6138.5500 2.52875226
6138.6000 2.52659228
6138.6500 2.5244323
6138.7000 2.52227232
6138.7500 2.52011234
6138.8000 2.51795236
6138.8500 2.51228163
6138.9000 2.5035912
6138.9500 2.49490077
6139.0000 2.48621033
6139.0500 2.4775199
6139.1000 2.46882946
6139.1500 2.46299426
6139.2000 2.458269
6139.2500 2.45354373
6139.3000 2.44881847
6139.3500 2.4440932
6139.4000 2.43936794
6139.4500 2.43512847
6139.5000 2.4309405
6139.5500 2.42675253
6139.6000 2.42256456
6139.6500 2.41837659
6139.7000 2.41635233
6139.7500 2.43625903
6139.8000 2.45616572
6139.8500 2.47607242
6139.9000 2.49597912
6139.9500 2.51588582
6140.0000 2.52867505
6140.0500 2.52289051
6140.1000 2.51710597
6140.1500 2.51132143
6140.2000 2.50553688
6140.2500 2.49975234
6140.3000 2.49065035
6140.3500 2.47774469
6140.4000 2.46483904
6140.4500 2.45193339
6140.5000 2.43902774
6140.5500 2.42612209
6140.6000 2.42413257
6140.6500 2.42786048
6140.7000 2.4315884
6140.7500 2.43531632
6140.8000 2.43904424
6140.8500 2.44277215
6140.9000 2.45016614
6140.9500 2.45821591
6141.0000 2.46626567
6141.0500 2.47431543
6141.1000 2.4823652
6141.1500 2.48990095
6141.2000 2.48566748
6141.2500 2.48143402
6141.3000 2.47720055
6141.3500 2.47296708
6141.4000 2.46873362
6141.4500 2.46868281
6141.5000 2.48209673
6141.5500 2.49551065
6141.6000 2.50892457
6141.6500 2.52233849
6141.7000 2.5357524
6141.7500 2.5380423
6141.8000 2.525811
6141.8500 2.5135797
6141.9000 2.5013484
6141.9500 2.4891171
6142.0000 2.4768858
6142.0500 2.47439688
6142.1000 2.47757817
6142.1500 2.48075947
6142.2000 2.48394076
6142.2500 2.48712205
6142.3000 2.49030335
6142.3500 2.4739149
6142.4000 2.45357576
6142.4500 2.43323663
6142.5000 2.41289749
6142.5500 2.39255835
6142.6000 2.37314906
6142.6500 2.38052969
6142.7000 2.38791032
6142.7500 2.39529095
6142.8000 2.40267158
6142.8500 2.41005221
6142.9000 2.41446092
6142.9500 2.40928301
6143.0000 2.40410509
6143.0500 2.39892717
6143.1000 2.39374926
6143.1500 2.38857134
6143.2000 2.38747078
6143.2500 2.39153162
6143.3000 2.39559245
6143.3500 2.39965329
6143.4000 2.40371412
6143.4500 2.40777496
6143.5000 2.40677749
6143.5500 2.40302757
6143.6000 2.39927764
6143.6500 2.39552772
6143.7000 2.3917778
6143.7500 2.38802787
6143.8000 2.40169098
6143.8500 2.41829599
6143.9000 2.434901
6143.9500 2.45150601
6144.0000 2.46811102
6144.0500 2.48277855
6144.1000 2.46953965
6144.1500 2.45630075
6144.2000 2.44306186
6144.2500 2.42982296
6144.3000 2.41658406
6144.3500 2.40897087
6144.4000 2.41611799
6144.4500 2.4232651
6144.5000 2.43041222
6144.5500 2.43755934
6144.6000 2.44470645
6144.6500 2.4452599
6144.7000 2.43891161
6144.7500 2.43256332
6144.8000 2.42621502
6144.8500 2.41986673
6144.9000 2.41351844
6144.9500 2.41260879
6145.0000 2.41399902
6145.0500 2.41538925
6145.1000 2.41677948
6145.1500 2.41816971
6145.2000 2.41955994
6145.2500 2.41507784
6145.3000 2.41007542
6145.3500 2.40507299
6145.4000 2.40007057
6145.4500 2.39506814
6145.5000 2.3890178
6145.5500 2.37631
6145.6000 2.3636022
6145.6500 2.3508944
6145.7000 2.3381866
6145.7500 2.32547879
6145.8000 2.32128325
6145.8500 2.33255493
6145.9000 2.34382661
6145.9500 2.35509829
6146.0000 2.36636996
6146.0500 2.37764164
6146.1000 2.38353526
6146.1500 2.38546278
6146.2000 2.38739029
6146.2500 2.3893178
6146.3000 2.39124531
6146.3500 2.39317282
6146.4000 2.38452583
6146.4500 2.37319733
6146.5000 2.36186882
6146.5500 2.35054032
6146.6000 2.33921182
6146.6500 2.32812324
6146.7000 2.32797264
6146.7500 2.32782204
6146.8000 2.32767144
6146.8500 2.32752084
6146.9000 2.32737023
6146.9500 2.32950265
6147.0000 2.33860235
6147.0500 2.34770205
6147.1000 2.35680175
6147.1500 2.36590145
6147.2000 2.37500115
6147.2500 2.37179706
6147.3000 2.35492488
6147.3500 2.33805271
6147.4000 2.32118053
6147.4500 2.30430836
6147.5000 2.28743618
6147.5500 2.28981238
6147.6000 2.30034951
6147.6500 2.31088665
6147.7000 2.32142379
6147.7500 2.33196093
6147.8000 2.34249807
6147.8500 2.33406245
6147.9000 2.32425058
6147.9500 2.31443871
6148.0000 2.30462684
6148.0500 2.29481497
6148.1000 2.28808279
6148.1500 2.29704146
6148.2000 2.30600014
6148.2500 2.31495881
6148.3000 2.32391749
6148.3500 2.33287616
6148.4000 2.3464038
6148.4500 2.36686068
6148.5000 2.38731756
6148.5500 2.40777444
6148.6000 2.42823132
6148.6500 2.4486882
6148.7000 2.45319521
6148.7500 2.44842484
6148.8000 2.44365447
6148.8500 2.4388841
6148.9000 2.43411373
6148.9500 2.42934337
6149.0000 2.41081235
6149.0500 2.39020189
6149.1000 2.36959144
6149.1500 2.34898098
6149.2000 2.32837053
6149.2500 2.30959852
6149.3000 2.30620353
6149.3500 2.30280854
6149.4000 2.29941355
6149.4500 2.29601856
6149.5000 2.29262358
6149.5500 2.29457334
6149.6000 2.30660561
6149.6500 2.31863787
6149.7000 2.33067013
6149.7500 2.34270239
6149.8000 2.35473465
6149.8500 2.36351703
6149.9000 2.37001945
6149.9500 2.37652187
6150.0000 2.38302429
6150.0500 2.38952671
6150.1000 2.39602913
6150.1500 2.38307006
6150.2000 2.36614022
6150.2500 2.34921038
6150.3000 2.33228054
6150.3500 2.3153507
6150.4000 2.3006913
6150.4500 2.31404306
6150.5000 2.32739482
6150.5500 2.34074658
6150.6000 2.35409833
6150.6500 2.36745009
6150.7000 2.37499648
6150.7500 2.37026327
6150.8000 2.36553006
6150.8500 2.36079685
6150.9000 2.35606365
6150.9500 2.35133044
6151.0000 2.34556269
6151.0500 2.33901013
6151.1000 2.33245756
6151.1500 2.32590499
6151.2000 2.31935243
6151.2500 2.31279986
6151.3000 2.31418088
6151.3500 2.31732898
6151.4000 2.32047709
6151.4500 2.3236252
6151.5000 2.3267733
6151.5500 2.32812445
6151.6000 2.30509508
6151.6500 2.2820657
6151.7000 2.25903632
6151.7500 2.23600694
6151.8000 2.21297756
6151.8500 2.19935652
6151.9000 2.20563253
6151.9500 2.21190855
6152.0000 2.21818456
6152.0500 2.22446057
6152.1000 2.23073658
6152.1500 2.24288746
6152.2000 2.25937995
6152.2500 2.27587245
6152.3000 2.29236495
6152.3500 2.30885744
6152.4000 2.32534994
6152.4500 2.32037681
6152.5000 2.31102656
6152.5500 2.30167632
6152.6000 2.29232607
6152.6500 2.28297582
6152.7000 2.27317307
6152.7500 2.25866928
6152.8000 2.24416549
6152.8500 2.22966171
6152.9000 2.21515792
6152.9500 2.20065413
6153.0000 2.18876359
6153.0500 2.1817999
6153.1000 2.1748362
6153.1500 2.1678725
6153.2000 2.1609088
6153.2500 2.15394511
6153.3000 2.16329306
6153.3500 2.18320417
6153.4000 2.20311528
6153.4500 2.22302639
6153.5000 2.2429375
6153.5500 2.2628486
6153.6000 2.27139184
6153.6500 2.27822009
6153.7000 2.28504834
6153.7500 2.29187659
6153.8000 2.29870483
6153.8500 2.30318935
6153.9000 2.29232523
6153.9500 2.28146111
6154.0000 2.270597
6154.0500 2.25973288
6154.1000 2.24886877
6154.1500 2.24963899
6154.2000 2.26803446
6154.2500 2.28642992
6154.3000 2.30482538
6154.3500 2.32322085
6154.4000 2.34161631
6154.4500 2.33296111
6154.5000 2.3106405
6154.5500 2.28831989
6154.6000 2.26599929
6154.6500 2.24367868
6154.7000 2.22135808
6154.7500 2.22681981
6154.8000 2.23428567
6154.8500 2.24175153
6154.9000 2.24921738
6154.9500 2.25668324
6155.0000 2.26179718
6155.0500 2.25765759
6155.1000 2.253518
6155.1500 2.24937842
6155.2000 2.24523883
6155.2500 2.24109924
6155.3000 2.23661211
6155.3500 2.23173961
6155.4000 2.22686711
6155.4500 2.22199461
6155.5000 2.21712211
6155.5500 2.21224961
6155.6000 2.21239551
6155.6500 2.21423821
6155.7000 2.2160809
6155.7500 2.21792359
6155.8000 2.21976628
6155.8500 2.22171159
6155.9000 2.2282087
6155.9500 2.2347058
6156.0000 2.24120291
6156.0500 2.24770001
6156.1000 2.25419712
6156.1500 2.2635159
6156.2000 2.2794699
6156.2500 2.29542389
6156.3000 2.31137789
6156.3500 2.32733189
6156.4000 2.34328589
6156.4500 2.33294133
6156.5000 2.30326123
6156.5500 2.27358113
6156.6000 2.24390103
6156.6500 2.21422093
6156.7000 2.18454083
6156.7500 2.18086054
6156.8000 2.18156087
6156.8500 2.18226119
6156.9000 2.18296151
6156.9500 2.18366184
6157.0000 2.18683426
6157.0500 2.20558944
6157.1000 2.22434462
6157.1500 2.24309981
6157.2000 2.26185499
6157.2500 2.28061017
6157.3000 2.28470882
6157.3500 2.26853686
6157.4000 2.2523649
6157.4500 2.23619294
6157.5000 2.22002099
6157.5500 2.20384903
6157.6000 2.20229027
6157.6500 2.20687748
6157.7000 2.21146469
6157.7500 2.21605191
6157.8000 2.22063912
6157.8500 2.22522633
6157.9000 2.22377197
6157.9500 2.22225562
6158.0000 2.22073928
6158.0500 2.21922293
6158.1000 2.21770659
6158.1500 2.2193844
6158.2000 2.22938487
6158.2500 2.23938534
6158.3000 2.24938582
6158.3500 2.25938629
6158.4000 2.26938676
6158.4500 2.26255064
6158.5000 2.24282801
6158.5500 2.22310539
6158.6000 2.20338276
6158.6500 2.18366014
6158.7000 2.16393752
6158.7500 2.16964852
6158.8000 2.17959832
6158.8500 2.18954811
6158.9000 2.19949791
6158.9500 2.20944771
6159.0000 2.21838468
6159.0500 2.22155721
6159.1000 2.22472974
6159.1500 2.22790226
6159.2000 2.23107479
6159.2500 2.23424732
6159.3000 2.23677012
6159.3500 2.23847713
6159.4000 2.24018413
6159.4500 2.24189114
6159.5000 2.24359814
6159.5500 2.24530514
6159.6000 2.24856694
6159.6500 2.25237833
6159.7000 2.25618973
6159.7500 2.26000112
6159.8000 2.26381251
6159.8500 2.26703109
6159.9000 2.25434218
6159.9500 2.24165327
6160.0000 2.22896436
6160.0500 2.21627545
6160.1000 2.20358654
6160.1500 2.19647364
6160.2000 2.20044845
6160.2500 2.20442325
6160.3000 2.20839806
6160.3500 2.21237287
6160.4000 2.21634767
6160.4500 2.22008623
6160.5000 2.22368894
6160.5500 2.22729166
6160.6000 2.23089437
6160.6500 2.23449708
6160.7000 2.23809979
6160.7500 2.23929728
6160.8000 2.24033251
6160.8500 2.24136774
6160.9000 2.24240297
6160.9500 2.2434382
6161.0000 2.24324141
6161.0500 2.2391495
6161.1000 2.2350576
6161.1500 2.23096569
6161.2000 2.22687378
6161.2500 2.22278187
6161.3000 2.22161458
6161.3500 2.22288516
6161.4000 2.22415574
6161.4500 2.22542632
6161.5000 2.2266969
6161.5500 2.22796748
6161.6000 2.21792496
6161.6500 2.20591842
6161.7000 2.19391188
6161.7500 2.18190534
6161.8000 2.16989879
6161.8500 2.15871878
6161.9000 2.15186625
6161.9500 2.14501373
6162.0000 2.13816121
6162.0500 2.13130869
6162.1000 2.12445616
6162.1500 2.12256293
6162.2000 2.12625632
6162.2500 2.12994972
6162.3000 2.13364312
6162.3500 2.13733652
6162.4000 2.14102991
6162.4500 2.14376793
6162.5000 2.14623922
6162.5500 2.14871051
6162.6000 2.1511818
6162.6500 2.15365309
6162.7000 2.15768869
6162.7500 2.17665395
6162.8000 2.19561921
6162.8500 2.21458446
6162.9000 2.23354972
6162.9500 2.25251498
6163.0000 2.26049707
6163.0500 2.25264373
6163.1000 2.24479039
6163.1500 2.23693705
6163.2000 2.22908371
6163.2500 2.22123037
6163.3000 2.22039381
6163.3500 2.2222077
6163.4000 2.2240216
6163.4500 2.22583549
6163.5000 2.22764939
6163.5500 2.22902615
6163.6000 2.22084317
6163.6500 2.21266019
6163.7000 2.20447721
6163.7500 2.19629423
6163.8000 2.18811126
6163.8500 2.18225865
6163.9000 2.18049143
6163.9500 2.17872421
6164.0000 2.17695699
6164.0500 2.17518977
6164.1000 2.17342256
6164.1500 2.16695
6164.2000 2.15830692
6164.2500 2.14966384
6164.3000 2.14102076
6164.3500 2.13237768
6164.4000 2.12381423
6164.4500 2.12650105
6164.5000 2.12918786
6164.5500 2.13187468
6164.6000 2.1345615
6164.6500 2.13724832
6164.7000 2.14091862
6164.7500 2.14657371
6164.8000 2.1522288
6164.8500 2.15788389
6164.9000 2.16353898
6164.9500 2.16919407
6165.0000 2.17016724
6165.0500 2.16869874
6165.1000 2.16723023
6165.1500 2.16576172
6165.2000 2.16429321
6165.2500 2.1628247
6165.3000 2.15675523
6165.3500 2.15061451
6165.4000 2.14447378
6165.4500 2.13833306
6165.5000 2.13219233
6165.5500 2.12899301
6165.6000 2.13222389
6165.6500 2.13545478
6165.7000 2.13868566
6165.7500 2.14191655
6165.8000 2.14514744
6165.8500 2.14454264
6165.9000 2.14182283
6165.9500 2.13910303
6166.0000 2.13638322
6166.0500 2.13366342
6166.1000 2.13094361
6166.1500 2.12407081
6166.2000 2.1170998
6166.2500 2.11012878
6166.3000 2.10315777
6166.3500 2.09618675
6166.4000 2.09085238
6166.4500 2.08914697
6166.5000 2.08744157
6166.5500 2.08573616
6166.6000 2.08403075
6166.6500 2.08232534
6166.7000 2.09460419
6166.7500 2.11453469
6166.8000 2.13446519
6166.8500 2.15439569
6166.9000 2.17432619
6166.9500 2.19425669
6167.0000 2.18100083
6167.0500 2.16718733
6167.1000 2.15337383
6167.1500 2.13956034
6167.2000 2.12574684
6167.2500 2.11749163
6167.3000 2.12092874
6167.3500 2.12436585
6167.4000 2.12780296
6167.4500 2.13124008
6167.5000 2.13467719
6167.5500 2.13776384
6167.6000 2.14067201
6167.6500 2.14358017
6167.7000 2.14648833
6167.7500 2.1493965
6167.8000 2.15225404
6167.8500 2.14388617
6167.9000 2.13551829
6167.9500 2.12715041
6168.0000 2.11878253
6168.0500 2.11041466
6168.1000 2.10798847
6168.1500 2.11669265
6168.2000 2.12539684
6168.2500 2.13410102
6168.3000 2.14280521
6168.3500 2.15150939
6168.4000 2.15204105
6168.4500 2.14895547
6168.5000 2.14586989
6168.5500 2.14278431
6168.6000 2.13969873
6168.6500 2.13644653
6168.7000 2.12918968
6168.7500 2.12193284
6168.8000 2.11467599
6168.8500 2.10741915
6168.9000 2.1001623
6168.9500 2.09585373
6169.0000 2.09618952
6169.0500 2.0965253
6169.1000 2.09686109
6169.1500 2.09719688
6169.2000 2.09753267
6169.2500 2.10058189
6169.3000 2.10459305
6169.3500 2.10860422
6169.4000 2.11261538
6169.4500 2.11662655
6169.5000 2.12087589
6169.5500 2.12753804
6169.6000 2.13420019
6169.6500 2.14086234
6169.7000 2.14752449
6169.7500 2.15418664
6169.8000 2.15876197
6169.8500 2.16071373
6169.9000 2.1626655
6169.9500 2.16461726
6170.0000 2.16656903
6170.0500 2.16852079
6170.1000 2.16733902
6170.1500 2.16536312
6170.2000 2.16338722
6170.2500 2.16141133
6170.3000 2.15943543
6170.3500 2.1557734
6170.4000 2.142863
6170.4500 2.12995259
6170.5000 2.11704218
6170.5500 2.10413178
6170.6000 2.09122137
6170.6500 2.09186815
6170.7000 2.10542628
6170.7500 2.11898441
6170.8000 2.13254255
6170.8500 2.14610068
6170.9000 2.15965881
6170.9500 2.1562044
6171.0000 2.15024834
6171.0500 2.14429229
6171.1000 2.13833624
6171.1500 2.13238019
6171.2000 2.12731121
6171.2500 2.1251621
6171.3000 2.12301299
6171.3500 2.12086387
6171.4000 2.11871476
6171.4500 2.11656565
6171.5000 2.11910119
6171.5500 2.12481444
6171.6000 2.13052769
6171.6500 2.13624094
6171.7000 2.14195419
6171.7500 2.14766744
6171.8000 2.13715996
6171.8500 2.12598115
6171.9000 2.11480235
6171.9500 2.10362355
6172.0000 2.09244475
6172.0500 2.09232446
6172.1000 2.11503725
6172.1500 2.13775004
6172.2000 2.16046283
6172.2500 2.18317562
6172.3000 2.20588841
6172.3500 2.21277723
6172.4000 2.21268665
6172.4500 2.21259607
6172.5000 2.21250548
6172.5500 2.2124149
6172.6000 2.21099944
6172.6500 2.18993862
6172.7000 2.1688778
6172.7500 2.14781698
6172.8000 2.12675615
6172.8500 2.10569533
6172.9000 2.10147527
6172.9500 2.11921496
6173.0000 2.13695464
6173.0500 2.15469432
6173.1000 2.17243401
6173.1500 2.19017369
6173.2000 2.18765634
6173.2500 2.18027877
6173.3000 2.17290119
6173.3500 2.16552362
6173.4000 2.15814604
6173.4500 2.14963484
6173.5000 2.13597923
6173.5500 2.12232363
6173.6000 2.10866803
6173.6500 2.09501242
6173.7000 2.08135682
6173.7500 2.0767314
6173.8000 2.07930976
6173.8500 2.08188813
6173.9000 2.08446649
6173.9500 2.08704486
6174.0000 2.08962322
6174.0500 2.08927889
6174.1000 2.08872649
6174.1500 2.08817409
6174.2000 2.08762169
6174.2500 2.08706929
6174.3000 2.08862085
6174.3500 2.09480241
6174.4000 2.10098398
6174.4500 2.10716554
6174.5000 2.1133471
6174.5500 2.11952866
6174.6000 2.12476463
6174.6500 2.12958159
6174.7000 2.13439854
6174.7500 2.1392155
6174.8000 2.14403246
6174.8500 2.14846784
6174.9000 2.14820147
6174.9500 2.1479351
6175.0000 2.14766873
6175.0500 2.14740236
6175.1000 2.147136
6175.1500 2.14498335
6175.2000 2.14060559
6175.2500 2.13622783
6175.3000 2.13185006
6175.3500 2.1274723
6175.4000 2.12309454
6175.4500 2.11661202
6175.5000 2.10974085
6175.5500 2.10286968
6175.6000 2.09599851
6175.6500 2.08912734
6175.7000 2.08544799
6175.7500 2.09238974
6175.8000 2.09933148
6175.8500 2.10627323
6175.9000 2.11321497
6175.9500 2.12015672
6176.0000 2.12365099
6176.0500 2.125029
6176.1000 2.126407
6176.1500 2.12778501
6176.2000 2.12916301
6176.2500 2.13046166
6176.3000 2.12374065
6176.3500 2.11701964
6176.4000 2.11029863
6176.4500 2.10357762
6176.5000 2.09685662
6176.5500 2.09220459
6176.6000 2.09063574
6176.6500 2.0890669
6176.7000 2.08749805
6176.7500 2.0859292
6176.8000 2.08436035
6176.8500 2.08462839
6176.9000 2.0853702
6176.9500 2.086112
6177.0000 2.08685381
6177.0500 2.08759562
6177.1000 2.08818774
6177.1500 2.08814156
6177.2000 2.08809538
6177.2500 2.0880492
6177.3000 2.08800302
6177.3500 2.08795684
6177.4000 2.08899652
6177.4500 2.09080152
6177.5000 2.09260653
6177.5500 2.09441153
6177.6000 2.09621654
6177.6500 2.09802154
6177.7000 2.10315262
6177.7500 2.10833504
6177.8000 2.11351747
6177.8500 2.1186999
6177.9000 2.12388232
6177.9500 2.12310387
6178.0000 2.11278854
6178.0500 2.1024732
6178.1000 2.09215787
6178.1500 2.08184254
6178.2000 2.07152721
6178.2500 2.07398561
6178.3000 2.07992034
6178.3500 2.08585507
6178.4000 2.09178979
6178.4500 2.09772452
6178.5000 2.10305298
6178.5500 2.1057822
6178.6000 2.10851141
6178.6500 2.11124062
6178.7000 2.11396984
6178.7500 2.11669905
6178.8000 2.11295672
6178.8500 2.10478738
6178.9000 2.09661805
6178.9500 2.08844872
6179.0000 2.08027938
6179.0500 2.07211041
6179.1000 2.06844376
6179.1500 2.06477711
6179.2000 2.06111045
6179.2500 2.0574438
6179.3000 2.05377715
6179.3500 2.05732544
6179.4000 2.07134363
6179.4500 2.08536182
6179.5000 2.09938001
6179.5500 2.1133982
6179.6000 2.12741639
6179.6500 2.11784456
6179.7000 2.10300575
6179.7500 2.08816694
6179.8000 2.07332813
6179.8500 2.05848932
6179.9000 2.04804174
6179.9500 2.05241228
6180.0000 2.05678282
6180.0500 2.06115335
6180.1000 2.06552389
6180.1500 2.06989443
6180.2000 2.07966474
6180.2500 2.09245492
6180.3000 2.1052451
6180.3500 2.11803527
6180.4000 2.13082545
6180.4500 2.14206652
6180.5000 2.1270334
6180.5500 2.11200029
6180.6000 2.09696717
6180.6500 2.08193406
6180.7000 2.06690094
6180.7500 2.06191495
6180.8000 2.06818455
6180.8500 2.07445415
6180.9000 2.08072374
6180.9500 2.08699334
6181.0000 2.09326294
6181.0500 2.09499007
6181.1000 2.09615123
6181.1500 2.09731239
6181.2000 2.09847356
6181.2500 2.09963472
6181.3000 2.09917774
6181.3500 2.09509192
6181.4000 2.0910061
6181.4500 2.08692028
6181.5000 2.08283446
6181.5500 2.07874863
6181.6000 2.0746241
6181.6500 2.07048518
6181.7000 2.06634626
6181.7500 2.06220734
6181.8000 2.05806842
6181.8500 2.05426614
6181.9000 2.0523476
6181.9500 2.05042907
6182.0000 2.04851053
6182.0500 2.046592
6182.1000 2.04467346
6182.1500 2.0443927
6182.2000 2.04531931
6182.2500 2.04624592
6182.3000 2.04717253
6182.3500 2.04809913
6182.4000 2.0490284
6182.4500 2.05202816
6182.5000 2.05502793
6182.5500 2.05802769
6182.6000 2.06102745
6182.6500 2.06402721
6182.7000 2.06461862
6182.7500 2.06199851
6182.8000 2.0593784
6182.8500 2.05675828
6182.9000 2.05413817
6182.9500 2.05151806
6183.0000 2.05840779
6183.0500 2.06687895
6183.1000 2.07535012
6183.1500 2.08382129
6183.2000 2.09229245
6183.2500 2.09478519
6183.3000 2.08249108
6183.3500 2.07019697
6183.4000 2.05790286
6183.4500 2.04560875
6183.5000 2.03331464
6183.5500 2.03681434
6183.6000 2.04645578
6183.6500 2.05609722
6183.7000 2.06573866
6183.7500 2.0753801
6183.8000 2.08307518
6183.8500 2.08005566
6183.9000 2.07703614
6183.9500 2.07401662
6184.0000 2.0709971
6184.0500 2.06797758
6184.1000 2.0618617
6184.1500 2.05358579
6184.2000 2.04530987
6184.2500 2.03703396
6184.3000 2.02875804
6184.3500 2.02085738
6184.4000 2.02700463
6184.4500 2.03315187
6184.5000 2.03929911
6184.5500 2.04544636
6184.6000 2.0515936
6184.6500 2.0578593
6184.7000 2.0642615
6184.7500 2.0706637
6184.8000 2.07706591
6184.8500 2.08346811
6184.9000 2.08987032
6184.9500 2.09408197
6185.0000 2.09806305
6185.0500 2.10204413
6185.1000 2.10602522
6185.1500 2.1100063
6185.2000 2.10991769
6185.2500 2.10215602
6185.3000 2.09439436
6185.3500 2.08663269
6185.4000 2.07887103
6185.4500 2.07110936
6185.5000 2.0653324
6185.5500 2.06008306
6185.6000 2.05483372
6185.6500 2.04958437
6185.7000 2.04433503
6185.7500 2.04171596
6185.8000 2.04765812
6185.8500 2.05360029
6185.9000 2.05954246
6185.9500 2.06548462
6186.0000 2.07142679
6186.0500 2.0781995
6186.1000 2.08536004
6186.1500 2.09252058
6186.2000 2.09968112
6186.2500 2.10684166
6186.3000 2.11344379
6186.3500 2.11630701
6186.4000 2.11917022
6186.4500 2.12203344
6186.5000 2.12489666
6186.5500 2.12775988
6186.6000 2.13039482
6186.6500 2.13286435
6186.7000 2.13533388
6186.7500 2.13780341
6186.8000 2.14027293
6186.8500 2.14247724
6186.9000 2.13648316
6186.9500 2.13048908
6187.0000 2.12449501
6187.0500 2.11850093
6187.1000 2.11250685
6187.1500 2.10385981
6187.2000 2.09238962
6187.2500 2.08091942
6187.3000 2.06944922
6187.3500 2.05797902
6187.4000 2.04650882
6187.4500 2.05388627
6187.5000 2.06248381
6187.5500 2.07108136
6187.6000 2.0796789
6187.6500 2.08827645
6187.7000 2.09086859
6187.7500 2.08428413
6187.8000 2.07769967
6187.8500 2.07111521
6187.9000 2.06453075
6187.9500 2.05794629
6188.0000 2.05529141
6188.0500 2.05331081
6188.1000 2.05133022
6188.1500 2.04934962
6188.2000 2.04736903
6188.2500 2.04786398
6188.3000 2.05378907
6188.3500 2.05971416
6188.4000 2.06563925
6188.4500 2.07156434
6188.5000 2.07748944
6188.5500 2.07872253
6188.6000 2.07858835
6188.6500 2.07845418
6188.7000 2.07832
6188.7500 2.07818582
6188.8000 2.080707
6188.8500 2.09176812
6188.9000 2.10282923
6188.9500 2.11389035
6189.0000 2.12495147
6189.0500 2.13601258
6189.1000 2.13359046
6189.1500 2.12543481
6189.2000 2.11727915
6189.2500 2.10912349
6189.3000 2.10096784
6189.3500 2.0937998
6189.4000 2.09153291
6189.4500 2.08926602
6189.5000 2.08699913
6189.5500 2.08473224
6189.6000 2.08246535
6189.6500 2.0806462
6189.7000 2.07908396
6189.7500 2.07752171
6189.8000 2.07595947
6189.8500 2.07439723
6189.9000 2.07304402
6189.9500 2.07347796
6190.0000 2.0739119
6190.0500 2.07434583
6190.1000 2.07477977
6190.1500 2.0752137
6190.2000 2.06515736
6190.2500 2.04736798
6190.3000 2.0295786
6190.3500 2.01178922
6190.4000 1.99399984
6190.4500 1.9778981
6190.5000 1.99511813
6190.5500 2.01233815
6190.6000 2.02955818
6190.6500 2.04677821
6190.7000 2.06399823
6190.7500 2.06724927
6190.8000 2.0577282
6190.8500 2.04820714
6190.9000 2.03868608
6190.9500 2.02916501
6191.0000 2.01964395
6191.0500 2.02479352
6191.1000 2.02996992
6191.1500 2.03514633
6191.2000 2.04032274
6191.2500 2.04549915
6191.3000 2.04475024
6191.3500 2.03746777
6191.4000 2.0301853
6191.4500 2.02290283
6191.5000 2.01562036
6191.5500 2.00833789
6191.6000 2.01899977
6191.6500 2.03051457
6191.7000 2.04202936
6191.7500 2.05354416
6191.8000 2.06505895
6191.8500 2.07332386
6191.9000 2.07737251
6191.9500 2.08142117
6192.0000 2.08546982
6192.0500 2.08951847
6192.1000 2.09356713
6192.1500 2.08658549
6192.2000 2.07861286
6192.2500 2.07064023
6192.3000 2.06266759
6192.3500 2.05469496
6192.4000 2.05536883
6192.4500 2.06893362
6192.5000 2.08249841
6192.5500 2.0960632
6192.6000 2.10962799
6192.6500 2.12319278
6192.7000 2.11819837
6192.7500 2.11083929
6192.8000 2.10348021
6192.8500 2.09612113
6192.9000 2.08876205
6192.9500 2.08396344
6193.0000 2.08344812
6193.0500 2.08293279
6193.1000 2.08241747
6193.1500 2.08190215
6193.2000 2.08138683
6193.2500 2.08593205
6193.3000 2.09128131
6193.3500 2.09663057
6193.4000 2.10197983
6193.4500 2.10732909
6193.5000 2.10800409
6193.5500 2.10012262
6193.6000 2.09224115
6193.6500 2.08435968
6193.7000 2.07647821
6193.7500 2.06859674
6193.8000 2.06815853
6193.8500 2.06908252
6193.9000 2.0700065
6193.9500 2.07093049
6194.0000 2.07185447
6194.0500 2.07256033
6194.1000 2.07284074
6194.1500 2.07312116
6194.2000 2.07340157
6194.2500 2.07368199
6194.3000 2.07396241
6194.3500 2.07878415
6194.4000 2.08450854
6194.4500 2.09023293
6194.5000 2.09595731
6194.5500 2.1016817
6194.6000 2.10485178
6194.6500 2.10286094
6194.7000 2.10087011
6194.7500 2.09887928
6194.8000 2.09688845
6194.8500 2.09489762
6194.9000 2.09342945
6194.9500 2.09206866
6195.0000 2.09070787
6195.0500 2.08934707
6195.1000 2.08798628
6195.1500 2.09055823
6195.2000 2.1011254
6195.2500 2.11169258
6195.3000 2.12225975
6195.3500 2.13282693
6195.4000 2.1433941
6195.4500 2.13373685
6195.5000 2.11998002
6195.5500 2.10622319
6195.6000 2.09246636
6195.6500 2.07870954
6195.7000 2.06610773
6195.7500 2.05580042
6195.8000 2.04549312
6195.8500 2.03518581
6195.9000 2.02487851
6195.9500 2.0145712
6196.0000 2.01653197
6196.0500 2.02083238
6196.1000 2.02513278
6196.1500 2.02943318
6196.2000 2.03373358
6196.2500 2.03830418
6196.3000 2.04338443
6196.3500 2.04846469
6196.4000 2.05354495
6196.4500 2.05862521
6196.5000 2.06370547
6196.5500 2.05778615
6196.6000 2.04999704
6196.6500 2.04220792
6196.7000 2.03441881
6196.7500 2.02662969
6196.8000 2.0258425
6196.8500 2.03725866
6196.9000 2.04867483
6196.9500 2.06009099
6197.0000 2.07150716
6197.0500 2.08292332
6197.1000 2.0791162
6197.1500 2.07315582
6197.2000 2.06719543
6197.2500 2.06123504
6197.3000 2.05527466
6197.3500 2.05304517
6197.4000 2.05667071
6197.4500 2.06029626
6197.5000 2.0639218
6197.5500 2.06754735
6197.6000 2.07117289
6197.6500 2.07699036
6197.7000 2.08304071
6197.7500 2.08909106
6197.8000 2.09514142
6197.8500 2.10119177
6197.9000 2.10462598
6197.9500 2.10445232
6198.0000 2.10427865
6198.0500 2.10410499
6198.1000 2.10393132
6198.1500 2.10375766
6198.2000 2.09486739
6198.2500 2.08540425
6198.3000 2.07594111
6198.3500 2.06647797
6198.4000 2.05701483
6198.4500 2.0530599
6198.5000 2.05562455
6198.5500 2.0581892
6198.6000 2.06075386
6198.6500 2.06331851
6198.7000 2.06588316
6198.7500 2.07306369
6198.8000 2.08034222
6198.8500 2.08762075
6198.9000 2.09489928
6198.9500 2.10217781
6199.0000 2.10351303
6199.0500 2.09895436
6199.1000 2.0943957
6199.1500 2.08983703
6199.2000 2.08527836
6199.2500 2.0810538
6199.3000 2.08905875
6199.3500 2.09706369
6199.4000 2.10506863
6199.4500 2.11307357
6199.5000 2.12107851
6199.5500 2.11720443
6199.6000 2.10371763
6199.6500 2.09023084
6199.7000 2.07674404
6199.7500 2.06325725
6199.8000 2.05220571
6199.8500 2.06897654
6199.9000 2.08574737
6199.9500 2.1025182
6200.0000 2.11928903
6200.0500 2.13605986
6200.1000 2.13508337
6200.1500 2.12275404
6200.2000 2.11042471
6200.2500 2.09809538
6200.3000 2.08576605
6200.3500 2.0770728
6200.4000 2.09055265
6200.4500 2.1040325
6200.5000 2.11751235
6200.5500 2.13099219
6200.6000 2.14447204
6200.6500 2.14473113
6200.7000 2.13858174
6200.7500 2.13243235
6200.8000 2.12628296
6200.8500 2.12013357
6200.9000 2.11164882
6200.9500 2.09426052
6201.0000 2.07687222
6201.0500 2.05948393
6201.1000 2.04209563
6201.1500 2.02470734
6201.2000 2.02445893
6201.2500 2.03011777
6201.3000 2.03577661
6201.3500 2.04143545
6201.4000 2.0470943
6201.4500 2.05083043
6201.5000 2.04965208
6201.5500 2.04847372
6201.6000 2.04729537
6201.6500 2.04611702
6201.7000 2.04493866
6201.7500 2.05038972
6201.8000 2.05729242
6201.8500 2.06419512
6201.9000 2.07109782
6201.9500 2.07800051
6202.0000 2.08373713
6202.0500 2.087411
6202.1000 2.09108486
6202.1500 2.09475873
6202.2000 2.09843259
6202.2500 2.10210645
6202.3000 2.10564741
6202.3500 2.10917417
6202.4000 2.11270094
6202.4500 2.11622771
6202.5000 2.11975447
6202.5500 2.11748765
6202.6000 2.10807054
6202.6500 2.09865344
6202.7000 2.08923634
6202.7500 2.07981923
6202.8000 2.07040213
6202.8500 2.07768849
6202.9000 2.08508818
6202.9500 2.09248787
6203.0000 2.09988757
6203.0500 2.10728726
6203.1000 2.10555795
6203.1500 2.09606951
6203.2000 2.08658107
6203.2500 2.07709263
6203.3000 2.06760419
6203.3500 2.05906077
6203.4000 2.06013321
6203.4500 2.06120565
6203.5000 2.06227809
6203.5500 2.06335052
6203.6000 2.06442296
6203.6500 2.07097421
6203.7000 2.08060678
6203.7500 2.09023935
6203.8000 2.09987192
6203.8500 2.10950448
6203.9000 2.11696673
6203.9500 2.11530871
6204.0000 2.11365069
6204.0500 2.11199267
6204.1000 2.11033465
6204.1500 2.10867662
6204.2000 2.10510831
6204.2500 2.1008897
6204.3000 2.09667109
6204.3500 2.09245249
6204.4000 2.08823388
6204.4500 2.08715686
6204.5000 2.09335866
6204.5500 2.09956045
6204.6000 2.10576225
6204.6500 2.11196404
6204.7000 2.11816584
6204.7500 2.11249862
6204.8000 2.10487609
6204.8500 2.09725355
6204.9000 2.08963101
6204.9500 2.08200848
6205.0000 2.08140326
6205.0500 2.09059812
6205.1000 2.09979298
6205.1500 2.10898784
6205.2000 2.1181827
6205.2500 2.12737756
6205.3000 2.13368416
6205.3500 2.13992458
6205.4000 2.14616501
6205.4500 2.15240544
6205.5000 2.15864587
6205.5500 2.1616253
6205.6000 2.16182203
6205.6500 2.16201876
6205.7000 2.16221549
6205.7500 2.16241222
6205.8000 2.16246964
6205.8500 2.16131598
6205.9000 2.16016232
6205.9500 2.15900866
6206.0000 2.15785501
6206.0500 2.15670135
6206.1000 2.15886005
6206.1500 2.16266205
6206.2000 2.16646405
6206.2500 2.17026606
6206.3000 2.17406806
6206.3500 2.1743283
6206.4000 2.16307573
6206.4500 2.15182316
6206.5000 2.14057059
6206.5500 2.12931803
6206.6000 2.11806546
6206.6500 2.11645558
6206.7000 2.11720008
6206.7500 2.11794458
6206.8000 2.11868908
6206.8500 2.11943357
6206.9000 2.12260259
6206.9500 2.12983184
6207.0000 2.1370611
6207.0500 2.14429035
6207.1000 2.1515196
6207.1500 2.15874886
6207.2000 2.14945225
6207.2500 2.13920561
6207.3000 2.12895896
6207.3500 2.11871232
6207.4000 2.10846568
6207.4500 2.10462616
6207.5000 2.10672403
6207.5500 2.10882189
6207.6000 2.11091976
6207.6500 2.11301762
6207.7000 2.1167503
6207.7500 2.13623065
6207.8000 2.15571101
6207.8500 2.17519137
6207.9000 2.19467173
6207.9500 2.21415209
6208.0000 2.20972279
6208.0500 2.19355453
6208.1000 2.17738628
6208.1500 2.16121802
6208.2000 2.14504976
6208.2500 2.13447968
6208.3000 2.14079481
6208.3500 2.14710995
6208.4000 2.15342508
6208.4500 2.15974021
6208.5000 2.16605535
6208.5500 2.15842818
6208.6000 2.14792331
6208.6500 2.13741845
6208.7000 2.12691358
6208.7500 2.11640871
6208.8000 2.11554272
6208.8500 2.12852066
6208.9000 2.14149859
6208.9500 2.15447652
6209.0000 2.16745445
6209.0500 2.18043238
6209.1000 2.18306937
6209.1500 2.1856403
6209.2000 2.18821123
6209.2500 2.19078216
6209.3000 2.19335309
6209.3500 2.18936474
6209.4000 2.18059672
6209.4500 2.17182871
6209.5000 2.1630607
6209.5500 2.15429269
6209.6000 2.14880191
6209.6500 2.15990454
6209.7000 2.17100718
6209.7500 2.18210981
6209.8000 2.19321244
6209.8500 2.20431507
6209.9000 2.19778527
6209.9500 2.18547218
6210.0000 2.17315909
6210.0500 2.160846
6210.1000 2.14853291
6210.1500 2.14427549
6210.2000 2.15546615
6210.2500 2.16665681
6210.3000 2.17784747
6210.3500 2.18903813
6210.4000 2.20022878
6210.4500 2.1941246
6210.5000 2.18680021
6210.5500 2.17947582
6210.6000 2.17215144
6210.6500 2.16482705
6210.7000 2.16222627
6210.7500 2.16386356
6210.8000 2.16550085
6210.8500 2.16713814
6210.9000 2.16877543
6210.9500 2.17110334
6211.0000 2.17841461
6211.0500 2.18572589
6211.1000 2.19303717
6211.1500 2.20034845
6211.2000 2.20765973
6211.2500 2.20958205
6211.3000 2.20938758
6211.3500 2.20919311
6211.4000 2.20899863
6211.4500 2.20880416
6211.5000 2.2070965
6211.5500 2.20211154
6211.6000 2.19712658
6211.6500 2.19214161
6211.7000 2.18715665
6211.7500 2.18217169
6211.8000 2.1902974
6211.8500 2.19963471
6211.9000 2.20897201
6211.9500 2.21830932
6212.0000 2.22764663
6212.0500 2.22938153
6212.1000 2.22400184
6212.1500 2.21862215
6212.2000 2.21324245
6212.2500 2.20786276
6212.3000 2.20239964
6212.3500 2.19632107
6212.4000 2.1902425
6212.4500 2.18416393
6212.5000 2.17808536
6212.5500 2.17200679
6212.6000 2.1775741
6212.6500 2.18758511
6212.7000 2.19759612
6212.7500 2.20760714
6212.8000 2.21761815
6212.8500 2.22261156
6212.9000 2.21741265
6212.9500 2.21221373
6213.0000 2.20701481
6213.0500 2.20181589
6213.1000 2.19661697
6213.1500 2.1895899
6213.2000 2.18244116
6213.2500 2.17529242
6213.3000 2.16814369
6213.3500 2.16099495
6213.4000 2.16616876
6213.4500 2.18154963
6213.5000 2.1969305
6213.5500 2.21231137
6213.6000 2.22769224
6213.6500 2.24005827
6213.7000 2.23634992
6213.7500 2.23264156
6213.8000 2.2289332
6213.8500 2.22522484
6213.9000 2.22151648
6213.9500 2.21323185
6214.0000 2.20358456
6214.0500 2.19393726
6214.1000 2.18428997
6214.1500 2.17464267
6214.2000 2.16896925
6214.2500 2.16964868
6214.3000 2.17032811
6214.3500 2.17100755
6214.4000 2.17168698
6214.4500 2.17236681
6214.5000 2.17360115
6214.5500 2.17483549
6214.6000 2.17606983
6214.6500 2.17730417
6214.7000 2.17853852
6214.7500 2.18419087
6214.8000 2.19257131
6214.8500 2.20095174
6214.9000 2.20933217
6214.9500 2.21771261
6215.0000 2.22462454
6215.0500 2.22681953
6215.1000 2.22901453
6215.1500 2.23120953
6215.2000 2.23340453
6215.2500 2.23559952
6215.3000 2.23379036
6215.3500 2.2313197
6215.4000 2.22884905
6215.4500 2.2263784
6215.5000 2.22390774
6215.5500 2.22234738
6215.6000 2.22177053
6215.6500 2.22119369
6215.7000 2.22061684
6215.7500 2.22003999
6215.8000 2.21981541
6215.8500 2.22260136
6215.9000 2.2253873
6215.9500 2.22817325
6216.0000 2.2309592
6216.0500 2.23374515
6216.1000 2.24079894
6216.1500 2.24942744
6216.2000 2.25805594
6216.2500 2.26668443
6216.3000 2.27531293
6216.3500 2.28040647
6216.4000 2.27915629
6216.4500 2.27790611
6216.5000 2.27665593
6216.5500 2.27540575
6216.6000 2.27415557
6216.6500 2.27587442
6216.7000 2.27763287
6216.7500 2.27939132
6216.8000 2.28114977
6216.8500 2.28290822
6216.9000 2.27998108
6216.9500 2.27415124
6217.0000 2.2683214
6217.0500 2.26249156
6217.1000 2.25666173
6217.1500 2.25124574
6217.2000 2.24707292
6217.2500 2.2429001
6217.3000 2.23872727
6217.3500 2.23455445
6217.4000 2.23038163
6217.4500 2.23029832
6217.5000 2.23075335
6217.5500 2.23120839
6217.6000 2.23166342
6217.6500 2.23211845
6217.7000 2.23976905
6217.7500 2.2540822
6217.8000 2.26839535
6217.8500 2.28270851
6217.9000 2.29702166
6217.9500 2.3080878
6218.0000 2.30164377
6218.0500 2.29519973
6218.1000 2.2887557
6218.1500 2.28231167
6218.2000 2.27586764
6218.2500 2.26943967
6218.3000 2.26301584
6218.3500 2.25659201
6218.4000 2.25016818
6218.4500 2.24374435
6218.5000 2.2456046
6218.5500 2.2581922
6218.6000 2.27077979
6218.6500 2.28336738
6218.7000 2.29595498
6218.7500 2.306708
6218.8000 2.2957332
6218.8500 2.2847584
6218.9000 2.27378359
6218.9500 2.26280879
6219.0000 2.25183399
6219.0500 2.24663441
6219.1000 2.24366277
6219.1500 2.24069113
6219.2000 2.23771949
6219.2500 2.23474785
6219.3000 2.23051141
6219.3500 2.2240936
6219.4000 2.21767578
6219.4500 2.21125796
6219.5000 2.20484014
6219.5500 2.19877237
6219.6000 2.21725852
6219.6500 2.23574468
6219.7000 2.25423084
6219.7500 2.272717
6219.8000 2.29120315
6219.8500 2.29183328
6219.9000 2.28337653
6219.9500 2.27491978
6220.0000 2.26646303
6220.0500 2.25800628
6220.1000 2.25334041
6220.1500 2.25699287
6220.2000 2.26064532
6220.2500 2.26429778
6220.3000 2.26795024
6220.3500 2.27160269
6220.4000 2.2752728
6220.4500 2.27894354
6220.5000 2.28261428
6220.5500 2.28628502
6220.6000 2.28995577
6220.6500 2.28745137
6220.7000 2.28114009
6220.7500 2.2748288
6220.8000 2.26851752
6220.8500 2.26220623
6220.9000 2.2587911
6220.9500 2.26305464
6221.0000 2.26731818
6221.0500 2.27158172
6221.1000 2.27584527
6221.1500 2.28010881
6221.2000 2.2733415
6221.2500 2.26575359
6221.3000 2.25816569
6221.3500 2.25057779
6221.4000 2.24298989
6221.4500 2.23838838
6221.5000 2.23586824
6221.5500 2.23334811
6221.6000 2.23082798
6221.6500 2.22830784
6221.7000 2.22939274
6221.7500 2.24132369
6221.8000 2.25325464
6221.8500 2.2651856
6221.9000 2.27711655
6221.9500 2.2890475
6222.0000 2.27893567
6222.0500 2.26667781
6222.1000 2.25441995
6222.1500 2.24216208
6222.2000 2.22990422
6222.2500 2.22880772
6222.3000 2.23596976
6222.3500 2.2431318
6222.4000 2.25029385
6222.4500 2.25745589
6222.5000 2.26405384
6222.5500 2.26886394
6222.6000 2.27367404
6222.6500 2.27848413
6222.7000 2.28329423
6222.7500 2.28810433
6222.8000 2.28875524
6222.8500 2.28897758
6222.9000 2.28919992
6222.9500 2.28942226
6223.0000 2.2896446
6223.0500 2.28325475
6223.1000 2.27197706
6223.1500 2.26069938
6223.2000 2.24942169
6223.2500 2.238144
6223.3000 2.23180309
6223.3500 2.24067526
6223.4000 2.24954743
6223.4500 2.2584196
6223.5000 2.26729177
6223.5500 2.27616394
6223.6000 2.27300236
6223.6500 2.26874697
6223.7000 2.26449158
6223.7500 2.26023619
6223.8000 2.2559808
6223.8500 2.2548067
6223.9000 2.25577386
6223.9500 2.25674102
6224.0000 2.25770818
6224.0500 2.25867534
6224.1000 2.25943879
6224.1500 2.25963712
6224.2000 2.25983545
6224.2500 2.26003379
6224.3000 2.26023212
6224.3500 2.26043045
6224.4000 2.26796042
6224.4500 2.27594538
6224.5000 2.28393035
6224.5500 2.29191532
6224.6000 2.29990028
6224.6500 2.29963944
6224.7000 2.29432082
6224.7500 2.2890022
6224.8000 2.28368358
6224.8500 2.27836497
6224.9000 2.27374011
6224.9500 2.27073623
6225.0000 2.26773235
6225.0500 2.26472847
6225.1000 2.26172459
6225.1500 2.25872071
6225.2000 2.26012582
6225.2500 2.26161515
6225.3000 2.26310447
6225.3500 2.2645938
6225.4000 2.26608313
6225.4500 2.26230916
6225.5000 2.25587711
6225.5500 2.24944505
6225.6000 2.243013
6225.6500 2.23658094
6225.7000 2.23610167
6225.7500 2.24671295
6225.8000 2.25732423
6225.8500 2.26793551
6225.9000 2.27854678
6225.9500 2.28847222
6226.0000 2.27989934
6226.0500 2.27132646
6226.1000 2.26275358
6226.1500 2.25418069
6226.2000 2.24560781
6226.2500 2.24714603
6226.3000 2.25254122
6226.3500 2.2579364
6226.4000 2.26333159
6226.4500 2.26872677
6226.5000 2.27244366
6226.5500 2.27378146
6226.6000 2.27511925
6226.6500 2.27645705
6226.7000 2.27779485
6226.7500 2.27791366
6226.8000 2.26764815
6226.8500 2.25738263
6226.9000 2.24711712
6226.9500 2.2368516
6227.0000 2.22658609
6227.0500 2.22557737
6227.1000 2.22691018
6227.1500 2.22824299
6227.2000 2.22957579
6227.2500 2.2309086
6227.3000 2.2290594
6227.3500 2.22393551
6227.4000 2.21881161
6227.4500 2.21368771
6227.5000 2.20856382
6227.5500 2.20663142
6227.6000 2.21837811
6227.6500 2.2301248
6227.7000 2.24187149
6227.7500 2.25361819
6227.8000 2.26536488
6227.8500 2.26657861
6227.9000 2.26645283
6227.9500 2.26632704
6228.0000 2.26620126
6228.0500 2.26607548
6228.1000 2.26089744
6228.1500 2.25216215
6228.2000 2.24342686
6228.2500 2.23469156
6228.3000 2.22595627
6228.3500 2.22012205
6228.4000 2.22145592
6228.4500 2.22278978
6228.5000 2.22412364
6228.5500 2.2254575
6228.6000 2.22679136
6228.6500 2.21685434
6228.7000 2.20681561
6228.7500 2.19677688
6228.8000 2.18673815
6228.8500 2.17669942
6228.9000 2.18429202
6228.9500 2.19959856
6229.0000 2.21490511
6229.0500 2.23021165
6229.1000 2.2455182
6229.1500 2.25442217
6229.2000 2.25379724
6229.2500 2.2531723
6229.3000 2.25254737
6229.3500 2.25192244
6229.4000 2.25129732
6229.4500 2.25067073
6229.5000 2.25004413
6229.5500 2.24941754
6229.6000 2.24879095
6229.6500 2.24816435
6229.7000 2.24508266
6229.7500 2.24145948
6229.8000 2.2378363
6229.8500 2.23421312
6229.9000 2.23058994
6229.9500 2.23506344
6230.0000 2.24670323
6230.0500 2.25834302
6230.1000 2.26998281
6230.1500 2.28162259
6230.2000 2.28866494
6230.2500 2.28140912
6230.3000 2.27415331
6230.3500 2.2668975
6230.4000 2.25964168
6230.4500 2.25238587
6230.5000 2.25228846
6230.5500 2.25250657
6230.6000 2.25272467
6230.6500 2.25294277
6230.7000 2.25316088
6230.7500 2.25811285
6230.8000 2.26535543
6230.8500 2.27259801
6230.9000 2.27984058
6230.9500 2.28708316
6231.0000 2.28915687
6231.0500 2.28320301
6231.1000 2.27724915
6231.1500 2.27129529
6231.2000 2.26534144
6231.2500 2.26006127
6231.3000 2.26017058
6231.3500 2.26027989
6231.4000 2.2603892
6231.4500 2.26049851
6231.5000 2.26060783
6231.5500 2.253339
6231.6000 2.24458234
6231.6500 2.23582567
6231.7000 2.227069
6231.7500 2.21831234
6231.8000 2.21483185
6231.8500 2.21558338
6231.9000 2.21633492
6231.9500 2.21708645
6232.0000 2.21783798
6232.0500 2.22015771
6232.1000 2.22652436
6232.1500 2.232891
6232.2000 2.23925765
6232.2500 2.24562429
6232.3000 2.25194945
6232.3500 2.25049636
6232.4000 2.24904326
6232.4500 2.24759016
6232.5000 2.24613707
6232.5500 2.24468397
6232.6000 2.24452782
6232.6500 2.24484414
6232.7000 2.24516047
6232.7500 2.24547679
6232.8000 2.24579311
6232.8500 2.24494021
6232.9000 2.24272739
6232.9500 2.24051456
6233.0000 2.23830174
6233.0500 2.23608892
6233.1000 2.23339526
6233.1500 2.22869462
6233.2000 2.22399398
6233.2500 2.21929333
6233.3000 2.21459269
6233.3500 2.20989205
6233.4000 2.20792162
6233.4500 2.2061697
6233.5000 2.20441778
6233.5500 2.20266586
6233.6000 2.20091394
6233.6500 2.20682278
6233.7000 2.21667499
6233.7500 2.2265272
6233.8000 2.23637941
6233.8500 2.24623163
6233.9000 2.2493689
6233.9500 2.24226855
6234.0000 2.23516821
6234.0500 2.22806786
6234.1000 2.22096751
6234.1500 2.21592723
6234.2000 2.22423735
6234.2500 2.23254747
6234.3000 2.24085759
6234.3500 2.24916771
6234.4000 2.25747783
6234.4500 2.25474089
6234.5000 2.25039554
6234.5500 2.2460502
6234.6000 2.24170486
6234.6500 2.23735951
6234.7000 2.2344306
6234.7500 2.23239294
6234.8000 2.23035527
6234.8500 2.22831761
6234.9000 2.22627995
6234.9500 2.22827429
6235.0000 2.23755223
6235.0500 2.24683017
6235.1000 2.25610811
6235.1500 2.26538605
6235.2000 2.27285586
6235.2500 2.26414371
6235.3000 2.25543156
6235.3500 2.2467194
6235.4000 2.23800725
6235.4500 2.22929509
6235.5000 2.21639365
6235.5500 2.20273163
6235.6000 2.18906961
6235.6500 2.17540759
6235.7000 2.16174557
6235.7500 2.15734204
6235.8000 2.15927108
6235.8500 2.16120013
6235.9000 2.16312918
6235.9500 2.16505823
6236.0000 2.16841147
6236.0500 2.17449299
6236.1000 2.18057451
6236.1500 2.18665603
6236.2000 2.19273754
6236.2500 2.1988309
6236.3000 2.20503863
6236.3500 2.21124636
6236.4000 2.2174541
6236.4500 2.22366183
6236.5000 2.22986956
6236.5500 2.23455779
6236.6000 2.23896988
6236.6500 2.24338197
6236.7000 2.24779405
6236.7500 2.25220614
6236.8000 2.25215767
6236.8500 2.24913943
6236.9000 2.24612118
6236.9500 2.24310293
6237.0000 2.24008468
6237.0500 2.23884739
6237.1000 2.24083083
6237.1500 2.24281427
6237.2000 2.2447977
6237.2500 2.24678114
6237.3000 2.24695581
6237.3500 2.23299988
6237.4000 2.21904395
6237.4500 2.20508802
6237.5000 2.19113209
6237.5500 2.17717617
6237.6000 2.19252618
6237.6500 2.2121572
6237.7000 2.23178823
6237.7500 2.25141926
6237.8000 2.27105028
6237.8500 2.27114226
6237.9000 2.2599183
6237.9500 2.24869434
6238.0000 2.23747037
6238.0500 2.22624641
6238.1000 2.21556853
6238.1500 2.20572488
6238.2000 2.19588123
6238.2500 2.18603757
6238.3000 2.17619392
6238.3500 2.17001273
6238.4000 2.18311018
6238.4500 2.19620763
6238.5000 2.20930508
6238.5500 2.22240254
6238.6000 2.23549999
6238.6500 2.22626178
6238.7000 2.21522102
6238.7500 2.20418026
6238.8000 2.1931395
6238.8500 2.18209874
6238.9000 2.18314681
6238.9500 2.18955891
6239.0000 2.195971
6239.0500 2.2023831
6239.1000 2.2087952
6239.1500 2.21230046
6239.2000 2.21241584
6239.2500 2.21253123
6239.3000 2.21264662
6239.3500 2.212762
6239.4000 2.21385111
6239.4500 2.21815845
6239.5000 2.22246578
6239.5500 2.22677312
6239.6000 2.23108045
6239.6500 2.23535148
6239.7000 2.23173737
6239.7500 2.22812325
6239.8000 2.22450914
6239.8500 2.22089502
6239.9000 2.21728091
6239.9500 2.21337208
6240.0000 2.20937942
6240.0500 2.20538676
6240.1000 2.2013941
6240.1500 2.19740144
6240.2000 2.19811319
6240.2500 2.20261007
6240.3000 2.20710694
6240.3500 2.21160381
6240.4000 2.21610069
6240.4500 2.21762885
6240.5000 2.21316781
6240.5500 2.20870678
6240.6000 2.20424575
6240.6500 2.19978471
6240.7000 2.19612691
6240.7500 2.19894636
6240.8000 2.20176581
6240.8500 2.20458526
6240.9000 2.20740471
6240.9500 2.21022416
6241.0000 2.20868295
6241.0500 2.20660775
6241.1000 2.20453255
6241.1500 2.20245735
6241.2000 2.20038215
6241.2500 2.20432717
6241.3000 2.21119552
6241.3500 2.21806387
6241.4000 2.22493222
6241.4500 2.23180057
6241.5000 2.23730039
6241.5500 2.24117429
6241.6000 2.24504819
6241.6500 2.2489221
6241.7000 2.252796
6241.7500 2.25326982
6241.8000 2.24312673
6241.8500 2.23298365
6241.9000 2.22284056
6241.9500 2.21269747
6242.0000 2.20276153
6242.0500 2.19957623
6242.1000 2.19639092
6242.1500 2.19320562
6242.2000 2.19002031
6242.2500 2.18683501
6242.3000 2.18065965
6242.3500 2.17382183
6242.4000 2.16698402
6242.4500 2.1601462
6242.5000 2.15330838
6242.5500 2.1604773
6242.6000 2.17663352
6242.6500 2.19278973
6242.7000 2.20894595
6242.7500 2.22510216
6242.8000 2.2308505
6242.8500 2.22107265
6242.9000 2.21129479
6242.9500 2.20151694
6243.0000 2.19173908
6243.0500 2.18352603
6243.1000 2.18176657
6243.1500 2.1800071
6243.2000 2.17824763
6243.2500 2.17648817
6243.3000 2.1747287
6243.3500 2.17356318
6243.4000 2.17240327
6243.4500 2.17124337
6243.5000 2.17008346
6243.5500 2.16892355
6243.6000 2.17515526
6243.6500 2.18337809
6243.7000 2.19160092
6243.7500 2.19982376
6243.8000 2.20804659
6243.8500 2.20776694
6243.9000 2.20149512
6243.9500 2.19522329
6244.0000 2.18895146
6244.0500 2.18267964
6244.1000 2.1848744
6244.1500 2.20047681
6244.2000 2.21607922
6244.2500 2.23168163
6244.3000 2.24728404
6244.3500 2.25723051
6244.4000 2.24293572
6244.4500 2.22864094
6244.5000 2.21434616
6244.5500 2.20005138
6244.6000 2.1857566
6244.6500 2.19455447
6244.7000 2.20351604
6244.7500 2.21247761
6244.8000 2.22143919
6244.8500 2.23040076
6244.9000 2.23133715
6244.9500 2.23024716
6245.0000 2.22915716
6245.0500 2.22806717
6245.1000 2.22697718
6245.1500 2.22795825
6245.2000 2.23028869
6245.2500 2.23261913
6245.3000 2.23494956
6245.3500 2.23728
6245.4000 2.23214701
6245.4500 2.21646108
6245.5000 2.20077515
6245.5500 2.18508922
6245.6000 2.16940329
6245.6500 2.15868805
6245.7000 2.16512595
6245.7500 2.17156386
6245.8000 2.17800176
6245.8500 2.18443966
6245.9000 2.19081671
6245.9500 2.19559899
6246.0000 2.20038126
6246.0500 2.20516354
6246.1000 2.20994582
6246.1500 2.21472809
6246.2000 2.20099165
6246.2500 2.18399976
6246.3000 2.16700788
6246.3500 2.15001599
6246.4000 2.13302411
6246.4500 2.13713311
6246.5000 2.15182958
6246.5500 2.16652604
6246.6000 2.18122251
6246.6500 2.19591898
6246.7000 2.19982373
6246.7500 2.19217457
6246.8000 2.18452541
6246.8500 2.17687626
6246.9000 2.1692271
6246.9500 2.16427365
6247.0000 2.16556062
6247.0500 2.1668476
6247.1000 2.16813458
6247.1500 2.16942156
6247.2000 2.1717375
6247.2500 2.18145578
6247.3000 2.19117405
6247.3500 2.20089232
6247.4000 2.2106106
6247.4500 2.22032887
6247.5000 2.21731036
6247.5500 2.21353744
6247.6000 2.20976451
6247.6500 2.20599159
6247.7000 2.20221866
6247.7500 2.19169734
6247.8000 2.17913493
6247.8500 2.16657251
6247.9000 2.1540101
6247.9500 2.14144769
6248.0000 2.1421644
6248.0500 2.15198973
6248.1000 2.16181507
6248.1500 2.1716404
6248.2000 2.18146573
6248.2500 2.1871687
6248.3000 2.18718272
6248.3500 2.18719675
6248.4000 2.18721078
6248.4500 2.18722481
6248.5000 2.18902727
6248.5500 2.19622809
6248.6000 2.20342891
6248.6500 2.21062974
6248.7000 2.21783056
6248.7500 2.22378294
6248.8000 2.21521957
6248.8500 2.20665619
6248.9000 2.19809282
6248.9500 2.18952945
6249.0000 2.18096608
6249.0500 2.17623286
6249.1000 2.17187288
6249.1500 2.16751291
6249.2000 2.16315294
6249.2500 2.15879297
6249.3000 2.15109864
6249.3500 2.14226224
6249.4000 2.13342585
6249.4500 2.12458945
6249.5000 2.11575306
6249.5500 2.12000347
6249.6000 2.13372259
6249.6500 2.14744171
6249.7000 2.16116083
6249.7500 2.17487994
6249.8000 2.17836739
6249.8500 2.16756182
6249.9000 2.15675625
6249.9500 2.14595068
6250.0000 2.13514511
6250.0500 2.12766025
6250.1000 2.12983348
6250.1500 2.1320067
6250.2000 2.13417993
6250.2500 2.13635316
6250.3000 2.13879887
6250.3500 2.14380522
6250.4000 2.14881157
6250.4500 2.15381793
6250.5000 2.15882428
6250.5500 2.16383063
6250.6000 2.17007505
6250.6500 2.17640109
6250.7000 2.18272713
6250.7500 2.18905316
6250.8000 2.1953792
6250.8500 2.20111307
6250.9000 2.20668167
6250.9500 2.21225028
6251.0000 2.21781888
6251.0500 2.22338748
6251.1000 2.22430024
6251.1500 2.22244461
6251.2000 2.22058898
6251.2500 2.21873335
6251.3000 2.21687772
6251.3500 2.21309587
6251.4000 2.20717723
6251.4500 2.20125858
6251.5000 2.19533994
6251.5500 2.18942129
6251.6000 2.18461154
6251.6500 2.18212893
6251.7000 2.17964632
6251.7500 2.17716371
6251.8000 2.1746811
6251.8500 2.17277498
6251.9000 2.17362417
6251.9500 2.17447337
6252.0000 2.17532257
6252.0500 2.17617177
6252.1000 2.17700938
6252.1500 2.17739485
6252.2000 2.17778033
6252.2500 2.1781658
6252.3000 2.17855128
6252.3500 2.17893676
6252.4000 2.17580867
6252.4500 2.17219518
6252.5000 2.16858169
6252.5500 2.16496821
6252.6000 2.16135472
6252.6500 2.15416014
6252.7000 2.1456672
6252.7500 2.13717426
6252.8000 2.12868132
6252.8500 2.12018838
6252.9000 2.12452701
6252.9500 2.13775046
6253.0000 2.15097392
6253.0500 2.16419738
6253.1000 2.17742084
6253.1500 2.1849687
6253.2000 2.18556548
6253.2500 2.18616227
6253.3000 2.18675905
6253.3500 2.18735583
6253.4000 2.18778288
6253.4500 2.18783172
6253.5000 2.18788056
6253.5500 2.18792941
6253.6000 2.18797825
6253.6500 2.18798025
6253.7000 2.18775632
6253.7500 2.1875324
6253.8000 2.18730847
6253.8500 2.18708455
6253.9000 2.18664233
6253.9500 2.18024377
6254.0000 2.17384521
6254.0500 2.16744666
6254.1000 2.1610481
6254.1500 2.15464954
6254.2000 2.15241331
6254.2500 2.15063629
6254.3000 2.14885928
6254.3500 2.14708226
6254.4000 2.14530524
6254.4500 2.15030166
6254.5000 2.15734896
6254.5500 2.16439627
6254.6000 2.17144358
6254.6500 2.17849088
6254.7000 2.17280274
6254.7500 2.15983213
6254.8000 2.14686152
6254.8500 2.13389092
6254.9000 2.12092031
6254.9500 2.11968368
6255.0000 2.12988054
6255.0500 2.14007741
6255.1000 2.15027428
6255.1500 2.16047114
6255.2000 2.16891468
6255.2500 2.17447842
6255.3000 2.18004216
6255.3500 2.18560591
6255.4000 2.19116965
6255.4500 2.19446396
6255.5000 2.19102375
6255.5500 2.18758354
6255.6000 2.18414333
6255.6500 2.18070312
6255.7000 2.17707194
6255.7500 2.17213196
6255.8000 2.16719197
6255.8500 2.16225199
6255.9000 2.157312
6255.9500 2.15238358
6256.0000 2.15014506
6256.0500 2.14790654
6256.1000 2.14566802
6256.1500 2.14342951
6256.2000 2.14119099
6256.2500 2.13804849
6256.3000 2.1347861
6256.3500 2.1315237
6256.4000 2.1282613
6256.4500 2.1249989
6256.5000 2.13495581
6256.5500 2.14901485
6256.6000 2.16307388
6256.6500 2.17713292
6256.7000 2.19119196
6256.7500 2.19581845
6256.8000 2.19525624
6256.8500 2.19469404
6256.9000 2.19413184
6256.9500 2.19356963
6257.0000 2.19037063
6257.0500 2.18482152
6257.1000 2.1792724
6257.1500 2.17372328
6257.2000 2.16817417
6257.2500 2.16218618
6257.3000 2.15557708
6257.3500 2.14896797
6257.4000 2.14235886
6257.4500 2.13574976
6257.5000 2.13225551
6257.5500 2.13599538
6257.6000 2.13973524
6257.6500 2.1434751
6257.7000 2.14721496
6257.7500 2.15041623
6257.8000 2.1513155
6257.8500 2.15221476
6257.9000 2.15311402
6257.9500 2.15401329
6258.0000 2.15413079
6258.0500 2.14524519
6258.1000 2.13635959
6258.1500 2.12747399
6258.2000 2.11858839
6258.2500 2.10970279
6258.3000 2.11279098
6258.3500 2.11622596
6258.4000 2.11966094
6258.4500 2.12309591
6258.5000 2.12653089
6258.5500 2.12770655
6258.6000 2.12853105
6258.6500 2.12935556
6258.7000 2.13018006
6258.7500 2.13100457
6258.8000 2.13511044
6258.8500 2.14024812
6258.9000 2.1453858
6258.9500 2.15052348
6259.0000 2.15566116
6259.0500 2.15829426
6259.1000 2.15962409
6259.1500 2.16095393
6259.2000 2.16228376
6259.2500 2.16361359
6259.3000 2.15839529
6259.3500 2.14795589
6259.4000 2.13751648
6259.4500 2.12707707
6259.5000 2.11663766
6259.5500 2.11570742
6259.6000 2.12609038
6259.6500 2.13647334
6259.7000 2.14685629
6259.7500 2.15723925
6259.8000 2.16381445
6259.8500 2.16358059
6259.9000 2.16334674
6259.9500 2.16311288
6260.0000 2.16287903
6260.0500 2.16076042
6260.1000 2.15334101
6260.1500 2.14592159
6260.2000 2.13850218
6260.2500 2.13108277
6260.3000 2.12503972
6260.3500 2.12583199
6260.4000 2.12662426
6260.4500 2.12741653
6260.5000 2.1282088
6260.5500 2.12858496
6260.6000 2.12379887
6260.6500 2.11901279
6260.7000 2.11422671
6260.7500 2.10944062
6260.8000 2.10465454
6260.8500 2.10038382
6260.9000 2.09612188
6260.9500 2.09185994
6261.0000 2.087598
6261.0500 2.08333605
6261.1000 2.08726548
6261.1500 2.09217052
6261.2000 2.09707556
6261.2500 2.1019806
6261.3000 2.10688564
6261.3500 2.1091564
6261.4000 2.11079135
6261.4500 2.11242629
6261.5000 2.11406124
6261.5500 2.11569618
6261.6000 2.11715136
6261.6500 2.11853637
6261.7000 2.11992138
6261.7500 2.12130638
6261.8000 2.12269139
6261.8500 2.11951506
6261.9000 2.113712
6261.9500 2.10790894
6262.0000 2.10210588
6262.0500 2.09630283
6262.1000 2.09731237
6262.1500 2.10386036
6262.2000 2.11040836
6262.2500 2.11695636
6262.3000 2.12350435
6262.3500 2.12709037
6262.4000 2.12733976
6262.4500 2.12758916
6262.5000 2.12783855
6262.5500 2.12808794
6262.6000 2.1251725
6262.6500 2.11731965
6262.7000 2.10946679
6262.7500 2.10161393
6262.8000 2.09376107
6262.8500 2.08908795
6262.9000 2.09140583
6262.9500 2.09372371
6263.0000 2.0960416
6263.0500 2.09835948
6263.1000 2.1011453
6263.1500 2.10544318
6263.2000 2.10974106
6263.2500 2.11403894
6263.3000 2.11833682
6263.3500 2.12090997
6263.4000 2.11454153
6263.4500 2.10817309
6263.5000 2.10180465
6263.5500 2.09543622
6263.6000 2.09036345
6263.6500 2.09859597
6263.7000 2.10682849
6263.7500 2.115061
6263.8000 2.12329352
6263.8500 2.13138229
6263.9000 2.13137756
6263.9500 2.13137283
6264.0000 2.1313681
6264.0500 2.13136338
6264.1000 2.13135865
6264.1500 2.12972747
6264.2000 2.12800678
6264.2500 2.1262861
6264.3000 2.12456541
6264.3500 2.12284473
6264.4000 2.1174075
6264.4500 2.11146298
6264.5000 2.10551845
6264.5500 2.09957392
6264.6000 2.0936294
6264.6500 2.08297541
6264.7000 2.07124265
6264.7500 2.05950989
6264.8000 2.04777713
6264.8500 2.03604437
6264.9000 2.04586175
6264.9500 2.06289967
6265.0000 2.07993758
6265.0500 2.0969755
6265.1000 2.11401342
6265.1500 2.11633953
6265.2000 2.11193508
6265.2500 2.10753063
6265.3000 2.10312618
6265.3500 2.09872173
6265.4000 2.09863837
6265.4500 2.1011492
6265.5000 2.10366003
6265.5500 2.10617085
6265.6000 2.10868168
6265.6500 2.11227643
6265.7000 2.11670472
6265.7500 2.12113302
6265.8000 2.12556131
6265.8500 2.12998961
6265.9000 2.12685128
6265.9500 2.11636666
6266.0000 2.10588204
6266.0500 2.09539742
6266.1000 2.0849128
6266.1500 2.0842394
6266.2000 2.09550138
6266.2500 2.10676335
6266.3000 2.11802533
6266.3500 2.1292873
6266.4000 2.13634085
6266.4500 2.13699179
6266.5000 2.13764274
6266.5500 2.13829369
6266.6000 2.13894463
6266.6500 2.13743652
6266.7000 2.13180625
6266.7500 2.12617598
6266.8000 2.12054571
6266.8500 2.11491544
6266.9000 2.11288599
6266.9500 2.11956497
6267.0000 2.12624394
6267.0500 2.13292291
6267.1000 2.13960188
6267.1500 2.14093892
6267.2000 2.1256349
6267.2500 2.11033087
6267.3000 2.09502685
6267.3500 2.07972283
6267.4000 2.06567989
6267.4500 2.05683796
6267.5000 2.04799603
6267.5500 2.03915411
6267.6000 2.03031218
6267.6500 2.02385961
6267.7000 2.03105645
6267.7500 2.03825328
6267.8000 2.04545012
6267.8500 2.05264696
6267.9000 2.05999882
6267.9500 2.06867943
6268.0000 2.07736004
6268.0500 2.08604065
6268.1000 2.09472126
6268.1500 2.10325803
6268.2000 2.10960544
6268.2500 2.11595284
6268.3000 2.12230025
6268.3500 2.12864765
6268.4000 2.13479206
6268.4500 2.13123554
6268.5000 2.12767901
6268.5500 2.12412249
6268.6000 2.12056597
6268.6500 2.11700944
6268.7000 2.12182652
6268.7500 2.12680557
6268.8000 2.13178462
6268.8500 2.13676367
6268.9000 2.14174272
6268.9500 2.14347858
6269.0000 2.14501923
6269.0500 2.14655987
6269.1000 2.14810052
6269.1500 2.14964116
6269.2000 2.14073537
6269.2500 2.13075977
6269.3000 2.12078417
6269.3500 2.11080857
6269.4000 2.10083297
6269.4500 2.09562723
6269.5000 2.09111752
6269.5500 2.08660782
6269.6000 2.08209811
6269.6500 2.0775884
6269.7000 2.08834016
6269.7500 2.10200121
6269.8000 2.11566225
6269.8500 2.1293233
6269.9000 2.14298434
6269.9500 2.13341069
6270.0000 2.11834439
6270.0500 2.1032781
6270.1000 2.08821181
6270.1500 2.07314551
6270.2000 2.0680729
6270.2500 2.06582909
6270.3000 2.06358528
6270.3500 2.06134146
6270.4000 2.05909765
6270.4500 2.06756238
6270.5000 2.07956525
6270.5500 2.09156813
6270.6000 2.10357101
6270.6500 2.11557388
6270.7000 2.1091445
6270.7500 2.09574431
6270.8000 2.08234413
6270.8500 2.06894394
6270.9000 2.05554375
6270.9500 2.04541658
6271.0000 2.03668406
6271.0500 2.02795154
6271.1000 2.01921902
6271.1500 2.0104865
6271.2000 2.0178433
6271.2500 2.03282359
6271.3000 2.04780389
6271.3500 2.06278419
6271.4000 2.07776449
6271.4500 2.08251429
6271.5000 2.08193449
6271.5500 2.08135468
6271.6000 2.08077487
6271.6500 2.08019506
6271.7000 2.07586664
6271.7500 2.06941251
6271.8000 2.06295838
6271.8500 2.05650425
6271.9000 2.05005012
6271.9500 2.04861162
6272.0000 2.05024114
6272.0500 2.05187066
6272.1000 2.05350018
6272.1500 2.05512969
6272.2000 2.05367
6272.2500 2.05018895
6272.3000 2.04670791
6272.3500 2.04322686
6272.4000 2.03974581
6272.4500 2.03981393
6272.5000 2.04234675
6272.5500 2.04487956
6272.6000 2.04741238
6272.6500 2.0499452
6272.7000 2.0516893
6272.7500 2.05285645
6272.8000 2.05402361
6272.8500 2.05519077
6272.9000 2.05635792
6272.9500 2.05687775
6273.0000 2.0569024
6273.0500 2.05692705
6273.1000 2.05695169
6273.1500 2.05697634
6273.2000 2.05773755
6273.2500 2.05908386
6273.3000 2.06043016
6273.3500 2.06177647
6273.4000 2.06312277
6273.4500 2.06397311
6273.5000 2.06441718
6273.5500 2.06486125
6273.6000 2.06530532
6273.6500 2.06574938
6273.7000 2.06809672
6273.7500 2.07204077
6273.8000 2.07598482
6273.8500 2.07992887
6273.9000 2.08387292
6273.9500 2.08442489
6274.0000 2.08208219
6274.0500 2.07973949
6274.1000 2.0773968
6274.1500 2.0750541
6274.2000 2.07990352
6274.2500 2.09095382
6274.3000 2.10200412
6274.3500 2.11305442
6274.4000 2.12410472
6274.4500 2.12316628
6274.5000 2.11185499
6274.5500 2.1005437
6274.6000 2.08923241
6274.6500 2.07792112
6274.7000 2.07112552
6274.7500 2.06822432
6274.8000 2.06532313
6274.8500 2.06242193
6274.9000 2.05952074
6274.9500 2.06076464
6275.0000 2.06554776
6275.0500 2.07033089
6275.1000 2.07511401
6275.1500 2.07989714
6275.2000 2.08143347
6275.2500 2.08024373
6275.3000 2.07905399
6275.3500 2.07786425
6275.4000 2.07667451
6275.4500 2.0830478
6275.5000 2.0956231
6275.5500 2.1081984
6275.6000 2.1207737
6275.6500 2.133349
6275.7000 2.13690259
6275.7500 2.13327996
6275.8000 2.12965734
6275.8500 2.12603472
6275.9000 2.12241209
6275.9500 2.11072205
6276.0000 2.0928505
6276.0500 2.07497895
6276.1000 2.0571074
6276.1500 2.03923585
6276.2000 2.02181301
6276.2500 2.00471904
6276.3000 1.98762506
6276.3500 1.97053109
6276.4000 1.95343711
6276.4500 1.92951824
6276.5000 1.90084964
6276.5500 1.87218105
6276.6000 1.84351245
6276.6500 1.81484385
6276.7000 1.81003359
6276.7500 1.82087217
6276.8000 1.83171076
6276.8500 1.84254935
6276.9000 1.85338794
6276.9500 1.85171088
6277.0000 1.84235762
6277.0500 1.83300435
6277.1000 1.82365109
6277.1500 1.81429782
6277.2000 1.79429134
6277.2500 1.76822599
6277.3000 1.74216063
6277.3500 1.71609528
6277.4000 1.69002993
6277.4500 1.68126976
6277.5000 1.68155383
6277.5500 1.68183789
6277.6000 1.68212196
6277.6500 1.68240602
6277.7000 1.67599356
6277.7500 1.66639699
6277.8000 1.65680042
6277.8500 1.64720385
6277.9000 1.63760728
6277.9500 1.64510942
6278.0000 1.65992526
6278.0500 1.67474111
6278.1000 1.68955696
6278.1500 1.7043728
6278.2000 1.74478658
6278.2500 1.79492158
6278.3000 1.84505659
6278.3500 1.89519159
6278.4000 1.9453266
6278.4500 1.95627021
6278.5000 1.95420526
6278.5500 1.95214032
6278.6000 1.95007538
6278.6500 1.94801044
6278.7000 1.92936764
6278.7500 1.90600837
6278.8000 1.8826491
6278.8500 1.85928984
6278.9000 1.83593057
6278.9500 1.83933773
6279.0000 1.84910889
6279.0500 1.85888005
6279.1000 1.8686512
6279.1500 1.87842236
6279.2000 1.89248929
6279.2500 1.90738059
6279.3000 1.92227189
6279.3500 1.9371632
6279.4000 1.9520545
6279.4500 1.95749417
6279.5000 1.9615435
6279.5500 1.96559282
6279.6000 1.96964215
6279.6500 1.97369147
6279.7000 1.96931287
6279.7500 1.96406205
6279.8000 1.95881123
6279.8500 1.9535604
6279.9000 1.94830958
6279.9500 1.93939769
6280.0000 1.93026183
6280.0500 1.92112598
6280.1000 1.91199012
6280.1500 1.90285426
6280.2000 1.90580116
6280.2500 1.9089925
6280.3000 1.91218384
6280.3500 1.91537518
6280.4000 1.91861813
6280.4500 1.92443285
6280.5000 1.93024756
6280.5500 1.93606228
6280.6000 1.94187699
6280.6500 1.94737595
6280.7000 1.94800299
6280.7500 1.94863003
6280.8000 1.94925707
6280.8500 1.94988411
6280.9000 1.95057461
6280.9500 1.95181346
6281.0000 1.95305231
6281.0500 1.95429115
6281.1000 1.95553
6281.1500 1.95666549
6281.2000 1.95720736
6281.2500 1.95774923
6281.3000 1.9582911
6281.3500 1.95883298
6281.4000 1.95929768
6281.4500 1.9594429
6281.5000 1.95958812
6281.5500 1.95973333
6281.6000 1.95987855
6281.6500 1.9559371
6281.7000 1.93922835
6281.7500 1.92251959
6281.8000 1.90581084
6281.8500 1.88910209
6281.9000 1.88182643
6281.9500 1.89741272
6282.0000 1.91299901
6282.0500 1.9285853
6282.1000 1.94417159
6282.1500 1.95346336
6282.2000 1.95071929
6282.2500 1.94797522
6282.3000 1.94523115
6282.3500 1.94248708
6282.4000 1.93973419
6282.4500 1.93696785
6282.5000 1.93420151
6282.5500 1.93143517
6282.6000 1.92866883
6282.6500 1.92430092
6282.7000 1.91798386
6282.7500 1.91166681
6282.8000 1.90534975
6282.8500 1.89903269
6282.9000 1.9073834
6282.9500 1.92997317
6283.0000 1.95256293
6283.0500 1.9751527
6283.1000 1.99774246
6283.1500 2.01347126
6283.2000 2.02392766
6283.2500 2.03438405
6283.3000 2.04484045
6283.3500 2.05529685
6283.4000 2.04708403
6283.4500 2.02767905
6283.5000 2.00827407
6283.5500 1.98886909
6283.6000 1.96946411
6283.6500 1.96534699
6283.7000 1.96820751
6283.7500 1.97106802
6283.8000 1.97392854
6283.8500 1.97678906
6283.9000 1.97684381
6283.9500 1.97596193
6284.0000 1.97508006
6284.0500 1.97419818
6284.1000 1.97331631
6284.1500 1.96610162
6284.2000 1.95744484
6284.2500 1.94878807
6284.3000 1.94013129
6284.3500 1.93147451
6284.4000 1.93556862
6284.4500 1.941385
6284.5000 1.94720138
6284.5500 1.95301776
6284.6000 1.95883415
6284.6500 1.95598404
6284.7000 1.95266984
6284.7500 1.94935565
6284.8000 1.94604145
6284.8500 1.94281952
6284.9000 1.94435333
6284.9500 1.94588715
6285.0000 1.94742097
6285.0500 1.94895478
6285.1000 1.95169588
6285.1500 1.96655859
6285.2000 1.9814213
6285.2500 1.99628402
6285.3000 2.01114673
6285.3500 2.0209946
6285.4000 2.00524347
6285.4500 1.98949235
6285.5000 1.97374122
6285.5500 1.9579901
6285.6000 1.94341239
6285.6500 1.9325765
6285.7000 1.9217406
6285.7500 1.9109047
6285.8000 1.9000688
6285.8500 1.89412386
6285.9000 1.8987979
6285.9500 1.90347195
6286.0000 1.90814599
6286.0500 1.91282004
6286.1000 1.92037572
6286.1500 1.9323702
6286.2000 1.94436469
6286.2500 1.95635917
6286.3000 1.96835366
6286.3500 1.96360079
6286.4000 1.94023579
6286.4500 1.91687078
6286.5000 1.89350577
6286.5500 1.87014077
6286.6000 1.8755254
6286.6500 1.90393276
6286.7000 1.93234013
6286.7500 1.9607475
6286.8000 1.98915486
6286.8500 1.99981532
6286.9000 2.00043562
6286.9500 2.00105592
6287.0000 2.00167622
6287.0500 2.00229652
6287.1000 2.00211772
6287.1500 2.00163389
6287.2000 2.00115006
6287.2500 2.00066623
6287.3000 2.0001824
6287.3500 1.98678913
6287.4000 1.97037711
6287.4500 1.95396509
6287.5000 1.93755307
6287.5500 1.92114105
6287.6000 1.91588587
6287.6500 1.91188534
6287.7000 1.90788482
6287.7500 1.90388429
6287.8000 1.89988376
6287.8500 1.91165878
6287.9000 1.92360864
6287.9500 1.9355585
6288.0000 1.94750837
6288.0500 1.95905912
6288.1000 1.96607285
6288.1500 1.97308657
6288.2000 1.9801003
6288.2500 1.98711402
6288.3000 1.99329342
6288.3500 1.99552206
6288.4000 1.99775069
6288.4500 1.99997932
6288.5000 2.00220796
6288.5500 2.0027698
6288.6000 1.99881497
6288.6500 1.99486014
6288.7000 1.9909053
6288.7500 1.98695047
6288.8000 1.981637
6288.8500 1.97397454
6288.9000 1.96631207
6288.9500 1.9586496
6289.0000 1.95098713
6289.0500 1.94250298
6289.1000 1.93307354
6289.1500 1.9236441
6289.2000 1.91421466
6289.2500 1.90478521
6289.3000 1.89790963
6289.3500 1.89299798
6289.4000 1.88808633
6289.4500 1.88317467
6289.5000 1.87826302
6289.5500 1.88724661
6289.6000 1.90315959
6289.6500 1.91907257
6289.7000 1.93498555
6289.7500 1.95089853
6289.8000 1.95176331
6289.8500 1.94815603
6289.9000 1.94454874
6289.9500 1.94094146
6290.0000 1.93733418
6290.0500 1.92057544
6290.1000 1.90195927
6290.1500 1.8833431
6290.2000 1.86472693
6290.2500 1.84611076
6290.3000 1.86285341
6290.3500 1.88019732
6290.4000 1.89754123
6290.4500 1.91488514
6290.5000 1.93148624
6290.5500 1.94075678
6290.6000 1.95002732
6290.6500 1.95929786
6290.7000 1.96856839
6290.7500 1.97464083
6290.8000 1.96811246
6290.8500 1.96158409
6290.9000 1.95505572
6290.9500 1.94852735
6291.0000 1.94495505
6291.0500 1.94782484
6291.1000 1.95069463
6291.1500 1.95356442
6291.2000 1.9564342
6291.2500 1.96183536
6291.3000 1.97061486
6291.3500 1.97939435
6291.4000 1.98817385
6291.4500 1.99695335
6291.5000 2.00295424
6291.5500 2.00662447
6291.6000 2.0102947
6291.6500 2.01396492
6291.7000 2.01763515
6291.7500 2.00223277
6291.8000 1.97704995
6291.8500 1.95186714
6291.9000 1.92668432
6291.9500 1.9015015
6292.0000 1.8922622
6292.0500 1.88752221
6292.1000 1.88278221
6292.1500 1.87804221
6292.2000 1.87330221
6292.2500 1.8747835
6292.3000 1.87695232
6292.3500 1.87912115
6292.4000 1.88128998
6292.4500 1.88331389
6292.5000 1.87911345
6292.5500 1.874913
6292.6000 1.87071256
6292.6500 1.86651211
6292.7000 1.86302481
6292.7500 1.86368511
6292.8000 1.86434541
6292.8500 1.86500571
6292.9000 1.86566601
6292.9500 1.86884511
6293.0000 1.87875313
6293.0500 1.88866116
6293.1000 1.89856919
6293.1500 1.90847721
6293.2000 1.92019649
6293.2500 1.93463581
6293.3000 1.94907514
6293.3500 1.96351446
6293.4000 1.97795379
6293.4500 1.9867838
6293.5000 1.99061477
6293.5500 1.99444574
6293.6000 1.99827671
6293.6500 2.00210767
6293.7000 2.00491929
6293.7500 2.00720462
6293.8000 2.00948996
6293.8500 2.01177529
6293.9000 2.01406062
6293.9500 2.01350994
6294.0000 2.01221415
6294.0500 2.01091837
6294.1000 2.00962258
6294.1500 2.00832679
6294.2000 2.00590264
6294.2500 2.00338839
6294.3000 2.00087415
6294.3500 1.9983599
6294.4000 1.99567833
6294.4500 1.99046005
6294.5000 1.98524177
6294.5500 1.98002349
6294.6000 1.9748052
6294.6500 1.96808181
6294.7000 1.95531531
6294.7500 1.94254882
6294.8000 1.92978232
6294.8500 1.91701582
6294.9000 1.91105675
6294.9500 1.91839417
6295.0000 1.92573159
6295.0500 1.93306902
6295.1000 1.94040644
6295.1500 1.94201618
6295.2000 1.93740896
6295.2500 1.93280173
6295.3000 1.92819451
6295.3500 1.92358729
6295.4000 1.92049121
6295.4500 1.91831299
6295.5000 1.91613478
6295.5500 1.91395656
6295.6000 1.91177835
6295.6500 1.90555672
6295.7000 1.8981028
6295.7500 1.89064887
6295.8000 1.88319495
6295.8500 1.87574103
6295.9000 1.87908523
6295.9500 1.88346599
6296.0000 1.88784674
6296.0500 1.8922275
6296.1000 1.89746201
6296.1500 1.9160473
6296.2000 1.93463258
6296.2500 1.95321787
6296.3000 1.97180316
6296.3500 1.98649363
6296.4000 1.98648716
6296.4500 1.98648069
6296.5000 1.98647423
6296.5500 1.98646776
6296.6000 1.99046531
6296.6500 2.00156341
6296.7000 2.01266152
6296.7500 2.02375962
6296.8000 2.03485773
6296.8500 2.03266222
6296.9000 2.01786469
6296.9500 2.00306716
6297.0000 1.98826963
6297.0500 1.9734721
6297.1000 1.96614239
6297.1500 1.96252708
6297.2000 1.95891177
6297.2500 1.95529647
6297.3000 1.95168116
6297.3500 1.94662597
6297.4000 1.94126325
6297.4500 1.93590052
6297.5000 1.93053779
6297.5500 1.92517507
6297.6000 1.94651228
6297.6500 1.96834241
6297.7000 1.99017255
6297.7500 2.01200268
6297.8000 2.02897716
6297.8500 2.01647724
6297.9000 2.00397732
6297.9500 1.9914774
6298.0000 1.97897748
6298.0500 1.96314248
6298.1000 1.93962499
6298.1500 1.9161075
6298.2000 1.89259
6298.2500 1.86907251
6298.3000 1.85765278
6298.3500 1.86011466
6298.4000 1.86257655
6298.4500 1.86503843
6298.5000 1.86750032
6298.5500 1.87529107
6298.6000 1.88620708
6298.6500 1.8971231
6298.7000 1.90803911
6298.7500 1.91895512
6298.8000 1.90988396
6298.8500 1.8957121
6298.9000 1.88154023
6298.9500 1.86736837
6299.0000 1.8531965
6299.0500 1.84451704
6299.1000 1.83603829
6299.1500 1.82755955
6299.2000 1.8190808
6299.2500 1.81263603
6299.3000 1.81928001
6299.3500 1.825924
6299.4000 1.83256798
6299.4500 1.83921197
6299.5000 1.85000398
6299.5500 1.87020582
6299.6000 1.89040765
6299.6500 1.91060948
6299.7000 1.93081132
6299.7500 1.94215158
6299.8000 1.94385721
6299.8500 1.94556285
6299.9000 1.94726849
6299.9500 1.94897413
6300.0000 1.95098182
6300.0500 1.95314934
6300.1000 1.95531687
6300.1500 1.95748439
6300.2000 1.95965192
6300.2500 1.96437714
6300.3000 1.96962437
6300.3500 1.9748716
6300.4000 1.98011882
6300.4500 1.98526641
6300.5000 1.97912981
6300.5500 1.97299322
6300.6000 1.96685662
6300.6500 1.96072002
6300.7000 1.95670931
6300.7500 1.96183865
6300.8000 1.966968
6300.8500 1.97209734
6300.9000 1.97722668
6300.9500 1.97916725
6301.0000 1.97568642
6301.0500 1.97220558
6301.1000 1.96872475
6301.1500 1.96524391
6301.2000 1.96489327
6301.2500 1.9670657
6301.3000 1.96923813
6301.3500 1.97141057
6301.4000 1.973583
6301.4500 1.97051612
6301.5000 1.96559637
6301.5500 1.96067661
6301.6000 1.95575686
6301.6500 1.9508371
6301.7000 1.93360468
6301.7500 1.91538101
6301.8000 1.89715734
6301.8500 1.87893367
6301.9000 1.86250697
6301.9500 1.86005446
6302.0000 1.85760195
6302.0500 1.85514944
6302.1000 1.85269693
6302.1500 1.85921115
6302.2000 1.88624588
6302.2500 1.9132806
6302.3000 1.94031532
6302.3500 1.96735004
6302.4000 1.97592941
6302.4500 1.96575108
6302.5000 1.95557276
6302.5500 1.94539444
6302.6000 1.93521611
6302.6500 1.91941698
6302.7000 1.9010865
6302.7500 1.88275602
6302.8000 1.86442554
6302.8500 1.84609506
6302.9000 1.85301476
6302.9500 1.86322398
6303.0000 1.87343321
6303.0500 1.88364243
6303.1000 1.89398569
6303.1500 1.90583566
6303.2000 1.91768562
6303.2500 1.92953558
6303.3000 1.94138555
6303.3500 1.94959021
6303.4000 1.9484372
6303.4500 1.94728419
6303.5000 1.94613119
6303.5500 1.94497818
6303.6000 1.94262125
6303.6500 1.93896372
6303.7000 1.93530619
6303.7500 1.93164866
6303.8000 1.92799113
6303.8500 1.92567839
6303.9000 1.9239905
6303.9500 1.92230262
6304.0000 1.92061473
6304.0500 1.91892685
6304.1000 1.92523984
6304.1500 1.93257705
6304.2000 1.93991426
6304.2500 1.94725147
6304.3000 1.95333306
6304.3500 1.94701842
6304.4000 1.94070378
6304.4500 1.93438915
6304.5000 1.92807451
6304.5500 1.91935562
6304.6000 1.90500369
6304.6500 1.89065176
6304.7000 1.87629983
6304.7500 1.86194791
6304.8000 1.85754834
6304.8500 1.86278755
6304.9000 1.86802676
6304.9500 1.87326597
6305.0000 1.87850519
6305.0500 1.88176768
6305.1000 1.88425599
6305.1500 1.8867443
6305.2000 1.88923261
6305.2500 1.89172092
6305.3000 1.88175337
6305.3500 1.87086039
6305.4000 1.85996741
6305.4500 1.84907442
6305.5000 1.84030051
6305.5500 1.84404048
6305.6000 1.84778046
6305.6500 1.85152043
6305.7000 1.85526041
6305.7500 1.85637974
6305.8000 1.85285006
6305.8500 1.84932039
6305.9000 1.84579071
6305.9500 1.84226103
6306.0000 1.84977416
6306.0500 1.86535396
6306.1000 1.88093376
6306.1500 1.89651355
6306.2000 1.91209335
6306.2500 1.8926599
6306.3000 1.86430587
6306.3500 1.83595184
6306.4000 1.8075978
6306.4500 1.7799698
6306.5000 1.79253997
6306.5500 1.80511013
6306.6000 1.8176803
6306.6500 1.83025046
6306.7000 1.84036346
6306.7500 1.84270532
6306.8000 1.84504717
6306.8500 1.84738902
6306.9000 1.84973088
6306.9500 1.85502887
6307.0000 1.86373586
6307.0500 1.87244285
6307.1000 1.88114984
6307.1500 1.88985683
6307.2000 1.88963128
6307.2500 1.88539865
6307.3000 1.88116602
6307.3500 1.8769334
6307.4000 1.87270077
6307.4500 1.87579994
6307.5000 1.87955464
6307.5500 1.88330934
6307.6000 1.88706405
6307.6500 1.89182109
6307.7000 1.90238348
6307.7500 1.91294586
6307.8000 1.92350825
6307.8500 1.93407064
6307.9000 1.93460136
6307.9500 1.91864236
6308.0000 1.90268336
6308.0500 1.88672435
6308.1000 1.87076535
6308.1500 1.86546128
6308.2000 1.86694178
6308.2500 1.86842229
6308.3000 1.86990279
6308.3500 1.87138329
6308.4000 1.8701186
6308.4500 1.86835185
6308.5000 1.8665851
6308.5500 1.86481834
6308.6000 1.86305106
6308.6500 1.86127787
6308.7000 1.85950467
6308.7500 1.85773147
6308.8000 1.85595827
6308.8500 1.86074707
6308.9000 1.87952197
6308.9500 1.89829687
6309.0000 1.91707177
6309.0500 1.93584667
6309.1000 1.93657695
6309.1500 1.92306509
6309.2000 1.90955323
6309.2500 1.89604137
6309.3000 1.88252951
6309.3500 1.86953057
6309.4000 1.85665975
6309.4500 1.84378894
6309.5000 1.83091812
6309.5500 1.81853345
6309.6000 1.81694714
6309.6500 1.81536083
6309.7000 1.81377453
6309.7500 1.81218822
6309.8000 1.81182004
6309.8500 1.81446722
6309.9000 1.81711439
6309.9500 1.81976157
6310.0000 1.82240874
6310.0500 1.82731304
6310.1000 1.83418625
6310.1500 1.84105945
6310.2000 1.84793266
6310.2500 1.85480587
6310.3000 1.85347331
6310.3500 1.84985545
6310.4000 1.84623759
6310.4500 1.84261974
6310.5000 1.83950323
6310.5500 1.85158032
6310.6000 1.86365741
6310.6500 1.8757345
6310.7000 1.88781159
6310.7500 1.89652812
6310.8000 1.89674826
6310.8500 1.89696839
6310.9000 1.89718853
6310.9500 1.89740866
6311.0000 1.89667999
6311.0500 1.89513198
6311.1000 1.89358397
6311.1500 1.89203596
6311.2000 1.89048796
6311.2500 1.88601591
6311.3000 1.88077366
6311.3500 1.87553141
6311.4000 1.87028916
6311.4500 1.86525556
6311.5000 1.86434998
6311.5500 1.86344439
6311.6000 1.86253881
6311.6500 1.86163322
6311.7000 1.86340577
6311.7500 1.87124008
6311.8000 1.87907439
6311.8500 1.8869087
6311.9000 1.89474301
6311.9500 1.90095269
6312.0000 1.90591886
6312.0500 1.91088504
6312.1000 1.91585122
6312.1500 1.9208174
6312.2000 1.90644819
6312.2500 1.88806728
6312.3000 1.86968637
6312.3500 1.85130546
6312.4000 1.83631031
6312.4500 1.85488942
6312.5000 1.87346854
6312.5500 1.89204765
6312.6000 1.91062676
6312.6500 1.91467873
6312.7000 1.89253687
6312.7500 1.87039502
6312.8000 1.84825317
6312.8500 1.82611132
6312.9000 1.81765005
6312.9500 1.81744628
6313.0000 1.81724252
6313.0500 1.81703875
6313.1000 1.81683498
6313.1500 1.82446069
6313.2000 1.8330328
6313.2500 1.84160491
6313.3000 1.85017701
6313.3500 1.85624765
6313.4000 1.84941928
6313.4500 1.84259092
6313.5000 1.83576255
6313.5500 1.82893418
6313.6000 1.81790418
6313.6500 1.80140366
6313.7000 1.78490313
6313.7500 1.76840261
6313.8000 1.75190208
6313.8500 1.75433845
6313.9000 1.76458148
6313.9500 1.7748245
6314.0000 1.78506753
6314.0500 1.79531055
6314.1000 1.78950033
6314.1500 1.78342058
6314.2000 1.77734083
6314.2500 1.77126109
6314.3000 1.76823708
6314.3500 1.77388349
6314.4000 1.77952989
6314.4500 1.7851763
6314.5000 1.79082271
6314.5500 1.80054115
6314.6000 1.81373667
6314.6500 1.82693218
6314.7000 1.84012769
6314.7500 1.85332321
6314.8000 1.83923405
6314.8500 1.81915279
6314.9000 1.79907154
6314.9500 1.77899028
6315.0000 1.76135822
6315.0500 1.76524965
6315.1000 1.76914109
6315.1500 1.77303252
6315.2000 1.77692395
6315.2500 1.78603373
6315.3000 1.80344033
6315.3500 1.82084694
6315.4000 1.83825354
6315.4500 1.85566014
6315.5000 1.86206235
6315.5500 1.86308764
6315.6000 1.86411292
6315.6500 1.86513821
6315.7000 1.8661635
6315.7500 1.86048354
6315.8000 1.85451788
6315.8500 1.84855221
6315.9000 1.84258654
6315.9500 1.83606728
6316.0000 1.82787128
6316.0500 1.81967528
6316.1000 1.81147928
6316.1500 1.80328328
6316.2000 1.79746787
6316.2500 1.7936886
6316.3000 1.78990934
6316.3500 1.78613007
6316.4000 1.7823508
6316.4500 1.78921979
6316.5000 1.79824675
6316.5500 1.80727371
6316.6000 1.81630066
6316.6500 1.82502395
6316.7000 1.83163501
6316.7500 1.83824608
6316.8000 1.84485714
6316.8500 1.8514682
6316.9000 1.85190113
6316.9500 1.84385886
6317.0000 1.83581658
6317.0500 1.8277743
6317.1000 1.81973202
6317.1500 1.80857497
6317.2000 1.79620212
6317.2500 1.78382927
6317.3000 1.77145642
6317.3500 1.7595071
6317.4000 1.76991132
6317.4500 1.78031554
6317.5000 1.79071976
6317.5500 1.80112398
6317.6000 1.81034882
6317.6500 1.81706345
6317.7000 1.82377808
6317.7500 1.83049271
6317.8000 1.83720734
6317.8500 1.8428534
6317.9000 1.84785121
6317.9500 1.85284902
6318.0000 1.85784684
6318.0500 1.86284465
6318.1000 1.84550525
6318.1500 1.82640413
6318.2000 1.807303
6318.2500 1.78820188
6318.3000 1.77462599
6318.3500 1.77922938
6318.4000 1.78383278
6318.4500 1.78843617
6318.5000 1.79303957
6318.5500 1.79697114
6318.6000 1.8003327
6318.6500 1.80369426
6318.7000 1.80705582
6318.7500 1.81041738
6318.8000 1.81685877
6318.8500 1.82384107
6318.9000 1.83082337
6318.9500 1.83780567
6319.0000 1.84220833
6319.0500 1.83326099
6319.1000 1.82431364
6319.1500 1.8153663
6319.2000 1.80641895
6319.2500 1.79319172
6319.3000 1.77523375
6319.3500 1.75727578
6319.4000 1.73931781
6319.4500 1.72135984
6319.5000 1.7208394
6319.5500 1.72496157
6319.6000 1.72908374
6319.6500 1.73320591
6319.7000 1.73749803
6319.7500 1.74322032
6319.8000 1.74894262
6319.8500 1.75466492
6319.9000 1.76038721
6319.9500 1.76382631
6320.0000 1.76416868
6320.0500 1.76451105
6320.1000 1.76485342
6320.1500 1.76519578
6320.2000 1.76599852
6320.2500 1.76695941
6320.3000 1.76792031
6320.3500 1.76888121
6320.4000 1.770714
6320.4500 1.78490562
6320.5000 1.79909723
6320.5500 1.81328885
6320.6000 1.82748046
6320.6500 1.83145709
6320.7000 1.81940426
6320.7500 1.80735142
6320.8000 1.79529858
6320.8500 1.78324575
6320.9000 1.78707776
6320.9500 1.79726439
6321.0000 1.80745102
6321.0500 1.81763766
6321.1000 1.82743697
6321.1500 1.82818094
6321.2000 1.8289249
6321.2500 1.82966887
6321.3000 1.83041283
6321.3500 1.82643254
6321.4000 1.81439047
6321.4500 1.80234841
6321.5000 1.79030634
6321.5500 1.77826428
6321.6000 1.77783664
6321.6500 1.78239446
6321.7000 1.78695227
6321.7500 1.79151008
6321.8000 1.79582324
6321.8500 1.79263088
6321.9000 1.78943852
6321.9500 1.78624616
6322.0000 1.7830538
6322.0500 1.7741941
6322.1000 1.75548247
6322.1500 1.73677085
6322.2000 1.71805922
6322.2500 1.6993476
6322.3000 1.69823311
6322.3500 1.70464197
6322.4000 1.71105082
6322.4500 1.71745967
6322.5000 1.72386384
6322.5500 1.73014805
6322.6000 1.73643226
6322.6500 1.74271647
6322.7000 1.74900069
6322.7500 1.75202637
6322.8000 1.74965153
6322.8500 1.74727669
6322.9000 1.74490185
6322.9500 1.74252701
6323.0000 1.74353909
6323.0500 1.74588939
6323.1000 1.74823969
6323.1500 1.75058998
6323.2000 1.75278721
6323.2500 1.7525422
6323.3000 1.75229718
6323.3500 1.75205217
6323.4000 1.75180716
6323.4500 1.74796237
6323.5000 1.73878243
6323.5500 1.72960249
6323.6000 1.72042255
6323.6500 1.71124261
6323.7000 1.71748847
6323.7500 1.7289171
6323.8000 1.74034573
6323.8500 1.75177435
6323.9000 1.76300381
6323.9500 1.77235457
6324.0000 1.78170533
6324.0500 1.79105609
6324.1000 1.80040685
6324.1500 1.80590623
6324.2000 1.80660049
6324.2500 1.80729476
6324.3000 1.80798902
6324.3500 1.80868329
6324.4000 1.80336419
6324.4500 1.79650101
6324.5000 1.78963782
6324.5500 1.78277464
6324.6000 1.77566878
6324.6500 1.76716791
6324.7000 1.75866704
6324.7500 1.75016617
6324.8000 1.74166529
6324.8500 1.74718907
6324.9000 1.76660424
6324.9500 1.78601941
6325.0000 1.80543458
6325.0500 1.82484975
6325.1000 1.81914825
6325.1500 1.80930058
6325.2000 1.7994529
6325.2500 1.78960523
6325.3000 1.78082122
6325.3500 1.77589888
6325.4000 1.77097654
6325.4500 1.7660542
6325.5000 1.76113186
6325.5500 1.75549583
6325.6000 1.74933297
6325.6500 1.7431701
6325.7000 1.73700724
6325.7500 1.73084437
6325.8000 1.72471344
6325.8500 1.71858467
6325.9000 1.71245591
6325.9500 1.70632714
6326.0000 1.70767322
6326.0500 1.72652769
6326.1000 1.74538215
6326.1500 1.76423661
6326.2000 1.78309107
6326.2500 1.78781468
6326.3000 1.78537844
6326.3500 1.78294221
6326.4000 1.78050597
6326.4500 1.7777125
6326.5000 1.76334645
6326.5500 1.74898039
6326.6000 1.73461434
6326.6500 1.72024828
6326.7000 1.71379556
6326.7500 1.71931739
6326.8000 1.72483921
6326.8500 1.73036104
6326.9000 1.73588287
6326.9500 1.72900353
6327.0000 1.71836893
6327.0500 1.70773434
6327.1000 1.69709975
6327.1500 1.6902729
6327.2000 1.70704017
6327.2500 1.72380744
6327.3000 1.74057471
6327.3500 1.75734198
6327.4000 1.7601701
6327.4500 1.74971614
6327.5000 1.73926217
6327.5500 1.72880821
6327.6000 1.71835425
6327.6500 1.73300162
6327.7000 1.75085006
6327.7500 1.76869849
6327.8000 1.78654693
6327.8500 1.79475242
6327.9000 1.77599779
6327.9500 1.75724317
6328.0000 1.73848854
6328.0500 1.71973392
6328.1000 1.71869585
6328.1500 1.72754939
6328.2000 1.73640294
6328.2500 1.74525648
6328.3000 1.75410719
6328.3500 1.76282988
6328.4000 1.77155257
6328.4500 1.78027526
6328.5000 1.78899795
6328.5500 1.78676797
6328.6000 1.76834043
6328.6500 1.7499129
6328.7000 1.73148536
6328.7500 1.71305783
6328.8000 1.70605872
6328.8500 1.70215568
6328.9000 1.69825265
6328.9500 1.69434961
6329.0000 1.68710485
6329.0500 1.66377165
6329.1000 1.64043845
6329.1500 1.61710526
6329.2000 1.59377206
6329.2500 1.60496497
6329.3000 1.64341183
6329.3500 1.68185869
6329.4000 1.72030556
6329.4500 1.75875242
6329.5000 1.74513837
6329.5500 1.72863647
6329.6000 1.71213457
6329.6500 1.69563267
6329.7000 1.68858998
6329.7500 1.7000942
6329.8000 1.71159843
6329.8500 1.72310266
6329.9000 1.73460689
6329.9500 1.73242371
6330.0000 1.72517258
6330.0500 1.71792145
6330.1000 1.71067031
6330.1500 1.70336864
6330.2000 1.69570843
6330.2500 1.68804821
6330.3000 1.68038799
6330.3500 1.67272778
6330.4000 1.67318344
6330.4500 1.68116036
6330.5000 1.68913728
6330.5500 1.6971142
6330.6000 1.70509112
6330.6500 1.70706587
6330.7000 1.7084917
6330.7500 1.70991753
6330.8000 1.71134335
6330.8500 1.70903053
6330.9000 1.69859238
6330.9500 1.68815423
6331.0000 1.67771608
6331.0500 1.66727793
6331.1000 1.66090261
6331.1500 1.65614068
6331.2000 1.65137875
6331.2500 1.64661682
6331.3000 1.64386269
6331.3500 1.65609794
6331.4000 1.6683332
6331.4500 1.68056845
6331.5000 1.69280371
6331.5500 1.70185567
6331.6000 1.70799511
6331.6500 1.71413455
6331.7000 1.72027399
6331.7500 1.72641343
6331.8000 1.69791327
6331.8500 1.66672616
6331.9000 1.63553904
6331.9500 1.60435192
6332.0000 1.59152035
6332.0500 1.61503722
6332.1000 1.6385541
6332.1500 1.66207097
6332.2000 1.68558785
6332.2500 1.69222427
6332.3000 1.69307654
6332.3500 1.69392881
6332.4000 1.69478109
6332.4500 1.69623559
6332.5000 1.70095404
6332.5500 1.70567248
6332.6000 1.71039093
6332.6500 1.71510938
6332.7000 1.71627171
6332.7500 1.71473451
6332.8000 1.71319731
6332.8500 1.71166011
6332.9000 1.71012291
6332.9500 1.70065416
6333.0000 1.69104731
6333.0500 1.68144045
6333.1000 1.6718336
6333.1500 1.66965249
6333.2000 1.6786552
6333.2500 1.68765791
6333.3000 1.69666062
6333.3500 1.70566333
6333.4000 1.70263763
6333.4500 1.6969158
6333.5000 1.69119397
6333.5500 1.68547214
6333.6000 1.68024395
6333.6500 1.67660952
6333.7000 1.67297508
6333.7500 1.66934065
6333.8000 1.66570621
6333.8500 1.67417605
6333.9000 1.68894271
6333.9500 1.70370936
6334.0000 1.71847602
6334.0500 1.73300385
6334.1000 1.74481629
6334.1500 1.75662872
6334.2000 1.76844115
6334.2500 1.78025358
6334.3000 1.77674385
6334.3500 1.75825163
6334.4000 1.73975941
6334.4500 1.72126718
6334.5000 1.70277496
6334.5500 1.69819439
6334.6000 1.69462735
6334.6500 1.69106032
6334.7000 1.68749328
6334.7500 1.68479439
6334.8000 1.68363683
6334.8500 1.68247927
6334.9000 1.68132171
6334.9500 1.68016415
6335.0000 1.67676212
6335.0500 1.67276433
6335.1000 1.66876653
6335.1500 1.66476874
6335.2000 1.66527155
6335.2500 1.68155556
6335.3000 1.69783956
6335.3500 1.71412357
6335.4000 1.73040757
6335.4500 1.73010441
6335.5000 1.72107574
6335.5500 1.71204707
6335.6000 1.7030184
6335.6500 1.69663244
6335.7000 1.71683615
6335.7500 1.73703986
6335.8000 1.75724357
6335.8500 1.77744728
6335.9000 1.77965589
6335.9500 1.76572894
6336.0000 1.75180199
6336.0500 1.73787504
6336.1000 1.72394809
6336.1500 1.71725917
6336.2000 1.71082652
6336.2500 1.70439386
6336.3000 1.69796121
6336.3500 1.69355687
6336.4000 1.6921189
6336.4500 1.69068093
6336.5000 1.68924296
6336.5500 1.68780499
6336.6000 1.69079483
6336.6500 1.69457767
6336.7000 1.69836051
6336.7500 1.70214334
6336.8000 1.71639583
6336.8500 1.75605184
6336.9000 1.79570785
6336.9500 1.83536386
6337.0000 1.87501987
6337.0500 1.85777595
6337.1000 1.82026064
6337.1500 1.78274533
6337.2000 1.74523003
6337.2500 1.71780667
6337.3000 1.73498607
6337.3500 1.75216547
6337.4000 1.76934487
6337.4500 1.78652426
6337.5000 1.77616749
6337.5500 1.74987571
6337.6000 1.72358394
6337.6500 1.69729217
6337.7000 1.67436972
6337.7500 1.68814929
6337.8000 1.70192887
6337.8500 1.71570844
6337.9000 1.72948802
6337.9500 1.73232298
6338.0000 1.72570095
6338.0500 1.71907891
6338.1000 1.71245688
6338.1500 1.70583485
6338.2000 1.70659536
6338.2500 1.70742623
6338.3000 1.7082571
6338.3500 1.70908796
6338.4000 1.71991136
6338.4500 1.74312744
6338.5000 1.76634351
6338.5500 1.78955958
6338.6000 1.81277566
6338.6500 1.80487006
6338.7000 1.79365748
6338.7500 1.78244491
6338.8000 1.77123233
6338.8500 1.76424286
6338.9000 1.76465677
6338.9500 1.76507067
6339.0000 1.76548458
6339.0500 1.76589849
6339.1000 1.76242299
6339.1500 1.75811815
6339.2000 1.75381331
6339.2500 1.74950847
6339.3000 1.74210848
6339.3500 1.72701858
6339.4000 1.71192869
6339.4500 1.69683879
6339.5000 1.68174889
6339.5500 1.67992921
6339.6000 1.68249872
6339.6500 1.68506823
6339.7000 1.68763773
6339.7500 1.69156024
6339.8000 1.70034614
6339.8500 1.70913204
6339.9000 1.71791793
6339.9500 1.72670383
6340.0000 1.72226071
6340.0500 1.7117504
6340.1000 1.7012401
6340.1500 1.69072979
6340.2000 1.68260992
6340.2500 1.6874989
6340.3000 1.69238789
6340.3500 1.69727687
6340.4000 1.70216585
6340.4500 1.70189144
6340.5000 1.69854027
6340.5500 1.6951891
6340.6000 1.69183793
6340.6500 1.68779539
6340.7000 1.67751159
6340.7500 1.66722778
6340.8000 1.65694398
6340.8500 1.64666017
6340.9000 1.6443103
6340.9500 1.64783501
6341.0000 1.65135973
6341.0500 1.65488445
6341.1000 1.6581165
6341.1500 1.65591842
6341.2000 1.65372033
6341.2500 1.65152225
6341.3000 1.64932416
6341.3500 1.64752242
6341.4000 1.64607295
6341.4500 1.64462348
6341.5000 1.643174
6341.5500 1.64176426
6341.6000 1.64451004
6341.6500 1.64725582
6341.7000 1.6500016
6341.7500 1.65274738
6341.8000 1.66128483
6341.8500 1.67582076
6341.9000 1.69035669
6341.9500 1.70489262
6342.0000 1.71942854
6342.0500 1.69852587
6342.1000 1.67670406
6342.1500 1.65488225
6342.2000 1.63306044
6342.2500 1.64091381
6342.3000 1.68361169
6342.3500 1.72630957
6342.4000 1.76900745
6342.4500 1.81170534
6342.5000 1.79147366
6342.5500 1.76771239
6342.6000 1.74395112
6342.6500 1.72018986
6342.7000 1.71090248
6342.7500 1.72037081
6342.8000 1.72983914
6342.8500 1.73930747
6342.9000 1.7487758
6342.9500 1.73694765
6343.0000 1.72341724
6343.0500 1.70988682
6343.1000 1.6963564
6343.1500 1.69942668
6343.2000 1.72559874
6343.2500 1.7517708
6343.3000 1.77794287
6343.3500 1.80411493
6343.4000 1.80891671
6343.4500 1.81165648
6343.5000 1.81439626
6343.5500 1.81713603
6343.6000 1.80933765
6343.6500 1.78622369
6343.7000 1.76310973
6343.7500 1.73999576
6343.8000 1.7168818
6343.8500 1.7122444
6343.9000 1.7095478
6343.9500 1.7068512
6344.0000 1.7041546
6344.0500 1.69932865
6344.1000 1.69136153
6344.1500 1.68339441
6344.2000 1.6754273
6344.2500 1.66746018
6344.3000 1.65685205
6344.3500 1.64596609
6344.4000 1.63508013
6344.4500 1.62419417
6344.5000 1.61713787
6344.5500 1.61565345
6344.6000 1.61416904
6344.6500 1.61268462
6344.7000 1.6112002
6344.7500 1.62809309
6344.8000 1.64676788
6344.8500 1.66544268
6344.9000 1.68411747
6344.9500 1.70008956
6345.0000 1.71229242
6345.0500 1.72449528
6345.1000 1.73669813
6345.1500 1.74890099
6345.2000 1.73676315
6345.2500 1.72266123
6345.3000 1.70855931
6345.3500 1.69445739
6345.4000 1.68774571
6345.4500 1.69064084
6345.5000 1.69353598
6345.5500 1.69643111
6345.6000 1.69932624
6345.6500 1.7014833
6345.7000 1.70359822
6345.7500 1.70571314
6345.8000 1.70782805
6345.8500 1.70986199
6345.9000 1.71180044
6345.9500 1.7137389
6346.0000 1.71567735
6346.0500 1.71761581
6346.1000 1.70750341
6346.1500 1.69706396
6346.2000 1.6866245
6346.2500 1.67618504
6346.3000 1.6782357
6346.3500 1.6932878
6346.4000 1.7083399
6346.4500 1.723392
6346.5000 1.73818151
6346.5500 1.72080546
6346.6000 1.70342942
6346.6500 1.68605337
6346.7000 1.66867732
6346.7500 1.66104036
6346.8000 1.66211102
6346.8500 1.66318167
6346.9000 1.66425232
6346.9500 1.66438289
6347.0000 1.64648211
6347.0500 1.62858133
6347.1000 1.61068056
6347.1500 1.59277978
6347.2000 1.58731493
6347.2500 1.59112183
6347.3000 1.59492874
6347.3500 1.59873565
6347.4000 1.60368861
6347.4500 1.61919666
6347.5000 1.63470471
6347.5500 1.65021277
6347.6000 1.66572082
6347.6500 1.67017033
6347.7000 1.66797736
6347.7500 1.6657844
6347.8000 1.66359143
6347.8500 1.6627643
6347.9000 1.66948255
6347.9500 1.6762008
6348.0000 1.68291905
6348.0500 1.6896373
6348.1000 1.66994535
6348.1500 1.6380261
6348.2000 1.60610684
6348.2500 1.57418758
6348.3000 1.55500974
6348.3500 1.58220483
6348.4000 1.60939991
6348.4500 1.636595
6348.5000 1.66379009
6348.5500 1.68987781
6348.6000 1.71559497
6348.6500 1.74131213
6348.7000 1.7670293
6348.7500 1.78205001
6348.8000 1.77020216
6348.8500 1.75835432
6348.9000 1.74650647
6348.9500 1.73465862
6349.0000 1.73103514
6349.0500 1.72919319
6349.1000 1.72735124
6349.1500 1.72550929
6349.2000 1.7168653
6349.2500 1.69617554
6349.3000 1.67548578
6349.3500 1.65479601
6349.4000 1.63410625
6349.4500 1.65193182
6349.5000 1.67396235
6349.5500 1.69599287
6349.6000 1.71802339
6349.6500 1.72937179
6349.7000 1.72734254
6349.7500 1.7253133
6349.8000 1.72328405
6349.8500 1.7212548
6349.9000 1.70339424
6349.9500 1.68534353
6350.0000 1.66729283
6350.0500 1.64924212
6350.1000 1.65618786
6350.1500 1.68494548
6350.2000 1.71370309
6350.2500 1.7424607
6350.3000 1.76708191
6350.3500 1.74517235
6350.4000 1.72326278
6350.4500 1.70135322
6350.5000 1.67944366
6350.5500 1.67927494
6350.6000 1.69182013
6350.6500 1.70436533
6350.7000 1.71691052
6350.7500 1.72955693
6350.8000 1.74265793
6350.8500 1.75575894
6350.9000 1.76885994
6350.9500 1.78196095
6351.0000 1.77690011
6351.0500 1.76528853
6351.1000 1.75367695
6351.1500 1.74206536
6351.2000 1.73631375
6351.2500 1.74494448
6351.3000 1.75357521
6351.3500 1.76220593
6351.4000 1.77083666
6351.4500 1.78121541
6351.5000 1.79191284
6351.5500 1.80261028
6351.6000 1.81330772
6351.6500 1.8080564
6351.7000 1.77926104
6351.7500 1.75046568
6351.8000 1.72167031
6351.8500 1.69287495
6351.9000 1.67413494
6351.9500 1.65577455
6352.0000 1.63741416
6352.0500 1.61905377
6352.1000 1.63442203
6352.1500 1.6802898
6352.2000 1.72615756
6352.2500 1.77202533
6352.3000 1.81152607
6352.3500 1.78536382
6352.4000 1.75920157
6352.4500 1.73303932
6352.5000 1.70687707
6352.5500 1.72484361
6352.6000 1.76621979
6352.6500 1.80759597
6352.7000 1.84897214
6352.7500 1.87906009
6352.8000 1.86915406
6352.8500 1.85924803
6352.9000 1.849342
6352.9500 1.83943598
6353.0000 1.80652854
6353.0500 1.76745475
6353.1000 1.72838096
6353.1500 1.68930717
6353.2000 1.66616705
6353.2500 1.67150161
6353.3000 1.67683616
6353.3500 1.68217071
6353.4000 1.68750526
6353.4500 1.69922594
6353.5000 1.71142178
6353.5500 1.72361763
6353.6000 1.73581347
6353.6500 1.74696582
6353.7000 1.75709301
6353.7500 1.7672202
6353.8000 1.7773474
6353.8500 1.78450846
6353.9000 1.75749325
6353.9500 1.73047804
6354.0000 1.70346282
6354.0500 1.67644761
6354.1000 1.66266335
6354.1500 1.65578589
6354.2000 1.64890842
6354.2500 1.64203096
6354.3000 1.64624945
6354.3500 1.68640342
6354.4000 1.72655738
6354.4500 1.76671134
6354.5000 1.8068653
6354.5500 0
6354.6000 0
6354.6500 0
6354.7000 0
