5139.0500 0.86023741
5139.1000 0.89115767
5139.1500 0.80333625
5139.2000 0.71551484
5139.2500 0.62769342
5139.3000 0.539872
5139.3500 0.51988503
5139.4000 0.60632446
5139.4500 0.6927639
5139.5000 0.77920333
5139.5500 0.86564277
5139.6000 0.87168378
5139.6500 0.81307874
5139.7000 0.75447371
5139.7500 0.69586867
5139.8000 0.63726364
5139.8500 0.63207535
5139.9000 0.64763124
5139.9500 0.66318713
5140.0000 0.67874302
5140.0500 0.69429891
5140.1000 0.74625356
5140.1500 0.80283554
5140.2000 0.85941753
5140.2500 0.91599951
5140.3000 0.96795273
5140.3500 0.94051059
5140.4000 0.91306845
5140.4500 0.88562631
5140.5000 0.85818417
5140.5500 0.82358347
5140.6000 0.76417186
5140.6500 0.70476024
5140.7000 0.64534863
5140.7500 0.58593701
5140.8000 0.56704013
5140.8500 0.61053584
5140.9000 0.65403155
5140.9500 0.69752726
5141.0000 0.74102297
5141.0500 0.73606547
5141.1000 0.69371791
5141.1500 0.65137035
5141.2000 0.60902279
5141.2500 0.56667523
5141.3000 0.5892295
5141.3500 0.63504813
5141.4000 0.68086676
5141.4500 0.72668539
5141.5000 0.77250402
5141.5500 0.77751739
5141.6000 0.77843487
5141.6500 0.77935236
5141.7000 0.78026984
5141.7500 0.78066218
5141.8000 0.77520569
5141.8500 0.7697492
5141.9000 0.76429271
5141.9500 0.75883622
5142.0000 0.75616688
5142.0500 0.76155725
5142.1000 0.76694761
5142.1500 0.77233797
5142.2000 0.77772834
5142.2500 0.78764185
5142.3000 0.80349079
5142.3500 0.81933973
5142.4000 0.83518867
5142.4500 0.85103761
5142.5000 0.79311765
5142.5500 0.6878301
5142.6000 0.58254255
5142.6500 0.47725501
5142.7000 0.37196746
5142.7500 0.40919538
5142.8000 0.48512662
5142.8500 0.56105786
5142.9000 0.6369891
5142.9500 0.71292034
5143.0000 0.72989781
5143.0500 0.74472737
5143.1000 0.75955693
5143.1500 0.77438649
5143.2000 0.77768358
5143.2500 0.71255581
5143.3000 0.64742805
5143.3500 0.58230029
5143.4000 0.51717252
5143.4500 0.50574326
5143.5000 0.60605216
5143.5500 0.70636105
5143.6000 0.80666995
5143.6500 0.90697884
5143.7000 0.92939699
5143.7500 0.87574401
5143.8000 0.82209102
5143.8500 0.76843804
5143.9000 0.71478506
5143.9500 0.74033188
5144.0000 0.80176099
5144.0500 0.86319009
5144.1000 0.92461919
5144.1500 0.9860483
5144.2000 0.94710328
5144.2500 0.89335417
5144.3000 0.83960506
5144.3500 0.78585595
5144.4000 0.73699095
5144.4500 0.77091747
5144.5000 0.80484399
5144.5500 0.8387705
5144.6000 0.87269702
5144.6500 0.89602266
5144.7000 0.88594749
5144.7500 0.87587232
5144.8000 0.86579714
5144.8500 0.85572197
5144.9000 0.84878133
5144.9500 0.84604513
5145.0000 0.84330893
5145.0500 0.84057272
5145.1000 0.83783652
5145.1500 0.89851996
5145.2000 0.99902675
5145.2500 1.09953354
5145.3000 1.20004033
5145.3500 1.30054712
5145.4000 1.18809306
5145.4500 1.02320191
5145.5000 0.85831075
5145.5500 0.6934196
5145.6000 0.52852845
5145.6500 0.58439182
5145.7000 0.64213728
5145.7500 0.69988274
5145.8000 0.75762821
5145.8500 0.80838717
5145.9000 0.82767196
5145.9500 0.84695675
5146.0000 0.86624154
5146.0500 0.88552633
5146.1000 0.85733224
5146.1500 0.74924
5146.2000 0.64114777
5146.2500 0.53305554
5146.3000 0.42496331
5146.3500 0.4038627
5146.4000 0.44978786
5146.4500 0.49571302
5146.5000 0.54163817
5146.5500 0.58756333
5146.6000 0.63674609
5146.6500 0.68696957
5146.7000 0.73719306
5146.7500 0.78741654
5146.8000 0.83764003
5146.8500 0.82497398
5146.9000 0.80913166
5146.9500 0.79328935
5147.0000 0.77744704
5147.0500 0.76546
5147.1000 0.77585163
5147.1500 0.78624326
5147.2000 0.79663489
5147.2500 0.80702652
5147.3000 0.80886788
5147.3500 0.7943303
5147.4000 0.77979272
5147.4500 0.76525514
5147.5000 0.75071756
5147.5500 0.73766598
5147.6000 0.72588027
5147.6500 0.71409456
5147.7000 0.70230884
5147.7500 0.69052313
5147.8000 0.6950557
5147.8500 0.70538133
5147.9000 0.71570696
5147.9500 0.7260326
5148.0000 0.73635823
5148.0500 0.73049054
5148.1000 0.72353419
5148.1500 0.71657785
5148.2000 0.70962151
5148.2500 0.69954115
5148.3000 0.66978231
5148.3500 0.64002347
5148.4000 0.61026463
5148.4500 0.5805058
5148.5000 0.57771563
5148.5500 0.62774668
5148.6000 0.67777773
5148.6500 0.72780878
5148.7000 0.77783982
5148.7500 0.78805205
5148.8000 0.76434278
5148.8500 0.74063352
5148.9000 0.71692425
5148.9500 0.69321498
5149.0000 0.6469825
5149.0500 0.59295842
5149.1000 0.53893435
5149.1500 0.48491028
5149.2000 0.4308862
5149.2500 0.45213975
5149.3000 0.47760899
5149.3500 0.50307822
5149.4000 0.52854746
5149.4500 0.55617519
5149.5000 0.5958487
5149.5500 0.63552221
5149.6000 0.67519572
5149.6500 0.71486923
5149.7000 0.73335517
5149.7500 0.71383834
5149.8000 0.69432151
5149.8500 0.67480468
5149.9000 0.65528785
5149.9500 0.64024616
5150.0000 0.62865053
5150.0500 0.61705491
5150.1000 0.60545928
5150.1500 0.59386365
5150.2000 0.62013838
5150.2500 0.65753646
5150.3000 0.69493453
5150.3500 0.73233261
5150.4000 0.76973068
5150.4500 0.72391965
5150.5000 0.67658148
5150.5500 0.62924331
5150.6000 0.58190514
5150.6500 0.55078409
5150.7000 0.58790981
5150.7500 0.62503553
5150.8000 0.66216125
5150.8500 0.69928697
5150.9000 0.72192507
5150.9500 0.72310435
5151.0000 0.72428363
5151.0500 0.72546291
5151.1000 0.72664219
5151.1500 0.71978091
5151.2000 0.70788777
5151.2500 0.69599464
5151.3000 0.6841015
5151.3500 0.67220836
5151.4000 0.68386163
5151.4500 0.70040154
5151.5000 0.71694145
5151.5500 0.73348137
5151.6000 0.74725915
5151.6500 0.69835601
5151.7000 0.64945287
5151.7500 0.60054973
5151.8000 0.55164659
5151.8500 0.51882596
5151.9000 0.53242926
5151.9500 0.54603256
5152.0000 0.55963586
5152.0500 0.57323917
5152.1000 0.5701186
5152.1500 0.54839458
5152.2000 0.52667056
5152.2500 0.50494655
5152.3000 0.48322253
5152.3500 0.51793669
5152.4000 0.57794558
5152.4500 0.63795447
5152.5000 0.69796336
5152.5500 0.75797225
5152.6000 0.7680232
5152.6500 0.77305239
5152.7000 0.77808159
5152.7500 0.78311078
5152.8000 0.78025274
5152.8500 0.7235784
5152.9000 0.66690406
5152.9500 0.61022972
5153.0000 0.55355537
5153.0500 0.52297238
5153.1000 0.54127103
5153.1500 0.55956968
5153.2000 0.57786833
5153.2500 0.59616698
5153.3000 0.58203302
5153.3500 0.54335429
5153.4000 0.50467557
5153.4500 0.46599684
5153.5000 0.42731811
5153.5500 0.4694815
5153.6000 0.53294665
5153.6500 0.5964118
5153.7000 0.65987696
5153.7500 0.72265636
5153.8000 0.73951564
5153.8500 0.75637493
5153.9000 0.77323421
5153.9500 0.7900935
5154.0000 0.79755963
5154.0500 0.77511745
5154.1000 0.75267528
5154.1500 0.7302331
5154.2000 0.70779092
5154.2500 0.69943988
5154.3000 0.7073456
5154.3500 0.71525132
5154.4000 0.72315704
5154.4500 0.73106276
5154.5000 0.72219706
5154.5500 0.70581992
5154.6000 0.68944277
5154.6500 0.67306563
5154.7000 0.65668848
5154.7500 0.68346122
5154.8000 0.71408581
5154.8500 0.7447104
5154.9000 0.77533498
5154.9500 0.79948236
5155.0000 0.7858826
5155.0500 0.77228284
5155.1000 0.75868307
5155.1500 0.74508331
5155.2000 0.74527396
5155.2500 0.76835954
5155.3000 0.79144513
5155.3500 0.81453071
5155.4000 0.83761629
5155.4500 0.79108486
5155.5000 0.6993657
5155.5500 0.60764654
5155.6000 0.51592738
5155.6500 0.42420823
5155.7000 0.42278729
5155.7500 0.43883328
5155.8000 0.45487928
5155.8500 0.47092528
5155.9000 0.48798273
5155.9500 0.51838021
5156.0000 0.54877769
5156.0500 0.57917517
5156.1000 0.60957265
5156.1500 0.64524668
5156.2000 0.69299679
5156.2500 0.7407469
5156.3000 0.788497
5156.3500 0.83624711
5156.4000 0.84765151
5156.4500 0.82793477
5156.5000 0.80821804
5156.5500 0.7885013
5156.6000 0.76878457
5156.6500 0.75732261
5156.7000 0.74826539
5156.7500 0.73920818
5156.8000 0.73015096
5156.8500 0.72112969
5156.9000 0.7153017
5156.9500 0.7094737
5157.0000 0.7036457
5157.0500 0.69781771
5157.1000 0.69547203
5157.1500 0.70363441
5157.2000 0.71179679
5157.2500 0.71995917
5157.3000 0.72812155
5157.3500 0.74613251
5157.4000 0.7744876
5157.4500 0.80284268
5157.5000 0.83119776
5157.5500 0.85955284
5157.6000 0.84749736
5157.6500 0.82031289
5157.7000 0.79312842
5157.7500 0.76594395
5157.8000 0.73875948
5157.8500 0.72105164
5157.9000 0.70365183
5157.9500 0.68625202
5158.0000 0.6688522
5158.0500 0.65913641
5158.1000 0.67824203
5158.1500 0.69734766
5158.2000 0.71645328
5158.2500 0.7355589
5158.3000 0.7491719
5158.3500 0.75616625
5158.4000 0.7631606
5158.4500 0.77015495
5158.5000 0.7771493
5158.5500 0.81140769
5158.6000 0.85748527
5158.6500 0.90356285
5158.7000 0.94964042
5158.7500 0.995718
5158.8000 0.96499499
5158.8500 0.92960566
5158.9000 0.89421633
5158.9500 0.85882701
5159.0000 0.83809105
5159.0500 0.88026991
5159.1000 0.92244877
5159.1500 0.96462762
5159.2000 1.00680648
5159.2500 1.01442511
5159.3000 0.97736568
5159.3500 0.94030625
5159.4000 0.90324682
5159.4500 0.86618739
5159.5000 0.84281539
5159.5500 0.82575336
5159.6000 0.80869132
5159.6500 0.79162929
5159.7000 0.77456725
5159.7500 0.75713162
5159.8000 0.73966952
5159.8500 0.72220741
5159.9000 0.70474531
5159.9500 0.68813574
5160.0000 0.67530054
5160.0500 0.66246534
5160.1000 0.64963014
5160.1500 0.63679494
5160.2000 0.64193719
5160.2500 0.67035873
5160.3000 0.69878026
5160.3500 0.7272018
5160.4000 0.75562333
5160.4500 0.75295441
5160.5000 0.73620612
5160.5500 0.71945784
5160.6000 0.70270956
5160.6500 0.68596127
5160.7000 0.71535747
5160.7500 0.74759882
5160.8000 0.77984018
5160.8500 0.81208153
5160.9000 0.83473371
5160.9500 0.8182032
5161.0000 0.80167268
5161.0500 0.78514216
5161.1000 0.76861165
5161.1500 0.74296468
5161.2000 0.70628154
5161.2500 0.6695984
5161.3000 0.63291526
5161.3500 0.59623213
5161.4000 0.59299844
5161.4500 0.60348046
5161.5000 0.61396247
5161.5500 0.62444449
5161.6000 0.6349265
5161.6500 0.65009591
5161.7000 0.66542479
5161.7500 0.68075368
5161.8000 0.69608256
5161.8500 0.70906283
5161.9000 0.71400284
5161.9500 0.71894286
5162.0000 0.72388287
5162.0500 0.72882289
5162.1000 0.738486
5162.1500 0.75314199
5162.2000 0.76779798
5162.2500 0.78245397
5162.3000 0.79710996
5162.3500 0.77545111
5162.4000 0.74150839
5162.4500 0.70756567
5162.5000 0.67362295
5162.5500 0.64008141
5162.6000 0.64864629
5162.6500 0.65721116
5162.7000 0.66577604
5162.7500 0.67434092
5162.8000 0.68302869
5162.8500 0.6920442
5162.9000 0.70105971
5162.9500 0.71007522
5163.0000 0.71909074
5163.0500 0.72690364
5163.1000 0.73367996
5163.1500 0.74045628
5163.2000 0.7472326
5163.2500 0.75400892
5163.3000 0.74051757
5163.3500 0.72203853
5163.4000 0.70355949
5163.4500 0.68508046
5163.5000 0.66779104
5163.5500 0.66654536
5163.6000 0.66529968
5163.6500 0.664054
5163.7000 0.66280832
5163.7500 0.65744704
5163.8000 0.64397563
5163.8500 0.63050421
5163.9000 0.61703279
5163.9500 0.60356138
5164.0000 0.60350524
5164.0500 0.61219599
5164.1000 0.62088675
5164.1500 0.62957751
5164.2000 0.63826827
5164.2500 0.64727251
5164.3000 0.65632149
5164.3500 0.66537046
5164.4000 0.67441944
5164.4500 0.67929501
5164.5000 0.65975154
5164.5500 0.64020808
5164.6000 0.62066461
5164.6500 0.60112114
5164.7000 0.59304174
5164.7500 0.60092988
5164.8000 0.60881802
5164.8500 0.61670615
5164.9000 0.62459429
5164.9500 0.65591959
5165.0000 0.69772754
5165.0500 0.7395355
5165.1000 0.78134345
5165.1500 0.82315141
5165.2000 0.7626476
5165.2500 0.69844316
5165.3000 0.63423872
5165.3500 0.57003428
5165.4000 0.52705932
5165.4500 0.55119304
5165.5000 0.57532676
5165.5500 0.59946048
5165.6000 0.62359419
5165.6500 0.62194893
5165.7000 0.59618559
5165.7500 0.57042226
5165.8000 0.54465893
5165.8500 0.5188956
5165.9000 0.53425947
5165.9500 0.56028957
5166.0000 0.58631966
5166.0500 0.61234976
5166.1000 0.63790784
5166.1500 0.65743442
5166.2000 0.67696101
5166.2500 0.6964876
5166.3000 0.71601418
5166.3500 0.72324729
5166.4000 0.7078684
5166.4500 0.69248951
5166.5000 0.67711062
5166.5500 0.66173173
5166.6000 0.65676804
5166.6500 0.65784523
5166.7000 0.65892243
5166.7500 0.65999962
5166.8000 0.66107681
5166.8500 0.65713225
5166.9000 0.65271953
5166.9500 0.64830681
5167.0000 0.64389409
5167.0500 0.63868656
5167.1000 0.63025244
5167.1500 0.62181831
5167.2000 0.61338419
5167.2500 0.60495007
5167.3000 0.58507849
5167.3500 0.55289882
5167.4000 0.52071915
5167.4500 0.48853949
5167.5000 0.45635982
5167.5500 0.47043184
5167.6000 0.49857029
5167.6500 0.52670873
5167.7000 0.55484718
5167.7500 0.58150172
5167.8000 0.58165877
5167.8500 0.58181581
5167.9000 0.58197286
5167.9500 0.58212991
5168.0000 0.5758685
5168.0500 0.55716858
5168.1000 0.53846867
5168.1500 0.51976875
5168.2000 0.50106884
5168.2500 0.51083612
5168.3000 0.53740635
5168.3500 0.56397658
5168.4000 0.59054681
5168.4500 0.61711704
5168.5000 0.61139236
5168.5500 0.60279804
5168.6000 0.59420372
5168.6500 0.5856094
5168.7000 0.57913358
5168.7500 0.58067221
5168.8000 0.58221085
5168.8500 0.58374948
5168.9000 0.58528811
5168.9500 0.57379044
5169.0000 0.54930129
5169.0500 0.52481214
5169.1000 0.50032299
5169.1500 0.47583385
5169.2000 0.49670547
5169.2500 0.52936253
5169.3000 0.5620196
5169.3500 0.59467666
5169.4000 0.62297967
5169.4500 0.60603983
5169.5000 0.5891
5169.5500 0.57216016
5169.6000 0.55522033
5169.6500 0.54852068
5169.7000 0.55832259
5169.7500 0.56812451
5169.8000 0.57792643
5169.8500 0.58772834
5169.9000 0.58297134
5169.9500 0.57133746
5170.0000 0.55970359
5170.0500 0.54806971
5170.1000 0.53643584
5170.1500 0.51532063
5170.2000 0.49397791
5170.2500 0.47263519
5170.3000 0.45129247
5170.3500 0.43887573
5170.4000 0.44998307
5170.4500 0.46109041
5170.5000 0.47219775
5170.5500 0.48330509
5170.6000 0.49342362
5170.6500 0.50281037
5170.7000 0.51219712
5170.7500 0.52158388
5170.8000 0.53097063
5170.8500 0.52216273
5170.9000 0.51076609
5170.9500 0.49936946
5171.0000 0.48797282
5171.0500 0.48382704
5171.1000 0.51332247
5171.1500 0.54281791
5171.2000 0.57231334
5171.2500 0.60180878
5171.3000 0.60308403
5171.3500 0.57382652
5171.4000 0.544569
5171.4500 0.51531149
5171.5000 0.48605397
5171.5500 0.49387495
5171.6000 0.51188427
5171.6500 0.52989359
5171.7000 0.54790292
5171.7500 0.56439187
5171.8000 0.5654539
5171.8500 0.56651592
5171.9000 0.56757795
5171.9500 0.56863997
5172.0000 0.58284289
5172.0500 0.61708031
5172.1000 0.65131773
5172.1500 0.68555514
5172.2000 0.71979256
5172.2500 0.70594337
5172.3000 0.67183992
5172.3500 0.63773647
5172.4000 0.60363302
5172.4500 0.56985563
5172.5000 0.56228659
5172.5500 0.55471755
5172.6000 0.54714851
5172.6500 0.53957947
5172.7000 0.53588282
5172.7500 0.54033676
5172.8000 0.54479069
5172.8500 0.54924463
5172.9000 0.55369856
5172.9500 0.55057093
5173.0000 0.54304793
5173.0500 0.53552494
5173.1000 0.52800195
5173.1500 0.52047896
5173.2000 0.51911419
5173.2500 0.51810726
5173.3000 0.51710033
5173.3500 0.5160934
5173.4000 0.51684113
5173.4500 0.5226275
5173.5000 0.52841387
5173.5500 0.53420025
5173.6000 0.53998662
5173.6500 0.55277656
5173.7000 0.57079319
5173.7500 0.58880981
5173.8000 0.60682643
5173.8500 0.62484306
5173.9000 0.61769421
5173.9500 0.60737568
5174.0000 0.59705715
5174.0500 0.58673862
5174.1000 0.5757967
5174.1500 0.56243382
5174.2000 0.54907094
5174.2500 0.53570806
5174.3000 0.52234518
5174.3500 0.51401732
5174.4000 0.51028987
5174.4500 0.50656241
5174.5000 0.50283496
5174.5500 0.4991075
5174.6000 0.51907073
5174.6500 0.54349683
5174.7000 0.56792294
5174.7500 0.59234905
5174.8000 0.60703628
5174.8500 0.57118061
5174.9000 0.53532494
5174.9500 0.49946928
5175.0000 0.46361361
5175.0500 0.45669254
5175.1000 0.48077016
5175.1500 0.50484778
5175.2000 0.52892539
5175.2500 0.55300301
5175.3000 0.55573819
5175.3500 0.55330855
5175.4000 0.55087892
5175.4500 0.54844928
5175.5000 0.54759708
5175.5500 0.55742586
5175.6000 0.56725464
5175.6500 0.57708343
5175.7000 0.58691221
5175.7500 0.5943906
5175.8000 0.599035
5175.8500 0.6036794
5175.9000 0.6083238
5175.9500 0.6129682
5176.0000 0.62570094
5176.0500 0.6407257
5176.1000 0.65575047
5176.1500 0.67077524
5176.2000 0.6827341
5176.2500 0.6688856
5176.3000 0.65503711
5176.3500 0.64118861
5176.4000 0.62734012
5176.4500 0.6130111
5176.5000 0.59805625
5176.5500 0.58310141
5176.6000 0.56814657
5176.6500 0.55319172
5176.7000 0.55524277
5176.7500 0.56255749
5176.8000 0.5698722
5176.8500 0.57718692
5176.9000 0.58651285
5176.9500 0.61519974
5177.0000 0.64388664
5177.0500 0.67257354
5177.1000 0.70126044
5177.1500 0.71301254
5177.2000 0.7019213
5177.2500 0.69083005
5177.3000 0.67973881
5177.3500 0.66864756
5177.4000 0.66119534
5177.4500 0.65490162
5177.5000 0.6486079
5177.5500 0.64231418
5177.6000 0.63721983
5177.6500 0.64389577
5177.7000 0.65057171
5177.7500 0.65724765
5177.8000 0.66392359
5177.8500 0.66971642
5177.9000 0.67432706
5177.9500 0.6789377
5178.0000 0.68354834
5178.0500 0.68815897
5178.1000 0.69643417
5178.1500 0.7058421
5178.2000 0.71525004
5178.2500 0.72465797
5178.3000 0.72994711
5178.3500 0.69870958
5178.4000 0.66747204
5178.4500 0.6362345
5178.5000 0.60499696
5178.5500 0.5880149
5178.6000 0.58917926
5178.6500 0.59034361
5178.7000 0.59150797
5178.7500 0.59267232
5178.8000 0.58126665
5178.8500 0.56631047
5178.9000 0.55135429
5178.9500 0.53639811
5179.0000 0.52563426
5179.0500 0.54540605
5179.1000 0.56517784
5179.1500 0.58494963
5179.2000 0.60472141
5179.2500 0.6145075
5179.3000 0.61270535
5179.3500 0.6109032
5179.4000 0.60910105
5179.4500 0.6072989
5179.5000 0.60177754
5179.5500 0.59536199
5179.6000 0.58894644
5179.6500 0.58253089
5179.7000 0.57820864
5179.7500 0.58568675
5179.8000 0.59316486
5179.8500 0.60064296
5179.9000 0.60812107
5179.9500 0.60817524
5180.0000 0.60069584
5180.0500 0.59321643
5180.1000 0.58573703
5180.1500 0.57825762
5180.2000 0.56184363
5180.2500 0.54376796
5180.3000 0.52569229
5180.3500 0.50761662
5180.4000 0.4978923
5180.4500 0.52349253
5180.5000 0.54909275
5180.5500 0.57469297
5180.6000 0.6002932
5180.6500 0.60363753
5180.7000 0.58805533
5180.7500 0.57247312
5180.8000 0.55689092
5180.8500 0.54130872
5180.9000 0.54759464
5180.9500 0.55656088
5181.0000 0.56552712
5181.0500 0.57449335
5181.1000 0.58169376
5181.1500 0.58337502
5181.2000 0.58505629
5181.2500 0.58673755
5181.3000 0.58841881
5181.3500 0.5986203
5181.4000 0.6146175
5181.4500 0.63061471
5181.5000 0.64661191
5181.5500 0.66260912
5181.6000 0.63311273
5181.6500 0.60117688
5181.7000 0.56924104
5181.7500 0.53730519
5181.8000 0.52132616
5181.8500 0.54183732
5181.9000 0.56234847
5181.9500 0.58285963
5182.0000 0.60337079
5182.0500 0.61105887
5182.1000 0.61215804
5182.1500 0.61325722
5182.2000 0.61435639
5182.2500 0.61552643
5182.3000 0.62054161
5182.3500 0.6255568
5182.4000 0.63057198
5182.4500 0.63558717
5182.5000 0.63745799
5182.5500 0.63412847
5182.6000 0.63079894
5182.6500 0.62746941
5182.7000 0.62413988
5182.7500 0.62141017
5182.8000 0.61889483
5182.8500 0.61637948
5182.9000 0.61386413
5182.9500 0.61080029
5183.0000 0.60267762
5183.0500 0.59455496
5183.1000 0.5864323
5183.1500 0.57830964
5183.2000 0.57435377
5183.2500 0.57528705
5183.3000 0.57622033
5183.3500 0.57715362
5183.4000 0.5780869
5183.4500 0.5607601
5183.5000 0.53952269
5183.5500 0.51828527
5183.6000 0.49704786
5183.6500 0.48240962
5183.7000 0.49621645
5183.7500 0.51002329
5183.8000 0.52383012
5183.8500 0.53763696
5183.9000 0.55123964
5183.9500 0.56467811
5184.0000 0.57811658
5184.0500 0.59155505
5184.1000 0.60499352
5184.1500 0.58555113
5184.2000 0.56330021
5184.2500 0.54104929
5184.3000 0.51879836
5184.3500 0.50235351
5184.4000 0.50015056
5184.4500 0.49794761
5184.5000 0.49574466
5184.5500 0.4935417
5184.6000 0.50554167
5184.6500 0.52488713
5184.7000 0.5442326
5184.7500 0.56357807
5184.8000 0.58239682
5184.8500 0.58408485
5184.9000 0.58577287
5184.9500 0.5874609
5185.0000 0.58914892
5185.0500 0.58385383
5185.1000 0.56816013
5185.1500 0.55246644
5185.2000 0.53677275
5185.2500 0.52107905
5185.3000 0.51576826
5185.3500 0.5134739
5185.4000 0.51117955
5185.4500 0.5088852
5185.5000 0.50941516
5185.5500 0.52604778
5185.6000 0.5426804
5185.6500 0.55931303
5185.7000 0.57594565
5185.7500 0.57648272
5185.8000 0.56244392
5185.8500 0.54840512
5185.9000 0.53436632
5185.9500 0.52032752
5186.0000 0.51899559
5186.0500 0.51905143
5186.1000 0.51910728
5186.1500 0.51916313
5186.2000 0.51758586
5186.2500 0.51179909
5186.3000 0.50601232
5186.3500 0.50022555
5186.4000 0.49443878
5186.4500 0.49487853
5186.5000 0.49854432
5186.5500 0.50221011
5186.6000 0.5058759
5186.6500 0.50978629
5186.7000 0.5197038
5186.7500 0.5296213
5186.8000 0.53953881
5186.8500 0.54945631
5186.9000 0.55468542
5186.9500 0.55346011
5187.0000 0.55223481
5187.0500 0.55100951
5187.1000 0.54978421
5187.1500 0.56880552
5187.2000 0.59277492
5187.2500 0.61674431
5187.3000 0.64071371
5187.3500 0.65728331
5187.4000 0.64182453
5187.4500 0.62636574
5187.5000 0.61090695
5187.5500 0.59544817
5187.6000 0.58879309
5187.6500 0.58869931
5187.7000 0.58860553
5187.7500 0.58851174
5187.8000 0.58841796
5187.8500 0.58532134
5187.9000 0.58209793
5187.9500 0.57887453
5188.0000 0.57565112
5188.0500 0.57972086
5188.1000 0.59750105
5188.1500 0.61528125
5188.2000 0.63306145
5188.2500 0.65084164
5188.3000 0.64870992
5188.3500 0.63944332
5188.4000 0.63017672
5188.4500 0.62091012
5188.5000 0.61217894
5188.5500 0.60714819
5188.6000 0.60211744
5188.6500 0.59708669
5188.7000 0.59205594
5188.7500 0.58696674
5188.8000 0.58182311
5188.8500 0.57667948
5188.9000 0.57153585
5188.9500 0.56639222
5189.0000 0.564495
5189.0500 0.56291696
5189.1000 0.56133892
5189.1500 0.55976088
5189.2000 0.55772943
5189.2500 0.55466173
5189.3000 0.55159402
5189.3500 0.54852632
5189.4000 0.54545862
5189.4500 0.54578514
5189.5000 0.54756981
5189.5500 0.54935449
5189.6000 0.55113916
5189.6500 0.55316989
5189.7000 0.55752155
5189.7500 0.56187321
5189.8000 0.56622487
5189.8500 0.57057654
5189.9000 0.57883461
5189.9500 0.59110281
5190.0000 0.60337102
5190.0500 0.61563923
5190.1000 0.62790744
5190.1500 0.61400118
5190.2000 0.59693501
5190.2500 0.57986885
5190.3000 0.56280268
5190.3500 0.5507315
5190.4000 0.55075097
5190.4500 0.55077044
5190.5000 0.5507899
5190.5500 0.55080937
5190.6000 0.56437661
5190.6500 0.58392694
5190.7000 0.60347727
5190.7500 0.6230276
5190.8000 0.64022585
5190.8500 0.63532924
5190.9000 0.63043263
5190.9500 0.62553602
5191.0000 0.62063941
5191.0500 0.6101399
5191.1000 0.59403764
5191.1500 0.57793538
5191.2000 0.56183312
5191.2500 0.54573085
5191.3000 0.54496521
5191.3500 0.54580865
5191.4000 0.54665209
5191.4500 0.54749553
5191.5000 0.55149891
5191.5500 0.56249219
5191.6000 0.57348546
5191.6500 0.58447873
5191.7000 0.595472
5191.7500 0.59602874
5191.8000 0.59250386
5191.8500 0.58897897
5191.9000 0.58545409
5191.9500 0.58142634
5192.0000 0.57396175
5192.0500 0.56649715
5192.1000 0.55903256
5192.1500 0.55156797
5192.2000 0.55470219
5192.2500 0.56695009
5192.3000 0.579198
5192.3500 0.5914459
5192.4000 0.60369381
5192.4500 0.5925536
5192.5000 0.58015521
5192.5500 0.56775682
5192.6000 0.55535843
5192.6500 0.54962117
5192.7000 0.55565001
5192.7500 0.56167885
5192.8000 0.56770769
5192.8500 0.57373653
5192.9000 0.58448712
5192.9500 0.59660642
5193.0000 0.60872572
5193.0500 0.62084502
5193.1000 0.62840428
5193.1500 0.6165626
5193.2000 0.60472092
5193.2500 0.59287924
5193.3000 0.58103755
5193.3500 0.58412421
5193.4000 0.596892
5193.4500 0.60965979
5193.5000 0.62242759
5193.5500 0.63481644
5193.6000 0.63190298
5193.6500 0.62898953
5193.7000 0.62607607
5193.7500 0.62316262
5193.8000 0.61682689
5193.8500 0.60618786
5193.9000 0.59554882
5193.9500 0.58490979
5194.0000 0.57427076
5194.0500 0.57315097
5194.1000 0.57354163
5194.1500 0.57393228
5194.2000 0.57432294
5194.2500 0.5762558
5194.3000 0.58206922
5194.3500 0.58788265
5194.4000 0.59369607
5194.4500 0.59950949
5194.5000 0.58564368
5194.5500 0.56362202
5194.6000 0.54160037
5194.6500 0.51957872
5194.7000 0.50216389
5194.7500 0.51534662
5194.8000 0.52852934
5194.8500 0.54171207
5194.9000 0.55489479
5194.9500 0.5559429
5195.0000 0.54730041
5195.0500 0.53865792
5195.1000 0.53001542
5195.1500 0.52137293
5195.2000 0.54063826
5195.2500 0.56040387
5195.3000 0.58016948
5195.3500 0.59993509
5195.4000 0.60181597
5195.4500 0.57796633
5195.5000 0.55411669
5195.5500 0.53026704
5195.6000 0.5064174
5195.6500 0.51989019
5195.7000 0.54052528
5195.7500 0.56116036
5195.8000 0.58179544
5195.8500 0.59634472
5195.9000 0.59437308
5195.9500 0.59240143
5196.0000 0.59042978
5196.0500 0.58845814
5196.1000 0.59681033
5196.1500 0.60957261
5196.2000 0.62233489
5196.2500 0.63509717
5196.3000 0.64397713
5196.3500 0.62764538
5196.4000 0.61131363
5196.4500 0.59498188
5196.5000 0.57865013
5196.5500 0.58151837
5196.6000 0.5990209
5196.6500 0.61652342
5196.7000 0.63402595
5196.7500 0.65145294
5196.8000 0.64177772
5196.8500 0.6321025
5196.9000 0.62242729
5196.9500 0.61275207
5197.0000 0.60888201
5197.0500 0.61241937
5197.1000 0.61595673
5197.1500 0.6194941
5197.2000 0.62303146
5197.2500 0.61239719
5197.3000 0.5997796
5197.3500 0.58716201
5197.4000 0.57454442
5197.4500 0.56916901
5197.5000 0.57944234
5197.5500 0.58971567
5197.6000 0.59998901
5197.6500 0.61026234
5197.7000 0.60346205
5197.7500 0.5911753
5197.8000 0.57888855
5197.8500 0.5666018
5197.9000 0.55597219
5197.9500 0.55203293
5198.0000 0.54809366
5198.0500 0.5441544
5198.1000 0.54021514
5198.1500 0.54431742
5198.2000 0.55291337
5198.2500 0.56150931
5198.3000 0.57010526
5198.3500 0.57826414
5198.4000 0.58176612
5198.4500 0.5852681
5198.5000 0.58877009
5198.5500 0.59227207
5198.6000 0.59574466
5198.6500 0.59919134
5198.7000 0.60263801
5198.7500 0.60608468
5198.8000 0.60953136
5198.8500 0.60206755
5198.9000 0.59436097
5198.9500 0.58665439
5199.0000 0.5789478
5199.0500 0.57724676
5199.1000 0.583625
5199.1500 0.59000325
5199.2000 0.5963815
5199.2500 0.60275974
5199.3000 0.61963905
5199.3500 0.63800719
5199.4000 0.65637533
5199.4500 0.67474346
5199.5000 0.68232606
5199.5500 0.66766666
5199.6000 0.65300725
5199.6500 0.63834784
5199.7000 0.62368843
5199.7500 0.62661769
5199.8000 0.63454862
5199.8500 0.64247955
5199.9000 0.65041048
5199.9500 0.65538123
5200.0000 0.65054824
5200.0500 0.64571524
5200.1000 0.64088225
5200.1500 0.63604926
5200.2000 0.6297234
5200.2500 0.62271593
5200.3000 0.61570846
5200.3500 0.60870099
5200.4000 0.60327331
5200.4500 0.60735487
5200.5000 0.61143644
5200.5500 0.61551801
5200.6000 0.61959958
5200.6500 0.61810432
5200.7000 0.61288629
5200.7500 0.60766827
5200.8000 0.60245025
5200.8500 0.59863998
5200.9000 0.6176068
5200.9500 0.63657363
5201.0000 0.65554045
5201.0500 0.67450727
5201.1000 0.68170468
5201.1500 0.67795209
5201.2000 0.6741995
5201.2500 0.67044692
5201.3000 0.66669433
5201.3500 0.65020008
5201.4000 0.63343469
5201.4500 0.6166693
5201.5000 0.5999039
5201.5500 0.59181804
5201.6000 0.59470748
5201.6500 0.59759691
5201.7000 0.60048634
5201.7500 0.60337577
5201.8000 0.60878321
5201.8500 0.61445392
5201.9000 0.62012463
5201.9500 0.62579534
5202.0000 0.63059776
5202.0500 0.63392421
5202.1000 0.63725065
5202.1500 0.6405771
5202.2000 0.64390354
5202.2500 0.6493521
5202.3000 0.65521468
5202.3500 0.66107727
5202.4000 0.66693985
5202.4500 0.66679122
5202.5000 0.65290724
5202.5500 0.63902326
5202.6000 0.62513928
5202.6500 0.61125529
5202.7000 0.60365739
5202.7500 0.59790124
5202.8000 0.5921451
5202.8500 0.58638896
5202.9000 0.58474328
5202.9500 0.59585434
5203.0000 0.6069654
5203.0500 0.61807646
5203.1000 0.62918752
5203.1500 0.63522975
5203.2000 0.63925457
5203.2500 0.64327938
5203.3000 0.64730419
5203.3500 0.65009474
5203.4000 0.64756236
5203.4500 0.64502999
5203.5000 0.64249762
5203.5500 0.63996524
5203.6000 0.6315807
5203.6500 0.62021455
5203.7000 0.60884839
5203.7500 0.59748224
5203.8000 0.58965236
5203.8500 0.60390425
5203.9000 0.61815613
5203.9500 0.63240802
5204.0000 0.6466599
5204.0500 0.64990085
5204.1000 0.6462465
5204.1500 0.64259214
5204.2000 0.63893779
5204.2500 0.63556479
5204.3000 0.63493167
5204.3500 0.63429854
5204.4000 0.63366542
5204.4500 0.6330323
5204.5000 0.62909593
5204.5500 0.62269449
5204.6000 0.61629306
5204.6500 0.60989162
5204.7000 0.60392512
5204.7500 0.60565234
5204.8000 0.60737955
5204.8500 0.60910677
5204.9000 0.61083399
5204.9500 0.59580947
5205.0000 0.56626497
5205.0500 0.53672048
5205.1000 0.50717599
5205.1500 0.47888603
5205.2000 0.5147218
5205.2500 0.55055757
5205.3000 0.58639334
5205.3500 0.62222911
5205.4000 0.63231863
5205.4500 0.61707272
5205.5000 0.60182681
5205.5500 0.58658091
5205.6000 0.571335
5205.6500 0.5631619
5205.7000 0.55505892
5205.7500 0.54695594
5205.8000 0.53885295
5205.8500 0.54045883
5205.9000 0.55268097
5205.9500 0.5649031
5206.0000 0.57712524
5206.0500 0.58934737
5206.1000 0.58716706
5206.1500 0.5844876
5206.2000 0.58180815
5206.2500 0.57912869
5206.3000 0.58346335
5206.3500 0.59614335
5206.4000 0.60882335
5206.4500 0.62150334
5206.5000 0.63418334
5206.5500 0.6371382
5206.6000 0.63956133
5206.6500 0.64198447
5206.7000 0.64440761
5206.7500 0.6424483
5206.8000 0.63493372
5206.8500 0.62741914
5206.9000 0.61990456
5206.9500 0.61238998
5207.0000 0.60243742
5207.0500 0.59231582
5207.1000 0.58219423
5207.1500 0.57207263
5207.2000 0.56961506
5207.2500 0.57728902
5207.3000 0.58496298
5207.3500 0.59263694
5207.4000 0.6003109
5207.4500 0.59622182
5207.5000 0.59121353
5207.5500 0.58620523
5207.6000 0.58119694
5207.6500 0.58221779
5207.7000 0.59137201
5207.7500 0.60052624
5207.8000 0.60968046
5207.8500 0.61883469
5207.9000 0.61330531
5207.9500 0.6065896
5208.0000 0.59987389
5208.0500 0.59315818
5208.1000 0.58814902
5208.1500 0.58543812
5208.2000 0.58272722
5208.2500 0.58001631
5208.3000 0.57730541
5208.3500 0.57865659
5208.4000 0.58032127
5208.4500 0.58198595
5208.5000 0.58365064
5208.5500 0.59075222
5208.6000 0.60500451
5208.6500 0.61925681
5208.7000 0.63350911
5208.7500 0.64776141
5208.8000 0.64353202
5208.8500 0.63805675
5208.9000 0.63258149
5208.9500 0.62710622
5209.0000 0.61833055
5209.0500 0.60540713
5209.1000 0.59248371
5209.1500 0.57956029
5209.2000 0.56663688
5209.2500 0.57291796
5209.3000 0.58019407
5209.3500 0.58747017
5209.4000 0.59474628
5209.4500 0.59488001
5209.5000 0.58661966
5209.5500 0.5783593
5209.6000 0.57009894
5209.6500 0.56183858
5209.7000 0.58582085
5209.7500 0.61079871
5209.8000 0.63577657
5209.8500 0.66075444
5209.9000 0.66275009
5209.9500 0.64002052
5210.0000 0.61729094
5210.0500 0.59456137
5210.1000 0.5718318
5210.1500 0.58460811
5210.2000 0.59757094
5210.2500 0.61053376
5210.3000 0.62349659
5210.3500 0.62972046
5210.4000 0.62944824
5210.4500 0.62917603
5210.5000 0.62890382
5210.5500 0.62855063
5210.6000 0.62503088
5210.6500 0.62151113
5210.7000 0.61799137
5210.7500 0.61447162
5210.8000 0.6153676
5210.8500 0.61999412
5210.9000 0.62462063
5210.9500 0.62924714
5211.0000 0.6336388
5211.0500 0.63438604
5211.1000 0.63513328
5211.1500 0.63588052
5211.2000 0.63662776
5211.2500 0.63378216
5211.3000 0.62833899
5211.3500 0.62289581
5211.4000 0.61745264
5211.4500 0.61263219
5211.5000 0.61331821
5211.5500 0.61400422
5211.6000 0.61469024
5211.6500 0.61537625
5211.7000 0.60744417
5211.7500 0.59432306
5211.8000 0.58120195
5211.8500 0.56808084
5211.9000 0.55988637
5211.9500 0.58002549
5212.0000 0.60016462
5212.0500 0.62030374
5212.1000 0.64044287
5212.1500 0.63745595
5212.2000 0.62325485
5212.2500 0.60905376
5212.3000 0.59485267
5212.3500 0.58485673
5212.4000 0.59166828
5212.4500 0.59847983
5212.5000 0.60529138
5212.5500 0.61210294
5212.6000 0.61989391
5212.6500 0.62805047
5212.7000 0.63620704
5212.7500 0.64436361
5212.8000 0.64924837
5212.8500 0.64470447
5212.9000 0.64016057
5212.9500 0.63561667
5213.0000 0.63107277
5213.0500 0.63653608
5213.1000 0.64468496
5213.1500 0.65283384
5213.2000 0.66098272
5213.2500 0.66564719
5213.3000 0.6629276
5213.3500 0.66020801
5213.4000 0.65748842
5213.4500 0.65476882
5213.5000 0.66194826
5213.5500 0.67081792
5213.6000 0.67968757
5213.6500 0.68855723
5213.7000 0.68640588
5213.7500 0.66695068
5213.8000 0.64749549
5213.8500 0.62804029
5213.9000 0.6085851
5213.9500 0.60933101
5214.0000 0.61170519
5214.0500 0.61407937
5214.1000 0.61645354
5214.1500 0.61531112
5214.2000 0.61009181
5214.2500 0.6048725
5214.3000 0.5996532
5214.3500 0.59450986
5214.4000 0.62401587
5214.4500 0.65352188
5214.5000 0.68302789
5214.5500 0.71253391
5214.6000 0.71990441
5214.6500 0.70861907
5214.7000 0.69733372
5214.7500 0.68604838
5214.8000 0.67606723
5214.8500 0.68021584
5214.9000 0.68436444
5214.9500 0.68851305
5215.0000 0.69266165
5215.0500 0.68229457
5215.1000 0.66331938
5215.1500 0.64434418
5215.2000 0.62536899
5215.2500 0.61096204
5215.3000 0.61849056
5215.3500 0.62601909
5215.4000 0.63354762
5215.4500 0.64107615
5215.5000 0.64581662
5215.5500 0.64946409
5215.6000 0.65311156
5215.6500 0.65675904
5215.7000 0.65881123
5215.7500 0.65645645
5215.8000 0.65410167
5215.8500 0.65174689
5215.9000 0.64939211
5215.9500 0.64254227
5216.0000 0.63466921
5216.0500 0.62679615
5216.1000 0.61892309
5216.1500 0.61266959
5216.2000 0.6092365
5216.2500 0.60580342
5216.3000 0.60237033
5216.3500 0.59893725
5216.4000 0.59599712
5216.4500 0.593102
5216.5000 0.59020688
5216.5500 0.58731176
5216.6000 0.58904818
5216.6500 0.59602142
5216.7000 0.60299466
5216.7500 0.6099679
5216.8000 0.61647024
5216.8500 0.60358348
5216.9000 0.59069671
5216.9500 0.57780995
5217.0000 0.56492319
5217.0500 0.56607506
5217.1000 0.5774142
5217.1500 0.58875333
5217.2000 0.60009247
5217.2500 0.61054038
5217.3000 0.61535831
5217.3500 0.62017624
5217.4000 0.62499418
5217.4500 0.62981211
5217.5000 0.62216901
5217.5500 0.60906373
5217.6000 0.59595844
5217.6500 0.58285316
5217.7000 0.57364845
5217.7500 0.5758259
5217.8000 0.57800335
5217.8500 0.5801808
5217.9000 0.58235825
5217.9500 0.57637591
5218.0000 0.56856113
5218.0500 0.56074635
5218.1000 0.55293156
5218.1500 0.55788839
5218.2000 0.58373576
5218.2500 0.60958312
5218.3000 0.63543049
5218.3500 0.66127785
5218.4000 0.64382102
5218.4500 0.62377607
5218.5000 0.60373112
5218.5500 0.58368617
5218.6000 0.58122151
5218.6500 0.59570106
5218.7000 0.61018061
5218.7500 0.62466016
5218.8000 0.6371435
5218.8500 0.625436
5218.9000 0.61372851
5218.9500 0.60202101
5219.0000 0.59031351
5219.0500 0.59057675
5219.1000 0.59743839
5219.1500 0.60430004
5219.2000 0.61116169
5219.2500 0.6167323
5219.3000 0.61757504
5219.3500 0.61841779
5219.4000 0.61926053
5219.4500 0.62010327
5219.5000 0.61868573
5219.5500 0.61665188
5219.6000 0.61461803
5219.6500 0.61258418
5219.7000 0.60982489
5219.7500 0.60576707
5219.8000 0.60170925
5219.8500 0.59765142
5219.9000 0.5935936
5219.9500 0.58896003
5220.0000 0.58428478
5220.0500 0.57960954
5220.1000 0.5749343
5220.1500 0.57173089
5220.2000 0.56995291
5220.2500 0.56817492
5220.3000 0.56639693
5220.3500 0.56540119
5220.4000 0.57283333
5220.4500 0.58026546
5220.5000 0.58769759
5220.5500 0.59512972
5220.6000 0.59761035
5220.6500 0.59757727
5220.7000 0.59754419
5220.7500 0.5975111
5220.8000 0.60157464
5220.8500 0.61839714
5220.9000 0.63521965
5220.9500 0.65204215
5221.0000 0.66886465
5221.0500 0.65184657
5221.1000 0.62761192
5221.1500 0.60337726
5221.2000 0.5791426
5221.2500 0.56590904
5221.3000 0.56871448
5221.3500 0.57151991
5221.4000 0.57432535
5221.4500 0.57713078
5221.5000 0.58400136
5221.5500 0.59090934
5221.6000 0.59781732
5221.6500 0.60472531
5221.7000 0.6135584
5221.7500 0.62380656
5221.8000 0.63405472
5221.8500 0.64430288
5221.9000 0.65161507
5221.9500 0.64387814
5222.0000 0.63614121
5222.0500 0.62840428
5222.1000 0.62066735
5222.1500 0.61758601
5222.2000 0.61604356
5222.2500 0.61450112
5222.3000 0.61295868
5222.3500 0.61310306
5222.4000 0.61650256
5222.4500 0.61990207
5222.5000 0.62330158
5222.5500 0.62670109
5222.6000 0.63485859
5222.6500 0.64336043
5222.7000 0.65186227
5222.7500 0.66036411
5222.8000 0.66250063
5222.8500 0.65888122
5222.9000 0.65526182
5222.9500 0.65164242
5223.0000 0.64762341
5223.0500 0.64065152
5223.1000 0.63367963
5223.1500 0.62670774
5223.2000 0.61973585
5223.2500 0.61434307
5223.3000 0.60958066
5223.3500 0.60481825
5223.4000 0.60005584
5223.4500 0.60066359
5223.5000 0.61313386
5223.5500 0.62560414
5223.6000 0.63807441
5223.6500 0.65054469
5223.7000 0.65438303
5223.7500 0.65736765
5223.8000 0.66035227
5223.8500 0.66333689
5223.9000 0.66205599
5223.9500 0.65667377
5224.0000 0.65129156
5224.0500 0.64590934
5224.1000 0.64137218
5224.1500 0.64359836
5224.2000 0.64582455
5224.2500 0.64805073
5224.3000 0.65027692
5224.3500 0.64779952
5224.4000 0.64343591
5224.4500 0.63907231
5224.5000 0.6347087
5224.5500 0.63050948
5224.6000 0.62666297
5224.6500 0.62281645
5224.7000 0.61896994
5224.7500 0.61512342
5224.8000 0.62891321
5224.8500 0.64416387
5224.9000 0.65941453
5224.9500 0.67466519
5225.0000 0.67112591
5225.0500 0.65096007
5225.1000 0.63079423
5225.1500 0.61062838
5225.2000 0.59523809
5225.2500 0.6094215
5225.3000 0.6236049
5225.3500 0.63778831
5225.4000 0.65197172
5225.4500 0.65104201
5225.5000 0.64504679
5225.5500 0.63905157
5225.6000 0.63305635
5225.6500 0.62666762
5225.7000 0.61958038
5225.7500 0.61249314
5225.8000 0.6054059
5225.8500 0.59831867
5225.9000 0.60229307
5225.9500 0.6065721
5226.0000 0.61085114
5226.0500 0.61513018
5226.1000 0.61504619
5226.1500 0.61189875
5226.2000 0.6087513
5226.2500 0.60560386
5226.3000 0.60504797
5226.3500 0.61465129
5226.4000 0.62425461
5226.4500 0.63385792
5226.5000 0.64346124
5226.5500 0.63751906
5226.6000 0.62817502
5226.6500 0.61883097
5226.7000 0.60948692
5226.7500 0.60523822
5226.8000 0.60749759
5226.8500 0.60975696
5226.9000 0.61201633
5226.9500 0.61376294
5227.0000 0.60736855
5227.0500 0.60097416
5227.1000 0.59457977
5227.1500 0.58818538
5227.2000 0.57903975
5227.2500 0.56860442
5227.3000 0.5581691
5227.3500 0.54773377
5227.4000 0.54615202
5227.4500 0.56485058
5227.5000 0.58354914
5227.5500 0.60224771
5227.6000 0.62094627
5227.6500 0.61292776
5227.7000 0.60284902
5227.7500 0.59277028
5227.8000 0.58269154
5227.8500 0.57802792
5227.9000 0.57771693
5227.9500 0.57740594
5228.0000 0.57709495
5228.0500 0.5755013
5228.1000 0.56813636
5228.1500 0.56077143
5228.2000 0.55340649
5228.2500 0.54604155
5228.3000 0.53634149
5228.3500 0.52609636
5228.4000 0.51585122
5228.4500 0.50560608
5228.5000 0.50432601
5228.5500 0.51440366
5228.6000 0.52448131
5228.6500 0.53455896
5228.7000 0.54397814
5228.7500 0.54503424
5228.8000 0.54609035
5228.8500 0.54714645
5228.9000 0.54820255
5228.9500 0.54722063
5229.0000 0.54539131
5229.0500 0.54356198
5229.1000 0.54173265
5229.1500 0.54223682
5229.2000 0.54724826
5229.2500 0.5522597
5229.3000 0.55727115
5229.3500 0.56228259
5229.4000 0.5615077
5229.4500 0.56059895
5229.5000 0.5596902
5229.5500 0.55878145
5229.6000 0.5572125
5229.6500 0.55523049
5229.7000 0.55324848
5229.7500 0.55126647
5229.8000 0.54758778
5229.8500 0.53893559
5229.9000 0.5302834
5229.9500 0.52163122
5230.0000 0.51297903
5230.0500 0.52325322
5230.1000 0.53574604
5230.1500 0.54823887
5230.2000 0.5607317
5230.2500 0.56899402
5230.3000 0.57361264
5230.3500 0.57823126
5230.4000 0.58284987
5230.4500 0.5886506
5230.5000 0.59980273
5230.5500 0.61095485
5230.6000 0.62210698
5230.6500 0.6332591
5230.7000 0.62738727
5230.7500 0.61793129
5230.8000 0.60847531
5230.8500 0.59901933
5230.9000 0.60176722
5230.9500 0.61812775
5231.0000 0.63448828
5231.0500 0.6508488
5231.1000 0.66396922
5231.1500 0.6535158
5231.2000 0.64306238
5231.2500 0.63260895
5231.3000 0.62215553
5231.3500 0.61733374
5231.4000 0.6141899
5231.4500 0.61104606
5231.5000 0.60790223
5231.5500 0.60835166
5231.6000 0.61373198
5231.6500 0.6191123
5231.7000 0.62449262
5231.7500 0.62987476
5231.8000 0.63527971
5231.8500 0.64068466
5231.9000 0.64608961
5231.9500 0.65149457
5232.0000 0.65068617
5232.0500 0.64755865
5232.1000 0.64443113
5232.1500 0.64130362
5232.2000 0.63412421
5232.2500 0.62043854
5232.3000 0.60675287
5232.3500 0.59306721
5232.4000 0.57999581
5232.4500 0.58135436
5232.5000 0.58271292
5232.5500 0.58407147
5232.6000 0.58543002
5232.6500 0.59050248
5232.7000 0.59717126
5232.7500 0.60384003
5232.8000 0.61050881
5232.8500 0.60963959
5232.9000 0.59533694
5232.9500 0.58103428
5233.0000 0.56673162
5233.0500 0.55292856
5233.1000 0.56242533
5233.1500 0.5719221
5233.2000 0.58141886
5233.2500 0.59091563
5233.3000 0.5971429
5233.3500 0.60185997
5233.4000 0.60657705
5233.4500 0.61129413
5233.5000 0.61447303
5233.5500 0.61477756
5233.6000 0.61508209
5233.6500 0.61538662
5233.7000 0.61548422
5233.7500 0.60165769
5233.8000 0.58783115
5233.8500 0.57400461
5233.9000 0.56017807
5233.9500 0.55465446
5234.0000 0.55299875
5234.0500 0.55134303
5234.1000 0.54968732
5234.1500 0.54979144
5234.2000 0.55314582
5234.2500 0.5565002
5234.3000 0.55985458
5234.3500 0.56331986
5234.4000 0.57175617
5234.4500 0.58019247
5234.5000 0.58862878
5234.5500 0.59706508
5234.6000 0.6092926
5234.6500 0.62319257
5234.7000 0.63709253
5234.7500 0.6509925
5234.8000 0.65460986
5234.8500 0.6405281
5234.9000 0.62644634
5234.9500 0.61236458
5235.0000 0.59864282
5235.0500 0.59301857
5235.1000 0.58739432
5235.1500 0.58177006
5235.2000 0.57614581
5235.2500 0.57703306
5235.3000 0.58046301
5235.3500 0.58389297
5235.4000 0.58732293
5235.4500 0.58704272
5235.5000 0.5811338
5235.5500 0.57522487
5235.6000 0.56931595
5235.6500 0.5641085
5235.7000 0.56732026
5235.7500 0.57053202
5235.8000 0.57374378
5235.8500 0.57695554
5235.9000 0.56781193
5235.9500 0.55472489
5236.0000 0.54163784
5236.0500 0.5285508
5236.1000 0.53027637
5236.1500 0.55079987
5236.2000 0.57132338
5236.2500 0.59184688
5236.3000 0.60890866
5236.3500 0.60171421
5236.4000 0.59451976
5236.4500 0.58732531
5236.5000 0.58013087
5236.5500 0.57782633
5236.6000 0.57666443
5236.6500 0.57550253
5236.7000 0.57434063
5236.7500 0.5713963
5236.8000 0.56665382
5236.8500 0.56191134
5236.9000 0.55716887
5236.9500 0.55395709
5237.0000 0.55742012
5237.0500 0.56088316
5237.1000 0.56434619
5237.1500 0.56780923
5237.2000 0.56183184
5237.2500 0.55452807
5237.3000 0.5472243
5237.3500 0.53992053
5237.4000 0.54019848
5237.4500 0.5462288
5237.5000 0.55225913
5237.5500 0.55828945
5237.6000 0.56552624
5237.6500 0.57616295
5237.7000 0.58679966
5237.7500 0.59743637
5237.8000 0.60807308
5237.8500 0.5971346
5237.9000 0.58522084
5237.9500 0.57330707
5238.0000 0.56139331
5238.0500 0.55785142
5238.1000 0.55875593
5238.1500 0.55966043
5238.2000 0.56056494
5238.2500 0.56129296
5238.3000 0.56169469
5238.3500 0.56209641
5238.4000 0.56249814
5238.4500 0.56306499
5238.5000 0.56673967
5238.5500 0.57041435
5238.6000 0.57408903
5238.6500 0.57776371
5238.7000 0.57352656
5238.7500 0.56667202
5238.8000 0.55981749
5238.8500 0.55296295
5238.9000 0.55199602
5238.9500 0.55811221
5239.0000 0.56422841
5239.0500 0.5703446
5239.1000 0.57832702
5239.1500 0.59625863
5239.2000 0.61419024
5239.2500 0.63212185
5239.3000 0.65005346
5239.3500 0.64628531
5239.4000 0.63908748
5239.4500 0.63188965
5239.5000 0.62469181
5239.5500 0.61551703
5239.6000 0.60485469
5239.6500 0.59419234
5239.7000 0.58352999
5239.7500 0.57554232
5239.8000 0.57445713
5239.8500 0.57337193
5239.9000 0.57228674
5239.9500 0.57120155
5240.0000 0.57989623
5240.0500 0.58869503
5240.1000 0.59749383
5240.1500 0.60629263
5240.2000 0.6067911
5240.2500 0.60375254
5240.3000 0.60071398
5240.3500 0.59767542
5240.4000 0.60166616
5240.4500 0.61558721
5240.5000 0.62950826
5240.5500 0.64342932
5240.6000 0.65374791
5240.6500 0.63980615
5240.7000 0.62586439
5240.7500 0.61192263
5240.8000 0.59798087
5240.8500 0.60577274
5240.9000 0.61753121
5240.9500 0.62928968
5241.0000 0.64104815
5241.0500 0.65347154
5241.1000 0.66640985
5241.1500 0.67934816
5241.2000 0.69228647
5241.2500 0.69692533
5241.3000 0.68054074
5241.3500 0.66415615
5241.4000 0.64777156
5241.4500 0.63148302
5241.5000 0.63881857
5241.5500 0.64615411
5241.6000 0.65348966
5241.6500 0.6608252
5241.7000 0.65429384
5241.7500 0.64254514
5241.8000 0.63079643
5241.8500 0.61904772
5241.9000 0.61189857
5241.9500 0.61035448
5242.0000 0.6088104
5242.0500 0.60726631
5242.1000 0.60949054
5242.1500 0.62930807
5242.2000 0.64912561
5242.2500 0.66894315
5242.3000 0.68876069
5242.3500 0.6701271
5242.4000 0.64739297
5242.4500 0.62465883
5242.5000 0.6019247
5242.5500 0.60189735
5242.6000 0.61506785
5242.6500 0.62823834
5242.7000 0.64140884
5242.7500 0.64947401
5242.8000 0.64857109
5242.8500 0.64766817
5242.9000 0.64676525
5242.9500 0.64535893
5243.0000 0.63913845
5243.0500 0.63291797
5243.1000 0.6266975
5243.1500 0.62047702
5243.2000 0.62597032
5243.2500 0.63389467
5243.3000 0.64181901
5243.3500 0.64974335
5243.4000 0.64779917
5243.4500 0.63819999
5243.5000 0.62860082
5243.5500 0.61900164
5243.6000 0.6110578
5243.6500 0.60698101
5243.7000 0.60290421
5243.7500 0.59882741
5243.8000 0.59496274
5243.8500 0.59648193
5243.9000 0.59800113
5243.9500 0.59952032
5244.0000 0.60103951
5244.0500 0.6041014
5244.1000 0.60760443
5244.1500 0.61110747
5244.2000 0.6146105
5244.2500 0.60993578
5244.3000 0.59767965
5244.3500 0.58542351
5244.4000 0.57316738
5244.4500 0.5662898
5244.5000 0.57457965
5244.5500 0.5828695
5244.6000 0.59115935
5244.6500 0.59940126
5244.7000 0.59997176
5244.7500 0.60054226
5244.8000 0.60111276
5244.8500 0.60168327
5244.9000 0.59855417
5244.9500 0.5942064
5245.0000 0.58985863
5245.0500 0.58551086
5245.1000 0.58743354
5245.1500 0.59563193
5245.2000 0.60383032
5245.2500 0.61202871
5245.3000 0.61732895
5245.3500 0.61388541
5245.4000 0.61044187
5245.4500 0.60699833
5245.5000 0.60355479
5245.5500 0.5916338
5245.6000 0.57970999
5245.6500 0.56778617
5245.7000 0.55586236
5245.7500 0.56514091
5245.8000 0.58141277
5245.8500 0.59768463
5245.9000 0.61395649
5245.9500 0.61661665
5246.0000 0.60598021
5246.0500 0.59534378
5246.1000 0.58470734
5246.1500 0.5818533
5246.2000 0.60099821
5246.2500 0.62014312
5246.3000 0.63928804
5246.3500 0.65801661
5246.4000 0.65448753
5246.4500 0.65095846
5246.5000 0.64742938
5246.5500 0.64390031
5246.6000 0.64314486
5246.6500 0.64318551
5246.7000 0.64322615
5246.7500 0.64326679
5246.8000 0.64125006
5246.8500 0.63746089
5246.9000 0.63367173
5246.9500 0.62988256
5247.0000 0.62501529
5247.0500 0.6176204
5247.1000 0.6102255
5247.1500 0.60283061
5247.2000 0.59739812
5247.2500 0.62146205
5247.3000 0.64552598
5247.3500 0.66958991
5247.4000 0.69365384
5247.4500 0.6864761
5247.5000 0.67277898
5247.5500 0.65908187
5247.6000 0.64538475
5247.6500 0.63367946
5247.7000 0.62333608
5247.7500 0.6129927
5247.8000 0.60264932
5247.8500 0.60068224
5247.9000 0.61347366
5247.9500 0.62626509
5248.0000 0.63905651
5248.0500 0.6479787
5248.1000 0.63141524
5248.1500 0.61485179
5248.2000 0.59828833
5248.2500 0.58172488
5248.3000 0.58998567
5248.3500 0.60090862
5248.4000 0.61183157
5248.4500 0.62275452
5248.5000 0.61164193
5248.5500 0.58997175
5248.6000 0.56830157
5248.6500 0.54663139
5248.7000 0.54289548
5248.7500 0.56102544
5248.8000 0.5791554
5248.8500 0.59728536
5248.9000 0.61073356
5248.9500 0.60821488
5249.0000 0.60569619
5249.0500 0.60317751
5249.1000 0.60058161
5249.1500 0.58075184
5249.2000 0.56092206
5249.2500 0.54109228
5249.3000 0.52126251
5249.3500 0.52823374
5249.4000 0.54259827
5249.4500 0.55696281
5249.5000 0.57132734
5249.5500 0.57408224
5249.6000 0.5678883
5249.6500 0.56169437
5249.7000 0.55550043
5249.7500 0.55246498
5249.8000 0.55536693
5249.8500 0.55826889
5249.9000 0.56117084
5249.9500 0.56507907
5250.0000 0.57564044
5250.0500 0.58620181
5250.1000 0.59676319
5250.1500 0.60732456
5250.2000 0.59553621
5250.2500 0.58172808
5250.3000 0.56791995
5250.3500 0.55411182
5250.4000 0.5531603
5250.4500 0.55760232
5250.5000 0.56204435
5250.5500 0.56648637
5250.6000 0.56961304
5250.6500 0.57138927
5250.7000 0.57316551
5250.7500 0.57494175
5250.8000 0.57719896
5250.8500 0.58066884
5250.9000 0.58413872
5250.9500 0.58760861
5251.0000 0.59170682
5251.0500 0.60342633
5251.1000 0.61514583
5251.1500 0.62686534
5251.2000 0.63858485
5251.2500 0.63087289
5251.3000 0.62025618
5251.3500 0.60963946
5251.4000 0.59902275
5251.4500 0.59117107
5251.5000 0.58471008
5251.5500 0.57824909
5251.6000 0.5717881
5251.6500 0.56785932
5251.7000 0.56687488
5251.7500 0.56589043
5251.8000 0.56490599
5251.8500 0.56495063
5251.9000 0.56790888
5251.9500 0.57086713
5252.0000 0.57382538
5252.0500 0.57681641
5252.1000 0.5803097
5252.1500 0.583803
5252.2000 0.58729629
5252.2500 0.59078959
5252.3000 0.5963761
5252.3500 0.60229453
5252.4000 0.60821297
5252.4500 0.6141314
5252.5000 0.6128672
5252.5500 0.60801102
5252.6000 0.60315485
5252.6500 0.59829867
5252.7000 0.59237944
5252.7500 0.58526979
5252.8000 0.57816014
5252.8500 0.57105049
5252.9000 0.56969221
5252.9500 0.58323551
5253.0000 0.59677881
5253.0500 0.61032211
5253.1000 0.62163908
5253.1500 0.60954483
5253.2000 0.59745058
5253.2500 0.58535634
5253.3000 0.57326209
5253.3500 0.56793803
5253.4000 0.56339282
5253.4500 0.55884762
5253.5000 0.55430242
5253.5500 0.55251173
5253.6000 0.55185467
5253.6500 0.5511976
5253.7000 0.55054054
5253.7500 0.54459341
5253.8000 0.533796
5253.8500 0.52299859
5253.9000 0.51220119
5253.9500 0.50881683
5254.0000 0.52004542
5254.0500 0.53127401
5254.1000 0.54250259
5254.1500 0.55239768
5254.2000 0.55491426
5254.2500 0.55743085
5254.3000 0.55994743
5254.3500 0.56246401
5254.4000 0.56176905
5254.4500 0.56097885
5254.5000 0.56018865
5254.5500 0.55939845
5254.6000 0.5665777
5254.6500 0.57586299
5254.7000 0.58514827
5254.7500 0.59443356
5254.8000 0.59650436
5254.8500 0.59400862
5254.9000 0.59151287
5254.9500 0.58901713
5255.0000 0.59502159
5255.0500 0.61204746
5255.1000 0.62907334
5255.1500 0.64609922
5255.2000 0.6575536
5255.2500 0.65315945
5255.3000 0.6487653
5255.3500 0.64437116
5255.4000 0.64013968
5255.4500 0.63762776
5255.5000 0.63511583
5255.5500 0.63260391
5255.6000 0.63009198
5255.6500 0.64599178
5255.7000 0.66361538
5255.7500 0.68123897
5255.8000 0.69886256
5255.8500 0.68238547
5255.9000 0.65417449
5255.9500 0.62596351
5256.0000 0.59775252
5256.0500 0.58346172
5256.1000 0.57944953
5256.1500 0.57543734
5256.2000 0.57142515
5256.2500 0.58172037
5256.3000 0.61276376
5256.3500 0.64380714
5256.4000 0.67485053
5256.4500 0.68836879
5256.5000 0.64719536
5256.5500 0.60602192
5256.6000 0.56484849
5256.6500 0.52939646
5256.7000 0.56077444
5256.7500 0.59215242
5256.8000 0.6235304
5256.8500 0.65490838
5256.9000 0.64880515
5256.9500 0.6392958
5257.0000 0.62978645
5257.0500 0.6202771
5257.1000 0.60832439
5257.1500 0.59558385
5257.2000 0.58284332
5257.2500 0.57010278
5257.3000 0.57442573
5257.3500 0.59025206
5257.4000 0.60607839
5257.4500 0.62190473
5257.5000 0.62912143
5257.5500 0.62538518
5257.6000 0.62164893
5257.6500 0.61791268
5257.7000 0.61526286
5257.7500 0.61534467
5257.8000 0.61542648
5257.8500 0.6155083
5257.9000 0.61827256
5257.9500 0.63888584
5258.0000 0.65949911
5258.0500 0.68011239
5258.1000 0.70072566
5258.1500 0.67681627
5258.2000 0.65192428
5258.2500 0.6270323
5258.3000 0.60214032
5258.3500 0.59806755
5258.4000 0.59832494
5258.4500 0.59858233
5258.5000 0.59883973
5258.5500 0.59234649
5258.6000 0.58266035
5258.6500 0.57297421
5258.7000 0.56328807
5258.7500 0.56078259
5258.8000 0.56460326
5258.8500 0.56842394
5258.9000 0.57224462
5258.9500 0.58556818
5259.0000 0.61400581
5259.0500 0.64244345
5259.1000 0.67088108
5259.1500 0.68729864
5259.2000 0.66608528
5259.2500 0.64487192
5259.3000 0.62365856
5259.3500 0.60470809
5259.4000 0.60616487
5259.4500 0.60762164
5259.5000 0.60907842
5259.5500 0.61053519
5259.6000 0.59597788
5259.6500 0.5807396
5259.7000 0.56550132
5259.7500 0.55026304
5259.8000 0.56141036
5259.8500 0.57833898
5259.9000 0.5952676
5259.9500 0.61219623
5260.0000 0.61951704
5260.0500 0.62237862
5260.1000 0.62524019
5260.1500 0.62810177
5260.2000 0.62238095
5260.2500 0.6095641
5260.3000 0.59674724
5260.3500 0.58393039
5260.4000 0.57042728
5260.4500 0.5559507
5260.5000 0.54147412
5260.5500 0.52699753
5260.6000 0.52298374
5260.6500 0.54571234
5260.7000 0.56844095
5260.7500 0.59116955
5260.8000 0.60758357
5260.8500 0.58839329
5260.9000 0.56920302
5260.9500 0.55001275
5261.0000 0.53143245
5261.0500 0.54030847
5261.1000 0.54918448
5261.1500 0.55806049
5261.2000 0.56693651
5261.2500 0.59155245
5261.3000 0.61802468
5261.3500 0.64449691
5261.4000 0.67096914
5261.4500 0.66275035
5261.5000 0.6441082
5261.5500 0.62546605
5261.6000 0.6068239
5261.6500 0.60019638
5261.7000 0.60017901
5261.7500 0.60016165
5261.8000 0.60014428
5261.8500 0.61031405
5261.9000 0.62977866
5261.9500 0.64924327
5262.0000 0.66870788
5262.0500 0.67548902
5262.1000 0.66343365
5262.1500 0.65137829
5262.2000 0.63932293
5262.2500 0.62999544
5262.3000 0.62755972
5262.3500 0.625124
5262.4000 0.62268828
5262.4500 0.62071594
5262.5000 0.62106433
5262.5500 0.62141272
5262.6000 0.62176111
5262.6500 0.62187524
5262.7000 0.61762918
5262.7500 0.61338312
5262.8000 0.60913707
5262.8500 0.60489101
5262.9000 0.59427792
5262.9500 0.58323838
5263.0000 0.57219884
5263.0500 0.5611593
5263.1000 0.56750954
5263.1500 0.57754459
5263.2000 0.58757965
5263.2500 0.5976147
5263.3000 0.59268667
5263.3500 0.58178764
5263.4000 0.57088861
5263.4500 0.55998958
5263.5000 0.548098
5263.5500 0.53556131
5263.6000 0.52302462
5263.6500 0.51048793
5263.7000 0.50984073
5263.7500 0.52112657
5263.8000 0.53241241
5263.8500 0.54369826
5263.9000 0.5503525
5263.9500 0.54987656
5264.0000 0.54940062
5264.0500 0.54892468
5264.1000 0.54943817
5264.1500 0.55237196
5264.2000 0.55530576
5264.2500 0.55823955
5264.3000 0.56248041
5264.3500 0.57235672
5264.4000 0.58223302
5264.4500 0.59210933
5264.5000 0.59908874
5264.5500 0.57606823
5264.6000 0.55304771
5264.6500 0.5300272
5264.7000 0.50700668
5264.7500 0.52619953
5264.8000 0.54583813
5264.8500 0.56547673
5264.9000 0.58511534
5264.9500 0.59329058
5265.0000 0.60008858
5265.0500 0.60688657
5265.1000 0.61368456
5265.1500 0.60598525
5265.2000 0.59460792
5265.2500 0.5832306
5265.3000 0.57185327
5265.3500 0.56538325
5265.4000 0.56097419
5265.4500 0.55656513
5265.5000 0.55215608
5265.5500 0.55136288
5265.6000 0.55285689
5265.6500 0.5543509
5265.7000 0.55584491
5265.7500 0.55580659
5265.8000 0.5543682
5265.8500 0.55292981
5265.9000 0.55149142
5265.9500 0.54277335
5266.0000 0.52457195
5266.0500 0.50637054
5266.1000 0.48816913
5266.1500 0.48081832
5266.2000 0.49382381
5266.2500 0.50682931
5266.3000 0.5198348
5266.3500 0.53299226
5266.4000 0.54657591
5266.4500 0.56015957
5266.5000 0.57374322
5266.5500 0.58166195
5266.6000 0.56371949
5266.6500 0.54577702
5266.7000 0.52783456
5266.7500 0.51176154
5266.8000 0.51284557
5266.8500 0.5139296
5266.9000 0.51501364
5266.9500 0.51622176
5267.0000 0.5240008
5267.0500 0.53177984
5267.1000 0.53955888
5267.1500 0.54733792
5267.2000 0.54662751
5267.2500 0.54538033
5267.3000 0.54413314
5267.3500 0.54288595
5267.4000 0.52428316
5267.4500 0.50295417
5267.5000 0.48162518
5267.5500 0.46029618
5267.6000 0.45895593
5267.6500 0.46293947
5267.7000 0.46692301
5267.7500 0.47090655
5267.8000 0.49510814
5267.8500 0.52729646
5267.9000 0.55948477
5267.9500 0.59167309
5268.0000 0.59196651
5268.0500 0.5747594
5268.1000 0.55755229
5268.1500 0.54034517
5268.2000 0.53680944
5268.2500 0.54332489
5268.3000 0.54984034
5268.3500 0.55635578
5268.4000 0.560981
5268.4500 0.56378009
5268.5000 0.56657918
5268.5500 0.56937827
5268.6000 0.56944741
5268.6500 0.56607953
5268.7000 0.56271165
5268.7500 0.55934376
5268.8000 0.55704332
5268.8500 0.55649601
5268.9000 0.5559487
5268.9500 0.55540139
5269.0000 0.55373666
5269.0500 0.54965265
5269.1000 0.54556864
5269.1500 0.54148464
5269.2000 0.53840154
5269.2500 0.53823986
5269.3000 0.53807818
5269.3500 0.53791651
5269.4000 0.53776081
5269.4500 0.53762964
5269.5000 0.53749846
5269.5500 0.53736729
5269.6000 0.53661622
5269.6500 0.53202027
5269.7000 0.52742432
5269.7500 0.52282836
5269.8000 0.51841228
5269.8500 0.51597639
5269.9000 0.5135405
5269.9500 0.5111046
5270.0000 0.50892926
5270.0500 0.51534473
5270.1000 0.5217602
5270.1500 0.52817567
5270.2000 0.53459114
5270.2500 0.5291992
5270.3000 0.52353347
5270.3500 0.51786775
5270.4000 0.51220202
5270.4500 0.51826211
5270.5000 0.52524592
5270.5500 0.53222972
5270.6000 0.53921352
5270.6500 0.51411209
5270.7000 0.48456711
5270.7500 0.45502212
5270.8000 0.42547714
5270.8500 0.44349728
5270.9000 0.47115815
5270.9500 0.49881901
5271.0000 0.52647988
5271.0500 0.5229826
5271.1000 0.51101887
5271.1500 0.49905514
5271.2000 0.48709141
5271.2500 0.48678371
5271.3000 0.49050909
5271.3500 0.49423448
5271.4000 0.49795987
5271.4500 0.50817094
5271.5000 0.52114462
5271.5500 0.5341183
5271.6000 0.54709197
5271.6500 0.54973204
5271.7000 0.54708137
5271.7500 0.5444307
5271.8000 0.54178004
5271.8500 0.54191594
5271.9000 0.54373652
5271.9500 0.54555709
5272.0000 0.54737767
5272.0500 0.54435843
5272.1000 0.53793131
5272.1500 0.53150419
5272.2000 0.52507708
5272.2500 0.52692855
5272.3000 0.53549485
5272.3500 0.54406115
5272.4000 0.55262745
5272.4500 0.55013394
5272.5000 0.53740022
5272.5500 0.52466649
5272.6000 0.51193277
5272.6500 0.49624887
5272.7000 0.47747072
5272.7500 0.45869257
5272.8000 0.43991442
5272.8500 0.44598368
5272.9000 0.48137713
5272.9500 0.51677059
5273.0000 0.55216405
5273.0500 0.57036432
5273.1000 0.56586936
5273.1500 0.5613744
5273.2000 0.55687943
5273.2500 0.55080624
5273.3000 0.54241576
5273.3500 0.53402529
5273.4000 0.52563482
5273.4500 0.52025006
5273.5000 0.51974844
5273.5500 0.51924683
5273.6000 0.51874521
5273.6500 0.52946322
5273.7000 0.56024596
5273.7500 0.5910287
5273.8000 0.62181144
5273.8500 0.63677457
5273.9000 0.6207566
5273.9500 0.60473863
5274.0000 0.58872066
5274.0500 0.5797865
5274.1000 0.58596303
5274.1500 0.59213957
5274.2000 0.59831611
5274.2500 0.60072969
5274.3000 0.59444951
5274.3500 0.58816932
5274.4000 0.58188913
5274.4500 0.56820372
5274.5000 0.53609961
5274.5500 0.50399551
5274.6000 0.47189141
5274.6500 0.45592101
5274.7000 0.4828712
5274.7500 0.5098214
5274.8000 0.5367716
5274.8500 0.55418348
5274.9000 0.54464589
5274.9500 0.5351083
5275.0000 0.52557072
5275.0500 0.52263499
5275.1000 0.5393588
5275.1500 0.55608261
5275.2000 0.57280642
5275.2500 0.58238322
5275.3000 0.56971234
5275.3500 0.55704146
5275.4000 0.54437058
5275.4500 0.53143694
5275.5000 0.51765578
5275.5500 0.50387462
5275.6000 0.49009347
5275.6500 0.47403638
5275.7000 0.45044317
5275.7500 0.42684997
5275.8000 0.40325676
5275.8500 0.3924978
5275.9000 0.42494448
5275.9500 0.45739116
5276.0000 0.48983783
5276.0500 0.51365464
5276.1000 0.50822817
5276.1500 0.5028017
5276.2000 0.49737523
5276.2500 0.49459482
5276.3000 0.50074941
5276.3500 0.506904
5276.4000 0.51305859
5276.4500 0.51666692
5276.5000 0.51179301
5276.5500 0.5069191
5276.6000 0.50204519
5276.6500 0.50133838
5276.7000 0.51419254
5276.7500 0.52704671
5276.8000 0.53990088
5276.8500 0.54685233
5276.9000 0.53521537
5276.9500 0.52357841
5277.0000 0.51194145
5277.0500 0.50562578
5277.1000 0.51538061
5277.1500 0.52513543
5277.2000 0.53489026
5277.2500 0.54554686
5277.3000 0.55879319
5277.3500 0.57203952
5277.4000 0.58528584
5277.4500 0.59483052
5277.5000 0.59434595
5277.5500 0.59386138
5277.6000 0.59337682
5277.6500 0.59071609
5277.7000 0.58253321
5277.7500 0.57435033
5277.8000 0.56616745
5277.8500 0.56329259
5277.9000 0.57294806
5277.9500 0.58260352
5278.0000 0.59225899
5278.0500 0.58819527
5278.1000 0.55419155
5278.1500 0.52018783
5278.2000 0.48618411
5278.2500 0.47187345
5278.3000 0.49706234
5278.3500 0.52225123
5278.4000 0.54744013
5278.4500 0.57445995
5278.5000 0.60483639
5278.5500 0.63521283
5278.6000 0.66558927
5278.6500 0.67447089
5278.7000 0.64752673
5278.7500 0.62058257
5278.8000 0.59363841
5278.8500 0.57630533
5278.9000 0.5734592
5278.9500 0.57061306
5279.0000 0.56776692
5279.0500 0.56337477
5279.1000 0.5568864
5279.1500 0.55039802
5279.2000 0.54390965
5279.2500 0.53774263
5279.3000 0.53196539
5279.3500 0.52618815
5279.4000 0.52041091
5279.4500 0.52934311
5279.5000 0.55413847
5279.5500 0.57893383
5279.6000 0.60372919
5279.6500 0.62975012
5279.7000 0.6569384
5279.7500 0.68412668
5279.8000 0.71131496
5279.8500 0.70591694
5279.9000 0.67331309
5279.9500 0.64070925
5280.0000 0.6081054
5280.0500 0.61125081
5280.1000 0.64032327
5280.1500 0.66939574
5280.2000 0.6984682
5280.2500 0.69348762
5280.3000 0.66728494
5280.3500 0.64108227
5280.4000 0.61487959
5280.4500 0.61019688
5280.5000 0.61688392
5280.5500 0.62357096
5280.6000 0.630258
5280.6500 0.62161425
5280.7000 0.60622212
5280.7500 0.59082998
5280.8000 0.57543785
5280.8500 0.56745902
5280.9000 0.5621364
5280.9500 0.55681379
5281.0000 0.55149118
5281.0500 0.53439213
5281.1000 0.51396915
5281.1500 0.49354617
5281.2000 0.47312319
5281.2500 0.48321182
5281.3000 0.49975679
5281.3500 0.51630176
5281.4000 0.53284673
5281.4500 0.55362021
5281.5000 0.57501084
5281.5500 0.59640147
5281.6000 0.6177921
5281.6500 0.59351613
5281.7000 0.56536294
5281.7500 0.53720975
5281.8000 0.50905655
5281.8500 0.53480899
5281.9000 0.56207681
5281.9500 0.58934464
5282.0000 0.61547954
5282.0500 0.59812172
5282.1000 0.5807639
5282.1500 0.56340609
5282.2000 0.54697288
5282.2500 0.54118202
5282.3000 0.53539117
5282.3500 0.52960031
5282.4000 0.52757115
5282.4500 0.54937857
5282.5000 0.571186
5282.5500 0.59299343
5282.6000 0.60009328
5282.6500 0.54627879
5282.7000 0.4924643
5282.7500 0.43864981
5282.8000 0.4162827
5282.8500 0.48603571
5282.9000 0.55578871
5282.9500 0.62554172
5283.0000 0.66356556
5283.0500 0.63301309
5283.1000 0.60246062
5283.1500 0.57190815
5283.2000 0.55008143
5283.2500 0.54249271
5283.3000 0.534904
5283.3500 0.52731529
5283.4000 0.51787192
5283.4500 0.50611975
5283.5000 0.49436757
5283.5500 0.48261539
5283.6000 0.48081321
5283.6500 0.48846568
5283.7000 0.49611816
5283.7500 0.50377064
5283.8000 0.49047519
5283.8500 0.46212829
5283.9000 0.43378138
5283.9500 0.40543447
5284.0000 0.40574905
5284.0500 0.42130364
5284.1000 0.43685823
5284.1500 0.45241281
5284.2000 0.4566611
5284.2500 0.45663481
5284.3000 0.45660852
5284.3500 0.45658222
5284.4000 0.46395468
5284.4500 0.47317363
5284.5000 0.48239258
5284.5500 0.49161153
5284.6000 0.49287623
5284.6500 0.49302261
5284.7000 0.49316899
5284.7500 0.49331536
5284.8000 0.54866538
5284.8500 0.60661493
5284.9000 0.66456449
5284.9500 0.7198158
5285.0000 0.7010153
5285.0500 0.68221479
5285.1000 0.66341429
5285.1500 0.64666592
5285.2000 0.64538669
5285.2500 0.64410746
5285.3000 0.64282824
5285.3500 0.63692548
5285.4000 0.61263522
5285.4500 0.58834496
5285.5000 0.5640547
5285.5500 0.54342532
5285.6000 0.53190986
5285.6500 0.52039439
5285.7000 0.50887893
5285.7500 0.50751635
5285.8000 0.52314352
5285.8500 0.53877069
5285.9000 0.55439785
5285.9500 0.5706077
5286.0000 0.58749232
5286.0500 0.60437693
5286.1000 0.62126155
5286.1500 0.61821359
5286.2000 0.59915501
5286.2500 0.58009643
5286.3000 0.56103785
5286.3500 0.54164366
5286.4000 0.52206683
5286.4500 0.50249
5286.5000 0.48291317
5286.5500 0.48376721
5286.6000 0.49170894
5286.6500 0.49965068
5286.7000 0.50759242
5286.7500 0.51960602
5286.8000 0.53240012
5286.8500 0.54519422
5286.9000 0.55798832
5286.9500 0.574212
5287.0000 0.59066348
5287.0500 0.60711497
5287.1000 0.62269172
5287.1500 0.61620014
5287.2000 0.60970855
5287.2500 0.60321697
5287.3000 0.59617079
5287.3500 0.58572886
5287.4000 0.57528693
5287.4500 0.56484501
5287.5000 0.56360771
5287.5500 0.59081131
5287.6000 0.6180149
5287.6500 0.64521849
5287.7000 0.65837108
5287.7500 0.64548401
5287.8000 0.63259693
5287.8500 0.61970986
5287.9000 0.60758794
5287.9500 0.59637039
5288.0000 0.58515284
5288.0500 0.57393528
5288.1000 0.57625087
5288.1500 0.58885947
5288.2000 0.60146807
5288.2500 0.61407666
5288.3000 0.5943099
5288.3500 0.55927545
5288.4000 0.52424099
5288.4500 0.48920654
5288.5000 0.49593487
5288.5500 0.51356836
5288.6000 0.53120186
5288.6500 0.54883535
5288.7000 0.5797257
5288.7500 0.61195585
5288.8000 0.64418601
5288.8500 0.67498938
5288.9000 0.65091483
5288.9500 0.62684028
5289.0000 0.60276572
5289.0500 0.58352916
5289.1000 0.5929742
5289.1500 0.60241923
5289.2000 0.61186426
5289.2500 0.62011056
5289.3000 0.62503532
5289.3500 0.62996009
5289.4000 0.63488486
5289.4500 0.64213725
5289.5000 0.65306231
5289.5500 0.66398737
5289.6000 0.67491243
5289.6500 0.67639718
5289.7000 0.66890252
5289.7500 0.66140787
5289.8000 0.65391321
5289.8500 0.64341214
5289.9000 0.63121242
5289.9500 0.6190127
5290.0000 0.60681297
5290.0500 0.59947589
5290.1000 0.59361344
5290.1500 0.58775098
5290.2000 0.58188853
5290.2500 0.60242975
5290.3000 0.62598596
5290.3500 0.64954217
5290.4000 0.67231278
5290.4500 0.669323
5290.5000 0.66633322
5290.5500 0.66334343
5290.6000 0.65741895
5290.6500 0.63648526
5290.7000 0.61555157
5290.7500 0.59461788
5290.8000 0.56675297
5290.8500 0.52266731
5290.9000 0.47858165
5290.9500 0.43449599
5291.0000 0.44252449
5291.0500 0.51766932
5291.1000 0.59281416
5291.1500 0.66795899
5291.2000 0.65986221
5291.2500 0.59065943
5291.3000 0.52145665
5291.3500 0.45225388
5291.4000 0.44673898
5291.4500 0.46622043
5291.5000 0.48570189
5291.5500 0.50518334
5291.6000 0.47670102
5291.6500 0.44050717
5291.7000 0.40431331
5291.7500 0.36897531
5291.8000 0.46008445
5291.8500 0.55119358
5291.9000 0.64230272
5291.9500 0.71540371
5292.0000 0.68945445
5292.0500 0.6635052
5292.1000 0.63755594
5292.1500 0.61045901
5292.2000 0.58072003
5292.2500 0.55098105
5292.3000 0.52124207
5292.3500 0.50180416
5292.4000 0.4947683
5292.4500 0.48773244
5292.5000 0.48069658
5292.5500 0.47067556
5292.6000 0.45871782
5292.6500 0.44676007
5292.7000 0.43480232
5292.7500 0.53937369
5292.8000 0.68050745
5292.8500 0.82164121
5292.9000 0.96277498
5292.9500 0.87674178
5293.0000 0.77034433
5293.0500 0.66394688
5293.1000 0.56788701
5293.1500 0.59718829
5293.2000 0.62648956
5293.2500 0.65579083
5293.3000 0.67214378
5293.3500 0.64670083
5293.4000 0.62125788
5293.4500 0.59581493
5293.5000 0.58294059
5293.5500 0.5890167
5293.6000 0.59509281
5293.6500 0.60116891
5293.7000 0.5865705
5293.7500 0.55591786
5293.8000 0.52526522
5293.8500 0.49461258
5293.9000 0.46437647
5293.9500 0.43429525
5294.0000 0.40421404
5294.0500 0.37413283
5294.1000 0.43446177
5294.1500 0.50518783
5294.2000 0.5759139
5294.2500 0.64038153
5294.3000 0.61726855
5294.3500 0.59415557
5294.4000 0.5710426
5294.4500 0.55714014
5294.5000 0.57265752
5294.5500 0.5881749
5294.6000 0.60369229
5294.6500 0.60260797
5294.7000 0.57783619
5294.7500 0.5530644
5294.8000 0.52829261
5294.8500 0.51361932
5294.9000 0.5060334
5294.9500 0.49844748
5295.0000 0.49086157
5295.0500 0.50231116
5295.1000 0.51960659
5295.1500 0.53690203
5295.2000 0.55419746
5295.2500 0.56385292
5295.3000 0.57305863
5295.3500 0.58226435
5295.4000 0.58790429
5295.4500 0.56873531
5295.5000 0.54956633
5295.5500 0.53039735
5295.6000 0.51805977
5295.6500 0.52101038
5295.7000 0.523961
5295.7500 0.52691161
5295.8000 0.54230993
5295.8500 0.57046228
5295.9000 0.59861462
5295.9500 0.62676697
5296.0000 0.62108873
5296.0500 0.59955729
5296.1000 0.57802585
5296.1500 0.55649441
5296.2000 0.54748836
5296.2500 0.54035677
5296.3000 0.53322519
5296.3500 0.52545608
5296.4000 0.50781328
5296.4500 0.49017047
5296.5000 0.47252767
5296.5500 0.46205911
5296.6000 0.47272907
5296.6500 0.48339902
5296.7000 0.49406898
5296.7500 0.4963235
5296.8000 0.48821117
5296.8500 0.48009884
5296.9000 0.47198651
5296.9500 0.51249527
5297.0000 0.57980786
5297.0500 0.64712044
5297.1000 0.71443302
5297.1500 0.67788347
5297.2000 0.6220093
5297.2500 0.56613513
5297.3000 0.51473468
5297.3500 0.56159228
5297.4000 0.60844989
5297.4500 0.65530749
5297.5000 0.68293761
5297.5500 0.65160003
5297.6000 0.62026245
5297.6500 0.58892487
5297.7000 0.55920157
5297.7500 0.53145001
5297.8000 0.50369845
5297.8500 0.47594689
5297.9000 0.45415055
5297.9500 0.4354722
5298.0000 0.41679384
5298.0500 0.39811549
5298.1000 0.40278578
5298.1500 0.41111653
5298.2000 0.41944727
5298.2500 0.42722012
5298.3000 0.42806452
5298.3500 0.42890893
5298.4000 0.42975333
5298.4500 0.42988366
5298.5000 0.42823566
5298.5500 0.42658765
5298.6000 0.42493965
5298.6500 0.43507876
5298.7000 0.45698557
5298.7500 0.47889238
5298.8000 0.50079919
5298.8500 0.52695775
5298.9000 0.55480064
5298.9500 0.58264353
5299.0000 0.61048642
5299.0500 0.59714295
5299.1000 0.58089061
5299.1500 0.56463827
5299.2000 0.55176824
5299.2500 0.55751551
5299.3000 0.56326278
5299.3500 0.56901005
5299.4000 0.5793107
5299.4500 0.59718761
5299.5000 0.61506452
5299.5500 0.63294143
5299.6000 0.67106894
5299.6500 0.72275434
5299.7000 0.77443974
5299.7500 0.82612515
5299.8000 0.73168205
5299.8500 0.60613573
5299.9000 0.48058942
5299.9500 0.36388423
5300.0000 0.40845167
5300.0500 0.45301912
5300.1000 0.49758657
5300.1500 0.52192532
5300.2000 0.49460181
5300.2500 0.46727829
5300.3000 0.43995478
5300.3500 0.44745271
5300.4000 0.48804276
5300.4500 0.52863281
5300.5000 0.56922286
5300.5500 0.57195894
5300.6000 0.56180833
5300.6500 0.55165771
5300.7000 0.5415071
5300.7500 0.52048757
5300.8000 0.49926058
5300.8500 0.4780336
5300.9000 0.4788056
5300.9500 0.55827891
5301.0000 0.63775222
5301.0500 0.71722554
5301.1000 0.75460005
5301.1500 0.74207387
5301.2000 0.72954769
5301.2500 0.71702151
5301.3000 0.7072974
5301.3500 0.69878171
5301.4000 0.69026601
5301.4500 0.68175032
5301.5000 0.68100014
5301.5500 0.6807305
5301.6000 0.68046085
5301.6500 0.66803345
5301.7000 0.60265087
5301.7500 0.53726828
5301.8000 0.4718857
5301.8500 0.43245857
5301.9000 0.42692749
5301.9500 0.42139641
5302.0000 0.41586533
5302.0500 0.46450194
5302.1000 0.53832982
5302.1500 0.6121577
5302.2000 0.68598557
5302.2500 0.68911361
5302.3000 0.687199
5302.3500 0.68528438
5302.4000 0.66914918
5302.4500 0.59087826
5302.5000 0.51260735
5302.5500 0.43433643
5302.6000 0.367186
5302.6500 0.31413072
5302.7000 0.26107545
5302.7500 0.20802017
5302.8000 0.27072062
5302.8500 0.38356349
5302.9000 0.49640637
5302.9500 0.60924925
5303.0000 0.60998349
5303.0500 0.60561311
5303.1000 0.60124272
5303.1500 0.59318589
5303.2000 0.57183603
5303.2500 0.55048617
5303.3000 0.52913631
5303.3500 0.55637101
5303.4000 0.63629426
5303.4500 0.7162175
5303.5000 0.79614074
5303.5500 0.75764576
5303.6000 0.6784754
5303.6500 0.59930504
5303.7000 0.52122571
5303.7500 0.54223775
5303.8000 0.56324978
5303.8500 0.58426182
5303.9000 0.60287623
5303.9500 0.61530753
5304.0000 0.62773884
5304.0500 0.64017014
5304.1000 0.64170064
5304.1500 0.63430933
5304.2000 0.62691802
5304.2500 0.61952671
5304.3000 0.57441843
5304.3500 0.52116437
5304.4000 0.4679103
5304.4500 0.42733884
5304.5000 0.50506192
5304.5500 0.58278499
5304.6000 0.66050807
5304.6500 0.68355176
5304.7000 0.61477857
5304.7500 0.54600539
5304.8000 0.4772322
5304.8500 0.46629912
5304.9000 0.48628676
5304.9500 0.50627439
5305.0000 0.52626203
5305.0500 0.54272446
5305.1000 0.55892972
5305.1500 0.57513498
5305.2000 0.59277797
5305.2500 0.61569043
5305.3000 0.63860289
5305.3500 0.66151536
5305.4000 0.64898483
5305.4500 0.60082416
5305.5000 0.55266348
5305.5500 0.50450281
5305.6000 0.52521423
5305.6500 0.56478973
5305.7000 0.60436523
5305.7500 0.64133836
5305.8000 0.64540143
5305.8500 0.6494645
5305.9000 0.65352757
5305.9500 0.66372066
5306.0000 0.6846451
5306.0500 0.70556955
5306.1000 0.72649399
5306.1500 0.71577966
5306.2000 0.68846043
5306.2500 0.6611412
5306.3000 0.63382196
5306.3500 0.68517643
5306.4000 0.74066675
5306.4500 0.79615707
5306.5000 0.81254719
5306.5500 0.70927917
5306.6000 0.60601114
5306.6500 0.50274312
5306.7000 0.51446478
5306.7500 0.62237764
5306.8000 0.73029051
5306.8500 0.83820337
5306.9000 0.87246115
5306.9500 0.89317921
5307.0000 0.91389726
5307.0500 0.91711647
5307.1000 0.81873065
5307.1500 0.72034483
5307.2000 0.62195901
5307.2500 0.56780053
5307.3000 0.56745456
5307.3500 0.5671086
5307.4000 0.56676264
5307.4500 0.6015605
5307.5000 0.64762097
5307.5500 0.69368143
5307.6000 0.73240752
5307.6500 0.66647538
5307.7000 0.60054324
5307.7500 0.53461109
5307.8000 0.53450859
5307.8500 0.64380836
5307.9000 0.75310814
5307.9500 0.86240791
5308.0000 0.89571616
5308.0500 0.89453926
5308.1000 0.89336236
5308.1500 0.89208997
5308.2000 0.84389071
5308.2500 0.79569145
5308.3000 0.74749218
5308.3500 0.71241049
5308.4000 0.70543408
5308.4500 0.69845767
5308.5000 0.69148127
5308.5500 0.66559513
5308.6000 0.62890483
5308.6500 0.59221452
5308.7000 0.55552422
5308.7500 0.62253065
5308.8000 0.69424401
5308.8500 0.76595737
5308.9000 0.79938045
5308.9500 0.7337397
5309.0000 0.66809896
5309.0500 0.60245821
5309.1000 0.60785372
5309.1500 0.660024
5309.2000 0.71219428
5309.2500 0.76436456
5309.3000 0.70957551
5309.3500 0.64663335
5309.4000 0.58369119
5309.4500 0.54295878
5309.5000 0.56630615
5309.5500 0.58965352
5309.6000 0.61300089
5309.6500 0.57286719
5309.7000 0.48818196
5309.7500 0.40349673
5309.8000 0.31881151
5309.8500 0.46434018
5309.9000 0.62992937
5309.9500 0.79551856
5310.0000 0.87964027
5310.0500 0.72461063
5310.1000 0.56958099
5310.1500 0.41455135
5310.2000 0.38398304
5310.2500 0.43977712
5310.3000 0.49557121
5310.3500 0.5513653
5310.4000 0.5430111
5310.4500 0.5297272
5310.5000 0.5164433
5310.5500 0.52378725
5310.6000 0.58720645
5310.6500 0.65062566
5310.7000 0.71404486
5310.7500 0.72421609
5310.8000 0.7005213
5310.8500 0.67682651
5310.9000 0.65313172
5310.9500 0.67403398
5311.0000 0.69700943
5311.0500 0.71998487
5311.1000 0.69822216
5311.1500 0.57302482
5311.2000 0.44782748
5311.2500 0.32263015
5311.3000 0.33147308
5311.3500 0.41239357
5311.4000 0.49331407
5311.4500 0.57419471
5311.5000 0.59891259
5311.5500 0.62363046
5311.6000 0.64834834
5311.6500 0.64135782
5311.7000 0.57628439
5311.7500 0.51121096
5311.8000 0.44613753
5311.8500 0.46513797
5311.9000 0.51888243
5311.9500 0.57262689
5312.0000 0
5312.0500 0
5312.1000 0
5312.1500 0
