4329.0500 -17.67081263
4329.1000 -26.67231627
4329.1500 -26.73236529
4329.2000 -19.65270757
4329.2500 -12.57304985
4329.3000 -5.49339213
4329.3500 -0.81402017
4329.4000 0.25961271
4329.4500 1.33324559
4329.5000 2.40687846
4329.5500 3.17584696
4329.6000 3.00373912
4329.6500 2.83163129
4329.7000 2.65952345
4329.7500 2.48280995
4329.8000 2.25996539
4329.8500 2.03712082
4329.9000 1.81427626
4329.9500 1.59143169
4330.0000 1.3932292
4330.0500 1.1966477
4330.1000 1.00006621
4330.1500 0.80348471
4330.2000 0.95345258
4330.2500 1.19717271
4330.3000 1.44089283
4330.3500 1.68461296
4330.4000 1.52357426
4330.4500 1.13203794
4330.5000 0.74050162
4330.5500 0.34896531
4330.6000 0.22001885
4330.6500 0.36598778
4330.7000 0.51195671
4330.7500 0.65792564
4330.8000 0.77141441
4330.8500 0.82218983
4330.9000 0.87296525
4330.9500 0.92374067
4331.0000 0.95681861
4331.0500 0.91691138
4331.1000 0.87700414
4331.1500 0.8370969
4331.2000 0.79158229
4331.2500 0.6404288
4331.3000 0.48927531
4331.3500 0.33812182
4331.4000 0.18696833
4331.4500 0.31574481
4331.5000 0.47324418
4331.5500 0.63074354
4331.6000 0.7882429
4331.6500 0.80241543
4331.7000 0.77250222
4331.7500 0.742589
4331.8000 0.71267578
4331.8500 0.72403062
4331.9000 0.7602648
4331.9500 0.79649898
4332.0000 0.83273316
4332.0500 0.85334499
4332.1000 0.85732039
4332.1500 0.86129579
4332.2000 0.86527119
4332.2500 0.88162747
4332.3000 0.92138857
4332.3500 0.96114967
4332.4000 1.00091078
4332.4500 0.99225573
4332.5000 0.80030563
4332.5500 0.60835553
4332.6000 0.41640543
4332.6500 0.23884044
4332.7000 0.24336686
4332.7500 0.24789328
4332.8000 0.2524197
4332.8500 0.25694612
4332.9000 0.18151026
4332.9500 0.10085873
4333.0000 0.0202072
4333.0500 -0.06044433
4333.1000 -0.01932765
4333.1500 0.05117192
4333.2000 0.12167149
4333.2500 0.19217106
4333.3000 0.25124436
4333.3500 0.30478423
4333.4000 0.35832409
4333.4500 0.41186396
4333.5000 0.47128536
4333.5500 0.53565397
4333.6000 0.60002259
4333.6500 0.6643912
4333.7000 0.64139205
4333.7500 0.49464417
4333.8000 0.3478963
4333.8500 0.20114842
4333.9000 0.14323962
4333.9500 0.30731595
4334.0000 0.47139228
4334.0500 0.6354686
4334.1000 0.74875916
4334.1500 0.59359577
4334.2000 0.43843237
4334.2500 0.28326898
4334.3000 0.13383218
4334.3500 0.14893299
4334.4000 0.1640338
4334.4500 0.17913461
4334.5000 0.19423542
4334.5500 0.27699269
4334.6000 0.36648477
4334.6500 0.45597686
4334.7000 0.54546894
4334.7500 0.52156302
4334.8000 0.46689021
4334.8500 0.41221741
4334.9000 0.3575446
4334.9500 0.32668484
4335.0000 0.30782187
4335.0500 0.28895889
4335.1000 0.27009592
4335.1500 0.25787712
4335.2000 0.25121266
4335.2500 0.2445482
4335.3000 0.23788374
4335.3500 0.24724489
4335.4000 0.27823131
4335.4500 0.30921772
4335.5000 0.34020414
4335.5500 0.34073864
4335.6000 0.27281855
4335.6500 0.20489847
4335.7000 0.13697838
4335.7500 0.08740628
4335.8000 0.11534002
4335.8500 0.14327376
4335.9000 0.1712075
4335.9500 0.20703339
4336.0000 0.33849993
4336.0500 0.46996647
4336.1000 0.60143301
4336.1500 0.73289955
4336.2000 0.72454291
4336.2500 0.7107117
4336.3000 0.69688049
4336.3500 0.68304928
4336.4000 0.57644167
4336.4500 0.45342266
4336.5000 0.33040366
4336.5500 0.20738465
4336.6000 0.23259663
4336.6500 0.31033737
4336.7000 0.3880781
4336.7500 0.46581883
4336.8000 0.48503241
4336.8500 0.46961924
4336.9000 0.45420607
4336.9500 0.43879291
4337.0000 0.39599006
4337.0500 0.32785362
4337.1000 0.25971717
4337.1500 0.19158072
4337.2000 0.12939785
4337.2500 0.0757121
4337.3000 0.02202635
4337.3500 -0.0316594
4337.4000 -0.03298047
4337.4500 0.08459185
4337.5000 0.20216418
4337.5500 0.3197365
4337.6000 0.41204444
4337.6500 0.40380802
4337.7000 0.3955716
4337.7500 0.38733519
4337.8000 0.37917539
4337.8500 0.37172772
4337.9000 0.36428005
4337.9500 0.35683238
4338.0000 0.34938471
4338.0500 0.37647997
4338.1000 0.40375746
4338.1500 0.43103495
4338.2000 0.45831244
4338.2500 0.45495426
4338.3000 0.44794974
4338.3500 0.44094521
4338.4000 0.43394069
4338.4500 0.38636612
4338.5000 0.32825288
4338.5500 0.27013964
4338.6000 0.2120264
4338.6500 0.27377657
4338.7000 0.38806971
4338.7500 0.50236285
4338.8000 0.61665599
4338.8500 0.626839
4338.9000 0.5670212
4338.9500 0.50720339
4339.0000 0.44738559
4339.0500 0.45050907
4339.1000 0.51608628
4339.1500 0.5816635
4339.2000 0.64724071
4339.2500 0.6481873
4339.3000 0.55504922
4339.3500 0.46191113
4339.4000 0.36877305
4339.4500 0.31140557
4339.5000 0.33227617
4339.5500 0.35314677
4339.6000 0.37401737
4339.6500 0.39691922
4339.7000 0.4269573
4339.7500 0.45699539
4339.8000 0.48703348
4339.8500 0.50820687
4339.9000 0.47040087
4339.9500 0.43259486
4340.0000 0.39478886
4340.0500 0.35680802
4340.1000 0.3147409
4340.1500 0.27267377
4340.2000 0.23060665
4340.2500 0.18853952
4340.3000 0.21500086
4340.3500 0.24486685
4340.4000 0.27473285
4340.4500 0.30459884
4340.5000 0.24090962
4340.5500 0.16269212
4340.6000 0.08447461
4340.6500 0.00625711
4340.7000 -0.01616907
4340.7500 -0.02283812
4340.8000 -0.02950718
4340.8500 -0.03617623
4340.9000 -0.0336828
4340.9500 -0.02717277
4341.0000 -0.02066274
4341.0500 -0.01415271
4341.1000 -0.03431818
4341.1500 -0.07139829
4341.2000 -0.1084784
4341.2500 -0.1455585
4341.3000 -0.10662023
4341.3500 -0.00026029
4341.4000 0.10609966
4341.4500 0.21245961
4341.5000 0.28264642
4341.5500 0.30848606
4341.6000 0.33432569
4341.6500 0.36016532
4341.7000 0.36843005
4341.7500 0.34674294
4341.8000 0.32505583
4341.8500 0.30336872
4341.9000 0.27531682
4341.9500 0.23180323
4342.0000 0.18828965
4342.0500 0.14477606
4342.1000 0.13332791
4342.1500 0.23916592
4342.2000 0.34500392
4342.2500 0.45084193
4342.3000 0.53344606
4342.3500 0.47220256
4342.4000 0.41095907
4342.4500 0.34971557
4342.5000 0.29015781
4342.5500 0.25497437
4342.6000 0.21979093
4342.6500 0.18460748
4342.7000 0.14942404
4342.7500 0.25297759
4342.8000 0.35770841
4342.8500 0.46243923
4342.9000 0.56717005
4342.9500 0.53041099
4343.0000 0.48130734
4343.0500 0.43220369
4343.1000 0.38310003
4343.1500 0.36436072
4343.2000 0.35101385
4343.2500 0.33766697
4343.3000 0.32432009
4343.3500 0.33982987
4343.4000 0.3634836
4343.4500 0.38713732
4343.5000 0.41079105
4343.5500 0.37127022
4343.6000 0.30617955
4343.6500 0.24108888
4343.7000 0.17599821
4343.7500 0.25448103
4343.8000 0.4119461
4343.8500 0.56941117
4343.9000 0.72687624
4343.9500 0.74249632
4344.0000 0.65524137
4344.0500 0.56798641
4344.1000 0.48073146
4344.1500 0.43585912
4344.2000 0.43083702
4344.2500 0.42581491
4344.3000 0.42079281
4344.3500 0.41838089
4344.4000 0.41912791
4344.4500 0.41987492
4344.5000 0.42062194
4344.5500 0.41885047
4344.6000 0.4131522
4344.6500 0.40745393
4344.7000 0.40175566
4344.7500 0.38874613
4344.8000 0.36091431
4344.8500 0.33308248
4344.9000 0.30525066
4344.9500 0.28635755
4345.0000 0.29148976
4345.0500 0.29662198
4345.1000 0.3017542
4345.1500 0.32474643
4345.2000 0.41362177
4345.2500 0.5024971
4345.3000 0.59137244
4345.3500 0.66441974
4345.4000 0.65224937
4345.4500 0.64007901
4345.5000 0.62790864
4345.5500 0.61578686
4345.6000 0.60409621
4345.6500 0.59240555
4345.7000 0.5807149
4345.7500 0.56805737
4345.8000 0.53587227
4345.8500 0.50368717
4345.9000 0.47150207
4345.9500 0.43931697
4346.0000 0.40150163
4346.0500 0.36365425
4346.1000 0.32580687
4346.1500 0.28795949
4346.2000 0.317752
4346.2500 0.35165072
4346.3000 0.38554943
4346.3500 0.41944815
4346.4000 0.40855776
4346.4500 0.39227021
4346.5000 0.37598267
4346.5500 0.35969512
4346.6000 0.40829519
4346.6500 0.46894246
4346.7000 0.52958973
4346.7500 0.590237
4346.8000 0.54672435
4346.8500 0.47645582
4346.9000 0.40618729
4346.9500 0.33591875
4347.0000 0.34697363
4347.0500 0.38526626
4347.1000 0.42355889
4347.1500 0.46185152
4347.2000 0.47452134
4347.2500 0.4764097
4347.3000 0.47829806
4347.3500 0.48018642
4347.4000 0.49462333
4347.4500 0.51552923
4347.5000 0.53643512
4347.5500 0.55734102
4347.6000 0.55126644
4347.6500 0.52845106
4347.7000 0.50563568
4347.7500 0.48282031
4347.8000 0.44524672
4347.8500 0.39679268
4347.9000 0.34833863
4347.9500 0.29988459
4348.0000 0.28415865
4348.0500 0.2968324
4348.1000 0.30950614
4348.1500 0.32217989
4348.2000 0.35741054
4348.2500 0.41552106
4348.3000 0.47363157
4348.3500 0.53174208
4348.4000 0.55636541
4348.4500 0.54147887
4348.5000 0.52659234
4348.5500 0.5117058
4348.6000 0.48834292
4348.6500 0.45338486
4348.7000 0.4184268
4348.7500 0.38346873
4348.8000 0.37672883
4348.8500 0.4146622
4348.9000 0.45259556
4348.9500 0.49052893
4349.0000 0.51322043
4349.0500 0.50800052
4349.1000 0.50278061
4349.1500 0.4975607
4349.2000 0.50134542
4349.2500 0.52421773
4349.3000 0.54709005
4349.3500 0.56996236
4349.4000 0.57232924
4349.4500 0.52428065
4349.5000 0.47623206
4349.5500 0.42818347
4349.6000 0.38648978
4349.6500 0.36297928
4349.7000 0.33946877
4349.7500 0.31595827
4349.8000 0.29901321
4349.8500 0.30403716
4349.9000 0.30906112
4349.9500 0.31408508
4350.0000 0.3239992
4350.0500 0.35317783
4350.1000 0.38235646
4350.1500 0.41153509
4350.2000 0.43608376
4350.2500 0.43896646
4350.3000 0.44184916
4350.3500 0.44473187
4350.4000 0.44652293
4350.4500 0.4421737
4350.5000 0.43782448
4350.5500 0.43347525
4350.6000 0.43118243
4350.6500 0.44301533
4350.7000 0.45484823
4350.7500 0.46668113
4350.8000 0.4726199
4350.8500 0.42803068
4350.9000 0.38344145
4350.9500 0.33885222
4351.0000 0.30208866
4351.0500 0.35166434
4351.1000 0.40124003
4351.1500 0.45081572
4351.2000 0.49594766
4351.2500 0.47498918
4351.3000 0.4540307
4351.3500 0.43307222
4351.4000 0.41401471
4351.4500 0.43611234
4351.5000 0.45820998
4351.5500 0.48030761
4351.6000 0.50157006
4351.6500 0.49221519
4351.7000 0.48286033
4351.7500 0.47350546
4351.8000 0.46400751
4351.8500 0.44063949
4351.9000 0.41727147
4351.9500 0.39390345
4352.0000 0.37053543
4352.0500 0.36287944
4352.1000 0.35530051
4352.1500 0.34772157
4352.2000 0.34014263
4352.2500 0.3008845
4352.3000 0.26102208
4352.3500 0.22115966
4352.4000 0.18129724
4352.4500 0.24560714
4352.5000 0.3132834
4352.5500 0.38095966
4352.6000 0.44863592
4352.6500 0.44328171
4352.7000 0.43467498
4352.7500 0.42606824
4352.8000 0.41746151
4352.8500 0.39342931
4352.9000 0.36853862
4352.9500 0.34364793
4353.0000 0.31875724
4353.0500 0.36312751
4353.1000 0.41204049
4353.1500 0.46095347
4353.2000 0.50986645
4353.2500 0.50333902
4353.3000 0.49269426
4353.3500 0.48204949
4353.4000 0.47140473
4353.4500 0.46307925
4353.5000 0.45494308
4353.5500 0.4468069
4353.6000 0.43867073
4353.6500 0.42306028
4353.7000 0.40679511
4353.7500 0.39052994
4353.8000 0.37426477
4353.8500 0.34249993
4353.9000 0.30930684
4353.9500 0.27611375
4354.0000 0.24292066
4354.0500 0.28572449
4354.1000 0.33576582
4354.1500 0.38580715
4354.2000 0.43584847
4354.2500 0.43260782
4354.3000 0.42420764
4354.3500 0.41580747
4354.4000 0.40740729
4354.4500 0.41271475
4354.5000 0.41935096
4354.5500 0.42598717
4354.6000 0.43262337
4354.6500 0.45104915
4354.7000 0.47060123
4354.7500 0.49015332
4354.8000 0.50970541
4354.8500 0.53908887
4354.9000 0.56938317
4354.9500 0.59967748
4355.0000 0.62997178
4355.0500 0.6024518
4355.1000 0.56982714
4355.1500 0.53720248
4355.2000 0.50457782
4355.2500 0.48673827
4355.3000 0.47011868
4355.3500 0.45349909
4355.4000 0.4368795
4355.4500 0.45357661
4355.5000 0.47278411
4355.5500 0.4919916
4355.6000 0.5111991
4355.6500 0.47286947
4355.7000 0.43069298
4355.7500 0.38851648
4355.8000 0.34633999
4355.8500 0.32686769
4355.9000 0.30869198
4355.9500 0.29051627
4356.0000 0.27234055
4356.0500 0.32415164
4356.1000 0.37919384
4356.1500 0.43423604
4356.2000 0.48927824
4356.2500 0.44479148
4356.3000 0.396909
4356.3500 0.34902651
4356.4000 0.30114403
4356.4500 0.3442992
4356.5000 0.38937013
4356.5500 0.43444106
4356.6000 0.47951199
4356.6500 0.48766962
4356.7000 0.49556768
4356.7500 0.50346575
4356.8000 0.51123608
4356.8500 0.50294258
4356.9000 0.49464907
4356.9500 0.48635557
4357.0000 0.4783421
4357.0500 0.48171444
4357.1000 0.48508677
4357.1500 0.48845911
4357.2000 0.49202808
4357.2500 0.50015451
4357.3000 0.50828094
4357.3500 0.51640737
4357.4000 0.52337853
4357.4500 0.51223919
4357.5000 0.50109985
4357.5500 0.48996052
4357.6000 0.48074524
4357.6500 0.493714
4357.7000 0.50668276
4357.7500 0.51965152
4357.8000 0.52956695
4357.8500 0.51227399
4357.9000 0.49498102
4357.9500 0.47768806
4358.0000 0.46640461
4358.0500 0.4978797
4358.1000 0.52935479
4358.1500 0.56082988
4358.2000 0.58983593
4358.2500 0.60449173
4358.3000 0.61914753
4358.3500 0.63380333
4358.4000 0.63790658
4358.4500 0.59107085
4358.5000 0.54423512
4358.5500 0.49739939
4358.6000 0.45794998
4358.6500 0.44848243
4358.7000 0.43901488
4358.7500 0.42954734
4358.8000 0.42966365
4358.8500 0.46279914
4358.9000 0.49593463
4358.9500 0.52907012
4359.0000 0.54596343
4359.0500 0.51502501
4359.1000 0.48408658
4359.1500 0.45314816
4359.2000 0.43206181
4359.2500 0.43590372
4359.3000 0.43974563
4359.3500 0.44358754
4359.4000 0.44530777
4359.4500 0.44239871
4359.5000 0.43948966
4359.5500 0.4365806
4359.6000 0.43673549
4359.6500 0.44266815
4359.7000 0.44860082
4359.7500 0.45453349
4359.8000 0.45910789
4359.8500 0.46146641
4359.9000 0.46382492
4359.9500 0.46618343
4360.0000 0.47171775
4360.0500 0.48173337
4360.1000 0.49174899
4360.1500 0.50176461
4360.2000 0.51158115
4360.2500 0.52115507
4360.3000 0.53072899
4360.3500 0.54030291
4360.4000 0.53161322
4360.4500 0.50375614
4360.5000 0.47589906
4360.5500 0.44804198
4360.6000 0.43387792
4360.6500 0.43203488
4360.7000 0.43019185
4360.7500 0.42834882
4360.8000 0.42477047
4360.8500 0.41986178
4360.9000 0.41495309
4360.9500 0.4100444
4361.0000 0.42678541
4361.0500 0.45754535
4361.1000 0.4883053
4361.1500 0.51906525
4361.2000 0.52168328
4361.2500 0.50908926
4361.3000 0.49649525
4361.3500 0.48390124
4361.4000 0.48733547
4361.4500 0.49788663
4361.5000 0.50843779
4361.5500 0.51898895
4361.6000 0.51044291
4361.6500 0.49508667
4361.7000 0.47973043
4361.7500 0.46437419
4361.8000 0.48637606
4361.8500 0.51873176
4361.9000 0.55108746
4361.9500 0.58344316
4362.0000 0.55870098
4362.0500 0.52227128
4362.1000 0.48584157
4362.1500 0.44941187
4362.2000 0.45144183
4362.2500 0.45879511
4362.3000 0.46614839
4362.3500 0.47350166
4362.4000 0.49132507
4362.4500 0.50996107
4362.5000 0.52859707
4362.5500 0.54723307
4362.6000 0.52942214
4362.6500 0.51082086
4362.7000 0.49221957
4362.7500 0.47505841
4362.8000 0.50320648
4362.8500 0.53135455
4362.9000 0.55950263
4362.9500 0.58648187
4363.0000 0.60072649
4363.0500 0.61497112
4363.1000 0.62921575
4363.1500 0.63471213
4363.2000 0.58582145
4363.2500 0.53693077
4363.3000 0.48804009
4363.3500 0.45192883
4363.4000 0.46881277
4363.4500 0.4856967
4363.5000 0.50258063
4363.5500 0.51314991
4363.6000 0.50490098
4363.6500 0.49665204
4363.7000 0.48840311
4363.7500 0.48704127
4363.8000 0.50104883
4363.8500 0.51505639
4363.9000 0.52906395
4363.9500 0.53491429
4364.0000 0.52680743
4364.0500 0.51870057
4364.1000 0.5105937
4364.1500 0.51354323
4364.2000 0.53117781
4364.2500 0.54881239
4364.3000 0.56644697
4364.3500 0.54701708
4364.4000 0.4892255
4364.4500 0.43143393
4364.5000 0.37364235
4364.5500 0.3797105
4364.6000 0.43708228
4364.6500 0.49445406
4364.7000 0.55182584
4364.7500 0.55466352
4364.8000 0.52391469
4364.8500 0.49316586
4364.9000 0.46241703
4364.9500 0.46811989
4365.0000 0.49062951
4365.0500 0.51313912
4365.1000 0.53564874
4365.1500 0.54455035
4365.2000 0.54894572
4365.2500 0.55334108
4365.3000 0.55773644
4365.3500 0.55879239
4365.4000 0.55911163
4365.4500 0.55943087
4365.5000 0.55975012
4365.5500 0.5567057
4365.6000 0.55323926
4365.6500 0.54977282
4365.7000 0.54630637
4365.7500 0.54213962
4365.8000 0.53794293
4365.8500 0.53374623
4365.9000 0.529097
4365.9500 0.51016932
4366.0000 0.49124165
4366.0500 0.47231398
4366.1000 0.4591348
4366.1500 0.49566163
4366.2000 0.53218847
4366.2500 0.5687153
4366.3000 0.59569513
4366.3500 0.57853563
4366.4000 0.56137614
4366.4500 0.54421664
4366.5000 0.53004238
4366.5500 0.52467186
4366.6000 0.51930134
4366.6500 0.51393082
4366.7000 0.50723494
4366.7500 0.49784625
4366.8000 0.48845757
4366.8500 0.47906889
4366.9000 0.47456869
4366.9500 0.47717068
4367.0000 0.47977267
4367.0500 0.48237467
4367.1000 0.49886539
4367.1500 0.53000036
4367.2000 0.56113532
4367.2500 0.59227029
4367.3000 0.60149023
4367.3500 0.59397826
4367.4000 0.58646629
4367.4500 0.57895432
4367.5000 0.56570411
4367.5500 0.54934472
4367.6000 0.53298533
4367.6500 0.51662593
4367.7000 0.52098196
4367.7500 0.53294852
4367.8000 0.54491509
4367.8500 0.55688165
4367.9000 0.56444724
4367.9500 0.57101577
4368.0000 0.57758431
4368.0500 0.58415284
4368.1000 0.57942529
4368.1500 0.57344937
4368.2000 0.56747344
4368.2500 0.56149752
4368.3000 0.54947542
4368.3500 0.53737307
4368.4000 0.52527071
4368.4500 0.51415749
4368.5000 0.51532527
4368.5500 0.51649306
4368.6000 0.51766085
4368.6500 0.51906877
4368.7000 0.52170615
4368.7500 0.52434353
4368.8000 0.52698091
4368.8500 0.53130323
4368.9000 0.54058778
4368.9500 0.54987234
4369.0000 0.5591569
4369.0500 0.55675249
4369.1000 0.53213501
4369.1500 0.50751752
4369.2000 0.48290004
4369.2500 0.47046017
4369.3000 0.4736892
4369.3500 0.47691824
4369.4000 0.48014727
4369.4500 0.47908077
4369.5000 0.47422119
4369.5500 0.46936161
4369.6000 0.46450204
4369.6500 0.46235086
4369.7000 0.46181763
4369.7500 0.46128439
4369.8000 0.46075115
4369.8500 0.4538116
4369.9000 0.44440798
4369.9500 0.43500435
4370.0000 0.42560073
4370.0500 0.43285009
4370.1000 0.44376437
4370.1500 0.45467864
4370.2000 0.46559291
4370.2500 0.47539156
4370.3000 0.48509088
4370.3500 0.49479021
4370.4000 0.50410567
4370.4500 0.49259093
4370.5000 0.48107618
4370.5500 0.46956143
4370.6000 0.45902695
4370.6500 0.4557387
4370.7000 0.45245044
4370.7500 0.44916219
4370.8000 0.44714161
4370.8500 0.44957799
4370.9000 0.45201437
4370.9500 0.45445076
4371.0000 0.46614734
4371.0500 0.49708157
4371.1000 0.5280158
4371.1500 0.55895004
4371.2000 0.56817352
4371.2500 0.54857797
4371.3000 0.52898243
4371.3500 0.50938689
4371.4000 0.49787051
4371.4500 0.49335932
4371.5000 0.48884813
4371.5500 0.48433695
4371.6000 0.49256266
4371.6500 0.50786767
4371.7000 0.52317268
4371.7500 0.53847769
4371.8000 0.52866431
4371.8500 0.51052815
4371.9000 0.49239198
4371.9500 0.47425582
4372.0000 0.48036579
4372.0500 0.49039963
4372.1000 0.50043347
4372.1500 0.51046731
4372.2000 0.5276205
4372.2500 0.54498247
4372.3000 0.56234443
4372.3500 0.5765521
4372.4000 0.5561501
4372.4500 0.5357481
4372.5000 0.51534609
4372.5500 0.50144845
4372.6000 0.51410395
4372.6500 0.52675944
4372.7000 0.53941493
4372.7500 0.54399665
4372.8000 0.53070865
4372.8500 0.51742065
4372.9000 0.50413265
4372.9500 0.50637313
4373.0000 0.52946288
4373.0500 0.55255262
4373.1000 0.57564237
4373.1500 0.5822917
4373.2000 0.57514582
4373.2500 0.56799994
4373.3000 0.56085406
4373.3500 0.54267472
4373.4000 0.51885776
4373.4500 0.4950408
4373.5000 0.47122384
4373.5500 0.47627253
4373.6000 0.48940905
4373.6500 0.50254557
4373.7000 0.51568209
4373.7500 0.50040629
4373.8000 0.48203133
4373.8500 0.46365638
4373.9000 0.44582871
4373.9500 0.45086391
4374.0000 0.45589911
4374.0500 0.46093431
4374.1000 0.46557698
4374.1500 0.46792945
4374.2000 0.47028192
4374.2500 0.4726344
4374.3000 0.47534759
4374.3500 0.47903374
4374.4000 0.48271989
4374.4500 0.48640604
4374.5000 0.48869938
4374.5500 0.48886684
4374.6000 0.48903431
4374.6500 0.48920178
4374.7000 0.48067901
4374.7500 0.46421154
4374.8000 0.44774406
4374.8500 0.43127658
4374.9000 0.43336529
4374.9500 0.44543729
4375.0000 0.4575093
4375.0500 0.46958131
4375.1000 0.46542986
4375.1500 0.45668092
4375.2000 0.44793198
4375.2500 0.43918303
4375.3000 0.436985
4375.3500 0.43543964
4375.4000 0.43389429
4375.4500 0.43241801
4375.5000 0.43256516
4375.5500 0.4327123
4375.6000 0.43285944
4375.6500 0.43770809
4375.7000 0.46496355
4375.7500 0.49221901
4375.8000 0.51947447
4375.8500 0.53060773
4375.9000 0.50539361
4375.9500 0.48017949
4376.0000 0.45496538
4376.0500 0.44749358
4376.1000 0.46239239
4376.1500 0.4772912
4376.2000 0.49219001
4376.2500 0.49493042
4376.3000 0.48881426
4376.3500 0.48269811
4376.4000 0.47658196
4376.4500 0.47825881
4376.5000 0.48302648
4376.5500 0.48779415
4376.6000 0.49256182
4376.6500 0.47925248
4376.7000 0.46286959
4376.7500 0.44648671
4376.8000 0.43010382
4376.8500 0.44589544
4376.9000 0.4618632
4376.9500 0.47783097
4377.0000 0.49178551
4377.0500 0.49291023
4377.1000 0.49403495
4377.1500 0.49515967
4377.2000 0.49814156
4377.2500 0.50594867
4377.3000 0.51375578
4377.3500 0.52156289
4377.4000 0.53348076
4377.4500 0.55104262
4377.5000 0.56860448
4377.5500 0.58616634
4377.6000 0.57284706
4377.6500 0.535859
4377.7000 0.49887093
4377.7500 0.46188286
4377.8000 0.46826097
4377.8500 0.49217961
4377.9000 0.51609824
4377.9500 0.54001688
4378.0000 0.557349
4378.0500 0.57360104
4378.1000 0.58985307
4378.1500 0.60591236
4378.2000 0.59621691
4378.2500 0.58652146
4378.3000 0.57682601
4378.3500 0.56635638
4378.4000 0.55172807
4378.4500 0.53709976
4378.5000 0.52247145
4378.5500 0.51778729
4378.6000 0.53548048
4378.6500 0.55317366
4378.7000 0.57086685
4378.7500 0.57486053
4378.8000 0.56274541
4378.8500 0.55063029
4378.9000 0.53851517
4378.9500 0.5475424
4379.0000 0.56993341
4379.0500 0.59232443
4379.1000 0.61471544
4379.1500 0.59482822
4379.2000 0.56210064
4379.2500 0.52937306
4379.3000 0.49664548
4379.3500 0.52944623
4379.4000 0.56774652
4379.4500 0.60604681
4379.5000 0.63997728
4379.5500 0.62317622
4379.6000 0.60637516
4379.6500 0.58957411
4379.7000 0.57612285
4379.7500 0.57344169
4379.8000 0.57076053
4379.8500 0.56807937
4379.9000 0.56765886
4379.9500 0.57068101
4380.0000 0.57370316
4380.0500 0.5767253
4380.1000 0.56514672
4380.1500 0.54194214
4380.2000 0.51873756
4380.2500 0.49553297
4380.3000 0.49888644
4380.3500 0.51265796
4380.4000 0.52642949
4380.4500 0.54020102
4380.5000 0.52906421
4380.5500 0.51456249
4380.6000 0.50006076
4380.6500 0.48663766
4380.7000 0.49614647
4380.7500 0.50565528
4380.8000 0.51516409
4380.8500 0.52395196
4380.9000 0.5300287
4380.9500 0.53610544
4381.0000 0.54218218
4381.0500 0.53904036
4381.1000 0.52062531
4381.1500 0.50221027
4381.2000 0.48379522
4381.2500 0.47371576
4381.3000 0.47062551
4381.3500 0.46753526
4381.4000 0.46444501
4381.4500 0.47164398
4381.5000 0.48299148
4381.5500 0.49433898
4381.6000 0.50568648
4381.6500 0.51623044
4381.7000 0.5266675
4381.7500 0.53710456
4381.8000 0.54544328
4381.8500 0.51681811
4381.9000 0.48819295
4381.9500 0.45956778
4382.0000 0.44088125
4382.0500 0.45622409
4382.1000 0.47156694
4382.1500 0.48690978
4382.2000 0.49540806
4382.2500 0.49362082
4382.3000 0.49183358
4382.3500 0.49004634
4382.4000 0.49105808
4382.4500 0.49414472
4382.5000 0.49723135
4382.5500 0.50031799
4382.6000 0.49846848
4382.6500 0.49497532
4382.7000 0.49148216
4382.7500 0.48798899
4382.8000 0.49513078
4382.8500 0.50310627
4382.9000 0.51108176
4382.9500 0.51842778
4383.0000 0.52044309
4383.0500 0.52245839
4383.1000 0.5244737
4383.1500 0.52311327
4383.2000 0.51328854
4383.2500 0.5034638
4383.3000 0.49363906
4383.3500 0.479755
4383.4000 0.46121565
4383.4500 0.4426763
4383.5000 0.42413695
4383.5500 0.42686023
4383.6000 0.44114902
4383.6500 0.45543781
4383.7000 0.46972661
4383.7500 0.46984638
4383.8000 0.46708005
4383.8500 0.46431373
4383.9000 0.46138509
4383.9500 0.44783765
4384.0000 0.43429021
4384.0500 0.42074277
4384.1000 0.41047466
4384.1500 0.41328101
4384.2000 0.41608737
4384.2500 0.41889372
4384.3000 0.42520112
4384.3500 0.43704977
4384.4000 0.44889842
4384.4500 0.46074707
4384.5000 0.45638538
4384.5500 0.44004415
4384.6000 0.42370293
4384.6500 0.40736171
4384.7000 0.42439685
4384.7500 0.45173695
4384.8000 0.47907705
4384.8500 0.50641714
4384.9000 0.4709638
4384.9500 0.4325052
4385.0000 0.3940466
4385.0500 0.36246028
4385.1000 0.37115091
4385.1500 0.37984154
4385.2000 0.38853217
4385.2500 0.39881174
4385.3000 0.41219814
4385.3500 0.42558454
4385.4000 0.43897094
4385.4500 0.45895028
4385.5000 0.48472506
4385.5500 0.51049983
4385.6000 0.5362746
4385.6500 0.51420118
4385.7000 0.47417715
4385.7500 0.43415312
4385.8000 0.3941291
4385.8500 0.40045583
4385.9000 0.4106286
4385.9500 0.42080137
4386.0000 0.42966946
4386.0500 0.42903845
4386.1000 0.42840745
4386.1500 0.42777644
4386.2000 0.43252145
4386.2500 0.44872565
4386.3000 0.46492986
4386.3500 0.48113406
4386.4000 0.48454338
4386.4500 0.47609889
4386.5000 0.46765441
4386.5500 0.45920992
4386.6000 0.45931063
4386.6500 0.46273385
4386.7000 0.46615708
4386.7500 0.4695803
4386.8000 0.46671252
4386.8500 0.4633138
4386.9000 0.45991508
4386.9500 0.45694397
4387.0000 0.4569527
4387.0500 0.45696143
4387.1000 0.45697016
4387.1500 0.45846618
4387.2000 0.4629818
4387.2500 0.46749742
4387.3000 0.47201304
4387.3500 0.46685071
4387.4000 0.45330039
4387.4500 0.43975007
4387.5000 0.42619974
4387.5500 0.43543276
4387.6000 0.45256357
4387.6500 0.46969437
4387.7000 0.48682518
4387.7500 0.47903722
4387.8000 0.4699558
4387.8500 0.46087438
4387.9000 0.45144618
4387.9500 0.44019618
4388.0000 0.42894618
4388.0500 0.41769617
4388.1000 0.41526571
4388.1500 0.42782974
4388.2000 0.44039378
4388.2500 0.45295782
4388.3000 0.46149959
4388.3500 0.46715222
4388.4000 0.47280485
4388.4500 0.47845748
4388.5000 0.48155654
4388.5500 0.48399628
4388.6000 0.48643602
4388.6500 0.48877392
4388.7000 0.47961742
4388.7500 0.47046092
4388.8000 0.46130441
4388.8500 0.45577617
4388.9000 0.46282011
4388.9500 0.46986406
4389.0000 0.47690801
4389.0500 0.4779684
4389.1000 0.47142332
4389.1500 0.46487825
4389.2000 0.45833317
4389.2500 0.45944628
4389.3000 0.46454212
4389.3500 0.46963796
4389.4000 0.4747338
4389.4500 0.48349653
4389.5000 0.49277548
4389.5500 0.50205442
4389.6000 0.51018292
4389.6500 0.50754107
4389.7000 0.50489921
4389.7500 0.50225735
4389.8000 0.50258171
4389.8500 0.50927931
4389.9000 0.51597691
4389.9500 0.52267451
4390.0000 0.52098127
4390.0500 0.51213669
4390.1000 0.5032921
4390.1500 0.49444752
4390.2000 0.49957947
4390.2500 0.5090448
4390.3000 0.51851013
4390.3500 0.52797546
4390.4000 0.5209596
4390.4500 0.51374304
4390.5000 0.50652649
4390.5500 0.49975246
4390.6000 0.49460587
4390.6500 0.48945927
4390.7000 0.48431268
4390.7500 0.4824318
4390.8000 0.48469406
4390.8500 0.48695631
4390.9000 0.48921857
4390.9500 0.49806986
4391.0000 0.51018174
4391.0500 0.52229361
4391.1000 0.53440549
4391.1500 0.53114165
4391.2000 0.52613745
4391.2500 0.52113325
4391.3000 0.51520346
4391.3500 0.50301626
4391.4000 0.49082905
4391.4500 0.47864184
4391.5000 0.47400783
4391.5500 0.4827684
4391.6000 0.49152896
4391.6500 0.50028952
4391.7000 0.50753898
4391.7500 0.51375331
4391.8000 0.51996764
4391.8500 0.52618196
4391.9000 0.51436628
4391.9500 0.49879309
4392.0000 0.4832199
4392.0500 0.46866423
4392.1000 0.46929649
4392.1500 0.46992875
4392.2000 0.47056102
4392.2500 0.47372702
4392.3000 0.4828272
4392.3500 0.49192739
4392.4000 0.50102757
4392.4500 0.5075505
4392.5000 0.51184972
4392.5500 0.51614894
4392.6000 0.52044815
4392.6500 0.51244617
4392.7000 0.50088515
4392.7500 0.48932413
4392.8000 0.47808769
4392.8500 0.48738935
4392.9000 0.496691
4392.9500 0.50599266
4393.0000 0.51615632
4393.0500 0.52881608
4393.1000 0.54147585
4393.1500 0.55413562
4393.2000 0.55174708
4393.2500 0.53424982
4393.3000 0.51675256
4393.3500 0.49925531
4393.4000 0.49852172
4393.4500 0.50360235
4393.5000 0.50868298
4393.5500 0.51376361
4393.6000 0.51991953
4393.6500 0.52608946
4393.7000 0.53225939
4393.7500 0.53725684
4393.8000 0.53839408
4393.8500 0.53953131
4393.9000 0.54066855
4393.9500 0.53872369
4394.0000 0.53343962
4394.0500 0.52815554
4394.1000 0.52287146
4394.1500 0.52143458
4394.2000 0.52143396
4394.2500 0.52143335
4394.3000 0.52143273
4394.3500 0.51879911
4394.4000 0.51610492
4394.4500 0.51341073
4394.5000 0.51391143
4394.5500 0.5252275
4394.6000 0.53654357
4394.6500 0.54785964
4394.7000 0.54524023
4394.7500 0.52750821
4394.8000 0.50977619
4394.8500 0.49204417
4394.9000 0.48631488
4394.9500 0.4849664
4395.0000 0.48361791
4395.0500 0.48226942
4395.1000 0.49863119
4395.1500 0.51523255
4395.2000 0.53183391
4395.2500 0.53854019
4395.3000 0.5142303
4395.3500 0.4899204
4395.4000 0.46561051
4395.4500 0.4545023
4395.5000 0.45668839
4395.5500 0.45887448
4395.6000 0.46106057
4395.6500 0.46282052
4395.7000 0.46444279
4395.7500 0.46606505
4395.8000 0.46751466
4395.8500 0.4572579
4395.9000 0.44700114
4395.9500 0.43674437
4396.0000 0.43361397
4396.0500 0.44932493
4396.1000 0.46503588
4396.1500 0.48074683
4396.2000 0.48720426
4396.2500 0.48563497
4396.3000 0.48406567
4396.3500 0.48249638
4396.4000 0.48093965
4396.4500 0.4793861
4396.5000 0.47783254
4396.5500 0.47613519
4396.6000 0.47222956
4396.6500 0.46832392
4396.7000 0.46441828
4396.7500 0.46044826
4396.8000 0.45634493
4396.8500 0.4522416
4396.9000 0.44813827
4396.9500 0.44313079
4397.0000 0.43749874
4397.0500 0.4318667
4397.1000 0.42623466
4397.1500 0.44134781
4397.2000 0.45988419
4397.2500 0.47842058
4397.3000 0.49223958
4397.3500 0.47346527
4397.4000 0.45469095
4397.4500 0.43591664
4397.5000 0.42534378
4397.5500 0.42729705
4397.6000 0.42925033
4397.6500 0.43120361
4397.7000 0.44159669
4397.7500 0.45622067
4397.8000 0.47084466
4397.8500 0.48546865
4397.9000 0.51198224
4397.9500 0.53928625
4398.0000 0.56659027
4398.0500 0.57808681
4398.1000 0.53026205
4398.1500 0.48243729
4398.2000 0.43461254
4398.2500 0.42053818
4398.3000 0.44240068
4398.3500 0.46426317
4398.4000 0.48612566
4398.4500 0.4910396
4398.5000 0.49058329
4398.5500 0.49012699
4398.6000 0.48988124
4398.6500 0.49533589
4398.7000 0.50079055
4398.7500 0.5062452
4398.8000 0.50741589
4398.8500 0.49918482
4398.9000 0.49095375
4398.9500 0.48272268
4399.0000 0.47875636
4399.0500 0.47773425
4399.1000 0.47671213
4399.1500 0.47569002
4399.2000 0.47882335
4399.2500 0.48257037
4399.3000 0.48631739
4399.3500 0.4881415
4399.4000 0.47925547
4399.4500 0.47036944
4399.5000 0.46148341
4399.5500 0.45759875
4399.6000 0.4602295
4399.6500 0.46286026
4399.7000 0.46549101
4399.7500 0.4680837
4399.8000 0.47066139
4399.8500 0.47323909
4399.9000 0.47581696
4399.9500 0.47848886
4400.0000 0.48116076
4400.0500 0.48383266
4400.1000 0.48537874
4400.1500 0.4841335
4400.2000 0.48288826
4400.2500 0.48164302
4400.3000 0.47777288
4400.3500 0.47195555
4400.4000 0.46613821
4400.4500 0.46032088
4400.5000 0.44933344
4400.5500 0.43751814
4400.6000 0.42570285
4400.6500 0.41599835
4400.7000 0.41816149
4400.7500 0.42032463
4400.8000 0.42248777
4400.8500 0.42832462
4400.9000 0.43881457
4400.9500 0.44930451
4401.0000 0.45979446
4401.0500 0.46489687
4401.1000 0.46803216
4401.1500 0.47116745
4401.2000 0.47387602
4401.2500 0.45997032
4401.3000 0.44606462
4401.3500 0.43215892
4401.4000 0.42649504
4401.4500 0.43844957
4401.5000 0.4504041
4401.5500 0.46235862
4401.6000 0.46675769
4401.6500 0.4663975
4401.7000 0.46603731
4401.7500 0.46567711
4401.8000 0.46211246
4401.8500 0.45822899
4401.9000 0.45434553
4401.9500 0.45140249
4402.0000 0.45206981
4402.0500 0.45273714
4402.1000 0.45340446
4402.1500 0.4466309
4402.2000 0.4325624
4402.2500 0.41849389
4402.3000 0.40442539
4402.3500 0.41359365
4402.4000 0.42841196
4402.4500 0.44323027
4402.5000 0.45616754
4402.5500 0.45307461
4402.6000 0.44998168
4402.6500 0.44688875
4402.7000 0.44211525
4402.7500 0.43489101
4402.8000 0.42766677
4402.8500 0.42044253
4402.9000 0.42012022
4402.9500 0.4226209
4403.0000 0.42512159
4403.0500 0.42750996
4403.1000 0.4218703
4403.1500 0.41623063
4403.2000 0.41059096
4403.2500 0.41032231
4403.3000 0.4215179
4403.3500 0.43271349
4403.4000 0.44390908
4403.4500 0.45062246
4403.5000 0.45465141
4403.5500 0.45868037
4403.6000 0.46270932
4403.6500 0.4610916
4403.7000 0.45906822
4403.7500 0.45704484
4403.8000 0.45743402
4403.8500 0.46539329
4403.9000 0.47335255
4403.9500 0.48131182
4404.0000 0.47968378
4404.0500 0.47025996
4404.1000 0.46083615
4404.1500 0.45141234
4404.2000 0.49783825
4404.2500 0.55316469
4404.3000 0.60849113
4404.3500 0.64572534
4404.4000 0.59749213
4404.4500 0.54925891
4404.5000 0.50102569
4404.5500 0.47591903
4404.6000 0.47507443
4404.6500 0.47422983
4404.7000 0.47338522
4404.7500 0.47868984
4404.8000 0.48550793
4404.8500 0.49232602
4404.9000 0.49848657
4404.9500 0.49973733
4405.0000 0.5009881
4405.0500 0.50223886
4405.1000 0.49757889
4405.1500 0.48523802
4405.2000 0.47289715
4405.2500 0.46055628
4405.3000 0.45391184
4405.3500 0.44913791
4405.4000 0.44436399
4405.4500 0.43969764
4405.5000 0.43642039
4405.5500 0.43314315
4405.6000 0.4298659
4405.6500 0.42910579
4405.7000 0.43224808
4405.7500 0.43539037
4405.8000 0.43853266
4405.8500 0.44486644
4405.9000 0.45248185
4405.9500 0.46009726
4406.0000 0.46716894
4406.0500 0.45968441
4406.1000 0.45219989
4406.1500 0.44471536
4406.2000 0.44345199
4406.2500 0.45326362
4406.3000 0.46307525
4406.3500 0.47288689
4406.4000 0.46785203
4406.4500 0.45597442
4406.5000 0.44409681
4406.5500 0.43243204
4406.6000 0.4408572
4406.6500 0.44928235
4406.7000 0.45770751
4406.7500 0.46061939
4406.8000 0.45271402
4406.8500 0.44480866
4406.9000 0.43690329
4406.9500 0.42948441
4407.0000 0.42230964
4407.0500 0.41513488
4407.1000 0.40796011
4407.1500 0.41736543
4407.2000 0.42684912
4407.2500 0.43633281
4407.3000 0.44573247
4407.3500 0.45495828
4407.4000 0.4641841
4407.4500 0.47340992
4407.5000 0.46277266
4407.5500 0.44179189
4407.6000 0.42081113
4407.6500 0.39983036
4407.7000 0.41278522
4407.7500 0.42606785
4407.8000 0.43935047
4407.8500 0.44781207
4407.9000 0.44623515
4407.9500 0.44465822
4408.0000 0.4430813
4408.0500 0.45246791
4408.1000 0.46751268
4408.1500 0.48255744
4408.2000 0.49760221
4408.2500 0.48403418
4408.3000 0.47034805
4408.3500 0.45666192
4408.4000 0.44791924
4408.4500 0.44906356
4408.5000 0.45020787
4408.5500 0.45135218
4408.6000 0.45088646
4408.6500 0.44963459
4408.7000 0.44838273
4408.7500 0.44728051
4408.8000 0.4588726
4408.8500 0.47046469
4408.9000 0.48205679
4408.9500 0.48981598
4409.0000 0.49053546
4409.0500 0.49125493
4409.1000 0.4919744
4409.1500 0.47947654
4409.2000 0.46116585
4409.2500 0.44285517
4409.3000 0.42556283
4409.3500 0.43425663
4409.4000 0.44295043
4409.4500 0.45164423
4409.5000 0.45959394
4409.5500 0.46633993
4409.6000 0.47308593
4409.6500 0.47983192
4409.7000 0.47283113
4409.7500 0.46068029
4409.8000 0.44852945
4409.8500 0.43752309
4409.9000 0.44082664
4409.9500 0.44413019
4410.0000 0.44743373
4410.0500 0.44364603
4410.1000 0.43013727
4410.1500 0.4166285
4410.2000 0.40311973
4410.2500 0.41322418
4410.3000 0.43035555
4410.3500 0.44748693
4410.4000 0.46325953
4410.4500 0.4691314
4410.5000 0.47500327
4410.5500 0.48087513
4410.6000 0.48024888
4410.6500 0.47234869
4410.7000 0.46444851
4410.7500 0.45654833
4410.8000 0.45154304
4410.8500 0.44715551
4410.9000 0.44276799
4410.9500 0.4376718
4411.0000 0.42929334
4411.0500 0.42091487
4411.1000 0.4125364
4411.1500 0.41076549
4411.2000 0.41480391
4411.2500 0.41884233
4411.3000 0.42288075
4411.3500 0.43486891
4411.4000 0.44786117
4411.4500 0.46085342
4411.5000 0.47230031
4411.5500 0.47897753
4411.6000 0.48565475
4411.6500 0.49233197
4411.7000 0.4864694
4411.7500 0.47234079
4411.8000 0.45821217
4411.8500 0.44408356
4411.9000 0.45697463
4411.9500 0.47093779
4412.0000 0.48490094
4412.0500 0.48703538
4412.1000 0.46427537
4412.1500 0.44151536
4412.2000 0.41875534
4412.2500 0.41319278
4412.3000 0.41559323
4412.3500 0.41799367
4412.4000 0.4209047
4412.4500 0.43439185
4412.5000 0.447879
4412.5500 0.46136615
4412.6000 0.47411109
4412.6500 0.48578678
4412.7000 0.49746248
4412.7500 0.50913817
4412.8000 0.50648321
4412.8500 0.499657
4412.9000 0.49283078
4412.9500 0.48706929
4413.0000 0.48782103
4413.0500 0.48857278
4413.1000 0.48932452
4413.1500 0.49668878
4413.2000 0.51046781
4413.2500 0.52424683
4413.3000 0.53802586
4413.3500 0.53529784
4413.4000 0.53022916
4413.4500 0.52516049
4413.5000 0.51901909
4413.5500 0.50957498
4413.6000 0.50013088
4413.6500 0.49068677
4413.7000 0.4837913
4413.7500 0.47848687
4413.8000 0.47318244
4413.8500 0.46787801
4413.9000 0.47373674
4413.9500 0.4797392
4414.0000 0.48574167
4414.0500 0.48481228
4414.1000 0.47156215
4414.1500 0.45831202
4414.2000 0.44506188
4414.2500 0.44987712
4414.3000 0.46124121
4414.3500 0.4726053
4414.4000 0.48137523
4414.4500 0.46893236
4414.5000 0.45648948
4414.5500 0.4440466
4414.6000 0.43802412
4414.6500 0.43881577
4414.7000 0.43960743
4414.7500 0.44039908
4414.8000 0.43737423
4414.8500 0.43374051
4414.9000 0.43010679
4414.9500 0.4290856
4415.0000 0.43629955
4415.0500 0.44351351
4415.1000 0.45072746
4415.1500 0.44853191
4415.2000 0.44057884
4415.2500 0.43262576
4415.3000 0.42467369
4415.3500 0.41765289
4415.4000 0.41063208
4415.4500 0.40361128
4415.5000 0.403485
4415.5500 0.41447059
4415.6000 0.42545619
4415.6500 0.43644178
4415.7000 0.44147456
4415.7500 0.44468722
4415.8000 0.44789989
4415.8500 0.43255054
4415.9000 0.31194639
4415.9500 0.19134224
4416.0000 0.07073809
4416.0500 0.08167115
4416.1000 0.20687544
4416.1500 0.33207973
4416.2000 0.45728402
4416.2500 0.45550942
4416.3000 0.44291121
4416.3500 0.43031301
4416.4000 0.42069263
4416.4500 0.41773391
4416.5000 0.41477518
4416.5500 0.41181646
4416.6000 0.41771926
4416.6500 0.427465
4416.7000 0.43721075
4416.7500 0.44515713
4416.8000 0.43427553
4416.8500 0.42339394
4416.9000 0.41251234
4416.9500 0.40703128
4417.0000 0.40744597
4417.0500 0.40786067
4417.1000 0.40827536
4417.1500 0.40166177
4417.2000 0.3939985
4417.2500 0.38633522
4417.3000 0.37831834
4417.3500 0.36931136
4417.4000 0.36030438
4417.4500 0.3512974
4417.5000 0.36092502
4417.5500 0.38026449
4417.6000 0.39960396
4417.6500 0.41771372
4417.7000 0.41373783
4417.7500 0.40976194
4417.8000 0.40578606
4417.8500 0.4056267
4417.9000 0.41014663
4417.9500 0.41466656
4418.0000 0.41918649
4418.0500 0.42306807
4418.1000 0.42683418
4418.1500 0.4306003
4418.2000 0.43204868
4418.2500 0.42637633
4418.3000 0.42070397
4418.3500 0.41503162
4418.4000 0.41512182
4418.4500 0.41837786
4418.5000 0.4216339
4418.5500 0.42489919
4418.6000 0.42835465
4418.6500 0.43181012
4418.7000 0.43526559
4418.7500 0.42882332
4418.8000 0.41021052
4418.8500 0.39159772
4418.9000 0.37298492
4418.9500 0.38157355
4419.0000 0.39489728
4419.0500 0.40822101
4419.1000 0.41697021
4419.1500 0.41243067
4419.2000 0.40789113
4419.2500 0.4033516
4419.3000 0.40551289
4419.3500 0.41110216
4419.4000 0.41669144
4419.4500 0.42151159
4419.5000 0.41581656
4419.5500 0.41012152
4419.6000 0.40442649
4419.6500 0.4026567
4419.7000 0.40521009
4419.7500 0.40776348
4419.8000 0.41031687
4419.8500 0.41817783
4419.9000 0.42673037
4419.9500 0.43528291
4420.0000 0.44492735
4420.0500 0.45718523
4420.1000 0.46944311
4420.1500 0.48170099
4420.2000 0.47496146
4420.2500 0.46030189
4420.3000 0.44564233
4420.3500 0.4325995
4420.4000 0.43164454
4420.4500 0.43068958
4420.5000 0.42973462
4420.5500 0.42756044
4420.6000 0.42431068
4420.6500 0.42106092
4420.7000 0.41781115
4420.7500 0.43683138
4420.8000 0.45712932
4420.8500 0.47742725
4420.9000 0.48683718
4420.9500 0.4769998
4421.0000 0.46716242
4421.0500 0.45732504
4421.1000 0.45473225
4421.1500 0.45420684
4421.2000 0.45368142
4421.2500 0.45681893
4421.3000 0.47500199
4421.3500 0.49318506
4421.4000 0.51136812
4421.4500 0.51038631
4421.5000 0.49739227
4421.5500 0.48439824
4421.6000 0.471479
4421.6500 0.46063743
4421.7000 0.44979586
4421.7500 0.43895428
4421.8000 0.44073035
4421.8500 0.45756479
4421.9000 0.47439924
4421.9500 0.49123368
4422.0000 0.48653042
4422.0500 0.47883945
4422.1000 0.47114847
4422.1500 0.46439117
4422.2000 0.45979624
4422.2500 0.45520132
4422.3000 0.45060639
4422.3500 0.44592596
4422.4000 0.44121327
4422.4500 0.43650058
4422.5000 0.4332106
4422.5500 0.43787634
4422.6000 0.44254209
4422.6500 0.44720783
4422.7000 0.44712066
4422.7500 0.44356961
4422.8000 0.44001856
4422.8500 0.43649975
4422.9000 0.4380711
4422.9500 0.43964245
4423.0000 0.44121381
4423.0500 0.44287255
4423.1000 0.44464469
4423.1500 0.44641682
4423.2000 0.44818896
4423.2500 0.45568733
4423.3000 0.46407673
4423.3500 0.47246612
4423.4000 0.47654812
4423.4500 0.47041228
4423.5000 0.46427645
4423.5500 0.45814061
4423.6000 0.45716173
4423.6500 0.45810126
4423.7000 0.4590408
4423.7500 0.45832505
4423.8000 0.44906474
4423.8500 0.43980443
4423.9000 0.43054413
4423.9500 0.42732475
4424.0000 0.42818621
4424.0500 0.42904768
4424.1000 0.42998943
4424.1500 0.43332308
4424.2000 0.43665673
4424.2500 0.43999037
4424.3000 0.4429264
4424.3500 0.44541267
4424.4000 0.44789895
4424.4500 0.45038522
4424.5000 0.44884592
4424.5500 0.44689443
4424.6000 0.44494294
4424.6500 0.44665749
4424.7000 0.4552982
4424.7500 0.46393891
4424.8000 0.47257962
4424.8500 0.46866461
4424.9000 0.46133532
4424.9500 0.45400604
4425.0000 0.45071753
4425.0500 0.46115628
4425.1000 0.47159503
4425.1500 0.48203378
4425.2000 0.47639183
4425.2500 0.4628202
4425.3000 0.44924858
4425.3500 0.4368123
4425.4000 0.43327268
4425.4500 0.42973305
4425.5000 0.42619343
4425.5500 0.43682803
4425.6000 0.45870331
4425.6500 0.4805786
4425.7000 0.50228264
4425.7500 0.4732514
4425.8000 0.44422017
4425.8500 0.41518893
4425.9000 0.40224181
4425.9500 0.40894321
4426.0000 0.41564461
4426.0500 0.422346
4426.1000 0.43623637
4426.1500 0.45094337
4426.2000 0.46565037
4426.2500 0.47714022
4426.3000 0.48257511
4426.3500 0.48801
4426.4000 0.49344488
4426.4500 0.49561492
4426.5000 0.49695366
4426.5500 0.49829241
4426.6000 0.49201787
4426.6500 0.46268858
4426.7000 0.43335928
4426.7500 0.40402999
4426.8000 0.40517568
4426.8500 0.419348
4426.9000 0.43352033
4426.9500 0.44536017
4427.0000 0.44438211
4427.0500 0.44340404
4427.1000 0.44242597
4427.1500 0.43810007
4427.2000 0.43161994
4427.2500 0.42513981
4427.3000 0.41897385
4427.3500 0.41739585
4427.4000 0.41581785
4427.4500 0.41423985
4427.5000 0.4127486
4427.5500 0.41133715
4427.6000 0.4099257
4427.6500 0.40851426
4427.7000 0.41931462
4427.7500 0.43038148
4427.8000 0.44144833
4427.8500 0.4443774
4427.9000 0.43684696
4427.9500 0.42931652
4428.0000 0.42178609
4428.0500 0.4295944
4428.1000 0.43915223
4428.1500 0.44871005
4428.2000 0.45627744
4428.2500 0.46028724
4428.3000 0.46429705
4428.3500 0.46830685
4428.4000 0.46011412
4428.4500 0.44926112
4428.5000 0.43840812
4428.5500 0.43024201
4428.6000 0.42883778
4428.6500 0.42743354
4428.7000 0.4260293
4428.7500 0.43910008
4428.8000 0.45702632
4428.8500 0.47495255
4428.9000 0.48500654
4428.9500 0.46621121
4429.0000 0.44741588
4429.0500 0.42862055
4429.1000 0.41925078
4429.1500 0.41429547
4429.2000 0.40934016
4429.2500 0.40701897
4429.3000 0.41976627
4429.3500 0.43251357
4429.4000 0.44526086
4429.4500 0.44873959
4429.5000 0.44648099
4429.5500 0.44422239
4429.6000 0.44167857
4429.6500 0.436165
4429.7000 0.43065142
4429.7500 0.42513785
4429.8000 0.43279782
4429.8500 0.45086347
4429.9000 0.46892912
4429.9500 0.4862877
4430.0000 0.481441
4430.0500 0.47659429
4430.1000 0.47174758
4430.1500 0.46901667
4430.2000 0.46836693
4430.2500 0.46771719
4430.3000 0.46706745
4430.3500 0.4665024
4430.4000 0.46593921
4430.4500 0.46537602
4430.5000 0.46581489
4430.5500 0.46745911
4430.6000 0.46910333
4430.6500 0.47074755
4430.7000 0.45697886
4430.7500 0.44205935
4430.8000 0.42713984
4430.8500 0.42208023
4430.9000 0.43131614
4430.9500 0.44055205
4431.0000 0.44978796
4431.0500 0.45288496
4431.1000 0.45519948
4431.1500 0.457514
4431.2000 0.45966778
4431.2500 0.46154408
4431.3000 0.46342038
4431.3500 0.46529668
4431.4000 0.45472185
4431.4500 0.44191111
4431.5000 0.42910037
4431.5500 0.42294164
4431.6000 0.43029969
4431.6500 0.43765774
4431.7000 0.44501579
4431.7500 0.45310238
4431.8000 0.46135658
4431.8500 0.46961078
4431.9000 0.4646054
4431.9500 0.42824681
4432.0000 0.39188822
4432.0500 0.35552963
4432.1000 0.36364023
4432.1500 0.38410705
4432.2000 0.40457387
4432.2500 0.42487939
4432.3000 0.44474655
4432.3500 0.46461371
4432.4000 0.48448087
4432.4500 0.46088352
4432.5000 0.42329828
4432.5500 0.38571304
4432.6000 0.36078528
4432.6500 0.37482949
4432.7000 0.38887371
4432.7500 0.40291793
4432.8000 0.4232882
4432.8500 0.44594065
4432.9000 0.46859311
4432.9500 0.48364991
4433.0000 0.47264871
4433.0500 0.46164751
4433.1000 0.4506463
4433.1500 0.45239601
4433.2000 0.45916333
4433.2500 0.46593065
4433.3000 0.47160713
4433.3500 0.47319522
4433.4000 0.4747833
4433.4500 0.47637139
4433.5000 0.46070987
4433.5500 0.43782053
4433.6000 0.41493118
4433.6500 0.3939964
4433.7000 0.38088448
4433.7500 0.36777256
4433.8000 0.35466064
4433.8500 0.36895785
4433.9000 0.39521623
4433.9500 0.42147461
4434.0000 0.44034713
4434.0500 0.42844794
4434.1000 0.41654874
4434.1500 0.40464955
4434.2000 0.40553847
4434.2500 0.41211845
4434.3000 0.41869842
4434.3500 0.42184061
4434.4000 0.41047669
4434.4500 0.39911277
4434.5000 0.38774885
4434.5500 0.38995356
4434.6000 0.39819088
4434.6500 0.40642819
4434.7000 0.41306415
4434.7500 0.41304588
4434.8000 0.41302761
4434.8500 0.41300934
4434.9000 0.40593001
4434.9500 0.39577819
4435.0000 0.38562637
4435.0500 0.37794012
4435.1000 0.38007197
4435.1500 0.38220383
4435.2000 0.38433569
4435.2500 0.39680908
4435.3000 0.41359469
4435.3500 0.4303803
4435.4000 0.44052952
4435.4500 0.42598502
4435.5000 0.41144052
4435.5500 0.39689602
4435.6000 0.38626685
4435.6500 0.37716784
4435.7000 0.36806882
4435.7500 0.36103231
4435.8000 0.36100804
4435.8500 0.36098378
4435.9000 0.36095951
4435.9500 0.3655775
4436.0000 0.37185516
4436.0500 0.37813283
4436.1000 0.3856335
4436.1500 0.39686085
4436.2000 0.4080882
4436.2500 0.41931554
4436.3000 0.4115128
4436.3500 0.39765509
4436.4000 0.38379739
4436.4500 0.37136291
4436.5000 0.36275222
4436.5500 0.35414153
4436.6000 0.34553084
4436.6500 0.34466653
4436.7000 0.34592443
4436.7500 0.34718234
4436.8000 0.35243671
4436.8500 0.36702744
4436.9000 0.38161817
4436.9500 0.3962089
4437.0000 0.3981488
4437.0500 0.39722895
4437.1000 0.39630909
4437.1500 0.39743969
4437.2000 0.40268494
4437.2500 0.40793018
4437.3000 0.41317543
4437.3500 0.40291614
4437.4000 0.38993446
4437.4500 0.37695278
4437.5000 0.37113172
4437.5500 0.37751495
4437.6000 0.38389819
4437.6500 0.39028142
4437.7000 0.40482177
4437.7500 0.4203704
4437.8000 0.43591903
4437.8500 0.43969074
4437.9000 0.42660539
4437.9500 0.41352004
4438.0000 0.40043469
4438.0500 0.39664553
4438.1000 0.39351673
4438.1500 0.39038793
4438.2000 0.39457415
4438.2500 0.40744694
4438.3000 0.42031974
4438.3500 0.43319253
4438.4000 0.42065983
4438.4500 0.40765337
4438.5000 0.39464691
4438.5500 0.38750927
4438.6000 0.38607099
4438.6500 0.38463271
4438.7000 0.3836949
4438.7500 0.39695974
4438.8000 0.41022457
4438.8500 0.4234894
4438.9000 0.42948193
4438.9500 0.42980291
4439.0000 0.4301239
4439.0500 0.42947187
4439.1000 0.41906631
4439.1500 0.40866075
4439.2000 0.39825519
4439.2500 0.40064764
4439.3000 0.41086183
4439.3500 0.42107602
4439.4000 0.42918171
4439.4500 0.42549711
4439.5000 0.42181252
4439.5500 0.41812792
4439.6000 0.41939523
4439.6500 0.42295214
4439.7000 0.42650905
4439.7500 0.42615878
4439.8000 0.41171172
4439.8500 0.39726466
4439.9000 0.38281759
4439.9500 0.37589679
4440.0000 0.37146745
4440.0500 0.36703812
4440.1000 0.36293464
4440.1500 0.35964211
4440.2000 0.35634959
4440.2500 0.35305706
4440.3000 0.35430217
4440.3500 0.35652265
4440.4000 0.35874312
4440.4500 0.36149908
4440.5000 0.36520456
4440.5500 0.36891005
4440.6000 0.37261553
4440.6500 0.37817131
4440.7000 0.38393456
4440.7500 0.3896978
4440.8000 0.38664707
4440.8500 0.37232585
4440.9000 0.35800464
4440.9500 0.34368342
4441.0000 0.3748204
4441.0500 0.40690462
4441.1000 0.43898883
4441.1500 0.44123174
4441.2000 0.41608366
4441.2500 0.39093558
4441.3000 0.36661619
4441.3500 0.3543557
4441.4000 0.34209521
4441.4500 0.32983473
4441.5000 0.34145406
4441.5500 0.36845198
4441.6000 0.39544991
4441.6500 0.42055252
4441.7000 0.43518848
4441.7500 0.44982444
4441.8000 0.46446041
4441.8500 0.45398969
4441.9000 0.43273025
4441.9500 0.4114708
4442.0000 0.40036921
4442.0500 0.42029535
4442.1000 0.44022149
4442.1500 0.46014764
4442.2000 0.46012891
4442.2500 0.4549642
4442.3000 0.44979949
4442.3500 0.43268829
4442.4000 0.39282063
4442.4500 0.35295297
4442.5000 0.31308531
4442.5500 0.32454372
4442.6000 0.34204494
4442.6500 0.35954617
4442.7000 0.36847886
4442.7500 0.36677492
4442.8000 0.36507097
4442.8500 0.36336703
4442.9000 0.36001682
4442.9500 0.3566645
4443.0000 0.35331218
4443.0500 0.3509925
4443.1000 0.34950967
4443.1500 0.34802685
4443.2000 0.34623299
4443.2500 0.34184499
4443.3000 0.33745699
4443.3500 0.333069
4443.4000 0.34514342
4443.4500 0.36559148
4443.5000 0.38603953
4443.5500 0.39565856
4443.6000 0.36681522
4443.6500 0.33797188
4443.7000 0.30912854
4443.7500 0.2781466
4443.8000 0.24655305
4443.8500 0.2149595
4443.9000 0.20413018
4443.9500 0.23422345
4444.0000 0.26431672
4444.0500 0.29440998
4444.1000 0.31570227
4444.1500 0.33598034
4444.2000 0.35625842
4444.2500 0.37222679
4444.3000 0.38309095
4444.3500 0.39395511
4444.4000 0.40399535
4444.4500 0.37366713
4444.5000 0.3433389
4444.5500 0.31301067
4444.6000 0.31225867
4444.6500 0.33263792
4444.7000 0.35301716
4444.7500 0.37087155
4444.8000 0.37414594
4444.8500 0.37742032
4444.9000 0.3806947
4444.9500 0.36845228
4445.0000 0.34996448
4445.0500 0.33147667
4445.1000 0.31881934
4445.1500 0.32119255
4445.2000 0.32356575
4445.2500 0.32593895
4445.3000 0.32238727
4445.3500 0.3177656
4445.4000 0.31314394
4445.4500 0.3209247
4445.5000 0.34614222
4445.5500 0.37135973
4445.6000 0.39657725
4445.6500 0.39129907
4445.7000 0.3855665
4445.7500 0.37983393
4445.8000 0.36023404
4445.8500 0.32956297
4445.9000 0.2988919
4445.9500 0.27517521
4446.0000 0.29889097
4446.0500 0.32260672
4446.1000 0.34632248
4446.1500 0.36048669
4446.2000 0.37057184
4446.2500 0.38065699
4446.3000 0.37653359
4446.3500 0.33489134
4446.4000 0.2932491
4446.4500 0.25160685
4446.5000 0.29101098
4446.5500 0.34475271
4446.6000 0.39849445
4446.6500 0.42909073
4446.7000 0.42846894
4446.7500 0.42784715
4446.8000 0.42721468
4446.8500 0.42289074
4446.9000 0.41856679
4446.9500 0.41424285
4447.0000 0.39599554
4447.0500 0.36771048
4447.1000 0.33942541
4447.1500 0.31528832
4447.2000 0.31287294
4447.2500 0.31045756
4447.3000 0.30804218
4447.3500 0.30342852
4447.4000 0.29804516
4447.4500 0.2926618
4447.5000 0.2962726
4447.5500 0.31881725
4447.6000 0.3413619
4447.6500 0.36390655
4447.7000 0.3642614
4447.7500 0.36227325
4447.8000 0.3602851
4447.8500 0.3592449
4447.9000 0.35919926
4447.9500 0.35915362
4448.0000 0.35956977
4448.0500 0.36588709
4448.1000 0.37220442
4448.1500 0.37852174
4448.2000 0.37447101
4448.2500 0.36503633
4448.3000 0.35560165
4448.3500 0.34964582
4448.4000 0.35441646
4448.4500 0.3591871
4448.5000 0.36395774
4448.5500 0.37476112
4448.6000 0.38677699
4448.6500 0.39879286
4448.7000 0.4064891
4448.7500 0.40825583
4448.8000 0.41002256
4448.8500 0.41189983
4448.9000 0.42341966
4448.9500 0.43493948
4449.0000 0.44645931
4449.0500 0.4327385
4449.1000 0.40234879
4449.1500 0.37195908
4449.2000 0.34927449
4449.2500 0.35854986
4449.3000 0.36782524
4449.3500 0.37710062
4449.4000 0.38288719
4449.4500 0.38773123
4449.5000 0.39257526
4449.5500 0.40429353
4449.6000 0.42716081
4449.6500 0.45002809
4449.7000 0.47289538
4449.7500 0.46352218
4449.8000 0.45337556
4449.8500 0.44322894
4449.9000 0.42238394
4449.9500 0.39355978
4450.0000 0.36473563
4450.0500 0.34600307
4450.1000 0.37651618
4450.1500 0.4070293
4450.2000 0.43754241
4450.2500 0.43061303
4450.3000 0.41239869
4450.3500 0.39418434
4450.4000 0.37981093
4450.4500 0.37203964
4450.5000 0.36426836
4450.5500 0.35649708
4450.6000 0.36089415
4450.6500 0.36569032
4450.7000 0.37048649
4450.7500 0.37223452
4450.8000 0.3716807
4450.8500 0.37112687
4450.9000 0.37139331
4450.9500 0.37560006
4451.0000 0.37980682
4451.0500 0.38401358
4451.1000 0.40396718
4451.1500 0.42846852
4451.2000 0.45296986
4451.2500 0.45980454
4451.3000 0.4378855
4451.3500 0.41596645
4451.4000 0.39404741
4451.4500 0.41452719
4451.5000 0.43559593
4451.5500 0.45666466
4451.6000 0.46984669
4451.6500 0.47761738
4451.7000 0.48538806
4451.7500 0.49226669
4451.8000 0.49559706
4451.8500 0.49892742
4451.9000 0.50225779
4451.9500 0.46819758
4452.0000 0.42535409
4452.0500 0.38251061
4452.1000 0.36793156
4452.1500 0.39243092
4452.2000 0.41693029
4452.2500 0.43988895
4452.3000 0.41419089
4452.3500 0.38849282
4452.4000 0.36279476
4452.4500 0.36142803
4452.5000 0.37358631
4452.5500 0.38574459
4452.6000 0.39714808
4452.6500 0.40635585
4452.7000 0.41556361
4452.7500 0.42477138
4452.8000 0.4342754
4452.8500 0.44382371
4452.9000 0.45337202
4452.9500 0.45305016
4453.0000 0.44225346
4453.0500 0.43145676
4453.1000 0.41719796
4453.1500 0.37225049
4453.2000 0.32730302
4453.2500 0.28235555
4453.3000 0.28292139
4453.3500 0.30130432
4453.4000 0.31968725
4453.4500 0.342216
4453.5000 0.37290102
4453.5500 0.40358604
4453.6000 0.43427105
4453.6500 0.47238357
4453.7000 0.5108348
4453.7500 0.54928603
4453.8000 0.52959676
4453.8500 0.46725339
4453.9000 0.40491002
4453.9500 0.35417286
4454.0000 0.35035681
4454.0500 0.34654076
4454.1000 0.34272471
4454.1500 0.36782895
4454.2000 0.39924568
4454.2500 0.43066241
4454.3000 0.42819668
4454.3500 0.38337242
4454.4000 0.33854815
4454.4500 0.29785435
4454.5000 0.31285939
4454.5500 0.32786442
4454.6000 0.34286946
4454.6500 0.34205837
4454.7000 0.33429687
4454.7500 0.32653537
4454.8000 0.32341804
4454.8500 0.33010513
4454.9000 0.33679222
4454.9500 0.3434793
4455.0000 0.37536853
4455.0500 0.40860679
4455.1000 0.44184505
4455.1500 0.43419022
4455.2000 0.39667929
4455.2500 0.35916836
4455.3000 0.330201
4455.3500 0.33379346
4455.4000 0.33738593
4455.4500 0.34097839
4455.5000 0.31863909
4455.5500 0.29131459
4455.6000 0.26399008
4455.6500 0.28511853
4455.7000 0.36073233
4455.7500 0.43634614
4455.8000 0.49853159
4455.8500 0.44463692
4455.9000 0.39074225
4455.9500 0.33684759
4456.0000 0.341485
4456.0500 0.36693235
4456.1000 0.39237969
4456.1500 0.39610582
4456.2000 0.36328711
4456.2500 0.33046841
4456.3000 0.29792208
4456.3500 0.29566627
4456.4000 0.29341046
4456.4500 0.29115465
4456.5000 0.30658438
4456.5500 0.33170251
4456.6000 0.35682064
4456.6500 0.3615199
4456.7000 0.31481004
4456.7500 0.26810018
4456.8000 0.22139031
4456.8500 0.24839726
4456.9000 0.28150903
4456.9500 0.31462081
4457.0000 0.30846321
4457.0500 0.27192434
4457.1000 0.23538546
4457.1500 0.21536209
4457.2000 0.25933487
4457.2500 0.30330766
4457.3000 0.34728045
4457.3500 0.36235556
4457.4000 0.37223077
4457.4500 0.38210598
4457.5000 0.36584682
4457.5500 0.32248513
4457.6000 0.27912344
4457.6500 0.24211159
4457.7000 0.24566254
4457.7500 0.24921348
4457.8000 0.25276443
4457.8500 0.2592502
4457.9000 0.26655969
4457.9500 0.27386917
4458.0000 0.27762697
4458.0500 0.27662586
4458.1000 0.27562474
4458.1500 0.27882308
4458.2000 0.33386477
4458.2500 0.38890647
4458.3000 0.44394816
4458.3500 0.41547706
4458.4000 0.35509566
4458.4500 0.29471427
4458.5000 0.28195222
4458.5500 0.34917582
4458.6000 0.41639943
4458.6500 0.48081401
4458.7000 0.43029209
4458.7500 0.37977018
4458.8000 0.32924826
4458.8500 0.30075841
4458.9000 0.28284891
4458.9500 0.26493942
4459.0000 0.25605126
4459.0500 0.26561855
4459.1000 0.27518583
4459.1500 0.28475311
4459.2000 0.29260796
4459.2500 0.30043164
4459.3000 0.30825531
4459.3500 0.3185051
4459.4000 0.33013777
4459.4500 0.34177045
4459.5000 0.35126079
4459.5500 0.35557679
4459.6000 0.35989278
4459.6500 0.36420878
4459.7000 0.33363097
4459.7500 0.30120502
4459.8000 0.26877906
4459.8500 0.25229186
4459.9000 0.24609689
4459.9500 0.23990191
4460.0000 0.24397217
4460.0500 0.27628187
4460.1000 0.30859156
4460.1500 0.34090125
4460.2000 0.31618528
4460.2500 0.28695191
4460.3000 0.25771855
4460.3500 0.23703193
4460.4000 0.22234296
4460.4500 0.207654
4460.5000 0.22000235
4460.5500 0.31359269
4460.6000 0.40718302
4460.6500 0.50077336
4460.7000 0.42927068
4460.7500 0.34199673
4460.8000 0.25472279
4460.8500 0.25360279
4460.9000 0.3156595
4460.9500 0.37771622
4461.0000 0.40918135
4461.0500 0.34487872
4461.1000 0.28057609
4461.1500 0.21627346
4461.2000 0.23958408
4461.2500 0.27174019
4461.3000 0.30389631
4461.3500 0.34673967
4461.4000 0.39746528
4461.4500 0.44819089
4461.5000 0.47246856
4461.5500 0.41470641
4461.6000 0.35694425
4461.6500 0.29918209
4461.7000 0.29135329
4461.7500 0.28827796
4461.8000 0.28520262
4461.8500 0.26910075
4461.9000 0.24369677
4461.9500 0.2182928
4462.0000 0.20340193
4462.0500 0.21926602
4462.1000 0.23513011
4462.1500 0.2509942
4462.2000 0.25799905
4462.2500 0.26430762
4462.3000 0.27061619
4462.3500 0.29429376
4462.4000 0.32952446
4462.4500 0.36475516
4462.5000 0.37786672
4462.5500 0.33265924
4462.6000 0.28745176
4462.6500 0.24224428
4462.7000 0.28714243
4462.7500 0.33673796
4462.8000 0.38633349
4462.8500 0.39489342
4462.9000 0.3790359
4462.9500 0.36317837
4463.0000 0.34676611
4463.0500 0.32908663
4463.1000 0.31140715
4463.1500 0.29372766
4463.2000 0.27006194
4463.2500 0.24629282
4463.3000 0.22252371
4463.3500 0.23262993
4463.4000 0.25998566
4463.4500 0.28734138
4463.5000 0.30581079
4463.5500 0.30727438
4463.6000 0.30873798
4463.6500 0.31055029
4463.7000 0.3260545
4463.7500 0.34155871
4463.8000 0.35706292
4463.8500 0.34042985
4463.9000 0.3105099
4463.9500 0.28058996
4464.0000 0.25898769
4464.0500 0.25033104
4464.1000 0.24167439
4464.1500 0.23456538
4464.2000 0.24630379
4464.2500 0.25804221
4464.3000 0.26978062
4464.3500 0.26709946
4464.4000 0.25990499
4464.4500 0.25271052
4464.5000 0.26116464
4464.5500 0.2888711
4464.6000 0.31657755
4464.6500 0.3396796
4464.7000 0.33356793
4464.7500 0.32745626
4464.8000 0.3213446
4464.8500 0.28082657
4464.9000 0.23300801
4464.9500 0.18518946
4465.0000 0.18679588
4465.0500 0.23498854
4465.1000 0.28318119
4465.1500 0.32032138
4465.2000 0.31476565
4465.2500 0.30920991
4465.3000 0.30365417
4465.3500 0.32915509
4465.4000 0.35820264
4465.4500 0.38725019
4465.5000 0.33938083
4465.5500 0.23814913
4465.6000 0.13691744
4465.6500 0.08474741
4465.7000 0.15607572
4465.7500 0.22740404
4465.8000 0.29873235
4465.8500 0.31594027
4465.9000 0.33200163
4465.9500 0.34806298
4466.0000 0.30756968
4466.0500 0.23987271
4466.1000 0.17217574
4466.1500 0.13514506
4466.2000 0.14984196
4466.2500 0.16453887
4466.3000 0.18288213
4466.3500 0.24952844
4466.4000 0.31617475
4466.4500 0.38282107
4466.5000 0.34051436
4466.5500 0.26551778
4466.6000 0.1905212
4466.6500 0.15048199
4466.7000 0.1499821
4466.7500 0.1494822
4466.8000 0.15834107
4466.8500 0.21279422
4466.9000 0.26724738
4466.9500 0.32170054
4467.0000 0.31868701
4467.0500 0.30726674
4467.1000 0.29584647
4467.1500 0.23109946
4467.2000 0.1270135
4467.2500 0.02292754
4467.3000 -0.011636
4467.3500 0.13293958
4467.4000 0.27751516
4467.4500 0.42209074
4467.5000 0.40878866
4467.5500 0.39303613
4467.6000 0.3772836
4467.6500 0.31094373
4467.7000 0.22196775
4467.7500 0.13299176
4467.8000 0.11253317
4467.8500 0.19570027
4467.9000 0.27886737
4467.9500 0.35478001
4468.0000 0.36964115
4468.0500 0.38450229
4468.1000 0.39936343
4468.1500 0.39308456
4468.2000 0.38201979
4468.2500 0.37095503
4468.3000 0.36404727
4468.3500 0.36089139
4468.4000 0.3577355
4468.4500 0.33859043
4468.5000 0.26792363
4468.5500 0.19725682
4468.6000 0.12659002
4468.6500 0.24671765
4468.7000 0.37708184
4468.7500 0.50744602
4468.8000 0.50237613
4468.8500 0.42826069
4468.9000 0.35414525
4468.9500 0.29305069
4469.0000 0.25350964
4469.0500 0.21396858
4469.1000 0.17255019
4469.1500 0.11257857
4469.2000 0.05260694
4469.2500 -0.00736469
4469.3000 -0.00595868
4469.3500 0.01001472
4469.4000 0.02598812
4469.4500 0.06673372
4469.5000 0.12984785
4469.5500 0.19296198
4469.6000 0.23850727
4469.6500 0.22956383
4469.7000 0.22062038
4469.7500 0.21167694
4469.8000 0.20823561
4469.8500 0.20500477
4469.9000 0.20177394
4469.9500 0.22632119
4470.0000 0.26373147
4470.0500 0.30114175
4470.1000 0.30625927
4470.1500 0.26390567
4470.2000 0.22155207
4470.2500 0.18602135
4470.3000 0.19729702
4470.3500 0.2085727
4470.4000 0.21984837
4470.4500 0.23013127
4470.5000 0.24023981
4470.5500 0.25034834
4470.6000 0.2167381
4470.6500 0.15081285
4470.7000 0.08488759
4470.7500 0.07032388
4470.8000 0.17538121
4470.8500 0.28043855
4470.9000 0.38118696
4470.9500 0.32545812
4471.0000 0.26972929
4471.0500 0.21400045
4471.1000 0.18393467
4471.1500 0.16223193
4471.2000 0.14052918
4471.2500 0.14006275
4471.3000 0.16236001
4471.3500 0.18465726
4471.4000 0.21167907
4471.4500 0.25625374
4471.5000 0.3008284
4471.5500 0.34540306
4471.6000 0.36620301
4471.6500 0.38555308
4471.7000 0.40490314
4471.7500 0.38900669
4471.8000 0.35606
4471.8500 0.32311331
4471.9000 0.31433258
4471.9500 0.34084509
4472.0000 0.36735761
4472.0500 0.38247633
4472.1000 0.32754263
4472.1500 0.27260893
4472.2000 0.21767523
4472.2500 0.25061038
4472.3000 0.29617123
4472.3500 0.34173207
4472.4000 0.32330995
4472.4500 0.26395337
4472.5000 0.20459679
4472.5500 0.22796366
4472.6000 0.40746864
4472.6500 0.58697363
4472.7000 0.74687287
4472.7500 0.69245172
4472.8000 0.63803056
4472.8500 0.5836094
4472.9000 0.40887114
4472.9500 0.20813299
4473.0000 0.00739485
4473.0500 -0.04382499
4473.1000 0.02157756
4473.1500 0.08698011
4473.2000 0.159453
4473.2500 0.24824377
4473.3000 0.33703453
4473.3500 0.41791771
4473.4000 0.32620455
4473.4500 0.23449138
4473.5000 0.14277822
4473.5500 0.16401326
4473.6000 0.21594217
4473.6500 0.26787109
4473.7000 0.28929961
4473.7500 0.28366201
4473.8000 0.2780244
4473.8500 0.27003634
4473.9000 0.25583113
4473.9500 0.24162592
4474.0000 0.22777358
4474.0500 0.23133681
4474.1000 0.23490004
4474.1500 0.23846327
4474.2000 0.2566537
4474.2500 0.27930309
4474.3000 0.30195249
4474.3500 0.26864047
4474.4000 0.18239381
4474.4500 0.09614714
4474.5000 0.05262712
4474.5500 0.12919929
4474.6000 0.20577146
4474.6500 0.2812642
4474.7000 0.26743172
4474.7500 0.25359924
4474.8000 0.23976676
4474.8500 0.32921694
4474.9000 0.4508439
4474.9500 0.57247085
4475.0000 0.61048547
4475.0500 0.56943736
4475.1000 0.52838925
4475.1500 0.4741391
4475.2000 0.38355334
4475.2500 0.29296759
4475.3000 0.20522557
4475.3500 0.25664316
4475.4000 0.30806075
4475.4500 0.35947833
4475.5000 0.35146355
4475.5500 0.32614919
4475.6000 0.30083482
4475.6500 0.24013595
4475.7000 0.14806631
4475.7500 0.05599667
4475.8000 0.03401298
4475.8500 0.18650401
4475.9000 0.33899505
4475.9500 0.48388034
4476.0000 0.46387606
4476.0500 0.44387179
4476.1000 0.42386752
4476.1500 0.44185449
4476.2000 0.46918523
4476.2500 0.49651597
4476.3000 0.49276896
4476.3500 0.46481213
4476.4000 0.4368553
4476.4500 0.43178363
4476.5000 0.47476317
4476.5500 0.51774271
4476.6000 0.55526891
4476.6500 0.5334169
4476.7000 0.5115649
4476.7500 0.48971289
4476.8000 0.34872325
4476.8500 0.18614836
4476.9000 0.02357347
4476.9500 0.03371961
4477.0000 0.15424609
4477.0500 0.27477256
4477.1000 0.30836279
4477.1500 0.19680526
4477.2000 0.08524773
4477.2500 0.0057642
4477.3000 0.12319118
4477.3500 0.24061816
4477.4000 0.35804513
4477.4500 0.28957884
4477.5000 0.20194916
4477.5500 0.11431948
4477.6000 0.11891583
4477.6500 0.16811699
4477.7000 0.21731815
4477.7500 0.29675721
4477.8000 0.4142961
4477.8500 0.53183498
4477.9000 0.59911285
4477.9500 0.47949661
4478.0000 0.35988036
4478.0500 0.24026412
4478.1000 0.34578164
4478.1500 0.45533685
4478.2000 0.56489206
4478.2500 0.56111493
4478.3000 0.52032651
4478.3500 0.47953808
4478.4000 0.45314805
4478.4500 0.43971975
4478.5000 0.42629145
4478.5500 0.37338498
4478.6000 0.22822157
4478.6500 0.08305817
4478.7000 -0.04100715
4478.7500 0.09857809
4478.8000 0.23816333
4478.8500 0.37774858
4478.9000 0.30200104
4478.9500 0.18810441
4479.0000 0.07420777
4479.0500 0.12595014
4479.1000 0.2766965
4479.1500 0.42744286
4479.2000 0.47281271
4479.2500 0.362262
4479.3000 0.2517113
4479.3500 0.15907241
4479.4000 0.14712335
4479.4500 0.13517428
4479.5000 0.12322522
4479.5500 0.06942141
4479.6000 0.0139201
4479.6500 -0.04158121
4479.7000 0.04536344
4479.7500 0.18199894
4479.8000 0.31863444
4479.8500 0.40395109
4479.9000 0.44241008
4479.9500 0.48086908
4480.0000 0.484467
4480.0500 0.4086465
4480.1000 0.33282601
4480.1500 0.26108076
4480.2000 0.23137642
4480.2500 0.20167207
4480.3000 0.17196772
4480.3500 0.26953697
4480.4000 0.38567568
4480.4500 0.50181438
4480.5000 0.513668
4480.5500 0.47131096
4480.6000 0.42895391
4480.6500 0.40207821
4480.7000 0.39456966
4480.7500 0.38706111
4480.8000 0.3363821
4480.8500 0.14240207
4480.9000 -0.05157796
4480.9500 -0.23898104
4481.0000 -0.1001796
4481.0500 0.03862184
4481.1000 0.17742327
4481.1500 0.25302353
4481.2000 0.31370239
4481.2500 0.37438125
4481.3000 0.49857329
4481.3500 0.66524491
4481.4000 0.83191653
4481.4500 0.96273265
4481.5000 1.0375679
4481.5500 1.11240315
4481.6000 1.14817365
4481.6500 1.00909452
4481.7000 0.8700154
4481.7500 0.73093627
4481.8000 0.61935511
4481.8500 0.5084561
4481.9000 0.39755709
4481.9500 0.6300834
4482.0000 0.96521967
4482.0500 1.30035595
4482.1000 0
4482.1500 0
4482.2000 0
