4693.0500 0.45498019
4693.1000 0.43459805
4693.1500 0.42248799
4693.2000 0.41037793
4693.2500 0.39826788
4693.3000 0.41839559
4693.3500 0.51312296
4693.4000 0.60785034
4693.4500 0.70257771
4693.5000 0.79730509
4693.5500 0.81547371
4693.6000 0.81745518
4693.6500 0.81943664
4693.7000 0.82141811
4693.7500 0.8041849
4693.8000 0.75129876
4693.8500 0.69841261
4693.9000 0.64552647
4693.9500 0.59264032
4694.0000 0.57459555
4694.0500 0.56148513
4694.1000 0.54837472
4694.1500 0.5352643
4694.2000 0.52764502
4694.2500 0.52817029
4694.3000 0.52869557
4694.3500 0.52922085
4694.4000 0.52974612
4694.4500 0.48892459
4694.5000 0.44501354
4694.5500 0.40110249
4694.6000 0.35719144
4694.6500 0.3401853
4694.7000 0.35485781
4694.7500 0.36953031
4694.8000 0.38420282
4694.8500 0.39887533
4694.9000 0.26577475
4694.9500 0.13103892
4695.0000 -0.00369691
4695.0500 -0.13843274
4695.1000 -0.03408541
4695.1500 0.29107065
4695.2000 0.61622672
4695.2500 0.94138279
4695.3000 1.24434881
4695.3500 1.14026847
4695.4000 1.03618814
4695.4500 0.9321078
4695.5000 0.82802746
4695.5500 0.8728712
4695.6000 1.02356183
4695.6500 1.17425246
4695.7000 1.3249431
4695.7500 1.42247226
4695.8000 1.12417147
4695.8500 0.82587069
4695.9000 0.52756991
4695.9500 0.22926912
4696.0000 0.29559372
4696.0500 0.55543844
4696.1000 0.81528316
4696.1500 1.07512788
4696.2000 1.24771452
4696.2500 1.0463061
4696.3000 0.84489767
4696.3500 0.64348925
4696.4000 0.44208083
4696.4500 0.39083443
4696.5000 0.39623499
4696.5500 0.40163555
4696.6000 0.40703611
4696.6500 0.47239158
4696.7000 0.70487369
4696.7500 0.93735579
4696.8000 1.1698379
4696.8500 1.40232
4696.9000 1.28408729
4696.9500 1.07980094
4697.0000 0.87551458
4697.0500 0.67122823
4697.1000 0.51532404
4697.1500 0.45211434
4697.2000 0.38890465
4697.2500 0.32569496
4697.3000 0.26248527
4697.3500 0.37065304
4697.4000 0.50132173
4697.4500 0.63199042
4697.5000 0.76265911
4697.5500 0.77590662
4697.6000 0.63091164
4697.6500 0.48591666
4697.7000 0.34092168
4697.7500 0.1959267
4697.8000 0.386868
4697.8500 0.58855827
4697.9000 0.79024854
4697.9500 0.99193882
4698.0000 1.03742388
4698.0500 0.93465287
4698.1000 0.83188186
4698.1500 0.72911085
4698.2000 0.63560983
4698.2500 0.69229
4698.3000 0.74897016
4698.3500 0.80565033
4698.4000 0.86233049
4698.4500 0.84623232
4698.5000 0.78246702
4698.5500 0.71870172
4698.6000 0.65493642
4698.6500 0.60780406
4698.7000 0.65391894
4698.7500 0.70003382
4698.8000 0.74614871
4698.8500 0.79226359
4698.9000 0.76451143
4698.9500 0.70503087
4699.0000 0.64555032
4699.0500 0.58606976
4699.1000 0.58327447
4699.1500 0.75171149
4699.2000 0.9201485
4699.2500 1.08858552
4699.3000 1.25702254
4699.3500 1.28756256
4699.4000 1.28339451
4699.4500 1.27922646
4699.5000 1.27505842
4699.5500 1.17888097
4699.6000 0.91194129
4699.6500 0.64500161
4699.7000 0.37806192
4699.7500 0.11112224
4699.8000 0.24401448
4699.8500 0.42014591
4699.9000 0.59627733
4699.9500 0.77240876
4700.0000 0.84630022
4700.0500 0.79807297
4700.1000 0.74984571
4700.1500 0.70161845
4700.2000 0.65464846
4700.2500 0.73195267
4700.3000 0.80925688
4700.3500 0.88656109
4700.4000 0.9638653
4700.4500 0.94431855
4700.5000 0.85031471
4700.5500 0.75631087
4700.6000 0.66230702
4700.6500 0.59070036
4700.7000 0.68067703
4700.7500 0.7706537
4700.8000 0.86063036
4700.8500 0.95060703
4700.9000 0.91702486
4700.9500 0.82506788
4701.0000 0.7331109
4701.0500 0.64115392
4701.1000 0.56720595
4701.1500 0.55105125
4701.2000 0.53489656
4701.2500 0.51874186
4701.3000 0.50258717
4701.3500 0.404772
4701.4000 0.28616343
4701.4500 0.16755487
4701.5000 0.0489463
4701.5500 0.03244647
4701.6000 0.19942007
4701.6500 0.36639367
4701.7000 0.53336727
4701.7500 0.70034087
4701.8000 0.5945565
4701.8500 0.46475663
4701.9000 0.33495677
4701.9500 0.20515691
4702.0000 0.17677437
4702.0500 0.25753971
4702.1000 0.33830506
4702.1500 0.41907041
4702.2000 0.49632653
4702.2500 0.49952662
4702.3000 0.50272672
4702.3500 0.50592682
4702.4000 0.50912691
4702.4500 0.46379541
4702.5000 0.38741927
4702.5500 0.31104314
4702.6000 0.234667
4702.6500 0.18876525
4702.7000 0.28598911
4702.7500 0.38321297
4702.8000 0.48043683
4702.8500 0.57766069
4702.9000 0.57878196
4702.9500 0.54653067
4703.0000 0.51427938
4703.0500 0.48202808
4703.1000 0.46307001
4703.1500 0.47370188
4703.2000 0.48433375
4703.2500 0.49496562
4703.3000 0.50559749
4703.3500 0.48343749
4703.4000 0.45675344
4703.4500 0.43006939
4703.5000 0.40338533
4703.5500 0.37299714
4703.6000 0.33805555
4703.6500 0.30311395
4703.7000 0.26817236
4703.7500 0.23575617
4703.8000 0.33079935
4703.8500 0.42584253
4703.9000 0.52088572
4703.9500 0.6159289
4704.0000 0.6369503
4704.0500 0.60681254
4704.1000 0.57667479
4704.1500 0.54653704
4704.2000 0.51380904
4704.2500 0.46790088
4704.3000 0.42199273
4704.3500 0.37608457
4704.4000 0.33017641
4704.4500 0.3885161
4704.5000 0.48382392
4704.5500 0.57913174
4704.6000 0.67443955
4704.6500 0.69597618
4704.7000 0.55576214
4704.7500 0.4155481
4704.8000 0.27533406
4704.8500 0.13512002
4704.9000 0.22994487
4704.9500 0.35403512
4705.0000 0.47812536
4705.0500 0.6022156
4705.1000 0.65626052
4705.1500 0.63015646
4705.2000 0.6040524
4705.2500 0.57794834
4705.3000 0.55339572
4705.3500 0.56215722
4705.4000 0.57091871
4705.4500 0.57968021
4705.5000 0.58844171
4705.5500 0.59322602
4705.6000 0.59561048
4705.6500 0.59799493
4705.7000 0.60037939
4705.7500 0.5977043
4705.8000 0.57527383
4705.8500 0.55284336
4705.9000 0.53041289
4705.9500 0.50798242
4706.0000 0.51785903
4706.0500 0.53657602
4706.1000 0.55529301
4706.1500 0.57400999
4706.2000 0.57054063
4706.2500 0.52888006
4706.3000 0.48721949
4706.3500 0.44555892
4706.4000 0.40389834
4706.4500 0.47943754
4706.5000 0.56103982
4706.5500 0.64264211
4706.6000 0.7242444
4706.6500 0.71563915
4706.7000 0.62869496
4706.7500 0.54175077
4706.8000 0.45480658
4706.8500 0.39019298
4706.9000 0.48833183
4706.9500 0.58647069
4707.0000 0.68460955
4707.0500 0.78274841
4707.1000 0.79531835
4707.1500 0.77245043
4707.2000 0.7495825
4707.2500 0.72671457
4707.3000 0.70202774
4707.3500 0.67298732
4707.4000 0.6439469
4707.4500 0.61490648
4707.5000 0.58586606
4707.5500 0.5478723
4707.6000 0.50869523
4707.6500 0.46951816
4707.7000 0.43034108
4707.7500 0.40858855
4707.8000 0.4062579
4707.8500 0.40392724
4707.9000 0.40159658
4707.9500 0.40243814
4708.0000 0.45000168
4708.0500 0.49756521
4708.1000 0.54512875
4708.1500 0.59269229
4708.2000 0.60609965
4708.2500 0.60154109
4708.3000 0.59698253
4708.3500 0.59242398
4708.4000 0.58450307
4708.4500 0.56639174
4708.5000 0.54828041
4708.5500 0.53016908
4708.6000 0.51205775
4708.6500 0.52555987
4708.7000 0.5449975
4708.7500 0.56443513
4708.8000 0.58387276
4708.8500 0.57796542
4708.9000 0.53938025
4708.9500 0.50079507
4709.0000 0.46220989
4709.0500 0.42787279
4709.1000 0.5190126
4709.1500 0.61015241
4709.2000 0.70129222
4709.2500 0.79243203
4709.3000 0.80749271
4709.3500 0.77782133
4709.4000 0.74814995
4709.4500 0.71847857
4709.5000 0.69394724
4709.5500 0.68684193
4709.6000 0.67973662
4709.6500 0.67263132
4709.7000 0.66552601
4709.7500 0.72466723
4709.8000 0.79767879
4709.8500 0.87069035
4709.9000 0.94370192
4709.9500 0.95563794
4710.0000 0.88562342
4710.0500 0.81560891
4710.1000 0.74559439
4710.1500 0.67620442
4710.2000 0.62831447
4710.2500 0.58042451
4710.3000 0.53253456
4710.3500 0.48464461
4710.4000 0.53009811
4710.4500 0.63025735
4710.5000 0.73041658
4710.5500 0.83057582
4710.6000 0.8838772
4710.6500 0.78362314
4710.7000 0.68336908
4710.7500 0.58311502
4710.8000 0.48286096
4710.8500 0.44510671
4710.9000 0.41941878
4710.9500 0.39373085
4711.0000 0.36804292
4711.0500 0.40228739
4711.1000 0.51170095
4711.1500 0.62111452
4711.2000 0.73052808
4711.2500 0.82844517
4711.3000 0.70838241
4711.3500 0.58831965
4711.4000 0.46825689
4711.4500 0.34819412
4711.5000 0.40411254
4711.5500 0.55164247
4711.6000 0.69917239
4711.6500 0.84670231
4711.7000 0.95023694
4711.7500 0.93252742
4711.8000 0.91481789
4711.8500 0.89710837
4711.9000 0.87939885
4711.9500 0.8246126
4712.0000 0.76457407
4712.0500 0.70453553
4712.1000 0.64449699
4712.1500 0.61726223
4712.2000 0.62463194
4712.2500 0.63200166
4712.3000 0.63937137
4712.3500 0.65033714
4712.4000 0.69424097
4712.4500 0.73814481
4712.5000 0.78204864
4712.5500 0.82595247
4712.6000 0.77825883
4712.6500 0.69338394
4712.7000 0.60850905
4712.7500 0.52363417
4712.8000 0.48780966
4712.8500 0.55377168
4712.9000 0.61973371
4712.9500 0.68569573
4713.0000 0.75165775
4713.0500 0.70472581
4713.1000 0.65060841
4713.1500 0.59649101
4713.2000 0.54237361
4713.2500 0.51672029
4713.3000 0.51377918
4713.3500 0.51083807
4713.4000 0.50789696
4713.4500 0.51790887
4713.5000 0.58971273
4713.5500 0.6615166
4713.6000 0.73332046
4713.6500 0.80512433
4713.7000 0.71979371
4713.7500 0.59306011
4713.8000 0.46632651
4713.8500 0.33959291
4713.9000 0.29169403
4713.9500 0.35691768
4714.0000 0.42214133
4714.0500 0.48736498
4714.1000 0.55138377
4714.1500 0.57772007
4714.2000 0.60405637
4714.2500 0.63039267
4714.3000 0.65672897
4714.3500 0.63641482
4714.4000 0.59123907
4714.4500 0.54606331
4714.5000 0.50088755
4714.5500 0.48179224
4714.6000 0.53153354
4714.6500 0.58127484
4714.7000 0.63101615
4714.7500 0.68075745
4714.8000 0.69270589
4714.8500 0.70037404
4714.9000 0.70804218
4714.9500 0.71571033
4715.0000 0.70547326
4715.0500 0.67889451
4715.1000 0.65231577
4715.1500 0.62573702
4715.2000 0.60838485
4715.2500 0.64395534
4715.3000 0.67952584
4715.3500 0.71509633
4715.4000 0.75066682
4715.4500 0.72038029
4715.5000 0.67099132
4715.5500 0.62160235
4715.6000 0.57221339
4715.6500 0.56476523
4715.7000 0.61946646
4715.7500 0.67416768
4715.8000 0.72886891
4715.8500 0.78101065
4715.9000 0.75514201
4715.9500 0.72927338
4716.0000 0.70340474
4716.0500 0.67753611
4716.1000 0.66954346
4716.1500 0.67069098
4716.2000 0.6718385
4716.2500 0.67298602
4716.3000 0.67009678
4716.3500 0.65745095
4716.4000 0.64480513
4716.4500 0.6321593
4716.5000 0.61951347
4716.5500 0.58724675
4716.6000 0.55338258
4716.6500 0.5195184
4716.7000 0.48565422
4716.7500 0.45882132
4716.8000 0.43756161
4716.8500 0.41630191
4716.9000 0.3950422
4716.9500 0.37936989
4717.0000 0.38720525
4717.0500 0.3950406
4717.1000 0.40287596
4717.1500 0.41071131
4717.2000 0.45862177
4717.2500 0.5148972
4717.3000 0.57117264
4717.3500 0.62744807
4717.4000 0.65192258
4717.4500 0.63961136
4717.5000 0.62730014
4717.5500 0.61498892
4717.6000 0.60280411
4717.6500 0.59174344
4717.7000 0.58068276
4717.7500 0.56962208
4717.8000 0.5585614
4717.8500 0.54440717
4717.9000 0.52916364
4717.9500 0.51392011
4718.0000 0.49867658
4718.0500 0.49926242
4718.1000 0.52576791
4718.1500 0.55227341
4718.2000 0.5787789
4718.2500 0.60500423
4718.3000 0.61736468
4718.3500 0.62972512
4718.4000 0.64208557
4718.4500 0.65444601
4718.5000 0.68050742
4718.5500 0.71357874
4718.6000 0.74665007
4718.6500 0.7797214
4718.7000 0.79275237
4718.7500 0.75997523
4718.8000 0.72719809
4718.8500 0.69442094
4718.9000 0.6616438
4718.9500 0.62082575
4719.0000 0.57956865
4719.0500 0.53831155
4719.1000 0.49705445
4719.1500 0.49583681
4719.2000 0.52207843
4719.2500 0.54832005
4719.3000 0.57456167
4719.3500 0.59846704
4719.4000 0.614943
4719.4500 0.63141896
4719.5000 0.64789492
4719.5500 0.66437088
4719.6000 0.68562586
4719.6500 0.70749358
4719.7000 0.7293613
4719.7500 0.75122903
4719.8000 0.75232332
4719.8500 0.73533018
4719.9000 0.71833704
4719.9500 0.7013439
4720.0000 0.68456667
4720.0500 0.66874797
4720.1000 0.65292928
4720.1500 0.63711058
4720.2000 0.62129188
4720.2500 0.61849502
4720.3000 0.61828606
4720.3500 0.61807709
4720.4000 0.61786813
4720.4500 0.6064743
4720.5000 0.58323519
4720.5500 0.55999609
4720.6000 0.53675698
4720.6500 0.51941355
4720.7000 0.53883624
4720.7500 0.55825894
4720.8000 0.57768163
4720.8500 0.59710433
4720.9000 0.60191824
4720.9500 0.60289113
4721.0000 0.60386402
4721.0500 0.60483691
4721.1000 0.60155254
4721.1500 0.59299099
4721.2000 0.58442944
4721.2500 0.57586789
4721.3000 0.56720712
4721.3500 0.55767566
4721.4000 0.54814419
4721.4500 0.53861273
4721.5000 0.52908127
4721.5500 0.53352604
4721.6000 0.54240443
4721.6500 0.55128282
4721.7000 0.56016121
4721.7500 0.55049459
4721.8000 0.51491433
4721.8500 0.47933406
4721.9000 0.4437538
4721.9500 0.41149936
4722.0000 0.41958009
4722.0500 0.42766081
4722.1000 0.43574154
4722.1500 0.44382227
4722.2000 0.44624354
4722.2500 0.44663798
4722.3000 0.44703242
4722.3500 0.44742686
4722.4000 0.46407888
4722.4500 0.50537032
4722.5000 0.54666176
4722.5500 0.58795319
4722.6000 0.62583897
4722.6500 0.61021109
4722.7000 0.59458321
4722.7500 0.57895533
4722.8000 0.56332745
4722.8500 0.57770313
4722.9000 0.60356075
4722.9500 0.62941837
4723.0000 0.65527598
4723.0500 0.66331643
4723.1000 0.64321995
4723.1500 0.62312348
4723.2000 0.603027
4723.2500 0.585174
4723.3000 0.60717422
4723.3500 0.62917444
4723.4000 0.65117466
4723.4500 0.67317488
4723.5000 0.64860642
4723.5500 0.60592443
4723.6000 0.56324244
4723.6500 0.52056045
4723.7000 0.50427679
4723.7500 0.52968086
4723.8000 0.55508493
4723.8500 0.58048899
4723.9000 0.60191285
4723.9500 0.55695927
4724.0000 0.51200568
4724.0500 0.46705209
4724.1000 0.4220985
4724.1500 0.42534672
4724.2000 0.44673978
4724.2500 0.46813285
4724.3000 0.48952592
4724.3500 0.49294606
4724.4000 0.46913003
4724.4500 0.44531399
4724.5000 0.42149796
4724.5500 0.40337072
4724.6000 0.46119486
4724.6500 0.51901899
4724.7000 0.57684313
4724.7500 0.63466726
4724.8000 0.64598776
4724.8500 0.64121497
4724.9000 0.63644217
4724.9500 0.63166938
4725.0000 0.63190901
4725.0500 0.63914992
4725.1000 0.64639082
4725.1500 0.65363173
4725.2000 0.65740623
4725.2500 0.62722924
4725.3000 0.59705225
4725.3500 0.56687525
4725.4000 0.53669826
4725.4500 0.54152699
4725.5000 0.55686213
4725.5500 0.57219727
4725.6000 0.5875324
4725.6500 0.58949375
4725.7000 0.57489378
4725.7500 0.56029381
4725.8000 0.54569384
4725.8500 0.53911788
4725.9000 0.58847255
4725.9500 0.63782722
4726.0000 0.68718189
4726.0500 0.73653655
4726.1000 0.71976301
4726.1500 0.68699806
4726.2000 0.6542331
4726.2500 0.62146814
4726.3000 0.60176895
4726.3500 0.59587899
4726.4000 0.58998902
4726.4500 0.58409906
4726.5000 0.57904924
4726.5500 0.57815511
4726.6000 0.57726098
4726.6500 0.57636685
4726.7000 0.57547272
4726.7500 0.56274867
4726.8000 0.54795772
4726.8500 0.53316677
4726.9000 0.51837582
4726.9500 0.51344063
4727.0000 0.51705556
4727.0500 0.52067049
4727.1000 0.52428542
4727.1500 0.5295882
4727.2000 0.54084844
4727.2500 0.55210869
4727.3000 0.56336893
4727.3500 0.57462917
4727.4000 0.58867956
4727.4500 0.60301545
4727.5000 0.61735134
4727.5500 0.63168724
4727.6000 0.62457293
4727.6500 0.60283832
4727.7000 0.58110371
4727.7500 0.5593691
4727.8000 0.54420926
4727.8500 0.54568402
4727.9000 0.54715878
4727.9500 0.54863354
4728.0000 0.5501083
4728.0500 0.54816587
4728.1000 0.54612858
4728.1500 0.5440913
4728.2000 0.54205401
4728.2500 0.5612784
4728.3000 0.59127117
4728.3500 0.62126395
4728.4000 0.65125673
4728.4500 0.65614861
4728.5000 0.61557799
4728.5500 0.57500737
4728.6000 0.53443675
4728.6500 0.49601556
4728.7000 0.49954172
4728.7500 0.50306789
4728.8000 0.50659405
4728.8500 0.51012022
4728.9000 0.52385975
4728.9500 0.54113443
4729.0000 0.5584091
4729.0500 0.57568377
4729.1000 0.59947378
4729.1500 0.63162008
4729.2000 0.66376638
4729.2500 0.69591268
4729.3000 0.71411778
4729.3500 0.64257006
4729.4000 0.57102235
4729.4500 0.49947463
4729.5000 0.42792691
4729.5500 0.43945884
4729.6000 0.46777928
4729.6500 0.49609973
4729.7000 0.52442017
4729.7500 0.53645142
4729.8000 0.53406353
4729.8500 0.53167564
4729.9000 0.52928775
4729.9500 0.52517918
4730.0000 0.51531371
4730.0500 0.50544824
4730.1000 0.49558277
4730.1500 0.4857173
4730.2000 0.49153089
4730.2500 0.49850858
4730.3000 0.50548628
4730.3500 0.51246398
4730.4000 0.51726222
4730.4500 0.52079559
4730.5000 0.52432896
4730.5500 0.52786233
4730.6000 0.5302116
4730.6500 0.53021837
4730.7000 0.53022513
4730.7500 0.53023189
4730.8000 0.52994143
4730.8500 0.52249194
4730.9000 0.51504245
4730.9500 0.50759296
4731.0000 0.50014347
4731.0500 0.49106368
4731.1000 0.4814261
4731.1500 0.47178852
4731.2000 0.46215094
4731.2500 0.46342072
4731.3000 0.47794632
4731.3500 0.49247191
4731.4000 0.50699751
4731.4500 0.51820316
4731.5000 0.51182789
4731.5500 0.50545262
4731.6000 0.49907736
4731.6500 0.49270209
4731.7000 0.50010061
4731.7500 0.50960484
4731.8000 0.51910906
4731.8500 0.52861328
4731.9000 0.52394165
4731.9500 0.50888024
4732.0000 0.49381883
4732.0500 0.47875742
4732.1000 0.46349954
4732.1500 0.44775555
4732.2000 0.43201157
4732.2500 0.41626758
4732.3000 0.40052359
4732.3500 0.40288549
4732.4000 0.40525218
4732.4500 0.40761888
4732.5000 0.40998558
4732.5500 0.42655544
4732.6000 0.44884956
4732.6500 0.47114368
4732.7000 0.4934378
4732.7500 0.50941644
4732.8000 0.51691576
4732.8500 0.52441507
4732.9000 0.53191438
4732.9500 0.53903051
4733.0000 0.54383355
4733.0500 0.54863659
4733.1000 0.55343963
4733.1500 0.55824267
4733.2000 0.54994119
4733.2500 0.53947931
4733.3000 0.52901744
4733.3500 0.51855556
4733.4000 0.50937385
4733.4500 0.50113466
4733.5000 0.49289547
4733.5500 0.48465629
4733.6000 0.47944842
4733.6500 0.48150073
4733.7000 0.48355304
4733.7500 0.48560535
4733.8000 0.48772623
4733.8500 0.49458697
4733.9000 0.50144771
4733.9500 0.50830845
4734.0000 0.5151692
4734.0500 0.51859783
4734.1000 0.52078965
4734.1500 0.52298147
4734.2000 0.52517329
4734.2500 0.52215189
4734.3000 0.51293749
4734.3500 0.50372308
4734.4000 0.49450867
4734.4500 0.4887276
4734.5000 0.49857402
4734.5500 0.50842044
4734.6000 0.51826686
4734.6500 0.52811328
4734.7000 0.52927015
4734.7500 0.52950765
4734.8000 0.52974514
4734.8500 0.52998264
4734.9000 0.52333839
4734.9500 0.51264622
4735.0000 0.50195404
4735.0500 0.49126187
4735.1000 0.48955131
4735.1500 0.50408272
4735.2000 0.51861413
4735.2500 0.53314554
4735.3000 0.54657092
4735.3500 0.54787925
4735.4000 0.54918758
4735.4500 0.55049591
4735.5000 0.55180424
4735.5500 0.55337513
4735.6000 0.55500668
4735.6500 0.55663823
4735.7000 0.55826978
4735.7500 0.55190921
4735.8000 0.53879903
4735.8500 0.52568884
4735.9000 0.51257865
4735.9500 0.49782467
4736.0000 0.47869498
4736.0500 0.45956529
4736.1000 0.44043559
4736.1500 0.4215749
4736.2000 0.45478369
4736.2500 0.48799248
4736.3000 0.52120127
4736.3500 0.55441006
4736.4000 0.54766475
4736.4500 0.52675916
4736.5000 0.50585358
4736.5500 0.484948
4736.6000 0.47943992
4736.6500 0.49111193
4736.7000 0.50278394
4736.7500 0.51445596
4736.8000 0.52734736
4736.8500 0.54487951
4736.9000 0.56241165
4736.9500 0.5799438
4737.0000 0.59747595
4737.0500 0.58944938
4737.1000 0.57992527
4737.1500 0.57040116
4737.2000 0.56087704
4737.2500 0.56269771
4737.3000 0.56979968
4737.3500 0.57690166
4737.4000 0.58400363
4737.4500 0.58231636
4737.5000 0.56854988
4737.5500 0.55478339
4737.6000 0.54101691
4737.6500 0.52624766
4737.7000 0.50625782
4737.7500 0.48626798
4737.8000 0.46627814
4737.8500 0.4462883
4737.9000 0.45621389
4737.9500 0.46938182
4738.0000 0.48254975
4738.0500 0.49571769
4738.1000 0.5039002
4738.1500 0.50933197
4738.2000 0.51476374
4738.2500 0.52019551
4738.3000 0.52275854
4738.3500 0.52079243
4738.4000 0.51882631
4738.4500 0.5168602
4738.5000 0.5150725
4738.5500 0.51445535
4738.6000 0.51383821
4738.6500 0.51322107
4738.7000 0.51260393
4738.7500 0.49094016
4738.8000 0.46634833
4738.8500 0.4417565
4738.9000 0.41716466
4738.9500 0.40977518
4739.0000 0.41272417
4739.0500 0.41567317
4739.1000 0.41862217
4739.1500 0.4367515
4739.2000 0.48045411
4739.2500 0.52415672
4739.3000 0.56785933
4739.3500 0.60437115
4739.4000 0.58889148
4739.4500 0.57341182
4739.5000 0.55793216
4739.5500 0.5424525
4739.6000 0.53336196
4739.6500 0.52521223
4739.7000 0.5170625
4739.7500 0.50891276
4739.8000 0.50267092
4739.8500 0.49758395
4739.9000 0.49249698
4739.9500 0.48741001
4740.0000 0.49391141
4740.0500 0.519698
4740.1000 0.54548459
4740.1500 0.57127118
4740.2000 0.59189746
4740.2500 0.57765167
4740.3000 0.56340589
4740.3500 0.54916011
4740.4000 0.53491433
4740.4500 0.53930223
4740.5000 0.54614493
4740.5500 0.55298763
4740.6000 0.55983034
4740.6500 0.55173716
4740.7000 0.53522154
4740.7500 0.51870592
4740.8000 0.5021903
4740.8500 0.49270301
4740.9000 0.49391817
4740.9500 0.49513332
4741.0000 0.49634848
4741.0500 0.49887673
4741.1000 0.50859104
4741.1500 0.51830535
4741.2000 0.52801967
4741.2500 0.53773398
4741.3000 0.52982665
4741.3500 0.52025584
4741.4000 0.51068504
4741.4500 0.50111423
4741.5000 0.4953084
4741.5500 0.49132254
4741.6000 0.48733668
4741.6500 0.48335082
4741.7000 0.48232855
4741.7500 0.4851453
4741.8000 0.48796206
4741.8500 0.49077882
4741.9000 0.49563514
4741.9500 0.50873602
4742.0000 0.52183691
4742.0500 0.53493779
4742.1000 0.54803868
4742.1500 0.54657246
4742.2000 0.54453288
4742.2500 0.5424933
4742.3000 0.54045372
4742.3500 0.53090788
4742.4000 0.51854448
4742.4500 0.50618109
4742.5000 0.49381769
4742.5500 0.49202119
4742.6000 0.501084
4742.6500 0.51014681
4742.7000 0.51920961
4742.7500 0.52261945
4742.8000 0.50997459
4742.8500 0.49732974
4742.9000 0.48468489
4742.9500 0.47252715
4743.0000 0.47679896
4743.0500 0.48107077
4743.1000 0.48534257
4743.1500 0.48961438
4743.2000 0.50222139
4743.2500 0.51693409
4743.3000 0.5316468
4743.3500 0.54635951
4743.4000 0.55092188
4743.4500 0.54779548
4743.5000 0.54466908
4743.5500 0.54154268
4743.6000 0.53787499
4743.6500 0.53316035
4743.7000 0.52844571
4743.7500 0.52373107
4743.8000 0.51895161
4743.8500 0.51366727
4743.9000 0.50838293
4743.9500 0.50309858
4744.0000 0.49781424
4744.0500 0.51425956
4744.1000 0.53344873
4744.1500 0.5526379
4744.2000 0.57182707
4744.2500 0.56900422
4744.3000 0.55499994
4744.3500 0.54099566
4744.4000 0.52699138
4744.4500 0.51499439
4744.5000 0.5055568
4744.5500 0.49611921
4744.6000 0.48668163
4744.6500 0.48122117
4744.7000 0.49010247
4744.7500 0.49898377
4744.8000 0.50786508
4744.8500 0.51674638
4744.9000 0.51119556
4744.9500 0.505584
4745.0000 0.49997244
4745.0500 0.49436089
4745.1000 0.49232659
4745.1500 0.49132689
4745.2000 0.49032719
4745.2500 0.48932749
4745.3000 0.49226534
4745.3500 0.49833906
4745.4000 0.50441277
4745.4500 0.51048648
4745.5000 0.51429929
4745.5500 0.51370022
4745.6000 0.51310115
4745.6500 0.51250208
4745.7000 0.51229947
4745.7500 0.51494651
4745.8000 0.51759355
4745.8500 0.52024058
4745.9000 0.52288762
4745.9500 0.52241233
4746.0000 0.52161533
4746.0500 0.52081834
4746.1000 0.52002135
4746.1500 0.51988068
4746.2000 0.52003185
4746.2500 0.52018302
4746.3000 0.52033419
4746.3500 0.51583226
4746.4000 0.50626865
4746.4500 0.49670504
4746.5000 0.48714144
4746.5500 0.482596
4746.6000 0.49183467
4746.6500 0.50107334
4746.7000 0.51031201
4746.7500 0.51915298
4746.8000 0.52128563
4746.8500 0.52341827
4746.9000 0.52555092
4746.9500 0.52768357
4747.0000 0.52642008
4747.0500 0.52453931
4747.1000 0.52265855
4747.1500 0.52077778
4747.2000 0.51941207
4747.2500 0.51833914
4747.3000 0.51726621
4747.3500 0.51619327
4747.4000 0.51035962
4747.4500 0.49821843
4747.5000 0.48607724
4747.5500 0.47393605
4747.6000 0.46520684
4747.6500 0.4683098
4747.7000 0.47141276
4747.7500 0.47451572
4747.8000 0.47767523
4747.8500 0.48380528
4747.9000 0.48993532
4747.9500 0.49606537
4748.0000 0.50219542
4748.0500 0.49547105
4748.1000 0.48582288
4748.1500 0.4761747
4748.2000 0.46652652
4748.2500 0.47067922
4748.3000 0.48358643
4748.3500 0.49649364
4748.4000 0.50940084
4748.4500 0.51747912
4748.5000 0.51861415
4748.5500 0.51974919
4748.6000 0.52088423
4748.6500 0.52202777
4748.7000 0.52320337
4748.7500 0.52437896
4748.8000 0.52555456
4748.8500 0.52661401
4748.9000 0.51656062
4748.9500 0.50650723
4749.0000 0.49645384
4749.0500 0.48640045
4749.1000 0.48372883
4749.1500 0.48276452
4749.2000 0.48180022
4749.2500 0.48083591
4749.3000 0.48908578
4749.3500 0.50310064
4749.4000 0.51711551
4749.4500 0.53113038
4749.5000 0.53432762
4749.5500 0.52254133
4749.6000 0.51075504
4749.6500 0.49896876
4749.7000 0.48760755
4749.7500 0.47771414
4749.8000 0.46782074
4749.8500 0.45792733
4749.9000 0.44920928
4749.9500 0.47719099
4750.0000 0.50517269
4750.0500 0.5331544
4750.1000 0.56113611
4750.1500 0.55463386
4750.2000 0.54149763
4750.2500 0.52836141
4750.3000 0.51522518
4750.3500 0.5084586
4750.4000 0.5051604
4750.4500 0.5018622
4750.5000 0.498564
4750.5500 0.50245062
4750.6000 0.51486007
4750.6500 0.52726953
4750.7000 0.53967899
4750.7500 0.54850457
4750.8000 0.54756778
4750.8500 0.54663099
4750.9000 0.5456942
4750.9500 0.54417066
4751.0000 0.5359739
4751.0500 0.52777714
4751.1000 0.51958038
4751.1500 0.51138363
4751.2000 0.51199841
4751.2500 0.51365494
4751.3000 0.51531147
4751.3500 0.51696799
4751.4000 0.513157
4751.4500 0.50710083
4751.5000 0.50104466
4751.5500 0.49498849
4751.6000 0.48420232
4751.6500 0.46913127
4751.7000 0.45406023
4751.7500 0.43898919
4751.8000 0.43601232
4751.8500 0.45634075
4751.9000 0.47666918
4751.9500 0.49699761
4752.0000 0.51563398
4752.0500 0.52537229
4752.1000 0.5351106
4752.1500 0.5448489
4752.2000 0.55458721
4752.2500 0.54846261
4752.3000 0.541999
4752.3500 0.53553538
4752.4000 0.52907177
4752.4500 0.53227403
4752.5000 0.53789965
4752.5500 0.54352527
4752.6000 0.5491509
4752.6500 0.54123875
4752.7000 0.52507087
4752.7500 0.50890298
4752.8000 0.4927351
4752.8500 0.48618558
4752.9000 0.49168094
4752.9500 0.4971763
4753.0000 0.50267166
4753.0500 0.50597544
4753.1000 0.5032926
4753.1500 0.50060976
4753.2000 0.49792692
4753.2500 0.49540521
4753.3000 0.49445246
4753.3500 0.49349972
4753.4000 0.49254697
4753.4500 0.49159422
4753.5000 0.50095517
4753.5500 0.51121952
4753.6000 0.52148386
4753.6500 0.53174821
4753.7000 0.5204317
4753.7500 0.50180468
4753.8000 0.48317767
4753.8500 0.46455066
4753.9000 0.46636157
4753.9500 0.48323908
4754.0000 0.50011659
4754.0500 0.5169941
4754.1000 0.52389674
4754.1500 0.516175
4754.2000 0.50845326
4754.2500 0.50073153
4754.3000 0.49429635
4754.3500 0.49201412
4754.4000 0.48973188
4754.4500 0.48744964
4754.5000 0.48501337
4754.5500 0.48048993
4754.6000 0.4759665
4754.6500 0.47144306
4754.7000 0.46691963
4754.7500 0.476195
4754.8000 0.48696775
4754.8500 0.4977405
4754.9000 0.50851325
4754.9500 0.51539422
4755.0000 0.520884
4755.0500 0.52637378
4755.1000 0.53186356
4755.1500 0.5228212
4755.2000 0.50292296
4755.2500 0.48302471
4755.3000 0.46312647
4755.3500 0.45880549
4755.4000 0.47696407
4755.4500 0.49512265
4755.5000 0.51328123
4755.5500 0.52337777
4755.6000 0.50895053
4755.6500 0.49452329
4755.7000 0.48009604
4755.7500 0.46825115
4755.8000 0.48361484
4755.8500 0.49897853
4755.9000 0.51434222
4755.9500 0.52970591
4756.0000 0.52090852
4756.0500 0.51021229
4756.1000 0.49951606
4756.1500 0.48881983
4756.2000 0.48703681
4756.2500 0.4879347
4756.3000 0.48883259
4756.3500 0.48973048
4756.4000 0.4840463
4756.4500 0.47418187
4756.5000 0.46431745
4756.5500 0.45445302
4756.6000 0.45581118
4756.6500 0.47058022
4756.7000 0.48534926
4756.7500 0.50011829
4756.8000 0.51139196
4756.8500 0.5145393
4756.9000 0.51768664
4756.9500 0.52083398
4757.0000 0.52218834
4757.0500 0.51314902
4757.1000 0.50410969
4757.1500 0.49507037
4757.2000 0.48603104
4757.2500 0.49913553
4757.3000 0.51235861
4757.3500 0.52558169
4757.4000 0.53880477
4757.4500 0.52413053
4757.5000 0.50427654
4757.5500 0.48442256
4757.6000 0.46456858
4757.6500 0.46158827
4757.7000 0.4660718
4757.7500 0.47055532
4757.8000 0.47503885
4757.8500 0.47944147
4757.9000 0.4837764
4757.9500 0.48811132
4758.0000 0.49244625
4758.0500 0.49472348
4758.1000 0.49387149
4758.1500 0.49301951
4758.2000 0.49216752
4758.2500 0.48983338
4758.3000 0.48305711
4758.3500 0.47628083
4758.4000 0.46950456
4758.4500 0.46386275
4758.5000 0.4679069
4758.5500 0.47195106
4758.6000 0.47599521
4758.6500 0.48003936
4758.7000 0.48133918
4758.7500 0.48252672
4758.8000 0.48371426
4758.8500 0.4849018
4758.9000 0.49298649
4758.9500 0.50260853
4759.0000 0.51223057
4759.0500 0.52185261
4759.1000 0.52186814
4759.1500 0.51727849
4759.2000 0.51268883
4759.2500 0.50809917
4759.3000 0.510806
4759.3500 0.51984511
4759.4000 0.52888422
4759.4500 0.53792333
4759.5000 0.54073379
4759.5500 0.5340432
4759.6000 0.5273526
4759.6500 0.52066201
4759.7000 0.51783862
4759.7500 0.5261502
4759.8000 0.53446177
4759.8500 0.54277334
4759.9000 0.54904523
4759.9500 0.54046706
4760.0000 0.53188888
4760.0500 0.5233107
4760.1000 0.51473253
4760.1500 0.52394962
4760.2000 0.53343872
4760.2500 0.54292783
4760.3000 0.55241693
4760.3500 0.54486249
4760.4000 0.53430785
4760.4500 0.52375321
4760.5000 0.51319856
4760.5500 0.51503528
4760.6000 0.5217657
4760.6500 0.52849612
4760.7000 0.53522653
4760.7500 0.53569213
4760.8000 0.5317069
4760.8500 0.52772166
4760.9000 0.52373643
4760.9500 0.51481243
4761.0000 0.49993915
4761.0500 0.48506586
4761.1000 0.47019258
4761.1500 0.46630176
4761.2000 0.48535193
4761.2500 0.50440209
4761.3000 0.52345226
4761.3500 0.53626902
4761.4000 0.52336712
4761.4500 0.51046522
4761.5000 0.49756333
4761.5500 0.48526135
4761.6000 0.48123069
4761.6500 0.47720003
4761.7000 0.47316937
4761.7500 0.46913871
4761.8000 0.48087025
4761.8500 0.49358364
4761.9000 0.50629703
4761.9500 0.51901042
4762.0000 0.50645035
4762.0500 0.48820251
4762.1000 0.46995468
4762.1500 0.45170684
4762.2000 0.45697205
4762.2500 0.47268176
4762.3000 0.48839147
4762.3500 0.50410118
4762.4000 0.50487692
4762.4500 0.49437533
4762.5000 0.48387375
4762.5500 0.47337217
4762.6000 0.4726985
4762.6500 0.48412047
4762.7000 0.49554244
4762.7500 0.50696441
4762.8000 0.51217682
4762.8500 0.50466771
4762.9000 0.49715859
4762.9500 0.48964947
4763.0000 0.48610568
4763.0500 0.49757527
4763.1000 0.50904486
4763.1500 0.52051445
4763.2000 0.53030694
4763.2500 0.5233596
4763.3000 0.51641225
4763.3500 0.50946491
4763.4000 0.50251756
4763.4500 0.49271899
4763.5000 0.48284549
4763.5500 0.472972
4763.6000 0.4630985
4763.6500 0.46166012
4763.7000 0.4616072
4763.7500 0.46155428
4763.8000 0.46150136
4763.8500 0.46144269
4763.9000 0.46138205
4763.9500 0.46132141
4764.0000 0.46126077
4764.0500 0.46719628
4764.1000 0.47662934
4764.1500 0.48606241
4764.2000 0.49549548
4764.2500 0.49934775
4764.3000 0.49804295
4764.3500 0.49673815
4764.4000 0.49543336
4764.4500 0.49333861
4764.5000 0.49010274
4764.5500 0.48686687
4764.6000 0.483631
4764.6500 0.47723961
4764.7000 0.46347205
4764.7500 0.44970449
4764.8000 0.43593693
4764.8500 0.42453466
4764.9000 0.42312654
4764.9500 0.42171842
4765.0000 0.4203103
4765.0500 0.42093597
4765.1000 0.44364359
4765.1500 0.46635121
4765.2000 0.48905884
4765.2500 0.51176646
4765.3000 0.49664126
4765.3500 0.48068477
4765.4000 0.46472828
4765.4500 0.4487718
4765.5000 0.45240843
4765.5500 0.45887297
4765.6000 0.46533752
4765.6500 0.47180206
4765.7000 0.46661519
4765.7500 0.45795691
4765.8000 0.44929862
4765.8500 0.44064034
4765.9000 0.44715839
4765.9500 0.46121101
4766.0000 0.47526363
4766.0500 0.48931625
4766.1000 0.49212968
4766.1500 0.48636838
4766.2000 0.48060708
4766.2500 0.47484578
4766.3000 0.47472855
4766.3500 0.48104159
4766.4000 0.48735464
4766.4500 0.49366768
4766.5000 0.49617082
4766.5500 0.492155
4766.6000 0.48813918
4766.6500 0.48412336
4766.7000 0.47965658
4766.7500 0.47397971
4766.8000 0.46830284
4766.8500 0.46262597
4766.9000 0.45899772
4766.9500 0.4650057
4767.0000 0.47101368
4767.0500 0.47702166
4767.1000 0.48328998
4767.1500 0.49253718
4767.2000 0.50178438
4767.2500 0.51103158
4767.3000 0.52027878
4767.3500 0.51087881
4767.4000 0.50122622
4767.4500 0.49157364
4767.5000 0.48192105
4767.5500 0.49232211
4767.6000 0.50509818
4767.6500 0.51787425
4767.7000 0.53065032
4767.7500 0.52543764
4767.8000 0.51580606
4767.8500 0.50617448
4767.9000 0.4965429
4767.9500 0.4886733
4768.0000 0.48151399
4768.0500 0.47435468
4768.1000 0.46719537
4768.1500 0.46792061
4768.2000 0.4734006
4768.2500 0.47888059
4768.3000 0.48436058
4768.3500 0.48858874
4768.4000 0.49173386
4768.4500 0.49487898
4768.5000 0.49802409
4768.5500 0.49825983
4768.6000 0.49493519
4768.6500 0.49161055
4768.7000 0.48828591
4768.7500 0.48410133
4768.8000 0.47841714
4768.8500 0.47273296
4768.9000 0.46704877
4768.9500 0.46216292
4769.0000 0.45932555
4769.0500 0.45648818
4769.1000 0.45365081
4769.1500 0.45232237
4769.2000 0.45712013
4769.2500 0.46191789
4769.3000 0.46671565
4769.3500 0.47180326
4769.4000 0.47909878
4769.4500 0.48639431
4769.5000 0.49368983
4769.5500 0.50063172
4769.6000 0.49801593
4769.6500 0.49540014
4769.7000 0.49278435
4769.7500 0.49016857
4769.8000 0.48092116
4769.8500 0.47137239
4769.9000 0.46182362
4769.9500 0.45227485
4770.0000 0.46660418
4770.0500 0.48423268
4770.1000 0.50186119
4770.1500 0.51948969
4770.2000 0.52004155
4770.2500 0.51637479
4770.3000 0.51270803
4770.3500 0.50904126
4770.4000 0.50318021
4770.4500 0.49649273
4770.5000 0.48980525
4770.5500 0.48311777
4770.6000 0.47802951
4770.6500 0.47379427
4770.7000 0.46955903
4770.7500 0.46532378
4770.8000 0.4748382
4770.8500 0.49434588
4770.9000 0.51385357
4770.9500 0.53336125
4771.0000 0.53354671
4771.0500 0.51496496
4771.1000 0.4963832
4771.1500 0.47780144
4771.2000 0.47268318
4771.2500 0.48493228
4771.3000 0.49718138
4771.3500 0.50943049
4771.4000 0.51431788
4771.4500 0.50652511
4771.5000 0.49873233
4771.5500 0.49093955
4771.6000 0.48479013
4771.6500 0.48249044
4771.7000 0.48019075
4771.7500 0.47789106
4771.8000 0.47773878
4771.8500 0.48468546
4771.9000 0.49163214
4771.9500 0.49857882
4772.0000 0.50478708
4772.0500 0.50730001
4772.1000 0.50981294
4772.1500 0.51232588
4772.2000 0.51346737
4772.2500 0.50254465
4772.3000 0.49162192
4772.3500 0.4806992
4772.4000 0.47020901
4772.4500 0.47042586
4772.5000 0.47064271
4772.5500 0.47085956
4772.6000 0.47107641
4772.6500 0.47206283
4772.7000 0.47306753
4772.7500 0.47407222
4772.8000 0.47507691
4772.8500 0.47437703
4772.9000 0.47352089
4772.9500 0.47266474
4773.0000 0.4718086
4773.0500 0.47288937
4773.1000 0.47429476
4773.1500 0.47570015
4773.2000 0.47710554
4773.2500 0.47644737
4773.3000 0.47526727
4773.3500 0.47408717
4773.4000 0.47290707
4773.4500 0.47441081
4773.5000 0.47685252
4773.5500 0.47929422
4773.6000 0.48173593
4773.6500 0.48034523
4773.7000 0.47719343
4773.7500 0.47404163
4773.8000 0.47088983
4773.8500 0.48352069
4773.9000 0.50540044
4773.9500 0.52728019
4774.0000 0.54915994
4774.0500 0.55154955
4774.1000 0.53965671
4774.1500 0.52776388
4774.2000 0.51587104
4774.2500 0.50862323
4774.3000 0.50557938
4774.3500 0.50253553
4774.4000 0.49949169
4774.4500 0.50623262
4774.5000 0.52383288
4774.5500 0.54143314
4774.6000 0.5590334
4774.6500 0.56615054
4774.7000 0.55904172
4774.7500 0.5519329
4774.8000 0.54482409
4774.8500 0.53825193
4774.9000 0.53257124
4774.9500 0.52689054
4775.0000 0.52120985
4775.0500 0.51373593
4775.1000 0.50259702
4775.1500 0.49145812
4775.2000 0.48031922
4775.2500 0.47455035
4775.3000 0.48241863
4775.3500 0.49028691
4775.4000 0.49815519
4775.4500 0.5034148
4775.5000 0.50031086
4775.5500 0.49720692
4775.6000 0.49410298
4775.6500 0.49406395
4775.7000 0.50674121
4775.7500 0.51941847
4775.8000 0.53209573
4775.8500 0.54124505
4775.9000 0.5306985
4775.9500 0.52015195
4776.0000 0.50960541
4776.0500 0.49933153
4776.1000 0.4912449
4776.1500 0.48315828
4776.2000 0.47507165
4776.2500 0.46768969
4776.3000 0.46952553
4776.3500 0.47136137
4776.4000 0.47319722
4776.4500 0.47506187
4776.5000 0.4777861
4776.5500 0.48051033
4776.6000 0.48323457
4776.6500 0.4859588
4776.7000 0.46765979
4776.7500 0.44925679
4776.8000 0.43085378
4776.8500 0.41245078
4776.9000 0.43367238
4776.9500 0.45658947
4777.0000 0.47950656
4777.0500 0.50242366
4777.1000 0.50432929
4777.1500 0.50450907
4777.2000 0.50468886
4777.2500 0.50486864
4777.3000 0.49151293
4777.3500 0.47649225
4777.4000 0.46147157
4777.4500 0.4464509
4777.5000 0.45310819
4777.5500 0.46335096
4777.6000 0.47359374
4777.6500 0.48383651
4777.7000 0.49231849
4777.7500 0.50043195
4777.8000 0.5085454
4777.8500 0.51665886
4777.9000 0.50791092
4777.9500 0.49486893
4778.0000 0.48182695
4778.0500 0.46878496
4778.1000 0.47961036
4778.1500 0.49763106
4778.2000 0.51565176
4778.2500 0.53367246
4778.3000 0.52989909
4778.3500 0.51850584
4778.4000 0.50711259
4778.4500 0.49571934
4778.5000 0.49113719
4778.5500 0.48927303
4778.6000 0.48740888
4778.6500 0.48554473
4778.7000 0.49054451
4778.7500 0.49863041
4778.8000 0.50671631
4778.8500 0.51480221
4778.9000 0.51453806
4778.9500 0.51008925
4779.0000 0.50564045
4779.0500 0.50119164
4779.1000 0.50117948
4779.1500 0.50362291
4779.2000 0.50606635
4779.2500 0.50850979
4779.3000 0.50177762
4779.3500 0.48948169
4779.4000 0.47718575
4779.4500 0.46488981
4779.5000 0.46844911
4779.5500 0.48246554
4779.6000 0.49648197
4779.6500 0.5104984
4779.7000 0.5164222
4779.7500 0.51657855
4779.8000 0.5167349
4779.8500 0.51689126
4779.9000 0.51977653
4779.9500 0.52475065
4780.0000 0.52972477
4780.0500 0.53469889
4780.1000 0.53280374
4780.1500 0.52529349
4780.2000 0.51778324
4780.2500 0.51027299
4780.3000 0.5099143
4780.3500 0.51576453
4780.4000 0.52161475
4780.4500 0.52746498
4780.5000 0.53166807
4780.5500 0.53436031
4780.6000 0.53705254
4780.6500 0.53974478
4780.7000 0.53650564
4780.7500 0.52754774
4780.8000 0.51858984
4780.8500 0.50963194
4780.9000 0.50225715
4780.9500 0.49647867
4781.0000 0.49070019
4781.0500 0.48492171
4781.1000 0.47427987
4781.1500 0.45853496
4781.2000 0.44279006
4781.2500 0.42704515
4781.3000 0.43490354
4781.3500 0.46840621
4781.4000 0.50190887
4781.4500 0.53541153
4781.5000 0.5448996
4781.5500 0.52750604
4781.6000 0.51011248
4781.6500 0.49271893
4781.7000 0.48047871
4781.7500 0.47415227
4781.8000 0.46782583
4781.8500 0.46149939
4781.9000 0.45975494
4781.9500 0.46337404
4782.0000 0.46699314
4782.0500 0.47061224
4782.1000 0.4752767
4782.1500 0.4811831
4782.2000 0.4870895
4782.2500 0.4929959
4782.3000 0.49242411
4782.3500 0.48408016
4782.4000 0.47573621
4782.4500 0.46739225
4782.5000 0.46151548
4782.5500 0.45861271
4782.6000 0.45570993
4782.6500 0.45280716
4782.7000 0.45236992
4782.7500 0.45490369
4782.8000 0.45743745
4782.8500 0.45997122
4782.9000 0.46055117
4782.9500 0.45878947
4783.0000 0.45702776
4783.0500 0.45526605
4783.1000 0.45582512
4783.1500 0.45913668
4783.2000 0.46244823
4783.2500 0.46575979
4783.3000 0.46834717
4783.3500 0.47008893
4783.4000 0.47183068
4783.4500 0.47357243
4783.5000 0.47608633
4783.5500 0.47948353
4783.6000 0.48288074
4783.6500 0.48627795
4783.7000 0.48359625
4783.7500 0.47413621
4783.8000 0.46467617
4783.8500 0.45521613
4783.9000 0.45569136
4783.9500 0.46691108
4784.0000 0.47813079
4784.0500 0.48935051
4784.1000 0.49143499
4784.1500 0.48398582
4784.2000 0.47653664
4784.2500 0.46908747
4784.3000 0.47015339
4784.3500 0.47975197
4784.4000 0.48935055
4784.4500 0.49894913
4784.5000 0.49861469
4784.5500 0.48877116
4784.6000 0.47892762
4784.6500 0.46908408
4784.7000 0.47453163
4784.7500 0.4938929
4784.8000 0.51325418
4784.8500 0.53261546
4784.9000 0.53501334
4784.9500 0.52281614
4785.0000 0.51061894
4785.0500 0.49842174
4785.1000 0.48977249
4785.1500 0.48399429
4785.2000 0.47821608
4785.2500 0.47243788
4785.3000 0.47189543
4785.3500 0.47531573
4785.4000 0.47873603
4785.4500 0.48215633
4785.5000 0.48423622
4785.5500 0.48537276
4785.6000 0.4865093
4785.6500 0.48764584
4785.7000 0.48740575
4785.7500 0.48627034
4785.8000 0.48513493
4785.8500 0.48399953
4785.9000 0.47347565
4785.9500 0.45734724
4786.0000 0.44121882
4786.0500 0.4250904
4786.1000 0.41752614
4786.1500 0.41461976
4786.2000 0.41171338
4786.2500 0.40880699
4786.3000 0.41664842
4786.3500 0.42977124
4786.4000 0.44289406
4786.4500 0.45601687
4786.5000 0.46236619
4786.5500 0.46573704
4786.6000 0.46910788
4786.6500 0.47247873
4786.7000 0.48327424
4786.7500 0.49695843
4786.8000 0.51064262
4786.8500 0.52432681
4786.9000 0.52367451
4786.9500 0.51815396
4787.0000 0.51263342
4787.0500 0.50711287
4787.1000 0.50153737
4787.1500 0.49594586
4787.2000 0.49035434
4787.2500 0.48476282
4787.3000 0.47246556
4787.3500 0.45852852
4787.4000 0.44459148
4787.4500 0.43065444
4787.5000 0.43646874
4787.5500 0.44621659
4787.6000 0.45596443
4787.6500 0.46571228
4787.7000 0.46769709
4787.7500 0.46847654
4787.8000 0.469256
4787.8500 0.47003546
4787.9000 0.47801541
4787.9500 0.48680833
4788.0000 0.49560125
4788.0500 0.50439417
4788.1000 0.48940733
4788.1500 0.4727066
4788.2000 0.45600588
4788.2500 0.43930515
4788.3000 0.44959918
4788.3500 0.46077794
4788.4000 0.47195671
4788.4500 0.4830744
4788.5000 0.48211788
4788.5500 0.48116137
4788.6000 0.48020485
4788.6500 0.47880826
4788.7000 0.4676348
4788.7500 0.45646135
4788.8000 0.4452879
4788.8500 0.43462599
4788.9000 0.42966148
4788.9500 0.42469697
4789.0000 0.41973246
4789.0500 0.41614208
4789.1000 0.42235147
4789.1500 0.42856085
4789.2000 0.43477024
4789.2500 0.44178595
4789.3000 0.45288685
4789.3500 0.46398775
4789.4000 0.47508864
4789.4500 0.48642582
4789.5000 0.49866277
4789.5500 0.51089972
4789.6000 0.52313668
4789.6500 0.52814383
4789.7000 0.51173657
4789.7500 0.49532931
4789.8000 0.47892205
4789.8500 0.47032802
4789.9000 0.4801314
4789.9500 0.48993478
4790.0000 0.49973816
4790.0500 0.5026846
4790.1000 0.49261658
4790.1500 0.48254856
4790.2000 0.47248053
4790.2500 0.46622623
4790.3000 0.46585454
4790.3500 0.46548284
4790.4000 0.46511115
4790.4500 0.46524156
4790.5000 0.46600367
4790.5500 0.46676579
4790.6000 0.46752791
4790.6500 0.46490323
4790.7000 0.45880465
4790.7500 0.45270607
4790.8000 0.4466075
4790.8500 0.44166456
4790.9000 0.43768355
4790.9500 0.43370253
4791.0000 0.42972152
4791.0500 0.43061185
4791.1000 0.43476182
4791.1500 0.43891178
4791.2000 0.44306175
4791.2500 0.44604268
4791.3000 0.44840447
4791.3500 0.45076626
4791.4000 0.45312806
4791.4500 0.45693212
4791.5000 0.46132616
4791.5500 0.46572021
4791.6000 0.47011426
4791.6500 0.48126251
4791.7000 0.49446369
4791.7500 0.50766487
4791.8000 0.52086604
4791.8500 0.50752624
4791.9000 0.48857205
4791.9500 0.46961786
4792.0000 0.45066368
4792.0500 0.45731279
4792.1000 0.46728307
4792.1500 0.47725336
4792.2000 0.48722364
4792.2500 0.48000039
4792.3000 0.47180032
4792.3500 0.46360025
4792.4000 0.45544294
4792.4500 0.45222072
4792.5000 0.4489985
4792.5500 0.44577629
4792.6000 0.44373255
4792.6500 0.45682787
4792.7000 0.46992319
4792.7500 0.48301851
4792.8000 0.4925473
4792.8500 0.47963628
4792.9000 0.46672526
4792.9500 0.45381424
4793.0000 0.44543873
4793.0500 0.45483216
4793.1000 0.46422559
4793.1500 0.47361902
4793.2000 0.47742751
4793.2500 0.46619991
4793.3000 0.45497232
4793.3500 0.44374473
4793.4000 0.44046376
4793.4500 0.45263496
4793.5000 0.46480616
4793.5500 0.47697736
4793.6000 0.48197612
4793.6500 0.47664008
4793.7000 0.47130403
4793.7500 0.46596798
4793.8000 0.46390812
4793.8500 0.46538271
4793.9000 0.4668573
4793.9500 0.46833189
4794.0000 0.46864039
4794.0500 0.46800893
4794.1000 0.46737746
4794.1500 0.46674599
4794.2000 0.4705488
4794.2500 0.47698256
4794.3000 0.48341631
4794.3500 0.48985007
4794.4000 0.48601815
4794.4500 0.477846
4794.5000 0.46967384
4794.5500 0.46150168
4794.6000 0.45927285
4794.6500 0.45872659
4794.7000 0.45818034
4794.7500 0.45763408
4794.8000 0.47174111
4794.8500 0.48828988
4794.9000 0.50483864
4794.9500 0.5213874
4795.0000 0.51706204
4795.0500 0.51131574
4795.1000 0.50556943
4795.1500 0.49969607
4795.2000 0.48632285
4795.2500 0.47294964
4795.3000 0.45957643
4795.3500 0.44819275
4795.4000 0.45505007
4795.4500 0.46190739
4795.5000 0.46876471
4795.5500 0.47461181
4795.6000 0.4758977
4795.6500 0.47718359
4795.7000 0.47846948
4795.7500 0.47763318
4795.8000 0.47092877
4795.8500 0.46422436
4795.9000 0.45751995
4795.9500 0.45159885
4796.0000 0.44712504
4796.0500 0.44265124
4796.1000 0.43817743
4796.1500 0.4437359
4796.2000 0.46216546
4796.2500 0.48059502
4796.3000 0.49902458
4796.3500 0.50371258
4796.4000 0.49602672
4796.4500 0.48834086
4796.5000 0.480655
4796.5500 0.48259068
4796.6000 0.49053328
4796.6500 0.49847588
4796.7000 0.50641848
4796.7500 0.50575288
4796.8000 0.50150938
4796.8500 0.49726588
4796.9000 0.49302238
4796.9500 0.49067233
4797.0000 0.48880025
4797.0500 0.48692817
4797.1000 0.48505609
4797.1500 0.47681113
4797.2000 0.46779293
4797.2500 0.45877474
4797.3000 0.44975654
4797.3500 0.47699167
4797.4000 0.50472499
4797.4500 0.53245831
4797.5000 0.55604254
4797.5500 0.53341791
4797.6000 0.51079328
4797.6500 0.48816865
4797.7000 0.47256681
4797.7500 0.48903579
4797.8000 0.50550478
4797.8500 0.52197376
4797.9000 0.53144934
4797.9500 0.52277926
4798.0000 0.51410918
4798.0500 0.5054391
4798.1000 0.50162217
4798.1500 0.50578979
4798.2000 0.50995742
4798.2500 0.51412504
4798.3000 0.51100252
4798.3500 0.49995668
4798.4000 0.48891084
4798.4500 0.477865
4798.5000 0.46420149
4798.5500 0.44865519
4798.6000 0.43310889
4798.6500 0.41756258
4798.7000 0.43581559
4798.7500 0.46958243
4798.8000 0.50334927
4798.8500 0.53711611
4798.9000 0.52394649
4798.9500 0.49833484
4799.0000 0.47272318
4799.0500 0.44711152
4799.1000 0.43221904
4799.1500 0.41855972
4799.2000 0.40490039
4799.2500 0.39139587
4799.3000 0.41216623
4799.3500 0.43293659
4799.4000 0.45370695
4799.4500 0.47286596
4799.5000 0.47943579
4799.5500 0.48600562
4799.6000 0.49257545
4799.6500 0.49394434
4799.7000 0.47726993
4799.7500 0.46059552
4799.8000 0.44392111
4799.8500 0.43440564
4799.9000 0.43907965
4799.9500 0.44375366
4800.0000 0.44842766
4800.0500 0.45750997
4800.1000 0.47201883
4800.1500 0.48652769
4800.2000 0.50103656
4800.2500 0.50390126
4800.3000 0.49770696
4800.3500 0.49151267
4800.4000 0.48531837
4800.4500 0.47331009
4800.5000 0.45853989
4800.5500 0.44376968
4800.6000 0.42899948
4800.6500 0.42273059
4800.7000 0.41865707
4800.7500 0.41458356
4800.8000 0.41051004
4800.8500 0.42686377
4800.9000 0.44516673
4800.9500 0.46346969
4801.0000 0.48074061
4801.0500 0.46711853
4801.1000 0.45349645
4801.1500 0.43987437
4801.2000 0.42962514
4801.2500 0.438037
4801.3000 0.44644886
4801.3500 0.45486072
4801.4000 0.46103322
4801.4500 0.46130593
4801.5000 0.46157863
4801.5500 0.46185133
4801.6000 0.45924696
4801.6500 0.4523
4801.7000 0.44535304
4801.7500 0.43840607
4801.8000 0.43709891
4801.8500 0.44093165
4801.9000 0.44476438
4801.9500 0.44859711
4802.0000 0.44891628
4802.0500 0.44733673
4802.1000 0.44575718
4802.1500 0.44417762
4802.2000 0.45274506
4802.2500 0.46423324
4802.3000 0.47572143
4802.3500 0.48720961
4802.4000 0.48097982
4802.4500 0.47289262
4802.5000 0.46480541
4802.5500 0.45661776
4802.6000 0.44566496
4802.6500 0.43471216
4802.7000 0.42375936
4802.7500 0.41504982
4802.8000 0.41758592
4802.8500 0.42012202
4802.9000 0.42265812
4802.9500 0.42436569
4803.0000 0.42412958
4803.0500 0.42389346
4803.1000 0.42365735
4803.1500 0.43061227
4803.2000 0.446993
4803.2500 0.46337372
4803.3000 0.47975445
4803.3500 0.47669741
4803.4000 0.45885412
4803.4500 0.44101082
4803.5000 0.42316752
4803.5500 0.43469027
4803.6000 0.45853201
4803.6500 0.48237374
4803.7000 0.50621547
4803.7500 0.4947458
4803.8000 0.47666548
4803.8500 0.45858516
4803.9000 0.44050483
4803.9500 0.45540918
4804.0000 0.47093643
4804.0500 0.48646368
4804.1000 0.49753321
4804.1500 0.47650346
4804.2000 0.45547371
4804.2500 0.43444396
4804.3000 0.41728698
4804.3500 0.41094167
4804.4000 0.40459636
4804.4500 0.39825105
4804.5000 0.39442796
4804.5500 0.39428209
4804.6000 0.39413623
4804.6500 0.39399037
4804.7000 0.40683917
4804.7500 0.43026509
4804.8000 0.45369102
4804.8500 0.47711695
4804.9000 0.47167672
4804.9500 0.45368991
4805.0000 0.4357031
4805.0500 0.41771629
4805.1000 0.41566857
4805.1500 0.4165644
4805.2000 0.41746023
4805.2500 0.41835606
4805.3000 0.4259157
4805.3500 0.43352561
4805.4000 0.44113552
4805.4500 0.45027037
4805.5000 0.46860145
4805.5500 0.48693252
4805.6000 0.50526359
4805.6500 0.51046892
4805.7000 0.4840456
4805.7500 0.45762227
4805.8000 0.43119894
4805.8500 0.42064696
4805.9000 0.42983716
4805.9500 0.43902736
4806.0000 0.44821756
4806.0500 0.45037722
4806.1000 0.44783716
4806.1500 0.44529709
4806.2000 0.44275703
4806.2500 0.44443935
4806.3000 0.44749649
4806.3500 0.45055364
4806.4000 0.45361078
4806.4500 0.44976646
4806.5000 0.44524557
4806.5500 0.44072467
4806.6000 0.43637753
4806.6500 0.43439704
4806.7000 0.43241655
4806.7500 0.43043606
4806.8000 0.43025264
4806.8500 0.43617507
4806.9000 0.44209749
4806.9500 0.44801991
4807.0000 0.44849524
4807.0500 0.44036873
4807.1000 0.43224222
4807.1500 0.42411571
4807.2000 0.41439239
4807.2500 0.40335931
4807.3000 0.39232623
4807.3500 0.38129315
4807.4000 0.37511177
4807.4500 0.37088936
4807.5000 0.36666696
4807.5500 0.36244456
4807.6000 0.37793797
4807.6500 0.39620473
4807.7000 0.41447148
4807.7500 0.43189369
4807.8000 0.43020707
4807.8500 0.42852044
4807.9000 0.42683382
4807.9500 0.42545056
4808.0000 0.42521336
4808.0500 0.42497615
4808.1000 0.42473895
4808.1500 0.42801775
4808.2000 0.4370918
4808.2500 0.44616585
4808.3000 0.4552399
4808.3500 0.45404523
4808.4000 0.44435498
4808.4500 0.43466472
4808.5000 0.42497446
4808.5500 0.42946576
4808.6000 0.43952098
4808.6500 0.4495762
4808.7000 0.45963141
4808.7500 0.45353552
4808.8000 0.44545406
4808.8500 0.43737259
4808.9000 0.4320215
4808.9500 0.46649646
4809.0000 0.50097143
4809.0500 0.53544639
4809.1000 0.55224124
4809.1500 0.512781
4809.2000 0.47332076
4809.2500 0.43386052
4809.3000 0.41151545
4809.3500 0.41325335
4809.4000 0.41499126
4809.4500 0.41672916
4809.5000 0.41836924
4809.5500 0.4199422
4809.6000 0.42151516
4809.6500 0.42308812
4809.7000 0.4260737
4809.7500 0.42947635
4809.8000 0.432879
4809.8500 0.43628165
4809.9000 0.44785447
4809.9500 0.45983592
4810.0000 0.47181738
4810.0500 0.47991048
4810.1000 0.46287777
4810.1500 0.44584505
4810.2000 0.42881233
4810.2500 0.41916235
4810.3000 0.42541881
4810.3500 0.43167527
4810.4000 0.43793173
4810.4500 0.44293211
4810.5000 0.44668305
4810.5500 0.45043399
4810.6000 0.45418494
4810.6500 0.45826203
4810.7000 0.46248772
4810.7500 0.46671342
4810.8000 0.47093911
4810.8500 0.4706944
4810.9000 0.46980519
4810.9500 0.46891598
4811.0000 0.46761334
4811.0500 0.4600921
4811.1000 0.45257085
4811.1500 0.4450496
4811.2000 0.43721427
4811.2500 0.42844674
4811.3000 0.4196792
4811.3500 0.41091167
4811.4000 0.41086196
4811.4500 0.42177151
4811.5000 0.43268106
4811.5500 0.44359061
4811.6000 0.45390558
4811.6500 0.46387939
4811.7000 0.4738532
4811.7500 0.48382701
4811.8000 0.46975533
4811.8500 0.45072784
4811.9000 0.43170034
4811.9500 0.4132324
4812.0000 0.41735795
4812.0500 0.4214835
4812.1000 0.42560905
4812.1500 0.42892018
4812.2000 0.42935323
4812.2500 0.42978629
4812.3000 0.43021935
4812.3500 0.43300581
4812.4000 0.43906503
4812.4500 0.44512426
4812.5000 0.45118348
4812.5500 0.45085098
4812.6000 0.44655722
4812.6500 0.44226345
4812.7000 0.43796969
4812.7500 0.44066459
4812.8000 0.44491646
4812.8500 0.44916834
4812.9000 0.45337319
4812.9500 0.45522345
4813.0000 0.4570737
4813.0500 0.45892395
4813.1000 0.46218924
4813.1500 0.47039361
4813.2000 0.47859799
4813.2500 0.48680236
4813.3000 0.48663914
4813.3500 0.47525457
4813.4000 0.46387
4813.4500 0.45248542
4813.5000 0.44531965
4813.5500 0.44060015
4813.6000 0.43588066
4813.6500 0.43116116
4813.7000 0.42958895
4813.7500 0.42861564
4813.8000 0.42764233
4813.8500 0.42835299
4813.9000 0.46200254
4813.9500 0.49565208
4814.0000 0.52930163
4814.0500 0.5513208
4814.1000 0.53997756
4814.1500 0.52863431
4814.2000 0.51729107
4814.2500 0.50168865
4814.3000 0.48127753
4814.3500 0.46086641
4814.4000 0.44045529
4814.4500 0.43689033
4814.5000 0.44117103
4814.5500 0.44545173
4814.6000 0.44973243
4814.6500 0.45168044
4814.7000 0.45335816
4814.7500 0.45503589
4814.8000 0.45618946
4814.8500 0.45316299
4814.9000 0.45013651
4814.9500 0.44711003
4815.0000 0.44779819
4815.0500 0.45609575
4815.1000 0.46439332
4815.1500 0.47269089
4815.2000 0.46454612
4815.2500 0.44272914
4815.3000 0.42091216
4815.3500 0.39909518
4815.4000 0.41054461
4815.4500 0.43219561
4815.5000 0.45384661
4815.5500 0.47549762
4815.6000 0.45562423
4815.6500 0.43516025
4815.7000 0.41469627
4815.7500 0.40078388
4815.8000 0.411818
4815.8500 0.42285212
4815.9000 0.43388624
4815.9500 0.43402657
4816.0000 0.41980714
4816.0500 0.40558771
4816.1000 0.39136828
4816.1500 0.39989315
4816.2000 0.42033915
4816.2500 0.44078516
4816.3000 0.46123116
4816.3500 0.47184346
4816.4000 0.48114263
4816.4500 0.49044181
4816.5000 0.49860155
4816.5500 0.49750839
4816.6000 0.49641524
4816.6500 0.49532208
4816.7000 0.48368836
4816.7500 0.45145098
4816.8000 0.4192136
4816.8500 0.38697622
4816.9000 0.39027639
4816.9500 0.42053879
4817.0000 0.45080119
4817.0500 0.48106359
4817.1000 0.47692577
4817.1500 0.46419433
4817.2000 0.4514629
4817.2500 0.43957122
4817.3000 0.45228988
4817.3500 0.46500855
4817.4000 0.47772721
4817.4500 0.47991245
4817.5000 0.45321418
4817.5500 0.4265159
4817.6000 0.39981763
4817.6500 0.39181476
4817.7000 0.40229718
4817.7500 0.4127796
4817.8000 0.42326202
4817.8500 0.42490382
4817.9000 0.42343591
4817.9500 0.42196801
4818.0000 0.4205001
4818.0500 0.42578528
4818.1000 0.43122167
4818.1500 0.43665807
4818.2000 0.43616445
4818.2500 0.41437085
4818.3000 0.39257724
4818.3500 0.37078364
4818.4000 0.36598548
4818.4500 0.38123396
4818.5000 0.39648244
4818.5500 0.41173092
4818.6000 0.42729589
4818.6500 0.44299571
4818.7000 0.45869554
4818.7500 0.47439537
4818.8000 0.45811675
4818.8500 0.43997634
4818.9000 0.42183593
4818.9500 0.40617677
4819.0000 0.40108786
4819.0500 0.39599895
4819.1000 0.39091004
4819.1500 0.39377766
4819.2000 0.40691234
4819.2500 0.42004702
4819.3000 0.43318169
4819.3500 0.44704189
4819.4000 0.46123654
4819.4500 0.47543119
4819.5000 0.48962585
4819.5500 0.53357281
4819.6000 0.57963277
4819.6500 0.62569273
4819.7000 0.65257065
4819.7500 0.59453878
4819.8000 0.53650691
4819.8500 0.47847505
4819.9000 0.44587399
4819.9500 0.44613795
4820.0000 0.44640191
4820.0500 0.44666588
4820.1000 0.44971208
4820.1500 0.45401084
4820.2000 0.4583096
4820.2500 0.46260836
4820.3000 0.45856052
4820.3500 0.45401992
4820.4000 0.44947931
4820.4500 0.44689762
4820.5000 0.45213618
4820.5500 0.45737475
4820.6000 0.46261331
4820.6500 0.45648284
4820.7000 0.4368843
4820.7500 0.41728575
4820.8000 0.39768721
4820.8500 0.39970191
4820.9000 0.4102666
4820.9500 0.42083128
4821.0000 0.43139597
4821.0500 0.4366456
4821.1000 0.44176851
4821.1500 0.44689143
4821.2000 0.44915151
4821.2500 0.44225844
4821.3000 0.43536537
4821.3500 0.4284723
4821.4000 0.43074064
4821.4500 0.44212789
4821.5000 0.45351514
4821.5500 0.46490238
4821.6000 0.46584701
4821.6500 0.46359173
4821.7000 0.46133645
4821.7500 0.45865371
4821.8000 0.4426543
4821.8500 0.42665488
4821.9000 0.41065546
4821.9500 0.40352017
4822.0000 0.41725325
4822.0500 0.43098632
4822.1000 0.4447194
4822.1500 0.45120681
4822.2000 0.45215038
4822.2500 0.45309394
4822.3000 0.4540375
4822.3500 0.44565565
4822.4000 0.43544849
4822.4500 0.42524134
4822.5000 0.41765728
4822.5500 0.43186052
4822.6000 0.44606376
4822.6500 0.46026701
4822.7000 0.46829738
4822.7500 0.46625554
4822.8000 0.4642137
4822.8500 0.46217185
4822.9000 0.45163131
4822.9500 0.43659223
4823.0000 0.42155316
4823.0500 0.40651408
4823.1000 0.40354202
4823.1500 0.40148991
4823.2000 0.3994378
4823.2500 0.39633747
4823.3000 0.38919246
4823.3500 0.38204745
4823.4000 0.37490244
4823.4500 0.37984059
4823.5000 0.39766849
4823.5500 0.4154964
4823.6000 0.43332431
4823.6500 0.43057449
4823.7000 0.42144214
4823.7500 0.4123098
4823.8000 0.40279941
4823.8500 0.38508521
4823.9000 0.36737101
4823.9500 0.34965681
4824.0000 0.35159384
4824.0500 0.394119
4824.1000 0.43664416
4824.1500 0.47916933
4824.2000 0.48124752
4824.2500 0.4574409
4824.3000 0.43363428
4824.3500 0.40982766
4824.4000 0.41282496
4824.4500 0.41897702
4824.5000 0.42512907
4824.5500 0.42471211
4824.6000 0.39457248
4824.6500 0.36443286
4824.7000 0.33429323
4824.7500 0.31978575
4824.8000 0.32299846
4824.8500 0.32621117
4824.9000 0.32942388
4824.9500 0.35785268
4825.0000 0.39434206
4825.0500 0.43083143
4825.1000 0.46505261
4825.1500 0.45451015
4825.2000 0.44396769
4825.2500 0.43342523
4825.3000 0.42473873
4825.3500 0.41965391
4825.4000 0.41456908
4825.4500 0.40948426
4825.5000 0.40029266
4825.5500 0.38872299
4825.6000 0.37715332
4825.6500 0.36558366
4825.7000 0.36751648
4825.7500 0.37049852
4825.8000 0.37348057
4825.8500 0.37590087
4825.9000 0.3763739
4825.9500 0.37684693
4826.0000 0.37731997
4826.0500 0.37604772
4826.1000 0.37317259
4826.1500 0.37029747
4826.2000 0.36742234
4826.2500 0.36464685
4826.3000 0.36189322
4826.3500 0.3591396
4826.4000 0.35685447
4826.4500 0.3579991
4826.5000 0.35914373
4826.5500 0.36028836
4826.6000 0.37628515
4826.6500 0.4126478
4826.7000 0.44901046
4826.7500 0.48537311
4826.8000 0.48466194
4826.8500 0.46986331
4826.9000 0.45506467
4826.9500 0.44031483
4827.0000 0.42720067
4827.0500 0.41408651
4827.1000 0.40097235
4827.1500 0.39096623
4827.2000 0.38713914
4827.2500 0.38331205
4827.3000 0.37948496
4827.3500 0.38138489
4827.4000 0.38648179
4827.4500 0.3915787
4827.5000 0.3966756
4827.5500 0.37027652
4827.6000 0.34222811
4827.6500 0.31417969
4827.7000 0.30760531
4827.7500 0.36211352
4827.8000 0.41662174
4827.8500 0.47112995
4827.9000 0.46731141
4827.9500 0.41973867
4828.0000 0.37216593
4828.0500 0.32459319
4828.1000 0.3103897
4828.1500 0.30056352
4828.2000 0.29073735
4828.2500 0.28751614
4828.3000 0.31103435
4828.3500 0.33455257
4828.4000 0.35807078
4828.4500 0.38393381
4828.5000 0.41201812
4828.5500 0.44010244
4828.6000 0.46818675
4828.6500 0.44167633
4828.7000 0.4040124
4828.7500 0.36634848
4828.8000 0.33996084
4828.8500 0.37818549
4828.9000 0.41641015
4828.9500 0.45463481
4829.0000 0.47376622
4829.0500 0.47121201
4829.1000 0.46865779
4829.1500 0.46610358
4829.2000 0.4458547
4829.2500 0.42088044
4829.3000 0.39590617
4829.3500 0.37263334
4829.4000 0.36289824
4829.4500 0.35316313
4829.5000 0.34342802
4829.5500 0.3552051
4829.6000 0.394871
4829.6500 0.43453689
4829.7000 0.47420279
4829.7500 0.46649462
4829.8000 0.44388105
4829.8500 0.42126748
4829.9000 0.40004528
4829.9500 0.39337398
4830.0000 0.38670267
4830.0500 0.38003137
4830.1000 0.38273219
4830.1500 0.39862911
4830.2000 0.41452603
4830.2500 0.43042295
4830.3000 0.43550826
4830.3500 0.43688677
4830.4000 0.43826528
4830.4500 0.44084039
4830.5000 0.4580712
4830.5500 0.47530201
4830.6000 0.49253282
4830.6500 0.48942379
4830.7000 0.4567637
4830.7500 0.42410362
4830.8000 0.39144354
4830.8500 0.38391568
4830.9000 0.38515904
4830.9500 0.3864024
4831.0000 0.38835571
4831.0500 0.39890487
4831.1000 0.40945403
4831.1500 0.42000319
4831.2000 0.42051666
4831.2500 0.40674846
4831.3000 0.39298026
4831.3500 0.37921206
4831.4000 0.3923892
4831.4500 0.41452402
4831.5000 0.43665884
4831.5500 0.45492682
4831.6000 0.43395929
4831.6500 0.41299176
4831.7000 0.39202422
4831.7500 0.37663898
4831.8000 0.36864371
4831.8500 0.36064843
4831.9000 0.35265316
4831.9500 0.36390011
4832.0000 0.38081895
4832.0500 0.3977378
4832.1000 0.4125514
4832.1500 0.41128437
4832.2000 0.41001734
4832.2500 0.40875031
4832.3000 0.42372477
4832.3500 0.4577202
4832.4000 0.49171563
4832.4500 0.52571106
4832.5000 0.50303905
4832.5500 0.46679893
4832.6000 0.43055881
4832.6500 0.3981586
4832.7000 0.38677913
4832.7500 0.37539966
4832.8000 0.36402019
4832.8500 0.3530534
4832.9000 0.34249356
4832.9500 0.33193372
4833.0000 0.32137388
4833.0500 0.33983147
4833.1000 0.36325177
4833.1500 0.38667208
4833.2000 0.40148513
4833.2500 0.38308441
4833.3000 0.36468368
4833.3500 0.34628296
4833.4000 0.33347025
4833.4500 0.32506455
4833.5000 0.31665886
4833.5500 0.30825317
4833.6000 0.34076135
4833.6500 0.3771312
4833.7000 0.41350105
4833.7500 0.44100976
4833.8000 0.44454126
4833.8500 0.44807276
4833.9000 0.45160426
4833.9500 0.42622183
4834.0000 0.38366336
4834.0500 0.3411049
4834.1000 0.29854643
4834.1500 0.30538523
4834.2000 0.31291305
4834.2500 0.32044086
4834.3000 0.33661512
4834.3500 0.36909221
4834.4000 0.40156929
4834.4500 0.43404637
4834.5000 0.44473496
4834.5500 0.44644996
4834.6000 0.44816496
4834.6500 0.44695863
4834.7000 0.40777696
4834.7500 0.3685953
4834.8000 0.32941364
4834.8500 0.31376949
4834.9000 0.32857456
4834.9500 0.34337964
4835.0000 0.35818471
4835.0500 0.36681701
4835.1000 0.37392493
4835.1500 0.38103284
4835.2000 0.39047654
4835.2500 0.41137815
4835.3000 0.43227976
4835.3500 0.45318137
4835.4000 0.4568724
4835.4500 0.44579206
4835.5000 0.43471172
4835.5500 0.42363138
4835.6000 0.42139932
4835.6500 0.42006007
4835.7000 0.41872081
4835.7500 0.42405168
4835.8000 0.44653648
4835.8500 0.46902128
4835.9000 0.49150607
4835.9500 0.47149772
4836.0000 0.42891059
4836.0500 0.38632347
4836.1000 0.34537149
4836.1500 0.36228945
4836.2000 0.37920741
4836.2500 0.39612537
4836.3000 0.42091112
4836.3500 0.4573348
4836.4000 0.49375848
4836.4500 0.53018216
4836.5000 0.52445192
4836.5500 0.50687741
4836.6000 0.4893029
4836.6500 0.46828681
4836.7000 0.42911737
4836.7500 0.38994792
4836.8000 0.35077847
4836.8500 0.35691911
4836.9000 0.40173441
4836.9500 0.4465497
4837.0000 0.491365
4837.0500 0.47835625
4837.1000 0.4603915
4837.1500 0.44242675
4837.2000 0.41316784
4837.2500 0.35805519
4837.3000 0.30294253
4837.3500 0.24782987
4837.4000 0.24493795
4837.4500 0.26568038
4837.5000 0.28642281
4837.5500 0.30850246
4837.6000 0.34725593
4837.6500 0.38600939
4837.7000 0.42476286
4837.7500 0.41692134
4837.8000 0.35470689
4837.8500 0.29249243
4837.9000 0.23027798
4837.9500 0.26942898
4838.0000 0.32644775
4838.0500 0.38346653
4838.1000 0.41350471
4838.1500 0.35821141
4838.2000 0.3029181
4838.2500 0.2476248
4838.3000 0.28086993
4838.3500 0.3657274
4838.4000 0.45058487
4838.4500 0.53219699
4838.5000 0.48550122
4838.5500 0.43880545
4838.6000 0.39210968
4838.6500 0.36360909
4838.7000 0.36033579
4838.7500 0.35706248
4838.8000 0.35378918
4838.8500 0.36378564
4838.9000 0.37679806
4838.9500 0.38981048
4839.0000 0.39440369
4839.0500 0.36770636
4839.1000 0.34100904
4839.1500 0.31431171
4839.2000 0.31931074
4839.2500 0.344519
4839.3000 0.36972726
4839.3500 0.39478421
4839.4000 0.40587366
4839.4500 0.41696311
4839.5000 0.42805256
4839.5500 0.41613539
4839.6000 0.37141154
4839.6500 0.32668769
4839.7000 0.28196384
4839.7500 0.28099943
4839.8000 0.28995988
4839.8500 0.29892033
4839.9000 0.30629072
4839.9500 0.30800625
4840.0000 0.30972178
4840.0500 0.31143732
4840.1000 0.33108742
4840.1500 0.36148682
4840.2000 0.39188622
4840.2500 0.42085749
4840.3000 0.40725505
4840.3500 0.39365261
4840.4000 0.38005017
4840.4500 0.36972515
4840.5000 0.36355294
4840.5500 0.35738072
4840.6000 0.35120851
4840.6500 0.34255024
4840.7000 0.33345724
4840.7500 0.32436424
4840.8000 0.31686488
4840.8500 0.31383914
4840.9000 0.3108134
4840.9500 0.30778765
4841.0000 0.34930851
4841.0500 0.41221963
4841.1000 0.47513075
4841.1500 0.53125438
4841.2000 0.51871535
4841.2500 0.50617632
4841.3000 0.49363729
4841.3500 0.48217217
4841.4000 0.4717565
4841.4500 0.46134082
4841.5000 0.45092515
4841.5500 0.4403017
4841.6000 0.42966092
4841.6500 0.41902014
4841.7000 0.41135141
4841.7500 0.40940954
4841.8000 0.40746768
4841.8500 0.40552581
4841.9000 0.41137146
4841.9500 0.41965265
4842.0000 0.42793384
4842.0500 0.43853027
4842.1000 0.45944241
4842.1500 0.48035455
4842.2000 0.5012667
4842.2500 0.47029199
4842.3000 0.40562078
4842.3500 0.34094957
4842.4000 0.27963101
4842.4500 0.32422511
4842.5000 0.36881921
4842.5500 0.41341331
4842.6000 0.44197968
4842.6500 0.4514662
4842.7000 0.46095272
4842.7500 0.47043924
4842.8000 0.46610373
4842.8500 0.45995125
4842.9000 0.45379877
4842.9500 0.45828213
4843.0000 0.48615969
4843.0500 0.51403725
4843.1000 0.5419148
4843.1500 0.53759886
4843.2000 0.52213026
4843.2500 0.50666165
4843.3000 0.48642291
4843.3500 0.44358856
4843.4000 0.40075422
4843.4500 0.35791987
4843.5000 0.32681781
4843.5500 0.30330049
4843.6000 0.27978318
4843.6500 0.25899624
4843.7000 0.30073845
4843.7500 0.34248066
4843.8000 0.38422287
4843.8500 0.4124172
4843.9000 0.4258026
4843.9500 0.439188
4844.0000 0.45257339
4844.0500 0.40525568
4844.1000 0.35230849
4844.1500 0.29936129
4844.2000 0.25990338
4844.2500 0.24506765
4844.3000 0.23023193
4844.3500 0.21539621
4844.4000 0.23780178
4844.4500 0.26985788
4844.5000 0.30191397
4844.5500 0.31950855
4844.6000 0.29025924
4844.6500 0.26100993
4844.7000 0.23176062
4844.7500 0.25047606
4844.8000 0.29186347
4844.8500 0.33325089
4844.9000 0.3669173
4844.9500 0.34584723
4845.0000 0.32477717
4845.0500 0.3037071
4845.1000 0.30815005
4845.1500 0.33186704
4845.2000 0.35558402
4845.2500 0.37915441
4845.3000 0.39431237
4845.3500 0.40947034
4845.4000 0.42462831
4845.4500 0.43953716
4845.5000 0.45416061
4845.5500 0.46878406
4845.6000 0.48340752
4845.6500 0.44312352
4845.7000 0.39783201
4845.7500 0.35254049
4845.8000 0.34103956
4845.8500 0.38751016
4845.9000 0.43398077
4845.9500 0.48045138
4846.0000 0.49047447
4846.0500 0.49257844
4846.1000 0.49468242
4846.1500 0.48377178
4846.2000 0.43875937
4846.2500 0.39374695
4846.3000 0.34873453
4846.3500 0.34466578
4846.4000 0.35555779
4846.4500 0.36644979
4846.5000 0.37599438
4846.5500 0.37979483
4846.6000 0.38359528
4846.6500 0.38739572
4846.7000 0.38614471
4846.7500 0.38216249
4846.8000 0.37818028
4846.8500 0.37495478
4846.9000 0.37787805
4846.9500 0.38080132
4847.0000 0.38372459
4847.0500 0.37291556
4847.1000 0.3518124
4847.1500 0.33070923
4847.2000 0.31024376
4847.2500 0.30737683
4847.3000 0.3045099
4847.3500 0.30164296
4847.4000 0.31273222
4847.4500 0.33778656
4847.5000 0.3628409
4847.5500 0.38789524
4847.6000 0.38196939
4847.6500 0.37495867
4847.7000 0.36794795
4847.7500 0.35539637
4847.8000 0.33561709
4847.8500 0.31583782
4847.9000 0.29605854
4847.9500 0.34624774
4848.0000 0.40393754
4848.0500 0.46162733
4848.1000 0.47471683
4848.1500 0.41311238
4848.2000 0.35150793
4848.2500 0.28990348
4848.3000 0.29334611
4848.3500 0.30862835
4848.4000 0.32391059
4848.4500 0.3204964
4848.5000 0.27728147
4848.5500 0.23406654
4848.6000 0.19085161
4848.6500 0.16678194
4848.7000 0.14765912
4848.7500 0.1285363
4848.8000 0.13724843
4848.8500 0.22076798
4848.9000 0.30428753
4848.9500 0.38780707
4849.0000 0.38930507
4849.0500 0.36333934
4849.1000 0.33737361
4849.1500 0.31943145
4849.2000 0.32856658
4849.2500 0.3377017
4849.3000 0.34683683
4849.3500 0.31494449
4849.4000 0.26625176
4849.4500 0.21755902
4849.5000 0.18831399
4849.5500 0.2410039
4849.6000 0.29369381
4849.6500 0.34638372
4849.7000 0.3515897
4849.7500 0.33399904
4849.8000 0.31640837
4849.8500 0.28584968
4849.9000 0.18766384
4849.9500 0.089478
4850.0000 -0.00870784
4850.0500 0.05290215
4850.1000 0.2014541
4850.1500 0.35000604
4850.2000 0.48133874
4850.2500 0.50311716
4850.3000 0.52489558
4850.3500 0.54667399
4850.4000 0.5361716
4850.4500 0.50634049
4850.5000 0.47650939
4850.5500 0.45046487
4850.6000 0.45310882
4850.6500 0.45575276
4850.7000 0.45839671
4850.7500 0.44786807
4850.8000 0.4288886
4850.8500 0.40990912
4850.9000 0.39938451
4850.9500 0.46231094
4851.0000 0.52523736
4851.0500 0.58816379
4851.1000 0.58144204
4851.1500 0.52804321
4851.2000 0.47464439
4851.2500 0.42845757
4851.3000 0.45041009
4851.3500 0.47236261
4851.4000 0.49431513
4851.4500 0.49926086
4851.5000 0.49258979
4851.5500 0.48591871
4851.6000 0.47601351
4851.6500 0.43495876
4851.7000 0.39390401
4851.7500 0.35284926
4851.8000 0.33636441
4851.8500 0.3365735
4851.9000 0.33678259
4851.9500 0.33347895
4852.0000 0.29794447
4852.0500 0.26241
4852.1000 0.22687552
4852.1500 0.24676125
4852.2000 0.30319748
4852.2500 0.35963371
4852.3000 0.40866573
4852.3500 0.3967745
4852.4000 0.38488328
4852.4500 0.37299205
4852.5000 0.38655722
4852.5500 0.41601744
4852.6000 0.44547766
4852.6500 0.46770719
4852.7000 0.43900926
4852.7500 0.41031133
4852.8000 0.38161341
4852.8500 0.39291833
4852.9000 0.42726514
4852.9500 0.46161194
4853.0000 0.49391353
4853.0500 0.51426861
4853.1000 0.53462369
4853.1500 0.55497877
4853.2000 0.53737045
4853.2500 0.50014443
4853.3000 0.46291842
4853.3500 0.4295838
4853.4000 0.41473441
4853.4500 0.39988502
4853.5000 0.38503562
4853.5500 0.36270533
4853.6000 0.33701371
4853.6500 0.3113221
4853.7000 0.30353864
4853.7500 0.36414049
4853.8000 0.42474234
4853.8500 0.48534419
4853.9000 0.42647509
4853.9500 0.32264033
4854.0000 0.21880557
4854.0500 0.18664501
4854.1000 0.37293946
4854.1500 0.5592339
4854.2000 0.74552835
4854.2500 0.63155331
4854.3000 0.42738652
4854.3500 0.22321974
4854.4000 0.12167545
4854.4500 0.26840557
4854.5000 0.41513569
4854.5500 0.56186581
4854.6000 0.52996631
4854.6500 0.45815691
4854.7000 0.3863475
4854.7500 0.34310855
4854.8000 0.35440672
4854.8500 0.36570489
4854.9000 0.37700306
4854.9500 0.40241737
4855.0000 0.42991026
4855.0500 0.45740314
4855.1000 0.46396189
4855.1500 0.43925052
4855.2000 0.41453914
4855.2500 0.38982776
4855.3000 0.46726835
4855.3500 0.5521815
4855.4000 0.63709465
4855.4500 0.61842114
4855.5000 0.48015666
4855.5500 0.34189217
4855.6000 0.20362769
4855.6500 0.25029236
4855.7000 0.29734002
4855.7500 0.34438767
4855.8000 0.38990899
4855.8500 0.43409405
4855.9000 0.4782791
4855.9500 0.51981604
4856.0000 0.52614442
4856.0500 0.5324728
4856.1000 0.53880119
4856.1500 0.54822825
4856.2000 0.55965163
4856.2500 0.571075
4856.3000 0.57904425
4856.3500 0.56711212
4856.4000 0.55517999
4856.4500 0.54324786
4856.5000 0.48311525
4856.5500 0.40123484
4856.6000 0.31935443
4856.6500 0.26581373
4856.7000 0.30621151
4856.7500 0.3466093
4856.8000 0.38700708
4856.8500 0.32292505
4856.9000 0.22867076
4856.9500 0.13441647
4857.0000 0.11293637
4857.0500 0.24499238
4857.1000 0.37704839
4857.1500 0.50910439
4857.2000 0.44163145
4857.2500 0.34399971
4857.3000 0.24636797
4857.3500 0.1913668
4857.4000 0.19589073
4857.4500 0.20041466
4857.5000 0.20493858
4857.5500 0.19462422
4857.6000 0.18380997
4857.6500 0.17299572
4857.7000 0.24254083
4857.7500 0.38656343
4857.8000 0.53058602
4857.8500 0.65834296
4857.9000 0.5766593
4857.9500 0.49497563
4858.0000 0.41329196
4858.0500 0.41180557
4858.1000 0.45810488
4858.1500 0.50440419
4858.2000 0.52038191
4858.2500 0.40069146
4858.3000 0.28100101
4858.3500 0.16131056
4858.4000 0.11941341
4858.4500 0.10481969
4858.5000 0.09022597
4858.5500 0.12074671
4858.6000 0.25692111
4858.6500 0.39309551
4858.7000 0.52926991
4858.7500 0.50944295
4858.8000 0.4641665
4858.8500 0.41889005
4858.9000 0.39973269
4858.9500 0.41638676
4859.0000 0.43304083
4859.0500 0.44969489
4859.1000 0.45292341
4859.1500 0.45595082
4859.2000 0.45897824
4859.2500 0.47435268
4859.3000 0.49981991
4859.3500 0.52528715
4859.4000 0.53457862
4859.4500 0.4214428
4859.5000 0.30830697
4859.5500 0.19517115
4859.6000 0.21485575
4859.6500 0.29571028
4859.7000 0.37656482
4859.7500 0.40645992
4859.8000 0.28679574
4859.8500 0.16713155
4859.9000 0.04746737
4859.9500 0.15940718
4860.0000 0.32044307
4860.0500 0.48147896
4860.1000 0.55074199
4860.1500 0.4809285
4860.2000 0.41111501
4860.2500 0.34130152
4860.3000 0.29751258
4860.3500 0.25448739
4860.4000 0.2114622
4860.4500 0.28466544
4860.5000 0.45415122
4860.5500 0.62363701
4860.6000 0.75023033
4860.6500 0.57343161
4860.7000 0.39663289
4860.7500 0.21983417
4860.8000 0.13066038
4860.8500 0.07863073
4860.9000 0.02660109
4860.9500 0.01646526
4861.0000 0.11287647
4861.0500 0.20928768
4861.1000 0.30569889
4861.1500 0.26844613
4861.2000 0.21009132
4861.2500 0.15173652
4861.3000 0.11140978
4861.3500 0.09342449
4861.4000 0.0754392
4861.4500 0.05872413
4861.5000 0.08171487
4861.5500 0.10470561
4861.6000 0.12769634
4861.6500 0.20884311
4861.7000 0.32610203
4861.7500 0.44336095
4861.8000 0.50389474
4861.8500 0.3435556
4861.9000 0.18321646
4861.9500 0.02287731
4862.0000 0.00875138
4862.0500 0.03273057
4862.1000 0.05670977
4862.1500 0.08126397
4862.2000 0.10674179
4862.2500 0.13221961
4862.3000 0.15769743
4862.3500 0.18794334
4862.4000 0.21830845
4862.4500 0.24867356
4862.5000 0.30351565
4862.5500 0.37689547
4862.6000 0.45027528
4862.6500 0.45814581
4862.7000 0.1319961
4862.7500 -0.19415361
4862.8000 -0.52030332
4862.8500 -0.32406827
4862.9000 0.03677087
4862.9500 0.39761
4863.0000 0.63762785
4863.0500 0.66129101
4863.1000 0.68495417
4863.1500 0.70861732
4863.2000 0.65454249
4863.2500 0.59704025
4863.3000 0.53953801
4863.3500 0.46310194
4863.4000 0.37171165
4863.4500 0.28032135
4863.5000 0.22102467
4863.5500 0.32876777
4863.6000 0.43651088
4863.6500 0.54425399
4863.7000 0.6696117
4863.7500 0.80037677
4863.8000 0.93114184
4863.8500 0.92860913
4863.9000 0.69967757
4863.9500 0.47074601
4864.0000 0.24181445
4864.0500 0.13784524
4864.1000 0.03674547
4864.1500 -0.06435429
4864.2000 0.015724
4864.2500 0.22378624
4864.3000 0.43184848
4864.3500 0.6123398
4864.4000 0.67974429
4864.4500 0.74714878
4864.5000 0.81455327
4864.5500 0.74082926
4864.6000 0.63346327
4864.6500 0.52609729
4864.7000 0.48423331
4864.7500 0.53263518
4864.8000 0.58103705
4864.8500 0.62394583
4864.9000 0.51550579
4864.9500 0.40706575
4865.0000 0.2986257
4865.0500 0.24251656
4865.1000 0.21445624
4865.1500 0.18639591
4865.2000 0.22756827
4865.2500 0.4572809
4865.3000 0.68699353
4865.3500 0.91670616
4865.4000 0.85878557
4865.4500 0.76445029
4865.5000 0.67011501
4865.5500 0.55318654
4865.6000 0.41439251
4865.6500 0.27559848
4865.7000 0.16635399
4865.7500 0.25442158
4865.8000 0.34248918
4865.8500 0.43055677
4865.9000 0.416855
4865.9500 0.3699208
4866.0000 0.32298661
4866.0500 0.29705775
4866.1000 0.3055562
4866.1500 0.31405465
4866.2000 0.32302234
4866.2500 0.41612605
4866.3000 0.50922977
4866.3500 0.60233348
4866.4000 0.54724901
4866.4500 0.40649672
4866.5000 0.26574444
4866.5500 0.20942731
4866.6000 0.38933727
4866.6500 0.56924724
4866.7000 0.74915721
4866.7500 0.75504147
4866.8000 0.74039477
4866.8500 0.72574808
4866.9000 0.73143244
4866.9500 0.75535378
4867.0000 0.77927512
4867.0500 0.79771321
4867.1000 0.78764885
4867.1500 0.77758448
4867.2000 0.76752011
4867.2500 0.66532635
4867.3000 0.53967396
4867.3500 0.41402157
4867.4000 0
4867.4500 0
4867.5000 0
