4595.0500 2.66166062
4595.1000 2.98374153
4595.1500 2.77909999
4595.2000 2.35568703
4595.2500 1.93227407
4595.3000 1.50886111
4595.3500 1.19700918
4595.4000 1.12830135
4595.4500 1.05959351
4595.5000 0.99088568
4595.5500 0.92217784
4595.6000 1.05642486
4595.6500 1.20747183
4595.7000 1.35851879
4595.7500 1.50956576
4595.8000 1.5012533
4595.8500 1.35367475
4595.9000 1.2060962
4595.9500 1.05851766
4596.0000 0.93336619
4596.0500 0.94067811
4596.1000 0.94799002
4596.1500 0.95530194
4596.2000 0.96261386
4596.2500 0.82288801
4596.3000 0.63596298
4596.3500 0.44903795
4596.4000 0.26211292
4596.4500 0.22067985
4596.5000 0.42668948
4596.5500 0.6326991
4596.6000 0.83870873
4596.6500 1.04471835
4596.7000 1.35225923
4596.7500 1.66138838
4596.8000 1.97051753
4596.8500 2.27964669
4596.9000 2.16664793
4596.9500 1.77221343
4597.0000 1.37777894
4597.0500 0.98334444
4597.1000 0.70563665
4597.1500 0.85052155
4597.2000 0.99540644
4597.2500 1.14029134
4597.3000 1.28517624
4597.3500 1.43150649
4597.4000 1.57812456
4597.4500 1.72474262
4597.5000 1.87136068
4597.5500 1.81690111
4597.6000 1.51916042
4597.6500 1.22141972
4597.7000 0.92367903
4597.7500 0.64801493
4597.8000 0.6562846
4597.8500 0.66455427
4597.9000 0.67282394
4597.9500 0.68109362
4598.0000 0.76954972
4598.0500 0.89355581
4598.1000 1.01756191
4598.1500 1.14156801
4598.2000 1.20381963
4598.2500 1.13152566
4598.3000 1.05923169
4598.3500 0.98693771
4598.4000 0.91464374
4598.4500 0.88254966
4598.5000 0.85313966
4598.5500 0.82372966
4598.6000 0.79431967
4598.6500 0.77412025
4598.7000 0.76111987
4598.7500 0.74811949
4598.8000 0.7351191
4598.8500 0.71751548
4598.9000 0.67979798
4598.9500 0.64208048
4599.0000 0.60436297
4599.0500 0.56664547
4599.1000 0.49566059
4599.1500 0.41698579
4599.2000 0.33831099
4599.2500 0.25963619
4599.3000 0.32073166
4599.3500 0.56020932
4599.4000 0.79968698
4599.4500 1.03916464
4599.5000 1.23593246
4599.5500 0.84226045
4599.6000 0.44858844
4599.6500 0.05491643
4599.7000 -0.33875558
4599.7500 -0.25341608
4599.8000 0.04049593
4599.8500 0.33440795
4599.9000 0.62831996
4599.9500 0.85482262
4600.0000 0.94254376
4600.0500 1.03026491
4600.1000 1.11798605
4600.1500 1.20570719
4600.2000 1.15183217
4600.2500 1.09178963
4600.3000 1.03174709
4600.3500 0.97170455
4600.4000 0.98916818
4600.4500 1.060345
4600.5000 1.13152182
4600.5500 1.20269863
4600.6000 1.22414478
4600.6500 1.07343637
4600.7000 0.92272796
4600.7500 0.77201955
4600.8000 0.62131114
4600.8500 0.73797791
4600.9000 0.89865547
4600.9500 1.05933303
4601.0000 1.22001059
4601.0500 1.35322219
4601.1000 1.4583302
4601.1500 1.56343822
4601.2000 1.66854623
4601.2500 1.73090603
4601.3000 1.50952152
4601.3500 1.288137
4601.4000 1.06675249
4601.4500 0.84536798
4601.5000 0.7270119
4601.5500 0.63966227
4601.6000 0.55231264
4601.6500 0.46496301
4601.7000 0.42887657
4601.7500 0.46733406
4601.8000 0.50579155
4601.8500 0.54424904
4601.9000 0.5822635
4601.9500 0.61136427
4602.0000 0.64046504
4602.0500 0.66956581
4602.1000 0.69866658
4602.1500 0.61004684
4602.2000 0.46811502
4602.2500 0.3261832
4602.3000 0.18425138
4602.3500 0.14385584
4602.4000 0.30932418
4602.4500 0.47479253
4602.5000 0.64026087
4602.5500 0.80572921
4602.6000 0.70705502
4602.6500 0.60115991
4602.7000 0.49526481
4602.7500 0.38936971
4602.8000 0.40831265
4602.8500 0.50456986
4602.9000 0.60082706
4602.9500 0.69708427
4603.0000 0.76540937
4603.0500 0.75536776
4603.1000 0.74532616
4603.1500 0.73528455
4603.2000 0.72524294
4603.2500 0.64871351
4603.3000 0.5655333
4603.3500 0.48235309
4603.4000 0.39917288
4603.4500 0.40513253
4603.5000 0.48215071
4603.5500 0.5591689
4603.6000 0.63618708
4603.6500 0.68870138
4603.7000 0.64611515
4603.7500 0.60352891
4603.8000 0.56094267
4603.8500 0.51835644
4603.9000 0.55313027
4603.9500 0.60108858
4604.0000 0.64904688
4604.0500 0.69700518
4604.1000 0.70842934
4604.1500 0.68403885
4604.2000 0.65964835
4604.2500 0.63525786
4604.3000 0.61323968
4604.3500 0.60399505
4604.4000 0.59475042
4604.4500 0.5855058
4604.5000 0.57626117
4604.5500 0.63719533
4604.6000 0.71465933
4604.6500 0.79212333
4604.7000 0.86958734
4604.7500 0.88862026
4604.8000 0.83992948
4604.8500 0.79123871
4604.9000 0.74254793
4604.9500 0.68418204
4605.0000 0.55353385
4605.0500 0.42288567
4605.1000 0.29223748
4605.1500 0.1615893
4605.2000 0.22600036
4605.2500 0.34736476
4605.3000 0.46872916
4605.3500 0.59009356
4605.4000 0.62372315
4605.4500 0.54154381
4605.5000 0.45936447
4605.5500 0.37718513
4605.6000 0.30958042
4605.6500 0.39089844
4605.7000 0.47221646
4605.7500 0.55353448
4605.8000 0.6348525
4605.8500 0.66765977
4605.9000 0.68415203
4605.9500 0.70064429
4606.0000 0.71713655
4606.0500 0.70072604
4606.1000 0.63668949
4606.1500 0.57265293
4606.2000 0.50861638
4606.2500 0.45356474
4606.3000 0.5180329
4606.3500 0.58250105
4606.4000 0.6469692
4606.4500 0.71143735
4606.5000 0.70022425
4606.5500 0.66134952
4606.6000 0.62247478
4606.6500 0.58360004
4606.7000 0.55423632
4606.7500 0.53939014
4606.8000 0.52454396
4606.8500 0.50969778
4606.9000 0.49694903
4606.9500 0.51683466
4607.0000 0.53672029
4607.0500 0.55660592
4607.1000 0.57649155
4607.1500 0.61831665
4607.2000 0.66842047
4607.2500 0.71852429
4607.3000 0.76862811
4607.3500 0.8098048
4607.4000 0.83717942
4607.4500 0.86455403
4607.5000 0.89192865
4607.5500 0.91224327
4607.6000 0.82304738
4607.6500 0.7338515
4607.7000 0.64465561
4607.7500 0.55545973
4607.8000 0.49910393
4607.8500 0.45492854
4607.9000 0.41075316
4607.9500 0.36657777
4608.0000 0.34719683
4608.0500 0.365099
4608.1000 0.38300118
4608.1500 0.40090335
4608.2000 0.41986345
4608.2500 0.45278136
4608.3000 0.48569928
4608.3500 0.51861719
4608.4000 0.5515351
4608.4500 0.5704844
4608.5000 0.58459135
4608.5500 0.59869831
4608.6000 0.61280526
4608.6500 0.60941713
4608.7000 0.5814467
4608.7500 0.55347627
4608.8000 0.52550584
4608.8500 0.4940339
4608.9000 0.42718814
4608.9500 0.36034238
4609.0000 0.29349661
4609.0500 0.22665085
4609.1000 0.28728235
4609.1500 0.3869781
4609.2000 0.48667384
4609.2500 0.58636959
4609.3000 0.61557513
4609.3500 0.55575068
4609.4000 0.49592623
4609.4500 0.43610177
4609.5000 0.38624936
4609.5500 0.40992742
4609.6000 0.43360549
4609.6500 0.45728356
4609.7000 0.48096162
4609.7500 0.49421168
4609.8000 0.50482269
4609.8500 0.5154337
4609.9000 0.52604471
4609.9500 0.53562768
4610.0000 0.5440868
4610.0500 0.55254592
4610.1000 0.56100504
4610.1500 0.56087764
4610.2000 0.5151702
4610.2500 0.46946277
4610.3000 0.42375533
4610.3500 0.3780479
4610.4000 0.45408477
4610.4500 0.55324413
4610.5000 0.65240349
4610.5500 0.75156285
4610.6000 0.76598384
4610.6500 0.70322474
4610.7000 0.64046564
4610.7500 0.57770653
4610.8000 0.52612013
4610.8500 0.51723744
4610.9000 0.50835476
4610.9500 0.49947207
4611.0000 0.49058938
4611.0500 0.49896257
4611.1000 0.50941424
4611.1500 0.5198659
4611.2000 0.53031757
4611.2500 0.56563271
4611.3000 0.61904827
4611.3500 0.67246384
4611.4000 0.72587941
4611.4500 0.74896512
4611.5000 0.68835868
4611.5500 0.62775224
4611.6000 0.5671458
4611.6500 0.50653936
4611.7000 0.56048267
4611.7500 0.61990149
4611.8000 0.67932031
4611.8500 0.73873913
4611.9000 0.70084145
4611.9500 0.60911189
4612.0000 0.51738232
4612.0500 0.42565275
4612.1000 0.36054251
4612.1500 0.34841578
4612.2000 0.33628905
4612.2500 0.32416233
4612.3000 0.31401581
4612.3500 0.37792319
4612.4000 0.44183057
4612.4500 0.50573795
4612.5000 0.56964533
4612.5500 0.57578645
4612.6000 0.55932604
4612.6500 0.54286563
4612.7000 0.52640522
4612.7500 0.51864367
4612.8000 0.5232667
4612.8500 0.52788973
4612.9000 0.53251276
4612.9500 0.53701736
4613.0000 0.54053873
4613.0500 0.54406009
4613.1000 0.54758145
4613.1500 0.55110281
4613.2000 0.54870067
4613.2500 0.54484988
4613.3000 0.54099908
4613.3500 0.53714828
4613.4000 0.5374575
4613.4500 0.54191707
4613.5000 0.54637664
4613.5500 0.55083622
4613.6000 0.55270415
4613.6500 0.54412453
4613.7000 0.53554491
4613.7500 0.5269653
4613.8000 0.51838568
4613.8500 0.58996014
4613.9000 0.67063658
4613.9500 0.75131302
4614.0000 0.83198945
4614.0500 0.84829812
4614.1000 0.82140467
4614.1500 0.79451122
4614.2000 0.76761776
4614.2500 0.74533093
4614.3000 0.73380163
4614.3500 0.72227232
4614.4000 0.71074301
4614.4500 0.699168
4614.5000 0.66834193
4614.5500 0.63751585
4614.6000 0.60668978
4614.6500 0.57586371
4614.7000 0.56744065
4614.7500 0.56834689
4614.8000 0.56925312
4614.8500 0.57015935
4614.9000 0.59130861
4614.9500 0.64150102
4615.0000 0.69169343
4615.0500 0.74188585
4615.1000 0.77708022
4615.1500 0.69857911
4615.2000 0.62007799
4615.2500 0.54157688
4615.3000 0.46307576
4615.3500 0.45493215
4615.4000 0.46187336
4615.4500 0.46881457
4615.5000 0.47575577
4615.5500 0.48866297
4615.6000 0.50682997
4615.6500 0.52499697
4615.7000 0.54316398
4615.7500 0.55575048
4615.8000 0.55071861
4615.8500 0.54568673
4615.9000 0.54065486
4615.9500 0.53562299
4616.0000 0.50474233
4616.0500 0.47252242
4616.1000 0.44030252
4616.1500 0.40808262
4616.2000 0.42021154
4616.2500 0.45498107
4616.3000 0.4897506
4616.3500 0.52452012
4616.4000 0.56021179
4616.4500 0.59744422
4616.5000 0.63467666
4616.5500 0.6719091
4616.6000 0.69912873
4616.6500 0.62242927
4616.7000 0.54572981
4616.7500 0.46903035
4616.8000 0.3923309
4616.8500 0.40763749
4616.9000 0.44559357
4616.9500 0.48354966
4617.0000 0.52150575
4617.0500 0.53799579
4617.1000 0.53452159
4617.1500 0.53104739
4617.2000 0.52757319
4617.2500 0.52427573
4617.3000 0.52155396
4617.3500 0.51883219
4617.4000 0.51611043
4617.4500 0.51338866
4617.5000 0.51108212
4617.5500 0.50879617
4617.6000 0.50651021
4617.6500 0.50422426
4617.7000 0.51114945
4617.7500 0.52257648
4617.8000 0.53400351
4617.8500 0.54543053
4617.9000 0.55987573
4617.9500 0.57900676
4618.0000 0.59813779
4618.0500 0.61726882
4618.1000 0.63106496
4618.1500 0.60295163
4618.2000 0.57483829
4618.2500 0.54672495
4618.3000 0.51861162
4618.3500 0.50451406
4618.4000 0.49318258
4618.4500 0.4818511
4618.5000 0.47051962
4618.5500 0.48504282
4618.6000 0.52000219
4618.6500 0.55496156
4618.7000 0.58992093
4618.7500 0.61320137
4618.8000 0.60688922
4618.8500 0.60057708
4618.9000 0.59426493
4618.9500 0.58800323
4619.0000 0.58760511
4619.0500 0.587207
4619.1000 0.58680888
4619.1500 0.58641076
4619.2000 0.56034624
4619.2500 0.52503642
4619.3000 0.48972659
4619.3500 0.45441677
4619.4000 0.44446266
4619.4500 0.4639248
4619.5000 0.48338694
4619.5500 0.50284908
4619.6000 0.5118041
4619.6500 0.47648016
4619.7000 0.44115622
4619.7500 0.40583228
4619.8000 0.37050834
4619.8500 0.4142714
4619.9000 0.46474946
4619.9500 0.51522752
4620.0000 0.56570558
4620.0500 0.59196332
4620.1000 0.60533881
4620.1500 0.6187143
4620.2000 0.63208979
4620.2500 0.63864953
4620.3000 0.63431953
4620.3500 0.62998953
4620.4000 0.62565953
4620.4500 0.61793335
4620.5000 0.58487341
4620.5500 0.55181347
4620.6000 0.51875353
4620.6500 0.48569359
4620.7000 0.54760921
4620.7500 0.62594799
4620.8000 0.70428678
4620.8500 0.78262557
4620.9000 0.78971519
4620.9500 0.74688988
4621.0000 0.70406458
4621.0500 0.66123928
4621.1000 0.63089179
4621.1500 0.62650617
4621.2000 0.62212055
4621.2500 0.61773493
4621.3000 0.61231237
4621.3500 0.59127724
4621.4000 0.57024211
4621.4500 0.54920698
4621.5000 0.52817185
4621.5500 0.50643024
4621.6000 0.48451318
4621.6500 0.46259612
4621.7000 0.44067907
4621.7500 0.4551349
4621.8000 0.50045797
4621.8500 0.54578105
4621.9000 0.59110412
4621.9500 0.61398645
4622.0000 0.57971193
4622.0500 0.5454374
4622.1000 0.51116288
4622.1500 0.478015
4622.2000 0.49064522
4622.2500 0.50327544
4622.3000 0.51590566
4622.3500 0.52853588
4622.4000 0.55501722
4622.4500 0.58570112
4622.5000 0.61638503
4622.5500 0.64706893
4622.6000 0.65296294
4622.6500 0.63518394
4622.7000 0.61740494
4622.7500 0.59962595
4622.8000 0.58366015
4622.8500 0.57293819
4622.9000 0.56221623
4622.9500 0.55149427
4623.0000 0.54078304
4623.0500 0.5331677
4623.1000 0.52555236
4623.1500 0.51793702
4623.2000 0.51032168
4623.2500 0.50842225
4623.3000 0.50841719
4623.3500 0.50841212
4623.4000 0.50840706
4623.4500 0.50578038
4623.5000 0.50053013
4623.5500 0.49527988
4623.6000 0.49002963
4623.6500 0.49282007
4623.7000 0.51977711
4623.7500 0.54673415
4623.8000 0.57369118
4623.8500 0.60063466
4623.9000 0.60515962
4623.9500 0.60968459
4624.0000 0.61420956
4624.0500 0.61873452
4624.1000 0.63533849
4624.1500 0.65591178
4624.2000 0.67648508
4624.2500 0.69705837
4624.3000 0.69345419
4624.3500 0.66623011
4624.4000 0.63900602
4624.4500 0.61178194
4624.5000 0.59245943
4624.5500 0.59561304
4624.6000 0.59876665
4624.6500 0.60192025
4624.7000 0.60519464
4624.7500 0.61614062
4624.8000 0.62708659
4624.8500 0.63803257
4624.9000 0.64897855
4624.9500 0.62801103
4625.0000 0.59761823
4625.0500 0.56722542
4625.1000 0.53683262
4625.1500 0.52437844
4625.2000 0.52785711
4625.2500 0.53133578
4625.3000 0.53481445
4625.3500 0.53168061
4625.4000 0.51222544
4625.4500 0.49277027
4625.5000 0.4733151
4625.5500 0.45579364
4625.6000 0.47648794
4625.6500 0.49718224
4625.7000 0.51787654
4625.7500 0.53857084
4625.8000 0.52119937
4625.8500 0.49484707
4625.9000 0.46849477
4625.9500 0.44214247
4626.0000 0.4534502
4626.0500 0.49303336
4626.1000 0.53261652
4626.1500 0.57219968
4626.2000 0.61108372
4626.2500 0.64857582
4626.3000 0.68606791
4626.3500 0.72356001
4626.4000 0.75546107
4626.4500 0.73625979
4626.5000 0.71705852
4626.5500 0.69785724
4626.6000 0.67865596
4626.6500 0.67246974
4626.7000 0.66833191
4626.7500 0.66419408
4626.8000 0.66005624
4626.8500 0.64327886
4626.9000 0.61909501
4626.9500 0.59491116
4627.0000 0.57072731
4627.0500 0.56895095
4627.1000 0.60104579
4627.1500 0.63314063
4627.2000 0.66523547
4627.2500 0.69096184
4627.3000 0.68489763
4627.3500 0.67883341
4627.4000 0.6727692
4627.4500 0.66670498
4627.5000 0.63549851
4627.5500 0.60259436
4627.6000 0.56969021
4627.6500 0.53678606
4627.7000 0.51447565
4627.7500 0.49654036
4627.8000 0.47860507
4627.8500 0.46066978
4627.9000 0.47392598
4627.9500 0.52099931
4628.0000 0.56807264
4628.0500 0.61514596
4628.1000 0.64027549
4628.1500 0.60061738
4628.2000 0.56095927
4628.2500 0.52130116
4628.3000 0.48386147
4628.3500 0.52537979
4628.4000 0.56689812
4628.4500 0.60841644
4628.5000 0.64993476
4628.5500 0.6630089
4628.6000 0.66909448
4628.6500 0.67518005
4628.7000 0.68126562
4628.7500 0.66862086
4628.8000 0.64237482
4628.8500 0.61612879
4628.9000 0.58988275
4628.9500 0.56338004
4629.0000 0.53641501
4629.0500 0.50944997
4629.1000 0.48248493
4629.1500 0.46317175
4629.2000 0.49256057
4629.2500 0.5219494
4629.3000 0.55133822
4629.3500 0.58072704
4629.4000 0.56439282
4629.4500 0.54384882
4629.5000 0.52330482
4629.5500 0.50276082
4629.6000 0.52544401
4629.6500 0.56694392
4629.7000 0.60844383
4629.7500 0.64994375
4629.8000 0.65900707
4629.8500 0.63277084
4629.9000 0.60653462
4629.9500 0.58029839
4630.0000 0.55597006
4630.0500 0.53701216
4630.1000 0.51805426
4630.1500 0.49909636
4630.2000 0.48197297
4630.2500 0.50244873
4630.3000 0.52292449
4630.3500 0.54340026
4630.4000 0.56387602
4630.4500 0.57923506
4630.5000 0.59356114
4630.5500 0.60788721
4630.6000 0.62221329
4630.6500 0.61789976
4630.7000 0.60209676
4630.7500 0.58629376
4630.8000 0.57049076
4630.8500 0.56022249
4630.9000 0.55803812
4630.9500 0.55585375
4631.0000 0.55366937
4631.0500 0.55417962
4631.1000 0.56579392
4631.1500 0.57740823
4631.2000 0.58902254
4631.2500 0.60063685
4631.3000 0.5898806
4631.3500 0.57879002
4631.4000 0.56769943
4631.4500 0.55660884
4631.5000 0.55360144
4631.5500 0.55292209
4631.6000 0.55224273
4631.6500 0.55156337
4631.7000 0.5461778
4631.7500 0.53722207
4631.8000 0.52826633
4631.8500 0.51931059
4631.9000 0.51945172
4631.9500 0.5356259
4632.0000 0.55180007
4632.0500 0.56797425
4632.1000 0.57818926
4632.1500 0.55628076
4632.2000 0.53437226
4632.2500 0.51246376
4632.3000 0.49055526
4632.3500 0.52098721
4632.4000 0.55405298
4632.4500 0.58711875
4632.5000 0.62018452
4632.5500 0.61625565
4632.6000 0.59991784
4632.6500 0.58358002
4632.7000 0.5672422
4632.7500 0.55664941
4632.8000 0.55082045
4632.8500 0.54499148
4632.9000 0.53916252
4632.9500 0.52737023
4633.0000 0.50428975
4633.0500 0.48120927
4633.1000 0.45812878
4633.1500 0.44183355
4633.2000 0.46529763
4633.2500 0.48876171
4633.3000 0.51222578
4633.3500 0.53568986
4633.4000 0.52940368
4633.4500 0.52145301
4633.5000 0.51350235
4633.5500 0.50555168
4633.6000 0.50451143
4633.6500 0.5057823
4633.7000 0.50705316
4633.7500 0.50832402
4633.8000 0.504636
4633.8500 0.49693748
4633.9000 0.48923896
4633.9500 0.48154044
4634.0000 0.48376277
4634.0500 0.5038161
4634.1000 0.52386942
4634.1500 0.54392275
4634.2000 0.55585925
4634.2500 0.52618582
4634.3000 0.49651238
4634.3500 0.46683894
4634.4000 0.43716551
4634.4500 0.45617922
4634.5000 0.47669353
4634.5500 0.49720784
4634.6000 0.51772215
4634.6500 0.51490623
4634.7000 0.50543697
4634.7500 0.49596771
4634.8000 0.48649844
4634.8500 0.4839376
4634.9000 0.48623277
4634.9500 0.48852793
4635.0000 0.4908231
4635.0500 0.49324929
4635.1000 0.49587407
4635.1500 0.49849886
4635.2000 0.50112365
4635.2500 0.50638548
4635.3000 0.52163529
4635.3500 0.5368851
4635.4000 0.55213491
4635.4500 0.56649042
4635.5000 0.53993463
4635.5500 0.51337883
4635.6000 0.48682303
4635.6500 0.46026723
4635.7000 0.47244852
4635.7500 0.49228226
4635.8000 0.51211601
4635.8500 0.53194976
4635.9000 0.52782959
4635.9500 0.51080077
4636.0000 0.49377196
4636.0500 0.47674314
4636.1000 0.47045355
4636.1500 0.47648385
4636.2000 0.48251415
4636.2500 0.48854445
4636.3000 0.49699014
4636.3500 0.51156245
4636.4000 0.52613475
4636.4500 0.54070706
4636.5000 0.55498412
4636.5500 0.56663131
4636.6000 0.57827851
4636.6500 0.5899257
4636.7000 0.6015729
4636.7500 0.59015363
4636.8000 0.57673518
4636.8500 0.56331673
4636.9000 0.54989827
4636.9500 0.53410841
4637.0000 0.51748829
4637.0500 0.50086816
4637.1000 0.48424804
4637.1500 0.48936329
4637.2000 0.51140114
4637.2500 0.53343898
4637.3000 0.55547683
4637.3500 0.56775358
4637.4000 0.5644347
4637.4500 0.56111581
4637.5000 0.55779693
4637.5500 0.55302589
4637.6000 0.5427518
4637.6500 0.53247771
4637.7000 0.52220362
4637.7500 0.51237294
4637.8000 0.51523354
4637.8500 0.51809414
4637.9000 0.52095475
4637.9500 0.52381535
4638.0000 0.50266594
4638.0500 0.47760348
4638.1000 0.45254102
4638.1500 0.42747855
4638.2000 0.43644465
4638.2500 0.46090691
4638.3000 0.48536916
4638.3500 0.50983141
4638.4000 0.52497313
4638.4500 0.53135403
4638.5000 0.53773493
4638.5500 0.54411583
4638.6000 0.55184558
4638.6500 0.56213631
4638.7000 0.57242705
4638.7500 0.58271778
4638.8000 0.58896775
4638.8500 0.57625184
4638.9000 0.56353594
4638.9500 0.55082003
4639.0000 0.53806938
4639.0500 0.52067065
4639.1000 0.50327191
4639.1500 0.48587317
4639.2000 0.46847443
4639.2500 0.48508828
4639.3000 0.50816445
4639.3500 0.53124062
4639.4000 0.55431679
4639.4500 0.541006
4639.5000 0.51012714
4639.5500 0.47924827
4639.6000 0.44836941
4639.6500 0.44301905
4639.7000 0.46223648
4639.7500 0.48145391
4639.8000 0.50067135
4639.8500 0.52067007
4639.9000 0.54214608
4639.9500 0.56362209
4640.0000 0.5850981
4640.0500 0.6012995
4640.1000 0.59401398
4640.1500 0.58672846
4640.2000 0.57944294
4640.2500 0.57223607
4640.3000 0.56852536
4640.3500 0.56481466
4640.4000 0.56110395
4640.4500 0.55739325
4640.5000 0.54913666
4640.5500 0.54015077
4640.6000 0.53116488
4640.6500 0.52217899
4640.7000 0.52956821
4640.7500 0.54388756
4640.8000 0.55820691
4640.8500 0.57252626
4640.9000 0.58206243
4640.9500 0.58759991
4641.0000 0.59313738
4641.0500 0.59867486
4641.1000 0.6056963
4641.1500 0.61506012
4641.2000 0.62442393
4641.2500 0.63378774
4641.3000 0.63289849
4641.3500 0.59809471
4641.4000 0.56329092
4641.4500 0.52848713
4641.5000 0.49634363
4641.5500 0.49582661
4641.6000 0.4953096
4641.6500 0.49479259
4641.7000 0.49427558
4641.7500 0.51005011
4641.8000 0.52716121
4641.8500 0.54427231
4641.9000 0.56138341
4641.9500 0.56174635
4642.0000 0.55716046
4642.0500 0.55257458
4642.1000 0.5479887
4642.1500 0.53489511
4642.2000 0.51660451
4642.2500 0.49831391
4642.3000 0.48002331
4642.3500 0.47124171
4642.4000 0.47314848
4642.4500 0.47505524
4642.5000 0.47696201
4642.5500 0.48159128
4642.6000 0.49195398
4642.6500 0.50231668
4642.7000 0.51267938
4642.7500 0.52492111
4642.8000 0.54606634
4642.8500 0.56721156
4642.9000 0.58835678
4642.9500 0.60854231
4643.0000 0.59505876
4643.0500 0.58157521
4643.1000 0.56809166
4643.1500 0.55460812
4643.2000 0.55735915
4643.2500 0.5622758
4643.3000 0.56719246
4643.3500 0.57210911
4643.4000 0.56903331
4643.4500 0.56312066
4643.5000 0.55720802
4643.5500 0.55129538
4643.6000 0.5418766
4643.6500 0.53007051
4643.7000 0.51826442
4643.7500 0.50645833
4643.8000 0.49410637
4643.8500 0.48109511
4643.9000 0.46808385
4643.9500 0.4550726
4644.0000 0.45170704
4644.0500 0.4695999
4644.1000 0.48749277
4644.1500 0.50538564
4644.2000 0.52016519
4644.2500 0.52000296
4644.3000 0.51984072
4644.3500 0.51967849
4644.4000 0.51986003
4644.4500 0.52983947
4644.5000 0.53981892
4644.5500 0.54979837
4644.6000 0.55977782
4644.6500 0.55509193
4644.7000 0.54871308
4644.7500 0.54233423
4644.8000 0.53595538
4644.8500 0.54471535
4644.9000 0.55824906
4644.9500 0.57178277
4645.0000 0.58531649
4645.0500 0.57618274
4645.1000 0.55345834
4645.1500 0.53073394
4645.2000 0.50800953
4645.2500 0.49105592
4645.3000 0.48007935
4645.3500 0.46910277
4645.4000 0.45812619
4645.4500 0.45199241
4645.5000 0.45452724
4645.5500 0.45706206
4645.6000 0.45959689
4645.6500 0.46303873
4645.7000 0.46957323
4645.7500 0.47610773
4645.8000 0.48264224
4645.8500 0.48779674
4645.9000 0.47999675
4645.9500 0.47219676
4646.0000 0.46439676
4646.0500 0.45659677
4646.1000 0.47366143
4646.1500 0.49157677
4646.2000 0.50949212
4646.2500 0.52740746
4646.3000 0.53190069
4646.3500 0.53381288
4646.4000 0.53572507
4646.4500 0.53763726
4646.5000 0.53076912
4646.5500 0.52034357
4646.6000 0.50991802
4646.6500 0.49949247
4646.7000 0.4900465
4646.7500 0.48129325
4646.8000 0.47254
4646.8500 0.46378676
4646.9000 0.46272553
4646.9500 0.47065731
4647.0000 0.47858909
4647.0500 0.48652087
4647.1000 0.49178179
4647.1500 0.49179791
4647.2000 0.49181404
4647.2500 0.49183016
4647.3000 0.48933785
4647.3500 0.47768509
4647.4000 0.46603232
4647.4500 0.45437955
4647.5000 0.44412336
4647.5500 0.44737988
4647.6000 0.45063641
4647.6500 0.45389293
4647.7000 0.45714946
4647.7500 0.46323405
4647.8000 0.46939553
4647.8500 0.47555702
4647.9000 0.48171851
4647.9500 0.48513172
4648.0000 0.48807712
4648.0500 0.49102252
4648.1000 0.49396792
4648.1500 0.50424459
4648.2000 0.51714147
4648.2500 0.53003834
4648.3000 0.54293521
4648.3500 0.53617076
4648.4000 0.51735685
4648.4500 0.49854293
4648.5000 0.47972901
4648.5500 0.4707223
4648.6000 0.4713482
4648.6500 0.4719741
4648.7000 0.4726
4648.7500 0.47100222
4648.8000 0.4659281
4648.8500 0.46085397
4648.9000 0.45577985
4648.9500 0.45438915
4649.0000 0.46261755
4649.0500 0.47084595
4649.1000 0.47907435
4649.1500 0.48970226
4649.2000 0.51248791
4649.2500 0.53527356
4649.3000 0.55805921
4649.3500 0.5789645
4649.4000 0.56687937
4649.4500 0.55479424
4649.5000 0.54270911
4649.5500 0.53062397
4649.6000 0.51829124
4649.6500 0.50594387
4649.7000 0.4935965
4649.7500 0.48124912
4649.8000 0.48092691
4649.8500 0.48297103
4649.9000 0.48501515
4649.9500 0.48705927
4650.0000 0.49558952
4650.0500 0.50654151
4650.1000 0.5174935
4650.1500 0.52844549
4650.2000 0.52597815
4650.2500 0.51535049
4650.3000 0.50472284
4650.3500 0.49409519
4650.4000 0.49066264
4650.4500 0.49395938
4650.5000 0.49725613
4650.5500 0.50055288
4650.6000 0.50594084
4650.6500 0.514304
4650.7000 0.52266716
4650.7500 0.53103032
4650.8000 0.53371953
4650.8500 0.52377666
4650.9000 0.51383379
4650.9500 0.50389092
4651.0000 0.4936164
4651.0500 0.48208135
4651.1000 0.47054629
4651.1500 0.45901123
4651.2000 0.4510937
4651.2500 0.47311398
4651.3000 0.49513426
4651.3500 0.51715454
4651.4000 0.53898966
4651.4500 0.53916333
4651.5000 0.539337
4651.5500 0.53951067
4651.6000 0.53968434
4651.6500 0.54569102
4651.7000 0.55227245
4651.7500 0.55885388
4651.8000 0.56543531
4651.8500 0.55046363
4651.9000 0.53054397
4651.9500 0.51062431
4652.0000 0.49070465
4652.0500 0.49066132
4652.1000 0.49844618
4652.1500 0.50623105
4652.2000 0.51401591
4652.2500 0.51945851
4652.3000 0.5234822
4652.3500 0.5275059
4652.4000 0.53152959
4652.4500 0.52572918
4652.5000 0.51118951
4652.5500 0.49664984
4652.6000 0.48211017
4652.6500 0.4234193
4652.7000 0.30781293
4652.7500 0.19220655
4652.8000 0.07660018
4652.8500 0.0433418
4652.9000 0.16597885
4652.9500 0.2886159
4653.0000 0.41125295
4653.0500 0.50212148
4653.1000 0.5004702
4653.1500 0.49881893
4653.2000 0.49716765
4653.2500 0.49538288
4653.3000 0.49293095
4653.3500 0.49047901
4653.4000 0.48802708
4653.4500 0.48653384
4653.5000 0.4962163
4653.5500 0.50589875
4653.6000 0.51558121
4653.6500 0.52526367
4653.7000 0.51853219
4653.7500 0.51167589
4653.8000 0.50481959
4653.8500 0.49796329
4653.9000 0.51054936
4653.9500 0.52512747
4654.0000 0.53970558
4654.0500 0.55428369
4654.1000 0.55149212
4654.1500 0.54496076
4654.2000 0.5384294
4654.2500 0.53189804
4654.3000 0.52766029
4654.3500 0.52422933
4654.4000 0.52079838
4654.4500 0.51736742
4654.5000 0.51270148
4654.5500 0.50739331
4654.6000 0.50208514
4654.6500 0.49677696
4654.7000 0.49795064
4654.7500 0.50387317
4654.8000 0.50979571
4654.8500 0.51571825
4654.9000 0.52995186
4654.9500 0.55257706
4655.0000 0.57520227
4655.0500 0.59782747
4655.1000 0.60032399
4655.1500 0.57493142
4655.2000 0.54953884
4655.2500 0.52414627
4655.3000 0.50618587
4655.3500 0.50252724
4655.4000 0.4988686
4655.4500 0.49520997
4655.5000 0.49259016
4655.5500 0.49283839
4655.6000 0.49308662
4655.6500 0.49333485
4655.7000 0.49390066
4655.7500 0.49581164
4655.8000 0.49772263
4655.8500 0.49963361
4655.9000 0.50157993
4655.9500 0.50379231
4656.0000 0.5060047
4656.0500 0.50821708
4656.1000 0.50992078
4656.1500 0.50075669
4656.2000 0.4915926
4656.2500 0.48242852
4656.3000 0.47326443
4656.3500 0.4733268
4656.4000 0.47364206
4656.4500 0.47395733
4656.5000 0.47427259
4656.5500 0.46464679
4656.6000 0.45395432
4656.6500 0.44326186
4656.7000 0.4325694
4656.7500 0.43978555
4656.8000 0.45056508
4656.8500 0.46134461
4656.9000 0.47212414
4656.9500 0.48378375
4657.0000 0.49571197
4657.0500 0.50764019
4657.1000 0.51956841
4657.1500 0.52011628
4657.2000 0.51577405
4657.2500 0.51143182
4657.3000 0.50708959
4657.3500 0.49795252
4657.4000 0.48604634
4657.4500 0.47414016
4657.5000 0.46223397
4657.5500 0.46534049
4657.6000 0.47979394
4657.6500 0.49424739
4657.7000 0.50870085
4657.7500 0.51188481
4657.8000 0.50408121
4657.8500 0.4962776
4657.9000 0.48847399
4657.9500 0.49141239
4658.0000 0.50778592
4658.0500 0.52415946
4658.1000 0.54053299
4658.1500 0.53845046
4658.2000 0.50669197
4658.2500 0.47493349
4658.3000 0.44317501
4658.3500 0.42995803
4658.4000 0.45546845
4658.4500 0.48097887
4658.5000 0.50648929
4658.5500 0.52294101
4658.6000 0.51429994
4658.6500 0.50565886
4658.7000 0.49701778
4658.7500 0.49064608
4658.8000 0.4929201
4658.8500 0.49519413
4658.9000 0.49746815
4658.9500 0.49912161
4659.0000 0.49730622
4659.0500 0.49549082
4659.1000 0.49367543
4659.1500 0.49212236
4659.2000 0.49301817
4659.2500 0.49391398
4659.3000 0.49480979
4659.3500 0.49551586
4659.4000 0.49199284
4659.4500 0.48846982
4659.5000 0.4849468
4659.5500 0.48142378
4659.6000 0.50539837
4659.6500 0.52964242
4659.7000 0.55388646
4659.7500 0.5781305
4659.8000 0.55082655
4659.8500 0.52016389
4659.9000 0.48950124
4659.9500 0.45883859
4660.0000 0.46856757
4660.0500 0.48336348
4660.1000 0.4981594
4660.1500 0.51295532
4660.2000 0.51700485
4660.2500 0.51899863
4660.3000 0.52099242
4660.3500 0.5229862
4660.4000 0.52077957
4660.4500 0.51746632
4660.5000 0.51415308
4660.5500 0.51083983
4660.6000 0.5312378
4660.6500 0.5597637
4660.7000 0.5882896
4660.7500 0.6168155
4660.8000 0.62391305
4660.8500 0.62178906
4660.9000 0.61966506
4660.9500 0.61754106
4661.0000 0.60970246
4661.0500 0.5988502
4661.1000 0.58799794
4661.1500 0.57714568
4661.2000 0.5650547
4661.2500 0.55217673
4661.3000 0.53929875
4661.3500 0.52642078
4661.4000 0.53032517
4661.4500 0.54691888
4661.5000 0.56351259
4661.5500 0.5801063
4661.6000 0.58697542
4661.6500 0.5851711
4661.7000 0.58336678
4661.7500 0.58156245
4661.8000 0.57489493
4661.8500 0.56314278
4661.9000 0.55139064
4661.9500 0.53963849
4662.0000 0.54085766
4662.0500 0.55790791
4662.1000 0.57495817
4662.1500 0.59200842
4662.2000 0.59542808
4662.2500 0.57947596
4662.3000 0.56352383
4662.3500 0.54757171
4662.4000 0.53859243
4662.4500 0.54114265
4662.5000 0.54369287
4662.5500 0.54624309
4662.6000 0.54818302
4662.6500 0.54894818
4662.7000 0.54971334
4662.7500 0.5504785
4662.8000 0.54898223
4662.8500 0.54240727
4662.9000 0.5358323
4662.9500 0.52925734
4663.0000 0.52454538
4663.0500 0.52473323
4663.1000 0.52492109
4663.1500 0.52510894
4663.2000 0.5282653
4663.2500 0.54061692
4663.3000 0.55296853
4663.3500 0.56532014
4663.4000 0.5724263
4663.4500 0.5602429
4663.5000 0.5480595
4663.5500 0.5358761
4663.6000 0.52342792
4663.6500 0.50981112
4663.7000 0.49619433
4663.7500 0.48257754
4663.8000 0.47247186
4663.8500 0.48124146
4663.9000 0.49001107
4663.9500 0.49878068
4664.0000 0.50682284
4664.0500 0.51000271
4664.1000 0.51318258
4664.1500 0.51636245
4664.2000 0.51837048
4664.2500 0.51034943
4664.3000 0.50232838
4664.3500 0.49430733
4664.4000 0.48771913
4664.4500 0.49754491
4664.5000 0.5073707
4664.5500 0.51719649
4664.6000 0.52639338
4664.6500 0.52521195
4664.7000 0.52403052
4664.7500 0.52284909
4664.8000 0.52140578
4664.8500 0.512778
4664.9000 0.50415022
4664.9500 0.49552244
4665.0000 0.48730864
4665.0500 0.5074532
4665.1000 0.52759777
4665.1500 0.54774233
4665.2000 0.56788689
4665.2500 0.55349691
4665.3000 0.53892614
4665.3500 0.52435537
4665.4000 0.5097846
4665.4500 0.50458407
4665.5000 0.49961019
4665.5500 0.49463632
4665.6000 0.48966244
4665.6500 0.48999451
4665.7000 0.49055251
4665.7500 0.49111051
4665.8000 0.49166851
4665.8500 0.49690057
4665.9000 0.50241451
4665.9500 0.50792846
4666.0000 0.5134424
4666.0500 0.51649136
4666.1000 0.51934984
4666.1500 0.52220832
4666.2000 0.5250668
4666.2500 0.52579122
4666.3000 0.52631639
4666.3500 0.52684155
4666.4000 0.52736672
4666.4500 0.52917139
4666.5000 0.53111486
4666.5500 0.53305833
4666.6000 0.5350018
4666.6500 0.53820957
4666.7000 0.54157224
4666.7500 0.54493491
4666.8000 0.54829759
4666.8500 0.5316073
4666.9000 0.51220183
4666.9500 0.49279637
4667.0000 0.4733909
4667.0500 0.47595974
4667.1000 0.48175889
4667.1500 0.48755804
4667.2000 0.49335718
4667.2500 0.49165655
4667.3000 0.48877657
4667.3500 0.48589658
4667.4000 0.48301659
4667.4500 0.4734913
4667.5000 0.46286245
4667.5500 0.4522336
4667.6000 0.44160475
4667.6500 0.44179266
4667.7000 0.44385593
4667.7500 0.44591919
4667.8000 0.44798246
4667.8500 0.45197918
4667.9000 0.45632222
4667.9500 0.46066526
4668.0000 0.4650083
4668.0500 0.46228377
4668.1000 0.45826412
4668.1500 0.45424447
4668.2000 0.45022483
4668.2500 0.45856653
4668.3000 0.46920411
4668.3500 0.47984169
4668.4000 0.49047927
4668.4500 0.48945044
4668.5000 0.48624533
4668.5500 0.48304022
4668.6000 0.47983511
4668.6500 0.47516767
4668.7000 0.4702287
4668.7500 0.46528974
4668.8000 0.46035077
4668.8500 0.45256672
4668.9000 0.44426161
4668.9500 0.4359565
4669.0000 0.42765138
4669.0500 0.43522188
4669.1000 0.4456335
4669.1500 0.45604512
4669.2000 0.46645674
4669.2500 0.46666063
4669.3000 0.46509692
4669.3500 0.4635332
4669.4000 0.46196949
4669.4500 0.46871842
4669.5000 0.47684558
4669.5500 0.48497273
4669.6000 0.49309989
4669.6500 0.49054916
4669.7000 0.4863228
4669.7500 0.48209644
4669.8000 0.47787009
4669.8500 0.46998383
4669.9000 0.46156099
4669.9500 0.45313815
4670.0000 0.4447153
4670.0500 0.449501
4670.1000 0.4560691
4670.1500 0.46263719
4670.2000 0.46920529
4670.2500 0.48533585
4670.3000 0.50263304
4670.3500 0.51993023
4670.4000 0.53722742
4670.4500 0.51629977
4670.5000 0.49124829
4670.5500 0.46619681
4670.6000 0.44114534
4670.6500 0.4510213
4670.7000 0.46413456
4670.7500 0.47724782
4670.8000 0.49036108
4670.8500 0.49318104
4670.9000 0.49521344
4670.9500 0.49724583
4671.0000 0.49927822
4671.0500 0.47941553
4671.1000 0.45825082
4671.1500 0.43708611
4671.2000 0.4159214
4671.2500 0.43202628
4671.3000 0.44968348
4671.3500 0.46734068
4671.4000 0.48499788
4671.4500 0.48580816
4671.5000 0.4862281
4671.5500 0.48664803
4671.6000 0.48706796
4671.6500 0.48564295
4671.7000 0.48421033
4671.7500 0.48277771
4671.8000 0.48132821
4671.8500 0.47881583
4671.9000 0.47630345
4671.9500 0.47379107
4672.0000 0.47188231
4672.0500 0.48587965
4672.1000 0.499877
4672.1500 0.51387435
4672.2000 0.52696807
4672.2500 0.52556992
4672.3000 0.52417176
4672.3500 0.5227736
4672.4000 0.52047015
4672.4500 0.50803524
4672.5000 0.49560033
4672.5500 0.48316542
4672.6000 0.47439083
4672.6500 0.49630689
4672.7000 0.51822295
4672.7500 0.540139
4672.8000 0.55670683
4672.8500 0.5381941
4672.9000 0.51968137
4672.9500 0.50116864
4673.0000 0.48693645
4673.0500 0.49530839
4673.1000 0.50368033
4673.1500 0.51205228
4673.2000 0.51995083
4673.2500 0.52579599
4673.3000 0.53164116
4673.3500 0.53748633
4673.4000 0.54006684
4673.4500 0.53084553
4673.5000 0.52162422
4673.5500 0.5124029
4673.6000 0.50554916
4673.6500 0.50590475
4673.7000 0.50626033
4673.7500 0.50661591
4673.8000 0.50632422
4673.8500 0.50435948
4673.9000 0.50239473
4673.9500 0.50042998
4674.0000 0.49859186
4674.0500 0.4970331
4674.1000 0.49547434
4674.1500 0.49391558
4674.2000 0.49504045
4674.2500 0.50123713
4674.3000 0.50743382
4674.3500 0.5136305
4674.4000 0.51325844
4674.4500 0.50223126
4674.5000 0.49120409
4674.5500 0.48017691
4674.6000 0.47953169
4674.6500 0.49334639
4674.7000 0.50716108
4674.7500 0.52097578
4674.8000 0.52071264
4674.8500 0.50363265
4674.9000 0.48655265
4674.9500 0.46947266
4675.0000 0.46167074
4675.0500 0.4633485
4675.1000 0.46502626
4675.1500 0.46670402
4675.2000 0.4737502
4675.2500 0.48546644
4675.3000 0.49718268
4675.3500 0.50889892
4675.4000 0.51473113
4675.4500 0.51623465
4675.5000 0.51773818
4675.5500 0.51924171
4675.6000 0.51289773
4675.6500 0.50171775
4675.7000 0.49053776
4675.7500 0.47935778
4675.8000 0.48220439
4675.8500 0.49219693
4675.9000 0.50218947
4675.9500 0.51218201
4676.0000 0.5162439
4676.0500 0.51785354
4676.1000 0.51946318
4676.1500 0.52107283
4676.2000 0.5213905
4676.2500 0.52128589
4676.3000 0.52118127
4676.3500 0.52107665
4676.4000 0.5171595
4676.4500 0.51229546
4676.5000 0.50743142
4676.5500 0.50256738
4676.6000 0.50634018
4676.6500 0.51164131
4676.7000 0.51694245
4676.7500 0.52224358
4676.8000 0.52306491
4676.8500 0.52338547
4676.9000 0.52370603
4676.9500 0.5240266
4677.0000 0.52189384
4677.0500 0.51963325
4677.1000 0.51737266
4677.1500 0.51514517
4677.2000 0.52516234
4677.2500 0.53517952
4677.3000 0.5451967
4677.3500 0.55414169
4677.4000 0.54505644
4677.4500 0.53597119
4677.5000 0.52688594
4677.5500 0.51912252
4677.6000 0.52197045
4677.6500 0.52481838
4677.7000 0.5276663
4677.7500 0.52979307
4677.8000 0.5283128
4677.8500 0.52683253
4677.9000 0.52535226
4677.9500 0.52122001
4678.0000 0.50788362
4678.0500 0.49454722
4678.1000 0.48121083
4678.1500 0.47473988
4678.2000 0.48575338
4678.2500 0.49676689
4678.3000 0.5077804
4678.3500 0.51067253
4678.4000 0.4978997
4678.4500 0.48512688
4678.5000 0.47235405
4678.5500 0.46852278
4678.6000 0.47798587
4678.6500 0.48744897
4678.7000 0.49691206
4678.7500 0.50094119
4678.8000 0.49869376
4678.8500 0.49644634
4678.9000 0.49419892
4678.9500 0.49161274
4679.0000 0.48872271
4679.0500 0.48583267
4679.1000 0.48294263
4679.1500 0.48835171
4679.2000 0.49949315
4679.2500 0.51063459
4679.3000 0.52177603
4679.3500 0.51598595
4679.4000 0.50135657
4679.4500 0.48672719
4679.5000 0.47209782
4679.5500 0.47259902
4679.6000 0.47887532
4679.6500 0.48515162
4679.7000 0.49142792
4679.7500 0.48749475
4679.8000 0.48087574
4679.8500 0.47425673
4679.9000 0.46763772
4679.9500 0.46393651
4680.0000 0.46070676
4680.0500 0.45747701
4680.1000 0.45424726
4680.1500 0.45006572
4680.2000 0.44581395
4680.2500 0.44156218
4680.3000 0.43736384
4680.3500 0.45156547
4680.4000 0.4657671
4680.4500 0.47996873
4680.5000 0.49259372
4680.5500 0.48597219
4680.6000 0.47935066
4680.6500 0.47272913
4680.7000 0.46665808
4680.7500 0.46371253
4680.8000 0.46076698
4680.8500 0.45782143
4680.9000 0.45596058
4680.9500 0.45783588
4681.0000 0.45971119
4681.0500 0.4615865
4681.1000 0.46454237
4681.1500 0.470002
4681.2000 0.47546163
4681.2500 0.48092126
4681.3000 0.48435104
4681.3500 0.48445701
4681.4000 0.48456297
4681.4500 0.48466894
4681.5000 0.47860994
4681.5500 0.46525683
4681.6000 0.45190371
4681.6500 0.43855059
4681.7000 0.43569433
4681.7500 0.441846
4681.8000 0.44799766
4681.8500 0.45414933
4681.9000 0.45506398
4681.9500 0.45276205
4682.0000 0.45046013
4682.0500 0.4481582
4682.1000 0.45516972
4682.1500 0.46613378
4682.2000 0.47709785
4682.2500 0.48806192
4682.3000 0.48605401
4682.3500 0.48051056
4682.4000 0.47496711
4682.4500 0.46942366
4682.5000 0.46837603
4682.5500 0.46799538
4682.6000 0.46761473
4682.6500 0.46723408
4682.7000 0.46555321
4682.7500 0.46381394
4682.8000 0.46207467
4682.8500 0.460457
4682.9000 0.46145363
4682.9500 0.46245026
4683.0000 0.46344689
4683.0500 0.46507529
4683.1000 0.47081892
4683.1500 0.47656255
4683.2000 0.48230618
4683.2500 0.48713161
4683.3000 0.48875691
4683.3500 0.4903822
4683.4000 0.4920075
4683.4500 0.49110781
4683.5000 0.48469278
4683.5500 0.47827776
4683.6000 0.47186273
4683.6500 0.47258287
4683.7000 0.48372721
4683.7500 0.49487155
4683.8000 0.50601588
4683.8500 0.51295412
4683.9000 0.51568412
4683.9500 0.51841412
4684.0000 0.52114413
4684.0500 0.51181804
4684.1000 0.49427282
4684.1500 0.47672759
4684.2000 0.45918237
4684.2500 0.46165557
4684.3000 0.47309766
4684.3500 0.48453976
4684.4000 0.49598185
4684.4500 0.48703368
4684.5000 0.47259275
4684.5500 0.45815182
4684.6000 0.44371089
4684.6500 0.44888298
4684.7000 0.45657362
4684.7500 0.46426427
4684.8000 0.47195491
4684.8500 0.47405428
4684.9000 0.47607333
4684.9500 0.47809238
4685.0000 0.48062642
4685.0500 0.48858537
4685.1000 0.49654431
4685.1500 0.50450326
4685.2000 0.50933133
4685.2500 0.50070606
4685.3000 0.49208079
4685.3500 0.48345552
4685.4000 0.48150971
4685.4500 0.49575179
4685.5000 0.50999388
4685.5500 0.52423597
4685.6000 0.52507992
4685.6500 0.50554204
4685.7000 0.48600417
4685.7500 0.46646629
4685.8000 0.46113239
4685.8500 0.46986742
4685.9000 0.47860244
4685.9500 0.48733746
4686.0000 0.49109339
4686.0500 0.49165755
4686.1000 0.49222171
4686.1500 0.49278587
4686.2000 0.48753454
4686.2500 0.47999441
4686.3000 0.47245428
4686.3500 0.46491415
4686.4000 0.46531302
4686.4500 0.46737244
4686.5000 0.46943187
4686.5500 0.47149129
4686.6000 0.48372919
4686.6500 0.49664357
4686.7000 0.50955795
4686.7500 0.52143165
4686.8000 0.5133514
4686.8500 0.50527114
4686.9000 0.49719089
4686.9500 0.49124778
4687.0000 0.49630427
4687.0500 0.50136076
4687.1000 0.50641725
4687.1500 0.5066937
4687.2000 0.49449543
4687.2500 0.48229717
4687.3000 0.47009891
4687.3500 0.45979365
4687.4000 0.45241711
4687.4500 0.44504057
4687.5000 0.43766403
4687.5500 0.43557584
4687.6000 0.43858086
4687.6500 0.44158587
4687.7000 0.44459089
4687.7500 0.44471271
4687.8000 0.44312247
4687.8500 0.44153222
4687.9000 0.43994197
4687.9500 0.44593911
4688.0000 0.45451031
4688.0500 0.46308151
4688.1000 0.47165271
4688.1500 0.4741362
4688.2000 0.47568721
4688.2500 0.47723821
4688.3000 0.47878921
4688.3500 0.46080076
4688.4000 0.44259271
4688.4500 0.42438466
4688.5000 0.40865547
4688.5500 0.41261326
4688.6000 0.41657104
4688.6500 0.42052883
4688.7000 0.42846044
4688.7500 0.44925575
4688.8000 0.47005107
4688.8500 0.49084639
4688.9000 0.50197443
4688.9500 0.49602148
4689.0000 0.49006853
4689.0500 0.48411558
4689.1000 0.47819049
4689.1500 0.47229462
4689.2000 0.46639876
4689.2500 0.4605029
4689.3000 0.46366169
4689.3500 0.47246671
4689.4000 0.48127172
4689.4500 0.49007673
4689.5000 0.49633843
4689.5500 0.50172973
4689.6000 0.50712103
4689.6500 0.51251233
4689.7000 0.50263247
4689.7500 0.49057828
4689.8000 0.4785241
4689.8500 0.46656514
4689.9000 0.46824826
4689.9500 0.46993138
4690.0000 0.4716145
4690.0500 0.4735133
4690.1000 0.47673992
4690.1500 0.47996654
4690.2000 0.48319317
4690.2500 0.48755985
4690.3000 0.49495079
4690.3500 0.50234173
4690.4000 0.50973266
4690.4500 0.50670953
4690.5000 0.48864042
4690.5500 0.47057132
4690.6000 0.45250221
4690.6500 0.45396121
4690.7000 0.4716881
4690.7500 0.48941499
4690.8000 0.50714188
4690.8500 0.50440198
4690.9000 0.49217497
4690.9500 0.47994795
4691.0000 0.46772093
4691.0500 0.46208641
4691.1000 0.45787704
4691.1500 0.45366767
4691.2000 0.4494583
4691.2500 0.45308915
4691.3000 0.45702584
4691.3500 0.46096253
4691.4000 0.46498082
4691.4500 0.46970288
4691.5000 0.47442495
4691.5500 0.47914702
4691.6000 0.485652
4691.6500 0.49760464
4691.7000 0.50955728
4691.7500 0.52150993
4691.8000 0.52609751
4691.8500 0.51918936
4691.9000 0.51228121
4691.9500 0.50537307
4692.0000 0.50103911
4692.0500 0.49893669
4692.1000 0.49683428
4692.1500 0.49473186
4692.2000 0.4866664
4692.2500 0.47582104
4692.3000 0.46497567
4692.3500 0.45413031
4692.4000 0.45000426
4692.4500 0.4472577
4692.5000 0.44451113
4692.5500 0.44176457
4692.6000 0.44798932
4692.6500 0.45441088
4692.7000 0.46083243
4692.7500 0.46859268
4692.8000 0.4854208
4692.8500 0.50224893
4692.9000 0.51907705
4692.9500 0.52621689
4693.0000 0.50844186
4693.0500 0.49066683
4693.1000 0.47289179
4693.1500 0.46597595
4693.2000 0.47330508
4693.2500 0.4806342
4693.3000 0.48796333
4693.3500 0.48423772
4693.4000 0.47271457
4693.4500 0.46119143
4693.5000 0.44966828
4693.5500 0.45109783
4693.6000 0.45704408
4693.6500 0.46299034
4693.7000 0.4689366
4693.7500 0.46416456
4693.8000 0.45817178
4693.8500 0.452179
4693.9000 0.4469812
4693.9500 0.45536523
4694.0000 0.46374927
4694.0500 0.47213331
4694.1000 0.47917725
4694.1500 0.48130149
4694.2000 0.48342572
4694.2500 0.48554996
4694.3000 0.48149513
4694.3500 0.46710247
4694.4000 0.45270981
4694.4500 0.43831715
4694.5000 0.44231127
4694.5500 0.46226247
4694.6000 0.48221367
4694.6500 0.50216488
4694.7000 0.50238019
4694.7500 0.49405173
4694.8000 0.48572328
4694.8500 0.47739482
4694.9000 0.46903575
4694.9500 0.46067176
4695.0000 0.45230777
4695.0500 0.44451184
4695.1000 0.45747898
4695.1500 0.47044612
4695.2000 0.48341326
4695.2500 0.49187591
4695.3000 0.48148783
4695.3500 0.47109975
4695.4000 0.46071167
4695.4500 0.45596654
4695.5000 0.46123804
4695.5500 0.46650954
4695.6000 0.47178105
4695.6500 0.47810685
4695.7000 0.48537105
4695.7500 0.49263526
4695.8000 0.49989947
4695.8500 0.49246306
4695.9000 0.47869779
4695.9500 0.46493253
4696.0000 0.45116727
4696.0500 0.44262022
4696.1000 0.43485109
4696.1500 0.42708196
4696.2000 0.42014868
4696.2500 0.43194303
4696.3000 0.44373737
4696.3500 0.45553172
4696.4000 0.46307617
4696.4500 0.45523427
4696.5000 0.44739238
4696.5500 0.43955049
4696.6000 0.43653011
4696.6500 0.44100736
4696.7000 0.4454846
4696.7500 0.44996185
4696.8000 0.4492775
4696.8500 0.44466076
4696.9000 0.44004401
4696.9500 0.43542726
4697.0000 0.43986335
4697.0500 0.44739761
4697.1000 0.45493186
4697.1500 0.46246612
4697.2000 0.46335638
4697.2500 0.46369798
4697.3000 0.46403959
4697.3500 0.46436637
4697.4000 0.46456488
4697.4500 0.46476339
4697.5000 0.46496191
4697.5500 0.45851912
4697.6000 0.43540243
4697.6500 0.41228573
4697.7000 0.38916903
4697.7500 0.3905628
4697.8000 0.41989908
4697.8500 0.44923537
4697.9000 0.47857165
4697.9500 0.48559787
4698.0000 0.4806621
4698.0500 0.47572632
4698.1000 0.47079054
4698.1500 0.46452381
4698.2000 0.4579958
4698.2500 0.4514678
4698.3000 0.44535585
4698.3500 0.45766628
4698.4000 0.4699767
4698.4500 0.48228713
4698.5000 0.49043672
4698.5500 0.48288813
4698.6000 0.47533955
4698.6500 0.46779096
4698.7000 0.46249281
4698.7500 0.46059572
4698.8000 0.45869862
4698.8500 0.45680153
4698.9000 0.44929286
4698.9500 0.43785445
4699.0000 0.42641604
4699.0500 0.41497764
4699.1000 0.41925311
4699.1500 0.42797831
4699.2000 0.43670352
4699.2500 0.44542872
4699.3000 0.44781312
4699.3500 0.4500132
4699.4000 0.45221329
4699.4500 0.4538889
4699.5000 0.45291878
4699.5500 0.45194866
4699.6000 0.45097853
4699.6500 0.45051964
4699.7000 0.45096809
4699.7500 0.45141654
4699.8000 0.451865
4699.8500 0.45514038
4699.9000 0.46066803
4699.9500 0.46619568
4700.0000 0.47172333
4700.0500 0.46476057
4700.1000 0.45372301
4700.1500 0.44268546
4700.2000 0.4316479
4700.2500 0.43615449
4700.3000 0.44143261
4700.3500 0.44671073
4700.4000 0.45168907
4700.4500 0.45500349
4700.5000 0.45831792
4700.5500 0.46163234
4700.6000 0.46195431
4700.6500 0.45681231
4700.7000 0.45167031
4700.7500 0.44652831
4700.8000 0.43386526
4700.8500 0.41520412
4700.9000 0.39654297
4700.9500 0.37788183
4701.0000 0.38709176
4701.0500 0.40510119
4701.1000 0.42311063
4701.1500 0.44112006
4701.2000 0.43665188
4701.2500 0.43136861
4701.3000 0.42608535
4701.3500 0.42219096
4701.4000 0.42501883
4701.4500 0.4278467
4701.5000 0.43067457
4701.5500 0.43000153
4701.6000 0.42358511
4701.6500 0.41716869
4701.7000 0.41075226
4701.7500 0.4149099
4701.8000 0.42649356
4701.8500 0.43807721
4701.9000 0.44966087
4701.9500 0.44333711
4702.0000 0.43246456
4702.0500 0.42159201
4702.1000 0.41087501
4702.1500 0.41791029
4702.2000 0.42494556
4702.2500 0.43198083
4702.3000 0.43783683
4702.3500 0.43954069
4702.4000 0.44124454
4702.4500 0.44294839
4702.5000 0.44355918
4702.5500 0.44274999
4702.6000 0.44194079
4702.6500 0.44113159
4702.7000 0.43576099
4702.7500 0.42793401
4702.8000 0.42010703
4702.8500 0.41228004
4702.9000 0.40751009
4702.9500 0.40321212
4703.0000 0.39891414
4703.0500 0.39545223
4703.1000 0.4011316
4703.1500 0.40681096
4703.2000 0.41249033
4703.2500 0.41313089
4703.3000 0.4021582
4703.3500 0.3911855
4703.4000 0.38021281
4703.4500 0.37983722
4703.5000 0.3891402
4703.5500 0.39844317
4703.6000 0.40774615
4703.6500 0.4079781
4703.7000 0.40508831
4703.7500 0.40219851
4703.8000 0.39930872
4703.8500 0.40459551
4703.9000 0.41016531
4703.9500 0.41573511
4704.0000 0.41911209
4704.0500 0.41316398
4704.1000 0.40721587
4704.1500 0.40126775
4704.2000 0.39590814
4704.2500 0.39137646
4704.3000 0.38684478
4704.3500 0.38231309
4704.4000 0.39383993
4704.4500 0.41432766
4704.5000 0.43481539
4704.5500 0.45530312
4704.6000 0.45050093
4704.6500 0.44190188
4704.7000 0.43330284
4704.7500 0.42352022
4704.8000 0.40288672
4704.8500 0.38225323
4704.9000 0.36161973
4704.9500 0.35223985
4705.0000 0.36586439
4705.0500 0.37948894
4705.1000 0.39311349
4705.1500 0.39877503
4705.2000 0.39817749
4705.2500 0.39757996
4705.3000 0.39698243
4705.3500 0.40352259
4705.4000 0.41193075
4705.4500 0.4203389
4705.5000 0.42838049
4705.5500 0.42296347
4705.6000 0.41754645
4705.6500 0.41212943
4705.7000 0.40610228
4705.7500 0.398354
4705.8000 0.39060571
4705.8500 0.38285742
4705.9000 0.38099
4705.9500 0.38504642
4706.0000 0.38910285
4706.0500 0.39315928
4706.1000 0.41289688
4706.1500 0.4382619
4706.2000 0.46362693
4706.2500 0.48899196
4706.3000 0.47599257
4706.3500 0.46200554
4706.4000 0.44801851
4706.4500 0.43642454
4706.5000 0.43355959
4706.5500 0.43069464
4706.6000 0.42782969
4706.6500 0.424484
4706.7000 0.4205664
4706.7500 0.41664879
4706.8000 0.41273119
4706.8500 0.41334612
4706.9000 0.41590837
4706.9500 0.41847063
4707.0000 0.42103288
4707.0500 0.42198675
4707.1000 0.42284437
4707.1500 0.42370199
4707.2000 0.42493965
4707.2500 0.4278095
4707.3000 0.43067934
4707.3500 0.43354919
4707.4000 0.43158229
4707.4500 0.42334486
4707.5000 0.41510743
4707.5500 0.40687001
4707.6000 0.40943813
4707.6500 0.41701404
4707.7000 0.42458995
4707.7500 0.43216586
4707.8000 0.44324641
4707.8500 0.45458086
4707.9000 0.46591531
4707.9500 0.47316307
4708.0000 0.46214689
4708.0500 0.45113071
4708.1000 0.44011453
4708.1500 0.43574391
4708.2000 0.4400221
4708.2500 0.44430029
4708.3000 0.44857848
4708.3500 0.44412308
4708.4000 0.43569686
4708.4500 0.42727063
4708.5000 0.41884441
4708.5500 0.42351422
4708.6000 0.42899552
4708.6500 0.43447683
4708.7000 0.43584945
4708.7500 0.42048784
4708.8000 0.40512624
4708.8500 0.38976463
4708.9000 0.3766828
4708.9500 0.36634416
4709.0000 0.35600552
4709.0500 0.34566688
4709.1000 0.34929933
4709.1500 0.35858613
4709.2000 0.36787293
4709.2500 0.37715973
4709.3000 0.3883578
4709.3500 0.3996126
4709.4000 0.4108674
4709.4500 0.42106302
4709.5000 0.42774712
4709.5500 0.43443122
4709.6000 0.44111532
4709.6500 0.43934255
4709.7000 0.42889233
4709.7500 0.41844211
4709.8000 0.4079919
4709.8500 0.40808666
4709.9000 0.41157256
4709.9500 0.41505846
4710.0000 0.41846972
4710.0500 0.41840795
4710.1000 0.41834618
4710.1500 0.41828441
4710.2000 0.4193606
4710.2500 0.42326816
4710.3000 0.42717572
4710.3500 0.43108328
4710.4000 0.4284776
4710.4500 0.42062013
4710.5000 0.41276266
4710.5500 0.40490519
4710.6000 0.3988797
4710.6500 0.39325145
4710.7000 0.38762321
4710.7500 0.38298571
4710.8000 0.38821208
4710.8500 0.39343845
4710.9000 0.39866482
4710.9500 0.39505211
4711.0000 0.37586241
4711.0500 0.35667272
4711.1000 0.33748302
4711.1500 0.33867382
4711.2000 0.3516281
4711.2500 0.36458239
4711.3000 0.37753667
4711.3500 0.3869639
4711.4000 0.3960309
4711.4500 0.4050979
4711.5000 0.4124267
4711.5500 0.41193795
4711.6000 0.4114492
4711.6500 0.41096045
4711.7000 0.41675918
4711.7500 0.43000618
4711.8000 0.44325319
4711.8500 0.45650019
4711.9000 0.44826643
4711.9500 0.43228265
4712.0000 0.41629887
4712.0500 0.40058532
4712.1000 0.40497194
4712.1500 0.40935855
4712.2000 0.41374517
4712.2500 0.41887057
4712.3000 0.42577916
4712.3500 0.43268775
4712.4000 0.43959634
4712.4500 0.43556305
4712.5000 0.42340561
4712.5500 0.41124818
4712.6000 0.39909075
4712.6500 0.41155586
4712.7000 0.42815888
4712.7500 0.44476189
4712.8000 0.4569831
4712.8500 0.44220547
4712.9000 0.42742783
4712.9500 0.4126502
4713.0000 0.40957733
4713.0500 0.42237785
4713.1000 0.43517837
4713.1500 0.44797889
4713.2000 0.45105127
4713.2500 0.45015959
4713.3000 0.44926791
4713.3500 0.44837623
4713.4000 0.44120858
4713.4500 0.4340273
4713.5000 0.42684603
4713.5500 0.42063084
4713.6000 0.41682208
4713.6500 0.41301331
4713.7000 0.40920455
4713.7500 0.41032456
4713.8000 0.4150673
4713.8500 0.41981003
4713.9000 0.42455276
4713.9500 0.41911863
4714.0000 0.41213079
4714.0500 0.40514296
4714.1000 0.39963701
4714.1500 0.40190999
4714.2000 0.40418297
4714.2500 0.40645594
4714.3000 0.41626693
4714.3500 0.43515203
4714.4000 0.45403713
4714.4500 0.47292223
4714.5000 0.47620634
4714.5500 0.47425665
4714.6000 0.47230696
4714.6500 0.47010903
4714.7000 0.46265598
4714.7500 0.45520292
4714.8000 0.44774987
4714.8500 0.44351516
4714.9000 0.44545323
4714.9500 0.4473913
4715.0000 0.44932936
4715.0500 0.44035534
4715.1000 0.42528516
4715.1500 0.41021498
4715.2000 0.3951448
4715.2500 0.40648909
4715.3000 0.41946761
4715.3500 0.43244612
4715.4000 0.442279
4715.4500 0.44232207
4715.5000 0.44236513
4715.5500 0.4424082
4715.6000 0.4344638
4715.6500 0.41987527
4715.7000 0.40528674
4715.7500 0.39069821
4715.8000 0.39738411
4715.8500 0.40782677
4715.9000 0.41826944
4715.9500 0.42805377
4716.0000 0.43425494
4716.0500 0.44045611
4716.1000 0.44665728
4716.1500 0.45324924
4716.2000 0.46029665
4716.2500 0.46734406
4716.3000 0.47439147
4716.3500 0.46526282
4716.4000 0.45129301
4716.4500 0.43732321
4716.5000 0.42517891
4716.5500 0.43437267
4716.6000 0.44356642
4716.6500 0.45276018
4716.7000 0.45702278
4716.7500 0.45354807
4716.8000 0.45007336
4716.8500 0.44659865
4716.9000 0.43769433
4716.9500 0.42647377
4717.0000 0.41525322
4717.0500 0.40441194
4717.1000 0.42031965
4717.1500 0.43622736
4717.2000 0.45213507
4717.2500 0.45770596
4717.3000 0.44212572
4717.3500 0.42654548
4717.4000 0.41096524
4717.4500 0.39659106
4717.5000 0.38288397
4717.5500 0.36917688
4717.6000 0.3554698
4717.6500 0.36075863
4717.7000 0.36682379
4717.7500 0.37288895
4717.8000 0.38155994
4717.8500 0.3969684
4717.9000 0.41237687
4717.9500 0.42778533
4718.0000 0.42942043
4718.0500 0.4218099
4718.1000 0.41419938
4718.1500 0.40658885
4718.2000 0.39683626
4718.2500 0.38689508
4718.3000 0.37695391
4718.3500 0.37097781
4718.4000 0.37748136
4718.4500 0.3839849
4718.5000 0.39048845
4718.5500 0.39435502
4718.6000 0.39618668
4718.6500 0.39801833
4718.7000 0.39984999
4718.7500 0.41607695
4718.8000 0.43410052
4718.8500 0.4521241
4718.9000 0.46238914
4718.9500 0.44431657
4719.0000 0.42624399
4719.0500 0.40817141
4719.1000 0.39075203
4719.1500 0.37388431
4719.2000 0.35701659
4719.2500 0.34014888
4719.3000 0.37995256
4719.3500 0.42817864
4719.4000 0.47640472
4719.4500 0.50736735
4719.5000 0.46944165
4719.5500 0.43151595
4719.6000 0.39359025
4719.6500 0.39160938
4719.7000 0.42131925
4719.7500 0.45102912
4719.8000 0.48073898
4719.8500 0.4740504
4719.9000 0.46162294
4719.9500 0.44919549
4720.0000 0.43754481
4720.0500 0.42905125
4720.1000 0.42055769
4720.1500 0.41206413
4720.2000 0.41355001
4720.2500 0.42380078
4720.3000 0.43405155
4720.3500 0.44430231
4720.4000 0.44174851
4720.4500 0.43725823
4720.5000 0.43276796
4720.5500 0.42631987
4720.6000 0.4123332
4720.6500 0.39834654
4720.7000 0.38435987
4720.7500 0.38589882
4720.8000 0.40040011
4720.8500 0.4149014
4720.9000 0.42940269
4720.9500 0.42189618
4721.0000 0.41153293
4721.0500 0.40116968
4721.1000 0.39795636
4721.1500 0.41915712
4721.2000 0.44035788
4721.2500 0.46155863
4721.3000 0.45348156
4721.3500 0.42324832
4721.4000 0.39301508
4721.4500 0.36278184
4721.5000 0.38309714
4721.5500 0.40821492
4721.6000 0.43333269
4721.6500 0.45223768
4721.7000 0.45332492
4721.7500 0.45441216
4721.8000 0.45549941
4721.8500 0.44584513
4721.9000 0.42918174
4721.9500 0.41251835
4722.0000 0.39585496
4722.0500 0.41755296
4722.1000 0.44114164
4722.1500 0.46473031
4722.2000 0.47917217
4722.2500 0.4724955
4722.3000 0.46581883
4722.3500 0.45914215
4722.4000 0.43974679
4722.4500 0.41358414
4722.5000 0.38742149
4722.5500 0.36141651
4722.6000 0.37031354
4722.6500 0.37921058
4722.7000 0.38810761
4722.7500 0.39372617
4722.8000 0.39345475
4722.8500 0.39318334
4722.9000 0.39291192
4722.9500 0.40069442
4723.0000 0.41173522
4723.0500 0.42277602
4723.1000 0.43340471
4723.1500 0.43835369
4723.2000 0.44330266
4723.2500 0.44825164
4723.3000 0.45068955
4723.3500 0.44972503
4723.4000 0.44876051
4723.4500 0.44779599
4723.5000 0.46028013
4723.5500 0.47649328
4723.6000 0.49270643
4723.6500 0.50254995
4723.7000 0.47406323
4723.7500 0.44557652
4723.8000 0.4170898
4723.8500 0.4045881
4723.9000 0.40785667
4723.9500 0.41112525
4724.0000 0.41439382
4724.0500 0.42950539
4724.1000 0.44645635
4724.1500 0.46340731
4724.2000 0.47335433
4724.2500 0.45972711
4724.3000 0.44609989
4724.3500 0.43247268
4724.4000 0.42502498
4724.4500 0.42180384
4724.5000 0.4185827
4724.5500 0.41536157
4724.6000 0.4112672
4724.6500 0.40713639
4724.7000 0.40300557
4724.7500 0.40201462
4724.8000 0.40747653
4724.8500 0.41293843
4724.9000 0.41840033
4724.9500 0.43436427
4725.0000 0.45491503
4725.0500 0.47546579
4725.1000 0.49112323
4725.1500 0.43754414
4725.2000 0.38396504
4725.2500 0.33038594
4725.3000 0.32017363
4725.3500 0.36576141
4725.4000 0.41134919
4725.4500 0.45693697
4725.5000 0.45124651
4725.5500 0.43352126
4725.6000 0.41579601
4725.6500 0.39731123
4725.7000 0.3754542
4725.7500 0.35359716
4725.8000 0.33174013
4725.8500 0.33986209
4725.9000 0.37163101
4725.9500 0.40339993
4726.0000 0.43516885
4726.0500 0.42017822
4726.1000 0.40196675
4726.1500 0.38375528
4726.2000 0.37444725
4726.2500 0.38464658
4726.3000 0.39484592
4726.3500 0.40504525
4726.4000 0.41841681
4726.4500 0.43319688
4726.5000 0.44797696
4726.5500 0.4602333
4726.6000 0.4404171
4726.6500 0.42060089
4726.7000 0.40078469
4726.7500 0.39962134
4726.8000 0.42082829
4726.8500 0.44203524
4726.9000 0.4632422
4726.9500 0.46147333
4727.0000 0.45525434
4727.0500 0.44903534
4727.1000 0.44409811
4727.1500 0.44365031
4727.2000 0.4432025
4727.2500 0.44275469
4727.3000 0.44946367
4727.3500 0.46079151
4727.4000 0.47211935
4727.4500 0.48344718
4727.5000 0.46299484
4727.5500 0.44237424
4727.6000 0.42175363
4727.6500 0.41275108
4727.7000 0.4224637
4727.7500 0.43217631
4727.8000 0.44188892
4727.8500 0.44717385
4727.9000 0.45115561
4727.9500 0.45513737
4728.0000 0.45747895
4728.0500 0.45142914
4728.1000 0.44537934
4728.1500 0.43932954
4728.2000 0.4323239
4728.2500 0.42455407
4728.3000 0.41678425
4728.3500 0.40901442
4728.4000 0.40488403
4728.4500 0.4009483
4728.5000 0.39701256
4728.5500 0.40171362
4728.6000 0.42288075
4728.6500 0.44404788
4728.7000 0.46521502
4728.7500 0.46563345
4728.8000 0.45876917
4728.8500 0.45190488
4728.9000 0.44152233
4728.9500 0.40909738
4729.0000 0.37667244
4729.0500 0.34424749
4729.1000 0.34994258
4729.1500 0.38858346
4729.2000 0.42722433
4729.2500 0.46586521
4729.3000 0.4515446
4729.3500 0.43363153
4729.4000 0.41571845
4729.4500 0.39605561
4729.5000 0.3729636
4729.5500 0.34987158
4729.6000 0.32677956
4729.6500 0.36943772
4729.7000 0.43513026
4729.7500 0.5008228
4729.8000 0.54905221
4729.8500 0.49394994
4729.9000 0.43884766
4729.9500 0.38374539
4730.0000 0.38338356
4730.0500 0.42782899
4730.1000 0.47227442
4730.1500 0.51671985
4730.2000 0.47955381
4730.2500 0.43867872
4730.3000 0.39780363
4730.3500 0.37453164
4730.4000 0.38195323
4730.4500 0.38937482
4730.5000 0.39679642
4730.5500 0.4023575
4730.6000 0.40737453
4730.6500 0.41239157
4730.7000 0.41145845
4730.7500 0.38419429
4730.8000 0.35693014
4730.8500 0.32966598
4730.9000 0.33145996
4730.9500 0.35293332
4731.0000 0.37440667
4731.0500 0.39547591
4731.1000 0.37407978
4731.1500 0.35268366
4731.2000 0.33128754
4731.2500 0.32166627
4731.3000 0.32804418
4731.3500 0.33442208
4731.4000 0.34079998
4731.4500 0.33752718
4731.5000 0.33241333
4731.5500 0.32729948
4731.6000 0.32873255
4731.6500 0.34909786
4731.7000 0.36946316
4731.7500 0.38982846
4731.8000 0.39528378
4731.8500 0.39357421
4731.9000 0.39186463
4731.9500 0.38927478
4732.0000 0.37832052
4732.0500 0.36736626
4732.1000 0.35641201
4732.1500 0.34672179
4732.2000 0.33821566
4732.2500 0.32970953
4732.3000 0.3212034
4732.3500 0.32002209
4732.4000 0.31931863
4732.4500 0.31861518
4732.5000 0.33227453
4732.5500 0.3711922
4732.6000 0.41010987
4732.6500 0.44902754
4732.7000 0.41230294
4732.7500 0.35517534
4732.8000 0.29804773
4732.8500 0.25578502
4732.9000 0.26813474
4732.9500 0.28048446
4733.0000 0.29283418
4733.0500 0.28823914
4733.1000 0.27418103
4733.1500 0.26012292
4733.2000 0.24946371
4733.2500 0.28349404
4733.3000 0.31752437
4733.3500 0.3515547
4733.4000 0.37094968
4733.4500 0.37576913
4733.5000 0.38058858
4733.5500 0.38540803
4733.6000 0.38966625
4733.6500 0.39388398
4733.7000 0.3981017
4733.7500 0.39724133
4733.8000 0.38757209
4733.8500 0.37790284
4733.9000 0.36823359
4733.9500 0.35571734
4734.0000 0.34248924
4734.0500 0.32926115
4734.1000 0.32073163
4734.1500 0.32744589
4734.2000 0.33416015
4734.2500 0.34087441
4734.3000 0.3632813
4734.3500 0.3933283
4734.4000 0.42337531
4734.4500 0.44606172
4734.5000 0.4096958
4734.5500 0.37332989
4734.6000 0.33696397
4734.6500 0.33605292
4734.7000 0.36410047
4734.7500 0.39214802
4734.8000 0.42019557
4734.8500 0.37731304
4734.9000 0.33381123
4734.9500 0.29030943
4735.0000 0.26670857
4735.0500 0.26910514
4735.1000 0.27150171
4735.1500 0.27389828
4735.2000 0.30255563
4735.2500 0.33489084
4735.3000 0.36722605
4735.3500 0.38825677
4735.4000 0.38548959
4735.4500 0.38272241
4735.5000 0.37995523
4735.5500 0.37413078
4735.6000 0.36738413
4735.6500 0.36063747
4735.7000 0.35472264
4735.7500 0.35183064
4735.8000 0.34893864
4735.8500 0.34604664
4735.9000 0.36330595
4735.9500 0.39073199
4736.0000 0.41815802
4736.0500 0.43929234
4736.1000 0.4119388
4736.1500 0.38458525
4736.2000 0.3572317
4736.2500 0.35333111
4736.3000 0.36738663
4736.3500 0.38144214
4736.4000 0.39687243
4736.4500 0.4824701
4736.5000 0.56806777
4736.5500 0.65366543
4736.6000 0.64165837
4736.6500 0.52107219
4736.7000 0.40048601
4736.7500 0.27989983
4736.8000 0.26249836
4736.8500 0.25299669
4736.9000 0.24349502
4736.9500 0.25387731
4737.0000 0.29592721
4737.0500 0.3379771
4737.1000 0.380027
4737.1500 0.36445043
4737.2000 0.3382115
4737.2500 0.31197256
4737.3000 0.30405843
4737.3500 0.33822847
4737.4000 0.37239851
4737.4500 0.40656856
4737.5000 0.42643309
4737.5500 0.44188248
4737.6000 0.45733186
4737.6500 0.46416609
4737.7000 0.44154513
4737.7500 0.41892417
4737.8000 0.39630322
4737.8500 0.39499737
4737.9000 0.40327843
4737.9500 0.41155948
4738.0000 0.41783426
4738.0500 0.41313507
4738.1000 0.40843588
4738.1500 0.40373669
4738.2000 0.41391328
4738.2500 0.43318051
4738.3000 0.45244774
4738.3500 0.46611535
4738.4000 0.42186055
4738.4500 0.37760574
4738.5000 0.33335094
4738.5500 0.29866946
4738.6000 0.27160373
4738.6500 0.244538
4738.7000 0.21855189
4738.7500 0.23137674
4738.8000 0.24420159
4738.8500 0.25702644
4738.9000 0.27084898
4738.9500 0.28567512
4739.0000 0.30050127
4739.0500 0.31532741
4739.1000 0.35024406
4739.1500 0.38575425
4739.2000 0.42126445
4739.2500 0.42571076
4739.3000 0.39148055
4739.3500 0.35725035
4739.4000 0.32302014
4739.4500 0.32151177
4739.5000 0.32281509
4739.5500 0.32411841
4739.6000 0.33233787
4739.6500 0.35103343
4739.7000 0.36972899
4739.7500 0.38842455
4739.8000 0.41051881
4739.8500 0.43309516
4739.9000 0.45567152
4739.9500 0.46771772
4740.0000 0.46065043
4740.0500 0.45358315
4740.1000 0.44651586
4740.1500 0.41494463
4740.2000 0.37856676
4740.2500 0.3421889
4740.3000 0.324714
4740.3500 0.34775506
4740.4000 0.37079612
4740.4500 0.39383718
4740.5000 0.37519246
4740.5500 0.34622938
4740.6000 0.31726629
4740.6500 0.29540526
4740.7000 0.29124195
4740.7500 0.28707863
4740.8000 0.28291531
4740.8500 0.30766024
4740.9000 0.34091848
4740.9500 0.37417673
4741.0000 0.39897289
4741.0500 0.39968021
4741.1000 0.40038753
4741.1500 0.40109484
4741.2000 0.37752858
4741.2500 0.34581767
4741.3000 0.31410676
4741.3500 0.28762007
4741.4000 0.27777712
4741.4500 0.26793417
4741.5000 0.25809121
4741.5500 0.25969713
4741.6000 0.26552958
4741.6500 0.27136203
4741.7000 0.28387504
4741.7500 0.31964076
4741.8000 0.35540648
4741.8500 0.3911722
4741.9000 0.39860108
4741.9500 0.39486359
4742.0000 0.3911261
4742.0500 0.38008846
4742.1000 0.34204844
4742.1500 0.30400842
4742.2000 0.2659684
4742.2500 0.28101507
4742.3000 0.31778277
4742.3500 0.35455046
4742.4000 0.39734235
4742.4500 0.46309952
4742.5000 0.52885669
4742.5500 0.59461386
4742.6000 0.57799899
4742.6500 0.52729794
4742.7000 0.4765969
4742.7500 0.43715688
4742.8000 0.44055548
4742.8500 0.44395408
4742.9000 0.44735269
4742.9500 0.44525543
4743.0000 0.44091705
4743.0500 0.43657867
4743.1000 0.43989272
4743.1500 0.47133656
4743.2000 0.50278039
4743.2500 0.53422423
4743.3000 0.51930181
4743.3500 0.48623392
4743.4000 0.45316603
4743.4500 0.42258094
4743.5000 0.40055104
4743.5500 0.37852113
4743.6000 0.35649123
4743.6500 0.33886892
4743.7000 0.32285637
4743.7500 0.30684382
4743.8000 0.2893711
4743.8500 0.26730907
4743.9000 0.24524704
4743.9500 0.22318502
4744.0000 0.27697669
4744.0500 0.35583732
4744.1000 0.43469795
4744.1500 0.48028204
4744.2000 0.43270108
4744.2500 0.38512012
4744.3000 0.33753916
4744.3500 0.34347739
4744.4000 0.364856
4744.4500 0.38623461
4744.5000 0.40310328
4744.5500 0.40894949
4744.6000 0.4147957
4744.6500 0.42064192
4744.7000 0.39685886
4744.7500 0.36594246
4744.8000 0.33502607
4744.8500 0.3102845
4744.9000 0.29849048
4744.9500 0.28669645
4745.0000 0.27490242
4745.0500 0.34009922
4745.1000 0.41982957
4745.1500 0.49955992
4745.2000 0.52980151
4745.2500 0.47238486
4745.3000 0.41496821
4745.3500 0.35755156
4745.4000 0.37210535
4745.4500 0.39630367
4745.5000 0.42050199
4745.5500 0.46655529
4745.6000 0.5448288
4745.6500 0.62310232
4745.7000 0.70137584
4745.7500 0.65294243
4745.8000 0.59465402
4745.8500 0.5363656
4745.9000 0.51745886
4745.9500 0.54613309
4746.0000 0.57480733
4746.0500 0.60348156
4746.1000 0.58950779
4746.1500 0.57462928
4746.2000 0.55975077
4746.2500 0.53696287
4746.3000 0.50648223
4746.3500 0.47600159
4746.4000 0.44572359
4746.4500 0.42087071
4746.5000 0.39601783
4746.5500 0.37116495
4746.6000 0.38597339
4746.6500 0.43114177
4746.7000 0.47631014
4746.7500 0.51197613
4746.8000 0.46035745
4746.8500 0.40873877
4746.9000 0.35712009
4746.9500 0.31918806
4747.0000 0.28924993
4747.0500 0.2593118
4747.1000 0.24760738
4747.1500 0.32768025
4747.2000 0.40775311
4747.2500 0.48782598
4747.3000 0.42689507
4747.3500 0.3059794
4747.4000 0.18506372
4747.4500 0.04385955
4747.5000 -0.16204911
4747.5500 -0.36795777
4747.6000 -0.57386643
4747.6500 -0.42664514
4747.7000 -0.17820055
4747.7500 0.07024404
4747.8000 0.25482017
4747.8500 0.30183253
4747.9000 0.34884489
4747.9500 0.39585725
4748.0000 0.37630466
4748.0500 0.34576077
4748.1000 0.31521688
4748.1500 0.3464689
4748.2000 0.47009152
4748.2500 0.59371414
4748.3000 0.71733676
4748.3500 0.58220786
4748.4000 0.43194672
4748.4500 0.28168557
4748.5000 0.2405851
4748.5500 0.31309541
4748.6000 0.38560573
4748.6500 0.45527748
4748.7000 0.45028833
4748.7500 0.44529917
4748.8000 0.44031002
4748.8500 0.4117049
4748.9000 0.36631857
4748.9500 0.32093223
4749.0000 0.27918188
4749.0500 0.26094698
4749.1000 0.24271208
4749.1500 0.22447718
4749.2000 0.25811832
4749.2500 0.31566035
4749.3000 0.37320239
4749.3500 0.41882247
4749.4000 0.42597937
4749.4500 0.43313626
4749.5000 0.44029316
4749.5500 0.45069522
4749.6000 0.46195992
4749.6500 0.47322463
4749.7000 0.47065535
4749.7500 0.44179068
4749.8000 0.41292602
4749.8500 0.38406135
4749.9000 0.4289847
4749.9500 0.48203159
4750.0000 0.53507847
4750.0500 0.53123681
4750.1000 0.46014663
4750.1500 0.38905646
4750.2000 0.319569
4750.2500 0.34234867
4750.3000 0.36512833
4750.3500 0.38790799
4750.4000 0.43294046
4750.4500 0.49427101
4750.5000 0.55560156
4750.5500 0.59438452
4750.6000 0.49320538
4750.6500 0.39202624
4750.7000 0.29084709
4750.7500 0.26356655
4750.8000 0.26771353
4750.8500 0.2718605
4750.9000 0.2645494
4750.9500 0.22559573
4751.0000 0.18664207
4751.0500 0.14768841
4751.1000 0.25630577
4751.1500 0.39484266
4751.2000 0.53337954
4751.2500 0.56367622
4751.3000 0.43050777
4751.3500 0.29733932
4751.4000 0.16417087
4751.4500 0.32805346
4751.5000 0.50217657
4751.5500 0.67629969
4751.6000 0.75906393
4751.6500 0.76284775
4751.7000 0.76663157
4751.7500 0.77539833
4751.8000 0.82559832
4751.8500 0.87579831
4751.9000 0.92599831
4751.9500 0.97502113
4752.0000 1.02348931
4752.0500 1.07195748
4752.1000 1.08631095
4752.1500 1.00018797
4752.2000 0.91406498
4752.2500 0.82794199
4752.3000 0.70980944
4752.3500 0.58505401
4752.4000 0.46029858
4752.4500 0.38047284
4752.5000 0.36664813
4752.5500 0.35282342
4752.6000 0.33899871
4752.6500 0.25818329
4752.7000 0.17619848
4752.7500 0.09421366
4752.8000 0.16118872
4752.8500 0.3442461
4752.9000 0.52730348
4752.9500 0.66082975
4753.0000 0.49645775
4753.0500 0.33208575
4753.1000 0.16771375
4753.1500 0.17609796
4753.2000 0.2501855
4753.2500 0.32427305
4753.3000 0.34795063
4753.3500 0.25822738
4753.4000 0.16850414
4753.4500 0.0787809
4753.5000 0.08215104
4753.5500 0.09675039
4753.6000 0.11134975
4753.6500 0.09901356
4753.7000 0.0573038
4753.7500 0.01559404
4753.8000 -0.0155027
4753.8500 0.10431168
4753.9000 0.22412606
4753.9500 0.34394044
4754.0000 0.34311304
4754.0500 0.27857916
4754.1000 0.21404528
4754.1500 0.17161834
4754.2000 0.1974996
4754.2500 0.22338086
4754.3000 0.24926211
4754.3500 0.27959883
4754.4000 0.31080989
4754.4500 0.34202095
4754.5000 0.38398957
4754.5500 0.44029046
4754.6000 0.49659135
4754.6500 0.55178334
4754.7000 0.55974104
4754.7500 0.56769873
4754.8000 0.57565643
4754.8500 0.58413931
4754.9000 0.59294617
4754.9500 0.60175303
4755.0000 0.60627027
4755.0500 0.5951612
4755.1000 0.58405214
4755.1500 0.57294308
4755.2000 0.51882015
4755.2500 0.45484643
4755.3000 0.39087271
4755.3500 0.33879719
4755.4000 0.30361175
4755.4500 0.2684263
4755.5000 0.23448333
4755.5500 0.28613964
4755.6000 0.33779595
4755.6500 0.38945225
4755.7000 0.36988073
4755.7500 0.30603528
4755.8000 0.24218984
4755.8500 0.19499878
4755.9000 0.20670949
4755.9500 0.2184202
4756.0000 0.23013092
4756.0500 0.25079794
4756.1000 0.27335777
4756.1500 0.2959176
4756.2000 0.31415566
4756.2500 0.32671169
4756.3000 0.33926773
4756.3500 0.35043769
4756.4000 0.32822024
4756.4500 0.30600279
4756.5000 0.28378533
4756.5500 0.29580058
4756.6000 0.32632375
4756.6500 0.35684692
4756.7000 0.36202575
4756.7500 0.29494398
4756.8000 0.22786221
4756.8500 0.16078045
4756.9000 0.23640492
4756.9500 0.33304877
4757.0000 0.42969263
4757.0500 0.45037927
4757.1000 0.39039235
4757.1500 0.33040543
4757.2000 0.28466409
4757.2500 0.36764595
4757.3000 0.45062781
4757.3500 0.53360967
4757.4000 0.53868799
4757.4500 0.51282177
4757.5000 0.48695555
4757.5500 0.49181109
4757.6000 0.55816148
4757.6500 0.62451187
4757.7000 0.69086225
4757.7500 0.61598146
4757.8000 0.53397333
4757.8500 0.45196519
4757.9000 0.47216658
4757.9500 0.56880223
4758.0000 0.66543789
4758.0500 0.74193929
4758.1000 0.73462766
4758.1500 0.72731603
4758.2000 0.72000441
4758.2500 0.64402723
4758.3000 0.55263102
4758.3500 0.46123482
4758.4000 0.37626106
4758.4500 0.29943067
4758.5000 0.22260028
4758.5500 0.15104385
4758.6000 0.15340092
4758.6500 0.155758
4758.7000 0.15811507
4758.7500 0.2532606
4758.8000 0.38938617
4758.8500 0.52551175
4758.9000 0.65763747
4758.9500 0.78134393
4759.0000 0.90505039
4759.0500 1.02875685
4759.1000 0.77738071
4759.1500 0.50703906
4759.2000 0.2366974
4759.2500 0.17166132
4759.3000 0.25344758
4759.3500 0.33523383
4759.4000 0.38137434
4759.4500 0.2978206
4759.5000 0.21426686
4759.5500 0.13071311
4759.6000 0.08010208
4759.6500 0.03532663
4759.7000 -0.00944882
4759.7500 0.04069091
4759.8000 0.19169194
4759.8500 0.34269298
4759.9000 0.46836823
4759.9500 0.41090981
4760.0000 0.35345139
4760.0500 0.29599297
4760.1000 0.36390877
4760.1500 0.47151563
4760.2000 0.57912249
4760.2500 0.60246576
4760.3000 0.49887169
4760.3500 0.39527761
4760.4000 0.29902018
4760.4500 0.37985058
4760.5000 0.46068098
4760.5500 0.54151138
4760.6000 0.57698345
4760.6500 0.59130281
4760.7000 0.60562218
4760.7500 0.56477561
4760.8000 0.40963052
4760.8500 0.25448543
4760.9000 0.09934034
4760.9500 0.14680511
4761.0000 0.20043421
4761.0500 0.25406331
4761.1000 0.34278055
4761.1500 0.45329747
4761.2000 0.56381438
4761.2500 0.59205003
4761.3000 0.39148034
4761.3500 0.19091065
4761.4000 -0.00965903
4761.4500 0.03856715
4761.5000 0.110329
4761.5500 0.18209085
4761.6000 0.16303529
4761.6500 0.07378421
4761.7000 -0.01546687
4761.7500 -0.06981622
4761.8000 0.00260506
4761.8500 0.07502633
4761.9000 0.14744761
4761.9500 0.22852872
4762.0000 0.31091412
4762.0500 0.39329951
4762.1000 0.37162408
4762.1500 0.25530825
4762.2000 0.13899241
4762.2500 0.05763432
4762.3000 0.13586321
4762.3500 0.2140921
4762.4000 0.29232099
4762.4500 0.3374856
4762.5000 0.37621385
4762.5500 0.4149421
4762.6000 0.47535602
4762.6500 0.55782248
4762.7000 0.64028894
4762.7500 0.70287914
4762.8000 0.65788308
4762.8500 0.61288702
4762.9000 0.56789096
4762.9500 0.49069943
4763.0000 0.40631826
4763.0500 0.3219371
4763.1000 0.33869951
4763.1500 0.46488005
4763.2000 0.59106059
4763.2500 0.67390668
4763.3000 0.50047113
4763.3500 0.32703558
4763.4000 0.15360003
4763.4500 0.19486088
4763.5000 0.28638464
4763.5500 0.37790841
4763.6000 0.34035561
4763.6500 0.16147708
4763.7000 -0.01740144
4763.7500 -0.13166296
4763.8000 0.13269153
4763.8500 0.39704602
4763.9000 0.6614005
4763.9500 0.67286278
4764.0000 0.62715078
4764.0500 0.58143878
4764.1000 0.52249246
4764.1500 0.44959479
4764.2000 0.37669713
4764.2500 0.2995648
4764.3000 0.20010168
4764.3500 0.10063856
4764.4000 0.00117544
4764.4500 -0.07617818
4764.5000 -0.14911148
4764.5500 -0.22204479
4764.6000 -0.07862236
4764.6500 0.27371465
4764.7000 0.62605165
4764.7500 0.95572608
4764.8000 1.18589353
4764.8500 1.41606099
4764.9000 1.64622844
4764.9500 1.2386908
4765.0000 0.73046661
4765.0500 0.22224241
4765.1000 0.01974384
4765.1500 0.07437594
4765.2000 0.12900804
4765.2500 0.16222603
4765.3000 0.12129516
4765.3500 0.0803643
4765.4000 0.03943343
4765.4500 0.09618757
4765.5000 0.16303067
4765.5500 0.22987377
4765.6000 0.14638075
4765.6500 -0.04154826
4765.7000 -0.22947727
4765.7500 -0.30680861
4765.8000 -0.09280241
4765.8500 0.12120379
4765.9000 0.33520999
4765.9500 0.22220757
4766.0000 0.09615883
4766.0500 -0.02988991
4766.1000 0
4766.1500 0
4766.2000 0
