4917.0500 0.57011486
4917.1000 0.53604613
4917.1500 0.51063079
4917.2000 0.48521546
4917.2500 0.45980012
4917.3000 0.43438478
4917.3500 0.45028676
4917.4000 0.48285447
4917.4500 0.51542218
4917.5000 0.54798989
4917.5500 0.57906989
4917.6000 0.59474077
4917.6500 0.61041165
4917.7000 0.62608253
4917.7500 0.64175341
4917.8000 0.63348183
4917.8500 0.59763657
4917.9000 0.56179131
4917.9500 0.52594605
4918.0000 0.49010078
4918.0500 0.54935274
4918.1000 0.6263552
4918.1500 0.70335765
4918.2000 0.7803601
4918.2500 0.82056676
4918.3000 0.73174023
4918.3500 0.64291371
4918.4000 0.55408719
4918.4500 0.46526066
4918.5000 0.42480063
4918.5500 0.41627511
4918.6000 0.4077496
4918.6500 0.39922409
4918.7000 0.39069858
4918.7500 0.4202446
4918.8000 0.45041052
4918.8500 0.48057644
4918.9000 0.51074236
4918.9500 0.52370492
4919.0000 0.50698003
4919.0500 0.49025515
4919.1000 0.47353027
4919.1500 0.45680538
4919.2000 0.42063868
4919.2500 0.37802669
4919.3000 0.3354147
4919.3500 0.29280272
4919.4000 0.26388402
4919.4500 0.32165893
4919.5000 0.37943384
4919.5500 0.43720874
4919.6000 0.49498365
4919.6500 0.53240437
4919.7000 0.55126311
4919.7500 0.57012185
4919.8000 0.58898059
4919.8500 0.60783934
4919.9000 0.54905702
4919.9500 0.48267911
4920.0000 0.4163012
4920.0500 0.34992329
4920.1000 0.34248283
4920.1500 0.47256962
4920.2000 0.60265641
4920.2500 0.7327432
4920.3000 0.86282999
4920.3500 0.86732676
4920.4000 0.81548663
4920.4500 0.76364649
4920.5000 0.71180636
4920.5500 0.66654023
4920.6000 0.69495396
4920.6500 0.72336768
4920.7000 0.7517814
4920.7500 0.78019513
4920.8000 0.77205043
4920.8500 0.72345675
4920.9000 0.67486307
4920.9500 0.62626938
4921.0000 0.5776757
4921.0500 0.51602126
4921.1000 0.45239456
4921.1500 0.38876785
4921.2000 0.32514114
4921.2500 0.30262192
4921.3000 0.39464036
4921.3500 0.4866588
4921.4000 0.57867725
4921.4500 0.67069569
4921.5000 0.70744046
4921.5500 0.71579436
4921.6000 0.72414826
4921.6500 0.73250216
4921.7000 0.73509078
4921.7500 0.64480505
4921.8000 0.55451931
4921.8500 0.46423357
4921.9000 0.37394784
4921.9500 0.34896292
4922.0000 0.40141761
4922.0500 0.4538723
4922.1000 0.50632699
4922.1500 0.55878168
4922.2000 0.58532301
4922.2500 0.60756697
4922.3000 0.62981093
4922.3500 0.65205489
4922.4000 0.672778
4922.4500 0.68915603
4922.5000 0.70553406
4922.5500 0.72191209
4922.6000 0.73829013
4922.6500 0.7107131
4922.7000 0.66069665
4922.7500 0.61068021
4922.8000 0.56066377
4922.8500 0.51706478
4922.9000 0.56423724
4922.9500 0.6114097
4923.0000 0.65858216
4923.0500 0.70575461
4923.1000 0.71327634
4923.1500 0.67631391
4923.2000 0.63935148
4923.2500 0.60238906
4923.3000 0.56542663
4923.3500 0.53570106
4923.4000 0.50698328
4923.4500 0.4782655
4923.5000 0.44954772
4923.5500 0.43672867
4923.6000 0.46369894
4923.6500 0.49066921
4923.7000 0.51763949
4923.7500 0.54460976
4923.8000 0.54332138
4923.8500 0.52960079
4923.9000 0.5158802
4923.9500 0.50215962
4924.0000 0.4925986
4924.0500 0.51860969
4924.1000 0.54462079
4924.1500 0.57063188
4924.2000 0.59664298
4924.2500 0.59286196
4924.3000 0.5611538
4924.3500 0.52944563
4924.4000 0.49773746
4924.4500 0.46602929
4924.5000 0.51215528
4924.5500 0.56424214
4924.6000 0.61632899
4924.6500 0.66841585
4924.7000 0.69074591
4924.7500 0.6560319
4924.8000 0.62131789
4924.8500 0.58660388
4924.9000 0.55188987
4924.9500 0.56214677
4925.0000 0.58676001
4925.0500 0.61137324
4925.1000 0.63598647
4925.1500 0.65458726
4925.2000 0.64473686
4925.2500 0.63488646
4925.3000 0.62503605
4925.3500 0.61518565
4925.4000 0.61860731
4925.4500 0.63117041
4925.5000 0.6437335
4925.5500 0.6562966
4925.6000 0.66844809
4925.6500 0.64386144
4925.7000 0.61927478
4925.7500 0.59468812
4925.8000 0.57010147
4925.8500 0.56010422
4925.9000 0.56934735
4925.9500 0.57859048
4926.0000 0.58783362
4926.0500 0.59707675
4926.1000 0.59451561
4926.1500 0.58991509
4926.2000 0.58531457
4926.2500 0.58071406
4926.3000 0.58009331
4926.3500 0.58994596
4926.4000 0.59979861
4926.4500 0.60965125
4926.5000 0.6195039
4926.5500 0.60528717
4926.6000 0.58071934
4926.6500 0.5561515
4926.7000 0.53158367
4926.7500 0.50963876
4926.8000 0.50614882
4926.8500 0.50265888
4926.9000 0.49916894
4926.9500 0.495679
4927.0000 0.48340033
4927.0500 0.46395557
4927.1000 0.44451081
4927.1500 0.42506605
4927.2000 0.40562129
4927.2500 0.4699964
4927.3000 0.53621236
4927.3500 0.60242832
4927.4000 0.66864428
4927.4500 0.69266145
4927.5000 0.65530081
4927.5500 0.61794016
4927.6000 0.58057951
4927.6500 0.54321886
4927.7000 0.52715048
4927.7500 0.51521132
4927.8000 0.50327217
4927.8500 0.49133301
4927.9000 0.49104411
4927.9500 0.52241913
4928.0000 0.55379415
4928.0500 0.58516918
4928.1000 0.6165442
4928.1500 0.61576077
4928.2000 0.60130126
4928.2500 0.58684174
4928.3000 0.57238222
4928.3500 0.55954505
4928.4000 0.557057
4928.4500 0.55456895
4928.5000 0.5520809
4928.5500 0.54959285
4928.6000 0.55636259
4928.6500 0.57009739
4928.7000 0.58383219
4928.7500 0.59756699
4928.8000 0.61108799
4928.8500 0.59453194
4928.9000 0.57797588
4928.9500 0.56141983
4929.0000 0.54486377
4929.0500 0.53810219
4929.1000 0.54357096
4929.1500 0.54903973
4929.2000 0.55450849
4929.2500 0.55997726
4929.3000 0.54113821
4929.3500 0.51909681
4929.4000 0.4970554
4929.4500 0.475014
4929.5000 0.47439227
4929.5500 0.51851499
4929.6000 0.56263771
4929.6500 0.60676042
4929.7000 0.65088314
4929.7500 0.65176482
4929.8000 0.63937267
4929.8500 0.62698052
4929.9000 0.61458837
4929.9500 0.60290612
4930.0000 0.59393078
4930.0500 0.58495544
4930.1000 0.57598009
4930.1500 0.56700475
4930.2000 0.57945154
4930.2500 0.60334946
4930.3000 0.62724737
4930.3500 0.65114528
4930.4000 0.6717131
4930.4500 0.66120899
4930.5000 0.65070488
4930.5500 0.64020076
4930.6000 0.62969665
4930.6500 0.60089166
4930.7000 0.55669612
4930.7500 0.51250057
4930.8000 0.46830503
4930.8500 0.42410948
4930.9000 0.46579901
4930.9500 0.50828316
4931.0000 0.5507673
4931.0500 0.59325145
4931.1000 0.61372019
4931.1500 0.60613809
4931.2000 0.59855599
4931.2500 0.59097389
4931.3000 0.58339179
4931.3500 0.5966795
4931.4000 0.61255007
4931.4500 0.62842064
4931.5000 0.64429121
4931.5500 0.6542952
4931.6000 0.65297504
4931.6500 0.65165487
4931.7000 0.65033471
4931.7500 0.64901455
4931.8000 0.64074131
4931.8500 0.63066314
4931.9000 0.62058497
4931.9500 0.6105068
4932.0000 0.59454587
4932.0500 0.56072859
4932.1000 0.5269113
4932.1500 0.49309402
4932.2000 0.45927674
4932.2500 0.46086164
4932.3000 0.47740599
4932.3500 0.49395035
4932.4000 0.5104947
4932.4500 0.52376988
4932.5000 0.51980001
4932.5500 0.51583013
4932.6000 0.51186026
4932.6500 0.50789038
4932.7000 0.49724209
4932.7500 0.48244849
4932.8000 0.46765488
4932.8500 0.45286127
4932.9000 0.441008
4932.9500 0.46494212
4933.0000 0.48887623
4933.0500 0.51281035
4933.1000 0.53674446
4933.1500 0.54800823
4933.2000 0.54830733
4933.2500 0.54860642
4933.3000 0.54890551
4933.3500 0.5492046
4933.4000 0.51192859
4933.4500 0.47455827
4933.5000 0.43718795
4933.5500 0.39981763
4933.6000 0.3963214
4933.6500 0.43256438
4933.7000 0.46880737
4933.7500 0.50505035
4933.8000 0.54129333
4933.8500 0.51814903
4933.9000 0.49012577
4933.9500 0.46210252
4934.0000 0.43407926
4934.0500 0.43244582
4934.1000 0.47221816
4934.1500 0.51199051
4934.2000 0.55176285
4934.2500 0.59153519
4934.3000 0.59318552
4934.3500 0.58840629
4934.4000 0.58362707
4934.4500 0.57884784
4934.5000 0.56717391
4934.5500 0.54107289
4934.6000 0.51497187
4934.6500 0.48887085
4934.7000 0.46276983
4934.7500 0.43574277
4934.8000 0.40847296
4934.8500 0.38120314
4934.9000 0.35393332
4934.9500 0.34088892
4935.0000 0.36781321
4935.0500 0.3947375
4935.1000 0.42166178
4935.1500 0.44858607
4935.2000 0.48127
4935.2500 0.51604191
4935.3000 0.55081381
4935.3500 0.58558572
4935.4000 0.61577305
4935.4500 0.62835813
4935.5000 0.64094322
4935.5500 0.6535283
4935.6000 0.66611338
4935.6500 0.66505592
4935.7000 0.65759584
4935.7500 0.65013576
4935.8000 0.64267568
4935.8500 0.63129814
4935.9000 0.59869399
4935.9500 0.56608985
4936.0000 0.5334857
4936.0500 0.50088156
4936.1000 0.51009883
4936.1500 0.54363988
4936.2000 0.57718092
4936.2500 0.61072196
4936.3000 0.6387168
4936.3500 0.6218328
4936.4000 0.60494879
4936.4500 0.58806479
4936.5000 0.57118079
4936.5500 0.561751
4936.6000 0.55752343
4936.6500 0.55329585
4936.7000 0.54906827
4936.7500 0.54510832
4936.8000 0.544748
4936.8500 0.54438769
4936.9000 0.54402738
4936.9500 0.54366706
4937.0000 0.53577034
4937.0500 0.52172471
4937.1000 0.50767907
4937.1500 0.49363343
4937.2000 0.48076593
4937.2500 0.50195129
4937.3000 0.52313665
4937.3500 0.54432201
4937.4000 0.56550738
4937.4500 0.58701206
4937.5000 0.60881453
4937.5500 0.630617
4937.6000 0.65241947
4937.6500 0.67413368
4937.7000 0.66332868
4937.7500 0.65252368
4937.8000 0.64171868
4937.8500 0.63091367
4937.9000 0.60945174
4937.9500 0.57686348
4938.0000 0.54427523
4938.0500 0.51168697
4938.1000 0.47909871
4938.1500 0.47148546
4938.2000 0.46446009
4938.2500 0.45743471
4938.3000 0.45040933
4938.3500 0.46569278
4938.4000 0.50653657
4938.4500 0.54738036
4938.5000 0.58822414
4938.5500 0.62906793
4938.6000 0.62356197
4938.6500 0.6159395
4938.7000 0.60831703
4938.7500 0.60069456
4938.8000 0.592921
4938.8500 0.58496118
4938.9000 0.57700136
4938.9500 0.56904154
4939.0000 0.56108172
4939.0500 0.56410741
4939.1000 0.56782572
4939.1500 0.57154403
4939.2000 0.57526233
4939.2500 0.57317395
4939.3000 0.56353615
4939.3500 0.55389835
4939.4000 0.54426055
4939.4500 0.53462274
4939.5000 0.53309646
4939.5500 0.53217991
4939.6000 0.53126336
4939.6500 0.53034682
4939.7000 0.53130624
4939.7500 0.53478643
4939.8000 0.53826663
4939.8500 0.54174682
4939.9000 0.54522701
4939.9500 0.53252455
4940.0000 0.51850084
4940.0500 0.50447714
4940.1000 0.49045344
4940.1500 0.48580357
4940.2000 0.49390767
4940.2500 0.50201177
4940.3000 0.51011586
4940.3500 0.51821996
4940.4000 0.50670024
4940.4500 0.49356616
4940.5000 0.48043208
4940.5500 0.467298
4940.6000 0.46569507
4940.6500 0.47965408
4940.7000 0.49361308
4940.7500 0.50757209
4940.8000 0.52153109
4940.8500 0.50740771
4940.9000 0.49112174
4940.9500 0.47483577
4941.0000 0.4585498
4941.0500 0.45997002
4941.1000 0.48460966
4941.1500 0.5092493
4941.2000 0.53388894
4941.2500 0.55852858
4941.3000 0.54115809
4941.3500 0.52101318
4941.4000 0.50086827
4941.4500 0.48072336
4941.5000 0.46695241
4941.5500 0.46114012
4941.6000 0.45532784
4941.6500 0.44951555
4941.7000 0.44370326
4941.7500 0.46671773
4941.8000 0.49116515
4941.8500 0.51561257
4941.9000 0.54005998
4941.9500 0.56242393
4942.0000 0.58236006
4942.0500 0.60229619
4942.1000 0.62223232
4942.1500 0.64216845
4942.2000 0.61493767
4942.2500 0.58636244
4942.3000 0.5577872
4942.3500 0.52921197
4942.4000 0.51405957
4942.4500 0.51321755
4942.5000 0.51237552
4942.5500 0.5115335
4942.6000 0.51069147
4942.6500 0.51428765
4942.7000 0.5178973
4942.7500 0.52150695
4942.8000 0.5251166
4942.8500 0.52327609
4942.9000 0.51622446
4942.9500 0.50917282
4943.0000 0.50212118
4943.0500 0.49514099
4943.1000 0.49076407
4943.1500 0.48638715
4943.2000 0.48201023
4943.2500 0.47763331
4943.3000 0.48996992
4943.3500 0.51634623
4943.4000 0.54272254
4943.4500 0.56909886
4943.5000 0.59315121
4943.5500 0.5817376
4943.6000 0.570324
4943.6500 0.55891039
4943.7000 0.54749679
4943.7500 0.55175776
4943.8000 0.56733276
4943.8500 0.58290776
4943.9000 0.59848276
4943.9500 0.61228837
4944.0000 0.61040283
4944.0500 0.60851728
4944.1000 0.60663174
4944.1500 0.60474619
4944.2000 0.59984316
4944.2500 0.59311532
4944.3000 0.58638748
4944.3500 0.57965964
4944.4000 0.57435803
4944.4500 0.57738362
4944.5000 0.5804092
4944.5500 0.58343479
4944.6000 0.58646038
4944.6500 0.57250752
4944.7000 0.55021375
4944.7500 0.52791998
4944.8000 0.50562621
4944.8500 0.49051212
4944.9000 0.50481605
4944.9500 0.51911999
4945.0000 0.53342392
4945.0500 0.54772785
4945.1000 0.55024795
4945.1500 0.54825446
4945.2000 0.54626098
4945.2500 0.5442675
4945.3000 0.53877652
4945.3500 0.52285905
4945.4000 0.50694158
4945.4500 0.49102411
4945.5000 0.47510664
4945.5500 0.47930282
4945.6000 0.48915274
4945.6500 0.49900266
4945.7000 0.50885258
4945.7500 0.51792143
4945.8000 0.52526185
4945.8500 0.53260228
4945.9000 0.5399427
4945.9500 0.54728313
4946.0000 0.54440647
4946.0500 0.53962958
4946.1000 0.5348527
4946.1500 0.53007582
4946.2000 0.52791227
4946.2500 0.5300788
4946.3000 0.53224533
4946.3500 0.53441185
4946.4000 0.53657838
4946.4500 0.54626812
4946.5000 0.5566943
4946.5500 0.56712049
4946.6000 0.57754667
4946.6500 0.58145861
4946.7000 0.57729739
4946.7500 0.57313617
4946.8000 0.56897495
4946.8500 0.56481373
4946.9000 0.54132961
4946.9500 0.51752252
4947.0000 0.49371543
4947.0500 0.46990834
4947.1000 0.47068609
4947.1500 0.49399263
4947.2000 0.51729917
4947.2500 0.54060571
4947.3000 0.56271242
4947.3500 0.56646089
4947.4000 0.57020936
4947.4500 0.57395783
4947.5000 0.57770629
4947.5500 0.57689005
4947.6000 0.5730577
4947.6500 0.56922535
4947.7000 0.56539299
4947.7500 0.56145128
4947.8000 0.55686052
4947.8500 0.55226976
4947.9000 0.54767899
4947.9500 0.54308823
4948.0000 0.54502527
4948.0500 0.54992911
4948.1000 0.55483295
4948.1500 0.55973679
4948.2000 0.56377243
4948.2500 0.56493602
4948.3000 0.5660996
4948.3500 0.56726319
4948.4000 0.56842677
4948.4500 0.57283861
4948.5000 0.57817741
4948.5500 0.58351621
4948.6000 0.58885501
4948.6500 0.58909871
4948.7000 0.57876586
4948.7500 0.56843302
4948.8000 0.55810017
4948.8500 0.54776732
4948.9000 0.56448901
4948.9500 0.58512824
4949.0000 0.60576746
4949.0500 0.62640668
4949.1000 0.62520238
4949.1500 0.59422414
4949.2000 0.5632459
4949.2500 0.53226765
4949.3000 0.50128941
4949.3500 0.53849944
4949.4000 0.57752134
4949.4500 0.61654323
4949.5000 0.65556513
4949.5500 0.66176451
4949.6000 0.63842414
4949.6500 0.61508377
4949.7000 0.5917434
4949.7500 0.57015703
4949.8000 0.56879852
4949.8500 0.56744
4949.9000 0.56608149
4949.9500 0.56472298
4950.0000 0.56824331
4950.0500 0.57457364
4950.1000 0.58090398
4950.1500 0.58723431
4950.2000 0.59086882
4950.2500 0.58305131
4950.3000 0.57523379
4950.3500 0.56741628
4950.4000 0.55959876
4950.4500 0.5445554
4950.5000 0.52707544
4950.5500 0.50959548
4950.6000 0.49211551
4950.6500 0.48508403
4950.7000 0.50170726
4950.7500 0.51833049
4950.8000 0.53495372
4950.8500 0.55157695
4950.9000 0.57075019
4950.9500 0.59031732
4951.0000 0.60988445
4951.0500 0.62945159
4951.1000 0.63294989
4951.1500 0.61491064
4951.2000 0.59687139
4951.2500 0.57883215
4951.3000 0.5607929
4951.3500 0.56085196
4951.4000 0.56110026
4951.4500 0.56134856
4951.5000 0.56159687
4951.5500 0.56820952
4951.6000 0.57996069
4951.6500 0.59171186
4951.7000 0.60346303
4951.7500 0.61165747
4951.8000 0.59331445
4951.8500 0.57497144
4951.9000 0.55662843
4951.9500 0.53828541
4952.0000 0.53275527
4952.0500 0.53313466
4952.1000 0.53351404
4952.1500 0.53389342
4952.2000 0.53323379
4952.2500 0.5294869
4952.3000 0.52574
4952.3500 0.52199311
4952.4000 0.51824622
4952.4500 0.52717953
4952.5000 0.53888643
4952.5500 0.55059333
4952.6000 0.56230023
4952.6500 0.56794822
4952.7000 0.56413982
4952.7500 0.56033142
4952.8000 0.55652301
4952.8500 0.55271461
4952.9000 0.53133777
4952.9500 0.50926264
4953.0000 0.48718752
4953.0500 0.46511239
4953.1000 0.47257953
4953.1500 0.50579538
4953.2000 0.53901123
4953.2500 0.57222708
4953.3000 0.60116376
4953.3500 0.5947982
4953.4000 0.58843265
4953.4500 0.5820671
4953.5000 0.57570155
4953.5500 0.56116303
4953.6000 0.54283451
4953.6500 0.52450598
4953.7000 0.50617746
4953.7500 0.4914373
4953.8000 0.48693466
4953.8500 0.48243203
4953.9000 0.4779294
4953.9500 0.47342677
4954.0000 0.48502134
4954.0500 0.49974699
4954.1000 0.51447263
4954.1500 0.52919827
4954.2000 0.53982028
4954.2500 0.54468286
4954.3000 0.54954543
4954.3500 0.554408
4954.4000 0.55927058
4954.4500 0.5532857
4954.5000 0.54725978
4954.5500 0.54123386
4954.6000 0.53520794
4954.6500 0.53916336
4954.7000 0.55041592
4954.7500 0.56166848
4954.8000 0.57292103
4954.8500 0.58003389
4954.9000 0.5654767
4954.9500 0.55091952
4955.0000 0.53636233
4955.0500 0.52180514
4955.1000 0.52952104
4955.1500 0.54488531
4955.2000 0.56024958
4955.2500 0.57561385
4955.3000 0.58140874
4955.3500 0.56774425
4955.4000 0.55407976
4955.4500 0.54041526
4955.5000 0.52675077
4955.5500 0.52030071
4955.6000 0.51451056
4955.6500 0.50872042
4955.7000 0.50293028
4955.7500 0.50006628
4955.8000 0.50008186
4955.8500 0.50009745
4955.9000 0.50011304
4955.9500 0.5003303
4956.0000 0.50251216
4956.0500 0.50469402
4956.1000 0.50687587
4956.1500 0.50905773
4956.2000 0.51258799
4956.2500 0.51674273
4956.3000 0.52089747
4956.3500 0.52505222
4956.4000 0.52591071
4956.4500 0.51808377
4956.5000 0.51025684
4956.5500 0.5024299
4956.6000 0.49460296
4956.6500 0.48299485
4956.7000 0.47081184
4956.7500 0.45862884
4956.8000 0.44644583
4956.8500 0.45498876
4956.9000 0.48764598
4956.9500 0.52030319
4957.0000 0.55296041
4957.0500 0.58258851
4957.1000 0.56273598
4957.1500 0.54288346
4957.2000 0.52303093
4957.2500 0.5031784
4957.3000 0.5003362
4957.3500 0.50647616
4957.4000 0.51261612
4957.4500 0.51875608
4957.5000 0.52077213
4957.5500 0.51057681
4957.6000 0.50038149
4957.6500 0.49018618
4957.7000 0.47999086
4957.7500 0.47816831
4957.8000 0.47780305
4957.8500 0.47743779
4957.9000 0.47707252
4957.9500 0.48151064
4958.0000 0.49176462
4958.0500 0.5020186
4958.1000 0.51227258
4958.1500 0.52139004
4958.2000 0.51066769
4958.2500 0.49994534
4958.3000 0.48922299
4958.3500 0.47850064
4958.4000 0.48221836
4958.4500 0.49346441
4958.5000 0.50471045
4958.5500 0.5159565
4958.6000 0.5246955
4958.6500 0.5263624
4958.7000 0.52802929
4958.7500 0.52969618
4958.8000 0.53136308
4958.8500 0.52593115
4958.9000 0.51941407
4958.9500 0.51289698
4959.0000 0.5063799
4959.0500 0.50021355
4959.1000 0.49443585
4959.1500 0.48865815
4959.2000 0.48288045
4959.2500 0.47829797
4959.3000 0.48698854
4959.3500 0.49567911
4959.4000 0.50436968
4959.4500 0.51306025
4959.5000 0.50844968
4959.5500 0.49792256
4959.6000 0.48739543
4959.6500 0.47686831
4959.7000 0.47126479
4959.7500 0.47699104
4959.8000 0.48271729
4959.8500 0.48844354
4959.9000 0.49416979
4959.9500 0.50119706
4960.0000 0.50834518
4960.0500 0.51549329
4960.1000 0.52264141
4960.1500 0.52044167
4960.2000 0.50989767
4960.2500 0.49935367
4960.3000 0.48880967
4960.3500 0.48040017
4960.4000 0.48478287
4960.4500 0.48916556
4960.5000 0.49354825
4960.5500 0.49793094
4960.6000 0.51110613
4960.6500 0.52707444
4960.7000 0.54304276
4960.7500 0.55901107
4960.8000 0.56560876
4960.8500 0.5566625
4960.9000 0.54771624
4960.9500 0.53876997
4961.0000 0.52982371
4961.0500 0.53252573
4961.1000 0.53529117
4961.1500 0.5380566
4961.2000 0.54082204
4961.2500 0.54550919
4961.3000 0.55140271
4961.3500 0.55729623
4961.4000 0.56318975
4961.4500 0.56722208
4961.5000 0.56520829
4961.5500 0.56319451
4961.6000 0.56118072
4961.6500 0.55916693
4961.7000 0.55410731
4961.7500 0.54854234
4961.8000 0.54297736
4961.8500 0.53741238
4961.9000 0.53319281
4961.9500 0.53042323
4962.0000 0.52765366
4962.0500 0.52488409
4962.1000 0.52367625
4962.1500 0.53561658
4962.2000 0.54755692
4962.2500 0.55949726
4962.3000 0.57143759
4962.3500 0.57452939
4962.4000 0.57438697
4962.4500 0.57424455
4962.5000 0.57410213
4962.5500 0.57630008
4962.6000 0.58266286
4962.6500 0.58902564
4962.7000 0.59538842
4962.7500 0.6017512
4962.8000 0.58319985
4962.8500 0.56435844
4962.9000 0.54551703
4962.9500 0.52667562
4963.0000 0.52663351
4963.0500 0.53818728
4963.1000 0.54974104
4963.1500 0.5612948
4963.2000 0.57014086
4963.2500 0.57085442
4963.3000 0.57156798
4963.3500 0.57228153
4963.4000 0.57299509
4963.4500 0.566795
4963.5000 0.55967309
4963.5500 0.55255117
4963.6000 0.54542926
4963.6500 0.54402584
4963.7000 0.54798189
4963.7500 0.55193795
4963.8000 0.55589401
4963.8500 0.5589685
4963.9000 0.5570994
4963.9500 0.5552303
4964.0000 0.5533612
4964.0500 0.5514921
4964.1000 0.54883133
4964.1500 0.54595727
4964.2000 0.54308321
4964.2500 0.54020915
4964.3000 0.54733529
4964.3500 0.56796595
4964.4000 0.5885966
4964.4500 0.60922725
4964.5000 0.62661598
4964.5500 0.59693689
4964.6000 0.5672578
4964.6500 0.53757871
4964.7000 0.50789962
4964.7500 0.5167345
4964.8000 0.54170791
4964.8500 0.56668131
4964.9000 0.59165472
4964.9500 0.60264465
4965.0000 0.58723349
4965.0500 0.57182233
4965.1000 0.55641117
4965.1500 0.541
4965.2000 0.55330369
4965.2500 0.565913
4965.3000 0.57852231
4965.3500 0.59113161
4965.4000 0.59313536
4965.4500 0.58899585
4965.5000 0.58485633
4965.5500 0.58071682
4965.6000 0.57337415
4965.6500 0.55773797
4965.7000 0.54210179
4965.7500 0.52646561
4965.8000 0.51082943
4965.8500 0.51900148
4965.9000 0.52909544
4965.9500 0.5391894
4966.0000 0.54928337
4966.0500 0.56436884
4966.1000 0.58316975
4966.1500 0.60197066
4966.2000 0.62077157
4966.2500 0.63178911
4966.3000 0.6156145
4966.3500 0.59943989
4966.4000 0.58326528
4966.4500 0.56709067
4966.5000 0.56456776
4966.5500 0.56402938
4966.6000 0.56349099
4966.6500 0.56295261
4966.7000 0.55880833
4966.7500 0.5514004
4966.8000 0.54399248
4966.8500 0.53658455
4966.9000 0.5285095
4966.9500 0.51735421
4967.0000 0.50619891
4967.0500 0.49504362
4967.1000 0.48388833
4967.1500 0.49887677
4967.2000 0.5191281
4967.2500 0.53937942
4967.3000 0.55963075
4967.3500 0.56401926
4967.4000 0.55177249
4967.4500 0.53952572
4967.5000 0.52727895
4967.5500 0.5180993
4967.6000 0.52699212
4967.6500 0.53588494
4967.7000 0.54477776
4967.7500 0.55367059
4967.8000 0.55422663
4967.8500 0.55274193
4967.9000 0.55125722
4967.9500 0.54977252
4968.0000 0.55163061
4968.0500 0.55736738
4968.1000 0.56310414
4968.1500 0.5688409
4968.2000 0.5740339
4968.2500 0.57537591
4968.3000 0.57671792
4968.3500 0.57805993
4968.4000 0.57940194
4968.4500 0.57341443
4968.5000 0.5654296
4968.5500 0.55744476
4968.6000 0.54945993
4968.6500 0.53932147
4968.7000 0.52654295
4968.7500 0.51376442
4968.8000 0.50098589
4968.8500 0.49256316
4968.9000 0.51800724
4968.9500 0.54345133
4969.0000 0.56889542
4969.0500 0.59433951
4969.1000 0.5861089
4969.1500 0.56837715
4969.2000 0.5506454
4969.2500 0.53291365
4969.3000 0.5264785
4969.3500 0.53400658
4969.4000 0.54153466
4969.4500 0.54906274
4969.5000 0.55437771
4969.5500 0.54279051
4969.6000 0.53120331
4969.6500 0.51961611
4969.7000 0.50802891
4969.7500 0.51618035
4969.8000 0.52971785
4969.8500 0.54325536
4969.9000 0.55679287
4969.9500 0.56740709
4970.0000 0.5745446
4970.0500 0.58168212
4970.1000 0.58881963
4970.1500 0.59283869
4970.2000 0.57583805
4970.2500 0.55883741
4970.3000 0.54183678
4970.3500 0.52483614
4970.4000 0.5393266
4970.4500 0.56154722
4970.5000 0.58376784
4970.5500 0.60598846
4970.6000 0.6144489
4970.6500 0.60787738
4970.7000 0.60130587
4970.7500 0.59473435
4970.8000 0.59022551
4970.8500 0.59702968
4970.9000 0.60383386
4970.9500 0.61063804
4971.0000 0.61744221
4971.0500 0.61269889
4971.1000 0.60562044
4971.1500 0.59854199
4971.2000 0.59146354
4971.2500 0.59092563
4971.3000 0.59665491
4971.3500 0.60238419
4971.4000 0.60811347
4971.4500 0.60909201
4971.5000 0.58992701
4971.5500 0.57076201
4971.6000 0.55159702
4971.6500 0.53243202
4971.7000 0.54186177
4971.7500 0.55547791
4971.8000 0.56909405
4971.8500 0.58271019
4971.9000 0.58719472
4971.9500 0.58435867
4972.0000 0.58152262
4972.0500 0.57868657
4972.1000 0.57466229
4972.1500 0.56685613
4972.2000 0.55904998
4972.2500 0.55124383
4972.3000 0.54343768
4972.3500 0.54703662
4972.4000 0.55156821
4972.4500 0.55609981
4972.5000 0.56063141
4972.5500 0.55729148
4972.6000 0.54894061
4972.6500 0.54058974
4972.7000 0.53223887
4972.7500 0.52864447
4972.8000 0.53620484
4972.8500 0.54376521
4972.9000 0.55132558
4972.9500 0.55888596
4973.0000 0.55533618
4973.0500 0.55165307
4973.1000 0.54796995
4973.1500 0.54428684
4973.2000 0.5435931
4973.2500 0.54431495
4973.3000 0.5450368
4973.3500 0.54575865
4973.4000 0.55034806
4973.4500 0.56151078
4973.5000 0.57267351
4973.5500 0.58383624
4973.6000 0.5939483
4973.6500 0.58856606
4973.7000 0.58318381
4973.7500 0.57780157
4973.8000 0.57241932
4973.8500 0.57751626
4973.9000 0.58596105
4973.9500 0.59440583
4974.0000 0.60285062
4974.0500 0.6054675
4974.1000 0.60106251
4974.1500 0.59665752
4974.2000 0.59225253
4974.2500 0.58546846
4974.3000 0.56525562
4974.3500 0.54504278
4974.4000 0.52482994
4974.4500 0.50461711
4974.5000 0.51717415
4974.5500 0.53557082
4974.6000 0.5539675
4974.6500 0.57236417
4974.7000 0.57511901
4974.7500 0.56498763
4974.8000 0.55485626
4974.8500 0.54472488
4974.9000 0.53796932
4974.9500 0.54138807
4975.0000 0.54480683
4975.0500 0.54822558
4975.1000 0.55164434
4975.1500 0.54919638
4975.2000 0.54644788
4975.2500 0.54369938
4975.3000 0.54095088
4975.3500 0.54674891
4975.4000 0.55705464
4975.4500 0.56736038
4975.5000 0.57766611
4975.5500 0.58103292
4975.6000 0.57203253
4975.6500 0.56303214
4975.7000 0.55403175
4975.7500 0.54563808
4975.8000 0.54591044
4975.8500 0.54618281
4975.9000 0.54645517
4975.9500 0.54672753
4976.0000 0.55108425
4976.0500 0.55664215
4976.1000 0.56220006
4976.1500 0.56775796
4976.2000 0.57016776
4976.2500 0.56918545
4976.3000 0.56820315
4976.3500 0.56722084
4976.4000 0.56260973
4976.4500 0.54265297
4976.5000 0.52269622
4976.5500 0.50273946
4976.6000 0.4827827
4976.6500 0.49355152
4976.7000 0.50764189
4976.7500 0.52173227
4976.8000 0.53582264
4976.8500 0.54065444
4976.9000 0.53968858
4976.9500 0.53872273
4977.0000 0.53775687
4977.0500 0.53686333
4977.1000 0.53611745
4977.1500 0.53537158
4977.2000 0.5346257
4977.2500 0.53385462
4977.3000 0.53253326
4977.3500 0.53121191
4977.4000 0.52989055
4977.4500 0.5285692
4977.5000 0.53393074
4977.5500 0.54140055
4977.6000 0.54887036
4977.6500 0.55634017
4977.7000 0.56018115
4977.7500 0.56005703
4977.8000 0.55993291
4977.8500 0.55980878
4977.9000 0.56110597
4977.9500 0.56820282
4978.0000 0.57529966
4978.0500 0.5823965
4978.1000 0.58949334
4978.1500 0.57799107
4978.2000 0.56480757
4978.2500 0.55162408
4978.3000 0.53844058
4978.3500 0.54191973
4978.4000 0.55482598
4978.4500 0.56773222
4978.5000 0.58063847
4978.5500 0.58523618
4978.6000 0.57516085
4978.6500 0.56508552
4978.7000 0.55501019
4978.7500 0.54697975
4978.8000 0.56076769
4978.8500 0.57455563
4978.9000 0.58834357
4978.9500 0.60213151
4979.0000 0.60726251
4979.0500 0.61037804
4979.1000 0.61349357
4979.1500 0.61660909
4979.2000 0.61304655
4979.2500 0.60374717
4979.3000 0.59444779
4979.3500 0.58514841
4979.4000 0.57779231
4979.4500 0.57579952
4979.5000 0.57380673
4979.5500 0.57181393
4979.6000 0.56982114
4979.6500 0.55592426
4979.7000 0.54197136
4979.7500 0.52801845
4979.8000 0.51406554
4979.8500 0.52144974
4979.9000 0.53688813
4979.9500 0.55232653
4980.0000 0.56776492
4980.0500 0.56939881
4980.1000 0.55469094
4980.1500 0.53998308
4980.2000 0.52527522
4980.2500 0.51182059
4980.3000 0.50366844
4980.3500 0.49551628
4980.4000 0.48736413
4980.4500 0.47921198
4980.5000 0.49787662
4980.5500 0.51869317
4980.6000 0.53950973
4980.6500 0.56032628
4980.7000 0.56681581
4980.7500 0.56597607
4980.8000 0.56513633
4980.8500 0.56429659
4980.9000 0.56122047
4980.9500 0.5547717
4981.0000 0.54832294
4981.0500 0.54187418
4981.1000 0.53482888
4981.1500 0.52403091
4981.2000 0.51323295
4981.2500 0.50243499
4981.3000 0.49163703
4981.3500 0.49070767
4981.4000 0.49116358
4981.4500 0.49161949
4981.5000 0.49207541
4981.5500 0.50157572
4981.6000 0.51666764
4981.6500 0.53175956
4981.7000 0.54685148
4981.7500 0.55349421
4981.8000 0.54513593
4981.8500 0.53677766
4981.9000 0.52841938
4981.9500 0.51901864
4982.0000 0.50063211
4982.0500 0.48224559
4982.1000 0.46385906
4982.1500 0.44547254
4982.2000 0.45128678
4982.2500 0.46140854
4982.3000 0.4715303
4982.3500 0.48165205
4982.4000 0.49623343
4982.4500 0.5138484
4982.5000 0.53146337
4982.5500 0.54907834
4982.6000 0.55877556
4982.6500 0.55328695
4982.7000 0.54779833
4982.7500 0.54230972
4982.8000 0.53668651
4982.8500 0.52972791
4982.9000 0.52276931
4982.9500 0.51581071
4983.0000 0.5088521
4983.0500 0.50849689
4983.1000 0.50938344
4983.1500 0.51026999
4983.2000 0.51115654
4983.2500 0.50662121
4983.3000 0.49836731
4983.3500 0.49011342
4983.4000 0.48185952
4983.4500 0.47159726
4983.5000 0.45753775
4983.5500 0.44347824
4983.6000 0.42941873
4983.6500 0.41771698
4983.7000 0.42723608
4983.7500 0.43675518
4983.8000 0.44627428
4983.8500 0.45579338
4983.9000 0.45861572
4983.9500 0.46030566
4984.0000 0.46199559
4984.0500 0.46368553
4984.1000 0.46729084
4984.1500 0.47211034
4984.2000 0.47692984
4984.2500 0.48174934
4984.3000 0.48468237
4984.3500 0.48440326
4984.4000 0.48412416
4984.4500 0.48384506
4984.5000 0.4838803
4984.5500 0.48603282
4984.6000 0.48818533
4984.6500 0.49033785
4984.7000 0.49249037
4984.7500 0.48388458
4984.8000 0.47394707
4984.8500 0.46400956
4984.9000 0.45407206
4984.9500 0.45211953
4985.0000 0.45443397
4985.0500 0.45674842
4985.1000 0.45906286
4985.1500 0.46073816
4985.2000 0.46151219
4985.2500 0.46228621
4985.3000 0.46306024
4985.3500 0.46246067
4985.4000 0.45557834
4985.4500 0.448696
4985.5000 0.44181366
4985.5500 0.43493132
4985.6000 0.44034291
4985.6500 0.44646729
4985.7000 0.45259167
4985.7500 0.45871605
4985.8000 0.46010058
4985.8500 0.45957064
4985.9000 0.4590407
4985.9500 0.45851076
4986.0000 0.46435036
4986.0500 0.47707101
4986.1000 0.48979166
4986.1500 0.50251231
4986.2000 0.50979639
4986.2500 0.50080596
4986.3000 0.49181553
4986.3500 0.4828251
4986.4000 0.47407992
4986.4500 0.47653966
4986.5000 0.47899939
4986.5500 0.48145913
4986.6000 0.48391887
4986.6500 0.4798402
4986.7000 0.47406243
4986.7500 0.46828466
4986.8000 0.4625069
4986.8500 0.46674236
4986.9000 0.47861343
4986.9500 0.4904845
4987.0000 0.50235557
4987.0500 0.51203367
4987.1000 0.51749796
4987.1500 0.52296225
4987.2000 0.52842654
4987.2500 0.53269305
4987.3000 0.52805146
4987.3500 0.52340986
4987.4000 0.51876827
4987.4500 0.51412668
4987.5000 0.51375249
4987.5500 0.51387327
4987.6000 0.51399405
4987.6500 0.51411484
4987.7000 0.50508489
4987.7500 0.49164729
4987.8000 0.47820968
4987.8500 0.46477208
4987.9000 0.46692456
4987.9500 0.48774584
4988.0000 0.50856711
4988.0500 0.52938839
4988.1000 0.54388482
4988.1500 0.53796576
4988.2000 0.5320467
4988.2500 0.52612764
4988.3000 0.52029372
4988.3500 0.51878671
4988.4000 0.5172797
4988.4500 0.5157727
4988.5000 0.51426569
4988.5500 0.50920171
4988.6000 0.50326714
4988.6500 0.49733258
4988.7000 0.49139802
4988.7500 0.49383557
4988.8000 0.50212105
4988.8500 0.51040653
4988.9000 0.51869201
4988.9500 0.5280143
4989.0000 0.53906133
4989.0500 0.55010836
4989.1000 0.56115538
4989.1500 0.57002463
4989.2000 0.56774729
4989.2500 0.56546996
4989.3000 0.56319262
4989.3500 0.56091529
4989.4000 0.55243268
4989.4500 0.54364233
4989.5000 0.53485199
4989.5500 0.52606164
4989.6000 0.51902019
4989.6500 0.51258251
4989.7000 0.50614483
4989.7500 0.49970714
4989.8000 0.50248481
4989.8500 0.5132628
4989.9000 0.52404078
4989.9500 0.53481876
4990.0000 0.54390156
4990.0500 0.5495195
4990.1000 0.55513743
4990.1500 0.56075537
4990.2000 0.56367383
4990.2500 0.54735586
4990.3000 0.53103789
4990.3500 0.51471992
4990.4000 0.49840195
4990.4500 0.51373696
4990.5000 0.53186513
4990.5500 0.54999331
4990.6000 0.56812149
4990.6500 0.56329637
4990.7000 0.54937007
4990.7500 0.53544377
4990.8000 0.52151746
4990.8500 0.50953207
4990.9000 0.4993779
4990.9500 0.48922373
4991.0000 0.47906956
4991.0500 0.47522045
4991.1000 0.48512569
4991.1500 0.49503094
4991.2000 0.50493618
4991.2500 0.51316208
4991.3000 0.50851595
4991.3500 0.50386983
4991.4000 0.49922371
4991.4500 0.49457758
4991.5000 0.49483399
4991.5500 0.49552943
4991.6000 0.49622486
4991.6500 0.4969203
4991.7000 0.50727604
4991.7500 0.52136035
4991.8000 0.53544467
4991.8500 0.54952898
4991.9000 0.54892687
4991.9500 0.5351187
4992.0000 0.52131053
4992.0500 0.50750237
4992.1000 0.49768752
4992.1500 0.49587608
4992.2000 0.49406464
4992.2500 0.4922532
4992.3000 0.49068754
4992.3500 0.49062533
4992.4000 0.49056312
4992.4500 0.49050091
4992.5000 0.4904387
4992.5500 0.50554107
4992.6000 0.5214506
4992.6500 0.53736013
4992.7000 0.55326966
4992.7500 0.54557434
4992.8000 0.53041374
4992.8500 0.51525313
4992.9000 0.50009252
4992.9500 0.50361721
4993.0000 0.52116298
4993.0500 0.53870875
4993.1000 0.55625451
4993.1500 0.56029402
4993.2000 0.54268488
4993.2500 0.52507573
4993.3000 0.50746658
4993.3500 0.4955082
4993.4000 0.50638173
4993.4500 0.51725526
4993.5000 0.52812879
4993.5500 0.53870356
4993.6000 0.5280918
4993.6500 0.51748004
4993.7000 0.50686829
4993.7500 0.49625653
4993.8000 0.502055
4993.8500 0.5111972
4993.9000 0.5203394
4993.9500 0.5294816
4994.0000 0.53374109
4994.0500 0.53535834
4994.1000 0.53697558
4994.1500 0.53859283
4994.2000 0.53800924
4994.2500 0.53492705
4994.3000 0.53184486
4994.3500 0.52876267
4994.4000 0.52527873
4994.4500 0.5208068
4994.5000 0.51633487
4994.5500 0.51186294
4994.6000 0.50833059
4994.6500 0.5123111
4994.7000 0.51629161
4994.7500 0.52027212
4994.8000 0.52425263
4994.8500 0.51505333
4994.9000 0.50493102
4994.9500 0.49480872
4995.0000 0.48468641
4995.0500 0.48626119
4995.1000 0.49154485
4995.1500 0.49682851
4995.2000 0.50211217
4995.2500 0.50584634
4995.3000 0.50848255
4995.3500 0.51111875
4995.4000 0.51375496
4995.4500 0.51505946
4995.5000 0.51446812
4995.5500 0.51387678
4995.6000 0.51328544
4995.6500 0.5125883
4995.7000 0.51155843
4995.7500 0.51052855
4995.8000 0.50949868
4995.8500 0.50835425
4995.9000 0.50571589
4995.9500 0.50307753
4996.0000 0.50043917
4996.0500 0.49780081
4996.1000 0.50476573
4996.1500 0.51276819
4996.2000 0.52077065
4996.2500 0.52877311
4996.3000 0.53110973
4996.3500 0.53140446
4996.4000 0.53169919
4996.4500 0.53199392
4996.5000 0.52713299
4996.5500 0.51836669
4996.6000 0.5096004
4996.6500 0.50083411
4996.7000 0.50105569
4996.7500 0.51452474
4996.8000 0.52799379
4996.8500 0.54146285
4996.9000 0.54793457
4996.9500 0.53233938
4997.0000 0.51674419
4997.0500 0.501149
4997.1000 0.48832654
4997.1500 0.50800424
4997.2000 0.52768194
4997.2500 0.54735964
4997.3000 0.56703735
4997.3500 0.56386092
4997.4000 0.55863703
4997.4500 0.55341315
4997.5000 0.54818927
4997.5500 0.54015464
4997.6000 0.53122394
4997.6500 0.52229324
4997.7000 0.51336255
4997.7500 0.51771565
4997.8000 0.53092214
4997.8500 0.54412863
4997.9000 0.55733512
4997.9500 0.5657071
4998.0000 0.56800511
4998.0500 0.57030311
4998.1000 0.57260111
4998.1500 0.57520796
4998.2000 0.57857976
4998.2500 0.58195155
4998.3000 0.58532334
4998.3500 0.5880006
4998.4000 0.58616513
4998.4500 0.58432965
4998.5000 0.58249418
4998.5500 0.5806587
4998.6000 0.57035478
4998.6500 0.55988198
4998.7000 0.54940918
4998.7500 0.53893638
4998.8000 0.53090811
4998.8500 0.52338466
4998.9000 0.51586121
4998.9500 0.50833776
4999.0000 0.50974778
4999.0500 0.51538998
4999.1000 0.52103219
4999.1500 0.52667439
4999.2000 0.52702298
4999.2500 0.52266909
4999.3000 0.5183152
4999.3500 0.51396131
4999.4000 0.5130013
4999.4500 0.517534
4999.5000 0.52206669
4999.5500 0.52659939
4999.6000 0.52870162
4999.6500 0.522917
4999.7000 0.51713237
4999.7500 0.51134775
4999.8000 0.50640382
4999.8500 0.50990346
4999.9000 0.51340309
4999.9500 0.51690273
5000.0000 0.52040236
5000.0500 0.52348598
5000.1000 0.52654625
5000.1500 0.52960652
5000.2000 0.53266679
5000.2500 0.52921683
5000.3000 0.52418451
5000.3500 0.51915219
5000.4000 0.51411986
5000.4500 0.51195491
5000.5000 0.51124481
5000.5500 0.51053471
5000.6000 0.50982461
5000.6500 0.50664473
5000.7000 0.50121825
5000.7500 0.49579177
5000.8000 0.49036529
5000.8500 0.48490566
5000.9000 0.47939311
5000.9500 0.47388055
5001.0000 0.468368
5001.0500 0.46586521
5001.1000 0.47248239
5001.1500 0.47909956
5001.2000 0.48571673
5001.2500 0.49191168
5001.3000 0.49477058
5001.3500 0.49762948
5001.4000 0.50048838
5001.4500 0.50334728
5001.5000 0.50249651
5001.5500 0.50156185
5001.6000 0.50062718
5001.6500 0.49969252
5001.7000 0.48536626
5001.7500 0.46857866
5001.8000 0.45179106
5001.8500 0.43500346
5001.9000 0.44443535
5001.9500 0.46442553
5002.0000 0.48441572
5002.0500 0.50440591
5002.1000 0.50572568
5002.1500 0.49365893
5002.2000 0.48159217
5002.2500 0.46952542
5002.3000 0.46648073
5002.3500 0.47431996
5002.4000 0.48215919
5002.4500 0.48999843
5002.5000 0.49392909
5002.5500 0.48975574
5002.6000 0.48558239
5002.6500 0.48140905
5002.7000 0.47837934
5002.7500 0.47995763
5002.8000 0.48153592
5002.8500 0.48311421
5002.9000 0.48497442
5002.9500 0.49038206
5003.0000 0.4957897
5003.0500 0.50119734
5003.1000 0.50660498
5003.1500 0.51248287
5003.2000 0.51838565
5003.2500 0.52428844
5003.3000 0.53019123
5003.3500 0.52241585
5003.4000 0.51178221
5003.4500 0.50114857
5003.5000 0.49051493
5003.5500 0.49549298
5003.6000 0.50697524
5003.6500 0.51845751
5003.7000 0.52993977
5003.7500 0.53211073
5003.8000 0.52770275
5003.8500 0.52329478
5003.9000 0.5188868
5003.9500 0.50715521
5004.0000 0.48707747
5004.0500 0.46699972
5004.1000 0.44692198
5004.1500 0.43720772
5004.2000 0.4467323
5004.2500 0.45625688
5004.3000 0.46578145
5004.3500 0.47596853
5004.4000 0.48832272
5004.4500 0.50067691
5004.5000 0.51303111
5004.5500 0.52265289
5004.6000 0.51214126
5004.6500 0.50162964
5004.7000 0.49111801
5004.7500 0.48080278
5004.8000 0.50203955
5004.8500 0.52327632
5004.9000 0.54451309
5004.9500 0.56574986
5005.0000 0.55348832
5005.0500 0.53726329
5005.1000 0.52103825
5005.1500 0.50481322
5005.2000 0.50454652
5005.2500 0.50868857
5005.3000 0.51283062
5005.3500 0.51697267
5005.4000 0.51332054
5005.4500 0.50590188
5005.5000 0.49848323
5005.5500 0.49106458
5005.6000 0.49055124
5005.6500 0.49532886
5005.7000 0.50010648
5005.7500 0.5048841
5005.8000 0.50791411
5005.8500 0.50888838
5005.9000 0.50986264
5005.9500 0.51083691
5006.0000 0.51441842
5006.0500 0.52275512
5006.1000 0.53109182
5006.1500 0.53942852
5006.2000 0.54306548
5006.2500 0.53260977
5006.3000 0.52215406
5006.3500 0.51169835
5006.4000 0.50291592
5006.4500 0.50381432
5006.5000 0.50471273
5006.5500 0.50561114
5006.6000 0.50674806
5006.6500 0.51283351
5006.7000 0.51891896
5006.7500 0.52500442
5006.8000 0.53108987
5006.8500 0.51603998
5006.9000 0.49978173
5006.9500 0.48352348
5007.0000 0.46726523
5007.0500 0.46348399
5007.1000 0.4619534
5007.1500 0.46042282
5007.2000 0.45889223
5007.2500 0.46464341
5007.3000 0.47282481
5007.3500 0.48100622
5007.4000 0.48918763
5007.4500 0.48724617
5007.5000 0.47994174
5007.5500 0.47263731
5007.6000 0.46533288
5007.6500 0.46410837
5007.7000 0.46768179
5007.7500 0.47125521
5007.8000 0.47482862
5007.8500 0.47361433
5007.9000 0.46690254
5007.9500 0.46019074
5008.0000 0.45347895
5008.0500 0.45321402
5008.1000 0.46376796
5008.1500 0.47432191
5008.2000 0.48487586
5008.2500 0.49145091
5008.3000 0.48792586
5008.3500 0.48440081
5008.4000 0.48087576
5008.4500 0.4792968
5008.5000 0.48584664
5008.5500 0.49239648
5008.6000 0.49894632
5008.6500 0.5041665
5008.7000 0.49805762
5008.7500 0.49194874
5008.8000 0.48583986
5008.8500 0.47990352
5008.9000 0.48325188
5008.9500 0.48660023
5009.0000 0.48994859
5009.0500 0.49329695
5009.1000 0.48251014
5009.1500 0.47070465
5009.2000 0.45889917
5009.2500 0.44709368
5009.3000 0.45929449
5009.3500 0.47577703
5009.4000 0.49225956
5009.4500 0.50874209
5009.5000 0.50478436
5009.5500 0.49457649
5009.6000 0.48436863
5009.6500 0.47416076
5009.7000 0.46898877
5009.7500 0.46613959
5009.8000 0.4632904
5009.8500 0.46044121
5009.9000 0.46325288
5009.9500 0.46977296
5010.0000 0.47629304
5010.0500 0.48281312
5010.1000 0.490815
5010.1500 0.50015556
5010.2000 0.50949613
5010.2500 0.5188367
5010.3000 0.52008027
5010.3500 0.51134212
5010.4000 0.50260397
5010.4500 0.49386582
5010.5000 0.49066451
5010.5500 0.49682194
5010.6000 0.50297937
5010.6500 0.5091368
5010.7000 0.51381209
5010.7500 0.51497702
5010.8000 0.51614195
5010.8500 0.51730688
5010.9000 0.51751504
5010.9500 0.51439658
5011.0000 0.51127813
5011.0500 0.50815968
5011.1000 0.50615281
5011.1500 0.51038643
5011.2000 0.51462006
5011.2500 0.51885369
5011.3000 0.52240678
5011.3500 0.51817039
5011.4000 0.51393401
5011.4500 0.50969762
5011.5000 0.50541897
5011.5500 0.49728042
5011.6000 0.48914187
5011.6500 0.48100332
5011.7000 0.47286477
5011.7500 0.47623291
5011.8000 0.48030112
5011.8500 0.48436933
5011.9000 0.48843754
5011.9500 0.49942113
5012.0000 0.51138546
5012.0500 0.52334979
5012.1000 0.53531412
5012.1500 0.52432937
5012.2000 0.50797105
5012.2500 0.49161274
5012.3000 0.47525443
5012.3500 0.4732689
5012.4000 0.47617493
5012.4500 0.47908096
5012.5000 0.48198698
5012.5500 0.47819812
5012.6000 0.47130516
5012.6500 0.46441221
5012.7000 0.45751925
5012.7500 0.45446954
5012.8000 0.45375847
5012.8500 0.4530474
5012.9000 0.45233634
5012.9500 0.45093405
5013.0000 0.44899197
5013.0500 0.44704989
5013.1000 0.44510781
5013.1500 0.45924871
5013.2000 0.48930385
5013.2500 0.519359
5013.3000 0.54941415
5013.3500 0.55993926
5013.4000 0.54611709
5013.4500 0.53229492
5013.5000 0.51847275
5013.5500 0.50449346
5013.6000 0.49026728
5013.6500 0.47604109
5013.7000 0.46181491
5013.7500 0.45050679
5013.8000 0.44501625
5013.8500 0.4395257
5013.9000 0.43403515
5013.9500 0.42928707
5014.0000 0.42644337
5014.0500 0.42359967
5014.1000 0.42075596
5014.1500 0.42161025
5014.2000 0.43496385
5014.2500 0.44831746
5014.3000 0.46167106
5014.3500 0.47395551
5014.4000 0.48128371
5014.4500 0.48861192
5014.5000 0.49594012
5014.5500 0.50030783
5014.6000 0.48449085
5014.6500 0.46867387
5014.7000 0.45285689
5014.7500 0.43819702
5014.8000 0.43689629
5014.8500 0.43559557
5014.9000 0.43429484
5014.9500 0.43366862
5015.0000 0.45290306
5015.0500 0.47213749
5015.1000 0.49137193
5015.1500 0.51060637
5015.2000 0.48745254
5015.2500 0.46375415
5015.3000 0.44005575
5015.3500 0.41635736
5015.4000 0.4255363
5015.4500 0.43669811
5015.5000 0.44785991
5015.5500 0.45902171
5015.6000 0.4733622
5015.6500 0.48805486
5015.7000 0.50274753
5015.7500 0.51744019
5015.8000 0.49728332
5015.8500 0.4713934
5015.9000 0.44550348
5015.9500 0.41961356
5016.0000 0.42025987
5016.0500 0.42678894
5016.1000 0.43331801
5016.1500 0.43984708
5016.2000 0.44719549
5016.2500 0.45477542
5016.3000 0.46235536
5016.3500 0.46993529
5016.4000 0.4711806
5016.4500 0.47022517
5016.5000 0.46926974
5016.5500 0.46831432
5016.6000 0.47844208
5016.6500 0.49318574
5016.7000 0.50792939
5016.7500 0.52267305
5016.8000 0.52251667
5016.8500 0.51505886
5016.9000 0.50760104
5016.9500 0.50014323
5017.0000 0.49488847
5017.0500 0.49088581
5017.1000 0.48688315
5017.1500 0.48288049
5017.2000 0.45668906
5017.2500 0.41603725
5017.3000 0.37538543
5017.3500 0.33473362
5017.4000 0.34885828
5017.4500 0.4035367
5017.5000 0.45821513
5017.5500 0.51289355
5017.6000 0.52640695
5017.6500 0.50556613
5017.7000 0.48472531
5017.7500 0.46388449
5017.8000 0.4601561
5017.8500 0.47241945
5017.9000 0.48468281
5017.9500 0.49694617
5018.0000 0.49865203
5018.0500 0.48937373
5018.1000 0.48009543
5018.1500 0.47081713
5018.2000 0.46454036
5018.2500 0.46172247
5018.3000 0.45890458
5018.3500 0.45608669
5018.4000 0.44662882
5018.4500 0.42873544
5018.5000 0.41084206
5018.5500 0.39294868
5018.6000 0.38490208
5018.6500 0.39058637
5018.7000 0.39627065
5018.7500 0.40195493
5018.8000 0.41063084
5018.8500 0.4238668
5018.9000 0.43710277
5018.9500 0.45033873
5019.0000 0.46166983
5019.0500 0.46983981
5019.1000 0.47800979
5019.1500 0.48617978
5019.2000 0.48692239
5019.2500 0.47429957
5019.3000 0.46167675
5019.3500 0.44905393
5019.4000 0.43848615
5019.4500 0.43191209
5019.5000 0.42533804
5019.5500 0.41876399
5019.6000 0.41723776
5019.6500 0.42626175
5019.7000 0.43528573
5019.7500 0.44430972
5019.8000 0.44662701
5019.8500 0.43393469
5019.9000 0.42124238
5019.9500 0.40855007
5020.0000 0.40110346
5020.0500 0.40617
5020.1000 0.41123653
5020.1500 0.41630307
5020.2000 0.41663264
5020.2500 0.40497719
5020.3000 0.39332174
5020.3500 0.38166629
5020.4000 0.37857982
5020.4500 0.39836911
5020.5000 0.4181584
5020.5500 0.43794769
5020.6000 0.45225251
5020.6500 0.45119469
5020.7000 0.45013686
5020.7500 0.44907903
5020.8000 0.44462032
5020.8500 0.43022527
5020.9000 0.41583022
5020.9500 0.40143517
5021.0000 0.39238299
5021.0500 0.39951065
5021.1000 0.40663831
5021.1500 0.41376596
5021.2000 0.42182279
5021.2500 0.43277679
5021.3000 0.4437308
5021.3500 0.4546848
5021.4000 0.46369873
5021.4500 0.46652744
5021.5000 0.46935614
5021.5500 0.47218484
5021.6000 0.46980724
5021.6500 0.45057928
5021.7000 0.43135132
5021.7500 0.41212336
5021.8000 0.40462758
5021.8500 0.43539683
5021.9000 0.46616607
5021.9500 0.49693532
5022.0000 0.51827098
5022.0500 0.50883102
5022.1000 0.49939105
5022.1500 0.48995109
5022.2000 0.47954169
5022.2500 0.46599241
5022.3000 0.45244313
5022.3500 0.43889385
5022.4000 0.43119566
5022.4500 0.44217424
5022.5000 0.45315282
5022.5500 0.4641314
5022.6000 0.47181514
5022.6500 0.46920842
5022.7000 0.4666017
5022.7500 0.46399497
5022.8000 0.46480333
5022.8500 0.47597529
5022.9000 0.48714725
5022.9500 0.49831921
5023.0000 0.50648821
5023.0500 0.50586152
5023.1000 0.50523483
5023.1500 0.50460813
5023.2000 0.50149307
5023.2500 0.49138778
5023.3000 0.4812825
5023.3500 0.47117721
5023.4000 0.4609309
5023.4500 0.45030691
5023.5000 0.43968293
5023.5500 0.42905895
5023.6000 0.42256799
5023.6500 0.42657066
5023.7000 0.43057332
5023.7500 0.43457599
5023.8000 0.4369553
5023.8500 0.43544768
5023.9000 0.43394007
5023.9500 0.43243245
5024.0000 0.43650684
5024.0500 0.45312357
5024.1000 0.46974029
5024.1500 0.48635702
5024.2000 0.49296944
5024.2500 0.47858498
5024.3000 0.46420053
5024.3500 0.44981607
5024.4000 0.43976338
5024.4500 0.43816554
5024.5000 0.43656769
5024.5500 0.43496984
5024.6000 0.43696094
5024.6500 0.44543918
5024.7000 0.45391742
5024.7500 0.46239566
5024.8000 0.47099463
5024.8500 0.47979487
5024.9000 0.48859511
5024.9500 0.49739535
5025.0000 0.5010002
5025.0500 0.49664883
5025.1000 0.49229747
5025.1500 0.4879461
5025.2000 0.48760407
5025.2500 0.49287935
5025.3000 0.49815464
5025.3500 0.50342993
5025.4000 0.50805442
5025.4500 0.51184816
5025.5000 0.5156419
5025.5500 0.51943564
5025.6000 0.52348511
5025.6500 0.52783069
5025.7000 0.53217627
5025.7500 0.53652186
5025.8000 0.54025722
5025.8500 0.54335462
5025.9000 0.54645202
5025.9500 0.54954942
5026.0000 0.53844679
5026.0500 0.51400904
5026.1000 0.4895713
5026.1500 0.46513355
5026.2000 0.46261356
5026.2500 0.47847508
5026.3000 0.49433659
5026.3500 0.51019811
5026.4000 0.51475271
5026.4500 0.51089482
5026.5000 0.50703692
5026.5500 0.50317903
5026.6000 0.50125824
5026.6500 0.50060613
5026.7000 0.49995403
5026.7500 0.49930192
5026.8000 0.51036093
5026.8500 0.52810928
5026.9000 0.54585762
5026.9500 0.56360596
5027.0000 0.55245723
5027.0500 0.52707637
5027.1000 0.5016955
5027.1500 0.47631464
5027.2000 0.47905772
5027.2500 0.49357395
5027.3000 0.50809019
5027.3500 0.52260642
5027.4000 0.50597361
5027.4500 0.47846235
5027.5000 0.4509511
5027.5500 0.42343984
5027.6000 0.42526366
5027.6500 0.4354217
5027.7000 0.44557974
5027.7500 0.45573778
5027.8000 0.45310919
5027.8500 0.4476298
5027.9000 0.44215041
5027.9500 0.43667103
5028.0000 0.44677383
5028.0500 0.45945587
5028.1000 0.47213791
5028.1500 0.48481995
5028.2000 0.47799268
5028.2500 0.46898852
5028.3000 0.45998436
5028.3500 0.4509802
5028.4000 0.45035574
5028.4500 0.45024155
5028.5000 0.45012735
5028.5500 0.45001316
5028.6000 0.46342404
5028.6500 0.47701398
5028.7000 0.49060391
5028.7500 0.5035328
5028.8000 0.4968545
5028.8500 0.49017621
5028.9000 0.48349791
5028.9500 0.47701336
5029.0000 0.47276783
5029.0500 0.46852229
5029.1000 0.46427676
5029.1500 0.46219466
5029.2000 0.47484829
5029.2500 0.48750192
5029.3000 0.50015555
5029.3500 0.5129131
5029.4000 0.52615142
5029.4500 0.53938974
5029.5000 0.55262806
5029.5500 0.56096042
5029.6000 0.55275866
5029.6500 0.54455689
5029.7000 0.53635513
5029.7500 0.52576579
5029.8000 0.50907474
5029.8500 0.4923837
5029.9000 0.47569265
5029.9500 0.4654455
5030.0000 0.46798884
5030.0500 0.47053218
5030.1000 0.47307552
5030.1500 0.48168399
5030.2000 0.49977324
5030.2500 0.5178625
5030.3000 0.53595176
5030.3500 0.53646338
5030.4000 0.51519532
5030.4500 0.49392725
5030.5000 0.47265918
5030.5500 0.46980107
5030.6000 0.48502886
5030.6500 0.50025665
5030.7000 0.51548444
5030.7500 0.51989667
5030.8000 0.51593478
5030.8500 0.51197289
5030.9000 0.508011
5030.9500 0.50064497
5031.0000 0.49122894
5031.0500 0.4818129
5031.1000 0.47239687
5031.1500 0.46260763
5031.2000 0.45264758
5031.2500 0.44268754
5031.3000 0.43272749
5031.3500 0.43456826
5031.4000 0.44035865
5031.4500 0.44614904
5031.5000 0.45193943
5031.5500 0.46173641
5031.6000 0.47245002
5031.6500 0.48316364
5031.7000 0.49387725
5031.7500 0.50269445
5031.8000 0.51125243
5031.8500 0.51981041
5031.9000 0.52836839
5031.9500 0.52361801
5032.0000 0.51812313
5032.0500 0.51262826
5032.1000 0.50697244
5032.1500 0.49119506
5032.2000 0.47541769
5032.2500 0.45964032
5032.3000 0.44678591
5032.3500 0.46514082
5032.4000 0.48349573
5032.4500 0.50185064
5032.5000 0.51470596
5032.5500 0.49802523
5032.6000 0.48134449
5032.6500 0.46466376
5032.7000 0.45085918
5032.7500 0.44670204
5032.8000 0.44254489
5032.8500 0.43838774
5032.9000 0.4392258
5032.9500 0.45151653
5033.0000 0.46380727
5033.0500 0.47609801
5033.1000 0.48514692
5033.1500 0.4888861
5033.2000 0.49262528
5033.2500 0.49636446
5033.3000 0.49540341
5033.3500 0.48883139
5033.4000 0.48225937
5033.4500 0.47568735
5033.5000 0.48192801
5033.5500 0.49935266
5033.6000 0.5167773
5033.6500 0.53420194
5033.7000 0.53006998
5033.7500 0.51235113
5033.8000 0.49463228
5033.8500 0.47691343
5033.9000 0.4684875
5033.9500 0.46415527
5034.0000 0.45982305
5034.0500 0.45549083
5034.1000 0.46652914
5034.1500 0.4819953
5034.2000 0.49746146
5034.2500 0.51292762
5034.3000 0.49918466
5034.3500 0.48068145
5034.4000 0.46217824
5034.4500 0.44367502
5034.5000 0.44514488
5034.5500 0.44778316
5034.6000 0.45042143
5034.6500 0.45358032
5034.7000 0.47303655
5034.7500 0.49249278
5034.8000 0.51194901
5034.8500 0.52739677
5034.9000 0.51303532
5034.9500 0.49867387
5035.0000 0.48431242
5035.0500 0.47328554
5035.1000 0.4749972
5035.1500 0.47670885
5035.2000 0.47842051
5035.2500 0.47564844
5035.3000 0.46230135
5035.3500 0.44895426
5035.4000 0.43560717
5035.4500 0.42895576
5035.5000 0.43280396
5035.5500 0.43665217
5035.6000 0.44050037
5035.6500 0.4427023
5035.7000 0.44313772
5035.7500 0.44357315
5035.8000 0.44400857
5035.8500 0.45981732
5035.9000 0.48690835
5035.9500 0.51399938
5036.0000 0.54109041
5036.0500 0.54154087
5036.1000 0.52901453
5036.1500 0.51648819
5036.2000 0.50396185
5036.2500 0.48876686
5036.3000 0.47277252
5036.3500 0.45677819
5036.4000 0.44078386
5036.4500 0.44698579
5036.5000 0.45656524
5036.5500 0.46614469
5036.6000 0.47572414
5036.6500 0.47354439
5036.7000 0.47097222
5036.7500 0.46840005
5036.8000 0.46568417
5036.8500 0.46102439
5036.9000 0.45636462
5036.9500 0.45170484
5037.0000 0.45007817
5037.0500 0.46312172
5037.1000 0.47616527
5037.1500 0.48920882
5037.2000 0.49703356
5037.2500 0.4911118
5037.3000 0.48519004
5037.3500 0.47926829
5037.4000 0.47590477
5037.4500 0.47670847
5037.5000 0.47751218
5037.5500 0.47831589
5037.6000 0.4691382
5037.6500 0.44944377
5037.7000 0.42974933
5037.7500 0.4100549
5037.8000 0.41724824
5037.8500 0.44275391
5037.9000 0.46825958
5037.9500 0.49376525
5038.0000 0.49496379
5038.0500 0.48594904
5038.1000 0.4769343
5038.1500 0.46791955
5038.2000 0.46252493
5038.2500 0.4579533
5038.3000 0.45338167
5038.3500 0.44881003
5038.4000 0.48455219
5038.4500 0.52348001
5038.5000 0.56240782
5038.5500 0.59790217
5038.6000 0.55124339
5038.6500 0.50458461
5038.7000 0.45792584
5038.7500 0.42118456
5038.8000 0.43858115
5038.8500 0.45597774
5038.9000 0.47337433
5038.9500 0.48493607
5039.0000 0.48079358
5039.0500 0.47665109
5039.1000 0.4725086
5039.1500 0.47125794
5039.2000 0.47456244
5039.2500 0.47786693
5039.3000 0.48117142
5039.3500 0.48872256
5039.4000 0.50040126
5039.4500 0.51207995
5039.5000 0.52375865
5039.5500 0.50612363
5039.6000 0.47106916
5039.6500 0.43601469
5039.7000 0.40096022
5039.7500 0.41893344
5039.8000 0.45469931
5039.8500 0.49046517
5039.9000 0.52623104
5039.9500 0.52715497
5040.0000 0.5229475
5040.0500 0.51874003
5040.1000 0.51453256
5040.1500 0.51233413
5040.2000 0.51014406
5040.2500 0.50795398
5040.3000 0.50301096
5040.3500 0.47815202
5040.4000 0.45329307
5040.4500 0.42843413
5040.5000 0.41849972
5040.5500 0.45372618
5040.6000 0.48895264
5040.6500 0.5241791
5040.7000 0.52545469
5040.7500 0.47055311
5040.8000 0.41565153
5040.8500 0.36074995
5040.9000 0.35320472
5040.9500 0.39182544
5041.0000 0.43044616
5041.0500 0.46906687
5041.1000 0.49126585
5041.1500 0.50412267
5041.2000 0.51697949
5041.2500 0.52983631
5041.3000 0.49786577
5041.3500 0.4524889
5041.4000 0.40711203
5041.4500 0.36173516
5041.5000 0.35527601
5041.5500 0.35297182
5041.6000 0.35066762
5041.6500 0.34898784
5041.7000 0.36283925
5041.7500 0.37669065
5041.8000 0.39054206
5041.8500 0.40526614
5041.9000 0.42410073
5041.9500 0.44293532
5042.0000 0.46176991
5042.0500 0.47004539
5042.1000 0.4551408
5042.1500 0.44023622
5042.2000 0.42533163
5042.2500 0.42064278
5042.3000 0.42833126
5042.3500 0.43601974
5042.4000 0.44370822
5042.4500 0.44263691
5042.5000 0.43554655
5042.5500 0.42845619
5042.6000 0.42136584
5042.6500 0.43418052
5042.7000 0.45418476
5042.7500 0.474189
5042.8000 0.49419323
5042.8500 0.48199255
5042.9000 0.46531432
5042.9500 0.44863609
5043.0000 0.43204721
5043.0500 0.41932429
5043.1000 0.40660138
5043.1500 0.39387847
5043.2000 0.38801454
5043.2500 0.41597291
5043.3000 0.44393127
5043.3500 0.47188964
5043.4000 0.49077577
5043.4500 0.49002277
5043.5000 0.48926977
5043.5500 0.48851678
5043.6000 0.48281869
5043.6500 0.47142472
5043.7000 0.46003076
5043.7500 0.44863679
5043.8000 0.4711076
5043.8500 0.51479378
5043.9000 0.55847996
5043.9500 0.60216613
5044.0000 0.56742042
5044.0500 0.50875474
5044.1000 0.45008906
5044.1500 0.39142338
5044.2000 0.39941694
5044.2500 0.41327551
5044.3000 0.42713409
5044.3500 0.4400027
5044.4000 0.44036084
5044.4500 0.44071898
5044.5000 0.44107713
5044.5500 0.44364048
5044.6000 0.45363293
5044.6500 0.46362539
5044.7000 0.47361784
5044.7500 0.48468469
5044.8000 0.49746187
5044.8500 0.51023905
5044.9000 0.52301622
5044.9500 0.51767595
5045.0000 0.49715584
5045.0500 0.47663573
5045.1000 0.45611562
5045.1500 0.44885263
5045.2000 0.44716982
5045.2500 0.44548701
5045.3000 0.4438042
5045.3500 0.4419159
5045.4000 0.43999547
5045.4500 0.43807504
5045.5000 0.43703417
5045.5500 0.46747046
5045.6000 0.49790674
5045.6500 0.52834303
5045.7000 0.54785835
5045.7500 0.52109825
5045.8000 0.49433815
5045.8500 0.46757805
5045.9000 0.45091369
5045.9500 0.45250765
5046.0000 0.45410162
5046.0500 0.45569559
5046.1000 0.47690856
5046.1500 0.51604746
5046.2000 0.55518636
5046.2500 0.59432527
5046.3000 0.60278755
5046.3500 0.59749344
5046.4000 0.59219933
5046.4500 0.58690521
5046.5000 0.58523833
5046.5500 0.58416377
5046.6000 0.58308922
5046.6500 0.58110273
5046.7000 0.54984165
5046.7500 0.51858056
5046.8000 0.48731947
5046.8500 0.46126791
5046.9000 0.45577548
5046.9500 0.45028304
5047.0000 0.44479061
5047.0500 0.43984666
5047.1000 0.43581494
5047.1500 0.43178322
5047.2000 0.42775151
5047.2500 0.43969641
5047.3000 0.46470376
5047.3500 0.48971111
5047.4000 0.51471845
5047.4500 0.53410845
5047.5000 0.55138089
5047.5500 0.56865334
5047.6000 0.58592578
5047.6500 0.56196954
5047.7000 0.53361786
5047.7500 0.50526618
5047.8000 0.47887698
5047.8500 0.47432639
5047.9000 0.46977581
5047.9500 0.46522523
5048.0000 0.4683046
5048.0500 0.49280771
5048.1000 0.51731083
5048.1500 0.54181395
5048.2000 0.53681814
5048.2500 0.49490402
5048.3000 0.4529899
5048.3500 0.41107578
5048.4000 0.40851143
5048.4500 0.42935164
5048.5000 0.45019185
5048.5500 0.47103206
5048.6000 0.48530344
5048.6500 0.49804711
5048.7000 0.51079078
5048.7500 0.52353445
5048.8000 0.47016562
5048.8500 0.41659452
5048.9000 0.36302343
5048.9500 0.33218965
5049.0000 0.40222019
5049.0500 0.47225072
5049.1000 0.54228125
5049.1500 0.5693093
5049.2000 0.523845
5049.2500 0.4783807
5049.3000 0.4329164
5049.3500 0.43539125
5049.4000 0.47521606
5049.4500 0.51504087
5049.5000 0.55486568
5049.5500 0.55221505
5049.6000 0.53564611
5049.6500 0.51907716
5049.7000 0.50250822
5049.7500 0.51634275
5049.8000 0.53192367
5049.8500 0.54750459
5049.9000 0.56094032
5049.9500 0.56114755
5050.0000 0.56135478
5050.0500 0.56156201
5050.1000 0.5416007
5050.1500 0.48156067
5050.2000 0.42152065
5050.2500 0.36148062
5050.3000 0.35027855
5050.3500 0.38214971
5050.4000 0.41402088
5050.4500 0.44589204
5050.5000 0.47422494
5050.5500 0.50124471
5050.6000 0.52826448
5050.6500 0.55528425
5050.7000 0.57796442
5050.7500 0.60031127
5050.8000 0.62265811
5050.8500 0.63715927
5050.9000 0.59886517
5050.9500 0.56057106
5051.0000 0.52227696
5051.0500 0.49489957
5051.1000 0.48954058
5051.1500 0.48418158
5051.2000 0.47882259
5051.2500 0.47024882
5051.3000 0.45887995
5051.3500 0.44751109
5051.4000 0.43614222
5051.4500 0.46232599
5051.5000 0.50172162
5051.5500 0.54111726
5051.6000 0.5805129
5051.6500 0.52199393
5051.7000 0.45787923
5051.7500 0.39376453
5051.8000 0.35171566
5051.8500 0.43134216
5051.9000 0.51096865
5051.9500 0.59059514
5052.0000 0.620681
5052.0500 0.56362636
5052.1000 0.50657171
5052.1500 0.44951707
5052.2000 0.42799785
5052.2500 0.43298453
5052.3000 0.43797121
5052.3500 0.44295789
5052.4000 0.48508959
5052.4500 0.5374274
5052.5000 0.58976521
5052.5500 0.64210302
5052.6000 0.59091574
5052.6500 0.53947118
5052.7000 0.48802662
5052.7500 0.45025909
5052.8000 0.46334209
5052.8500 0.47642508
5052.9000 0.48950808
5052.9500 0.49714233
5053.0000 0.49748764
5053.0500 0.49783295
5053.1000 0.49817826
5053.1500 0.48618912
5053.2000 0.46740971
5053.2500 0.4486303
5053.3000 0.42985089
5053.3500 0.44906736
5053.4000 0.47428988
5053.4500 0.4995124
5053.5000 0.52183442
5053.5500 0.51229353
5053.6000 0.50275264
5053.6500 0.49321176
5053.7000 0.48549288
5053.7500 0.48193086
5053.8000 0.47836885
5053.8500 0.47480684
5053.9000 0.47693907
5053.9500 0.48417345
5054.0000 0.49140784
5054.0500 0.49864222
5054.1000 0.50976308
5054.1500 0.52216926
5054.2000 0.53457545
5054.2500 0.54698163
5054.3000 0.52993366
5054.3500 0.51218935
5054.4000 0.49444504
5054.4500 0.4839487
5054.5000 0.50178439
5054.5500 0.51962008
5054.6000 0.53745576
5054.6500 0.54037686
5054.7000 0.52367915
5054.7500 0.50698144
5054.8000 0.49028374
5054.8500 0.47892423
5054.9000 0.47029705
5054.9500 0.46166986
5055.0000 0.45304268
5055.0500 0.45204392
5055.1000 0.45196519
5055.1500 0.45188646
5055.2000 0.45555653
5055.2500 0.48554446
5055.3000 0.51553238
5055.3500 0.54552031
5055.4000 0.54847468
5055.4500 0.50302707
5055.5000 0.45757946
5055.5500 0.41213185
5055.6000 0.4095676
5055.6500 0.43638402
5055.7000 0.46320044
5055.7500 0.49001685
5055.8000 0.48241064
5055.8500 0.46774713
5055.9000 0.45308363
5055.9500 0.43966239
5056.0000 0.44335509
5056.0500 0.4470478
5056.1000 0.4507405
5056.1500 0.46720923
5056.2000 0.51253587
5056.2500 0.5578625
5056.3000 0.60318914
5056.3500 0.61543721
5056.4000 0.60033894
5056.4500 0.58524068
5056.5000 0.57014242
5056.5500 0.57486847
5056.6000 0.58488408
5056.6500 0.59489969
5056.7000 0.60482503
5056.7500 0.61208005
5056.8000 0.61933507
5056.8500 0.6265901
5056.9000 0.62690598
5056.9500 0.60914601
5057.0000 0.59138605
5057.0500 0.57362608
5057.1000 0.5462695
5057.1500 0.5101771
5057.2000 0.4740847
5057.2500 0.4379923
5057.3000 0.45044978
5057.3500 0.47733284
5057.4000 0.5042159
5057.4500 0.53027054
5057.5000 0.51524531
5057.5500 0.50022007
5057.6000 0.48519483
5057.6500 0.48136357
5057.7000 0.50780049
5057.7500 0.53423742
5057.8000 0.56067434
5057.8500 0.53663851
5057.9000 0.46630498
5057.9500 0.39597146
5058.0000 0.32563794
5058.0500 0.29935892
5058.1000 0.28590349
5058.1500 0.27244806
5058.2000 0.26248622
5058.2500 0.36994768
5058.3000 0.47740915
5058.3500 0.58487061
5058.4000 0.65385015
5058.4500 0.62610783
5058.5000 0.5983655
5058.5500 0.57062317
5058.6000 0.5358254
5058.6500 0.49505916
5058.7000 0.45429292
5058.7500 0.41352669
5058.8000 0.41885031
5058.8500 0.43568064
5058.9000 0.45251097
5058.9500 0.46670766
5059.0000 0.43970771
5059.0500 0.41270775
5059.1000 0.38570779
5059.1500 0.37624903
5059.2000 0.40383744
5059.2500 0.43142585
5059.3000 0.45901426
5059.3500 0.47896489
5059.4000 0.49347411
5059.4500 0.50798333
5059.5000 0.52249256
5059.5500 0.52120769
5059.6000 0.51709124
5059.6500 0.51297479
5059.7000 0.50602172
5059.7500 0.4768831
5059.8000 0.44774448
5059.8500 0.41860586
5059.9000 0.4021786
5059.9500 0.40647899
5060.0000 0.41077937
5060.0500 0.41507976
5060.1000 0.40424578
5060.1500 0.38520104
5060.2000 0.3661563
5060.2500 0.34711157
5060.3000 0.37486281
5060.3500 0.40680401
5060.4000 0.4387452
5060.4500 0.46995529
5060.5000 0.49802282
5060.5500 0.52609035
5060.6000 0.55415788
5060.6500 0.55276396
5060.7000 0.51692847
5060.7500 0.48109298
5060.8000 0.44525749
5060.8500 0.43742414
5060.9000 0.4397017
5060.9500 0.44197926
5061.0000 0.44469643
5061.0500 0.49195277
5061.1000 0.5392091
5061.1500 0.58646544
5061.2000 0.61222067
5061.2500 0.58435537
5061.3000 0.55649007
5061.3500 0.52862477
5061.4000 0.5209517
5061.4500 0.52888548
5061.5000 0.53681926
5061.5500 0.54475304
5061.6000 0.52297502
5061.6500 0.49567401
5061.7000 0.46837301
5061.7500 0.44492699
5061.8000 0.44875389
5061.8500 0.45258078
5061.9000 0.45640768
5061.9500 0.47756118
5062.0000 0.52408354
5062.0500 0.5706059
5062.1000 0.61712825
5062.1500 0.61516637
5062.2000 0.59133775
5062.2500 0.56750914
5062.3000 0.54368052
5062.3500 0.5387963
5062.4000 0.53441941
5062.4500 0.53004252
5062.5000 0.51943616
5062.5500 0.49110381
5062.6000 0.46277145
5062.6500 0.4344391
5062.7000 0.46461675
5062.7500 0.54314163
5062.8000 0.6216665
5062.8500 0.70019138
5062.9000 0.65434445
5062.9500 0.58417867
5063.0000 0.5140129
5063.0500 0.46191733
5063.1000 0.53434587
5063.1500 0.60677442
5063.2000 0.67920297
5063.2500 0.70724517
5063.3000 0.67358451
5063.3500 0.63992384
5063.4000 0.60626318
5063.4500 0.63200966
5063.5000 0.68185237
5063.5500 0.73169509
5063.6000 0.78104072
5063.6500 0.74614751
5063.7000 0.7112543
5063.7500 0.67636108
5063.8000 0.6355987
5063.8500 0.58125077
5063.9000 0.52690284
5063.9500 0.47255491
5064.0000 0.44280511
5064.0500 0.42953034
5064.1000 0.41625556
5064.1500 0.40298079
5064.2000 0.39727425
5064.2500 0.39243231
5064.3000 0.38759036
5064.3500 0.38731682
5064.4000 0.40561221
5064.4500 0.42390759
5064.5000 0.44220297
5064.5500 0.43753733
5064.6000 0.40980089
5064.6500 0.38206445
5064.7000 0.35432801
5064.7500 0.376406
5064.8000 0.41081694
5064.8500 0.44522788
5064.9000 0.47974632
5064.9500 0.51517444
5065.0000 0.55060256
5065.0500 0.58603068
5065.1000 0.57904188
5065.1500 0.51131708
5065.2000 0.44359228
5065.2500 0.37586747
5065.3000 0.40415917
5065.3500 0.47014167
5065.4000 0.53612417
5065.4500 0.59890429
5065.5000 0.54359391
5065.5500 0.48828352
5065.6000 0.43297314
5065.6500 0.41384134
5065.7000 0.46617924
5065.7500 0.51851714
5065.8000 0.57085504
5065.8500 0.55291218
5065.9000 0.49664938
5065.9500 0.44038658
5066.0000 0.38412378
5066.0500 0.47823558
5066.1000 0.57867786
5066.1500 0.67912015
5066.2000 0.73730304
5066.2500 0.68320067
5066.3000 0.6290983
5066.3500 0.57499592
5066.4000 0.56908168
5066.4500 0.59683801
5066.5000 0.62459434
5066.5500 0.65235067
5066.6000 0.60304915
5066.6500 0.54568619
5066.7000 0.48832323
5066.7500 0.45230759
5066.8000 0.49054444
5066.8500 0.5287813
5066.9000 0.56701815
5066.9500 0.61147068
5067.0000 0.66116091
5067.0500 0.71085115
5067.1000 0.76054138
5067.1500 0.68287293
5067.2000 0.58506803
5067.2500 0.48726312
5067.3000 0.42750581
5067.3500 0.53464389
5067.4000 0.64178197
5067.4500 0.74892005
5067.5000 0.78485347
5067.5500 0.75215828
5067.6000 0.71946309
5067.6500 0.6867679
5067.7000 0
5067.7500 0
5067.8000 0
