5969.0500 1.81262309
5969.1000 1.84193
5969.1500 1.87123691
5969.2000 1.85890029
5969.2500 1.83672961
5969.3000 1.81455893
5969.3500 1.79238825
5969.4000 1.77021757
5969.4500 1.75071291
5969.5000 1.74886392
5969.5500 1.74701493
5969.6000 1.74516594
5969.6500 1.74331695
5969.7000 1.74146796
5969.7500 1.76110068
5969.8000 1.80647336
5969.8500 1.85184604
5969.9000 1.89721871
5969.9500 1.94259139
5970.0000 1.98796407
5970.0500 1.94831638
5970.1000 1.88470652
5970.1500 1.82109666
5970.2000 1.75748681
5970.2500 1.69387695
5970.3000 1.6379723
5970.3500 1.64648204
5970.4000 1.65499178
5970.4500 1.66350151
5970.5000 1.67201125
5970.5500 1.68052098
5970.6000 1.69031825
5970.6500 1.70178752
5970.7000 1.71325679
5970.7500 1.72472606
5970.8000 1.73619533
5970.8500 1.7476646
5970.9000 1.74648379
5970.9500 1.74141156
5971.0000 1.73633933
5971.0500 1.73126709
5971.1000 1.72619486
5971.1500 1.72360147
5971.2000 1.74436496
5971.2500 1.76512844
5971.3000 1.78589193
5971.3500 1.80665541
5971.4000 1.8274189
5971.4500 1.84070207
5971.5000 1.84401433
5971.5500 1.84732659
5971.6000 1.85063885
5971.6500 1.85395111
5971.7000 1.85726336
5971.7500 1.82657047
5971.8000 1.78530522
5971.8500 1.74403997
5971.9000 1.70277473
5971.9500 1.66150948
5972.0000 1.6273539
5972.0500 1.6582529
5972.1000 1.6891519
5972.1500 1.7200509
5972.2000 1.75094991
5972.2500 1.78184891
5972.3000 1.79296569
5972.3500 1.77846203
5972.4000 1.76395836
5972.4500 1.7494547
5972.5000 1.73495103
5972.5500 1.72044737
5972.6000 1.7499712
5972.6500 1.79232199
5972.7000 1.83467278
5972.7500 1.87702358
5972.8000 1.91937437
5972.8500 1.95283851
5972.9000 1.91762457
5972.9500 1.88241063
5973.0000 1.84719669
5973.0500 1.81198275
5973.1000 1.77676882
5973.1500 1.75978486
5973.2000 1.76452701
5973.2500 1.76926915
5973.3000 1.7740113
5973.3500 1.77875345
5973.4000 1.78349559
5973.4500 1.78877823
5973.5000 1.79419647
5973.5500 1.79961472
5973.6000 1.80503296
5973.6500 1.8104512
5973.7000 1.81630535
5973.7500 1.82474849
5973.8000 1.83319163
5973.8500 1.84163477
5973.9000 1.8500779
5973.9500 1.85852104
5974.0000 1.84966741
5974.0500 1.82283137
5974.1000 1.79599532
5974.1500 1.76915928
5974.2000 1.74232323
5974.2500 1.71548719
5974.3000 1.71098166
5974.3500 1.71079431
5974.4000 1.71060697
5974.4500 1.71041962
5974.5000 1.71023228
5974.5500 1.70643787
5974.6000 1.6869753
5974.6500 1.66751273
5974.7000 1.64805016
5974.7500 1.62858759
5974.8000 1.60912502
5974.8500 1.61603341
5974.9000 1.64560469
5974.9500 1.67517597
5975.0000 1.70474725
5975.0500 1.73431854
5975.1000 1.76388982
5975.1500 1.77440806
5975.2000 1.78257115
5975.2500 1.79073424
5975.3000 1.79889733
5975.3500 1.80706043
5975.4000 1.8133903
5975.4500 1.81402992
5975.5000 1.81466955
5975.5500 1.81530917
5975.6000 1.81594879
5975.6500 1.81658841
5975.7000 1.79085308
5975.7500 1.74744969
5975.8000 1.70404629
5975.8500 1.6606429
5975.9000 1.6172395
5975.9500 1.57383611
5976.0000 1.62233944
5976.0500 1.67512048
5976.1000 1.72790151
5976.1500 1.78068255
5976.2000 1.83346358
5976.2500 1.86951992
5976.3000 1.86898812
5976.3500 1.86845632
5976.4000 1.86792453
5976.4500 1.86739273
5976.5000 1.86686093
5976.5500 1.83331222
5976.6000 1.78374978
5976.6500 1.73418735
5976.7000 1.68462491
5976.7500 1.63506248
5976.8000 1.58950634
5976.8500 1.65579675
5976.9000 1.72208717
5976.9500 1.78837758
5977.0000 1.854668
5977.0500 1.92095841
5977.1000 1.93443966
5977.1500 1.86780029
5977.2000 1.80116092
5977.2500 1.73452154
5977.3000 1.66788217
5977.3500 1.6012428
5977.4000 1.6153082
5977.4500 1.65465508
5977.5000 1.69400195
5977.5500 1.73334882
5977.6000 1.7726957
5977.6500 1.80334888
5977.7000 1.77432853
5977.7500 1.74530817
5977.8000 1.71628781
5977.8500 1.68726746
5977.9000 1.6582471
5977.9500 1.64080182
5978.0000 1.6351956
5978.0500 1.62958939
5978.1000 1.62398318
5978.1500 1.61837696
5978.2000 1.61277075
5978.2500 1.63304231
5978.3000 1.65741959
5978.3500 1.68179687
5978.4000 1.70617415
5978.4500 1.73055143
5978.5000 1.75000885
5978.5500 1.75329592
5978.6000 1.756583
5978.6500 1.75987007
5978.7000 1.76315715
5978.7500 1.76644422
5978.8000 1.75800347
5978.8500 1.74190543
5978.9000 1.7258074
5978.9500 1.70970936
5979.0000 1.69361132
5979.0500 1.67751328
5979.1000 1.6952062
5979.1500 1.7136518
5979.2000 1.7320974
5979.2500 1.75054301
5979.3000 1.76898861
5979.3500 1.77101655
5979.4000 1.74294471
5979.4500 1.71487287
5979.5000 1.68680103
5979.5500 1.6587292
5979.6000 1.63065736
5979.6500 1.6232099
5979.7000 1.62342293
5979.7500 1.62363597
5979.8000 1.62384901
5979.8500 1.62406204
5979.9000 1.6232336
5979.9500 1.61370441
5980.0000 1.60417521
5980.0500 1.59464602
5980.1000 1.58511682
5980.1500 1.57558763
5980.2000 1.57564535
5980.2500 1.58583637
5980.3000 1.59602739
5980.3500 1.60621841
5980.4000 1.61640943
5980.4500 1.62660046
5980.5000 1.63763428
5980.5500 1.64879751
5980.6000 1.65996074
5980.6500 1.67112397
5980.7000 1.6822872
5980.7500 1.68624842
5980.8000 1.66850572
5980.8500 1.65076303
5980.9000 1.63302033
5980.9500 1.61527764
5981.0000 1.59753494
5981.0500 1.58859542
5981.1000 1.5847616
5981.1500 1.58092777
5981.2000 1.57709394
5981.2500 1.57326011
5981.3000 1.57008668
5981.3500 1.60255703
5981.4000 1.63502739
5981.4500 1.66749775
5981.5000 1.69996811
5981.5500 1.73243847
5981.6000 1.73456862
5981.6500 1.6921195
5981.7000 1.64967037
5981.7500 1.60722125
5981.8000 1.56477212
5981.8500 1.522323
5981.9000 1.5509395
5981.9500 1.59807722
5982.0000 1.64521494
5982.0500 1.69235266
5982.1000 1.73949038
5982.1500 1.77496961
5982.2000 1.75841965
5982.2500 1.74186969
5982.3000 1.72531973
5982.3500 1.70876977
5982.4000 1.6922198
5982.4500 1.69117416
5982.5000 1.70161811
5982.5500 1.71206206
5982.6000 1.722506
5982.6500 1.73294995
5982.7000 1.7433939
5982.7500 1.73521699
5982.8000 1.7264082
5982.8500 1.71759941
5982.9000 1.70879061
5982.9500 1.69998182
5983.0000 1.69534261
5983.0500 1.69806776
5983.1000 1.70079292
5983.1500 1.70351807
5983.2000 1.70624323
5983.2500 1.70896838
5983.3000 1.71140725
5983.3500 1.7137544
5983.4000 1.71610155
5983.4500 1.71844869
5983.5000 1.72079584
5983.5500 1.72288944
5983.6000 1.72359749
5983.6500 1.72430555
5983.7000 1.7250136
5983.7500 1.72572166
5983.8000 1.72642971
5983.8500 1.71171129
5983.9000 1.68455073
5983.9500 1.65739018
5984.0000 1.63022962
5984.0500 1.60306906
5984.1000 1.57590851
5984.1500 1.59358698
5984.2000 1.6134319
5984.2500 1.63327682
5984.3000 1.65312175
5984.3500 1.67296667
5984.4000 1.68295615
5984.4500 1.67510084
5984.5000 1.66724554
5984.5500 1.65939023
5984.6000 1.65153493
5984.6500 1.64367963
5984.7000 1.64768589
5984.7500 1.65545478
5984.8000 1.66322366
5984.8500 1.67099254
5984.9000 1.67876143
5984.9500 1.68561285
5985.0000 1.6877903
5985.0500 1.68996774
5985.1000 1.69214518
5985.1500 1.69432262
5985.2000 1.69650007
5985.2500 1.69163735
5985.3000 1.6814744
5985.3500 1.67131144
5985.4000 1.66114849
5985.4500 1.65098554
5985.5000 1.64082258
5985.5500 1.64755681
5985.6000 1.65466365
5985.6500 1.66177048
5985.7000 1.66887732
5985.7500 1.67598415
5985.8000 1.68022018
5985.8500 1.67992544
5985.9000 1.6796307
5985.9500 1.67933596
5986.0000 1.67904123
5986.0500 1.67874649
5986.1000 1.67386511
5986.1500 1.6678286
5986.2000 1.66179209
5986.2500 1.65575557
5986.3000 1.64971906
5986.3500 1.64362153
5986.4000 1.63729625
5986.4500 1.63097097
5986.5000 1.62464569
5986.5500 1.61832041
5986.6000 1.61199512
5986.6500 1.60001565
5986.7000 1.5846475
5986.7500 1.56927935
5986.8000 1.55391121
5986.8500 1.53854306
5986.9000 1.52492599
5986.9500 1.55251722
5987.0000 1.58010845
5987.0500 1.60769968
5987.1000 1.63529091
5987.1500 1.66288214
5987.2000 1.66316732
5987.2500 1.63110851
5987.3000 1.5990497
5987.3500 1.56699089
5987.4000 1.53493208
5987.4500 1.50287327
5987.5000 1.51815556
5987.5500 1.54012087
5987.6000 1.56208619
5987.6500 1.58405151
5987.7000 1.60601683
5987.7500 1.62589851
5987.8000 1.64083248
5987.8500 1.65576644
5987.9000 1.67070041
5987.9500 1.68563438
5988.0000 1.70056835
5988.0500 1.68644675
5988.1000 1.66090719
5988.1500 1.63536763
5988.2000 1.60982807
5988.2500 1.58428851
5988.3000 1.56415181
5988.3500 1.5769409
5988.4000 1.58973
5988.4500 1.60251909
5988.5000 1.61530819
5988.5500 1.62809728
5988.6000 1.6292545
5988.6500 1.62147619
5988.7000 1.61369787
5988.7500 1.60591956
5988.8000 1.59814124
5988.8500 1.59036293
5988.9000 1.60162565
5988.9500 1.61304864
5989.0000 1.62447164
5989.0500 1.63589464
5989.1000 1.64731764
5989.1500 1.64853533
5989.2000 1.63561784
5989.2500 1.62270036
5989.3000 1.60978287
5989.3500 1.59686538
5989.4000 1.58394789
5989.4500 1.59568697
5989.5000 1.61183154
5989.5500 1.62797611
5989.6000 1.64412068
5989.6500 1.66026524
5989.7000 1.6664545
5989.7500 1.64692538
5989.8000 1.62739626
5989.8500 1.60786714
5989.9000 1.58833802
5989.9500 1.5688089
5990.0000 1.56973756
5990.0500 1.57897203
5990.1000 1.5882065
5990.1500 1.59744097
5990.2000 1.60667544
5990.2500 1.61682832
5990.3000 1.63239969
5990.3500 1.64797105
5990.4000 1.66354242
5990.4500 1.67911378
5990.5000 1.69468515
5990.5500 1.68472822
5990.6000 1.65629586
5990.6500 1.62786349
5990.7000 1.59943112
5990.7500 1.57099876
5990.8000 1.54323203
5990.8500 1.55426282
5990.9000 1.56529361
5990.9500 1.5763244
5991.0000 1.58735518
5991.0500 1.59838597
5991.1000 1.60038217
5991.1500 1.59156171
5991.2000 1.58274126
5991.2500 1.5739208
5991.3000 1.56510035
5991.3500 1.55627989
5991.4000 1.56565016
5991.4500 1.57715724
5991.5000 1.58866432
5991.5500 1.60017139
5991.6000 1.61167847
5991.6500 1.61387708
5991.7000 1.59769421
5991.7500 1.58151134
5991.8000 1.56532846
5991.8500 1.54914559
5991.9000 1.53296272
5991.9500 1.53584696
5992.0000 1.54414131
5992.0500 1.55243566
5992.1000 1.56073001
5992.1500 1.56902436
5992.2000 1.57296925
5992.2500 1.56178551
5992.3000 1.55060177
5992.3500 1.53941804
5992.4000 1.5282343
5992.4500 1.51705056
5992.5000 1.52891444
5992.5500 1.55217392
5992.6000 1.5754334
5992.6500 1.59869288
5992.7000 1.62195236
5992.7500 1.64238671
5992.8000 1.64139954
5992.8500 1.64041237
5992.9000 1.6394252
5992.9500 1.63843803
5993.0000 1.63745086
5993.0500 1.63155799
5993.1000 1.6218944
5993.1500 1.61223081
5993.2000 1.60256722
5993.2500 1.59290363
5993.3000 1.58348827
5993.3500 1.58951776
5993.4000 1.59554725
5993.4500 1.60157675
5993.5000 1.60760624
5993.5500 1.61363573
5993.6000 1.60653061
5993.6500 1.58447975
5993.7000 1.5624289
5993.7500 1.54037804
5993.8000 1.51832718
5993.8500 1.49627632
5993.9000 1.50458974
5993.9500 1.5155003
5994.0000 1.52641086
5994.0500 1.53732142
5994.1000 1.54823198
5994.1500 1.55539179
5994.2000 1.55633186
5994.2500 1.55727193
5994.3000 1.55821199
5994.3500 1.55915206
5994.4000 1.56009213
5994.4500 1.56508705
5994.5000 1.57089673
5994.5500 1.5767064
5994.6000 1.58251608
5994.6500 1.58832576
5994.7000 1.59201232
5994.7500 1.59051883
5994.8000 1.58902534
5994.8500 1.58753185
5994.9000 1.58603836
5994.9500 1.58454487
5995.0000 1.58397236
5995.0500 1.5837064
5995.1000 1.58344045
5995.1500 1.5831745
5995.2000 1.58290855
5995.2500 1.5868082
5995.3000 1.60625356
5995.3500 1.62569893
5995.4000 1.64514429
5995.4500 1.66458966
5995.5000 1.68403502
5995.5500 1.68343351
5995.6000 1.67313251
5995.6500 1.6628315
5995.7000 1.6525305
5995.7500 1.6422295
5995.8000 1.63479367
5995.8500 1.64524765
5995.9000 1.65570164
5995.9500 1.66615563
5996.0000 1.67660961
5996.0500 1.6870636
5996.1000 1.69021126
5996.1500 1.68856253
5996.2000 1.68691381
5996.2500 1.68526508
5996.3000 1.68361635
5996.3500 1.68177846
5996.4000 1.67746028
5996.4500 1.67314211
5996.5000 1.66882393
5996.5500 1.66450576
5996.6000 1.66018759
5996.6500 1.65762747
5996.7000 1.65656762
5996.7500 1.65550777
5996.8000 1.65444792
5996.8500 1.65338807
5996.9000 1.65246994
5996.9500 1.66589824
5997.0000 1.67932654
5997.0500 1.69275484
5997.1000 1.70618314
5997.1500 1.71961144
5997.2000 1.72249294
5997.2500 1.71401859
5997.3000 1.70554424
5997.3500 1.69706989
5997.4000 1.68859554
5997.4500 1.68012119
5997.5000 1.6640004
5997.5500 1.64751767
5997.6000 1.63103495
5997.6500 1.61455222
5997.7000 1.5980695
5997.7500 1.59479259
5997.8000 1.60904914
5997.8500 1.62330569
5997.9000 1.63756224
5997.9500 1.65181879
5998.0000 1.66607534
5998.0500 1.67625718
5998.1000 1.68601595
5998.1500 1.69577472
5998.2000 1.70553349
5998.2500 1.71529226
5998.3000 1.71622788
5998.3500 1.70299727
5998.4000 1.68976666
5998.4500 1.67653605
5998.5000 1.66330544
5998.5500 1.65007483
5998.6000 1.64535103
5998.6500 1.64197565
5998.7000 1.63860027
5998.7500 1.63522489
5998.8000 1.63184951
5998.8500 1.63408815
5998.9000 1.6470284
5998.9500 1.65996866
5999.0000 1.67290891
5999.0500 1.68584916
5999.1000 1.69878941
5999.1500 1.68731902
5999.2000 1.67072534
5999.2500 1.65413166
5999.3000 1.63753799
5999.3500 1.62094431
5999.4000 1.61150966
5999.4500 1.61797254
5999.5000 1.62443542
5999.5500 1.63089831
5999.6000 1.63736119
5999.6500 1.64382407
5999.7000 1.64171403
5999.7500 1.63740686
5999.8000 1.63309968
5999.8500 1.62879251
5999.9000 1.62448534
5999.9500 1.62258455
6000.0000 1.6267798
6000.0500 1.63097504
6000.1000 1.63517028
6000.1500 1.63936553
6000.2000 1.64356077
6000.2500 1.62647945
6000.3000 1.60309942
6000.3500 1.57971939
6000.4000 1.55633937
6000.4500 1.53295934
6000.5000 1.52030611
6000.5500 1.53791983
6000.6000 1.55553356
6000.6500 1.57314728
6000.7000 1.59076101
6000.7500 1.60837474
6000.8000 1.61161724
6000.8500 1.61015294
6000.9000 1.60868864
6000.9500 1.60722434
6001.0000 1.60576004
6001.0500 1.60569253
6001.1000 1.60989621
6001.1500 1.61409989
6001.2000 1.61830357
6001.2500 1.62250725
6001.3000 1.62671093
6001.3500 1.61491613
6001.4000 1.59753276
6001.4500 1.58014938
6001.5000 1.56276601
6001.5500 1.54538264
6001.6000 1.53205947
6001.6500 1.53178426
6001.7000 1.53150906
6001.7500 1.53123386
6001.8000 1.53095866
6001.8500 1.53068346
6001.9000 1.53815934
6001.9500 1.54842886
6002.0000 1.55869838
6002.0500 1.5689679
6002.1000 1.57923742
6002.1500 1.59232555
6002.2000 1.61462281
6002.2500 1.63692007
6002.3000 1.65921732
6002.3500 1.68151458
6002.4000 1.70381184
6002.4500 1.70371724
6002.5000 1.69555554
6002.5500 1.68739384
6002.6000 1.67923214
6002.6500 1.67107044
6002.7000 1.66346852
6002.7500 1.65766395
6002.8000 1.65185938
6002.8500 1.64605481
6002.9000 1.64025024
6002.9500 1.63444566
6003.0000 1.63367775
6003.0500 1.63466698
6003.1000 1.63565622
6003.1500 1.63664546
6003.2000 1.63763469
6003.2500 1.6383039
6003.3000 1.63799622
6003.3500 1.63768855
6003.4000 1.63738087
6003.4500 1.6370732
6003.5000 1.63676552
6003.5500 1.63642833
6003.6000 1.63608149
6003.6500 1.63573465
6003.7000 1.63538781
6003.7500 1.63504096
6003.8000 1.63464992
6003.8500 1.6341345
6003.9000 1.63361908
6003.9500 1.63310365
6004.0000 1.63258823
6004.0500 1.6320728
6004.1000 1.62051404
6004.1500 1.60569719
6004.2000 1.59088033
6004.2500 1.57606348
6004.3000 1.56124662
6004.3500 1.55385014
6004.4000 1.56518663
6004.4500 1.57652312
6004.5000 1.58785962
6004.5500 1.59919611
6004.6000 1.61053261
6004.6500 1.58903266
6004.7000 1.55915884
6004.7500 1.52928503
6004.8000 1.49941121
6004.8500 1.4695374
6004.9000 1.46169153
6004.9500 1.50255312
6005.0000 1.54341471
6005.0500 1.58427631
6005.1000 1.6251379
6005.1500 1.66599949
6005.2000 1.6729264
6005.2500 1.6727823
6005.3000 1.6726382
6005.3500 1.6724941
6005.4000 1.67235
6005.4500 1.67162943
6005.5000 1.66981556
6005.5500 1.6680017
6005.6000 1.66618783
6005.6500 1.66437397
6005.7000 1.66256011
6005.7500 1.64726119
6005.8000 1.62984798
6005.8500 1.61243476
6005.9000 1.59502155
6005.9500 1.57760833
6006.0000 1.56916608
6006.0500 1.57504093
6006.1000 1.58091578
6006.1500 1.58679062
6006.2000 1.59266547
6006.2500 1.59854032
6006.3000 1.58682766
6006.3500 1.57332255
6006.4000 1.55981744
6006.4500 1.54631233
6006.5000 1.53280721
6006.5500 1.52844935
6006.6000 1.53615088
6006.6500 1.54385241
6006.7000 1.55155395
6006.7500 1.55925548
6006.8000 1.56695701
6006.8500 1.54905123
6006.9000 1.52998664
6006.9500 1.51092204
6007.0000 1.49185744
6007.0500 1.47279285
6007.1000 1.47470743
6007.1500 1.4990232
6007.2000 1.52333896
6007.2500 1.54765473
6007.3000 1.57197049
6007.3500 1.59585737
6007.4000 1.5845885
6007.4500 1.57331963
6007.5000 1.56205076
6007.5500 1.55078189
6007.6000 1.53951302
6007.6500 1.5480984
6007.7000 1.57345874
6007.7500 1.59881908
6007.8000 1.62417943
6007.8500 1.64953977
6007.9000 1.67138655
6007.9500 1.64897773
6008.0000 1.62656891
6008.0500 1.60416009
6008.1000 1.58175127
6008.1500 1.55934245
6008.2000 1.5521954
6008.2500 1.55494563
6008.3000 1.55769586
6008.3500 1.5604461
6008.4000 1.56319633
6008.4500 1.56487656
6008.5000 1.56004938
6008.5500 1.55522221
6008.6000 1.55039503
6008.6500 1.54556785
6008.7000 1.54074068
6008.7500 1.55028651
6008.8000 1.5666789
6008.8500 1.58307129
6008.9000 1.59946368
6008.9500 1.61585607
6009.0000 1.63205265
6009.0500 1.64753439
6009.1000 1.66301613
6009.1500 1.67849787
6009.2000 1.69397961
6009.2500 1.70946135
6009.3000 1.70894051
6009.3500 1.70320548
6009.4000 1.69747046
6009.4500 1.69173544
6009.5000 1.68600041
6009.5500 1.67417194
6009.6000 1.64778121
6009.6500 1.62139048
6009.7000 1.59499974
6009.7500 1.56860901
6009.8000 1.54221828
6009.8500 1.53377658
6009.9000 1.52882265
6009.9500 1.52386872
6010.0000 1.51891478
6010.0500 1.51396085
6010.1000 1.51416458
6010.1500 1.52274283
6010.2000 1.53132108
6010.2500 1.53989933
6010.3000 1.54847758
6010.3500 1.55705583
6010.4000 1.56364153
6010.4500 1.57006922
6010.5000 1.5764969
6010.5500 1.58292459
6010.6000 1.58935228
6010.6500 1.58750834
6010.7000 1.57646496
6010.7500 1.56542158
6010.8000 1.55437821
6010.8500 1.54333483
6010.9000 1.53269227
6010.9500 1.53993976
6011.0000 1.54718724
6011.0500 1.55443473
6011.1000 1.56168222
6011.1500 1.56892971
6011.2000 1.57533858
6011.2500 1.58111976
6011.3000 1.58690094
6011.3500 1.59268212
6011.4000 1.5984633
6011.4500 1.6017203
6011.5000 1.58705847
6011.5500 1.57239664
6011.6000 1.55773481
6011.6500 1.54307299
6011.7000 1.52841116
6011.7500 1.54566828
6011.8000 1.57818412
6011.8500 1.61069996
6011.9000 1.6432158
6011.9500 1.67573164
6012.0000 1.69259203
6012.0500 1.65739617
6012.1000 1.62220032
6012.1500 1.58700447
6012.2000 1.55180861
6012.2500 1.51661276
6012.3000 1.53107014
6012.3500 1.55893485
6012.4000 1.58679956
6012.4500 1.61466428
6012.5000 1.64252899
6012.5500 1.65511638
6012.6000 1.6387139
6012.6500 1.62231142
6012.7000 1.60590894
6012.7500 1.58950646
6012.8000 1.57310398
6012.8500 1.56968402
6012.9000 1.56763659
6012.9500 1.56558916
6013.0000 1.56354174
6013.0500 1.56149431
6013.1000 1.56121063
6013.1500 1.56295457
6013.2000 1.56469851
6013.2500 1.56644245
6013.3000 1.56818638
6013.3500 1.56973388
6013.4000 1.5643507
6013.4500 1.55896753
6013.5000 1.55358435
6013.5500 1.54820118
6013.6000 1.54281801
6013.6500 1.53708849
6013.7000 1.53111976
6013.7500 1.52515102
6013.8000 1.51918228
6013.8500 1.51321355
6013.9000 1.51236016
6013.9500 1.53898959
6014.0000 1.56561902
6014.0500 1.59224845
6014.1000 1.61887789
6014.1500 1.64550732
6014.2000 1.64452769
6014.2500 1.6330188
6014.3000 1.62150991
6014.3500 1.61000102
6014.4000 1.59849214
6014.4500 1.58289046
6014.5000 1.55738739
6014.5500 1.53188432
6014.6000 1.50638125
6014.6500 1.48087819
6014.7000 1.45537512
6014.7500 1.46260088
6014.8000 1.47504189
6014.8500 1.4874829
6014.9000 1.49992391
6014.9500 1.51236491
6015.0000 1.5229512
6015.0500 1.53112054
6015.1000 1.53928988
6015.1500 1.54745922
6015.2000 1.55562856
6015.2500 1.56371569
6015.3000 1.56074264
6015.3500 1.5577696
6015.4000 1.55479655
6015.4500 1.5518235
6015.5000 1.54885046
6015.5500 1.54095748
6015.6000 1.52953255
6015.6500 1.51810762
6015.7000 1.50668269
6015.7500 1.49525776
6015.8000 1.48652325
6015.8500 1.49208412
6015.9000 1.497645
6015.9500 1.50320588
6016.0000 1.50876675
6016.0500 1.51432763
6016.1000 1.51073214
6016.1500 1.50385604
6016.2000 1.49697994
6016.2500 1.49010384
6016.3000 1.48322774
6016.3500 1.48219779
6016.4000 1.49384565
6016.4500 1.50549351
6016.5000 1.51714138
6016.5500 1.52878924
6016.6000 1.5404371
6016.6500 1.54434974
6016.7000 1.5473696
6016.7500 1.55038947
6016.8000 1.55340933
6016.8500 1.5564292
6016.9000 1.55882679
6016.9500 1.56054755
6017.0000 1.56226831
6017.0500 1.56398906
6017.1000 1.56570982
6017.1500 1.56785043
6017.2000 1.5762324
6017.2500 1.58461438
6017.3000 1.59299636
6017.3500 1.60137834
6017.4000 1.60976032
6017.4500 1.6055168
6017.5000 1.59443311
6017.5500 1.58334941
6017.6000 1.57226572
6017.6500 1.56118203
6017.7000 1.54984874
6017.7500 1.53770622
6017.8000 1.5255637
6017.8500 1.51342118
6017.9000 1.50127867
6017.9500 1.48913615
6018.0000 1.49559597
6018.0500 1.50601801
6018.1000 1.51644004
6018.1500 1.52686208
6018.2000 1.53728411
6018.2500 1.5451203
6018.3000 1.54930585
6018.3500 1.55349141
6018.4000 1.55767696
6018.4500 1.56186251
6018.5000 1.56597195
6018.5500 1.55828463
6018.6000 1.55059732
6018.6500 1.54291
6018.7000 1.53522269
6018.7500 1.52753537
6018.8000 1.52826388
6018.8500 1.53460898
6018.9000 1.54095409
6018.9500 1.5472992
6019.0000 1.5536443
6019.0500 1.55762153
6019.1000 1.5518001
6019.1500 1.54597867
6019.2000 1.54015725
6019.2500 1.53433582
6019.3000 1.52851439
6019.3500 1.52829689
6019.4000 1.52955957
6019.4500 1.53082225
6019.5000 1.53208493
6019.5500 1.53334761
6019.6000 1.53456849
6019.6500 1.53572373
6019.7000 1.53687897
6019.7500 1.5380342
6019.8000 1.53918944
6019.8500 1.54034467
6019.9000 1.52838463
6019.9500 1.51627311
6020.0000 1.50416158
6020.0500 1.49205006
6020.1000 1.47993853
6020.1500 1.4799205
6020.2000 1.48831775
6020.2500 1.49671501
6020.3000 1.50511227
6020.3500 1.51350952
6020.4000 1.52076788
6020.4500 1.52324319
6020.5000 1.5257185
6020.5500 1.52819381
6020.6000 1.53066912
6020.6500 1.53314443
6020.7000 1.54113034
6020.7500 1.55052401
6020.8000 1.55991769
6020.8500 1.56931136
6020.9000 1.57870503
6020.9500 1.588542
6021.0000 1.59903764
6021.0500 1.60953329
6021.1000 1.62002894
6021.1500 1.63052458
6021.2000 1.64084219
6021.2500 1.63275235
6021.3000 1.6246625
6021.3500 1.61657265
6021.4000 1.60848281
6021.4500 1.60039296
6021.5000 1.59222622
6021.5500 1.58401204
6021.6000 1.57579787
6021.6500 1.56758369
6021.7000 1.55936952
6021.7500 1.55607582
6021.8000 1.56936175
6021.8500 1.58264768
6021.9000 1.5959336
6021.9500 1.60921953
6022.0000 1.62250546
6022.0500 1.60093194
6022.1000 1.57275955
6022.1500 1.54458716
6022.2000 1.51641478
6022.2500 1.48824239
6022.3000 1.47836166
6022.3500 1.49044741
6022.4000 1.50253316
6022.4500 1.5146189
6022.5000 1.52670465
6022.5500 1.53838051
6022.6000 1.5445639
6022.6500 1.55074728
6022.7000 1.55693066
6022.7500 1.56311405
6022.8000 1.56929743
6022.8500 1.56934629
6022.9000 1.56658831
6022.9500 1.56383034
6023.0000 1.56107236
6023.0500 1.55831438
6023.1000 1.55610912
6023.1500 1.55516758
6023.2000 1.55422604
6023.2500 1.5532845
6023.3000 1.55234296
6023.3500 1.55140142
6023.4000 1.54864835
6023.4500 1.54574636
6023.5000 1.54284437
6023.5500 1.53994238
6023.6000 1.53704039
6023.6500 1.54171273
6023.7000 1.55269979
6023.7500 1.56368685
6023.8000 1.5746739
6023.8500 1.58566096
6023.9000 1.5921527
6023.9500 1.57641608
6024.0000 1.56067946
6024.0500 1.54494284
6024.1000 1.52920622
6024.1500 1.51346961
6024.2000 1.514878
6024.2500 1.5207716
6024.3000 1.5266652
6024.3500 1.53255881
6024.4000 1.53845241
6024.4500 1.54201794
6024.5000 1.54235034
6024.5500 1.54268273
6024.6000 1.54301513
6024.6500 1.54334752
6024.7000 1.54341019
6024.7500 1.53790062
6024.8000 1.53239104
6024.8500 1.52688146
6024.9000 1.52137188
6024.9500 1.5158623
6025.0000 1.5174761
6025.0500 1.52251542
6025.1000 1.52755474
6025.1500 1.53259407
6025.2000 1.53763339
6025.2500 1.54302479
6025.3000 1.54921494
6025.3500 1.55540509
6025.4000 1.56159524
6025.4500 1.56778538
6025.5000 1.57397553
6025.5500 1.57841308
6025.6000 1.5827351
6025.6500 1.58705711
6025.7000 1.59137913
6025.7500 1.59570114
6025.8000 1.58569889
6025.8500 1.56497559
6025.9000 1.54425228
6025.9500 1.52352898
6026.0000 1.50280567
6026.0500 1.4886933
6026.1000 1.49986464
6026.1500 1.51103599
6026.2000 1.52220733
6026.2500 1.53337868
6026.3000 1.54455002
6026.3500 1.54809536
6026.4000 1.55023303
6026.4500 1.55237069
6026.5000 1.55450836
6026.5500 1.55664603
6026.6000 1.55676829
6026.6500 1.55473015
6026.7000 1.552692
6026.7500 1.55065386
6026.8000 1.54861571
6026.8500 1.5475925
6026.9000 1.5538287
6026.9500 1.5600649
6027.0000 1.5663011
6027.0500 1.57253731
6027.1000 1.57877351
6027.1500 1.58069459
6027.2000 1.58128453
6027.2500 1.58187447
6027.3000 1.58246441
6027.3500 1.58305435
6027.4000 1.58091679
6027.4500 1.57481164
6027.5000 1.56870649
6027.5500 1.56260134
6027.6000 1.55649619
6027.6500 1.55353526
6027.7000 1.6077836
6027.7500 1.66203193
6027.8000 1.71628026
6027.8500 1.7705286
6027.9000 1.82477693
6027.9500 1.83741537
6028.0000 1.83208199
6028.0500 1.82674861
6028.1000 1.82141523
6028.1500 1.81608186
6028.2000 1.80290983
6028.2500 1.77493447
6028.3000 1.7469591
6028.3500 1.71898373
6028.4000 1.69100837
6028.4500 1.663033
6028.5000 1.64571638
6028.5500 1.62844692
6028.6000 1.61117745
6028.6500 1.59390799
6028.7000 1.57663853
6028.7500 1.57225068
6028.8000 1.57490472
6028.8500 1.57755876
6028.9000 1.58021279
6028.9500 1.58286683
6029.0000 1.57982645
6029.0500 1.56344051
6029.1000 1.54705456
6029.1500 1.53066861
6029.2000 1.51428266
6029.2500 1.49789671
6029.3000 1.52018259
6029.3500 1.54436875
6029.4000 1.56855492
6029.4500 1.59274108
6029.5000 1.61692724
6029.5500 1.61525939
6029.6000 1.59697934
6029.6500 1.57869928
6029.7000 1.56041922
6029.7500 1.54213917
6029.8000 1.52708534
6029.8500 1.52093266
6029.9000 1.51477999
6029.9500 1.50862731
6030.0000 1.50247463
6030.0500 1.49632195
6030.1000 1.5163873
6030.1500 1.5385843
6030.2000 1.5607813
6030.2500 1.5829783
6030.3000 1.6051753
6030.3500 1.62131675
6030.4000 1.6331651
6030.4500 1.64501346
6030.5000 1.65686181
6030.5500 1.66871017
6030.6000 1.67501003
6030.6500 1.66440069
6030.7000 1.65379135
6030.7500 1.643182
6030.8000 1.63257266
6030.8500 1.62196332
6030.9000 1.6087549
6030.9500 1.59529112
6031.0000 1.58182734
6031.0500 1.56836356
6031.1000 1.55489978
6031.1500 1.54900541
6031.2000 1.54869249
6031.2500 1.54837957
6031.3000 1.54806665
6031.3500 1.54775372
6031.4000 1.54689827
6031.4500 1.54434528
6031.5000 1.54179229
6031.5500 1.53923929
6031.6000 1.5366863
6031.6500 1.53413331
6031.7000 1.53861451
6031.7500 1.54378828
6031.8000 1.54896205
6031.8500 1.55413582
6031.9000 1.55930959
6031.9500 1.56742305
6032.0000 1.57766429
6032.0500 1.58790553
6032.1000 1.59814678
6032.1500 1.60838802
6032.2000 1.61974539
6032.2500 1.63442591
6032.3000 1.64910642
6032.3500 1.66378694
6032.4000 1.67846746
6032.4500 1.69314798
6032.5000 1.68727282
6032.5500 1.67971414
6032.6000 1.67215545
6032.6500 1.66459677
6032.7000 1.65703808
6032.7500 1.65793624
6032.8000 1.66450184
6032.8500 1.67106743
6032.9000 1.67763303
6032.9500 1.68419862
6033.0000 1.68743098
6033.0500 1.68186511
6033.1000 1.67629924
6033.1500 1.67073336
6033.2000 1.66516749
6033.2500 1.65960162
6033.3000 1.65005052
6033.3500 1.64029998
6033.4000 1.63054945
6033.4500 1.62079892
6033.5000 1.61104839
6033.5500 1.61019101
6033.6000 1.61452321
6033.6500 1.6188554
6033.7000 1.62318759
6033.7500 1.62751978
6033.8000 1.6336611
6033.8500 1.64378779
6033.9000 1.65391448
6033.9500 1.66404117
6034.0000 1.67416786
6034.0500 1.68429455
6034.1000 1.68481322
6034.1500 1.68527881
6034.2000 1.6857444
6034.2500 1.68620999
6034.3000 1.68667558
6034.3500 1.69001554
6034.4000 1.69471831
6034.4500 1.69942108
6034.5000 1.70412385
6034.5500 1.70882663
6034.6000 1.70563222
6034.6500 1.68862742
6034.7000 1.67162263
6034.7500 1.65461783
6034.8000 1.63761304
6034.8500 1.62195095
6034.9000 1.63137726
6034.9500 1.64080358
6035.0000 1.6502299
6035.0500 1.65965621
6035.1000 1.66908253
6035.1500 1.6696431
6035.2000 1.66707851
6035.2500 1.66451392
6035.3000 1.66194932
6035.3500 1.65938473
6035.4000 1.65617425
6035.4500 1.65210589
6035.5000 1.64803754
6035.5500 1.64396918
6035.6000 1.63990083
6035.6500 1.63764477
6035.7000 1.6485255
6035.7500 1.65940623
6035.8000 1.67028696
6035.8500 1.68116769
6035.9000 1.69204842
6035.9500 1.68968178
6036.0000 1.68429845
6036.0500 1.67891512
6036.1000 1.6735318
6036.1500 1.66814847
6036.2000 1.65710042
6036.2500 1.64059623
6036.3000 1.62409203
6036.3500 1.60758784
6036.4000 1.59108365
6036.4500 1.57663592
6036.5000 1.57012382
6036.5500 1.56361172
6036.6000 1.55709962
6036.6500 1.55058753
6036.7000 1.54407543
6036.7500 1.54008521
6036.8000 1.53636337
6036.8500 1.53264154
6036.9000 1.5289197
6036.9500 1.52519787
6037.0000 1.53683735
6037.0500 1.55857382
6037.1000 1.58031029
6037.1500 1.60204677
6037.2000 1.62378324
6037.2500 1.63716855
6037.3000 1.63148298
6037.3500 1.62579741
6037.4000 1.62011184
6037.4500 1.61442627
6037.5000 1.60881817
6037.5500 1.61379349
6037.6000 1.6187688
6037.6500 1.62374412
6037.7000 1.62871943
6037.7500 1.63369475
6037.8000 1.64154867
6037.8500 1.65056944
6037.9000 1.65959021
6037.9500 1.66861098
6038.0000 1.67763175
6038.0500 1.68191
6038.1000 1.67956975
6038.1500 1.6772295
6038.2000 1.67488925
6038.2500 1.67254901
6038.3000 1.67206321
6038.3500 1.68457208
6038.4000 1.69708094
6038.4500 1.70958981
6038.5000 1.72209868
6038.5500 1.73460755
6038.6000 1.7223979
6038.6500 1.70526503
6038.7000 1.68813215
6038.7500 1.67099928
6038.8000 1.6538664
6038.8500 1.64146233
6038.9000 1.63301401
6038.9500 1.6245657
6039.0000 1.61611738
6039.0500 1.60766907
6039.1000 1.60332734
6039.1500 1.61087787
6039.2000 1.61842839
6039.2500 1.62597891
6039.3000 1.63352944
6039.3500 1.64107996
6039.4000 1.65137302
6039.4500 1.66174964
6039.5000 1.67212627
6039.5500 1.68250289
6039.6000 1.69287951
6039.6500 1.69327864
6039.7000 1.68910562
6039.7500 1.68493261
6039.8000 1.6807596
6039.8500 1.67658658
6039.9000 1.66831651
6039.9500 1.65396848
6040.0000 1.63962045
6040.0500 1.62527242
6040.1000 1.61092439
6040.1500 1.59909561
6040.2000 1.60554414
6040.2500 1.61199267
6040.3000 1.6184412
6040.3500 1.62488973
6040.4000 1.63133826
6040.4500 1.64266643
6040.5000 1.65491581
6040.5500 1.66716518
6040.6000 1.67941456
6040.6500 1.69166393
6040.7000 1.69447628
6040.7500 1.68995849
6040.8000 1.68544071
6040.8500 1.68092292
6040.9000 1.67640514
6040.9500 1.67211739
6041.0000 1.6684038
6041.0500 1.66469022
6041.1000 1.66097663
6041.1500 1.65726305
6041.2000 1.65354273
6041.2500 1.64920722
6041.3000 1.6448717
6041.3500 1.64053619
6041.4000 1.63620068
6041.4500 1.63186517
6041.5000 1.64614742
6041.5500 1.66706665
6041.6000 1.68798588
6041.6500 1.70890511
6041.7000 1.72982434
6041.7500 1.73809108
6041.8000 1.73180919
6041.8500 1.72552731
6041.9000 1.71924542
6041.9500 1.71296353
6042.0000 1.70734867
6042.0500 1.70449316
6042.1000 1.70163766
6042.1500 1.69878216
6042.2000 1.69592665
6042.2500 1.69307115
6042.3000 1.69828549
6042.3500 1.70414682
6042.4000 1.71000814
6042.4500 1.71586947
6042.5000 1.72173079
6042.5500 1.71804067
6042.6000 1.70939633
6042.6500 1.700752
6042.7000 1.69210766
6042.7500 1.68346332
6042.8000 1.68124469
6042.8500 1.688962
6042.9000 1.69667932
6042.9500 1.70439663
6043.0000 1.71211395
6043.0500 1.71887009
6043.1000 1.71911187
6043.1500 1.71935364
6043.2000 1.71959542
6043.2500 1.71983719
6043.3000 1.72007896
6043.3500 1.72183391
6043.4000 1.72382299
6043.4500 1.72581208
6043.5000 1.72780116
6043.5500 1.72979024
6043.6000 1.73345948
6043.6500 1.73822564
6043.7000 1.7429918
6043.7500 1.74775796
6043.8000 1.75252412
6043.8500 1.74814476
6043.9000 1.72644805
6043.9500 1.70475135
6044.0000 1.68305465
6044.0500 1.66135794
6044.1000 1.64191242
6044.1500 1.64586468
6044.2000 1.64981695
6044.2500 1.65376922
6044.3000 1.65772148
6044.3500 1.66167375
6044.4000 1.6693263
6044.4500 1.67772859
6044.5000 1.68613088
6044.5500 1.69453317
6044.6000 1.70293546
6044.6500 1.69911167
6044.7000 1.68631962
6044.7500 1.67352757
6044.8000 1.66073552
6044.8500 1.64794347
6044.9000 1.642341
6044.9500 1.65175455
6045.0000 1.66116809
6045.0500 1.67058164
6045.1000 1.67999519
6045.1500 1.68912676
6045.2000 1.69463881
6045.2500 1.70015087
6045.3000 1.70566292
6045.3500 1.71117497
6045.4000 1.71668703
6045.4500 1.70409682
6045.5000 1.68759621
6045.5500 1.6710956
6045.6000 1.65459499
6045.6500 1.63809438
6045.7000 1.64127962
6045.7500 1.6590735
6045.8000 1.67686739
6045.8500 1.69466127
6045.9000 1.71245515
6045.9500 1.72447501
6046.0000 1.72462615
6046.0500 1.72477729
6046.1000 1.72492843
6046.1500 1.72507957
6046.2000 1.72429888
6046.2500 1.71310127
6046.3000 1.70190367
6046.3500 1.69070607
6046.4000 1.67950847
6046.4500 1.66831087
6046.5000 1.67307437
6046.5500 1.68091142
6046.6000 1.68874847
6046.6500 1.69658552
6046.7000 1.70442257
6046.7500 1.71107381
6046.8000 1.71692303
6046.8500 1.72277224
6046.9000 1.72862146
6046.9500 1.73447068
6047.0000 1.73741592
6047.0500 1.73511069
6047.1000 1.73280546
6047.1500 1.73050023
6047.2000 1.728195
6047.2500 1.72699745
6047.3000 1.73413558
6047.3500 1.74127372
6047.4000 1.74841186
6047.4500 1.75554999
6047.5000 1.76268813
6047.5500 1.75923706
6047.6000 1.75434278
6047.6500 1.74944851
6047.7000 1.74455424
6047.7500 1.73965996
6047.8000 1.73597568
6047.8500 1.7329591
6047.9000 1.72994252
6047.9500 1.72692593
6048.0000 1.72390935
6048.0500 1.71618418
6048.1000 1.70169265
6048.1500 1.68720111
6048.2000 1.67270958
6048.2500 1.65821804
6048.3000 1.64874657
6048.3500 1.66248055
6048.4000 1.67621452
6048.4500 1.6899485
6048.5000 1.70368248
6048.5500 1.71741646
6048.6000 1.72845554
6048.6500 1.73934368
6048.7000 1.75023182
6048.7500 1.76111996
6048.8000 1.7720081
6048.8500 1.77368879
6048.9000 1.77174703
6048.9500 1.76980526
6049.0000 1.7678635
6049.0500 1.76592174
6049.1000 1.76190942
6049.1500 1.7557415
6049.2000 1.74957357
6049.2500 1.74340564
6049.3000 1.73723772
6049.3500 1.73438628
6049.4000 1.74079005
6049.4500 1.74719383
6049.5000 1.75359761
6049.5500 1.76000138
6049.6000 1.76594438
6049.6500 1.76061263
6049.7000 1.75528088
6049.7500 1.74994913
6049.8000 1.74461738
6049.8500 1.73928563
6049.9000 1.7350594
6049.9500 1.73108195
6050.0000 1.7271045
6050.0500 1.72312705
6050.1000 1.7191496
6050.1500 1.71837747
6050.2000 1.71978761
6050.2500 1.72119775
6050.3000 1.7226079
6050.3500 1.72401804
6050.4000 1.7283112
6050.4500 1.73740593
6050.5000 1.74650067
6050.5500 1.7555954
6050.6000 1.76469014
6050.6500 1.76989615
6050.7000 1.75421906
6050.7500 1.73854197
6050.8000 1.72286489
6050.8500 1.7071878
6050.9000 1.69151071
6050.9500 1.6961753
6051.0000 1.70212944
6051.0500 1.70808358
6051.1000 1.71403771
6051.1500 1.71999185
6051.2000 1.72475056
6051.2500 1.7290567
6051.3000 1.73336284
6051.3500 1.73766898
6051.4000 1.74197512
6051.4500 1.74480253
6051.5000 1.74622032
6051.5500 1.74763811
6051.6000 1.7490559
6051.6500 1.7504737
6051.7000 1.75235147
6051.7500 1.75530183
6051.8000 1.7582522
6051.8500 1.76120257
6051.9000 1.76415293
6051.9500 1.76575061
6052.0000 1.7536548
6052.0500 1.741559
6052.1000 1.72946319
6052.1500 1.71736739
6052.2000 1.70527158
6052.2500 1.70504763
6052.3000 1.70642328
6052.3500 1.70779893
6052.4000 1.70917458
6052.4500 1.71055023
6052.5000 1.71316961
6052.5500 1.71638998
6052.6000 1.71961035
6052.6500 1.72283072
6052.7000 1.72605109
6052.7500 1.7224167
6052.8000 1.71101356
6052.8500 1.69961042
6052.9000 1.68820728
6052.9500 1.67680414
6053.0000 1.67202679
6053.0500 1.68563773
6053.1000 1.69924867
6053.1500 1.71285961
6053.2000 1.72647055
6053.2500 1.73924941
6053.3000 1.73957012
6053.3500 1.73989084
6053.4000 1.74021155
6053.4500 1.74053227
6053.5000 1.74085298
6053.5500 1.74722001
6053.6000 1.75455561
6053.6500 1.76189121
6053.7000 1.76922681
6053.7500 1.77656241
6053.8000 1.77259602
6053.8500 1.76288073
6053.9000 1.75316544
6053.9500 1.74345016
6054.0000 1.73373487
6054.0500 1.72809341
6054.1000 1.72713255
6054.1500 1.72617169
6054.2000 1.72521083
6054.2500 1.72424997
6054.3000 1.7265748
6054.3500 1.73780826
6054.4000 1.74904172
6054.4500 1.76027518
6054.5000 1.77150864
6054.5500 1.78118643
6054.6000 1.77171561
6054.6500 1.76224479
6054.7000 1.75277397
6054.7500 1.74330315
6054.8000 1.73383234
6054.8500 1.74405968
6054.9000 1.75691161
6054.9500 1.76976354
6055.0000 1.78261547
6055.0500 1.7954674
6055.1000 1.78742938
6055.1500 1.77006334
6055.2000 1.7526973
6055.2500 1.73533126
6055.3000 1.71796522
6055.3500 1.71351434
6055.4000 1.72188664
6055.4500 1.73025895
6055.5000 1.73863125
6055.5500 1.74700355
6055.6000 1.75221571
6055.6500 1.75051937
6055.7000 1.74882304
6055.7500 1.74712671
6055.8000 1.74543037
6055.8500 1.74487899
6055.9000 1.75216056
6055.9500 1.75944214
6056.0000 1.76672372
6056.0500 1.77400529
6056.1000 1.78128687
6056.1500 1.78081371
6056.2000 1.77987003
6056.2500 1.77892636
6056.3000 1.77798268
6056.3500 1.777039
6056.4000 1.77055914
6056.4500 1.76232772
6056.5000 1.75409631
6056.5500 1.74586489
6056.6000 1.73763347
6056.6500 1.73442799
6056.7000 1.73489023
6056.7500 1.73535246
6056.8000 1.73581469
6056.8500 1.73627693
6056.9000 1.73778903
6056.9500 1.740888
6057.0000 1.74398697
6057.0500 1.74708594
6057.1000 1.7501849
6057.1500 1.75410073
6057.2000 1.76091565
6057.2500 1.76773057
6057.3000 1.77454549
6057.3500 1.78136041
6057.4000 1.7873505
6057.4500 1.77501681
6057.5000 1.76268312
6057.5500 1.75034942
6057.6000 1.73801573
6057.6500 1.72568204
6057.7000 1.71897081
6057.7500 1.71311517
6057.8000 1.70725953
6057.8500 1.70140389
6057.9000 1.69554825
6057.9500 1.70431554
6058.0000 1.71951915
6058.0500 1.73472276
6058.1000 1.74992638
6058.1500 1.76512999
6058.2000 1.77008604
6058.2500 1.76567396
6058.3000 1.76126187
6058.3500 1.75684979
6058.4000 1.75243771
6058.4500 1.75157431
6058.5000 1.75724198
6058.5500 1.76290965
6058.6000 1.76857732
6058.6500 1.77424499
6058.7000 1.77687182
6058.7500 1.76595045
6058.8000 1.75502908
6058.8500 1.74410771
6058.9000 1.73318634
6058.9500 1.72259755
6059.0000 1.73227314
6059.0500 1.74194872
6059.1000 1.7516243
6059.1500 1.76129989
6059.2000 1.77097547
6059.2500 1.77001738
6059.3000 1.76719145
6059.3500 1.76436551
6059.4000 1.76153958
6059.4500 1.75871365
6059.5000 1.75814015
6059.5500 1.75859464
6059.6000 1.75904912
6059.6500 1.7595036
6059.7000 1.75995808
6059.7500 1.7627909
6059.8000 1.76778178
6059.8500 1.77277267
6059.9000 1.77776356
6059.9500 1.78275445
6060.0000 1.78173962
6060.0500 1.77020955
6060.1000 1.75867949
6060.1500 1.74714943
6060.2000 1.73561937
6060.2500 1.72772741
6060.3000 1.73399917
6060.3500 1.74027092
6060.4000 1.74654267
6060.4500 1.75281443
6060.5000 1.75944222
6060.5500 1.77331928
6060.6000 1.78719634
6060.6500 1.8010734
6060.7000 1.81495046
6060.7500 1.82882752
6060.8000 1.81743468
6060.8500 1.80294609
6060.9000 1.7884575
6060.9500 1.77396891
6061.0000 1.75948032
6061.0500 1.75728575
6061.1000 1.75948936
6061.1500 1.76169297
6061.2000 1.76389659
6061.2500 1.7661002
6061.3000 1.77099751
6061.3500 1.77781547
6061.4000 1.78463343
6061.4500 1.7914514
6061.5000 1.79826936
6061.5500 1.8015051
6061.6000 1.8000428
6061.6500 1.7985805
6061.7000 1.7971182
6061.7500 1.7956559
6061.8000 1.79644646
6061.8500 1.80294251
6061.9000 1.80943856
6061.9500 1.81593461
6062.0000 1.82243066
6062.0500 1.82624658
6062.1000 1.81291072
6062.1500 1.79957485
6062.2000 1.78623899
6062.2500 1.77290313
6062.3000 1.75956727
6062.3500 1.76560643
6062.4000 1.77186487
6062.4500 1.77812331
6062.5000 1.78438176
6062.5500 1.7906402
6062.6000 1.78947394
6062.6500 1.78693616
6062.7000 1.78439838
6062.7500 1.7818606
6062.8000 1.77932281
6062.8500 1.78006345
6062.9000 1.78220275
6062.9500 1.78434206
6063.0000 1.78648137
6063.0500 1.78862068
6063.1000 1.79309466
6063.1500 1.79940728
6063.2000 1.8057199
6063.2500 1.81203251
6063.3000 1.81834513
6063.3500 1.82211937
6063.4000 1.82238122
6063.4500 1.82264307
6063.5000 1.82290492
6063.5500 1.82316677
6063.6000 1.82000509
6063.6500 1.80809227
6063.7000 1.79617944
6063.7500 1.78426662
6063.8000 1.7723538
6063.8500 1.76471329
6063.9000 1.7823677
6063.9500 1.80002211
6064.0000 1.81767651
6064.0500 1.83533092
6064.1000 1.8525662
6064.1500 1.8256077
6064.2000 1.7986492
6064.2500 1.7716907
6064.3000 1.7447322
6064.3500 1.7177737
6064.4000 1.71810877
6064.4500 1.72231087
6064.5000 1.72651297
6064.5500 1.73071507
6064.6000 1.73491717
6064.6500 1.72931555
6064.7000 1.72034085
6064.7500 1.71136614
6064.8000 1.70239143
6064.8500 1.69341672
6064.9000 1.68910558
6064.9500 1.68772957
6065.0000 1.68635357
6065.0500 1.68497757
6065.1000 1.68360157
6065.1500 1.68329769
6065.2000 1.68413199
6065.2500 1.68496629
6065.3000 1.68580058
6065.3500 1.68663488
6065.4000 1.69265443
6065.4500 1.70797307
6065.5000 1.72329171
6065.5500 1.73861035
6065.6000 1.75392899
6065.6500 1.76278909
6065.7000 1.75033278
6065.7500 1.73787648
6065.8000 1.72542017
6065.8500 1.71296386
6065.9000 1.7018495
6065.9500 1.70174095
6066.0000 1.70163241
6066.0500 1.70152386
6066.1000 1.70141531
6066.1500 1.70130676
6066.2000 1.71128644
6066.2500 1.72140483
6066.3000 1.73152321
6066.3500 1.7416416
6066.4000 1.75175998
6066.4500 1.75857446
6066.5000 1.76487684
6066.5500 1.77117923
6066.6000 1.77748161
6066.6500 1.783784
6066.7000 1.76291246
6066.7500 1.7328266
6066.8000 1.70274074
6066.8500 1.67265489
6066.9000 1.64256903
6066.9500 1.64772855
6067.0000 1.67364451
6067.0500 1.69956047
6067.1000 1.72547642
6067.1500 1.75139238
6067.2000 1.75822197
6067.2500 1.74697271
6067.3000 1.73572346
6067.3500 1.72447421
6067.4000 1.71322496
6067.4500 1.70650765
6067.5000 1.70660649
6067.5500 1.70670532
6067.6000 1.70680416
6067.6500 1.706903
6067.7000 1.7103475
6067.7500 1.72211303
6067.8000 1.73387856
6067.8500 1.74564408
6067.9000 1.75740961
6067.9500 1.76614438
6068.0000 1.76066966
6068.0500 1.75519493
6068.1000 1.74972021
6068.1500 1.74424549
6068.2000 1.74036964
6068.2500 1.75896356
6068.3000 1.77755748
6068.3500 1.7961514
6068.4000 1.81474532
6068.4500 1.83333924
6068.5000 1.82455783
6068.5500 1.8145964
6068.6000 1.80463497
6068.6500 1.79467354
6068.7000 1.78471211
6068.7500 1.77712147
6068.8000 1.76994091
6068.8500 1.76276036
6068.9000 1.7555798
6068.9500 1.74839924
6069.0000 1.75676717
6069.0500 1.7703733
6069.1000 1.78397943
6069.1500 1.79758556
6069.2000 1.8111917
6069.2500 1.81347013
6069.3000 1.80951619
6069.3500 1.80556225
6069.4000 1.80160831
6069.4500 1.79765437
6069.5000 1.79834423
6069.5500 1.80293021
6069.6000 1.80751619
6069.6500 1.81210217
6069.7000 1.81668815
6069.7500 1.81583733
6069.8000 1.80818053
6069.8500 1.80052373
6069.9000 1.79286694
6069.9500 1.78521014
6070.0000 1.77742336
6070.0500 1.7693909
6070.1000 1.76135844
6070.1500 1.75332598
6070.2000 1.74529352
6070.2500 1.74051906
6070.3000 1.74554298
6070.3500 1.7505669
6070.4000 1.75559083
6070.4500 1.76061475
6070.5000 1.76447684
6070.5500 1.7619895
6070.6000 1.75950216
6070.6500 1.75701483
6070.7000 1.75452749
6070.7500 1.75268439
6070.8000 1.76068294
6070.8500 1.7686815
6070.9000 1.77668005
6070.9500 1.78467861
6071.0000 1.79267717
6071.0500 1.80182856
6071.1000 1.81101583
6071.1500 1.8202031
6071.2000 1.82939037
6071.2500 1.83857765
6071.3000 1.83919296
6071.3500 1.83863716
6071.4000 1.83808136
6071.4500 1.83752556
6071.5000 1.83696976
6071.5500 1.82967334
6071.6000 1.82060026
6071.6500 1.81152717
6071.7000 1.80245408
6071.7500 1.79338099
6071.8000 1.78350691
6071.8500 1.77329704
6071.9000 1.76308718
6071.9500 1.75287731
6072.0000 1.74266745
6072.0500 1.73957378
6072.1000 1.74085173
6072.1500 1.74212968
6072.2000 1.74340763
6072.2500 1.74468558
6072.3000 1.74678517
6072.3500 1.74959628
6072.4000 1.7524074
6072.4500 1.75521851
6072.5000 1.75802963
6072.5500 1.76161009
6072.6000 1.76611591
6072.6500 1.77062172
6072.7000 1.77512754
6072.7500 1.77963336
6072.8000 1.78584466
6072.8500 1.79491484
6072.9000 1.80398501
6072.9500 1.81305519
6073.0000 1.82212536
6073.0500 1.82840562
6073.1000 1.82801691
6073.1500 1.82762819
6073.2000 1.82723947
6073.2500 1.82685075
6073.3000 1.82565531
6073.3500 1.82156375
6073.4000 1.81747219
6073.4500 1.81338063
6073.5000 1.80928908
6073.5500 1.80390872
6073.6000 1.79076662
6073.6500 1.77762452
6073.7000 1.76448243
6073.7500 1.75134033
6073.8000 1.73927155
6073.8500 1.74178674
6073.9000 1.74430192
6073.9500 1.7468171
6074.0000 1.74933229
6074.0500 1.75184747
6074.1000 1.75476511
6074.1500 1.75768423
6074.2000 1.76060335
6074.2500 1.76352248
6074.3000 1.7664416
6074.3500 1.75556714
6074.4000 1.74358566
6074.4500 1.73160418
6074.5000 1.71962271
6074.5500 1.70764123
6074.6000 1.72444258
6074.6500 1.74605795
6074.7000 1.76767333
6074.7500 1.7892887
6074.8000 1.81090408
6074.8500 1.81661611
6074.9000 1.81808374
6074.9500 1.81955138
6075.0000 1.82101901
6075.0500 1.82248665
6075.1000 1.82702673
6075.1500 1.83274054
6075.2000 1.83845435
6075.2500 1.84416817
6075.3000 1.84988198
6075.3500 1.85519892
6075.4000 1.86031092
6075.4500 1.86542291
6075.5000 1.8705349
6075.5500 1.87564689
6075.6000 1.86341014
6075.6500 1.83945865
6075.7000 1.81550715
6075.7500 1.79155565
6075.8000 1.76760415
6075.8500 1.76416057
6075.9000 1.77846808
6075.9500 1.7927756
6076.0000 1.80708311
6076.0500 1.82139063
6076.1000 1.82467513
6076.1500 1.81586157
6076.2000 1.80704802
6076.2500 1.79823446
6076.3000 1.7894209
6076.3500 1.78220064
6076.4000 1.77718881
6076.4500 1.77217698
6076.5000 1.76716515
6076.5500 1.76215333
6076.6000 1.76513461
6076.6500 1.78213869
6076.7000 1.79914277
6076.7500 1.81614685
6076.8000 1.83315093
6076.8500 1.84266814
6076.9000 1.83541521
6076.9500 1.82816229
6077.0000 1.82090936
6077.0500 1.81365643
6077.1000 1.80564445
6077.1500 1.79542479
6077.2000 1.78520512
6077.2500 1.77498545
6077.3000 1.76476579
6077.3500 1.75981643
6077.4000 1.77534504
6077.4500 1.79087365
6077.5000 1.80640226
6077.5500 1.82193088
6077.6000 1.83356721
6077.6500 1.82400674
6077.7000 1.81444628
6077.7500 1.80488581
6077.8000 1.79532534
6077.8500 1.78677537
6077.9000 1.78664007
6077.9500 1.78650476
6078.0000 1.78636946
6078.0500 1.78623416
6078.1000 1.78568132
6078.1500 1.77869118
6078.2000 1.77170103
6078.2500 1.76471089
6078.3000 1.75772075
6078.3500 1.75066904
6078.4000 1.7398858
6078.4500 1.72910256
6078.5000 1.71831933
6078.5500 1.70753609
6078.6000 1.69675285
6078.6500 1.70615816
6078.7000 1.71611991
6078.7500 1.72608166
6078.8000 1.73604342
6078.8500 1.74600517
6078.9000 1.72663942
6078.9500 1.7051253
6079.0000 1.68361118
6079.0500 1.66209705
6079.1000 1.64058293
6079.1500 1.65993334
6079.2000 1.68423466
6079.2500 1.70853598
6079.3000 1.7328373
6079.3500 1.75713861
6079.4000 1.76225267
6079.4500 1.76408002
6079.5000 1.76590737
6079.5500 1.76773472
6079.6000 1.76956207
6079.6500 1.76080469
6079.7000 1.74967956
6079.7500 1.73855443
6079.8000 1.72742931
6079.8500 1.71630418
6079.9000 1.71283565
6079.9500 1.71149827
6080.0000 1.71016089
6080.0500 1.70882352
6080.1000 1.70748614
6080.1500 1.70703158
6080.2000 1.70687293
6080.2500 1.70671429
6080.3000 1.70655564
6080.3500 1.706397
6080.4000 1.71321262
6080.4500 1.72277726
6080.5000 1.73234191
6080.5500 1.74190655
6080.6000 1.75147119
6080.6500 1.7634154
6080.7000 1.77644264
6080.7500 1.78946987
6080.8000 1.80249711
6080.8500 1.81552435
6080.9000 1.80145721
6080.9500 1.7733569
6081.0000 1.74525659
6081.0500 1.71715628
6081.1000 1.68905596
6081.1500 1.68560455
6081.2000 1.69650652
6081.2500 1.70740849
6081.3000 1.71831046
6081.3500 1.72921243
6081.4000 1.73648981
6081.4500 1.7414186
6081.5000 1.74634738
6081.5500 1.75127617
6081.6000 1.75620495
6081.6500 1.76478653
6081.7000 1.77597803
6081.7500 1.78716953
6081.8000 1.79836102
6081.8500 1.80955252
6081.9000 1.81358957
6081.9500 1.81203578
6082.0000 1.81048198
6082.0500 1.80892818
6082.1000 1.80737438
6082.1500 1.80626367
6082.2000 1.80552882
6082.2500 1.80479396
6082.3000 1.80405911
6082.3500 1.80332426
6082.4000 1.7938636
6082.4500 1.77642484
6082.5000 1.75898608
6082.5500 1.74154732
6082.6000 1.72410856
6082.6500 1.71525033
6082.7000 1.71479114
6082.7500 1.71433194
6082.8000 1.71387275
6082.8500 1.71341355
6082.9000 1.70911221
6082.9500 1.70081088
6083.0000 1.69250955
6083.0500 1.68420822
6083.1000 1.67590689
6083.1500 1.68073386
6083.2000 1.70000383
6083.2500 1.71927381
6083.3000 1.73854379
6083.3500 1.75781376
6083.4000 1.76571795
6083.4500 1.76049315
6083.5000 1.75526834
6083.5500 1.75004354
6083.6000 1.74481874
6083.6500 1.74022517
6083.7000 1.73639233
6083.7500 1.73255949
6083.8000 1.72872665
6083.8500 1.72489381
6083.9000 1.72795226
6083.9500 1.73961943
6084.0000 1.75128659
6084.0500 1.76295376
6084.1000 1.77462093
6084.1500 1.78357886
6084.2000 1.78905121
6084.2500 1.79452357
6084.3000 1.79999593
6084.3500 1.80546828
6084.4000 1.80244673
6084.4500 1.78824412
6084.5000 1.77404151
6084.5500 1.7598389
6084.6000 1.74563628
6084.6500 1.73348793
6084.7000 1.72408821
6084.7500 1.71468848
6084.8000 1.70528876
6084.8500 1.69588903
6084.9000 1.70060267
6084.9500 1.72438374
6085.0000 1.7481648
6085.0500 1.77194587
6085.1000 1.79572694
6085.1500 1.80466349
6085.2000 1.79348439
6085.2500 1.7823053
6085.3000 1.7711262
6085.3500 1.7599471
6085.4000 1.76482252
6085.4500 1.79137354
6085.5000 1.81792456
6085.5500 1.84447558
6085.6000 1.87102659
6085.6500 1.87301655
6085.7000 1.84218711
6085.7500 1.81135767
6085.8000 1.78052822
6085.8500 1.74969878
6085.9000 1.73487158
6085.9500 1.74106718
6086.0000 1.74726277
6086.0500 1.75345837
6086.1000 1.75965396
6086.1500 1.76718339
6086.2000 1.7764243
6086.2500 1.78566521
6086.3000 1.79490612
6086.3500 1.80414703
6086.4000 1.81359042
6086.4500 1.82328592
6086.5000 1.83298142
6086.5500 1.84267692
6086.6000 1.85237241
6086.6500 1.8530716
6086.7000 1.84297254
6086.7500 1.83287347
6086.8000 1.8227744
6086.8500 1.81267534
6086.9000 1.80456668
6086.9500 1.79874641
6087.0000 1.79292614
6087.0500 1.78710588
6087.1000 1.78128561
6087.1500 1.78017837
6087.2000 1.78422815
6087.2500 1.78827794
6087.3000 1.79232772
6087.3500 1.79637751
6087.4000 1.80398087
6087.4500 1.81526113
6087.5000 1.8265414
6087.5500 1.83782167
6087.6000 1.84910194
6087.6500 1.84663258
6087.7000 1.83079695
6087.7500 1.81496132
6087.8000 1.79912569
6087.8500 1.78329006
6087.9000 1.76989841
6087.9500 1.75872419
6088.0000 1.74754998
6088.0500 1.73637576
6088.1000 1.72520154
6088.1500 1.72116655
6088.2000 1.72313597
6088.2500 1.7251054
6088.3000 1.72707482
6088.3500 1.72904424
6088.4000 1.72903343
6088.4500 1.72748977
6088.5000 1.72594611
6088.5500 1.72440245
6088.6000 1.72285879
6088.6500 1.72533362
6088.7000 1.73064964
6088.7500 1.73596566
6088.8000 1.74128167
6088.8500 1.74659769
6088.9000 1.74618574
6088.9500 1.74210532
6089.0000 1.73802491
6089.0500 1.73394449
6089.1000 1.72986407
6089.1500 1.73206685
6089.2000 1.73788121
6089.2500 1.74369557
6089.3000 1.74950993
6089.3500 1.75532429
6089.4000 1.75815464
6089.4500 1.75946177
6089.5000 1.76076891
6089.5500 1.76207604
6089.6000 1.76338318
6089.6500 1.76324736
6089.7000 1.76246548
6089.7500 1.76168361
6089.8000 1.76090174
6089.8500 1.76011987
6089.9000 1.7569519
6089.9500 1.75286088
6090.0000 1.74876986
6090.0500 1.74467884
6090.1000 1.74058782
6090.1500 1.74251382
6090.2000 1.74641327
6090.2500 1.75031273
6090.3000 1.75421219
6090.3500 1.75811165
6090.4000 1.76897293
6090.4500 1.78172266
6090.5000 1.79447238
6090.5500 1.80722211
6090.6000 1.81997184
6090.6500 1.79279133
6090.7000 1.75695589
6090.7500 1.72112045
6090.8000 1.68528501
6090.8500 1.64944957
6090.9000 1.67002165
6090.9500 1.69987279
6091.0000 1.72972392
6091.0500 1.75957505
6091.1000 1.78942618
6091.1500 1.77606001
6091.2000 1.75774491
6091.2500 1.73942981
6091.3000 1.72111471
6091.3500 1.70279961
6091.4000 1.70794373
6091.4500 1.71465425
6091.5000 1.72136477
6091.5500 1.7280753
6091.6000 1.73478582
6091.6500 1.75849588
6091.7000 1.78256699
6091.7500 1.8066381
6091.8000 1.83070921
6091.8500 1.85400116
6091.9000 1.84365291
6091.9500 1.83330466
6092.0000 1.82295642
6092.0500 1.81260817
6092.1000 1.80187649
6092.1500 1.78586553
6092.2000 1.76985456
6092.2500 1.7538436
6092.3000 1.73783264
6092.3500 1.72468938
6092.4000 1.73373981
6092.4500 1.74279025
6092.5000 1.75184068
6092.5500 1.76089112
6092.6000 1.76837894
6092.6500 1.76783003
6092.7000 1.76728111
6092.7500 1.7667322
6092.8000 1.76618329
6092.8500 1.76565079
6092.9000 1.76517903
6092.9500 1.76470727
6093.0000 1.7642355
6093.0500 1.76376374
6093.1000 1.75776418
6093.1500 1.73638699
6093.2000 1.7150098
6093.2500 1.69363261
6093.3000 1.67225542
6093.3500 1.66506088
6093.4000 1.6883254
6093.4500 1.71158992
6093.5000 1.73485444
6093.5500 1.75811896
6093.6000 1.76726332
6093.6500 1.7526338
6093.7000 1.73800428
6093.7500 1.72337475
6093.8000 1.70874523
6093.8500 1.6989365
6093.9000 1.69553938
6093.9500 1.69214225
6094.0000 1.68874513
6094.0500 1.685348
6094.1000 1.68938922
6094.1500 1.70125356
6094.2000 1.71311789
6094.2500 1.72498222
6094.3000 1.73684655
6094.3500 1.7382913
6094.4000 1.73111556
6094.4500 1.72393981
6094.5000 1.71676407
6094.5500 1.70958832
6094.6000 1.71744637
6094.6500 1.73496725
6094.7000 1.75248813
6094.7500 1.770009
6094.8000 1.78752988
6094.8500 1.79226663
6094.9000 1.79076
6094.9500 1.78925337
6095.0000 1.78774674
6095.0500 1.78624011
6095.1000 1.78655547
6095.1500 1.78752216
6095.2000 1.78848885
6095.2500 1.78945554
6095.3000 1.79042223
6095.3500 1.77799079
6095.4000 1.7622741
6095.4500 1.74655742
6095.5000 1.73084073
6095.5500 1.71512405
6095.6000 1.71362357
6095.6500 1.71422572
6095.7000 1.71482787
6095.7500 1.71543002
6095.8000 1.71603218
6095.8500 1.72230757
6095.9000 1.72893952
6095.9500 1.73557147
6096.0000 1.74220342
6096.0500 1.7487553
6096.1000 1.74883963
6096.1500 1.74892396
6096.2000 1.74900829
6096.2500 1.74909262
6096.3000 1.74973696
6096.3500 1.75639152
6096.4000 1.76304608
6096.4500 1.76970064
6096.5000 1.77635521
6096.5500 1.78034343
6096.6000 1.77032135
6096.6500 1.76029926
6096.7000 1.75027718
6096.7500 1.7402551
6096.8000 1.7329678
6096.8500 1.73452482
6096.9000 1.73608185
6096.9500 1.73763888
6097.0000 1.73919591
6097.0500 1.73735372
6097.1000 1.72808955
6097.1500 1.71882539
6097.2000 1.70956122
6097.2500 1.70029706
6097.3000 1.70268688
6097.3500 1.7230227
6097.4000 1.74335852
6097.4500 1.76369434
6097.5000 1.78403016
6097.5500 1.78891292
6097.6000 1.7767128
6097.6500 1.76451268
6097.7000 1.75231256
6097.7500 1.74011244
6097.8000 1.72799718
6097.8500 1.71594917
6097.9000 1.70390116
6097.9500 1.69185315
6098.0000 1.67980514
6098.0500 1.68504231
6098.1000 1.69990273
6098.1500 1.71476315
6098.2000 1.72962358
6098.2500 1.744484
6098.3000 1.74037602
6098.3500 1.72920062
6098.4000 1.71802522
6098.4500 1.70684982
6098.5000 1.69567442
6098.5500 1.69836934
6098.6000 1.704184
6098.6500 1.70999866
6098.7000 1.71581332
6098.7500 1.72162798
6098.8000 1.74583821
6098.8500 1.77196027
6098.9000 1.79808233
6098.9500 1.82420438
6099.0000 1.85032644
6099.0500 1.81315572
6099.1000 1.77579334
6099.1500 1.73843096
6099.2000 1.70106859
6099.2500 1.66793928
6099.3000 1.67773895
6099.3500 1.68753861
6099.4000 1.69733827
6099.4500 1.70713794
6099.5000 1.7144646
6099.5500 1.71083717
6099.6000 1.70720974
6099.6500 1.70358231
6099.7000 1.69995488
6099.7500 1.70000511
6099.8000 1.70950026
6099.8500 1.7189954
6099.9000 1.72849055
6099.9500 1.7379857
6100.0000 1.74874067
6100.0500 1.76156887
6100.1000 1.77439708
6100.1500 1.78722528
6100.2000 1.80005348
6100.2500 1.79804074
6100.3000 1.77977883
6100.3500 1.76151691
6100.4000 1.743255
6100.4500 1.72499309
6100.5000 1.72201518
6100.5500 1.73017892
6100.6000 1.73834266
6100.6500 1.74650639
6100.7000 1.75467013
6100.7500 1.75773028
6100.8000 1.75840036
6100.8500 1.75907044
6100.9000 1.75974052
6100.9500 1.7604106
6101.0000 1.74915299
6101.0500 1.73463594
6101.1000 1.72011889
6101.1500 1.70560185
6101.2000 1.6910848
6101.2500 1.68399955
6101.3000 1.67782011
6101.3500 1.67164066
6101.4000 1.66546121
6101.4500 1.65928177
6101.5000 1.65896593
6101.5500 1.65865602
6101.6000 1.65834611
6101.6500 1.6580362
6101.7000 1.65932968
6101.7500 1.67382846
6101.8000 1.68832723
6101.8500 1.702826
6101.9000 1.71732477
6101.9500 1.72476842
6102.0000 1.70708273
6102.0500 1.68939704
6102.1000 1.67171136
6102.1500 1.65402567
6102.2000 1.64566475
6102.2500 1.65608286
6102.3000 1.66650098
6102.3500 1.67691909
6102.4000 1.68733721
6102.4500 1.69800477
6102.5000 1.70898213
6102.5500 1.7199595
6102.6000 1.73093686
6102.6500 1.74191423
6102.7000 1.73610221
6102.7500 1.71720171
6102.8000 1.6983012
6102.8500 1.6794007
6102.9000 1.66050019
6102.9500 1.6525068
6103.0000 1.64965839
6103.0500 1.64680998
6103.1000 1.64396157
6103.1500 1.64111316
6103.2000 1.63536286
6103.2500 1.62888111
6103.3000 1.62239937
6103.3500 1.61591762
6103.4000 1.60943588
6103.4500 1.60432564
6103.5000 1.59933542
6103.5500 1.59434519
6103.6000 1.58935496
6103.6500 1.58498971
6103.7000 1.59486106
6103.7500 1.60473241
6103.8000 1.61460376
6103.8500 1.62447511
6103.9000 1.63492271
6103.9500 1.64826084
6104.0000 1.66159897
6104.0500 1.6749371
6104.1000 1.68827523
6104.1500 1.69553473
6104.2000 1.68805858
6104.2500 1.68058243
6104.3000 1.67310628
6104.3500 1.66563013
6104.4000 1.66268193
6104.4500 1.66599898
6104.5000 1.66931603
6104.5500 1.67263308
6104.6000 1.67595012
6104.6500 1.67079219
6104.7000 1.65866232
6104.7500 1.64653245
6104.8000 1.63440258
6104.8500 1.62227271
6104.9000 1.62511259
6104.9500 1.63501515
6105.0000 1.64491772
6105.0500 1.65482029
6105.1000 1.66472285
6105.1500 1.67777744
6105.2000 1.69156235
6105.2500 1.70534726
6105.3000 1.71913217
6105.3500 1.73291708
6105.4000 1.72413166
6105.4500 1.71405763
6105.5000 1.7039836
6105.5500 1.69390956
6105.6000 1.68471538
6105.6500 1.68540408
6105.7000 1.68609278
6105.7500 1.68678147
6105.8000 1.68747017
6105.8500 1.68663677
6105.9000 1.68038058
6105.9500 1.67412439
6106.0000 1.6678682
6106.0500 1.661612
6106.1000 1.65549256
6106.1500 1.64961811
6106.2000 1.64374365
6106.2500 1.63786919
6106.3000 1.63199473
6106.3500 1.63695544
6106.4000 1.65279584
6106.4500 1.66863624
6106.5000 1.68447664
6106.5500 1.70031704
6106.6000 1.70024304
6106.6500 1.69127015
6106.7000 1.68229727
6106.7500 1.67332438
6106.8000 1.66435149
6106.8500 1.6691896
6106.9000 1.67780101
6106.9500 1.68641243
6107.0000 1.69502385
6107.0500 1.70363526
6107.1000 1.69560599
6107.1500 1.6863458
6107.2000 1.67708561
6107.2500 1.66782543
6107.3000 1.65979071
6107.3500 1.66614298
6107.4000 1.67249525
6107.4500 1.67884752
6107.5000 1.68519979
6107.5500 1.69191835
6107.6000 1.69988055
6107.6500 1.70784275
6107.7000 1.71580495
6107.7500 1.72376714
6107.8000 1.72305338
6107.8500 1.70807591
6107.9000 1.69309843
6107.9500 1.67812096
6108.0000 1.66314348
6108.0500 1.66098675
6108.1000 1.67017405
6108.1500 1.67936135
6108.2000 1.68854865
6108.2500 1.69773595
6108.3000 1.6971206
6108.3500 1.69198832
6108.4000 1.68685605
6108.4500 1.68172377
6108.5000 1.67659149
6108.5500 1.69329541
6108.6000 1.71415143
6108.6500 1.73500745
6108.7000 1.75586346
6108.7500 1.77671948
6108.8000 1.76991491
6108.8500 1.76304274
6108.9000 1.75617056
6108.9500 1.74929838
6109.0000 1.74280119
6109.0500 1.73832424
6109.1000 1.7338473
6109.1500 1.72937036
6109.2000 1.72489342
6109.2500 1.71922253
6109.3000 1.71098165
6109.3500 1.70274077
6109.4000 1.69449989
6109.4500 1.68625901
6109.5000 1.68623397
6109.5500 1.69512652
6109.6000 1.70401907
6109.6500 1.71291162
6109.7000 1.72180417
6109.7500 1.71900003
6109.8000 1.70971584
6109.8500 1.70043166
6109.9000 1.69114747
6109.9500 1.68186329
6110.0000 1.68612128
6110.0500 1.69357365
6110.1000 1.70102603
6110.1500 1.70847841
6110.2000 1.71593078
6110.2500 1.70754495
6110.3000 1.69877696
6110.3500 1.69000897
6110.4000 1.68124098
6110.4500 1.6751368
6110.5000 1.68468866
6110.5500 1.69424051
6110.6000 1.70379236
6110.6500 1.71334421
6110.7000 1.72199416
6110.7500 1.72869221
6110.8000 1.73539026
6110.8500 1.74208831
6110.9000 1.74878636
6110.9500 1.75524358
6111.0000 1.76144845
6111.0500 1.76765332
6111.1000 1.7738582
6111.1500 1.78006307
6111.2000 1.77576562
6111.2500 1.7661128
6111.3000 1.75645998
6111.3500 1.74680716
6111.4000 1.73715433
6111.4500 1.73448141
6111.5000 1.73315875
6111.5500 1.73183609
6111.6000 1.73051342
6111.6500 1.7292614
6111.7000 1.73258823
6111.7500 1.73591505
6111.8000 1.73924188
6111.8500 1.7425687
6111.9000 1.74402248
6111.9500 1.73770165
6112.0000 1.73138081
6112.0500 1.72505998
6112.1000 1.71873914
6112.1500 1.71256997
6112.2000 1.70665383
6112.2500 1.70073769
6112.3000 1.69482155
6112.3500 1.68890541
6112.4000 1.68980196
6112.4500 1.69611587
6112.5000 1.70242979
6112.5500 1.70874371
6112.6000 1.71505762
6112.6500 1.72664315
6112.7000 1.74007133
6112.7500 1.75349951
6112.8000 1.76692769
6112.8500 1.78035586
6112.9000 1.76932858
6112.9500 1.75636427
6113.0000 1.74339997
6113.0500 1.73043566
6113.1000 1.71793861
6113.1500 1.70907702
6113.2000 1.70021543
6113.2500 1.69135384
6113.3000 1.68249225
6113.3500 1.67386844
6113.4000 1.66579205
6113.4500 1.65771565
6113.5000 1.64963926
6113.5500 1.64156286
6113.6000 1.6505229
6113.6500 1.67697154
6113.7000 1.70342018
6113.7500 1.72986881
6113.8000 1.75631745
6113.8500 1.76823102
6113.9000 1.77348331
6113.9500 1.77873559
6114.0000 1.78398787
6114.0500 1.78924016
6114.1000 1.79773821
6114.1500 1.8066802
6114.2000 1.81562218
6114.2500 1.82456417
6114.3000 1.83126718
6114.3500 1.81047631
6114.4000 1.78968545
6114.4500 1.76889459
6114.5000 1.74810373
6114.5500 1.73331428
6114.6000 1.73453968
6114.6500 1.73576508
6114.7000 1.73699047
6114.7500 1.73821587
6114.8000 1.73870464
6114.8500 1.73836788
6114.9000 1.73803113
6114.9500 1.73769437
6115.0000 1.73735761
6115.0500 1.73128682
6115.1000 1.72241944
6115.1500 1.71355205
6115.2000 1.70468466
6115.2500 1.69581728
6115.3000 1.70614232
6115.3500 1.71922259
6115.4000 1.73230285
6115.4500 1.74538312
6115.5000 1.75625019
6115.5500 1.74111077
6115.6000 1.72597135
6115.6500 1.71083193
6115.7000 1.69569251
6115.7500 1.6902337
6115.8000 1.70917365
6115.8500 1.7281136
6115.9000 1.74705356
6115.9500 1.76599351
6116.0000 1.77146004
6116.0500 1.76297956
6116.1000 1.75449907
6116.1500 1.74601858
6116.2000 1.7375381
6116.2500 1.73430029
6116.3000 1.73330572
6116.3500 1.73231116
6116.4000 1.73131659
6116.4500 1.73032203
6116.5000 1.71592123
6116.5500 1.70021045
6116.6000 1.68449966
6116.6500 1.66878887
6116.7000 1.65606213
6116.7500 1.66455301
6116.8000 1.67304388
6116.8500 1.68153476
6116.9000 1.69002564
6116.9500 1.6970968
6117.0000 1.70137846
6117.0500 1.70566012
6117.1000 1.70994178
6117.1500 1.71422344
6117.2000 1.70576369
6117.2500 1.68700258
6117.3000 1.66824146
6117.3500 1.64948035
6117.4000 1.63071924
6117.4500 1.65757959
6117.5000 1.69804584
6117.5500 1.73851209
6117.6000 1.77897834
6117.6500 1.8194446
6117.7000 1.78019353
6117.7500 1.74007867
6117.8000 1.69996381
6117.8500 1.65984895
6117.9000 1.63464474
6117.9500 1.66554771
6118.0000 1.69645067
6118.0500 1.72735364
6118.1000 1.75825661
6118.1500 1.7689607
6118.2000 1.75314006
6118.2500 1.73731943
6118.3000 1.72149879
6118.3500 1.70567815
6118.4000 1.70829211
6118.4500 1.72055895
6118.5000 1.73282579
6118.5500 1.74509263
6118.6000 1.75735947
6118.6500 1.75472562
6118.7000 1.7500987
6118.7500 1.74547179
6118.8000 1.74084488
6118.8500 1.73623831
6118.9000 1.73179745
6118.9500 1.72735659
6119.0000 1.72291572
6119.0500 1.71847486
6119.1000 1.71595305
6119.1500 1.71718254
6119.2000 1.71841202
6119.2500 1.71964151
6119.3000 1.72087099
6119.3500 1.71243825
6119.4000 1.69669131
6119.4500 1.68094437
6119.5000 1.66519743
6119.5500 1.6494505
6119.6000 1.6564248
6119.6500 1.66902453
6119.7000 1.68162427
6119.7500 1.694224
6119.8000 1.70620119
6119.8500 1.70132189
6119.9000 1.6964426
6119.9500 1.6915633
6120.0000 1.68668401
6120.0500 1.68793975
6120.1000 1.70566889
6120.1500 1.72339803
6120.2000 1.74112717
6120.2500 1.75885631
6120.3000 1.74675478
6120.3500 1.7058521
6120.4000 1.66494942
6120.4500 1.62404674
6120.5000 1.58314406
6120.5500 1.58181179
6120.6000 1.59381958
6120.6500 1.60582737
6120.7000 1.61783516
6120.7500 1.62984295
6120.8000 1.64376948
6120.8500 1.65771805
6120.9000 1.67166663
6120.9500 1.6856152
6121.0000 1.69437432
6121.0500 1.68586691
6121.1000 1.6773595
6121.1500 1.66885208
6121.2000 1.66034467
6121.2500 1.64732593
6121.3000 1.62932537
6121.3500 1.61132481
6121.4000 1.59332425
6121.4500 1.57532369
6121.5000 1.58912077
6121.5500 1.61522103
6121.6000 1.64132129
6121.6500 1.66742155
6121.7000 1.69352181
6121.7500 1.70135386
6121.8000 1.70859176
6121.8500 1.71582966
6121.9000 1.72306757
6121.9500 1.72627836
6122.0000 1.71501427
6122.0500 1.70375018
6122.1000 1.6924861
6122.1500 1.68122201
6122.2000 1.6660609
6122.2500 1.64647861
6122.3000 1.62689631
6122.3500 1.60731402
6122.4000 1.58773172
6122.4500 1.59299831
6122.5000 1.60788012
6122.5500 1.62276193
6122.6000 1.63764374
6122.6500 1.65252555
6122.7000 1.65166033
6122.7500 1.65039464
6122.8000 1.64912896
6122.8500 1.64786328
6122.9000 1.64770535
6122.9500 1.65123364
6123.0000 1.65476193
6123.0500 1.65829022
6123.1000 1.66181851
6123.1500 1.66542418
6123.2000 1.66911085
6123.2500 1.67279752
6123.3000 1.67648419
6123.3500 1.68017086
6123.4000 1.67855029
6123.4500 1.67514033
6123.5000 1.67173038
6123.5500 1.66832042
6123.6000 1.66492343
6123.6500 1.66299445
6123.7000 1.66106546
6123.7500 1.65913648
6123.8000 1.65720749
6123.8500 1.65341527
6123.9000 1.64461986
6123.9500 1.63582445
6124.0000 1.62702904
6124.0500 1.61823363
6124.1000 1.63038291
6124.1500 1.66069075
6124.2000 1.69099859
6124.2500 1.72130642
6124.3000 1.75161426
6124.3500 1.73124911
6124.4000 1.69834037
6124.4500 1.66543163
6124.5000 1.63252289
6124.5500 1.60324533
6124.6000 1.62280231
6124.6500 1.64235928
6124.7000 1.66191626
6124.7500 1.68147323
6124.8000 1.68924069
6124.8500 1.67397153
6124.9000 1.65870237
6124.9500 1.64343321
6125.0000 1.62816405
6125.0500 1.62737302
6125.1000 1.63585714
6125.1500 1.64434127
6125.2000 1.65282539
6125.2500 1.66130951
6125.3000 1.6557752
6125.3500 1.648369
6125.4000 1.6409628
6125.4500 1.6335566
6125.5000 1.62893056
6125.5500 1.63928213
6125.6000 1.64963369
6125.6500 1.65998525
6125.7000 1.67033682
6125.7500 1.66396125
6125.8000 1.63564664
6125.8500 1.60733203
6125.9000 1.57901741
6125.9500 1.5507028
6126.0000 1.54595658
6126.0500 1.55082146
6126.1000 1.55568635
6126.1500 1.56055124
6126.2000 1.56541612
6126.2500 1.5689568
6126.3000 1.57248375
6126.3500 1.5760107
6126.4000 1.57953765
6126.4500 1.58959766
6126.5000 1.61724677
6126.5500 1.64489587
6126.6000 1.67254497
6126.6500 1.70019408
6126.7000 1.70918353
6126.7500 1.70312716
6126.8000 1.6970708
6126.8500 1.69101443
6126.9000 1.68495807
6126.9500 1.69118714
6127.0000 1.69978997
6127.0500 1.70839281
6127.1000 1.71699564
6127.1500 1.72268122
6127.2000 1.70779866
6127.2500 1.6929161
6127.3000 1.67803355
6127.3500 1.66315099
6127.4000 1.65408162
6127.4500 1.65330717
6127.5000 1.65253272
6127.5500 1.65175827
6127.6000 1.65098382
6127.6500 1.66098699
6127.7000 1.67557488
6127.7500 1.69016277
6127.8000 1.70475065
6127.8500 1.71933854
6127.9000 1.70738195
6127.9500 1.69523183
6128.0000 1.68308171
6128.0500 1.67093159
6128.1000 1.66188364
6128.1500 1.66059367
6128.2000 1.65930369
6128.2500 1.65801371
6128.3000 1.65672374
6128.3500 1.66764107
6128.4000 1.68739018
6128.4500 1.70713929
6128.5000 1.7268884
6128.5500 1.74663751
6128.6000 1.74665871
6128.6500 1.74389967
6128.7000 1.74114064
6128.7500 1.7383816
6128.8000 1.73330992
6128.8500 1.71729212
6128.9000 1.70127432
6128.9500 1.68525652
6129.0000 1.66923871
6129.0500 1.6623799
6129.1000 1.66568259
6129.1500 1.66898527
6129.2000 1.67228796
6129.2500 1.67559065
6129.3000 1.67058667
6129.3500 1.66317626
6129.4000 1.65576584
6129.4500 1.64835543
6129.5000 1.64212622
6129.5500 1.64978563
6129.6000 1.65744504
6129.6500 1.66510446
6129.7000 1.67276387
6129.7500 1.67475096
6129.8000 1.66760307
6129.8500 1.66045518
6129.9000 1.65330729
6129.9500 1.6461594
6130.0000 1.64695649
6130.0500 1.65133209
6130.1000 1.6557077
6130.1500 1.66008331
6130.2000 1.66445892
6130.2500 1.66119495
6130.3000 1.65791205
6130.3500 1.65462915
6130.4000 1.65134626
6130.4500 1.64888006
6130.5000 1.64825494
6130.5500 1.64762981
6130.6000 1.64700469
6130.6500 1.64637956
6130.7000 1.64025437
6130.7500 1.63074006
6130.8000 1.62122575
6130.8500 1.61171144
6130.9000 1.60219714
6130.9500 1.60763181
6131.0000 1.61415934
6131.0500 1.62068686
6131.1000 1.62721439
6131.1500 1.63098669
6131.2000 1.62634596
6131.2500 1.62170524
6131.3000 1.61706451
6131.3500 1.61242379
6131.4000 1.60816402
6131.4500 1.60419968
6131.5000 1.60023534
6131.5500 1.596271
6131.6000 1.59230667
6131.6500 1.59359443
6131.7000 1.59558872
6131.7500 1.59758302
6131.8000 1.59957731
6131.8500 1.59822898
6131.9000 1.58362012
6131.9500 1.56901126
6132.0000 1.5544024
6132.0500 1.53979353
6132.1000 1.5431234
6132.1500 1.56281991
6132.2000 1.58251642
6132.2500 1.60221293
6132.3000 1.62190943
6132.3500 1.63906178
6132.4000 1.65575169
6132.4500 1.6724416
6132.5000 1.68913151
6132.5500 1.70097528
6132.6000 1.68935238
6132.6500 1.67772948
6132.7000 1.66610657
6132.7500 1.65448367
6132.8000 1.63095492
6132.8500 1.5954164
6132.9000 1.55987787
6132.9500 1.52433935
6133.0000 1.48880082
6133.0500 1.52356047
6133.1000 1.57310995
6133.1500 1.62265944
6133.2000 1.67220892
6133.2500 1.71201162
6133.3000 1.69917329
6133.3500 1.68633496
6133.4000 1.67349664
6133.4500 1.66065831
6133.5000 1.65174552
6133.5500 1.64695184
6133.6000 1.64215816
6133.6500 1.63736448
6133.7000 1.63257081
6133.7500 1.62035116
6133.8000 1.60651688
6133.8500 1.5926826
6133.9000 1.57884832
6133.9500 1.57057974
6134.0000 1.59230289
6134.0500 1.61402603
6134.1000 1.63574917
6134.1500 1.65747232
6134.2000 1.66333761
6134.2500 1.65291732
6134.3000 1.64249703
6134.3500 1.63207674
6134.4000 1.62165644
6134.4500 1.62752962
6134.5000 1.63669613
6134.5500 1.64586264
6134.6000 1.65502915
6134.6500 1.65833499
6134.7000 1.63344106
6134.7500 1.60854714
6134.8000 1.58365322
6134.8500 1.5587593
6134.9000 1.55172782
6134.9500 1.56158786
6135.0000 1.5714479
6135.0500 1.58130794
6135.1000 1.59116798
6135.1500 1.59348407
6135.2000 1.59454716
6135.2500 1.59561025
6135.3000 1.59667334
6135.3500 1.59819527
6135.4000 1.6015203
6135.4500 1.60484534
6135.5000 1.60817037
6135.5500 1.6114954
6135.6000 1.61655561
6135.6500 1.62303643
6135.7000 1.62951724
6135.7500 1.63599805
6135.8000 1.64247887
6135.8500 1.65183125
6135.9000 1.66150793
6135.9500 1.6711846
6136.0000 1.68086128
6136.0500 1.67978932
6136.1000 1.64628193
6136.1500 1.61277454
6136.2000 1.57926715
6136.2500 1.54575976
6136.3000 1.54147634
6136.3500 1.55659635
6136.4000 1.57171636
6136.4500 1.58683638
6136.5000 1.60195639
6136.5500 1.59496284
6136.6000 1.58692117
6136.6500 1.57887951
6136.7000 1.57083785
6136.7500 1.56567592
6136.8000 1.56691727
6136.8500 1.56815862
6136.9000 1.56939996
6136.9500 1.57064131
6137.0000 1.57768452
6137.0500 1.58761934
6137.1000 1.59755416
6137.1500 1.60748898
6137.2000 1.61682563
6137.2500 1.60396674
6137.3000 1.59110785
6137.3500 1.57824896
6137.4000 1.56539008
6137.4500 1.56216107
6137.5000 1.57419828
6137.5500 1.5862355
6137.6000 1.59827272
6137.6500 1.61030994
6137.7000 1.60787962
6137.7500 1.60060259
6137.8000 1.59332556
6137.8500 1.58604854
6137.9000 1.57937628
6137.9500 1.57745045
6138.0000 1.57552462
6138.0500 1.57359879
6138.1000 1.57167296
6138.1500 1.56631556
6138.2000 1.5572208
6138.2500 1.54812603
6138.3000 1.53903127
6138.3500 1.52993651
6138.4000 1.52885366
6138.4500 1.52922897
6138.5000 1.52960428
6138.5500 1.52997959
6138.6000 1.53574164
6138.6500 1.56116245
6138.7000 1.58658325
6138.7500 1.61200406
6138.8000 1.63742487
6138.8500 1.64402316
6138.9000 1.63731434
6138.9500 1.63060551
6139.0000 1.62389669
6139.0500 1.61718787
6139.1000 1.59295424
6139.1500 1.5679577
6139.2000 1.54296115
6139.2500 1.51796461
6139.3000 1.50631517
6139.3500 1.5214681
6139.4000 1.53662104
6139.4500 1.55177398
6139.5000 1.56692691
6139.5500 1.59452491
6139.6000 1.62724846
6139.6500 1.65997201
6139.7000 1.69269557
6139.7500 1.71896653
6139.8000 1.67652131
6139.8500 1.63407608
6139.9000 1.59163086
6139.9500 1.54918563
6140.0000 1.52622898
6140.0500 1.52568604
6140.1000 1.52514309
6140.1500 1.52460015
6140.2000 1.5240572
6140.2500 1.53944604
6140.3000 1.55773384
6140.3500 1.57602165
6140.4000 1.59430945
6140.4500 1.60725723
6140.5000 1.60219647
6140.5500 1.59713571
6140.6000 1.59207496
6140.6500 1.5870142
6140.7000 1.57482811
6140.7500 1.55814493
6140.8000 1.54146176
6140.8500 1.52477858
6140.9000 1.5080954
6140.9500 1.52022426
6141.0000 1.53237821
6141.0500 1.54453216
6141.1000 1.55668611
6141.1500 1.5650166
6141.2000 1.56728808
6141.2500 1.56955956
6141.3000 1.57183103
6141.3500 1.57410251
6141.4000 1.57084924
6141.4500 1.56600449
6141.5000 1.56115974
6141.5500 1.556315
6141.6000 1.55501925
6141.6500 1.57135867
6141.7000 1.5876981
6141.7500 1.60403752
6141.8000 1.62037694
6141.8500 1.62071961
6141.9000 1.60851398
6141.9500 1.59630835
6142.0000 1.58410273
6142.0500 1.5718971
6142.1000 1.55947962
6142.1500 1.54705215
6142.2000 1.53462469
6142.2500 1.52219722
6142.3000 1.51334581
6142.3500 1.51109891
6142.4000 1.50885202
6142.4500 1.50660512
6142.5000 1.50435823
6142.5500 1.52921295
6142.6000 1.56313784
6142.6500 1.59706273
6142.7000 1.63098762
6142.7500 1.6535646
6142.8000 1.61129701
6142.8500 1.56902942
6142.9000 1.52676183
6142.9500 1.48449424
6143.0000 1.46607865
6143.0500 1.46715216
6143.1000 1.46822566
6143.1500 1.46929917
6143.2000 1.47037268
6143.2500 1.5277873
6143.3000 1.58795375
6143.3500 1.64812019
6143.4000 1.70828663
6143.4500 1.73646301
6143.5000 1.70733107
6143.5500 1.67819912
6143.6000 1.64906718
6143.6500 1.61993524
6143.7000 1.61377458
6143.7500 1.6146803
6143.8000 1.61558603
6143.8500 1.61649175
6143.9000 1.61609849
6143.9500 1.60949417
6144.0000 1.60288986
6144.0500 1.59628555
6144.1000 1.58968124
6144.1500 1.58358896
6144.2000 1.57786308
6144.2500 1.57213721
6144.3000 1.56641133
6144.3500 1.56068546
6144.4000 1.58075791
6144.4500 1.60097248
6144.5000 1.62118705
6144.5500 1.64140162
6144.6000 1.6430261
6144.6500 1.61766093
6144.7000 1.59229577
6144.7500 1.56693061
6144.8000 1.54156544
6144.8500 1.54819711
6144.9000 1.56171478
6144.9500 1.57523246
6145.0000 1.58875013
6145.0500 1.59773998
6145.1000 1.59236468
6145.1500 1.58698939
6145.2000 1.58161409
6145.2500 1.57623879
6145.3000 1.58256569
6145.3500 1.59497174
6145.4000 1.60737778
6145.4500 1.61978383
6145.5000 1.63167711
6145.5500 1.63753318
6145.6000 1.64338925
6145.6500 1.64924532
6145.7000 1.65510139
6145.7500 1.64111374
6145.8000 1.60729525
6145.8500 1.57347676
6145.9000 1.53965826
6145.9500 1.50583977
6146.0000 1.49998888
6146.0500 1.4964466
6146.1000 1.49290432
6146.1500 1.48936204
6146.2000 1.50064042
6146.2500 1.53955898
6146.3000 1.57847754
6146.3500 1.6173961
6146.4000 1.65631465
6146.4500 1.66913601
6146.5000 1.67442622
6146.5500 1.67971643
6146.6000 1.68500664
6146.6500 1.69138954
6146.7000 1.70201619
6146.7500 1.71264284
6146.8000 1.72326949
6146.8500 1.73389614
6146.9000 1.71880501
6146.9500 1.68894306
6147.0000 1.65908111
6147.0500 1.62921916
6147.1000 1.60255881
6147.1500 1.62025474
6147.2000 1.63795068
6147.2500 1.65564662
6147.3000 1.67334255
6147.3500 1.6583892
6147.4000 1.61093833
6147.4500 1.56348746
6147.5000 1.51603659
6147.5500 1.46858572
6147.6000 1.50065174
6147.6500 1.53808944
6147.7000 1.57552714
6147.7500 1.61296485
6147.8000 1.62798704
6147.8500 1.60548824
6147.9000 1.58298944
6147.9500 1.56049065
6148.0000 1.53799185
6148.0500 1.54656741
6148.1000 1.56229205
6148.1500 1.57801669
6148.2000 1.59374133
6148.2500 1.60512983
6148.3000 1.60375995
6148.3500 1.60239006
6148.4000 1.60102018
6148.4500 1.5996503
6148.5000 1.61433581
6148.5500 1.63603207
6148.6000 1.65772834
6148.6500 1.6794246
6148.7000 1.6908848
6148.7500 1.63955679
6148.8000 1.58822879
6148.8500 1.53690078
6148.9000 1.48557278
6148.9500 1.47150125
6149.0000 1.48375077
6149.0500 1.49600029
6149.1000 1.5082498
6149.1500 1.5208242
6149.2000 1.54275988
6149.2500 1.56469555
6149.3000 1.58663123
6149.3500 1.6085669
6149.4000 1.61038616
6149.4500 1.59065525
6149.5000 1.57092434
6149.5500 1.55119343
6149.6000 1.53146252
6149.6500 1.54888846
6149.7000 1.56895017
6149.7500 1.58901188
6149.8000 1.60907359
6149.8500 1.61340604
6149.9000 1.59276509
6149.9500 1.57212415
6150.0000 1.5514832
6150.0500 1.53084225
6150.1000 1.53831379
6150.1500 1.55110672
6150.2000 1.56389965
6150.2500 1.57669258
6150.3000 1.5863651
6150.3500 1.58864973
6150.4000 1.59093437
6150.4500 1.59321901
6150.5000 1.59550364
6150.5500 1.60137035
6150.6000 1.60840088
6150.6500 1.61543141
6150.7000 1.62246194
6150.7500 1.62206679
6150.8000 1.59444842
6150.8500 1.56683006
6150.9000 1.5392117
6150.9500 1.51159334
6151.0000 1.51642331
6151.0500 1.53683621
6151.1000 1.55724911
6151.1500 1.57766201
6151.2000 1.59249117
6151.2500 1.57259919
6151.3000 1.5527072
6151.3500 1.53281522
6151.4000 1.51292324
6151.4500 1.51280061
6151.5000 1.52568143
6151.5500 1.53856225
6151.6000 1.55144308
6151.6500 1.56271944
6151.7000 1.55255663
6151.7500 1.54239381
6151.8000 1.532231
6151.8500 1.52206819
6151.9000 1.5346861
6151.9500 1.56688663
6152.0000 1.59908716
6152.0500 1.63128769
6152.1000 1.66306143
6152.1500 1.63897649
6152.2000 1.61489154
6152.2500 1.59080659
6152.3000 1.56672164
6152.3500 1.54867027
6152.4000 1.53717795
6152.4500 1.52568563
6152.5000 1.51419331
6152.5500 1.50270099
6152.6000 1.54815532
6152.6500 1.59645537
6152.7000 1.64475542
6152.7500 1.69305547
6152.8000 1.71383317
6152.8500 1.69773765
6152.9000 1.68164214
6152.9500 1.66554662
6153.0000 1.6494511
6153.0500 1.62967327
6153.1000 1.60950486
6153.1500 1.58933645
6153.2000 1.56916804
6153.2500 1.5643096
6153.3000 1.58416449
6153.3500 1.60401939
6153.4000 1.62387428
6153.4500 1.64372917
6153.5000 1.65521703
6153.5500 1.66537293
6153.6000 1.67552882
6153.6500 1.68568471
6153.7000 1.68361315
6153.7500 1.65827905
6153.8000 1.63294495
6153.8500 1.60761085
6153.9000 1.58227674
6153.9500 1.59417119
6154.0000 1.61379289
6154.0500 1.6334146
6154.1000 1.6530363
6154.1500 1.65533784
6154.2000 1.61969691
6154.2500 1.58405598
6154.3000 1.54841504
6154.3500 1.51277411
6154.4000 1.51466935
6154.4500 1.52592304
6154.5000 1.53717674
6154.5500 1.54843044
6154.6000 1.55210207
6154.6500 1.5371364
6154.7000 1.52217072
6154.7500 1.50720505
6154.8000 1.49223938
6154.8500 1.50765645
6154.9000 1.53166103
6154.9500 1.55566561
6155.0000 1.5796702
6155.0500 1.59507607
6155.1000 1.587447
6155.1500 1.57981793
6155.2000 1.57218886
6155.2500 1.5645598
6155.3000 1.5749352
6155.3500 1.5908191
6155.4000 1.60670301
6155.4500 1.62258691
6155.5000 1.62410925
6155.5500 1.58504161
6155.6000 1.54597398
6155.6500 1.50690634
6155.7000 1.4678387
6155.7500 1.48139489
6155.8000 1.51168816
6155.8500 1.54198143
6155.9000 1.5722747
6155.9500 1.58616046
6156.0000 1.55280052
6156.0500 1.51944058
6156.1000 1.48608064
6156.1500 1.4527207
6156.2000 1.45100516
6156.2500 1.45936194
6156.3000 1.46771871
6156.3500 1.47607549
6156.4000 1.48434993
6156.4500 1.49239132
6156.5000 1.50043271
6156.5500 1.5084741
6156.6000 1.51651549
6156.6500 1.50285891
6156.7000 1.48254816
6156.7500 1.46223742
6156.8000 1.44192667
6156.8500 1.43316363
6156.9000 1.45542323
6156.9500 1.47768283
6157.0000 1.49994243
6157.0500 1.52220203
6157.1000 1.51210456
6157.1500 1.49282449
6157.2000 1.47354442
6157.2500 1.45426435
6157.3000 1.4530666
6157.3500 1.49649624
6157.4000 1.53992588
6157.4500 1.58335552
6157.5000 1.62678516
6157.5500 1.62383832
6157.6000 1.6092596
6157.6500 1.59468089
6157.7000 1.58010218
6157.7500 1.57009234
6157.8000 1.57014184
6157.8500 1.57019134
6157.9000 1.57024083
6157.9500 1.57029033
6158.0000 1.55672786
6158.0500 1.54031615
6158.1000 1.52390445
6158.1500 1.50749274
6158.2000 1.50203609
6158.2500 1.51754326
6158.3000 1.53305042
6158.3500 1.54855759
6158.4000 1.56406475
6158.4500 1.56595041
6158.5000 1.56564149
6158.5500 1.56533258
6158.6000 1.56502366
6158.6500 1.57787297
6158.7000 1.61210019
6158.7500 1.6463274
6158.8000 1.68055462
6158.8500 1.71478184
6158.9000 1.70346149
6158.9500 1.6872193
6159.0000 1.67097711
6159.0500 1.65473492
6159.1000 1.64330781
6159.1500 1.638377
6159.2000 1.63344618
6159.2500 1.62851536
6159.3000 1.62358454
6159.3500 1.57157935
6159.4000 1.51712873
6159.4500 1.46267811
6159.5000 1.40822748
6159.5500 1.41249714
6159.6000 1.48107859
6159.6500 1.54966003
6159.7000 1.61824148
6159.7500 1.686157
6159.8000 1.63712982
6159.8500 1.58810263
6159.9000 1.53907545
6159.9500 1.49004827
6160.0000 1.46487994
6160.0500 1.46038421
6160.1000 1.45588848
6160.1500 1.45139274
6160.2000 1.44843029
6160.2500 1.46661068
6160.3000 1.48479107
6160.3500 1.50297146
6160.4000 1.52115186
6160.4500 1.53480772
6160.5000 1.54546208
6160.5500 1.55611644
6160.6000 1.56677081
6160.6500 1.57151469
6160.7000 1.53886298
6160.7500 1.50621127
6160.8000 1.47355956
6160.8500 1.44090785
6160.9000 1.4989004
6160.9500 1.60083419
6161.0000 1.70276798
6161.0500 1.80470177
6161.1000 1.85846202
6161.1500 1.73344138
6161.2000 1.60842073
6161.2500 1.48340009
6161.3000 1.35837944
6161.3500 1.36194816
6161.4000 1.40775505
6161.4500 1.45356194
6161.5000 1.49936883
6161.5500 1.52889251
6161.6000 1.51949385
6161.6500 1.51009519
6161.7000 1.50069653
6161.7500 1.49129788
6161.8000 1.47331127
6161.8500 1.45367544
6161.9000 1.43403961
6161.9500 1.41440378
6162.0000 1.39844844
6162.0500 1.38838301
6162.1000 1.37831759
6162.1500 1.36825216
6162.2000 1.35818674
6162.2500 1.36738226
6162.3000 1.37798371
6162.3500 1.38858516
6162.4000 1.39918661
6162.4500 1.40930188
6162.5000 1.41889279
6162.5500 1.4284837
6162.6000 1.43807461
6162.6500 1.44640275
6162.7000 1.41649218
6162.7500 1.38658161
6162.8000 1.35667104
6162.8500 1.32676047
6162.9000 1.31490688
6162.9500 1.31588606
6163.0000 1.31686523
6163.0500 1.31784441
6163.1000 1.3269756
6163.1500 1.3866497
6163.2000 1.44632379
6163.2500 1.50599788
6163.3000 1.56567198
6163.3500 1.58884724
6163.4000 1.59600091
6163.4500 1.60315458
6163.5000 1.61030826
6163.5500 1.61012652
6163.6000 1.58825608
6163.6500 1.56638563
6163.7000 1.54451519
6163.7500 1.52264475
6163.8000 1.51788047
6163.8500 1.51707008
6163.9000 1.51625968
6163.9500 1.51544929
6164.0000 1.52012316
6164.0500 1.53399577
6164.1000 1.54786838
6164.1500 1.56174099
6164.2000 1.57561361
6164.2500 1.5656429
6164.3000 1.55405543
6164.3500 1.54246796
6164.4000 1.5308805
6164.4500 1.54464066
6164.5000 1.58362517
6164.5500 1.62260968
6164.6000 1.66159419
6164.6500 1.69715413
6164.7000 1.68553384
6164.7500 1.67391355
6164.8000 1.66229325
6164.8500 1.65067296
6164.9000 1.64551859
6164.9500 1.64406708
6165.0000 1.64261557
6165.0500 1.64116406
6165.1000 1.63615094
6165.1500 1.61739174
6165.2000 1.59863254
6165.2500 1.57987334
6165.3000 1.56111415
6165.3500 1.55221
6165.4000 1.54612713
6165.4500 1.54004426
6165.5000 1.53396138
6165.5500 1.54487783
6165.6000 1.5872497
6165.6500 1.62962158
6165.7000 1.67199346
6165.7500 1.71436534
6165.8000 1.71266092
6165.8500 1.70743185
6165.9000 1.70220279
6165.9500 1.69697372
6166.0000 1.67240244
6166.0500 1.62870553
6166.1000 1.58500861
6166.1500 1.5413117
6166.2000 1.50262437
6166.2500 1.52046152
6166.3000 1.53829868
6166.3500 1.55613583
6166.4000 1.57397298
6166.4500 1.55502643
6166.5000 1.51727756
6166.5500 1.4795287
6166.6000 1.44177983
6166.6500 1.42971857
6166.7000 1.49732794
6166.7500 1.56493731
6166.8000 1.63254668
6166.8500 1.70015604
6166.9000 1.722956
6166.9500 1.73642266
6167.0000 1.74988932
6167.0500 1.76335599
6167.1000 1.74718753
6167.1500 1.68892597
6167.2000 1.63066441
6167.2500 1.57240284
6167.3000 1.51416979
6167.3500 1.52119931
6167.4000 1.52822883
6167.4500 1.53525834
6167.5000 1.54228786
6167.5500 1.53522771
6167.6000 1.51835427
6167.6500 1.50148082
6167.7000 1.48460738
6167.7500 1.4849865
6167.8000 1.56385113
6167.8500 1.64271576
6167.9000 1.72158039
6167.9500 1.80044501
6168.0000 1.74770712
6168.0500 1.65625597
6168.1000 1.56480482
6168.1500 1.47335367
6168.2000 1.42385991
6168.2500 1.44675692
6168.3000 1.46965393
6168.3500 1.49255094
6168.4000 1.51544795
6168.4500 1.50073694
6168.5000 1.48457671
6168.5500 1.46841647
6168.6000 1.45225623
6168.6500 1.43840317
6168.7000 1.42635846
6168.7500 1.41431374
6168.8000 1.40226903
6168.8500 1.39949018
6168.9000 1.44534006
6168.9500 1.49118994
6169.0000 1.53703982
6169.0500 1.5828897
6169.1000 1.59574217
6169.1500 1.59824468
6169.2000 1.60074719
6169.2500 1.60324971
6169.3000 1.59583391
6169.3500 1.57110007
6169.4000 1.54636622
6169.4500 1.52163238
6169.5000 1.49689854
6169.5500 1.52404516
6169.6000 1.55286138
6169.6500 1.58167761
6169.7000 1.61049383
6169.7500 1.59243222
6169.8000 1.53975392
6169.8500 1.48707563
6169.9000 1.43439734
6169.9500 1.39232571
6170.0000 1.3974896
6170.0500 1.40265349
6170.1000 1.40781738
6170.1500 1.41298127
6170.2000 1.36556511
6170.2500 1.30444539
6170.3000 1.24332568
6170.3500 1.18220596
6170.4000 1.1818556
6170.4500 1.27082578
6170.5000 1.35979597
6170.5500 1.44876615
6170.6000 1.53541273
6170.6500 1.49709899
6170.7000 1.45878524
6170.7500 1.4204715
6170.8000 1.38215776
6170.8500 1.38954848
6170.9000 1.42339596
6170.9500 1.45724345
6171.0000 1.49109093
6171.0500 1.51377295
6171.1000 1.50299761
6171.1500 1.49222228
6171.2000 1.48144695
6171.2500 1.47067161
6171.3000 1.42374405
6171.3500 1.37135768
6171.4000 1.31897131
6171.4500 1.26658495
6171.5000 1.26612602
6171.5500 1.31989787
6171.6000 1.37366973
6171.6500 1.42744158
6171.7000 1.47981187
6171.7500 1.52098327
6171.8000 1.56215467
6171.8500 1.60332607
6171.9000 1.64449747
6171.9500 1.62729454
6172.0000 1.58905108
6172.0500 1.55080763
6172.1000 1.51256418
6172.1500 1.49566481
6172.2000 1.51660811
6172.2500 1.53755141
6172.3000 1.5584947
6172.3500 1.579438
6172.4000 1.56298898
6172.4500 1.54608325
6172.5000 1.52917753
6172.5500 1.51227181
6172.6000 1.48844509
6172.6500 1.46032198
6172.7000 1.43219888
6172.7500 1.40407578
6172.8000 1.40118161
6172.8500 1.47487503
6172.9000 1.54856845
6172.9500 1.62226187
6173.0000 1.69595529
6173.0500 1.66299038
6173.1000 1.61552691
6173.1500 1.56806343
6173.2000 1.52059996
6173.2500 1.50568519
6173.3000 1.52146958
6173.3500 1.53725398
6173.4000 1.55303837
6173.4500 1.56438318
6173.5000 1.55069917
6173.5500 1.53701515
6173.6000 1.52333113
6173.6500 1.50964711
6173.7000 1.51578872
6173.7500 1.52725022
6173.8000 1.53871173
6173.8500 1.55017323
6173.9000 1.54564276
6173.9500 1.51973646
6174.0000 1.49383016
6174.0500 1.46792386
6174.1000 1.44706814
6174.1500 1.49411217
6174.2000 1.54115621
6174.2500 1.58820024
6174.3000 1.63524428
6174.3500 1.65290104
6174.4000 1.65868539
6174.4500 1.66446973
6174.5000 1.67025407
6174.5500 1.66190093
6174.6000 1.62808627
6174.6500 1.5942716
6174.7000 1.56045694
6174.7500 1.52670005
6174.8000 1.50925706
6174.8500 1.49181408
6174.9000 1.47437109
6174.9500 1.45692811
6175.0000 1.43813462
6175.0500 1.41861963
6175.1000 1.39910464
6175.1500 1.37958966
6175.2000 1.36597682
6175.2500 1.36601867
6175.3000 1.36606052
6175.3500 1.36610238
6175.4000 1.36614423
6175.4500 1.42129208
6175.5000 1.47912433
6175.5500 1.53695659
6175.6000 1.59478884
6175.6500 1.62319872
6175.7000 1.63256336
6175.7500 1.641928
6175.8000 1.65129264
6175.8500 1.664114
6175.9000 1.68665692
6175.9500 1.70919984
6176.0000 1.73174276
6176.0500 1.75428568
6176.1000 1.6957924
6176.1500 1.63018581
6176.2000 1.56457921
6176.2500 1.49897262
6176.3000 1.49872788
6176.3500 1.54619362
6176.4000 1.59365937
6176.4500 1.64112512
6176.5000 1.66484942
6176.5500 1.61279202
6176.6000 1.56073463
6176.6500 1.50867723
6176.7000 1.45661984
6176.7500 1.4813914
6176.8000 1.51462366
6176.8500 1.54785592
6176.9000 1.58108819
6176.9500 1.6176391
6177.0000 1.65674719
6177.0500 1.69585527
6177.1000 1.73496335
6177.1500 1.75124099
6177.2000 1.69132188
6177.2500 1.63140277
6177.3000 1.57148366
6177.3500 1.51156455
6177.4000 1.50357429
6177.4500 1.50147942
6177.5000 1.49938455
6177.5500 1.49728969
6177.6000 1.51285795
6177.6500 1.54189873
6177.7000 1.57093951
6177.7500 1.59998029
6177.8000 1.60558604
6177.8500 1.53628317
6177.9000 1.46698029
6177.9500 1.39767741
6178.0000 1.32837453
6178.0500 1.31415173
6178.1000 1.30530668
6178.1500 1.29646163
6178.2000 1.28761657
6178.2500 1.36538986
6178.3000 1.5044703
6178.3500 1.64355074
6178.4000 1.78263118
6178.4500 1.87824888
6178.5000 1.85132054
6178.5500 1.82439221
6178.6000 1.79746387
6178.6500 1.77053554
6178.7000 1.70354182
6178.7500 1.6339825
6178.8000 1.56442319
6178.8500 1.49486387
6178.9000 1.50057086
6178.9500 1.55249123
6179.0000 1.60441159
6179.0500 1.65633195
6179.1000 1.7032756
6179.1500 1.73866714
6179.2000 1.77405869
6179.2500 1.80945023
6179.3000 1.84484177
6179.3500 1.79426926
6179.4000 1.74233095
6179.4500 1.69039264
6179.5000 1.63845432
6179.5500 1.65574393
6179.6000 1.70722642
6179.6500 1.75870892
6179.7000 1.81019141
6179.7500 1.84861007
6179.8000 1.8634124
6179.8500 1.87821473
6179.9000 1.89301706
6179.9500 1.90314153
6180.0000 1.81325542
6180.0500 1.72336931
6180.1000 1.6334832
6180.1500 1.54359708
6180.2000 1.46401816
6180.2500 1.38815606
6180.3000 1.31229397
6180.3500 1.23643188
6180.4000 1.234787
6180.4500 1.33273421
6180.5000 1.43068143
6180.5500 1.52862864
6180.6000 1.6174124
6180.6500 1.63950075
6180.7000 1.66158909
6180.7500 1.68367743
6180.8000 1.70576577
6180.8500 1.69352616
6180.9000 1.67356363
6180.9500 1.6536011
6181.0000 1.63363857
6181.0500 1.60794985
6181.1000 1.5768392
6181.1500 1.54572855
6181.2000 1.51461791
6181.2500 1.48963261
6181.3000 1.48731935
6181.3500 1.48500608
6181.4000 1.48269281
6181.4500 1.48037955
6181.5000 1.52691407
6181.5500 1.57807285
6181.6000 1.62923163
6181.6500 1.6803904
6181.7000 1.69591021
6181.7500 1.6892221
6181.8000 1.68253399
6181.8500 1.67584587
6181.9000 1.6582813
6181.9500 1.61764873
6182.0000 1.57701616
6182.0500 1.53638359
6182.1000 1.50102443
6182.1500 1.65935537
6182.2000 1.81768631
6182.2500 1.97601725
6182.3000 2.13434819
6182.3500 2.12927012
6182.4000 2.06507808
6182.4500 2.00088604
6182.5000 1.936694
6182.5500 1.87030069
6182.6000 1.80115025
6182.6500 1.73199981
6182.7000 1.66284937
6182.7500 0
6182.8000 0
6182.8500 0
6182.9000 0
6182.9500 0
