4510.0500 1.59859663
4510.1000 1.33205214
4510.1500 1.43810465
4510.2000 1.64772594
4510.2500 1.85734723
4510.3000 2.06696852
4510.3500 2.0840747
4510.4000 1.92627811
4510.4500 1.76848151
4510.5000 1.61068492
4510.5500 1.51897504
4510.6000 1.60916717
4510.6500 1.69935931
4510.7000 1.78955144
4510.7500 1.88021126
4510.8000 2.01687519
4510.8500 2.15353912
4510.9000 2.29020305
4510.9500 2.42686698
4511.0000 2.28232172
4511.0500 2.04636892
4511.1000 1.81041613
4511.1500 1.57446333
4511.2000 1.53589895
4511.2500 1.6944374
4511.3000 1.85297585
4511.3500 2.0115143
4511.4000 2.13079357
4511.4500 2.13044429
4511.5000 2.13009501
4511.5500 2.12974573
4511.6000 2.12939646
4511.6500 2.06456066
4511.7000 1.999392
4511.7500 1.93422334
4511.8000 1.86905468
4511.8500 1.8512271
4511.9000 1.8497151
4511.9500 1.8482031
4512.0000 1.8466911
4512.0500 1.85750621
4512.1000 1.88096932
4512.1500 1.90443243
4512.2000 1.92789554
4512.2500 1.94151612
4512.3000 1.92472517
4512.3500 1.90793421
4512.4000 1.89114325
4512.4500 1.87435229
4512.5000 1.89826108
4512.5500 1.9223129
4512.6000 1.94636472
4512.6500 1.97041654
4512.7000 2.00523601
4512.7500 2.04365352
4512.8000 2.08207104
4512.8500 2.12048855
4512.9000 2.10605995
4512.9500 2.0395479
4513.0000 1.97303585
4513.0500 1.90652379
4513.1000 1.83885965
4513.1500 1.76789568
4513.2000 1.6969317
4513.2500 1.62596772
4513.3000 1.55746642
4513.3500 1.6508148
4513.4000 1.74416317
4513.4500 1.83751155
4513.5000 1.93085992
4513.5500 1.95111903
4513.6000 1.94982249
4513.6500 1.94852595
4513.7000 1.94722941
4513.7500 1.93301152
4513.8000 1.9073609
4513.8500 1.88171028
4513.9000 1.85605965
4513.9500 1.84764643
4514.0000 1.8814489
4514.0500 1.91525138
4514.1000 1.94905386
4514.1500 1.98077882
4514.2000 1.97332781
4514.2500 1.96587681
4514.3000 1.9584258
4514.3500 1.9509748
4514.4000 1.84022524
4514.4500 1.70553475
4514.5000 1.57084425
4514.5500 1.43615375
4514.6000 1.45522138
4514.6500 1.58822298
4514.7000 1.72122457
4514.7500 1.85422616
4514.8000 1.93833856
4514.8500 1.92669007
4514.9000 1.91504159
4514.9500 1.9033931
4515.0000 1.89437498
4515.0500 1.90835391
4515.1000 1.92233285
4515.1500 1.93631178
4515.2000 1.95029071
4515.2500 2.06421703
4515.3000 2.19329592
4515.3500 2.32237481
4515.4000 2.4514537
4515.4500 2.39397036
4515.5000 2.22930877
4515.5500 2.06464717
4515.6000 1.89998558
4515.6500 1.82207965
4515.7000 1.8727151
4515.7500 1.92335055
4515.8000 1.973986
4515.8500 2.0140767
4515.9000 2.00335175
4515.9500 1.99262679
4516.0000 1.98190184
4516.0500 1.97117689
4516.1000 1.95357866
4516.1500 1.9355557
4516.2000 1.91753273
4516.2500 1.89950977
4516.3000 1.84911314
4516.3500 1.78567334
4516.4000 1.72223354
4516.4500 1.65879374
4516.5000 1.67004262
4516.5500 1.76063688
4516.6000 1.85123114
4516.6500 1.9418254
4516.7000 2.00231839
4516.7500 1.97624879
4516.8000 1.95017919
4516.8500 1.9241096
4516.9000 1.90064358
4516.9500 1.95540195
4517.0000 2.01016032
4517.0500 2.06491869
4517.1000 2.11967706
4517.1500 2.16662828
4517.2000 2.21171796
4517.2500 2.25680763
4517.3000 2.30189731
4517.3500 2.24038446
4517.4000 2.10286858
4517.4500 1.96535269
4517.5000 1.82783681
4517.5500 1.73725192
4517.6000 1.72967885
4517.6500 1.72210577
4517.7000 1.71453269
4517.7500 1.71581831
4517.8000 1.77169824
4517.8500 1.82757817
4517.9000 1.88345811
4517.9500 1.93933804
4518.0000 1.9550625
4518.0500 1.96725326
4518.1000 1.97944402
4518.1500 1.99163479
4518.2000 1.99960689
4518.2500 2.00576832
4518.3000 2.01192975
4518.3500 2.01809117
4518.4000 1.99822116
4518.4500 1.95029947
4518.5000 1.90237777
4518.5500 1.85445607
4518.6000 1.82043756
4518.6500 1.82517507
4518.7000 1.82991259
4518.7500 1.8346501
4518.8000 1.83867381
4518.8500 1.82847382
4518.9000 1.81827383
4518.9500 1.80807383
4519.0000 1.79787384
4519.0500 1.82535507
4519.1000 1.86041153
4519.1500 1.89546799
4519.2000 1.93052445
4519.2500 1.95428049
4519.3000 1.97106658
4519.3500 1.98785267
4519.4000 2.00463876
4519.4500 2.00305189
4519.5000 1.97452538
4519.5500 1.94599887
4519.6000 1.91747236
4519.6500 1.88782183
4519.7000 1.85348643
4519.7500 1.81915103
4519.8000 1.78481563
4519.8500 1.75048022
4519.9000 1.74085678
4519.9500 1.73167112
4520.0000 1.72248545
4520.0500 1.71329979
4520.1000 1.70860198
4520.1500 1.70522392
4520.2000 1.70184586
4520.2500 1.6984678
4520.3000 1.73467366
4520.3500 1.80148187
4520.4000 1.86829008
4520.4500 1.93509829
4520.5000 1.93394803
4520.5500 1.81001214
4520.6000 1.68607625
4520.6500 1.56214036
4520.7000 1.47615677
4520.7500 1.60583429
4520.8000 1.73551181
4520.8500 1.86518934
4520.9000 1.99486686
4520.9500 1.88631176
4521.0000 1.76364572
4521.0500 1.64097969
4521.1000 1.51831365
4521.1500 1.53791614
4521.2000 1.60761307
4521.2500 1.67731
4521.3000 1.74700693
4521.3500 1.74351512
4521.4000 1.67670579
4521.4500 1.60989645
4521.5000 1.54308712
4521.5500 1.5390705
4521.6000 1.66037628
4521.6500 1.78168206
4521.7000 1.90298784
4521.7500 1.99648973
4521.8000 1.90797472
4521.8500 1.81945971
4521.9000 1.73094469
4521.9500 1.64242968
4522.0000 1.63143323
4522.0500 1.6260662
4522.1000 1.62069917
4522.1500 1.61533215
4522.2000 1.67227182
4522.2500 1.75188959
4522.3000 1.83150736
4522.3500 1.91112513
4522.4000 1.91821679
4522.4500 1.86229141
4522.5000 1.80636603
4522.5500 1.75044064
4522.6000 1.70297028
4522.6500 1.67205413
4522.7000 1.64113798
4522.7500 1.61022183
4522.8000 1.59146882
4522.8500 1.64612044
4522.9000 1.70077206
4522.9500 1.75542368
4523.0000 1.8100753
4523.0500 1.76946342
4523.1000 1.72355074
4523.1500 1.67763806
4523.2000 1.63172539
4523.2500 1.663864
4523.3000 1.72153553
4523.3500 1.77920706
4523.4000 1.8368786
4523.4500 1.83077547
4523.5000 1.77472518
4523.5500 1.71867488
4523.6000 1.66262459
4523.6500 1.63805359
4523.7000 1.66727637
4523.7500 1.69649916
4523.8000 1.72572194
4523.8500 1.74266947
4523.9000 1.70316041
4523.9500 1.66365135
4524.0000 1.62414229
4524.0500 1.58463322
4524.1000 1.64908778
4524.1500 1.71468713
4524.2000 1.78028648
4524.2500 1.84588583
4524.3000 1.79592031
4524.3500 1.71718907
4524.4000 1.63845783
4524.4500 1.55972659
4524.5000 1.56640923
4524.5500 1.6269341
4524.6000 1.68745897
4524.6500 1.74798384
4524.7000 1.77279284
4524.7500 1.7496929
4524.8000 1.72659296
4524.8500 1.70349302
4524.9000 1.67686086
4524.9500 1.6391596
4525.0000 1.60145835
4525.0500 1.5637571
4525.1000 1.53411822
4525.1500 1.63589977
4525.2000 1.73768133
4525.2500 1.83946289
4525.3000 1.94124444
4525.3500 1.94431279
4525.4000 1.93324956
4525.4500 1.92218634
4525.5000 1.91112311
4525.5500 1.90848562
4525.6000 1.90958399
4525.6500 1.91068236
4525.7000 1.91178073
4525.7500 1.89449518
4525.8000 1.85968309
4525.8500 1.82487099
4525.9000 1.7900589
4525.9500 1.78167898
4526.0000 1.82644856
4526.0500 1.87121815
4526.1000 1.91598773
4526.1500 1.94048428
4526.2000 1.85311165
4526.2500 1.76573902
4526.3000 1.67836639
4526.3500 1.59099376
4526.4000 1.61788013
4526.4500 1.64760293
4526.5000 1.67732573
4526.5500 1.70704853
4526.6000 1.72875841
4526.6500 1.74845521
4526.7000 1.76815202
4526.7500 1.78784882
4526.8000 1.78183107
4526.8500 1.76030091
4526.9000 1.73877075
4526.9500 1.71724059
4527.0000 1.71744025
4527.0500 1.74427073
4527.1000 1.77110121
4527.1500 1.7979317
4527.2000 1.81286651
4527.2500 1.79659774
4527.3000 1.78032897
4527.3500 1.7640602
4527.4000 1.74484122
4527.4500 1.70014082
4527.5000 1.65544041
4527.5500 1.61074001
4527.6000 1.56603961
4527.6500 1.5689158
4527.7000 1.57523016
4527.7500 1.58154451
4527.8000 1.58785887
4527.8500 1.55816518
4527.9000 1.51725745
4527.9500 1.47634973
4528.0000 1.435442
4528.0500 1.46488927
4528.1000 1.54251831
4528.1500 1.62014735
4528.2000 1.6977764
4528.2500 1.72694671
4528.3000 1.69071981
4528.3500 1.65449291
4528.4000 1.61826601
4528.4500 1.59966794
4528.5000 1.63156318
4528.5500 1.66345842
4528.6000 1.69535365
4528.6500 1.72020907
4528.7000 1.6764351
4528.7500 1.63266112
4528.8000 1.58888714
4528.8500 1.54511317
4528.9000 1.55700913
4528.9500 1.57320046
4529.0000 1.5893918
4529.0500 1.60558313
4529.1000 1.60361351
4529.1500 1.59605846
4529.2000 1.58850341
4529.2500 1.58094836
4529.3000 1.57293596
4529.3500 1.56462155
4529.4000 1.55630715
4529.4500 1.54799274
4529.5000 1.54371382
4529.5500 1.5445527
4529.6000 1.54539157
4529.6500 1.54623044
4529.7000 1.54600574
4529.7500 1.5430536
4529.8000 1.54010145
4529.8500 1.53714931
4529.9000 1.54221078
4529.9500 1.60531756
4530.0000 1.66842434
4530.0500 1.73153112
4530.1000 1.7946379
4530.1500 1.75687777
4530.2000 1.71525896
4530.2500 1.67364014
4530.3000 1.63202133
4530.3500 1.61742379
4530.4000 1.6093266
4530.4500 1.60122942
4530.5000 1.59313224
4530.5500 1.61480874
4530.6000 1.65251006
4530.6500 1.69021138
4530.7000 1.7279127
4530.7500 1.73535783
4530.8000 1.71196094
4530.8500 1.68856406
4530.9000 1.66516717
4530.9500 1.65660911
4531.0000 1.67667719
4531.0500 1.69674526
4531.1000 1.71681334
4531.1500 1.72075951
4531.2000 1.65538026
4531.2500 1.59000101
4531.3000 1.52462177
4531.3500 1.46319054
4531.4000 1.50438793
4531.4500 1.54558533
4531.5000 1.58678272
4531.5500 1.62798011
4531.6000 1.61591391
4531.6500 1.59702828
4531.7000 1.57814265
4531.7500 1.55925702
4531.8000 1.55297743
4531.8500 1.55119529
4531.9000 1.54941315
4531.9500 1.54763102
4532.0000 1.54794034
4532.0500 1.549711
4532.1000 1.55148166
4532.1500 1.55325233
4532.2000 1.55003244
4532.2500 1.54049701
4532.3000 1.53096157
4532.3500 1.52142613
4532.4000 1.51770538
4532.4500 1.52786627
4532.5000 1.53802716
4532.5500 1.54818805
4532.6000 1.56065512
4532.6500 1.58617814
4532.7000 1.61170116
4532.7500 1.63722418
4532.8000 1.66257377
4532.8500 1.65974543
4532.9000 1.65691708
4532.9500 1.65408874
4533.0000 1.65126039
4533.0500 1.64007849
4533.1000 1.62757276
4533.1500 1.61506704
4533.2000 1.60256131
4533.2500 1.60193507
4533.3000 1.60589701
4533.3500 1.60985896
4533.4000 1.6138209
4533.4500 1.6149222
4533.5000 1.61395755
4533.5500 1.61299289
4533.6000 1.61202823
4533.6500 1.6060144
4533.7000 1.59360078
4533.7500 1.58118715
4533.8000 1.56877353
4533.8500 1.55940072
4533.9000 1.55704035
4533.9500 1.55467998
4534.0000 1.55231961
4534.0500 1.54847644
4534.1000 1.53713053
4534.1500 1.52578462
4534.2000 1.51443871
4534.2500 1.50385283
4534.3000 1.51902331
4534.3500 1.53419379
4534.4000 1.54936427
4534.4500 1.56453476
4534.5000 1.58582677
4534.5500 1.60784921
4534.6000 1.62987165
4534.6500 1.65189409
4534.7000 1.62830716
4534.7500 1.59025641
4534.8000 1.55220566
4534.8500 1.51415491
4534.9000 1.49602256
4534.9500 1.48978242
4535.0000 1.48354229
4535.0500 1.47730215
4535.1000 1.48048194
4535.1500 1.49330368
4535.2000 1.50612542
4535.2500 1.51894716
4535.3000 1.51982288
4535.3500 1.49976195
4535.4000 1.47970103
4535.4500 1.45964011
4535.5000 1.4509446
4535.5500 1.47955685
4535.6000 1.5081691
4535.6500 1.53678135
4535.7000 1.55294743
4535.7500 1.46281356
4535.8000 1.37267968
4535.8500 1.28254581
4535.9000 1.19241194
4535.9500 1.27818601
4536.0000 1.36806097
4536.0500 1.45793593
4536.1000 1.54781089
4536.1500 1.52264887
4536.2000 1.47730085
4536.2500 1.43195283
4536.3000 1.38660481
4536.3500 1.40262374
4536.4000 1.4418824
4536.4500 1.48114106
4536.5000 1.52039972
4536.5500 1.52277163
4536.6000 1.50065649
4536.6500 1.47854136
4536.7000 1.45642622
4536.7500 1.45086828
4536.8000 1.46340511
4536.8500 1.47594195
4536.9000 1.48847878
4536.9500 1.50118122
4537.0000 1.51418362
4537.0500 1.52718601
4537.1000 1.54018841
4537.1500 1.54255718
4537.2000 1.5102526
4537.2500 1.47794803
4537.3000 1.44564346
4537.3500 1.41913967
4537.4000 1.43736703
4537.4500 1.4555944
4537.5000 1.47382176
4537.5500 1.49204913
4537.6000 1.54459829
4537.6500 1.59728573
4537.7000 1.64997317
4537.7500 1.70266062
4537.8000 1.69888291
4537.8500 1.68727975
4537.9000 1.67567658
4537.9500 1.66407342
4538.0000 1.66157581
4538.0500 1.66192731
4538.1000 1.66227881
4538.1500 1.66263031
4538.2000 1.60036706
4538.2500 1.50381684
4538.3000 1.40726662
4538.3500 1.3107164
4538.4000 1.32100103
4538.4500 1.42535761
4538.5000 1.52971419
4538.5500 1.63407076
4538.6000 1.68767323
4538.6500 1.67074214
4538.7000 1.65381105
4538.7500 1.63687996
4538.8000 1.62011982
4538.8500 1.60374691
4538.9000 1.58737399
4538.9500 1.57100108
4539.0000 1.56793821
4539.0500 1.61976528
4539.1000 1.67159235
4539.1500 1.72341942
4539.2000 1.77002681
4539.2500 1.76056619
4539.3000 1.75110557
4539.3500 1.74164495
4539.4000 1.73218433
4539.4500 1.74384866
4539.5000 1.75602636
4539.5500 1.76820406
4539.6000 1.78038176
4539.6500 1.79653734
4539.7000 1.81329528
4539.7500 1.83005323
4539.8000 1.84681117
4539.8500 1.84119293
4539.9000 1.8285782
4539.9500 1.81596346
4540.0000 1.80334873
4540.0500 1.79501198
4540.1000 1.78891635
4540.1500 1.78282072
4540.2000 1.77672509
4540.2500 1.76929927
4540.3000 1.76079278
4540.3500 1.75228628
4540.4000 1.74377978
4540.4500 1.76012903
4540.5000 1.80705735
4540.5500 1.85398567
4540.6000 1.90091398
4540.6500 1.9135802
4540.7000 1.86151762
4540.7500 1.80945505
4540.8000 1.75739247
4540.8500 1.71488524
4540.9000 1.70183114
4540.9500 1.68877704
4541.0000 1.67572295
4541.0500 1.66319514
4541.1000 1.653773
4541.1500 1.64435086
4541.2000 1.63492873
4541.2500 1.62645818
4541.3000 1.63774164
4541.3500 1.64902509
4541.4000 1.66030854
4541.4500 1.67159199
4541.5000 1.69158186
4541.5500 1.71204814
4541.6000 1.73251441
4541.6500 1.75298069
4541.7000 1.73351707
4541.7500 1.70708369
4541.8000 1.68065031
4541.8500 1.65421693
4541.9000 1.63831743
4541.9500 1.62582205
4542.0000 1.61332667
4542.0500 1.60083129
4542.1000 1.60534299
4542.1500 1.61856707
4542.2000 1.63179116
4542.2500 1.64501525
4542.3000 1.63895406
4542.3500 1.61821608
4542.4000 1.59747809
4542.4500 1.5767401
4542.5000 1.55936805
4542.5500 1.54570802
4542.6000 1.53204799
4542.6500 1.51838796
4542.7000 1.51960225
4542.7500 1.54464077
4542.8000 1.56967929
4542.8500 1.59471782
4542.9000 1.6152325
4542.9500 1.62489877
4543.0000 1.63456504
4543.0500 1.64423131
4543.1000 1.65094723
4543.1500 1.64624388
4543.2000 1.64154054
4543.2500 1.6368372
4543.3000 1.63332951
4543.3500 1.63880515
4543.4000 1.6442808
4543.4500 1.64975644
4543.5000 1.65452019
4543.5500 1.63681995
4543.6000 1.61911971
4543.6500 1.60141948
4543.7000 1.58371924
4543.7500 1.59783086
4543.8000 1.613791
4543.8500 1.62975115
4543.9000 1.6457113
4543.9500 1.67533437
4544.0000 1.70717129
4544.0500 1.73900821
4544.1000 1.77084514
4544.1500 1.74452868
4544.2000 1.7015366
4544.2500 1.65854452
4544.3000 1.61555244
4544.3500 1.6077298
4544.4000 1.61535198
4544.4500 1.62297415
4544.5000 1.63059632
4544.5500 1.6272518
4544.6000 1.61700323
4544.6500 1.60675466
4544.7000 1.59650609
4544.7500 1.5999279
4544.8000 1.61529867
4544.8500 1.63066944
4544.9000 1.64604021
4544.9500 1.65001896
4545.0000 1.64033242
4545.0500 1.63064587
4545.1000 1.62095933
4545.1500 1.62603887
4545.2000 1.65554099
4545.2500 1.68504312
4545.3000 1.71454524
4545.3500 1.73544369
4545.4000 1.73627314
4545.4500 1.73710259
4545.5000 1.73793205
4545.5500 1.73432878
4545.6000 1.71540906
4545.6500 1.69648935
4545.7000 1.67756963
4545.7500 1.66011046
4545.8000 1.65093077
4545.8500 1.64175109
4545.9000 1.63257141
4545.9500 1.62313484
4546.0000 1.61060014
4546.0500 1.59806545
4546.1000 1.58553075
4546.1500 1.57316429
4546.2000 1.5997476
4546.2500 1.6263309
4546.3000 1.6529142
4546.3500 1.67949751
4546.4000 1.67055437
4546.4500 1.65906612
4546.5000 1.64757788
4546.5500 1.63608963
4546.6000 1.63210739
4546.6500 1.62931555
4546.7000 1.62652371
4546.7500 1.62373188
4546.8000 1.60900114
4546.8500 1.59117664
4546.9000 1.57335215
4546.9500 1.55552765
4547.0000 1.55689605
4547.0500 1.56549356
4547.1000 1.57409107
4547.1500 1.58268858
4547.2000 1.57563529
4547.2500 1.56050927
4547.3000 1.54538324
4547.3500 1.53025722
4547.4000 1.52818643
4547.4500 1.53503326
4547.5000 1.54188009
4547.5500 1.54872693
4547.6000 1.5451249
4547.6500 1.53224603
4547.7000 1.51936715
4547.7500 1.50648828
4547.8000 1.50129063
4547.8500 1.50488158
4547.9000 1.50847252
4547.9500 1.51206346
4548.0000 1.52006485
4548.0500 1.53456798
4548.1000 1.54907111
4548.1500 1.56357423
4548.2000 1.57275198
4548.2500 1.57173325
4548.3000 1.57071452
4548.3500 1.5696958
4548.4000 1.56886766
4548.4500 1.5685221
4548.5000 1.56817653
4548.5500 1.56783097
4548.6000 1.56618583
4548.6500 1.5600458
4548.7000 1.55390577
4548.7500 1.54776573
4548.8000 1.54645796
4548.8500 1.56933121
4548.9000 1.59220447
4548.9500 1.61507772
4549.0000 1.63432224
4549.0500 1.62419197
4549.1000 1.6140617
4549.1500 1.60393144
4549.2000 1.59581862
4549.2500 1.622727
4549.3000 1.64963538
4549.3500 1.67654375
4549.4000 1.70344475
4549.4500 1.66300171
4549.5000 1.62255866
4549.5500 1.58211562
4549.6000 1.54167257
4549.6500 1.54282293
4549.7000 1.54630701
4549.7500 1.54979109
4549.8000 1.55327518
4549.8500 1.5288572
4549.9000 1.50115741
4549.9500 1.47345762
4550.0000 1.44575783
4550.0500 1.44756987
4550.1000 1.45484629
4550.1500 1.46212271
4550.2000 1.46939913
4550.2500 1.46701363
4550.3000 1.46211989
4550.3500 1.45722615
4550.4000 1.45233241
4550.4500 1.44690196
4550.5000 1.44128796
4550.5500 1.43567395
4550.6000 1.43005995
4550.6500 1.44312436
4550.7000 1.46428784
4550.7500 1.48545132
4550.8000 1.5066148
4550.8500 1.51166391
4550.9000 1.50807597
4550.9500 1.50448803
4551.0000 1.50090009
4551.0500 1.49537854
4551.1000 1.48859815
4551.1500 1.48181776
4551.2000 1.47503737
4551.2500 1.46134465
4551.3000 1.44225244
4551.3500 1.42316022
4551.4000 1.40406801
4551.4500 1.41227712
4551.5000 1.44585748
4551.5500 1.47943785
4551.6000 1.51301822
4551.6500 1.52461558
4551.7000 1.51204529
4551.7500 1.499475
4551.8000 1.48690471
4551.8500 1.48806244
4551.9000 1.50701691
4551.9500 1.52597138
4552.0000 1.54492585
4552.0500 1.55187092
4552.1000 1.5404781
4552.1500 1.52908527
4552.2000 1.51769244
4552.2500 1.51025419
4552.3000 1.50993478
4552.3500 1.50961536
4552.4000 1.50929594
4552.4500 1.50838871
4552.5000 1.50623034
4552.5500 1.50407197
4552.6000 1.50191359
4552.6500 1.50398007
4552.7000 1.51673519
4552.7500 1.5294903
4552.8000 1.54224541
4552.8500 1.55161372
4552.9000 1.55071606
4552.9500 1.54981841
4553.0000 1.54892075
4553.0500 1.54839996
4553.1000 1.54926359
4553.1500 1.55012722
4553.2000 1.55099085
4553.2500 1.55161244
4553.3000 1.55113892
4553.3500 1.55066539
4553.4000 1.55019186
4553.4500 1.55239552
4553.5000 1.56986888
4553.5500 1.58734224
4553.6000 1.6048156
4553.6500 1.62023087
4553.7000 1.62033161
4553.7500 1.62043236
4553.8000 1.6205331
4553.8500 1.61419839
4553.9000 1.54190409
4553.9500 1.46960978
4554.0000 1.39731548
4554.0500 1.33189806
4554.1000 1.37336462
4554.1500 1.41483117
4554.2000 1.45629772
4554.2500 1.49748083
4554.3000 1.53039412
4554.3500 1.5633074
4554.4000 1.59622069
4554.4500 1.62878563
4554.5000 1.6116382
4554.5500 1.59449077
4554.6000 1.57734334
4554.6500 1.56019592
4554.7000 1.55631028
4554.7500 1.55266896
4554.8000 1.54902764
4554.8500 1.54538632
4554.9000 1.54880706
4554.9500 1.55253744
4555.0000 1.55626782
4555.0500 1.55999821
4555.1000 1.54700384
4555.1500 1.53285085
4555.2000 1.51869787
4555.2500 1.50454488
4555.3000 1.50644233
4555.3500 1.50985837
4555.4000 1.51327442
4555.4500 1.51669047
4555.5000 1.53558955
4555.5500 1.55634289
4555.6000 1.57709623
4555.6500 1.59784957
4555.7000 1.5851188
4555.7500 1.56754619
4555.8000 1.54997359
4555.8500 1.53240099
4555.9000 1.52338054
4555.9500 1.51580555
4556.0000 1.50823056
4556.0500 1.50065556
4556.1000 1.50191123
4556.1500 1.50487014
4556.2000 1.50782906
4556.2500 1.51078797
4556.3000 1.51172102
4556.3500 1.51221638
4556.4000 1.51271174
4556.4500 1.51320709
4556.5000 1.49595677
4556.5500 1.47447579
4556.6000 1.45299481
4556.6500 1.43151383
4556.7000 1.43052408
4556.7500 1.43485768
4556.8000 1.43919129
4556.8500 1.44352489
4556.9000 1.46046317
4556.9500 1.48093144
4557.0000 1.50139972
4557.0500 1.52186799
4557.1000 1.51967093
4557.1500 1.51069546
4557.2000 1.50171999
4557.2500 1.49274452
4557.3000 1.50286053
4557.3500 1.5190223
4557.4000 1.53518407
4557.4500 1.55134584
4557.5000 1.56026044
4557.5500 1.56676359
4557.6000 1.57326674
4557.6500 1.57976989
4557.7000 1.56778247
4557.7500 1.54937622
4557.8000 1.53096998
4557.8500 1.51256373
4557.9000 1.53017948
4557.9500 1.56075399
4558.0000 1.5913285
4558.0500 1.621903
4558.1000 1.62232548
4558.1500 1.61157824
4558.2000 1.60083101
4558.2500 1.59008378
4558.3000 1.59903258
4558.3500 1.61544907
4558.4000 1.63186555
4558.4500 1.64828203
4558.5000 1.63914514
4558.5500 1.62015061
4558.6000 1.60115608
4558.6500 1.58216155
4558.7000 1.57347685
4558.7500 1.56881549
4558.8000 1.56415412
4558.8500 1.55949276
4558.9000 1.56809852
4558.9500 1.5819121
4559.0000 1.59572567
4559.0500 1.60953925
4559.1000 1.60204102
4559.1500 1.58617536
4559.2000 1.5703097
4559.2500 1.55444405
4559.3000 1.55938541
4559.3500 1.57245177
4559.4000 1.58551814
4559.4500 1.5985845
4559.5000 1.618605
4559.5500 1.64131103
4559.6000 1.66401706
4559.6500 1.68672309
4559.7000 1.69267416
4559.7500 1.69226319
4559.8000 1.69185221
4559.8500 1.69144124
4559.9000 1.69555744
4559.9500 1.70135391
4560.0000 1.70715038
4560.0500 1.71294686
4560.1000 1.71229492
4560.1500 1.70931778
4560.2000 1.70634065
4560.2500 1.70336351
4560.3000 1.68976403
4560.3500 1.67246696
4560.4000 1.65516988
4560.4500 1.6378728
4560.5000 1.65110975
4560.5500 1.67453891
4560.6000 1.69796806
4560.6500 1.72139721
4560.7000 1.70557908
4560.7500 1.67728772
4560.8000 1.64899636
4560.8500 1.62070501
4560.9000 1.62719384
4560.9500 1.64412596
4561.0000 1.66105808
4561.0500 1.6779902
4561.1000 1.67383756
4561.1500 1.66375378
4561.2000 1.65367
4561.2500 1.64358623
4561.3000 1.65002431
4561.3500 1.66077552
4561.4000 1.67152672
4561.4500 1.68227793
4561.5000 1.67481149
4561.5500 1.66297867
4561.6000 1.65114585
4561.6500 1.63931303
4561.7000 1.65281876
4561.7500 1.67183093
4561.8000 1.6908431
4561.8500 1.70985527
4561.9000 1.70526878
4561.9500 1.69610163
4562.0000 1.68693448
4562.0500 1.67776734
4562.1000 1.66666508
4562.1500 1.65523348
4562.2000 1.64380188
4562.2500 1.63237028
4562.3000 1.65594026
4562.3500 1.68461053
4562.4000 1.7132808
4562.4500 1.74195107
4562.5000 1.75413737
4562.5500 1.76433247
4562.6000 1.77452757
4562.6500 1.78472266
4562.7000 1.76731454
4562.7500 1.74726868
4562.8000 1.72722282
4562.8500 1.70717696
4562.9000 1.71392415
4562.9500 1.72254998
4563.0000 1.73117582
4563.0500 1.73980165
4563.1000 1.74192379
4563.1500 1.74375602
4563.2000 1.74558825
4563.2500 1.74742048
4563.3000 1.7419016
4563.3500 1.73624282
4563.4000 1.73058405
4563.4500 1.72484625
4563.5000 1.70697931
4563.5500 1.68911236
4563.6000 1.67124542
4563.6500 1.65395279
4563.7000 1.65361213
4563.7500 1.65327147
4563.8000 1.65293081
4563.8500 1.65352149
4563.9000 1.66864766
4563.9500 1.68377383
4564.0000 1.6989
4564.0500 1.71277682
4564.1000 1.71383562
4564.1500 1.71489442
4564.2000 1.71595323
4564.2500 1.71723268
4564.3000 1.72015257
4564.3500 1.72307246
4564.4000 1.72599235
4564.4500 1.7258878
4564.5000 1.70857158
4564.5500 1.69125537
4564.6000 1.67393916
4564.6500 1.65714557
4564.7000 1.64270873
4564.7500 1.62827189
4564.8000 1.61383506
4564.8500 1.6040972
4564.9000 1.61154582
4564.9500 1.61899445
4565.0000 1.62644307
4565.0500 1.6335795
4565.1000 1.63977466
4565.1500 1.64596982
4565.2000 1.65216498
4565.2500 1.65394263
4565.3000 1.64461417
4565.3500 1.63528572
4565.4000 1.62595727
4565.4500 1.61672556
4565.5000 1.60769828
4565.5500 1.598671
4565.6000 1.58964372
4565.6500 1.59028146
4565.7000 1.60817342
4565.7500 1.62606538
4565.8000 1.64395734
4565.8500 1.65045178
4565.9000 1.63970703
4565.9500 1.62896227
4566.0000 1.61821751
4566.0500 1.60876934
4566.1000 1.60098398
4566.1500 1.59319862
4566.2000 1.58541326
4566.2500 1.58185397
4566.3000 1.582884
4566.3500 1.58391404
4566.4000 1.58494407
4566.4500 1.58954854
4566.5000 1.59742843
4566.5500 1.60530833
4566.6000 1.61318823
4566.6500 1.60526625
4566.7000 1.58519849
4566.7500 1.56513073
4566.8000 1.54506298
4566.8500 1.54170502
4566.9000 1.54902366
4566.9500 1.5563423
4567.0000 1.56366094
4567.0500 1.58197403
4567.1000 1.60605137
4567.1500 1.63012871
4567.2000 1.65420605
4567.2500 1.64770351
4567.3000 1.62828772
4567.3500 1.60887192
4567.4000 1.58945612
4567.4500 1.590357
4567.5000 1.59798305
4567.5500 1.60560911
4567.6000 1.61323516
4567.6500 1.61923624
4567.7000 1.62483278
4567.7500 1.63042932
4567.8000 1.63602586
4567.8500 1.64895905
4567.9000 1.66317484
4567.9500 1.67739063
4568.0000 1.69160642
4568.0500 1.67060938
4568.1000 1.64582436
4568.1500 1.62103934
4568.2000 1.59625432
4568.2500 1.61141154
4568.3000 1.62841964
4568.3500 1.64542775
4568.4000 1.66230774
4568.4500 1.6661235
4568.5000 1.66993925
4568.5500 1.67375501
4568.6000 1.67854516
4568.6500 1.69738227
4568.7000 1.71621938
4568.7500 1.73505649
4568.8000 1.75027203
4568.8500 1.73922411
4568.9000 1.72817619
4568.9500 1.71712827
4569.0000 1.70447737
4569.0500 1.68445716
4569.1000 1.66443695
4569.1500 1.64441673
4569.2000 1.6317182
4569.2500 1.64255273
4569.3000 1.65338727
4569.3500 1.6642218
4569.4000 1.67788344
4569.4500 1.69823389
4569.5000 1.71858435
4569.5500 1.73893481
4569.6000 1.74405618
4569.6500 1.72187308
4569.7000 1.69968998
4569.7500 1.67750688
4569.8000 1.68044899
4569.8500 1.718064
4569.9000 1.75567901
4569.9500 1.79329403
4570.0000 1.80014676
4570.0500 1.77413072
4570.1000 1.74811467
4570.1500 1.72209863
4570.2000 1.70778319
4570.2500 1.70312292
4570.3000 1.69846264
4570.3500 1.69380236
4570.4000 1.69084274
4570.4500 1.68895454
4570.5000 1.68706635
4570.5500 1.68517815
4570.6000 1.68441027
4570.6500 1.68416897
4570.7000 1.68392767
4570.7500 1.68368637
4570.8000 1.68692769
4570.8500 1.6913411
4570.9000 1.69575452
4570.9500 1.70016793
4571.0000 1.70252291
4571.0500 1.7044177
4571.1000 1.70631249
4571.1500 1.70820729
4571.2000 1.70925033
4571.2500 1.71018546
4571.3000 1.71112059
4571.3500 1.71205572
4571.4000 1.68626869
4571.4500 1.65933827
4571.5000 1.63240785
4571.5500 1.6070014
4571.6000 1.62836672
4571.6500 1.64973204
4571.7000 1.67109736
4571.7500 1.69075487
4571.8000 1.6959028
4571.8500 1.70105072
4571.9000 1.70619865
4571.9500 1.70647605
4572.0000 1.68459934
4572.0500 1.66272262
4572.1000 1.6408459
4572.1500 1.62642383
4572.2000 1.63363177
4572.2500 1.64083971
4572.3000 1.64804765
4572.3500 1.65172287
4572.4000 1.64833982
4572.4500 1.64495677
4572.5000 1.64157372
4572.5500 1.63347493
4572.6000 1.61864521
4572.6500 1.6038155
4572.7000 1.58898578
4572.7500 1.59129713
4572.8000 1.61133824
4572.8500 1.63137935
4572.9000 1.65142046
4572.9500 1.65464648
4573.0000 1.64530649
4573.0500 1.6359665
4573.1000 1.62662651
4573.1500 1.62422969
4573.2000 1.62550247
4573.2500 1.62677525
4573.3000 1.62804803
4573.3500 1.63265406
4573.4000 1.63844762
4573.4500 1.64424119
4573.5000 1.65003475
4573.5500 1.63549753
4573.6000 1.61654485
4573.6500 1.59759217
4573.7000 1.57863949
4573.7500 1.57726145
4573.8000 1.57768554
4573.8500 1.57810964
4573.9000 1.57853373
4573.9500 1.57770815
4574.0000 1.57687451
4574.0500 1.57604087
4574.1000 1.5764546
4574.1500 1.59095394
4574.2000 1.60545327
4574.2500 1.6199526
4574.3000 1.63059287
4574.3500 1.62242988
4574.4000 1.61426689
4574.4500 1.6061039
4574.5000 1.59835551
4574.5500 1.59178476
4574.6000 1.585214
4574.6500 1.57864325
4574.7000 1.58581434
4574.7500 1.61832023
4574.8000 1.65082612
4574.8500 1.68333201
4574.9000 1.69375862
4574.9500 1.67654866
4575.0000 1.65933871
4575.0500 1.64212876
4575.1000 1.65094686
4575.1500 1.68214075
4575.2000 1.71333465
4575.2500 1.74452854
4575.3000 1.72872065
4575.3500 1.68560532
4575.4000 1.64249
4575.4500 1.59937468
4575.5000 1.60978638
4575.5500 1.64014894
4575.6000 1.6705115
4575.6500 1.70087407
4575.7000 1.69518408
4575.7500 1.68187899
4575.8000 1.66857391
4575.8500 1.65526883
4575.9000 1.66888535
4575.9500 1.68471873
4576.0000 1.7005521
4576.0500 1.71581242
4576.1000 1.70715735
4576.1500 1.69850228
4576.2000 1.68984722
4576.2500 1.68323484
4576.3000 1.69104571
4576.3500 1.69885658
4576.4000 1.70666744
4576.4500 1.71580853
4576.5000 1.72950832
4576.5500 1.7432081
4576.6000 1.75690789
4576.6500 1.7578052
4576.7000 1.73257852
4576.7500 1.70735184
4576.8000 1.68212516
4576.8500 1.66523045
4576.9000 1.65924319
4576.9500 1.65325592
4577.0000 1.64726866
4577.0500 1.64623012
4577.1000 1.64943402
4577.1500 1.65263793
4577.2000 1.65584183
4577.2500 1.65219327
4577.3000 1.64477239
4577.3500 1.63735152
4577.4000 1.62993065
4577.4500 1.63805729
4577.5000 1.65129324
4577.5500 1.66452918
4577.6000 1.67776513
4577.6500 1.67055873
4577.7000 1.66006701
4577.7500 1.64957529
4577.8000 1.63908357
4577.8500 1.66726074
4577.9000 1.69656821
4577.9500 1.72587568
4578.0000 1.75084837
4578.0500 1.72782667
4578.1000 1.70480497
4578.1500 1.68178328
4578.2000 1.66286843
4578.2500 1.66088041
4578.3000 1.65889238
4578.3500 1.65690435
4578.4000 1.65736542
4578.4500 1.66330729
4578.5000 1.66924917
4578.5500 1.67519104
4578.6000 1.68301551
4578.6500 1.69340153
4578.7000 1.70378754
4578.7500 1.71417356
4578.8000 1.70308887
4578.8500 1.67368226
4578.9000 1.64427564
4578.9500 1.61486903
4579.0000 1.62153314
4579.0500 1.6470543
4579.1000 1.67257546
4579.1500 1.69809662
4579.2000 1.69253621
4579.2500 1.67795225
4579.3000 1.66336828
4579.3500 1.64878432
4579.4000 1.65438522
4579.4500 1.66236702
4579.5000 1.67034882
4579.5500 1.67836659
4579.6000 1.68872118
4579.6500 1.69907578
4579.7000 1.70943037
4579.7500 1.71547409
4579.8000 1.69436461
4579.8500 1.67325513
4579.9000 1.65214565
4579.9500 1.63860441
4580.0000 1.64659906
4580.0500 1.65459371
4580.1000 1.66258837
4580.1500 1.66933352
4580.2000 1.67407643
4580.2500 1.67881933
4580.3000 1.68356223
4580.3500 1.67960806
4580.4000 1.66728605
4580.4500 1.65496403
4580.5000 1.64264202
4580.5500 1.63191091
4580.6000 1.62208944
4580.6500 1.61226796
4580.7000 1.60244649
4580.7500 1.60906224
4580.8000 1.62075596
4580.8500 1.63244968
4580.9000 1.6441434
4580.9500 1.65814925
4581.0000 1.67243236
4581.0500 1.68671547
4581.1000 1.70038319
4581.1500 1.68796752
4581.2000 1.67555185
4581.2500 1.66313618
4581.3000 1.65109667
4581.3500 1.64111792
4581.4000 1.63113917
4581.4500 1.62116042
4581.5000 1.61332301
4581.5500 1.61080925
4581.6000 1.60829549
4581.6500 1.60578174
4581.7000 1.59912193
4581.7500 1.58674906
4581.8000 1.57437619
4581.8500 1.56200333
4581.9000 1.55792646
4581.9500 1.5604908
4582.0000 1.56305514
4582.0500 1.56561948
4582.1000 1.56522752
4582.1500 1.56351628
4582.2000 1.56180504
4582.2500 1.5600938
4582.3000 1.55852401
4582.3500 1.55698346
4582.4000 1.55544291
4582.4500 1.55390235
4582.5000 1.57507782
4582.5500 1.59702623
4582.6000 1.61897464
4582.6500 1.63767431
4582.7000 1.62917508
4582.7500 1.62067586
4582.8000 1.61217663
4582.8500 1.60590215
4582.9000 1.60639204
4582.9500 1.60688193
4583.0000 1.60737182
4583.0500 1.59548996
4583.1000 1.56421447
4583.1500 1.53293897
4583.2000 1.50166348
4583.2500 1.49441463
4583.3000 1.50824773
4583.3500 1.52208082
4583.4000 1.53591392
4583.4500 1.52168496
4583.5000 1.49406719
4583.5500 1.46644943
4583.6000 1.43883167
4583.6500 1.45187504
4583.7000 1.47369092
4583.7500 1.4955068
4583.8000 1.51732268
4583.8500 1.51333362
4583.9000 1.5085265
4583.9500 1.50371937
4584.0000 1.49881078
4584.0500 1.49313777
4584.1000 1.48746477
4584.1500 1.48179177
4584.2000 1.47738123
4584.2500 1.47644888
4584.3000 1.47551654
4584.3500 1.4745842
4584.4000 1.47247906
4584.4500 1.4687316
4584.5000 1.46498413
4584.5500 1.46123667
4584.6000 1.46269047
4584.6500 1.46809861
4584.7000 1.47350674
4584.7500 1.47891487
4584.8000 1.48016337
4584.8500 1.47980049
4584.9000 1.47943761
4584.9500 1.47907473
4585.0000 1.46897548
4585.0500 1.45748091
4585.1000 1.44598633
4585.1500 1.43551664
4585.2000 1.45851104
4585.2500 1.48150544
4585.3000 1.50449984
4585.3500 1.52164561
4585.4000 1.5131911
4585.4500 1.5047366
4585.5000 1.49628209
4585.5500 1.49397044
4585.6000 1.5034032
4585.6500 1.51283596
4585.7000 1.52226872
4585.7500 1.52092188
4585.8000 1.50888395
4585.8500 1.49684603
4585.9000 1.4848081
4585.9500 1.4857267
4586.0000 1.49326368
4586.0500 1.50080067
4586.1000 1.50833765
4586.1500 1.50230528
4586.2000 1.493353
4586.2500 1.48440073
4586.3000 1.47544846
4586.3500 1.4991857
4586.4000 1.52341597
4586.4500 1.54764625
4586.5000 1.56546643
4586.5500 1.54654732
4586.6000 1.52762822
4586.6500 1.50870911
4586.7000 1.49628894
4586.7500 1.49812229
4586.8000 1.49995564
4586.8500 1.50178898
4586.9000 1.50692174
4586.9500 1.51564367
4587.0000 1.5243656
4587.0500 1.53308754
4587.1000 1.5298937
4587.1500 1.52016922
4587.2000 1.51044475
4587.2500 1.50072028
4587.3000 1.5219231
4587.3500 1.55018531
4587.4000 1.57844752
4587.4500 1.60670973
4587.5000 1.58333007
4587.5500 1.55908677
4587.6000 1.53484346
4587.6500 1.51713356
4587.7000 1.53527695
4587.7500 1.55342034
4587.8000 1.57156372
4587.8500 1.58284388
4587.9000 1.57992932
4587.9500 1.57701477
4588.0000 1.57410021
4588.0500 1.57859472
4588.1000 1.59053091
4588.1500 1.6024671
4588.2000 1.61440329
4588.2500 1.60226937
4588.3000 1.57844435
4588.3500 1.55461933
4588.4000 1.53079432
4588.4500 1.54059171
4588.5000 1.55639453
4588.5500 1.57219734
4588.6000 1.5879574
4588.6500 1.60205203
4588.7000 1.61614666
4588.7500 1.63024128
4588.8000 1.64381135
4588.8500 1.65531937
4588.9000 1.66682739
4588.9500 1.67833541
4589.0000 1.66627435
4589.0500 1.6160463
4589.1000 1.56581824
4589.1500 1.51559018
4589.2000 1.51041692
4589.2500 1.54036581
4589.3000 1.5703147
4589.3500 1.60026359
4589.4000 1.60993717
4589.4500 1.61260909
4589.5000 1.615281
4589.5500 1.61795292
4589.6000 1.62299458
4589.6500 1.62822594
4589.7000 1.63345731
4589.7500 1.63806147
4589.8000 1.63757292
4589.8500 1.63708438
4589.9000 1.63659583
4589.9500 1.63347537
4590.0000 1.62405369
4590.0500 1.61463202
4590.1000 1.60521034
4590.1500 1.59505943
4590.2000 1.58412103
4590.2500 1.57318262
4590.3000 1.56224422
4590.3500 1.55572342
4590.4000 1.55139648
4590.4500 1.54706955
4590.5000 1.54274261
4590.5500 1.54759131
4590.6000 1.5539742
4590.6500 1.5603571
4590.7000 1.56582121
4590.7500 1.55245685
4590.8000 1.53909249
4590.8500 1.52572813
4590.9000 1.52055801
4590.9500 1.54169439
4591.0000 1.56283078
4591.0500 1.58396717
4591.1000 1.59707533
4591.1500 1.59952809
4591.2000 1.60198085
4591.2500 1.60443361
4591.3000 1.60167265
4591.3500 1.59575779
4591.4000 1.58984292
4591.4500 1.58392805
4591.5000 1.58014789
4591.5500 1.57684374
4591.6000 1.57353958
4591.6500 1.57042693
4591.7000 1.58133982
4591.7500 1.5922527
4591.8000 1.60316559
4591.8500 1.61182513
4591.9000 1.61203182
4591.9500 1.61223851
4592.0000 1.6124452
4592.0500 1.61491704
4592.1000 1.62066638
4592.1500 1.62641573
4592.2000 1.63216507
4592.2500 1.62668423
4592.3000 1.61396554
4592.3500 1.60124685
4592.4000 1.58852817
4592.4500 1.58406596
4592.5000 1.58155679
4592.5500 1.57904762
4592.6000 1.57653065
4592.6500 1.57328152
4592.7000 1.57003239
4592.7500 1.56678326
4592.8000 1.55919391
4592.8500 1.53562141
4592.9000 1.51204891
4592.9500 1.48847641
4593.0000 1.47906355
4593.0500 1.48938243
4593.1000 1.49970131
4593.1500 1.51002019
4593.2000 1.51609366
4593.2500 1.51960068
4593.3000 1.5231077
4593.3500 1.52661472
4593.4000 1.53247894
4593.4500 1.53882632
4593.5000 1.54517371
4593.5500 1.55095682
4593.6000 1.54235638
4593.6500 1.53375594
4593.7000 1.5251555
4593.7500 1.51997003
4593.8000 1.52520555
4593.8500 1.53044108
4593.9000 1.53567661
4593.9500 1.53736896
4594.0000 1.53485297
4594.0500 1.53233699
4594.1000 1.52982101
4594.1500 1.5398688
4594.2000 1.55614453
4594.2500 1.57242027
4594.3000 1.58869601
4594.3500 1.59881693
4594.4000 1.6081087
4594.4500 1.61740046
4594.5000 1.62542716
4594.5500 1.62142786
4594.6000 1.61742856
4594.6500 1.61342926
4594.7000 1.60576254
4594.7500 1.58994419
4594.8000 1.57412585
4594.8500 1.5583075
4594.9000 1.55425769
4594.9500 1.56078648
4595.0000 1.56731527
4595.0500 1.57384406
4595.1000 1.58214767
4595.1500 1.59106147
4595.2000 1.59997526
4595.2500 1.60888906
4595.3000 1.59773123
4595.3500 1.58580028
4595.4000 1.57386933
4595.4500 1.56296385
4595.5000 1.55664052
4595.5500 1.55031719
4595.6000 1.54399386
4595.6500 1.5483019
4595.7000 1.56829099
4595.7500 1.58828007
4595.8000 1.60826916
4595.8500 1.60258003
4595.9000 1.58157775
4595.9500 1.56057547
4596.0000 1.53957318
4596.0500 1.54841937
4596.1000 1.56253176
4596.1500 1.57664416
4596.2000 1.59013734
4596.2500 1.59597592
4596.3000 1.6018145
4596.3500 1.60765308
4596.4000 1.60835133
4596.4500 1.59710478
4596.5000 1.58585823
4596.5500 1.57461167
4596.6000 1.58080528
4596.6500 1.60258273
4596.7000 1.62436019
4596.7500 1.64613765
4596.8000 1.64877576
4596.8500 1.64525535
4596.9000 1.64173494
4596.9500 1.63821453
4597.0000 1.63872573
4597.0500 1.63929323
4597.1000 1.63986074
4597.1500 1.63957531
4597.2000 1.63621433
4597.2500 1.63285335
4597.3000 1.62949237
4597.3500 1.6251457
4597.4000 1.61959045
4597.4500 1.61403521
4597.5000 1.60847996
4597.5500 1.60869161
4597.6000 1.61158568
4597.6500 1.61447975
4597.7000 1.61737382
4597.7500 1.6185246
4597.8000 1.61951772
4597.8500 1.62051084
4597.9000 1.6191708
4597.9500 1.60489551
4598.0000 1.59062021
4598.0500 1.57634492
4598.1000 1.56774938
4598.1500 1.56804596
4598.2000 1.56834255
4598.2500 1.56863913
4598.3000 1.57537181
4598.3500 1.58591764
4598.4000 1.59646346
4598.4500 1.60700929
4598.5000 1.61334589
4598.5500 1.6190388
4598.6000 1.62473171
4598.6500 1.62843789
4598.7000 1.61573162
4598.7500 1.60302534
4598.8000 1.59031907
4598.8500 1.58366312
4598.9000 1.5882525
4598.9500 1.59284188
4599.0000 1.59743126
4599.0500 1.59720553
4599.1000 1.59367326
4599.1500 1.590141
4599.2000 1.58660874
4599.2500 1.59585197
4599.3000 1.60758038
4599.3500 1.61930879
4599.4000 1.62831837
4599.4500 1.60715011
4599.5000 1.58598185
4599.5500 1.56481359
4599.6000 1.55858999
4599.6500 1.58279602
4599.7000 1.60700205
4599.7500 1.63120807
4599.8000 1.63960757
4599.8500 1.63643356
4599.9000 1.63325954
4599.9500 1.63008553
4600.0000 1.61564057
4600.0500 1.59882891
4600.1000 1.58201726
4600.1500 1.5657218
4600.2000 1.55562818
4600.2500 1.54553455
4600.3000 1.53544093
4600.3500 1.53457421
4600.4000 1.55257382
4600.4500 1.57057343
4600.5000 1.58857304
4600.5500 1.5915316
4600.6000 1.58365464
4600.6500 1.57577768
4600.7000 1.56790072
4600.7500 1.5590749
4600.8000 1.550062
4600.8500 1.5410491
4600.9000 1.53323911
4600.9500 1.53750717
4601.0000 1.54177522
4601.0500 1.54604328
4601.1000 1.54708239
4601.1500 1.54204686
4601.2000 1.53701133
4601.2500 1.5319758
4601.3000 1.52753585
4601.3500 1.52348511
4601.4000 1.51943436
4601.4500 1.51538361
4601.5000 1.52091231
4601.5500 1.52795249
4601.6000 1.53499267
4601.6500 1.54207109
4601.7000 1.54941988
4601.7500 1.55676867
4601.8000 1.56411747
4601.8500 1.56610188
4601.9000 1.55952692
4601.9500 1.55295197
4602.0000 1.54637701
4602.0500 1.54912308
4602.1000 1.55693506
4602.1500 1.56474704
4602.2000 1.57255901
4602.2500 1.55908042
4602.3000 1.54354029
4602.3500 1.52800015
4602.4000 1.5177133
4602.4500 1.53188915
4602.5000 1.54606501
4602.5500 1.56024086
4602.6000 1.57123434
4602.6500 1.57822766
4602.7000 1.58522098
4602.7500 1.59221431
4602.8000 1.58228247
4602.8500 1.56545729
4602.9000 1.54863212
4602.9500 1.53180694
4603.0000 1.52458893
4603.0500 1.51757366
4603.1000 1.51055839
4603.1500 1.5044573
4603.2000 1.501109
4603.2500 1.4977607
4603.3000 1.49441239
4603.3500 1.50460823
4603.4000 1.52728128
4603.4500 1.54995433
4603.5000 1.57262738
4603.5500 1.58409837
4603.6000 1.59264396
4603.6500 1.60118954
4603.7000 1.60834862
4603.7500 1.59607018
4603.8000 1.58379174
4603.8500 1.57151329
4603.9000 1.5644086
4603.9500 1.56728175
4604.0000 1.5701549
4604.0500 1.57302806
4604.1000 1.57193834
4604.1500 1.5683947
4604.2000 1.56485107
4604.2500 1.56130743
4604.3000 1.55252436
4604.3500 1.54312609
4604.4000 1.53372782
4604.4500 1.53029358
4604.5000 1.55527155
4604.5500 1.58024953
4604.6000 1.60522751
4604.6500 1.6188085
4604.7000 1.61864394
4604.7500 1.61847939
4604.8000 1.61831483
4604.8500 1.59668798
4604.9000 1.56729632
4604.9500 1.53790465
4605.0000 1.50881183
4605.0500 1.49743118
4605.1000 1.48605052
4605.1500 1.47466987
4605.2000 1.48340834
4605.2500 1.53907174
4605.3000 1.59473513
4605.3500 1.65039852
4605.4000 1.65621623
4605.4500 1.62664645
4605.5000 1.59707668
4605.5500 1.5675069
4605.6000 1.57390904
4605.6500 1.58564947
4605.7000 1.5973899
4605.7500 1.60715992
4605.8000 1.60642686
4605.8500 1.60569381
4605.9000 1.60496075
4605.9500 1.60878336
4606.0000 1.61825581
4606.0500 1.62772827
4606.1000 1.63720072
4606.1500 1.62280203
4606.2000 1.59984313
4606.2500 1.57688423
4606.3000 1.55484147
4606.3500 1.5658852
4606.4000 1.57692892
4606.4500 1.58797264
4606.5000 1.59511747
4606.5500 1.59394164
4606.6000 1.59276581
4606.6500 1.59158997
4606.7000 1.59539641
4606.7500 1.60235582
4606.8000 1.60931524
4606.8500 1.61627465
4606.9000 1.5984592
4606.9500 1.57810421
4607.0000 1.55774922
4607.0500 1.53925887
4607.1000 1.52809579
4607.1500 1.51693271
4607.2000 1.50576963
4607.2500 1.51581243
4607.3000 1.54706766
4607.3500 1.57832289
4607.4000 1.60957812
4607.4500 1.6092825
4607.5000 1.60101148
4607.5500 1.59274046
4607.6000 1.58568905
4607.6500 1.58989303
4607.7000 1.59409701
4607.7500 1.59830099
4607.8000 1.59389006
4607.8500 1.57647783
4607.9000 1.5590656
4607.9500 1.54165338
4608.0000 1.53818008
4608.0500 1.54066492
4608.1000 1.54314977
4608.1500 1.545712
4608.2000 1.56855348
4608.2500 1.59139496
4608.3000 1.61423644
4608.3500 1.62839755
4608.4000 1.62308242
4608.4500 1.6177673
4608.5000 1.61245217
4608.5500 1.60315603
4608.6000 1.59135734
4608.6500 1.57955865
4608.7000 1.56775995
4608.7500 1.58071675
4608.8000 1.59579759
4608.8500 1.61087842
4608.9000 1.62388003
4608.9500 1.62988853
4609.0000 1.63589703
4609.0500 1.64190553
4609.1000 1.63909718
4609.1500 1.62873652
4609.2000 1.61837586
4609.2500 1.6080152
4609.3000 1.60088213
4609.3500 1.59432173
4609.4000 1.58776133
4609.4500 1.58254614
4609.5000 1.58432912
4609.5500 1.5861121
4609.6000 1.58789508
4609.6500 1.59294116
4609.7000 1.60160263
4609.7500 1.61026409
4609.8000 1.61892555
4609.8500 1.62952702
4609.9000 1.64064792
4609.9500 1.65176883
4610.0000 1.65828035
4610.0500 1.62526813
4610.1000 1.59225591
4610.1500 1.55924368
4610.2000 1.55046958
4610.2500 1.57498508
4610.3000 1.59950058
4610.3500 1.62401608
4610.4000 1.61456377
4610.4500 1.59314319
4610.5000 1.5717226
4610.5500 1.55214892
4610.6000 1.56212269
4610.6500 1.57209647
4610.7000 1.58207024
4610.7500 1.5917624
4610.8000 1.60099398
4610.8500 1.61022557
4610.9000 1.61945715
4610.9500 1.6124821
4611.0000 1.59860426
4611.0500 1.58472641
4611.1000 1.57117774
4611.1500 1.57079079
4611.2000 1.57040384
4611.2500 1.5700169
4611.3000 1.57240721
4611.3500 1.57998387
4611.4000 1.58756053
4611.4500 1.59513719
4611.5000 1.59176444
4611.5500 1.58310369
4611.6000 1.57444295
4611.6500 1.56581043
4611.7000 1.5813819
4611.7500 1.59695338
4611.8000 1.61252485
4611.8500 1.61588299
4611.9000 1.59435926
4611.9500 1.57283552
4612.0000 1.55131179
4612.0500 1.5510528
4612.1000 1.56181851
4612.1500 1.57258423
4612.2000 1.58334995
4612.2500 1.56770461
4612.3000 1.55176917
4612.3500 1.53583374
4612.4000 1.53994867
4612.4500 1.58648513
4612.5000 1.6330216
4612.5500 1.67955806
4612.6000 1.68059023
4612.6500 1.65754953
4612.7000 1.63450882
4612.7500 1.61146811
4612.8000 1.60507254
4612.8500 1.59887367
4612.9000 1.59267481
4612.9500 1.57927774
4613.0000 1.5508537
4613.0500 1.52242965
4613.1000 1.4940056
4613.1500 1.49586199
4613.2000 1.51327023
4613.2500 1.53067848
4613.3000 1.54808673
4613.3500 1.54234397
4613.4000 1.53657179
4613.4500 1.5307996
4613.5000 1.52220049
4613.5500 1.50806538
4613.6000 1.49393027
4613.6500 1.47979516
4613.7000 1.48341234
4613.7500 1.49543825
4613.8000 1.50746416
4613.8500 1.51934678
4613.9000 1.5243403
4613.9500 1.52933382
4614.0000 1.53432734
4614.0500 1.52841341
4614.1000 1.50339373
4614.1500 1.47837405
4614.2000 1.45335438
4614.2500 1.45166303
4614.3000 1.45960607
4614.3500 1.46754912
4614.4000 1.47632495
4614.4500 1.49990269
4614.5000 1.52348043
4614.5500 1.54705817
4614.6000 1.55800779
4614.6500 1.55002019
4614.7000 1.54203259
4614.7500 1.53404498
4614.8000 1.53299059
4614.8500 1.5342706
4614.9000 1.5355506
4614.9500 1.53728236
4615.0000 1.54319992
4615.0500 1.54911747
4615.1000 1.55503503
4615.1500 1.550453
4615.2000 1.53293202
4615.2500 1.51541105
4615.3000 1.49789007
4615.3500 1.50141168
4615.4000 1.51020161
4615.4500 1.51899154
4615.5000 1.52912934
4615.5500 1.54673914
4615.6000 1.56434893
4615.6500 1.58195872
4615.7000 1.57647062
4615.7500 1.54853426
4615.8000 1.5205979
4615.8500 1.49266154
4615.9000 1.50458119
4615.9500 1.52284431
4616.0000 1.54110744
4616.0500 1.55428609
4616.1000 1.54938631
4616.1500 1.54448653
4616.2000 1.53958675
4616.2500 1.53785628
4616.3000 1.53844373
4616.3500 1.53903118
4616.4000 1.53961863
4616.4500 1.53650122
4616.5000 1.5331343
4616.5500 1.52976738
4616.6000 1.52683606
4616.6500 1.52493343
4616.7000 1.52303081
4616.7500 1.52112819
4616.8000 1.52472523
4616.8500 1.53116409
4616.9000 1.53760294
4616.9500 1.54352233
4617.0000 1.52677611
4617.0500 1.5100299
4617.1000 1.49328369
4617.1500 1.49112195
4617.2000 1.51208601
4617.2500 1.53305007
4617.3000 1.55401413
4617.3500 1.55402852
4617.4000 1.54714701
4617.4500 1.54026551
4617.5000 1.53359245
4617.5500 1.52845951
4617.6000 1.52332658
4617.6500 1.51819364
4617.7000 1.51754768
4617.7500 1.5216221
4617.8000 1.52569652
4617.8500 1.52977094
4617.9000 1.52468177
4617.9500 1.51805978
4618.0000 1.5114378
4618.0500 1.50883968
4618.1000 1.5199185
4618.1500 1.53099731
4618.2000 1.54207612
4618.2500 1.53300281
4618.3000 1.51045078
4618.3500 1.48789874
4618.4000 1.46534671
4618.4500 1.50369096
4618.5000 1.54376611
4618.5500 1.58384125
4618.6000 1.60762541
4618.6500 1.60072098
4618.7000 1.59381656
4618.7500 1.58691214
4618.8000 1.58098227
4618.8500 1.57542684
4618.9000 1.56987141
4618.9500 1.56341434
4619.0000 1.54878414
4619.0500 1.53415395
4619.1000 1.51952375
4619.1500 1.51075465
4619.2000 1.50839794
4619.2500 1.50604124
4619.3000 1.50368454
4619.3500 1.48521363
4619.4000 1.46405357
4619.4500 1.4428935
4619.5000 1.43011413
4619.5500 1.44421291
4619.6000 1.45831169
4619.6500 1.47241048
4619.7000 1.48375043
4619.7500 1.49339702
4619.8000 1.50304361
4619.8500 1.51261339
4619.9000 1.49563291
4619.9500 1.47865244
4620.0000 1.46167196
4620.0500 1.45780967
4620.1000 1.47469359
4620.1500 1.49157752
4620.2000 1.50846144
4620.2500 1.50108987
4620.3000 1.48660053
4620.3500 1.47211119
4620.4000 1.4671912
4620.4500 1.51245787
4620.5000 1.55772454
4620.5500 1.60299121
4620.6000 1.58589919
4620.6500 1.51745931
4620.7000 1.44901942
4620.7500 1.38057954
4620.8000 1.39461354
4620.8500 1.4141028
4620.9000 1.43359206
4620.9500 1.44789247
4621.0000 1.45159879
4621.0500 1.45530511
4621.1000 1.45901142
4621.1500 1.468082
4621.2000 1.47923007
4621.2500 1.49037815
4621.3000 1.50131478
4621.3500 1.51061072
4621.4000 1.51990665
4621.4500 1.52920259
4621.5000 1.52431159
4621.5500 1.50572232
4621.6000 1.48713305
4621.6500 1.46854378
4621.7000 1.46089401
4621.7500 1.4543976
4621.8000 1.44790118
4621.8500 1.44525519
4621.9000 1.4515189
4621.9500 1.45778262
4622.0000 1.46404634
4622.0500 1.47518692
4622.1000 1.48841611
4622.1500 1.5016453
4622.2000 1.51450856
4622.2500 1.5240715
4622.3000 1.53363444
4622.3500 1.54319737
4622.4000 1.5480328
4622.4500 1.54815461
4622.5000 1.54827642
4622.5500 1.54839824
4622.6000 1.53392003
4622.6500 1.51787225
4622.7000 1.50182447
4622.7500 1.4950034
4622.8000 1.50906963
4622.8500 1.52313585
4622.9000 1.53720207
4622.9500 1.51780233
4623.0000 1.48480778
4623.0500 1.45181323
4623.1000 1.42669968
4623.1500 1.46099488
4623.2000 1.49529008
4623.2500 1.52958528
4623.3000 1.54127467
4623.3500 1.53246084
4623.4000 1.52364701
4623.4500 1.51483319
4623.5000 1.51492462
4623.5500 1.51565634
4623.6000 1.51638806
4623.6500 1.51626896
4623.7000 1.51451817
4623.7500 1.51276739
4623.8000 1.5110166
4623.8500 1.53995326
4623.9000 1.57891271
4623.9500 1.61787216
4624.0000 1.64567337
4624.0500 1.6174736
4624.1000 1.58927384
4624.1500 1.56107407
4624.2000 1.56492633
4624.2500 1.59201146
4624.3000 1.61909658
4624.3500 1.6461817
4624.4000 1.59688464
4624.4500 1.54717649
4624.5000 1.49746834
4624.5500 1.46949338
4624.6000 1.47268929
4624.6500 1.47588519
4624.7000 1.4790811
4624.7500 1.47406924
4624.8000 1.46735516
4624.8500 1.46064109
4624.9000 1.46632643
4624.9500 1.50982615
4625.0000 1.55332587
4625.0500 1.59682559
4625.1000 1.58790499
4625.1500 1.55280235
4625.2000 1.51769972
4625.2500 1.48426865
4625.3000 1.4681287
4625.3500 1.45198875
4625.4000 1.4358488
4625.4500 1.44999938
4625.5000 1.49317483
4625.5500 1.53635029
4625.6000 1.57952574
4625.6500 1.56470071
4625.7000 1.54580777
4625.7500 1.52691482
4625.8000 1.51525191
4625.8500 1.51646887
4625.9000 1.51768582
4625.9500 1.51890277
4626.0000 1.52560248
4626.0500 1.53379614
4626.1000 1.5419898
4626.1500 1.54347539
4626.2000 1.52024662
4626.2500 1.49701784
4626.3000 1.47378906
4626.3500 1.46469819
4626.4000 1.46347841
4626.4500 1.46225862
4626.5000 1.46119267
4626.5500 1.46209375
4626.6000 1.46299483
4626.6500 1.46389591
4626.7000 1.45972719
4626.7500 1.45056862
4626.8000 1.44141004
4626.8500 1.43225147
4626.9000 1.45275154
4626.9500 1.47525622
4627.0000 1.49776089
4627.0500 1.51023954
4627.1000 1.50569676
4627.1500 1.50115398
4627.2000 1.4966112
4627.2500 1.48267777
4627.3000 1.46648336
4627.3500 1.45028895
4627.4000 1.44171787
4627.4500 1.45696006
4627.5000 1.47220225
4627.5500 1.48744445
4627.6000 1.50641323
4627.6500 1.5271331
4627.7000 1.54785297
4627.7500 1.56247738
4627.8000 1.53215684
4627.8500 1.5018363
4627.9000 1.47151577
4627.9500 1.44344697
4628.0000 1.4171488
4628.0500 1.39085063
4628.1000 1.36464273
4628.1500 1.40004459
4628.2000 1.43544646
4628.2500 1.47084832
4628.3000 1.49400573
4628.3500 1.50185485
4628.4000 1.50970397
4628.4500 1.51755309
4628.5000 1.51197722
4628.5500 1.50471861
4628.6000 1.49746
4628.6500 1.48486609
4628.7000 1.461639
4628.7500 1.43841192
4628.8000 1.41518483
4628.8500 1.42062354
4628.9000 1.43410551
4628.9500 1.44758748
4629.0000 1.4591733
4629.0500 1.4643733
4629.1000 1.46957329
4629.1500 1.47477329
4629.2000 1.45808761
4629.2500 1.43102154
4629.3000 1.40395546
4629.3500 1.38058002
4629.4000 1.38214415
4629.4500 1.38370828
4629.5000 1.38527241
4629.5500 1.40412241
4629.6000 1.43544828
4629.6500 1.46677416
4629.7000 1.49718303
4629.7500 1.5015314
4629.8000 1.50587978
4629.8500 1.51022816
4629.9000 1.49442593
4629.9500 1.45752073
4630.0000 1.42061552
4630.0500 1.38371032
4630.1000 1.40140755
4630.1500 1.42233134
4630.2000 1.44325513
4630.2500 1.46345803
4630.3000 1.48258515
4630.3500 1.50171226
4630.4000 1.52083937
4630.4500 1.47866456
4630.5000 1.42647317
4630.5500 1.37428178
4630.6000 1.34812157
4630.6500 1.37749424
4630.7000 1.40686691
4630.7500 1.43623958
4630.8000 1.43903701
4630.8500 1.43434032
4630.9000 1.42964362
4630.9500 1.42660669
4631.0000 1.42876284
4631.0500 1.43091899
4631.1000 1.43307514
4631.1500 1.42410543
4631.2000 1.41049482
4631.2500 1.39688422
4631.3000 1.38743352
4631.3500 1.39823687
4631.4000 1.40904021
4631.4500 1.41984355
4631.5000 1.41941231
4631.5500 1.41256272
4631.6000 1.40571312
4631.6500 1.39766424
4631.7000 1.37925231
4631.7500 1.36084038
4631.8000 1.34242845
4631.8500 1.3325169
4631.9000 1.32895746
4631.9500 1.32539802
4632.0000 1.32440605
4632.0500 1.38168301
4632.1000 1.43895998
4632.1500 1.49623694
4632.2000 1.52206828
4632.2500 1.51809226
4632.3000 1.51411624
4632.3500 1.51014022
4632.4000 1.48041893
4632.4500 1.45032761
4632.5000 1.42023629
4632.5500 1.40981138
4632.6000 1.42251256
4632.6500 1.43521374
4632.7000 1.44791492
4632.7500 1.43606474
4632.8000 1.42249683
4632.8500 1.40892892
4632.9000 1.40286006
4632.9500 1.40754099
4633.0000 1.41222191
4633.0500 1.41690284
4633.1000 1.43700035
4633.1500 1.45903165
4633.2000 1.48106296
4633.2500 1.48948469
4633.3000 1.47447762
4633.3500 1.45947055
4633.4000 1.44446349
4633.4500 1.42314571
4633.5000 1.40069357
4633.5500 1.37824143
4633.6000 1.35307756
4633.6500 1.32238599
4633.7000 1.29169442
4633.7500 1.26100285
4633.8000 1.29084222
4633.8500 1.33470634
4633.9000 1.37857047
4633.9500 1.40389541
4634.0000 1.38511689
4634.0500 1.36633836
4634.1000 1.34755983
4634.1500 1.39173625
4634.2000 1.45353437
4634.2500 1.51533249
4634.3000 1.54720006
4634.3500 1.49729642
4634.4000 1.44739278
4634.4500 1.39748914
4634.5000 1.40511821
4634.5500 1.43132732
4634.6000 1.45753643
4634.6500 1.47136347
4634.7000 1.44705779
4634.7500 1.42275212
4634.8000 1.39844644
4634.8500 1.42122025
4634.9000 1.46091253
4634.9500 1.50060481
4635.0000 1.50781376
4635.0500 1.40469468
4635.1000 1.3015756
4635.1500 1.19845651
4635.2000 1.20767991
4635.2500 1.26046961
4635.3000 1.3132593
4635.3500 1.3555812
4635.4000 1.35967638
4635.4500 1.36377155
4635.5000 1.36786673
4635.5500 1.3875151
4635.6000 1.41349566
4635.6500 1.43947621
4635.7000 1.45464048
4635.7500 1.42853404
4635.8000 1.40242761
4635.8500 1.37632118
4635.9000 1.35115479
4635.9500 1.32637995
4636.0000 1.30160512
4636.0500 1.30082771
4636.1000 1.39281289
4636.1500 1.48479807
4636.2000 1.57678325
4636.2500 1.54678634
4636.3000 1.46609161
4636.3500 1.38539689
4636.4000 1.31891443
4636.4500 1.30635787
4636.5000 1.2938013
4636.5500 1.28124474
4636.6000 1.30424641
4636.6500 1.34162763
4636.7000 1.37900884
4636.7500 1.40467876
4636.8000 1.38804571
4636.8500 1.37141266
4636.9000 1.35477961
4636.9500 1.37467096
4637.0000 1.40856389
4637.0500 1.44245682
4637.1000 1.47123486
4637.1500 1.48291288
4637.2000 1.4945909
4637.2500 1.50626891
4637.3000 1.5013307
4637.3500 1.49052111
4637.4000 1.47971152
4637.4500 1.46619554
4637.5000 1.44451102
4637.5500 1.4228265
4637.6000 1.40114199
4637.6500 1.40088538
4637.7000 1.40739093
4637.7500 1.41389648
4637.8000 1.41514687
4637.8500 1.40238008
4637.9000 1.38961329
4637.9500 1.37684649
4638.0000 1.38001348
4638.0500 1.38750488
4638.1000 1.39499628
4638.1500 1.4031373
4638.2000 1.41278195
4638.2500 1.4224266
4638.3000 1.43207126
4638.3500 1.42826334
4638.4000 1.42146526
4638.4500 1.41466718
4638.5000 1.41824608
4638.5500 1.44234074
4638.6000 1.4664354
4638.6500 1.49053006
4638.7000 1.48294686
4638.7500 1.46998971
4638.8000 1.45703256
4638.8500 1.43682871
4638.9000 1.40456351
4638.9500 1.3722983
4639.0000 1.34003309
4639.0500 1.32864509
4639.1000 1.31965486
4639.1500 1.31066462
4639.2000 1.32005681
4639.2500 1.35484017
4639.3000 1.38962353
4639.3500 1.42440689
4639.4000 1.44301554
4639.4500 1.46066845
4639.5000 1.47832136
4639.5500 1.46719978
4639.6000 1.4236012
4639.6500 1.38000261
4639.7000 1.33640402
4639.7500 1.33408504
4639.8000 1.33190494
4639.8500 1.32972484
4639.9000 1.32821697
4639.9500 1.32731774
4640.0000 1.32641851
4640.0500 1.32555061
4640.1000 1.3252284
4640.1500 1.32490619
4640.2000 1.32458397
4640.2500 1.32977218
4640.3000 1.33886816
4640.3500 1.34796414
4640.4000 1.34718101
4640.4500 1.27196257
4640.5000 1.19674413
4640.5500 1.12152569
4640.6000 1.14607271
4640.6500 1.22420697
4640.7000 1.30234123
4640.7500 1.36352499
4640.8000 1.35016347
4640.8500 1.33680196
4640.9000 1.32344045
4640.9500 1.39537862
4641.0000 1.50028138
4641.0500 1.60518414
4641.1000 1.66920192
4641.1500 1.61598695
4641.2000 1.56277198
4641.2500 1.50955701
4641.3000 1.508807
4641.3500 1.52140447
4641.4000 1.53400195
4641.4500 1.53990274
4641.5000 1.53263535
4641.5500 1.52536797
4641.6000 1.51810059
4641.6500 1.50560485
4641.7000 1.49238495
4641.7500 1.47916505
4641.8000 1.45212717
4641.8500 1.40607612
4641.9000 1.36002507
4641.9500 1.31397402
4642.0000 1.34921624
4642.0500 1.38743086
4642.1000 1.42564549
4642.1500 1.44711076
4642.2000 1.4524758
4642.2500 1.45784083
4642.3000 1.46306682
4642.3500 1.46596392
4642.4000 1.46886101
4642.4500 1.47175811
4642.5000 1.49783998
4642.5500 1.53911518
4642.6000 1.58039038
4642.6500 1.59998429
4642.7000 1.49973318
4642.7500 1.39948206
4642.8000 1.29923094
4642.8500 1.30194607
4642.9000 1.3480396
4642.9500 1.39413312
4643.0000 1.43641708
4643.0500 1.46758806
4643.1000 1.49875904
4643.1500 1.52993003
4643.2000 1.48128843
4643.2500 1.41371825
4643.3000 1.34614806
4643.3500 1.30339824
4643.4000 1.30427467
4643.4500 1.3051511
4643.5000 1.30602753
4643.5500 1.37655161
4643.6000 1.45327563
4643.6500 1.52999964
4643.7000 1.5645927
4643.7500 1.55265805
4643.8000 1.54072339
4643.8500 1.52811448
4643.9000 1.49602976
4643.9500 1.46394504
4644.0000 1.43186032
4644.0500 1.38806883
4644.1000 1.33624357
4644.1500 1.28441831
4644.2000 1.25662808
4644.2500 1.36096013
4644.3000 1.46529217
4644.3500 1.56962421
4644.4000 1.5823386
4644.4500 1.55873302
4644.5000 1.53512744
4644.5500 1.52242355
4644.6000 1.53780525
4644.6500 1.55318694
4644.7000 1.56856863
4644.7500 1.54083302
4644.8000 1.50515481
4644.8500 1.4694766
4644.9000 1.43761003
4644.9500 1.41121531
4645.0000 1.38482058
4645.0500 1.35842586
4645.1000 1.36150266
4645.1500 1.36524131
4645.2000 1.36897996
4645.2500 1.34562261
4645.3000 1.29980786
4645.3500 1.25399311
4645.4000 1.22062914
4645.4500 1.28133417
4645.5000 1.34203921
4645.5500 1.40274425
4645.6000 1.42932797
4645.6500 1.44045867
4645.7000 1.45158937
4645.7500 1.4682948
4645.8000 1.50078456
4645.8500 1.53327433
4645.9000 1.5657641
4645.9500 1.59526733
4646.0000 1.62418054
4646.0500 1.65309376
4646.1000 1.62646561
4646.1500 1.52003769
4646.2000 1.41360976
4646.2500 1.30718184
4646.3000 1.35628557
4646.3500 1.4074305
4646.4000 1.45857543
4646.4500 1.44246334
4646.5000 1.37457542
4646.5500 1.3066875
4646.6000 1.25690476
4646.6500 1.31445966
4646.7000 1.37201457
4646.7500 1.42956947
4646.8000 1.46586784
4646.8500 1.49410135
4646.9000 1.52233486
4646.9500 1.51236074
4647.0000 1.41609382
4647.0500 1.31982691
4647.1000 1.22356
4647.1500 1.28620962
4647.2000 1.36847157
4647.2500 1.45073352
4647.3000 1.49032075
4647.3500 1.48268846
4647.4000 1.47505616
4647.4500 1.46761925
4647.5000 1.4632102
4647.5500 1.45880115
4647.6000 1.4543921
4647.6500 1.40799847
4647.7000 1.33878184
4647.7500 1.26956521
4647.8000 1.2247582
4647.8500 1.2588096
4647.9000 1.292861
4647.9500 1.3269124
4648.0000 1.44817864
4648.0500 1.58778768
4648.1000 1.72739671
4648.1500 1.74281271
4648.2000 1.5848885
4648.2500 1.4269643
4648.3000 1.27160216
4648.3500 1.37221239
4648.4000 1.47282263
4648.4500 1.57343287
4648.5000 1.54119138
4648.5500 1.42175117
4648.6000 1.30231096
4648.6500 1.20220717
4648.7000 1.17999434
4648.7500 1.15778151
4648.8000 1.13556868
4648.8500 1.18318518
4648.9000 1.24876972
4648.9500 1.31435425
4649.0000 1.33018188
4649.0500 1.26920294
4649.1000 1.20822399
4649.1500 1.14724505
4649.2000 1.15567688
4649.2500 1.16465065
4649.3000 1.17362441
4649.3500 1.17147137
4649.4000 1.16167178
4649.4500 1.15187219
4649.5000 1.14871789
4649.5500 1.17309232
4649.6000 1.19746675
4649.6500 1.22184118
4649.7000 1.21142712
4649.7500 1.19218191
4649.8000 1.17293671
4649.8500 1.16888099
4649.9000 1.18742486
4649.9500 1.20596873
4650.0000 1.22423185
4650.0500 1.20627956
4650.1000 1.18832727
4650.1500 1.17037498
4650.2000 1.18101504
4650.2500 1.20957283
4650.3000 1.23813063
4650.3500 1.28088431
4650.4000 1.37305926
4650.4500 1.46523422
4650.5000 1.55740917
4650.5500 1.55956257
4650.6000 1.54365049
4650.6500 1.52773841
4650.7000 1.51018268
4650.7500 1.49056787
4650.8000 1.47095307
4650.8500 1.44811633
4650.9000 1.37124793
4650.9500 1.29437952
4651.0000 1.21751112
4651.0500 1.2634844
4651.1000 1.36996931
4651.1500 1.47645422
4651.2000 1.52523803
4651.2500 1.42926165
4651.3000 1.33328527
4651.3500 1.23730889
4651.4000 1.22394092
4651.4500 1.21961397
4651.5000 1.21528702
4651.5500 1.23101978
4651.6000 1.26534092
4651.6500 1.29966206
4651.7000 1.33182134
4651.7500 1.35048203
4651.8000 1.36914272
4651.8500 1.38780342
4651.9000 1.30764873
4651.9500 1.1960127
4652.0000 1.08437667
4652.0500 1.00638533
4652.1000 0.9832744
4652.1500 0.96016347
4652.2000 0.93749702
4652.2500 1.05968462
4652.3000 1.18187222
4652.3500 1.30405981
4652.4000 1.37709445
4652.4500 1.42093697
4652.5000 1.46477949
4652.5500 1.50029707
4652.6000 1.51124157
4652.6500 1.52218607
4652.7000 1.53313057
4652.7500 1.4869547
4652.8000 1.43299312
4652.8500 1.37903154
4652.9000 1.33062907
4652.9500 1.28760264
4653.0000 1.2445762
4653.0500 1.19698801
4653.1000 1.12091225
4653.1500 1.04483649
4653.2000 0.96876073
4653.2500 1.03200644
4653.3000 1.13709865
4653.3500 1.24219086
4653.4000 1.31711379
4653.4500 1.34703471
4653.5000 1.37695563
4653.5500 1.40933614
4653.6000 1.50953965
4653.6500 1.60974316
4653.7000 1.70994667
4653.7500 1.64601234
4653.8000 1.50122833
4653.8500 1.35644431
4653.9000 1.2694581
4653.9500 1.31336646
4654.0000 1.35727482
4654.0500 1.40118318
4654.1000 1.33371658
4654.1500 1.25963847
4654.2000 1.18556036
4654.2500 1.15383913
4654.3000 1.15241991
4654.3500 1.1510007
4654.4000 1.15285544
4654.4500 1.16609914
4654.5000 1.17934284
4654.5500 1.19258654
4654.6000 1.23930441
4654.6500 1.29124911
4654.7000 1.34319382
4654.7500 1.35337035
4654.8000 1.32308453
4654.8500 1.29279872
4654.9000 1.28097742
4654.9500 1.37195065
4655.0000 1.46292388
4655.0500 1.55389711
4655.1000 1.50036397
4655.1500 1.4102386
4655.2000 1.32011322
4655.2500 1.33458149
4655.3000 1.47952474
4655.3500 1.624468
4655.4000 1.74913713
4655.4500 1.67676351
4655.5000 1.60438988
4655.5500 1.53201626
4655.6000 1.49590721
4655.6500 1.47234361
4655.7000 1.44878001
4655.7500 1.42448607
4655.8000 1.3990688
4655.8500 1.37365153
4655.9000 1.34840437
4655.9500 1.32665716
4656.0000 1.30490995
4656.0500 1.28316274
4656.1000 1.25811721
4656.1500 1.23165844
4656.2000 1.20519967
4656.2500 1.16710935
4656.3000 1.10789309
4656.3500 1.04867682
4656.4000 0.99041169
4656.4500 1.01423104
4656.5000 1.0380504
4656.5500 1.06186975
4656.6000 1.19364736
4656.6500 1.37879873
4656.7000 1.56395009
4656.7500 1.64897681
4656.8000 1.52907666
4656.8500 1.40917651
4656.9000 1.28927636
4656.9500 1.38217928
4657.0000 1.47753258
4657.0500 1.57288587
4657.1000 1.58474546
4657.1500 1.55171631
4657.2000 1.51868717
4657.2500 0
4657.3000 0
4657.3500 0
4657.4000 0
