4595.0500 1.77199541
4595.1000 1.8850027
4595.1500 1.99800999
4595.2000 2.11101729
4595.2500 2.22633414
4595.3000 2.36991251
4595.3500 2.51349088
4595.4000 2.65706925
4595.4500 2.80064762
4595.5000 2.81677672
4595.5500 2.77246495
4595.6000 2.72815317
4595.6500 2.68384139
4595.7000 2.65760302
4595.7500 2.6773424
4595.8000 2.69708178
4595.8500 2.71682117
4595.9000 2.73656055
4595.9500 2.83570372
4596.0000 2.94495171
4596.0500 3.0541997
4596.1000 3.16344768
4596.1500 3.04062278
4596.2000 2.67925644
4596.2500 2.31789009
4596.3000 1.95652375
4596.3500 1.64707362
4596.4000 1.80367386
4596.4500 1.96027411
4596.5000 2.11687435
4596.5500 2.2734746
4596.6000 2.26437422
4596.6500 2.18707213
4596.7000 2.10977003
4596.7500 2.03246794
4596.8000 1.99773192
4596.8500 2.0544163
4596.9000 2.11110068
4596.9500 2.16778506
4597.0000 2.22446943
4597.0500 2.16630802
4597.1000 2.09924222
4597.1500 2.03217641
4597.2000 1.96511061
4597.2500 1.89521484
4597.3000 1.82290338
4597.3500 1.75059192
4597.4000 1.67828046
4597.4500 1.65405931
4597.5000 1.89810515
4597.5500 2.14215099
4597.6000 2.38619683
4597.6500 2.63024267
4597.7000 2.81459304
4597.7500 2.98066923
4597.8000 3.14674542
4597.8500 3.31282161
4597.9000 3.27177711
4597.9500 2.89326082
4598.0000 2.51474452
4598.0500 2.13622823
4598.1000 1.75771194
4598.1500 1.98343898
4598.2000 2.21152784
4598.2500 2.43961669
4598.3000 2.66770555
4598.3500 2.73875418
4598.4000 2.71065049
4598.4500 2.6825468
4598.5000 2.6544431
4598.5500 2.65217519
4598.6000 2.73594614
4598.6500 2.81971709
4598.7000 2.90348804
4598.7500 2.98725899
4598.8000 2.97688478
4598.8500 2.94989415
4598.9000 2.92290352
4598.9500 2.89591288
4599.0000 2.75353181
4599.0500 2.48108862
4599.1000 2.20864543
4599.1500 1.93620225
4599.2000 1.70481444
4599.2500 1.88188027
4599.3000 2.0589461
4599.3500 2.23601192
4599.4000 2.41307775
4599.4500 2.504131
4599.5000 2.56067078
4599.5500 2.61721055
4599.6000 2.67375032
4599.6500 2.6948606
4599.7000 2.64628109
4599.7500 2.59770158
4599.8000 2.54912206
4599.8500 2.50054255
4599.9000 2.57849589
4599.9500 2.66151201
4600.0000 2.74452813
4600.0500 2.82754424
4600.1000 2.82524117
4600.1500 2.76293518
4600.2000 2.70062919
4600.2500 2.6383232
4600.3000 2.5833596
4600.3500 2.55540072
4600.4000 2.52744185
4600.4500 2.49948297
4600.5000 2.4715241
4600.5500 2.63366602
4600.6000 2.83160724
4600.6500 3.02954845
4600.7000 3.22748966
4600.7500 3.30534514
4600.8000 3.24798712
4600.8500 3.19062909
4600.9000 3.13327107
4600.9500 3.0639293
4601.0000 2.88710372
4601.0500 2.71027815
4601.1000 2.53345257
4601.1500 2.35662699
4601.2000 2.34117096
4601.2500 2.38499517
4601.3000 2.42881937
4601.3500 2.47264358
4601.4000 2.48220968
4601.4500 2.43177773
4601.5000 2.38134577
4601.5500 2.33091382
4601.6000 2.28048186
4601.6500 2.33738095
4601.7000 2.39463876
4601.7500 2.45189657
4601.8000 2.50915438
4601.8500 2.5117687
4601.9000 2.48242447
4601.9500 2.45308025
4602.0000 2.42373602
4602.0500 2.3770995
4602.1000 2.28283653
4602.1500 2.18857357
4602.2000 2.09431061
4602.2500 2.00004764
4602.3000 2.23581069
4602.3500 2.50708286
4602.4000 2.77835503
4602.4500 3.0496272
4602.5000 3.05557399
4602.5500 2.83590198
4602.6000 2.61622997
4602.6500 2.39655796
4602.7000 2.18174061
4602.7500 1.98917231
4602.8000 1.79660402
4602.8500 1.60403572
4602.9000 1.41146743
4602.9500 1.50525544
4603.0000 1.66237831
4603.0500 1.81950117
4603.1000 1.97662404
4603.1500 2.12233421
4603.2000 2.25463318
4603.2500 2.38693216
4603.3000 2.51923113
4603.3500 2.62737175
4603.4000 2.5221358
4603.4500 2.41689984
4603.5000 2.31166389
4603.5500 2.20642793
4603.6000 2.19012091
4603.6500 2.2042916
4603.7000 2.21846229
4603.7500 2.23263297
4603.8000 2.25083755
4603.8500 2.27538068
4603.9000 2.29992381
4603.9500 2.32446693
4604.0000 2.34759168
4604.0500 2.33059864
4604.1000 2.31360559
4604.1500 2.29661255
4604.2000 2.2796195
4604.2500 2.30948125
4604.3000 2.36134301
4604.3500 2.41320477
4604.4000 2.46506653
4604.4500 2.47429076
4604.5000 2.39612924
4604.5500 2.31796771
4604.6000 2.23980619
4604.6500 2.16164467
4604.7000 2.26348877
4604.7500 2.36967349
4604.8000 2.47585821
4604.8500 2.58204294
4604.9000 2.54794792
4604.9500 2.43007318
4605.0000 2.31219844
4605.0500 2.1943237
4605.1000 2.16623462
4605.1500 2.37272012
4605.2000 2.57920563
4605.2500 2.78569113
4605.3000 2.99217663
4605.3500 2.9812291
4605.4000 2.95357119
4605.4500 2.92591328
4605.5000 2.89825536
4605.5500 2.87114144
4605.6000 2.84441893
4605.6500 2.81769643
4605.7000 2.79097393
4605.7500 2.72551058
4605.8000 2.53433412
4605.8500 2.34315765
4605.9000 2.15198118
4605.9500 1.96080472
4606.0000 2.05088014
4606.0500 2.17547202
4606.1000 2.3000639
4606.1500 2.42465578
4606.2000 2.49653454
4606.2500 2.52474243
4606.3000 2.55295033
4606.3500 2.58115822
4606.4000 2.60514316
4606.4500 2.61267298
4606.5000 2.6202028
4606.5500 2.62773263
4606.6000 2.63526245
4606.6500 2.62931181
4606.7000 2.62121464
4606.7500 2.61311747
4606.8000 2.60502031
4606.8500 2.61461324
4606.9000 2.64039511
4606.9500 2.66617697
4607.0000 2.69195883
4607.0500 2.71545463
4607.1000 2.72872872
4607.1500 2.74200281
4607.2000 2.7552769
4607.2500 2.76855099
4607.3000 2.73713476
4607.3500 2.6974888
4607.4000 2.65784285
4607.4500 2.6181969
4607.5000 2.57669999
4607.5500 2.53340543
4607.6000 2.49011087
4607.6500 2.44681632
4607.7000 2.40582238
4607.7500 2.37596418
4607.8000 2.34610598
4607.8500 2.31624778
4607.9000 2.28638958
4607.9500 2.27238749
4608.0000 2.26149038
4608.0500 2.25059328
4608.1000 2.23969618
4608.1500 2.2695475
4608.2000 2.33976333
4608.2500 2.40997916
4608.3000 2.48019499
4608.3500 2.52156446
4608.4000 2.42168659
4608.4500 2.32180872
4608.5000 2.22193085
4608.5500 2.12205299
4608.6000 2.10949223
4608.6500 2.11382156
4608.7000 2.11815089
4608.7500 2.12248022
4608.8000 2.17968398
4608.8500 2.28823049
4608.9000 2.396777
4608.9500 2.50532351
4609.0000 2.5891925
4609.0500 2.55900934
4609.1000 2.52882619
4609.1500 2.49864303
4609.2000 2.46845987
4609.2500 2.43570352
4609.3000 2.40249135
4609.3500 2.36927919
4609.4000 2.33606703
4609.4500 2.34187499
4609.5000 2.38337676
4609.5500 2.42487853
4609.6000 2.46638029
4609.6500 2.51521866
4609.7000 2.59413187
4609.7500 2.67304508
4609.8000 2.75195828
4609.8500 2.83087149
4609.9000 2.79113948
4609.9500 2.73384423
4610.0000 2.67654898
4610.0500 2.61925373
4610.1000 2.57931268
4610.1500 2.55373709
4610.2000 2.52816151
4610.2500 2.50258593
4610.3000 2.48352085
4610.3500 2.48697477
4610.4000 2.49042869
4610.4500 2.49388262
4610.5000 2.49733654
4610.5500 2.49480954
4610.6000 2.49163669
4610.6500 2.48846384
4610.7000 2.48529098
4610.7500 2.46107834
4610.8000 2.42174908
4610.8500 2.38241982
4610.9000 2.34309056
4610.9500 2.33407695
4611.0000 2.41028466
4611.0500 2.48649237
4611.1000 2.56270008
4611.1500 2.63890779
4611.2000 2.58064814
4611.2500 2.51440776
4611.3000 2.44816739
4611.3500 2.38192701
4611.4000 2.3363208
4611.4500 2.30300727
4611.5000 2.26969375
4611.5500 2.23638023
4611.6000 2.23046912
4611.6500 2.28541763
4611.7000 2.34036615
4611.7500 2.39531466
4611.8000 2.45026317
4611.8500 2.42195553
4611.9000 2.39326096
4611.9500 2.3645664
4612.0000 2.33587184
4612.0500 2.342127
4612.1000 2.36472426
4612.1500 2.38732152
4612.2000 2.40991878
4612.2500 2.41763257
4612.3000 2.39984198
4612.3500 2.38205139
4612.4000 2.3642608
4612.4500 2.34909927
4612.5000 2.37763858
4612.5500 2.40617789
4612.6000 2.4347172
4612.6500 2.46325651
4612.7000 2.44362357
4612.7500 2.40759646
4612.8000 2.37156934
4612.8500 2.33554223
4612.9000 2.33069887
4612.9500 2.36610575
4613.0000 2.40151262
4613.0500 2.4369195
4613.1000 2.46345916
4613.1500 2.42964523
4613.2000 2.3958313
4613.2500 2.36201737
4613.3000 2.32820344
4613.3500 2.27612928
4613.4000 2.2200677
4613.4500 2.16400613
4613.5000 2.10794455
4613.5500 2.09898219
4613.6000 2.13445486
4613.6500 2.16992752
4613.7000 2.20540018
4613.7500 2.22992766
4613.8000 2.21314239
4613.8500 2.19635712
4613.9000 2.17957186
4613.9500 2.16278659
4614.0000 2.21190374
4614.0500 2.26790275
4614.1000 2.32390175
4614.1500 2.37990075
4614.2000 2.39758348
4614.2500 2.3899937
4614.3000 2.38240393
4614.3500 2.37481416
4614.4000 2.36497506
4614.4500 2.34990725
4614.5000 2.33483944
4614.5500 2.31977163
4614.6000 2.30469946
4614.6500 2.25582294
4614.7000 2.20694642
4614.7500 2.15806991
4614.8000 2.10919339
4614.8500 2.1515064
4614.9000 2.23279274
4614.9500 2.31407909
4615.0000 2.39536543
4615.0500 2.44458362
4615.1000 2.44612705
4615.1500 2.44767048
4615.2000 2.44921391
4615.2500 2.44640962
4615.3000 2.40647572
4615.3500 2.36654182
4615.4000 2.32660792
4615.4500 2.28667401
4615.5000 2.32510301
4615.5500 2.38207946
4615.6000 2.43905591
4615.6500 2.49603237
4615.7000 2.50233959
4615.7500 2.46064499
4615.8000 2.41895038
4615.8500 2.37725578
4615.9000 2.35641577
4615.9500 2.40971543
4616.0000 2.46301509
4616.0500 2.51631475
4616.1000 2.56961441
4616.1500 2.53452399
4616.2000 2.49243886
4616.2500 2.45035372
4616.3000 2.40826859
4616.3500 2.40716773
4616.4000 2.42963325
4616.4500 2.45209877
4616.5000 2.47456429
4616.5500 2.4873659
4616.6000 2.48176145
4616.6500 2.47615701
4616.7000 2.47055257
4616.7500 2.46212452
4616.8000 2.4049552
4616.8500 2.34778588
4616.9000 2.29061656
4616.9500 2.23344724
4617.0000 2.21485294
4617.0500 2.20801947
4617.1000 2.20118601
4617.1500 2.19435254
4617.2000 2.18333668
4617.2500 2.16777288
4617.3000 2.15220908
4617.3500 2.13664528
4617.4000 2.12951742
4617.4500 2.15768787
4617.5000 2.18585831
4617.5500 2.21402876
4617.6000 2.24219921
4617.6500 2.20536894
4617.7000 2.1619397
4617.7500 2.11851046
4617.8000 2.07508121
4617.8500 2.09271946
4617.9000 2.14717105
4617.9500 2.20162263
4618.0000 2.25607421
4618.0500 2.28770777
4618.1000 2.27525909
4618.1500 2.26281042
4618.2000 2.25036174
4618.2500 2.24014485
4618.3000 2.2652861
4618.3500 2.29042736
4618.4000 2.31556861
4618.4500 2.34070987
4618.5000 2.33185821
4618.5500 2.31335092
4618.6000 2.29484364
4618.6500 2.27633635
4618.7000 2.2984239
4618.7500 2.36121675
4618.8000 2.4240096
4618.8500 2.48680246
4618.9000 2.5198685
4618.9500 2.44813447
4619.0000 2.37640043
4619.0500 2.3046664
4619.1000 2.23293237
4619.1500 2.25736252
4619.2000 2.28752488
4619.2500 2.31768725
4619.3000 2.34784962
4619.3500 2.3162322
4619.4000 2.25385943
4619.4500 2.19148666
4619.5000 2.1291139
4619.5500 2.08610235
4619.6000 2.07303905
4619.6500 2.05997575
4619.7000 2.04691245
4619.7500 2.04765538
4619.8000 2.15082721
4619.8500 2.25399904
4619.9000 2.35717087
4619.9500 2.4603427
4620.0000 2.39975587
4620.0500 2.30936652
4620.1000 2.21897717
4620.1500 2.12858782
4620.2000 2.09047088
4620.2500 2.09108448
4620.3000 2.09169809
4620.3500 2.09231169
4620.4000 2.10848537
4620.4500 2.16030069
4620.5000 2.212116
4620.5500 2.26393131
4620.6000 2.31469107
4620.6500 2.33592232
4620.7000 2.35715356
4620.7500 2.37838481
4620.8000 2.39961606
4620.8500 2.40796301
4620.9000 2.41237954
4620.9500 2.41679607
4621.0000 2.4212126
4621.0500 2.37266222
4621.1000 2.27095627
4621.1500 2.16925032
4621.2000 2.06754437
4621.2500 2.00841895
4621.3000 2.08938863
4621.3500 2.17035831
4621.4000 2.251328
4621.4500 2.33229768
4621.5000 2.26047616
4621.5500 2.18363618
4621.6000 2.10679619
4621.6500 2.02995621
4621.7000 2.02596686
4621.7500 2.05254501
4621.8000 2.07912315
4621.8500 2.10570129
4621.9000 2.12942727
4621.9500 2.14954934
4622.0000 2.16967141
4622.0500 2.18979349
4622.1000 2.19982268
4622.1500 2.16395314
4622.2000 2.12808361
4622.2500 2.09221407
4622.3000 2.05634454
4622.3500 2.10253336
4622.4000 2.15587148
4622.4500 2.20920961
4622.5000 2.26254773
4622.5500 2.2966182
4622.6000 2.32078868
4622.6500 2.34495915
4622.7000 2.36912963
4622.7500 2.37974842
4622.8000 2.37024453
4622.8500 2.36074065
4622.9000 2.35123676
4622.9500 2.3378461
4623.0000 2.3016123
4623.0500 2.26537851
4623.1000 2.22914471
4623.1500 2.19291091
4623.2000 2.21788034
4623.2500 2.25045206
4623.3000 2.28302378
4623.3500 2.3155955
4623.4000 2.33657821
4623.4500 2.35089199
4623.5000 2.36520576
4623.5500 2.37951954
4623.6000 2.36975609
4623.6500 2.32089022
4623.7000 2.27202434
4623.7500 2.22315847
4623.8000 2.18307265
4623.8500 2.20249595
4623.9000 2.22191925
4623.9500 2.24134255
4624.0000 2.26076585
4624.0500 2.25188921
4624.1000 2.23905006
4624.1500 2.22621091
4624.2000 2.21337176
4624.2500 2.2386623
4624.3000 2.28664441
4624.3500 2.33462652
4624.4000 2.38260863
4624.4500 2.40643934
4624.5000 2.39049095
4624.5500 2.37454257
4624.6000 2.35859418
4624.6500 2.34308964
4624.7000 2.33056157
4624.7500 2.31803351
4624.8000 2.30550544
4624.8500 2.29297738
4624.9000 2.29953601
4624.9500 2.30862649
4625.0000 2.31771697
4625.0500 2.32680745
4625.1000 2.31192507
4625.1500 2.28338935
4625.2000 2.25485363
4625.2500 2.22631792
4625.3000 2.21298331
4625.3500 2.22317568
4625.4000 2.23336805
4625.4500 2.24356042
4625.5000 2.24684185
4625.5500 2.21065663
4625.6000 2.1744714
4625.6500 2.13828618
4625.7000 2.10210096
4625.7500 2.08322389
4625.8000 2.06612888
4625.8500 2.04903388
4625.9000 2.03193888
4625.9500 2.01663683
4626.0000 2.00223631
4626.0500 1.9878358
4626.1000 1.97343528
4626.1500 1.9860645
4626.2000 2.03521678
4626.2500 2.08436907
4626.3000 2.13352136
4626.3500 2.17640146
4626.4000 2.19189346
4626.4500 2.20738546
4626.5000 2.22287746
4626.5500 2.23836946
4626.6000 2.19485586
4626.6500 2.14813819
4626.7000 2.10142052
4626.7500 2.05470285
4626.8000 2.08172075
4626.8500 2.13859562
4626.9000 2.19547048
4626.9500 2.25234535
4627.0000 2.26766065
4627.0500 2.23726314
4627.1000 2.20686563
4627.1500 2.17646811
4627.2000 2.14974515
4627.2500 2.13454693
4627.3000 2.11934872
4627.3500 2.1041505
4627.4000 2.08936583
4627.4500 2.12314663
4627.5000 2.15692742
4627.5500 2.19070822
4627.6000 2.22448902
4627.6500 2.19752216
4627.7000 2.15304622
4627.7500 2.10857029
4627.8000 2.06409436
4627.8500 2.06675282
4627.9000 2.10872836
4627.9500 2.1507039
4628.0000 2.19267944
4628.0500 2.21293472
4628.1000 2.1860219
4628.1500 2.15910908
4628.2000 2.13219626
4628.2500 2.10418489
4628.3000 2.06457422
4628.3500 2.02496355
4628.4000 1.98535288
4628.4500 1.94574221
4628.5000 1.97307326
4628.5500 2.01140448
4628.6000 2.04973571
4628.6500 2.08806694
4628.7000 2.11433209
4628.7500 2.1335821
4628.8000 2.1528321
4628.8500 2.17208211
4628.9000 2.17434769
4628.9500 2.15186435
4629.0000 2.12938101
4629.0500 2.10689767
4629.1000 2.08775615
4629.1500 2.08356098
4629.2000 2.07936581
4629.2500 2.07517065
4629.3000 2.07097548
4629.3500 2.08059283
4629.4000 2.09079136
4629.4500 2.10098988
4629.5000 2.11118841
4629.5500 2.10642629
4629.6000 2.09634335
4629.6500 2.0862604
4629.7000 2.07617746
4629.7500 2.08033228
4629.8000 2.09779841
4629.8500 2.11526454
4629.9000 2.13273068
4629.9500 2.14499177
4630.0000 2.1449393
4630.0500 2.14488682
4630.1000 2.14483435
4630.1500 2.14340996
4630.2000 2.12589243
4630.2500 2.1083749
4630.3000 2.09085737
4630.3500 2.07333984
4630.4000 2.0981001
4630.4500 2.12967853
4630.5000 2.16125696
4630.5500 2.19283538
4630.6000 2.19099214
4630.6500 2.17074094
4630.7000 2.15048975
4630.7500 2.13023856
4630.8000 2.12195217
4630.8500 2.12954639
4630.9000 2.13714061
4630.9500 2.14473483
4631.0000 2.1482086
4631.0500 2.13669781
4631.1000 2.12518702
4631.1500 2.11367623
4631.2000 2.10211786
4631.2500 2.07361582
4631.3000 2.04511378
4631.3500 2.01661174
4631.4000 1.9881097
4631.4500 1.98523115
4631.5000 1.98912027
4631.5500 1.99300938
4631.6000 1.9968985
4631.6500 2.00303376
4631.7000 2.01079241
4631.7500 2.01855107
4631.8000 2.02630972
4631.8500 2.04434881
4631.9000 2.07981667
4631.9500 2.11528453
4632.0000 2.15075239
4632.0500 2.17614958
4632.1000 2.1497182
4632.1500 2.12328682
4632.2000 2.09685544
4632.2500 2.07042406
4632.3000 2.06090558
4632.3500 2.05217444
4632.4000 2.04344331
4632.4500 2.03471217
4632.5000 2.05770147
4632.5500 2.0912935
4632.6000 2.12488554
4632.6500 2.15847757
4632.7000 2.16825207
4632.7500 2.15810897
4632.8000 2.14796587
4632.8500 2.13782277
4632.9000 2.12763574
4632.9500 2.11736374
4633.0000 2.10709173
4633.0500 2.09681973
4633.1000 2.08742352
4633.1500 2.08348778
4633.2000 2.07955203
4633.2500 2.07561629
4633.3000 2.07168054
4633.3500 2.09929993
4633.4000 2.12905003
4633.4500 2.15880014
4633.5000 2.18855024
4633.5500 2.1755155
4633.6000 2.14716705
4633.6500 2.1188186
4633.7000 2.09047015
4633.7500 2.07881354
4633.8000 2.08153518
4633.8500 2.08425681
4633.9000 2.08697845
4633.9500 2.09713582
4634.0000 2.12177959
4634.0500 2.14642337
4634.1000 2.17106715
4634.1500 2.18613259
4634.2000 2.14345979
4634.2500 2.10078699
4634.3000 2.05811419
4634.3500 2.01544139
4634.4000 2.03492335
4634.4500 2.05791639
4634.5000 2.08090944
4634.5500 2.10390249
4634.6000 2.12319229
4634.6500 2.14126027
4634.7000 2.15932824
4634.7500 2.17739622
4634.8000 2.16404062
4634.8500 2.12583919
4634.9000 2.08763776
4634.9500 2.04943633
4635.0000 2.02551875
4635.0500 2.026331
4635.1000 2.02714326
4635.1500 2.02795551
4635.2000 2.02732933
4635.2500 2.01991933
4635.3000 2.01250934
4635.3500 2.00509935
4635.4000 1.99768936
4635.4500 2.02342382
4635.5000 2.04966611
4635.5500 2.07590839
4635.6000 2.10215067
4635.6500 2.09982039
4635.7000 2.09016845
4635.7500 2.08051652
4635.8000 2.07086458
4635.8500 2.04063789
4635.9000 1.99716137
4635.9500 1.95368485
4636.0000 1.91020834
4636.0500 1.89830092
4636.1000 1.9296893
4636.1500 1.96107767
4636.2000 1.99246605
4636.2500 2.01405411
4636.3000 2.00395626
4636.3500 1.99385841
4636.4000 1.98376057
4636.4500 1.97394276
4636.5000 1.96923793
4636.5500 1.96453309
4636.6000 1.95982826
4636.6500 1.95512343
4636.7000 1.97151235
4636.7500 1.99108752
4636.8000 2.01066269
4636.8500 2.03023786
4636.9000 2.05774474
4636.9500 2.08886934
4637.0000 2.11999394
4637.0500 2.15111854
4637.1000 2.15233388
4637.1500 2.12433768
4637.2000 2.09634147
4637.2500 2.06834526
4637.3000 2.05594458
4637.3500 2.07575982
4637.4000 2.09557507
4637.4500 2.11539032
4637.5000 2.12785478
4637.5500 2.09787593
4637.6000 2.06789709
4637.6500 2.03791824
4637.7000 2.0079394
4637.7500 2.00003755
4637.8000 1.99281361
4637.8500 1.98558966
4637.9000 1.97836572
4637.9500 1.98668907
4638.0000 1.99904752
4638.0500 2.01140598
4638.1000 2.02376443
4638.1500 2.04197551
4638.2000 2.06379159
4638.2500 2.08560767
4638.3000 2.10742376
4638.3500 2.13431338
4638.4000 2.16753429
4638.4500 2.20075521
4638.5000 2.23397612
4638.5500 2.24412693
4638.6000 2.19254438
4638.6500 2.14096183
4638.7000 2.08937927
4638.7500 2.04489044
4638.8000 2.06397946
4638.8500 2.08306847
4638.9000 2.10215748
4638.9500 2.12124649
4639.0000 2.10684586
4639.0500 2.08991911
4639.1000 2.07299236
4639.1500 2.05606561
4639.2000 2.0530126
4639.2500 2.05432884
4639.3000 2.05564509
4639.3500 2.05696133
4639.4000 2.0533662
4639.4500 2.0463902
4639.5000 2.0394142
4639.5500 2.0324382
4639.6000 2.03209738
4639.6500 2.04072537
4639.7000 2.04935336
4639.7500 2.05798134
4639.8000 2.07121812
4639.8500 2.09761901
4639.9000 2.12401989
4639.9500 2.15042078
4640.0000 2.17471239
4640.0500 2.17880699
4640.1000 2.18290158
4640.1500 2.18699618
4640.2000 2.19109078
4640.2500 2.15839364
4640.3000 2.12296789
4640.3500 2.08754215
4640.4000 2.0521164
4640.4500 2.04769375
4640.5000 2.05260998
4640.5500 2.05752621
4640.6000 2.06244244
4640.6500 2.05902704
4640.7000 2.05022212
4640.7500 2.04141721
4640.8000 2.0326123
4640.8500 2.02957119
4640.9000 2.0336587
4640.9500 2.03774621
4641.0000 2.04183372
4641.0500 2.03982554
4641.1000 2.0227534
4641.1500 2.00568126
4641.2000 1.98860912
4641.2500 1.97732346
4641.3000 2.00467812
4641.3500 2.03203278
4641.4000 2.05938744
4641.4500 2.0867421
4641.5000 2.10211558
4641.5500 2.11716379
4641.6000 2.13221201
4641.6500 2.14726022
4641.7000 2.14150722
4641.7500 2.1311275
4641.8000 2.12074778
4641.8500 2.11036807
4641.9000 2.09496423
4641.9500 2.0770144
4642.0000 2.05906457
4642.0500 2.04111474
4642.1000 2.03276642
4642.1500 2.03362588
4642.2000 2.03448535
4642.2500 2.03534482
4642.3000 2.04201632
4642.3500 2.05909192
4642.4000 2.07616752
4642.4500 2.09324312
4642.5000 2.10288818
4642.5500 2.08415593
4642.6000 2.06542367
4642.6500 2.04669142
4642.7000 2.02954213
4642.7500 2.03821118
4642.8000 2.04688024
4642.8500 2.05554929
4642.9000 2.06421835
4642.9500 2.06282852
4643.0000 2.06043395
4643.0500 2.05803938
4643.1000 2.05564481
4643.1500 2.06255359
4643.2000 2.07237203
4643.2500 2.08219048
4643.3000 2.09200892
4643.3500 2.09320823
4643.4000 2.08902294
4643.4500 2.08483765
4643.5000 2.08065236
4643.5500 2.0859024
4643.6000 2.10177619
4643.6500 2.11764998
4643.7000 2.13352378
4643.7500 2.14236965
4643.8000 2.13671344
4643.8500 2.13105723
4643.9000 2.12540102
4643.9500 2.12082967
4644.0000 2.12108129
4644.0500 2.12133291
4644.1000 2.12158452
4644.1500 2.12145544
4644.2000 2.11264196
4644.2500 2.10382849
4644.3000 2.09501502
4644.3500 2.08620154
4644.4000 2.09128405
4644.4500 2.0978845
4644.5000 2.10448494
4644.5500 2.11108539
4644.6000 2.1122607
4644.6500 2.11174348
4644.7000 2.11122626
4644.7500 2.11070905
4644.8000 2.11180529
4644.8500 2.11387354
4644.9000 2.11594179
4644.9500 2.11801004
4645.0000 2.10647284
4645.0500 2.08060717
4645.1000 2.05474149
4645.1500 2.02887581
4645.2000 2.00997116
4645.2500 2.00392475
4645.3000 1.99787835
4645.3500 1.99183195
4645.4000 1.99099293
4645.4500 2.00899322
4645.5000 2.0269935
4645.5500 2.04499379
4645.6000 2.06254717
4645.6500 2.07516583
4645.7000 2.08778449
4645.7500 2.10040315
4645.8000 2.11302181
4645.8500 2.08827791
4645.9000 2.06159628
4645.9500 2.03491466
4646.0000 2.00823303
4646.0500 2.0107365
4646.1000 2.0196678
4646.1500 2.0285991
4646.2000 2.0375304
4646.2500 2.04776942
4646.3000 2.05859739
4646.3500 2.06942535
4646.4000 2.08025332
4646.4500 2.06888273
4646.5000 2.04011454
4646.5500 2.01134636
4646.6000 1.98257817
4646.6500 1.97335438
4646.7000 1.98973097
4646.7500 2.00610756
4646.8000 2.02248416
4646.8500 2.0390982
4646.9000 2.05624975
4646.9500 2.07340131
4647.0000 2.09055287
4647.0500 2.09770716
4647.1000 2.05963233
4647.1500 2.0215575
4647.2000 1.98348267
4647.2500 1.94780988
4647.3000 1.95201106
4647.3500 1.95621224
4647.4000 1.96041342
4647.4500 1.96461461
4647.5000 1.97092388
4647.5500 1.97738265
4647.6000 1.98384143
4647.6500 1.9903002
4647.7000 1.98919964
4647.7500 1.98634776
4647.8000 1.98349587
4647.8500 1.98064399
4647.9000 1.9902042
4647.9500 2.00530988
4648.0000 2.02041557
4648.0500 2.03552125
4648.1000 2.05071121
4648.1500 2.06596431
4648.2000 2.08121741
4648.2500 2.09647052
4648.3000 2.0919416
4648.3500 2.06355139
4648.4000 2.03516118
4648.4500 2.00677097
4648.5000 1.98736669
4648.5500 1.98571609
4648.6000 1.98406549
4648.6500 1.98241489
4648.7000 1.9773169
4648.7500 1.95999677
4648.8000 1.94267664
4648.8500 1.9253565
4648.9000 1.90897488
4648.9500 1.90058209
4649.0000 1.89218931
4649.0500 1.88379652
4649.1000 1.87540373
4649.1500 1.89555613
4649.2000 1.9159557
4649.2500 1.93635528
4649.3000 1.95675486
4649.3500 1.96419833
4649.4000 1.96985615
4649.4500 1.97551397
4649.5000 1.98117178
4649.5500 1.9937959
4649.6000 2.00853041
4649.6500 2.02326491
4649.7000 2.03799941
4649.7500 2.02413608
4649.8000 1.99536159
4649.8500 1.9665871
4649.9000 1.9378126
4649.9500 1.9333693
4650.0000 1.94897488
4650.0500 1.96458047
4650.1000 1.98018605
4650.1500 1.98728354
4650.2000 1.98356902
4650.2500 1.9798545
4650.3000 1.97613998
4650.3500 1.9772022
4650.4000 1.98780327
4650.4500 1.99840435
4650.5000 2.00900542
4650.5500 2.01831254
4650.6000 2.02324186
4650.6500 2.02817119
4650.7000 2.03310052
4650.7500 2.0390588
4650.8000 2.05230096
4650.8500 2.06554312
4650.9000 2.07878528
4650.9500 2.09113165
4651.0000 2.06086305
4651.0500 2.03059446
4651.1000 2.00032586
4651.1500 1.97005727
4651.2000 1.9758373
4651.2500 1.98481314
4651.3000 1.99378897
4651.3500 2.0027648
4651.4000 2.00441608
4651.4500 2.00443458
4651.5000 2.00445307
4651.5500 2.00447157
4651.6000 2.01918007
4651.6500 2.03965709
4651.7000 2.06013412
4651.7500 2.08061114
4651.8000 2.07905926
4651.8500 2.06397885
4651.9000 2.04889843
4651.9500 2.03381802
4652.0000 2.02951099
4652.0500 2.03506153
4652.1000 2.04061208
4652.1500 2.04616262
4652.2000 2.05678569
4652.2500 2.07424268
4652.3000 2.09169967
4652.3500 2.10915665
4652.4000 2.11683257
4652.4500 2.10474319
4652.5000 2.0926538
4652.5500 2.08056442
4652.6000 2.07101034
4652.6500 2.06960835
4652.7000 2.06820636
4652.7500 2.06680436
4652.8000 2.06676041
4652.8500 2.07475147
4652.9000 2.08274253
4652.9500 2.09073359
4653.0000 2.09800177
4653.0500 2.09238156
4653.1000 2.08676134
4653.1500 2.08114113
4653.2000 2.07552092
4653.2500 2.06558576
4653.3000 2.05548395
4653.3500 2.04538213
4653.4000 2.03528032
4653.4500 2.04517557
4653.5000 2.05796182
4653.5500 2.07074808
4653.6000 2.08353433
4653.6500 2.08308345
4653.7000 2.07902303
4653.7500 2.07496261
4653.8000 2.07090219
4653.8500 2.09696215
4653.9000 2.13599432
4653.9500 2.1750265
4654.0000 2.21405867
4654.0500 2.21804526
4654.1000 2.19994144
4654.1500 2.18183761
4654.2000 2.16373378
4654.2500 2.14386391
4654.3000 2.12242132
4654.3500 2.10097872
4654.4000 2.07953613
4654.4500 2.06574728
4654.5000 2.06147698
4654.5500 2.05720669
4654.6000 2.05293639
4654.6500 2.04707091
4654.7000 2.03841381
4654.7500 2.02975671
4654.8000 2.02109961
4654.8500 2.02026359
4654.9000 2.03926828
4654.9500 2.05827296
4655.0000 2.07727765
4655.0500 2.09133127
4655.1000 2.0859493
4655.1500 2.08056733
4655.2000 2.07518536
4655.2500 2.06989334
4655.3000 2.065234
4655.3500 2.06057466
4655.4000 2.05591532
4655.4500 2.05168207
4655.5000 2.05606488
4655.5500 2.06044769
4655.6000 2.06483049
4655.6500 2.0692133
4655.7000 2.06607732
4655.7500 2.0627163
4655.8000 2.05935529
4655.8500 2.05599427
4655.9000 2.06374699
4655.9500 2.07279061
4656.0000 2.08183423
4656.0500 2.09087785
4656.1000 2.06877134
4656.1500 2.03992439
4656.2000 2.01107744
4656.2500 1.98223048
4656.3000 1.98846001
4656.3500 2.00641539
4656.4000 2.02437078
4656.4500 2.04232617
4656.5000 2.05588263
4656.5500 2.06734982
4656.6000 2.07881702
4656.6500 2.09028422
4656.7000 2.09317584
4656.7500 2.09053156
4656.8000 2.08788728
4656.8500 2.085243
4656.9000 2.07521292
4656.9500 2.05885552
4657.0000 2.04249812
4657.0500 2.02614072
4657.1000 2.01773548
4657.1500 2.01827369
4657.2000 2.01881189
4657.2500 2.01935009
4657.3000 2.0091279
4657.3500 1.98302597
4657.4000 1.95692404
4657.4500 1.93082211
4657.5000 1.9210267
4657.5500 1.94311905
4657.6000 1.96521141
4657.6500 1.98730377
4657.7000 2.00707429
4657.7500 2.02069168
4657.8000 2.03430907
4657.8500 2.04792646
4657.9000 2.05662037
4657.9500 2.04687705
4658.0000 2.03713373
4658.0500 2.02739042
4658.1000 2.01866267
4658.1500 2.0157473
4658.2000 2.01283193
4658.2500 2.00991656
4658.3000 2.00909362
4658.3500 2.02998378
4658.4000 2.05087394
4658.4500 2.0717641
4658.5000 2.09201308
4658.5500 2.090198
4658.6000 2.08838293
4658.6500 2.08656786
4658.7000 2.08475279
4658.7500 2.08563322
4658.8000 2.0865977
4658.8500 2.08756218
4658.9000 2.08852665
4658.9500 2.08515439
4659.0000 2.08136614
4659.0500 2.07757789
4659.1000 2.07378964
4659.1500 2.07594134
4659.2000 2.07908932
4659.2500 2.0822373
4659.3000 2.08538528
4659.3500 2.09370704
4659.4000 2.10331062
4659.4500 2.11291419
4659.5000 2.12251776
4659.5500 2.12330399
4659.6000 2.12111497
4659.6500 2.11892594
4659.7000 2.11673692
4659.7500 2.10926752
4659.8000 2.09948244
4659.8500 2.08969737
4659.9000 2.07991229
4659.9500 2.07425624
4660.0000 2.07088491
4660.0500 2.06751358
4660.1000 2.06414225
4660.1500 2.06833901
4660.2000 2.07771731
4660.2500 2.08709562
4660.3000 2.09647393
4660.3500 2.09022733
4660.4000 2.07091465
4660.4500 2.05160197
4660.5000 2.03228928
4660.5500 2.04177742
4660.6000 2.08043982
4660.6500 2.11910223
4660.7000 2.15776463
4660.7500 2.1869357
4660.8000 2.20451337
4660.8500 2.22209104
4660.9000 2.23966871
4660.9500 2.23903228
4661.0000 2.2116048
4661.0500 2.18417732
4661.1000 2.15674985
4661.1500 2.14604078
4661.2000 2.16499435
4661.2500 2.18394792
4661.3000 2.20290148
4661.3500 2.21291779
4661.4000 2.20371291
4661.4500 2.19450802
4661.5000 2.18530313
4661.5500 2.18009664
4661.6000 2.1854043
4661.6500 2.19071196
4661.7000 2.19601961
4661.7500 2.19955819
4661.8000 2.19733213
4661.8500 2.19510607
4661.9000 2.19288001
4661.9500 2.1888685
4662.0000 2.17750122
4662.0500 2.16613395
4662.1000 2.15476667
4662.1500 2.1457513
4662.2000 2.14936381
4662.2500 2.15297633
4662.3000 2.15658884
4662.3500 2.15924187
4662.4000 2.1548507
4662.4500 2.15045952
4662.5000 2.14606835
4662.5500 2.14268767
4662.6000 2.15033438
4662.6500 2.15798108
4662.7000 2.16562779
4662.7500 2.17321624
4662.8000 2.17967892
4662.8500 2.1861416
4662.9000 2.19260428
4662.9500 2.19875018
4663.0000 2.18495895
4663.0500 2.17116771
4663.1000 2.15737648
4663.1500 2.14358524
4663.2000 2.13409315
4663.2500 2.1246742
4663.3000 2.11525524
4663.3500 2.10583628
4663.4000 2.09955982
4663.4500 2.09344147
4663.5000 2.08732311
4663.5500 2.08120476
4663.6000 2.0744091
4663.6500 2.06755623
4663.7000 2.06070336
4663.7500 2.05385049
4663.8000 2.06056036
4663.8500 2.0688899
4663.9000 2.07721944
4663.9500 2.08554898
4664.0000 2.09444829
4664.0500 2.10343598
4664.1000 2.11242367
4664.1500 2.12141137
4664.2000 2.11017015
4664.2500 2.09505594
4664.3000 2.07994173
4664.3500 2.06482752
4664.4000 2.0617345
4664.4500 2.06138671
4664.5000 2.06103893
4664.5500 2.06069114
4664.6000 2.05668087
4664.6500 2.05169741
4664.7000 2.04671395
4664.7500 2.04173049
4664.8000 2.05665689
4664.8500 2.07762369
4664.9000 2.09859048
4664.9500 2.11955728
4665.0000 2.1190097
4665.0500 2.11112105
4665.1000 2.10323241
4665.1500 2.09534377
4665.2000 2.09173999
4665.2500 2.08976031
4665.3000 2.08778063
4665.3500 2.08580095
4665.4000 2.08534078
4665.4500 2.0855137
4665.5000 2.08568662
4665.5500 2.08585954
4665.6000 2.08580896
4665.6500 2.08565696
4665.7000 2.08550495
4665.7500 2.08535294
4665.8000 2.07245442
4665.8500 2.05330535
4665.9000 2.03415628
4665.9500 2.01500721
4666.0000 2.01768099
4666.0500 2.03183376
4666.1000 2.04598652
4666.1500 2.06013928
4666.2000 2.06000237
4666.2500 2.05185648
4666.3000 2.04371059
4666.3500 2.0355647
4666.4000 2.02455825
4666.4500 2.0118541
4666.5000 1.99914994
4666.5500 1.98644579
4666.6000 1.98723895
4666.6500 1.99646482
4666.7000 2.00569069
4666.7500 2.01491656
4666.8000 2.01416018
4666.8500 2.00687519
4666.9000 1.9995902
4666.9500 1.99230521
4667.0000 1.99009412
4667.0500 1.99133816
4667.1000 1.9925822
4667.1500 1.99382625
4667.2000 1.9910965
4667.2500 1.98556403
4667.3000 1.98003156
4667.3500 1.97449908
4667.4000 1.97051695
4667.4500 1.96766158
4667.5000 1.96480621
4667.5500 1.96195084
4667.6000 1.96750236
4667.6500 1.97931839
4667.7000 1.99113441
4667.7500 2.00295044
4667.8000 1.99389142
4667.8500 1.96896293
4667.9000 1.94403444
4667.9500 1.91910595
4668.0000 1.91592498
4668.0500 1.92952783
4668.1000 1.94313067
4668.1500 1.95673351
4668.2000 1.96536741
4668.2500 1.97012727
4668.3000 1.97488713
4668.3500 1.97964699
4668.4000 1.96676384
4668.4500 1.9400523
4668.5000 1.91334076
4668.5500 1.88662921
4668.6000 1.86449368
4668.6500 1.84594629
4668.7000 1.8273989
4668.7500 1.80885152
4668.8000 1.82350215
4668.8500 1.86406867
4668.9000 1.9046352
4668.9500 1.94520173
4669.0000 1.95085673
4669.0500 1.92951113
4669.1000 1.90816552
4669.1500 1.88681992
4669.2000 1.87747337
4669.2500 1.87727585
4669.3000 1.87707833
4669.3500 1.87688081
4669.4000 1.88025792
4669.4500 1.8863089
4669.5000 1.89235989
4669.5500 1.89841088
4669.6000 1.90077629
4669.6500 1.90045057
4669.7000 1.90012485
4669.7500 1.89979912
4669.8000 1.90175865
4669.8500 1.90533886
4669.9000 1.90891908
4669.9500 1.9124993
4670.0000 1.89347128
4670.0500 1.85895003
4670.1000 1.82442877
4670.1500 1.78990752
4670.2000 1.80515268
4670.2500 1.85318068
4670.3000 1.90120869
4670.3500 1.94923669
4670.4000 1.95797689
4670.4500 1.94197359
4670.5000 1.92597028
4670.5500 1.90996698
4670.6000 1.9029651
4670.6500 1.90135311
4670.7000 1.89974111
4670.7500 1.89812912
4670.8000 1.90214558
4670.8500 1.90934754
4670.9000 1.9165495
4670.9500 1.92375146
4671.0000 1.91423699
4671.0500 1.89583539
4671.1000 1.8774338
4671.1500 1.85903221
4671.2000 1.86447616
4671.2500 1.88174961
4671.3000 1.89902305
4671.3500 1.9162965
4671.4000 1.9184092
4671.4500 1.9135543
4671.5000 1.90869939
4671.5500 1.90384448
4671.6000 1.92231322
4671.6500 1.95063325
4671.7000 1.97895328
4671.7500 2.00727332
4671.8000 2.0052975
4671.8500 1.99166678
4671.9000 1.97803607
4671.9500 1.96440535
4672.0000 1.95910415
4672.0500 1.95669152
4672.1000 1.95427889
4672.1500 1.95186626
4672.2000 1.952006
4672.2500 1.95293396
4672.3000 1.95386193
4672.3500 1.9547899
4672.4000 1.95534375
4672.4500 1.95579623
4672.5000 1.9562487
4672.5500 1.95670117
4672.6000 1.96126189
4672.6500 1.96678167
4672.7000 1.97230146
4672.7500 1.97782124
4672.8000 1.97062179
4672.8500 1.96092515
4672.9000 1.9512285
4672.9500 1.94153186
4673.0000 1.96540343
4673.0500 1.99463777
4673.1000 2.02387212
4673.1500 2.05310646
4673.2000 2.05501322
4673.2500 2.05353606
4673.3000 2.05205891
4673.3500 2.05058175
4673.4000 2.04465984
4673.4500 2.03834401
4673.5000 2.03202818
4673.5500 2.02571235
4673.6000 2.01195866
4673.6500 1.99780172
4673.7000 1.98364478
4673.7500 1.96948784
4673.8000 1.99986271
4673.8500 2.03115744
4673.9000 2.06245217
4673.9500 2.09321392
4674.0000 2.08067522
4674.0500 2.06813652
4674.1000 2.05559781
4674.1500 2.04373038
4674.2000 2.04585927
4674.2500 2.04798816
4674.3000 2.05011706
4674.3500 2.05075271
4674.4000 2.03435043
4674.4500 2.01794816
4674.5000 2.00154588
4674.5500 1.98755281
4674.6000 1.9918121
4674.6500 1.99607139
4674.7000 2.00033068
4674.7500 2.00347001
4674.8000 2.00044911
4674.8500 1.99742821
4674.9000 1.99440731
4674.9500 1.995158
4675.0000 2.01175224
4675.0500 2.02834648
4675.1000 2.04494071
4675.1500 2.05564661
4675.2000 2.04685273
4675.2500 2.03805885
4675.3000 2.02926497
4675.3500 2.01942359
4675.4000 2.00678983
4675.4500 1.99415607
4675.5000 1.98152231
4675.5500 1.97740161
4675.6000 1.99180452
4675.6500 2.00620744
4675.7000 2.02061035
4675.7500 2.02773617
4675.8000 2.02182083
4675.8500 2.0159055
4675.9000 2.00999016
4675.9500 2.00993986
4676.0000 2.01859051
4676.0500 2.02724116
4676.1000 2.03589181
4676.1500 2.04329043
4676.2000 2.04914861
4676.2500 2.05500678
4676.3000 2.06086496
4676.3500 2.05810903
4676.4000 2.04657484
4676.4500 2.03504066
4676.5000 2.02350647
4676.5500 2.0233184
4676.6000 2.03266352
4676.6500 2.04200864
4676.7000 2.05135376
4676.7500 2.06506236
4676.8000 2.08176877
4676.8500 2.09847518
4676.9000 2.11518159
4676.9500 2.10680502
4677.0000 2.0845214
4677.0500 2.06223779
4677.1000 2.03995417
4677.1500 2.02517769
4677.2000 2.01369429
4677.2500 2.0022109
4677.3000 1.99072751
4677.3500 1.99943429
4677.4000 2.01494039
4677.4500 2.03044648
4677.5000 2.04595258
4677.5500 2.05680252
4677.6000 2.06650493
4677.6500 2.07620735
4677.7000 2.08590976
4677.7500 2.09231405
4677.8000 2.0981711
4677.8500 2.10402815
4677.9000 2.1098852
4677.9500 2.09615126
4678.0000 2.08058141
4678.0500 2.06501157
4678.1000 2.04944172
4678.1500 2.05239587
4678.2000 2.05588047
4678.2500 2.05936507
4678.3000 2.06230671
4678.3500 2.04840026
4678.4000 2.0344938
4678.4500 2.02058735
4678.5000 2.00791961
4678.5500 2.00755174
4678.6000 2.00718388
4678.6500 2.00681601
4678.7000 2.00869655
4678.7500 2.0230255
4678.8000 2.03735445
4678.8500 2.0516834
4678.9000 2.06099083
4678.9500 2.0520389
4679.0000 2.04308698
4679.0500 2.03413506
4679.1000 2.02883772
4679.1500 2.03295576
4679.2000 2.0370738
4679.2500 2.04119184
4679.3000 2.04087912
4679.3500 2.03214533
4679.4000 2.02341154
4679.4500 2.01467776
4679.5000 2.01067979
4679.5500 2.01346546
4679.6000 2.01625113
4679.6500 2.01903679
4679.7000 2.01969513
4679.7500 2.01803673
4679.8000 2.01637833
4679.8500 2.01471994
4679.9000 2.01286846
4679.9500 2.0108574
4680.0000 2.00884634
4680.0500 2.00683528
4680.1000 2.00597059
4680.1500 2.00581602
4680.2000 2.00566144
4680.2500 2.00550687
4680.3000 2.00707713
4680.3500 2.00942694
4680.4000 2.01177674
4680.4500 2.01412655
4680.5000 2.00999236
4680.5500 2.00382378
4680.6000 1.99765521
4680.6500 1.99148663
4680.7000 1.98348906
4680.7500 1.97512967
4680.8000 1.96677028
4680.8500 1.95841089
4680.9000 1.97045435
4680.9500 1.98452223
4681.0000 1.9985901
4681.0500 2.01265798
4681.1000 2.01774124
4681.1500 2.02269549
4681.2000 2.02764973
4681.2500 2.03119361
4681.3000 2.01382201
4681.3500 1.99645041
4681.4000 1.9790788
4681.4500 1.96322519
4681.5000 1.95656472
4681.5500 1.94990425
4681.6000 1.94324378
4681.6500 1.94229195
4681.7000 1.96140516
4681.7500 1.98051837
4681.8000 1.99963158
4681.8500 2.00865889
4681.9000 1.99442836
4681.9500 1.98019784
4682.0000 1.96596732
4682.0500 1.95717923
4682.1000 1.9570961
4682.1500 1.95701296
4682.2000 1.95692982
4682.2500 1.96630305
4682.3000 1.98642017
4682.3500 2.00653729
4682.4000 2.02665441
4682.4500 2.0358478
4682.5000 2.03620375
4682.5500 2.03655971
4682.6000 2.03691567
4682.6500 2.03479997
4682.7000 2.03128591
4682.7500 2.02777185
4682.8000 2.02425779
4682.8500 2.01124009
4682.9000 1.9946315
4682.9500 1.9780229
4683.0000 1.9614143
4683.0500 1.98053635
4683.1000 2.00781766
4683.1500 2.03509897
4683.2000 2.06238029
4683.2500 2.05448563
4683.3000 2.04284025
4683.3500 2.03119487
4683.4000 2.0195495
4683.4500 2.00687531
4683.5000 1.99419536
4683.5500 1.98151541
4683.6000 1.97135949
4683.6500 1.98788685
4683.7000 2.00441421
4683.7500 2.02094157
4683.8000 2.03640989
4683.8500 2.04704196
4683.9000 2.05767403
4683.9500 2.0683061
4684.0000 2.07277953
4684.0500 2.06094199
4684.1000 2.04910444
4684.1500 2.0372669
4684.2000 2.02402344
4684.2500 2.00838369
4684.3000 1.99274393
4684.3500 1.97710418
4684.4000 1.98591218
4684.4500 2.02266147
4684.5000 2.05941076
4684.5500 2.09616005
4684.6000 2.10746479
4684.6500 2.09916207
4684.7000 2.09085934
4684.7500 2.08255662
4684.8000 2.07386922
4684.8500 2.06498728
4684.9000 2.05610533
4684.9500 2.04722339
4685.0000 2.04730106
4685.0500 2.05013549
4685.1000 2.05296992
4685.1500 2.05580435
4685.2000 2.04764463
4685.2500 2.03779122
4685.3000 2.02793782
4685.3500 2.01808442
4685.4000 2.02179767
4685.4500 2.02593711
4685.5000 2.03007655
4685.5500 2.03409974
4685.6000 2.03666401
4685.6500 2.03922827
4685.7000 2.04179253
4685.7500 2.04460875
4685.8000 2.04857834
4685.8500 2.05254793
4685.9000 2.05651753
4685.9500 2.05840885
4686.0000 2.05511177
4686.0500 2.05181469
4686.1000 2.04851761
4686.1500 2.04677391
4686.2000 2.04742001
4686.2500 2.0480661
4686.3000 2.0487122
4686.3500 2.044333
4686.4000 2.03499072
4686.4500 2.02564844
4686.5000 2.01630616
4686.5500 2.032959
4686.6000 2.06598751
4686.6500 2.09901601
4686.7000 2.13204452
4686.7500 2.12906105
4686.8000 2.11242782
4686.8500 2.09579458
4686.9000 2.07916135
4686.9500 2.06439976
4687.0000 2.04999998
4687.0500 2.0356002
4687.1000 2.02120041
4687.1500 2.02843662
4687.2000 2.03676144
4687.2500 2.04508626
4687.3000 2.05209122
4687.3500 2.0408381
4687.4000 2.02958499
4687.4500 2.01833187
4687.5000 2.01370051
4687.5500 2.03844166
4687.6000 2.0631828
4687.6500 2.08792395
4687.7000 2.10017017
4687.7500 2.083503
4687.8000 2.06683583
4687.8500 2.05016866
4687.9000 2.04341797
4687.9500 2.05031865
4688.0000 2.05721932
4688.0500 2.06412
4688.1000 2.06740564
4688.1500 2.0676243
4688.2000 2.06784296
4688.2500 2.06806163
4688.3000 2.0702325
4688.3500 2.07339795
4688.4000 2.0765634
4688.4500 2.07972885
4688.5000 2.08714067
4688.5500 2.09571414
4688.6000 2.10428762
4688.6500 2.11286109
4688.7000 2.09650615
4688.7500 2.07765983
4688.8000 2.05881351
4688.8500 2.04066566
4688.9000 2.04217348
4688.9500 2.0436813
4689.0000 2.04518913
4689.0500 2.04478427
4689.1000 2.03439174
4689.1500 2.02399922
4689.2000 2.01360669
4689.2500 2.00393369
4689.3000 1.99603629
4689.3500 1.9881389
4689.4000 1.98024151
4689.4500 1.98915755
4689.5000 2.02155642
4689.5500 2.05395529
4689.6000 2.08635416
4689.6500 2.08750125
4689.7000 2.06280434
4689.7500 2.03810743
4689.8000 2.01341053
4689.8500 2.01085066
4689.9000 2.0187704
4689.9500 2.02669015
4690.0000 2.03460989
4690.0500 2.0408687
4690.1000 2.04674115
4690.1500 2.0526136
4690.2000 2.05848606
4690.2500 2.04468548
4690.3000 2.02974216
4690.3500 2.01479884
4690.4000 2.00078336
4690.4500 1.99741581
4690.5000 1.99404826
4690.5500 1.9906807
4690.6000 1.98780902
4690.6500 1.98673245
4690.7000 1.98565589
4690.7500 1.98457932
4690.8000 1.98280865
4690.8500 1.97977118
4690.9000 1.9767337
4690.9500 1.97369622
4691.0000 1.97270215
4691.0500 1.97381177
4691.1000 1.9749214
4691.1500 1.97603103
4691.2000 1.9755868
4691.2500 1.97424061
4691.3000 1.97289442
4691.3500 1.97154824
4691.4000 1.97099926
4691.4500 1.97068312
4691.5000 1.97036697
4691.5500 1.97005083
4691.6000 1.97659748
4691.6500 1.98376989
4691.7000 1.9909423
4691.7500 1.9970707
4691.8000 1.98688611
4691.8500 1.97670152
4691.9000 1.96651693
4691.9500 1.96175664
4692.0000 1.97801922
4692.0500 1.9942818
4692.1000 2.01054438
4692.1500 2.02518023
4692.2000 2.03681202
4692.2500 2.04844382
4692.3000 2.06007562
4692.3500 2.04761438
4692.4000 2.01093602
4692.4500 1.97425766
4692.5000 1.93757929
4692.5500 1.92915592
4692.6000 1.93612252
4692.6500 1.94308913
4692.7000 1.95005573
4692.7500 1.9748247
4692.8000 2.00411992
4692.8500 2.03341513
4692.9000 2.06271035
4692.9500 2.04152948
4693.0000 2.01760433
4693.0500 1.99367918
4693.1000 1.97217405
4693.1500 1.97225179
4693.2000 1.97232953
4693.2500 1.97240726
4693.3000 1.97604846
4693.3500 1.99013076
4693.4000 2.00421306
4693.4500 2.01829536
4693.5000 2.02164407
4693.5500 2.00950327
4693.6000 1.99736248
4693.6500 1.98522169
4693.7000 1.97418827
4693.7500 1.96400594
4693.8000 1.95382361
4693.8500 1.94364128
4693.9000 1.95485184
4693.9500 1.97426762
4694.0000 1.9936834
4694.0500 2.01309918
4694.1000 2.00870702
4694.1500 2.00111044
4694.2000 1.99351386
4694.2500 1.98674885
4694.3000 1.99933207
4694.3500 2.01191528
4694.4000 2.0244985
4694.4500 2.02476925
4694.5000 1.97648577
4694.5500 1.92820229
4694.6000 1.87991881
4694.6500 1.85929733
4694.7000 1.88688193
4694.7500 1.91446653
4694.8000 1.94205113
4694.8500 1.96356006
4694.9000 1.97964143
4694.9500 1.99572279
4695.0000 2.01180416
4695.0500 2.00775401
4695.1000 1.99478468
4695.1500 1.98181535
4695.2000 1.96884601
4695.2500 1.97529741
4695.3000 1.98493581
4695.3500 1.99457422
4695.4000 2.00397935
4695.4500 2.00475658
4695.5000 2.00553382
4695.5500 2.00631105
4695.6000 2.00523423
4695.6500 1.99649696
4695.7000 1.98775969
4695.7500 1.97902242
4695.8000 1.98477878
4695.8500 2.01578801
4695.9000 2.04679725
4695.9500 2.07780648
4696.0000 2.07148876
4696.0500 2.0328168
4696.1000 1.99414484
4696.1500 1.95547288
4696.2000 1.94641344
4696.2500 1.94956958
4696.3000 1.95272571
4696.3500 1.95588185
4696.4000 1.94736202
4696.4500 1.93727229
4696.5000 1.92718256
4696.5500 1.91801698
4696.6000 1.92435719
4696.6500 1.9306974
4696.7000 1.93703762
4696.7500 1.9420774
4696.8000 1.94281861
4696.8500 1.94355982
4696.9000 1.94430103
4696.9500 1.95378248
4697.0000 1.97586616
4697.0500 1.99794984
4697.1000 2.02003352
4697.1500 2.01957131
4697.2000 2.00331371
4697.2500 1.9870561
4697.3000 1.9707985
4697.3500 1.96332042
4697.4000 1.95849767
4697.4500 1.95367491
4697.5000 1.94885215
4697.5500 1.9489457
4697.6000 1.9493046
4697.6500 1.9496635
4697.7000 1.95050104
4697.7500 1.95451257
4697.8000 1.95852409
4697.8500 1.96253562
4697.9000 1.96350376
4697.9500 1.95783972
4698.0000 1.95217567
4698.0500 1.94651163
4698.1000 1.95586148
4698.1500 1.98026775
4698.2000 2.00467402
4698.2500 2.0290803
4698.3000 2.02117479
4698.3500 1.99843058
4698.4000 1.97568638
4698.4500 1.95294218
4698.5000 1.94787358
4698.5500 1.94538705
4698.6000 1.94290052
4698.6500 1.94042763
4698.7000 1.93816467
4698.7500 1.93590172
4698.8000 1.93363876
4698.8500 1.93038713
4698.9000 1.92418183
4698.9500 1.91797654
4699.0000 1.91177124
4699.0500 1.90505587
4699.1000 1.89769596
4699.1500 1.89033606
4699.2000 1.88297616
4699.2500 1.89785232
4699.3000 1.92556342
4699.3500 1.95327452
4699.4000 1.98098562
4699.4500 1.97140455
4699.5000 1.95405119
4699.5500 1.93669783
4699.6000 1.91975187
4699.6500 1.92068374
4699.7000 1.92161562
4699.7500 1.92254749
4699.8000 1.92895656
4699.8500 1.95498059
4699.9000 1.98100462
4699.9500 2.00702864
4700.0000 2.01610591
4700.0500 2.00134728
4700.1000 1.98658865
4700.1500 1.97183002
4700.2000 1.95728305
4700.2500 1.94286912
4700.3000 1.92845519
4700.3500 1.91404126
4700.4000 1.91528975
4700.4500 1.92012172
4700.5000 1.92495369
4700.5500 1.9297616
4700.6000 1.93296967
4700.6500 1.93617775
4700.7000 1.93938582
4700.7500 1.93806493
4700.8000 1.92041035
4700.8500 1.90275577
4700.9000 1.88510119
4700.9500 1.88525783
4701.0000 1.90994994
4701.0500 1.93464205
4701.1000 1.95933417
4701.1500 1.95788766
4701.2000 1.94078332
4701.2500 1.92367897
4701.3000 1.90657463
4701.3500 1.88586734
4701.4000 1.86442944
4701.4500 1.84299154
4701.5000 1.82345814
4701.5500 1.85124461
4701.6000 1.87903108
4701.6500 1.90681756
4701.7000 1.9273716
4701.7500 1.92590399
4701.8000 1.92443638
4701.8500 1.92296877
4701.9000 1.93109848
4701.9500 1.95063061
4702.0000 1.97016273
4702.0500 1.98969485
4702.1000 1.99393742
4702.1500 1.99058339
4702.2000 1.98722935
4702.2500 1.98387532
4702.3000 1.94648448
4702.3500 1.90446872
4702.4000 1.86245297
4702.4500 1.82422288
4702.5000 1.82250755
4702.5500 1.82079222
4702.6000 1.81907689
4702.6500 1.82500745
4702.7000 1.84805585
4702.7500 1.87110425
4702.8000 1.89415265
4702.8500 1.9003363
4702.9000 1.89125087
4702.9500 1.88216543
4703.0000 1.87308
4703.0500 1.8534602
4703.1000 1.83018057
4703.1500 1.80690094
4703.2000 1.78362131
4703.2500 1.80957034
4703.3000 1.83753054
4703.3500 1.86549074
4703.4000 1.88827089
4703.4500 1.88754825
4703.5000 1.8868256
4703.5500 1.88610295
4703.6000 1.88563309
4703.6500 1.88553972
4703.7000 1.88544635
4703.7500 1.88535297
4703.8000 1.87581567
4703.8500 1.86058941
4703.9000 1.84536315
4703.9500 1.83013689
4704.0000 1.82183437
4704.0500 1.81477587
4704.1000 1.80771737
4704.1500 1.80151559
4704.2000 1.80626198
4704.2500 1.81100838
4704.3000 1.81575477
4704.3500 1.81382737
4704.4000 1.79623201
4704.4500 1.77863666
4704.5000 1.7610413
4704.5500 1.76578062
4704.6000 1.79063725
4704.6500 1.81549389
4704.7000 1.84035053
4704.7500 1.8408399
4704.8000 1.83341251
4704.8500 1.82598513
4704.9000 1.81855774
4704.9500 1.79100664
4705.0000 1.76314287
4705.0500 1.7352791
4705.1000 1.71899868
4705.1500 1.74479048
4705.2000 1.77058229
4705.2500 1.7963741
4705.3000 1.805876
4705.3500 1.79533297
4705.4000 1.78478994
4705.4500 1.77424691
4705.5000 1.7609585
4705.5500 1.74639019
4705.6000 1.73182188
4705.6500 1.71725357
4705.7000 1.76098883
4705.7500 1.81000122
4705.8000 1.8590136
4705.8500 1.89359164
4705.9000 1.84840414
4705.9500 1.80321663
4706.0000 1.75802913
4706.0500 1.73854817
4706.1000 1.75915288
4706.1500 1.77975759
4706.2000 1.8003623
4706.2500 1.80704549
4706.3000 1.80553423
4706.3500 1.80402297
4706.4000 1.80251171
4706.4500 1.79617562
4706.5000 1.78911537
4706.5500 1.78205512
4706.6000 1.7769779
4706.6500 1.7878186
4706.7000 1.79865929
4706.7500 1.80949999
4706.8000 1.82217706
4706.8500 1.8382152
4706.9000 1.85425334
4706.9500 1.87029148
4707.0000 1.87307542
4707.0500 1.86691717
4707.1000 1.86075892
4707.1500 1.85460066
4707.2000 1.84026172
4707.2500 1.82439006
4707.3000 1.8085184
4707.3500 1.79521941
4707.4000 1.80840259
4707.4500 1.82158576
4707.5000 1.83476894
4707.5500 1.84693706
4707.6000 1.85710058
4707.6500 1.86726411
4707.7000 1.87742763
4707.7500 1.87207674
4707.8000 1.8557207
4707.8500 1.83936467
4707.9000 1.82300863
4707.9500 1.83095167
4708.0000 1.84369101
4708.0500 1.85643034
4708.1000 1.86693487
4708.1500 1.85385424
4708.2000 1.8407736
4708.2500 1.82769297
4708.3000 1.82844413
4708.3500 1.85613873
4708.4000 1.88383332
4708.4500 1.91152791
4708.5000 1.90324928
4708.5500 1.87029654
4708.6000 1.8373438
4708.6500 1.80439106
4708.7000 1.80929406
4708.7500 1.82096383
4708.8000 1.8326336
4708.8500 1.84110961
4708.9000 1.82231132
4708.9500 1.80351303
4709.0000 1.78471474
4709.0500 1.76825584
4709.1000 1.75590997
4709.1500 1.74356411
4709.2000 1.73121825
4709.2500 1.74130619
4709.3000 1.76505288
4709.3500 1.78879958
4709.4000 1.81254628
4709.4500 1.82166929
4709.5000 1.82883274
4709.5500 1.83599619
4709.6000 1.83880225
4709.6500 1.81557433
4709.7000 1.7923464
4709.7500 1.76911848
4709.8000 1.75873741
4709.8500 1.76713754
4709.9000 1.77553767
4709.9500 1.7839378
4710.0000 1.78680298
4710.0500 1.78694524
4710.1000 1.7870875
4710.1500 1.78722976
4710.2000 1.80288026
4710.2500 1.81959801
4710.3000 1.83631576
4710.3500 1.85067508
4710.4000 1.85573083
4710.4500 1.86078658
4710.5000 1.86584233
4710.5500 1.86623556
4710.6000 1.8613736
4710.6500 1.85651163
4710.7000 1.85164967
4710.7500 1.852708
4710.8000 1.85585423
4710.8500 1.85900046
4710.9000 1.86180491
4710.9500 1.82975084
4711.0000 1.79769678
4711.0500 1.76564271
4711.1000 1.74842627
4711.1500 1.76909801
4711.2000 1.78976975
4711.2500 1.81044149
4711.3000 1.81064295
4711.3500 1.79439034
4711.4000 1.77813773
4711.4500 1.76188511
4711.5000 1.76768464
4711.5500 1.77804485
4711.6000 1.78840505
4711.6500 1.79756995
4711.7000 1.79645294
4711.7500 1.79533593
4711.8000 1.79421893
4711.8500 1.7947698
4711.9000 1.79803117
4711.9500 1.80129254
4712.0000 1.80455391
4712.0500 1.81841822
4712.1000 1.83776909
4712.1500 1.85711996
4712.2000 1.87647082
4712.2500 1.87986932
4712.3000 1.88221944
4712.3500 1.88456956
4712.4000 1.88081678
4712.4500 1.85529246
4712.5000 1.82976814
4712.5500 1.80424382
4712.6000 1.79474087
4712.6500 1.80120648
4712.7000 1.8076721
4712.7500 1.81413771
4712.8000 1.81715761
4712.8500 1.81922807
4712.9000 1.82129854
4712.9500 1.82386562
4713.0000 1.83319504
4713.0500 1.84252446
4713.1000 1.85185388
4713.1500 1.85896362
4713.2000 1.86202488
4713.2500 1.86508614
4713.3000 1.8681474
4713.3500 1.86186627
4713.4000 1.85035514
4713.4500 1.83884401
4713.5000 1.82733288
4713.5500 1.82815932
4713.6000 1.82992355
4713.6500 1.83168777
4713.7000 1.83642231
4713.7500 1.85175632
4713.8000 1.86709034
4713.8500 1.88242435
4713.9000 1.88567917
4713.9500 1.87731453
4714.0000 1.86894989
4714.0500 1.86058525
4714.1000 1.838835
4714.1500 1.81377559
4714.2000 1.78871618
4714.2500 1.76652392
4714.3000 1.77159859
4714.3500 1.77667325
4714.4000 1.78174792
4714.4500 1.79333603
4714.5000 1.81512102
4714.5500 1.83690602
4714.6000 1.85869102
4714.6500 1.87457622
4714.7000 1.88775719
4714.7500 1.90093816
4714.8000 1.91411913
4714.8500 1.88597588
4714.9000 1.8571135
4714.9500 1.82825112
4715.0000 1.80325054
4715.0500 1.78811327
4715.1000 1.77297599
4715.1500 1.75783872
4715.2000 1.76355209
4715.2500 1.78429503
4715.3000 1.80503797
4715.3500 1.82578092
4715.4000 1.81996019
4715.4500 1.81059062
4715.5000 1.80122104
4715.5500 1.78922128
4715.6000 1.76559246
4715.6500 1.74196365
4715.7000 1.71833484
4715.7500 1.71020171
4715.8000 1.71832361
4715.8500 1.72644551
4715.9000 1.73456741
4715.9500 1.77054329
4716.0000 1.81379402
4716.0500 1.85704476
4716.1000 1.89053508
4716.1500 1.83525143
4716.2000 1.77996778
4716.2500 1.72468414
4716.3000 1.69384035
4716.3500 1.69868184
4716.4000 1.70352334
4716.4500 1.70836483
4716.5000 1.73875669
4716.5500 1.77932343
4716.6000 1.81989016
4716.6500 1.85864758
4716.7000 1.82735855
4716.7500 1.79606952
4716.8000 1.76478049
4716.8500 1.74709405
4716.9000 1.75623478
4716.9500 1.76537551
4717.0000 1.77451625
4717.0500 1.79756218
4717.1000 1.82812846
4717.1500 1.85869474
4717.2000 1.88926101
4717.2500 1.8828034
4717.3000 1.87491667
4717.3500 1.86702994
4717.4000 1.8540899
4717.4500 1.82802253
4717.5000 1.80195516
4717.5500 1.7758878
4717.6000 1.77162425
4717.6500 1.7822421
4717.7000 1.79285996
4717.7500 1.80347782
4717.8000 1.81687459
4717.8500 1.83053939
4717.9000 1.8442042
4717.9500 1.85356273
4718.0000 1.84858521
4718.0500 1.8436077
4718.1000 1.83863018
4718.1500 1.8340322
4718.2000 1.82974321
4718.2500 1.82545422
4718.3000 1.82116523
4718.3500 1.80383861
4718.4000 1.78461147
4718.4500 1.76538432
4718.5000 1.75361594
4718.5500 1.77252355
4718.6000 1.79143116
4718.6500 1.81033877
4718.7000 1.82520773
4718.7500 1.83634405
4718.8000 1.84748038
4718.8500 1.85861671
4718.9000 1.87720867
4718.9500 1.89716745
4719.0000 1.91712623
4719.0500 1.92700116
4719.1000 1.88824595
4719.1500 1.84949074
4719.2000 1.81073553
4719.2500 1.80320619
4719.3000 1.82694008
4719.3500 1.85067397
4719.4000 1.87440785
4719.4500 1.87688952
4719.5000 1.87498567
4719.5500 1.87308181
4719.6000 1.86646802
4719.6500 1.83502925
4719.7000 1.80359048
4719.7500 1.77215171
4719.8000 1.77109872
4719.8500 1.80150964
4719.9000 1.83192056
4719.9500 1.86233148
4720.0000 1.86738263
4720.0500 1.86703151
4720.1000 1.86668039
4720.1500 1.85903391
4720.2000 1.81273441
4720.2500 1.76643491
4720.3000 1.72013541
4720.3500 1.71593865
4720.4000 1.75479009
4720.4500 1.79364153
4720.5000 1.83249298
4720.5500 1.82022063
4720.6000 1.79758168
4720.6500 1.77494273
4720.7000 1.75802973
4720.7500 1.76913988
4720.8000 1.78025003
4720.8500 1.79136018
4720.9000 1.80497584
4720.9500 1.82100646
4721.0000 1.83703708
4721.0500 1.8530677
4721.1000 1.84159294
4721.1500 1.82526542
4721.2000 1.80893789
4721.2500 1.79812964
4721.3000 1.81052635
4721.3500 1.82292307
4721.4000 1.83531978
4721.4500 1.83699281
4721.5000 1.82936594
4721.5500 1.82173907
4721.6000 1.8141122
4721.6500 1.822176
4721.7000 1.83237438
4721.7500 1.84257277
4721.8000 1.84745209
4721.8500 1.83413924
4721.9000 1.82082639
4721.9500 1.80751354
4722.0000 1.79069195
4722.0500 1.7712611
4722.1000 1.75183026
4722.1500 1.73239941
4722.2000 1.75965838
4722.2500 1.79086295
4722.3000 1.82206752
4722.3500 1.83914979
4722.4000 1.81842197
4722.4500 1.79769415
4722.5000 1.77696633
4722.5500 1.78655632
4722.6000 1.81448605
4722.6500 1.84241579
4722.7000 1.87034552
4722.7500 1.82297579
4722.8000 1.77371695
4722.8500 1.72445811
4722.9000 1.70362122
4722.9500 1.74068344
4723.0000 1.77774566
4723.0500 1.81480788
4723.1000 1.82441327
4723.1500 1.82135057
4723.2000 1.81828786
4723.2500 1.81562439
4723.3000 1.82239473
4723.3500 1.82916508
4723.4000 1.83593542
4723.4500 1.84305405
4723.5000 1.85069899
4723.5500 1.85834394
4723.6000 1.86598889
4723.6500 1.84585972
4723.7000 1.81682051
4723.7500 1.78778129
4723.8000 1.76509299
4723.8500 1.7901909
4723.9000 1.8152888
4723.9500 1.84038671
4724.0000 1.84869608
4724.0500 1.83873039
4724.1000 1.8287647
4724.1500 1.81879902
4724.2000 1.84576095
4724.2500 1.8796738
4724.3000 1.91358664
4724.3500 1.93078485
4724.4000 1.88342723
4724.4500 1.83606962
4724.5000 1.78871201
4724.5500 1.77222694
4724.6000 1.77893294
4724.6500 1.78563895
4724.7000 1.79234495
4724.7500 1.77316071
4724.8000 1.75225665
4724.8500 1.7313526
4724.9000 1.72429916
4724.9500 1.74870661
4725.0000 1.77311407
4725.0500 1.79752153
4725.1000 1.78867538
4725.1500 1.76381357
4725.2000 1.73895177
4725.2500 1.7147035
4725.3000 1.70332837
4725.3500 1.69195324
4725.4000 1.68057812
4725.4500 1.68180232
4725.5000 1.70061639
4725.5500 1.71943045
4725.6000 1.73824452
4725.6500 1.74567886
4725.7000 1.75009724
4725.7500 1.75451562
4725.8000 1.7521161
4725.8500 1.71519951
4725.9000 1.67828292
4725.9500 1.64136632
4726.0000 1.64690089
4726.0500 1.68849768
4726.1000 1.73009448
4726.1500 1.77169127
4726.2000 1.76925935
4726.2500 1.76288041
4726.3000 1.75650146
4726.3500 1.74918666
4726.4000 1.73964677
4726.4500 1.73010688
4726.5000 1.72056699
4726.5500 1.7323297
4726.6000 1.7543162
4726.6500 1.7763027
4726.7000 1.79782214
4726.7500 1.81156316
4726.8000 1.82530418
4726.8500 1.8390452
4726.9000 1.84494282
4726.9500 1.84081244
4727.0000 1.83668207
4727.0500 1.83255169
4727.1000 1.8394959
4727.1500 1.84883143
4727.2000 1.85816697
4727.2500 1.84927254
4727.3000 1.77064706
4727.3500 1.69202158
4727.4000 1.61339609
4727.4500 1.60928694
4727.5000 1.65623974
4727.5500 1.70319255
4727.6000 1.75014536
4727.6500 1.72499932
4727.7000 1.69844343
4727.7500 1.67188753
4727.8000 1.66699011
4727.8500 1.6990409
4727.9000 1.73109169
4727.9500 1.76314249
4728.0000 1.74872041
4728.0500 1.71958994
4728.1000 1.69045947
4728.1500 1.66987898
4728.2000 1.69739684
4728.2500 1.7249147
4728.3000 1.75243256
4728.3500 1.75314692
4728.4000 1.73135471
4728.4500 1.7095625
4728.5000 1.68777029
4728.5500 1.69460361
4728.6000 1.70334491
4728.6500 1.71208621
4728.7000 1.70869553
4728.7500 1.68097766
4728.8000 1.6532598
4728.8500 1.62554193
4728.9000 1.62805291
4728.9500 1.64178408
4729.0000 1.65551525
4729.0500 1.66845316
4729.1000 1.67594556
4729.1500 1.68343796
4729.2000 1.69093036
4729.2500 1.70196857
4729.3000 1.71619819
4729.3500 1.7304278
4729.4000 1.74465742
4729.4500 1.75793471
4729.5000 1.77113674
4729.5500 1.78433877
4729.6000 1.79064585
4729.6500 1.78285978
4729.7000 1.77507371
4729.7500 1.76728764
4729.8000 1.73230507
4729.8500 1.68734401
4729.9000 1.64238296
4729.9500 1.60722138
4730.0000 1.63434243
4730.0500 1.66146348
4730.1000 1.68858453
4730.1500 1.69493401
4730.2000 1.68370434
4730.2500 1.67247467
4730.3000 1.661245
4730.3500 1.63917604
4730.4000 1.61651973
4730.4500 1.59386343
4730.5000 1.58727693
4730.5500 1.6096489
4730.6000 1.63202086
4730.6500 1.65439283
4730.7000 1.66264729
4730.7500 1.66660042
4730.8000 1.67055356
4730.8500 1.67010272
4730.9000 1.64922601
4730.9500 1.62834931
4731.0000 1.60747261
4731.0500 1.60512707
4731.1000 1.61568214
4731.1500 1.62623721
4731.2000 1.63680933
4731.2500 1.65290401
4731.3000 1.6689987
4731.3500 1.68509339
4731.4000 1.68134686
4731.4500 1.64996213
4731.5000 1.6185774
4731.5500 1.58719267
4731.6000 1.58289064
4731.6500 1.58397866
4731.7000 1.58506667
4731.7500 1.59200056
4731.8000 1.61633784
4731.8500 1.64067513
4731.9000 1.66501241
4731.9500 1.66482877
4732.0000 1.65257757
4732.0500 1.64032637
4732.1000 1.62635591
4732.1500 1.59505011
4732.2000 1.5637443
4732.2500 1.5324385
4732.3000 1.53571575
4732.3500 1.57201007
4732.4000 1.60830439
4732.4500 1.64459871
4732.5000 1.60076966
4732.5500 1.55130144
4732.6000 1.50183321
4732.6500 1.48505723
4732.7000 1.5268521
4732.7500 1.56864696
4732.8000 1.61044183
4732.8500 1.62092146
4732.9000 1.62274806
4732.9500 1.62457465
4733.0000 1.61916167
4733.0500 1.58652968
4733.1000 1.5538977
4733.1500 1.52126571
4733.2000 1.52737453
4733.2500 1.55546499
4733.3000 1.58355546
4733.3500 1.61016841
4733.4000 1.61627573
4733.4500 1.62238305
4733.5000 1.62849036
4733.5500 1.63863413
4733.6000 1.65285108
4733.6500 1.66706802
4733.7000 1.68128497
4733.7500 1.65663093
4733.8000 1.62903183
4733.8500 1.60143272
4733.9000 1.57663686
4733.9500 1.55676619
4734.0000 1.53689552
4734.0500 1.51702485
4734.1000 1.49674748
4734.1500 1.47636663
4734.2000 1.45598579
4734.2500 1.45575264
4734.3000 1.52186206
4734.3500 1.58797147
4734.4000 1.65408089
4734.4500 1.64323216
4734.5000 1.59448398
4734.5500 1.54573581
4734.6000 1.50851725
4734.6500 1.56610413
4734.7000 1.62369102
4734.7500 1.6812779
4734.8000 1.7111059
4734.8500 1.71805049
4734.9000 1.72499508
4734.9500 1.73193967
4735.0000 1.72239434
4735.0500 1.71266828
4735.1000 1.70294222
4735.1500 1.68271925
4735.2000 1.64866638
4735.2500 1.61461351
4735.3000 1.58056064
4735.3500 1.58124345
4735.4000 1.58688187
4735.4500 1.5925203
4735.5000 1.59199103
4735.5500 1.5783621
4735.6000 1.56473316
4735.6500 1.55110423
4735.7000 1.5688752
4735.7500 1.59621743
4735.8000 1.62355965
4735.8500 1.63711842
4735.9000 1.60004743
4735.9500 1.56297644
4736.0000 1.52590544
4736.0500 1.5177176
4736.1000 1.52421784
4736.1500 1.53071808
4736.2000 1.53627356
4736.2500 1.53442206
4736.3000 1.53257055
4736.3500 1.53071904
4736.4000 1.54199383
4736.4500 1.56338859
4736.5000 1.58478336
4736.5500 1.60486538
4736.6000 1.55133164
4736.6500 1.49779791
4736.7000 1.44426417
4736.7500 1.43440126
4736.8000 1.47345044
4736.8500 1.51249961
4736.9000 1.55154878
4736.9500 1.56876847
4737.0000 1.58427384
4737.0500 1.59977921
4737.1000 1.59578999
4737.1500 1.56052748
4737.2000 1.52526496
4737.2500 1.49000245
4737.3000 1.50385911
4737.3500 1.52692454
4737.4000 1.54998998
4737.4500 1.56742572
4737.5000 1.57182292
4737.5500 1.57622011
4737.6000 1.58061731
4737.6500 1.57351286
4737.7000 1.56282252
4737.7500 1.55213217
4737.8000 1.5430013
4737.8500 1.5392602
4737.9000 1.5355191
4737.9500 1.531778
4738.0000 1.55235337
4738.0500 1.58396583
4738.1000 1.61557829
4738.1500 1.64047386
4738.2000 1.628049
4738.2500 1.61562414
4738.3000 1.60319927
4738.3500 1.59628321
4738.4000 1.59276411
4738.4500 1.58924502
4738.5000 1.58581301
4738.5500 1.58330742
4738.6000 1.58080184
4738.6500 1.57829626
4738.7000 1.58348325
4738.7500 1.5948481
4738.8000 1.60621296
4738.8500 1.61675718
4738.9000 1.59476469
4738.9500 1.5727722
4739.0000 1.55077971
4739.0500 1.55442397
4739.1000 1.58412675
4739.1500 1.61382952
4739.2000 1.64353229
4739.2500 1.60546496
4739.3000 1.56519789
4739.3500 1.52493081
4739.4000 1.4999169
4739.4500 1.49411841
4739.5000 1.48831992
4739.5500 1.48252142
4739.6000 1.48721444
4739.6500 1.49284701
4739.7000 1.49847957
4739.7500 1.51819607
4739.8000 1.55953718
4739.8500 1.60087829
4739.9000 1.64221941
4739.9500 1.61403335
4740.0000 1.57567273
4740.0500 1.5373121
4740.1000 1.52234625
4740.1500 1.550525
4740.2000 1.57870374
4740.2500 1.60688248
4740.3000 1.63173965
4740.3500 1.65592691
4740.4000 1.68011417
4740.4500 1.6880427
4740.5000 1.66046117
4740.5500 1.63287965
4740.6000 1.60529812
4740.6500 1.60176582
4740.7000 1.60434818
4740.7500 1.60693054
4740.8000 1.58657691
4740.8500 1.50777702
4740.9000 1.42897712
4740.9500 1.35017722
4741.0000 1.38969331
4741.0500 1.46501096
4741.1000 1.54032861
4741.1500 1.58782095
4741.2000 1.55397413
4741.2500 1.52012731
4741.3000 1.48628049
4741.3500 1.50055002
4741.4000 1.53142684
4741.4500 1.56230366
4741.5000 1.59150057
4741.5500 1.61517541
4741.6000 1.63885025
4741.6500 1.66252509
4741.7000 1.64433215
4741.7500 1.61021255
4741.8000 1.57609296
4741.8500 1.55313926
4741.9000 1.570494
4741.9500 1.58784874
4742.0000 1.60520348
4742.0500 1.62051349
4742.1000 1.63499134
4742.1500 1.64946919
4742.2000 1.65622091
4742.2500 1.63317349
4742.3000 1.61012606
4742.3500 1.58707864
4742.4000 1.62681025
4742.4500 1.69314499
4742.5000 1.75947974
4742.5500 1.80598411
4742.6000 1.77325054
4742.6500 1.74051697
4742.7000 1.7077834
4742.7500 1.64883469
4742.8000 1.57861335
4742.8500 1.50839201
4742.9000 1.45608066
4742.9500 1.47551871
4743.0000 1.49495677
4743.0500 1.51439482
4743.1000 1.57609666
4743.1500 1.65577888
4743.2000 1.7354611
4743.2500 1.78923681
4743.3000 1.74233304
4743.3500 1.69542927
4743.4000 1.6485255
4743.4500 1.64167398
4743.5000 1.65125358
4743.5500 1.66083318
4743.6000 1.67079029
4743.6500 1.68212678
4743.7000 1.69346328
4743.7500 1.70479977
4743.8000 1.66875833
4743.8500 1.61447182
4743.9000 1.5601853
4743.9500 1.52123905
4744.0000 1.53353286
4744.0500 1.54582667
4744.1000 1.55812049
4744.1500 1.57851736
4744.2000 1.60175883
4744.2500 1.6250003
4744.3000 1.64209031
4744.3500 1.64084876
4744.4000 1.63960722
4744.4500 1.63836568
4744.5000 1.63676493
4744.5500 1.63505304
4744.6000 1.63334114
4744.6500 1.60975068
4744.7000 1.52917707
4744.7500 1.44860346
4744.8000 1.36802984
4744.8500 1.37034749
4744.9000 1.39436671
4744.9500 1.41838594
4745.0000 1.43737594
4745.0500 1.44511567
4745.1000 1.45285541
4745.1500 1.46059514
4745.2000 1.48893045
4745.2500 1.52158387
4745.3000 1.55423729
4745.3500 1.57033219
4745.4000 1.55509507
4745.4500 1.53985795
4745.5000 1.52462082
4745.5500 1.43354302
4745.6000 1.33074725
4745.6500 1.22795148
4745.7000 1.19504234
4745.7500 1.27240591
4745.8000 1.34976947
4745.8500 1.42713303
4745.9000 1.49009809
4745.9500 1.5516564
4746.0000 1.6132147
4746.0500 1.63115692
4746.1000 1.59254198
4746.1500 1.55392705
4746.2000 1.51531212
4746.2500 1.51329949
4746.3000 1.51276624
4746.3500 1.51223298
4746.4000 1.53568294
4746.4500 1.58427216
4746.5000 1.63286139
4746.5500 1.68135767
4746.6000 1.72436399
4746.6500 1.76737032
4746.7000 1.81037664
4746.7500 1.80491964
4746.8000 1.75922984
4746.8500 1.71354004
4746.9000 1.67137234
4746.9500 1.67113951
4747.0000 1.67090669
4747.0500 1.67067386
4747.1000 1.68766767
4747.1500 1.71567977
4747.2000 1.74369186
4747.2500 1.75579921
4747.3000 1.67309866
4747.3500 1.59039811
4747.4000 1.50769756
4747.4500 1.32332889
4747.5000 1.09084103
4747.5500 0.85835317
4747.6000 0.72171022
4747.6500 0.93464353
4747.7000 1.14757684
4747.7500 1.36051014
4747.8000 1.48875029
4747.8500 1.58920081
4747.9000 1.68965132
4747.9500 1.73721955
4748.0000 1.65659443
4748.0500 1.57596931
4748.1000 1.49534419
4748.1500 1.52507431
4748.2000 1.5770105
4748.2500 1.62894668
4748.3000 1.6778746
4748.3500 1.72177289
4748.4000 1.76567119
4748.4500 1.80956948
4748.5000 1.89379619
4748.5500 1.98165506
4748.6000 2.06951394
4748.6500 2.12098277
4748.7000 2.13004632
4748.7500 2.13910986
4748.8000 2.14736764
4748.8500 2.0507139
4748.9000 1.95406016
4748.9500 1.85740642
4749.0000 1.7549939
4749.0500 1.64795937
4749.1000 1.54092483
4749.1500 1.44752393
4749.2000 1.47256892
4749.2500 1.49761391
4749.3000 1.5226589
4749.3500 1.58864329
4749.4000 1.67637949
4749.4500 1.76411568
4749.5000 1.83047488
4749.5500 1.8135153
4749.6000 1.79655572
4749.6500 1.77959614
4749.7000 1.7283992
4749.7500 1.66619231
4749.8000 1.60398543
4749.8500 1.58190199
4749.9000 1.64891626
4749.9500 1.71593052
4750.0000 1.78294479
4750.0500 1.75992424
4750.1000 1.72293295
4750.1500 1.68594167
4750.2000 1.6345595
4750.2500 1.56348156
4750.3000 1.49240361
4750.3500 1.42132567
4750.4000 1.48723331
4750.4500 1.55593098
4750.5000 1.62462864
4750.5500 1.74531203
4750.6000 1.91041616
4750.6500 2.07552029
4750.7000 2.20457421
4750.7500 2.00835381
4750.8000 1.81213342
4750.8500 1.61591302
4750.9000 1.55464215
4750.9500 1.56238009
4751.0000 1.57011803
4751.0500 1.56477014
4751.1000 1.51431658
4751.1500 1.46386301
4751.2000 1.41340945
4751.2500 1.45600852
4751.3000 1.52342651
4751.3500 1.5908445
4751.4000 1.61219868
4751.4500 1.54998738
4751.5000 1.48777607
4751.5500 1.42556476
4751.6000 1.50734922
4751.6500 1.60121343
4751.7000 1.69507764
4751.7500 1.66651416
4751.8000 1.51113638
4751.8500 1.35575859
4751.9000 1.21843234
4751.9500 1.35829739
4752.0000 1.49816244
4752.0500 1.6380275
4752.1000 1.70544041
4752.1500 1.73074344
4752.2000 1.75604646
4752.2500 1.76539366
4752.3000 1.71288541
4752.3500 1.66037716
4752.4000 1.60786891
4752.4500 1.55056939
4752.5000 1.49191087
4752.5500 1.43325235
4752.6000 1.40147056
4752.6500 1.41865876
4752.7000 1.43584696
4752.7500 1.45303515
4752.8000 1.45565496
4752.8500 1.45719543
4752.9000 1.45873591
4752.9500 1.39971918
4753.0000 1.28229549
4753.0500 1.16487179
4753.1000 1.0724539
4753.1500 1.2379088
4753.2000 1.4033637
4753.2500 1.56881861
4753.3000 1.59452465
4753.3500 1.55112015
4753.4000 1.50771565
4753.4500 1.49214657
4753.5000 1.55956982
4753.5500 1.62699306
4753.6000 1.69441631
4753.6500 1.60002731
4753.7000 1.47356155
4753.7500 1.3470958
4753.8000 1.3133319
4753.8500 1.40794752
4753.9000 1.50256314
4753.9500 1.59651383
4754.0000 1.56819589
4754.0500 1.53987796
4754.1000 1.51156003
4754.1500 1.45083539
4754.2000 1.36785534
4754.2500 1.2848753
4754.3000 1.22767933
4754.3500 1.28664281
4754.4000 1.34560629
4754.4500 1.40456977
4754.5000 1.36615255
4754.5500 1.29894161
4754.6000 1.23173068
4754.6500 1.23416659
4754.7000 1.35866819
4754.7500 1.4831698
4754.8000 1.60767141
4754.8500 1.58223777
4754.9000 1.54992486
4754.9500 1.51761194
4755.0000 1.47475873
4755.0500 1.42329294
4755.1000 1.37182715
4755.1500 1.34778931
4755.2000 1.48435626
4755.2500 1.6209232
4755.3000 1.75749014
4755.3500 1.70348811
4755.4000 1.58348712
4755.4500 1.46348613
4755.5000 1.38441072
4755.5500 1.38442345
4755.6000 1.38443618
4755.6500 1.3844489
4755.7000 1.37019857
4755.7500 1.35504757
4755.8000 1.33989658
4755.8500 1.37545784
4755.9000 1.45394926
4755.9500 1.53244068
4756.0000 1.57427191
4756.0500 1.39791732
4756.1000 1.22156272
4756.1500 1.04520812
4756.2000 1.05209225
4756.2500 1.12087157
4756.3000 1.18965088
4756.3500 1.26232463
4756.4000 1.3421517
4756.4500 1.42197876
4756.5000 1.50180582
4756.5500 1.52098704
4756.6000 1.53756672
4756.6500 1.5541464
4756.7000 1.54849113
4756.7500 1.52582653
4756.8000 1.50316193
4756.8500 1.5081167
4756.9000 1.64269966
4756.9500 1.77728261
4757.0000 1.91186557
4757.0500 1.86074284
4757.1000 1.75907732
4757.1500 1.6574118
4757.2000 1.60879362
4757.2500 1.64046873
4757.3000 1.67214384
4757.3500 1.70309312
4757.4000 1.66854481
4757.4500 1.6339965
4757.5000 1.59944819
4757.5500 1.51225029
4757.6000 1.39352214
4757.6500 1.27479399
4757.7000 1.2088621
4757.7500 1.30895267
4757.8000 1.40904324
4757.8500 1.50913381
4757.9000 1.58045115
4757.9500 1.64702488
4758.0000 1.71359861
4758.0500 1.72840356
4758.1000 1.68645158
4758.1500 1.6444996
4758.2000 1.6149524
4758.2500 1.70098727
4758.3000 1.78702214
4758.3500 1.87305701
4758.4000 1.85254776
4758.4500 1.79023022
4758.5000 1.72791268
4758.5500 1.66608729
4758.6000 1.60521384
4758.6500 1.5443404
4758.7000 1.48346695
4758.7500 1.55606647
4758.8000 1.63353947
4758.8500 1.71101246
4758.9000 1.6595796
4758.9500 1.51860678
4759.0000 1.37763397
4759.0500 1.31482675
4759.1000 1.53440754
4759.1500 1.75398832
4759.2000 1.9735691
4759.2500 1.83260864
4759.3000 1.6254326
4759.3500 1.41825655
4759.4000 1.33271706
4759.4500 1.38202565
4759.5000 1.43133425
4759.5500 1.4957331
4759.6000 1.6887468
4759.6500 1.8817605
4759.7000 2.0747742
4759.7500 1.80998652
4759.8000 1.38194176
4759.8500 0.953897
4759.9000 0.75646085
4759.9500 0.95065256
4760.0000 1.14484426
4760.0500 1.33755776
4760.1000 1.26069914
4760.1500 1.18384051
4760.2000 1.10698188
4760.2500 1.16643269
4760.3000 1.30200836
4760.3500 1.43758404
4760.4000 1.48965456
4760.4500 1.3261597
4760.5000 1.16266484
4760.5500 0.99916999
4760.6000 1.22582455
4760.6500 1.4872656
4760.7000 1.74870665
4760.7500 1.81714145
4760.8000 1.73295294
4760.8500 1.64876443
4760.9000 1.5664036
4760.9500 1.49135062
4761.0000 1.41629764
4761.0500 1.34124466
4761.1000 1.44091908
4761.1500 1.57311808
4761.2000 1.70531707
4761.2500 1.73055725
4761.3000 1.64332387
4761.3500 1.55609049
4761.4000 1.48913992
4761.4500 1.55422278
4761.5000 1.61930564
4761.5500 1.6843885
4761.6000 1.61796316
4761.6500 1.51450052
4761.7000 1.41103789
4761.7500 1.32610356
4761.8000 1.26585997
4761.8500 1.20561638
4761.9000 1.16910991
4761.9500 1.41115962
4762.0000 1.65320934
4762.0500 1.89525906
4762.1000 1.94071273
4762.1500 1.91334328
4762.2000 1.88597382
4762.2500 1.84564248
4762.3000 1.78436328
4762.3500 1.72308409
4762.4000 1.65805578
4762.4500 1.49307812
4762.5000 1.32810045
4762.5500 1.16312279
4762.6000 1.26974345
4762.6500 1.49757499
4762.7000 1.72540654
4762.7500 1.81422561
4762.8000 1.64266679
4762.8500 1.47110798
4762.9000 1.2992208
4762.9500 1.07350071
4763.0000 0.84778061
4763.0500 0.62206052
4763.1000 0.96186799
4763.1500 1.58601726
4763.2000 2.21016652
4763.2500 2.46999245
4763.3000 1.97713536
4763.3500 1.48427827
4763.4000 0.99142119
4763.4500 1.17292905
4763.5000 1.36244941
4763.5500 1.55196977
4763.6000 1.52376863
4763.6500 1.37921765
4763.7000 1.23466666
4763.7500 1.26226428
4763.8000 1.661538
4763.8500 2.06081172
4763.9000 2.46008544
4763.9500 2.25620595
4764.0000 2.04173847
4764.0500 1.82727099
4764.1000 1.69344439
4764.1500 1.60298023
4764.2000 1.51251607
4764.2500 1.45368705
4764.3000 1.46231694
4764.3500 1.47094684
4764.4000 1.47957673
4764.4500 1.33368147
4764.5000 1.18615319
4764.5500 1.03862491
4764.6000 1.08923969
4764.6500 1.24137899
4764.7000 1.39351829
4764.7500 1.51279241
4764.8000 1.56660506
4764.8500 1.6204177
4764.9000 1.67033454
4764.9500 1.27370206
4765.0000 0.87706958
4765.0500 0.4804371
4765.1000 0.46118195
4765.1500 0.61593076
4765.2000 0.77067956
4765.2500 0.80646547
4765.3000 0.63219111
4765.3500 0.45791676
4765.4000 0.30565322
4765.4500 0.6806098
4765.5000 1.05556638
4765.5500 1.43052296
4765.6000 1.51912821
4765.6500 1.49635107
4765.7000 1.47357394
4765.7500 1.51497147
4765.8000 1.65214743
4765.8500 1.78932339
4765.9000 1.89995783
4765.9500 1.72052917
4766.0000 1.54110052
4766.0500 1.36167186
4766.1000 0
4766.1500 0
4766.2000 0
