5804.0500 4.21018962
5804.1000 4.17511134
5804.1500 4.14003307
5804.2000 4.10495479
5804.2500 4.06987652
5804.3000 4.03479825
5804.3500 4.00885545
5804.4000 3.98518485
5804.4500 3.96151425
5804.5000 3.93784365
5804.5500 3.91417305
5804.6000 3.89754201
5804.6500 3.90275698
5804.7000 3.90797195
5804.7500 3.91318691
5804.8000 3.91840188
5804.8500 3.92361685
5804.9000 4.0132941
5804.9500 4.14127754
5805.0000 4.26926098
5805.0500 4.39724442
5805.1000 4.52522786
5805.1500 4.62313818
5805.2000 4.52609856
5805.2500 4.42905895
5805.3000 4.33201933
5805.3500 4.23497972
5805.4000 4.1379401
5805.4500 4.08745804
5805.5000 4.07059353
5805.5500 4.05372903
5805.6000 4.03686452
5805.6500 4.02000002
5805.7000 4.00507561
5805.7500 4.05478568
5805.8000 4.10449575
5805.8500 4.15420582
5805.9000 4.20391588
5805.9500 4.25362595
5806.0000 4.28601983
5806.0500 4.29957734
5806.1000 4.31313485
5806.1500 4.32669236
5806.2000 4.34024987
5806.2500 4.35380738
5806.3000 4.3486605
5806.3500 4.34211008
5806.4000 4.33555965
5806.4500 4.32900923
5806.5000 4.32245881
5806.5500 4.3338216
5806.6000 4.37406452
5806.6500 4.41430744
5806.7000 4.45455036
5806.7500 4.49479327
5806.8000 4.53503619
5806.8500 4.5373433
5806.9000 4.53225304
5806.9500 4.52716278
5807.0000 4.52207252
5807.0500 4.51698226
5807.1000 4.49580937
5807.1500 4.43568325
5807.2000 4.37555714
5807.2500 4.31543102
5807.3000 4.25530491
5807.3500 4.19517879
5807.4000 4.17233101
5807.4500 4.16197489
5807.5000 4.15161877
5807.5500 4.14126265
5807.6000 4.13090653
5807.6500 4.12404796
5807.7000 4.13057224
5807.7500 4.13709652
5807.8000 4.1436208
5807.8500 4.15014508
5807.9000 4.15666935
5807.9500 4.12745496
5808.0000 4.08037976
5808.0500 4.03330457
5808.1000 3.98622937
5808.1500 3.93915418
5808.2000 3.89723069
5808.2500 3.89048403
5808.3000 3.88373737
5808.3500 3.87699071
5808.4000 3.87024405
5808.4500 3.86349739
5808.5000 3.89232998
5808.5500 3.94587609
5808.6000 3.99942221
5808.6500 4.05296833
5808.7000 4.10651445
5808.7500 4.15601342
5808.8000 4.13442717
5808.8500 4.11284093
5808.9000 4.09125469
5808.9500 4.06966844
5809.0000 4.0480822
5809.0500 4.05949097
5809.1000 4.10147641
5809.1500 4.14346185
5809.2000 4.18544729
5809.2500 4.22743273
5809.3000 4.26941817
5809.3500 4.24703255
5809.4000 4.22370444
5809.4500 4.20037632
5809.5000 4.1770482
5809.5500 4.15372008
5809.6000 4.14759585
5809.6500 4.16220235
5809.7000 4.17680885
5809.7500 4.19141534
5809.8000 4.20602184
5809.8500 4.22062834
5809.9000 4.22418235
5809.9500 4.22681245
5810.0000 4.22944255
5810.0500 4.23207265
5810.1000 4.23470274
5810.1500 4.22491524
5810.2000 4.19599593
5810.2500 4.16707662
5810.3000 4.13815731
5810.3500 4.109238
5810.4000 4.08031868
5810.4500 4.09072594
5810.5000 4.10723273
5810.5500 4.12373952
5810.6000 4.14024631
5810.6500 4.1567531
5810.7000 4.17332776
5810.7500 4.19003461
5810.8000 4.20674145
5810.8500 4.2234483
5810.9000 4.24015515
5810.9500 4.256862
5811.0000 4.27725034
5811.0500 4.29847886
5811.1000 4.31970738
5811.1500 4.34093591
5811.2000 4.36216443
5811.2500 4.36980711
5811.3000 4.3442708
5811.3500 4.3187345
5811.4000 4.29319819
5811.4500 4.26766189
5811.5000 4.24212558
5811.5500 4.19656479
5811.6000 4.14496307
5811.6500 4.09336136
5811.7000 4.04175964
5811.7500 3.99015793
5811.8000 3.95904797
5811.8500 3.99028642
5811.9000 4.02152486
5811.9500 4.05276331
5812.0000 4.08400176
5812.0500 4.11524021
5812.1000 4.16621223
5812.1500 4.22456135
5812.2000 4.28291047
5812.2500 4.3412596
5812.3000 4.39960872
5812.3500 4.43000326
5812.4000 4.35511698
5812.4500 4.28023069
5812.5000 4.20534441
5812.5500 4.13045813
5812.6000 4.05557184
5812.6500 4.02865592
5812.7000 4.02297717
5812.7500 4.01729843
5812.8000 4.01161968
5812.8500 4.00594093
5812.9000 4.00379839
5812.9500 4.01800125
5813.0000 4.03220411
5813.0500 4.04640697
5813.1000 4.06060983
5813.1500 4.07481269
5813.2000 4.10175789
5813.2500 4.13515133
5813.3000 4.16854478
5813.3500 4.20193822
5813.4000 4.23533167
5813.4500 4.25467535
5813.5000 4.19534132
5813.5500 4.13600728
5813.6000 4.07667325
5813.6500 4.01733922
5813.7000 3.95800519
5813.7500 3.95488731
5813.8000 3.98332982
5813.8500 4.01177232
5813.9000 4.04021483
5813.9500 4.06865733
5814.0000 4.09677026
5814.0500 4.12269267
5814.1000 4.14861508
5814.1500 4.17453749
5814.2000 4.2004599
5814.2500 4.22638231
5814.3000 4.27291051
5814.3500 4.3319339
5814.4000 4.39095729
5814.4500 4.44998069
5814.5000 4.50900408
5814.5500 4.54929094
5814.6000 4.44630468
5814.6500 4.34331843
5814.7000 4.24033217
5814.7500 4.13734591
5814.8000 4.03435966
5814.8500 4.02267672
5814.9000 4.06932091
5814.9500 4.11596509
5815.0000 4.16260928
5815.0500 4.20925346
5815.1000 4.24502429
5815.1500 4.18922259
5815.2000 4.1334209
5815.2500 4.0776192
5815.3000 4.0218175
5815.3500 3.9660158
5815.4000 3.93772376
5815.4500 3.92750652
5815.5000 3.91728929
5815.5500 3.90707205
5815.6000 3.89685482
5815.6500 3.89473499
5815.7000 3.96371609
5815.7500 4.03269718
5815.8000 4.10167828
5815.8500 4.17065937
5815.9000 4.23964047
5815.9500 4.2355759
5816.0000 4.18329968
5816.0500 4.13102345
5816.1000 4.07874722
5816.1500 4.02647099
5816.2000 3.97942101
5816.2500 3.9774128
5816.3000 3.97540459
5816.3500 3.97339638
5816.4000 3.97138818
5816.4500 3.96937997
5816.5000 3.99986463
5816.5500 4.05139203
5816.6000 4.10291943
5816.6500 4.15444684
5816.7000 4.20597424
5816.7500 4.24488514
5816.8000 4.18307465
5816.8500 4.12126415
5816.9000 4.05945366
5816.9500 3.99764317
5817.0000 3.93583268
5817.0500 3.93465392
5817.1000 3.97109567
5817.1500 4.00753742
5817.2000 4.04397917
5817.2500 4.08042093
5817.3000 4.11348664
5817.3500 4.12276698
5817.4000 4.13204731
5817.4500 4.14132765
5817.5000 4.15060798
5817.5500 4.15988831
5817.6000 4.17702569
5817.6500 4.19872047
5817.7000 4.22041525
5817.7500 4.24211002
5817.8000 4.2638048
5817.8500 4.27891342
5817.9000 4.25452013
5817.9500 4.23012685
5818.0000 4.20573357
5818.0500 4.18134029
5818.1000 4.15694701
5818.1500 4.11606789
5818.2000 4.06647928
5818.2500 4.01689066
5818.3000 3.96730205
5818.3500 3.91771343
5818.4000 3.88485121
5818.4500 3.93533259
5818.5000 3.98581397
5818.5500 4.03629535
5818.6000 4.08677673
5818.6500 4.1372581
5818.7000 4.13781645
5818.7500 4.11503054
5818.8000 4.09224463
5818.8500 4.06945873
5818.9000 4.04667282
5818.9500 4.02832949
5819.0000 4.0280916
5819.0500 4.02785372
5819.1000 4.02761583
5819.1500 4.02737794
5819.2000 4.02714005
5819.2500 4.04417473
5819.3000 4.06812529
5819.3500 4.09207586
5819.4000 4.11602642
5819.4500 4.13997699
5819.5000 4.15952415
5819.5500 4.16453934
5819.6000 4.16955453
5819.6500 4.17456972
5819.7000 4.17958491
5819.7500 4.1846001
5819.8000 4.19341605
5819.8500 4.20348257
5819.9000 4.21354909
5819.9500 4.22361561
5820.0000 4.23368212
5820.0500 4.2350795
5820.1000 4.21347394
5820.1500 4.19186838
5820.2000 4.17026282
5820.2500 4.14865725
5820.3000 4.12705169
5820.3500 4.14025059
5820.4000 4.16234637
5820.4500 4.18444215
5820.5000 4.20653793
5820.5500 4.22863371
5820.6000 4.23363347
5820.6500 4.20239243
5820.7000 4.17115139
5820.7500 4.13991035
5820.8000 4.10866931
5820.8500 4.07742826
5820.9000 4.07896512
5820.9500 4.0864661
5821.0000 4.09396709
5821.0500 4.10146808
5821.1000 4.10896907
5821.1500 4.10514276
5821.2000 4.08227518
5821.2500 4.0594076
5821.3000 4.03654003
5821.3500 4.01367245
5821.4000 3.99080487
5821.4500 4.00231072
5821.5000 4.01757878
5821.5500 4.03284684
5821.6000 4.0481149
5821.6500 4.06338296
5821.7000 4.07126887
5821.7500 4.06941345
5821.8000 4.06755804
5821.8500 4.06570263
5821.9000 4.06384722
5821.9500 4.06199181
5822.0000 4.04434963
5822.0500 4.02608889
5822.1000 4.00782814
5822.1500 3.9895674
5822.2000 3.97130665
5822.2500 3.98725881
5822.3000 4.03813038
5822.3500 4.08900195
5822.4000 4.13987352
5822.4500 4.19074509
5822.5000 4.23928103
5822.5500 4.20933861
5822.6000 4.17939618
5822.6500 4.14945376
5822.7000 4.11951134
5822.7500 4.08956891
5822.8000 4.08853747
5822.8500 4.10982585
5822.9000 4.13111423
5822.9500 4.15240261
5823.0000 4.17369099
5823.0500 4.19319581
5823.1000 4.19685502
5823.1500 4.20051422
5823.2000 4.20417343
5823.2500 4.20783263
5823.3000 4.21149183
5823.3500 4.19954973
5823.4000 4.17881016
5823.4500 4.15807059
5823.5000 4.13733102
5823.5500 4.11659145
5823.6000 4.09772108
5823.6500 4.08741773
5823.7000 4.07711438
5823.7500 4.06681102
5823.8000 4.05650767
5823.8500 4.04620432
5823.9000 4.05693029
5823.9500 4.07582622
5824.0000 4.09472215
5824.0500 4.11361809
5824.1000 4.13251402
5824.1500 4.14518871
5824.2000 4.14040378
5824.2500 4.13561884
5824.3000 4.13083391
5824.3500 4.12604898
5824.4000 4.12126405
5824.4500 4.12322204
5824.5000 4.12679638
5824.5500 4.13037072
5824.6000 4.13394506
5824.6500 4.1375194
5824.7000 4.12422978
5824.7500 4.07989368
5824.8000 4.03555759
5824.8500 3.9912215
5824.9000 3.9468854
5824.9500 3.90254931
5825.0000 3.90259005
5825.0500 3.90762978
5825.1000 3.9126695
5825.1500 3.91770923
5825.2000 3.92274896
5825.2500 3.91815626
5825.3000 3.90164418
5825.3500 3.88513211
5825.4000 3.86862003
5825.4500 3.85210795
5825.5000 3.83559588
5825.5500 3.86156935
5825.6000 3.88768995
5825.6500 3.91381054
5825.7000 3.93993113
5825.7500 3.96605172
5825.8000 3.97051709
5825.8500 3.95709024
5825.9000 3.94366338
5825.9500 3.93023653
5826.0000 3.91680968
5826.0500 3.90706578
5826.1000 3.93045992
5826.1500 3.95385407
5826.2000 3.97724821
5826.2500 4.00064236
5826.3000 4.0240365
5826.3500 4.00523076
5826.4000 3.96408839
5826.4500 3.92294601
5826.5000 3.88180363
5826.5500 3.84066125
5826.6000 3.81631746
5826.6500 3.85548142
5826.7000 3.89464537
5826.7500 3.93380933
5826.8000 3.97297328
5826.8500 4.01213724
5826.9000 3.99690498
5826.9500 3.96504568
5827.0000 3.93318638
5827.0500 3.90132709
5827.1000 3.86946779
5827.1500 3.8596115
5827.2000 3.89565705
5827.2500 3.9317026
5827.3000 3.96774815
5827.3500 4.0037937
5827.4000 4.03983925
5827.4500 4.02008165
5827.5000 3.99297173
5827.5500 3.96586182
5827.6000 3.93875191
5827.6500 3.911642
5827.7000 3.91486757
5827.7500 3.95599414
5827.8000 3.99712072
5827.8500 4.0382473
5827.9000 4.07937388
5827.9500 4.11998424
5828.0000 4.08701926
5828.0500 4.05405428
5828.1000 4.0210893
5828.1500 3.98812433
5828.2000 3.95515935
5828.2500 3.9474449
5828.3000 3.95871741
5828.3500 3.96998992
5828.4000 3.98126243
5828.4500 3.99253494
5828.5000 3.99926925
5828.5500 3.97718414
5828.6000 3.95509903
5828.6500 3.93301392
5828.7000 3.91092881
5828.7500 3.88884369
5828.8000 3.891107
5828.8500 3.90367052
5828.9000 3.91623405
5828.9500 3.92879757
5829.0000 3.9413611
5829.0500 3.94833415
5829.1000 3.94025534
5829.1500 3.93217652
5829.2000 3.92409771
5829.2500 3.9160189
5829.3000 3.90794008
5829.3500 3.88079444
5829.4000 3.85002655
5829.4500 3.81925866
5829.5000 3.78849077
5829.5500 3.75772288
5829.6000 3.75947325
5829.6500 3.80776621
5829.7000 3.85605917
5829.7500 3.90435213
5829.8000 3.95264509
5829.8500 4.00093805
5829.9000 4.00265612
5829.9500 4.0036018
5830.0000 4.00454748
5830.0500 4.00549317
5830.1000 4.00643885
5830.1500 3.98219545
5830.2000 3.93795841
5830.2500 3.89372138
5830.3000 3.84948434
5830.3500 3.80524731
5830.4000 3.77187279
5830.4500 3.80947599
5830.5000 3.8470792
5830.5500 3.88468241
5830.6000 3.92228562
5830.6500 3.95988882
5830.7000 3.97001432
5830.7500 3.96888327
5830.8000 3.96775223
5830.8500 3.96662118
5830.9000 3.96549013
5830.9500 3.97264333
5831.0000 4.000329
5831.0500 4.02801468
5831.1000 4.05570035
5831.1500 4.08338603
5831.2000 4.11107171
5831.2500 4.09751184
5831.3000 4.07762476
5831.3500 4.05773768
5831.4000 4.0378506
5831.4500 4.01796352
5831.5000 4.00558695
5831.5500 4.0024664
5831.6000 3.99934584
5831.6500 3.99622529
5831.7000 3.99310473
5831.7500 3.98849496
5831.8000 3.93626458
5831.8500 3.8840342
5831.9000 3.83180382
5831.9500 3.77957344
5832.0000 3.72734306
5832.0500 3.72453935
5832.1000 3.75279127
5832.1500 3.78104318
5832.2000 3.8092951
5832.2500 3.83754701
5832.3000 3.86258791
5832.3500 3.87473382
5832.4000 3.88687974
5832.4500 3.89902566
5832.5000 3.91117157
5832.5500 3.92331749
5832.6000 3.93630056
5832.6500 3.94951151
5832.7000 3.96272245
5832.7500 3.9759334
5832.8000 3.98914435
5832.8500 4.00454806
5832.9000 4.02361991
5832.9500 4.04269176
5833.0000 4.0617636
5833.0500 4.08083545
5833.1000 4.09990729
5833.1500 4.07511161
5833.2000 4.04866189
5833.2500 4.02221218
5833.3000 3.99576246
5833.3500 3.96931274
5833.4000 3.95651198
5833.4500 3.95467152
5833.5000 3.95283105
5833.5500 3.95099059
5833.6000 3.94915013
5833.6500 3.95004017
5833.7000 3.96677185
5833.7500 3.98350352
5833.8000 4.0002352
5833.8500 4.01696688
5833.9000 4.03369855
5833.9500 4.03510939
5834.0000 4.03116094
5834.0500 4.02721249
5834.1000 4.02326404
5834.1500 4.01931558
5834.2000 4.02213549
5834.2500 4.03832447
5834.3000 4.05451344
5834.3500 4.07070242
5834.4000 4.0868914
5834.4500 4.10308037
5834.5000 4.02576742
5834.5500 3.94171871
5834.6000 3.85767
5834.6500 3.77362129
5834.7000 3.68957258
5834.7500 3.66743135
5834.8000 3.69998466
5834.8500 3.73253796
5834.9000 3.76509127
5834.9500 3.79764457
5835.0000 3.82773204
5835.0500 3.84138887
5835.1000 3.8550457
5835.1500 3.86870254
5835.2000 3.88235937
5835.2500 3.8960162
5835.3000 3.88960445
5835.3500 3.87582601
5835.4000 3.86204758
5835.4500 3.84826915
5835.5000 3.83449071
5835.5500 3.81972123
5835.6000 3.80297488
5835.6500 3.78622853
5835.7000 3.76948218
5835.7500 3.75273583
5835.8000 3.73598947
5835.8500 3.75963555
5835.9000 3.78596121
5835.9500 3.81228688
5836.0000 3.83861254
5836.0500 3.86493821
5836.1000 3.88030117
5836.1500 3.88644111
5836.2000 3.89258104
5836.2500 3.89872097
5836.3000 3.9048609
5836.3500 3.90808537
5836.4000 3.89476704
5836.4500 3.88144872
5836.5000 3.86813039
5836.5500 3.85481206
5836.6000 3.84149373
5836.6500 3.86896915
5836.7000 3.90946782
5836.7500 3.9499665
5836.8000 3.99046517
5836.8500 4.03096385
5836.9000 4.02834138
5836.9500 3.95154278
5837.0000 3.87474418
5837.0500 3.79794557
5837.1000 3.72114697
5837.1500 3.64434837
5837.2000 3.65594305
5837.2500 3.66946385
5837.3000 3.68298465
5837.3500 3.69650545
5837.4000 3.71002625
5837.4500 3.72941905
5837.5000 3.7528728
5837.5500 3.77632655
5837.6000 3.7997803
5837.6500 3.82323405
5837.7000 3.83386605
5837.7500 3.79480293
5837.8000 3.7557398
5837.8500 3.71667668
5837.9000 3.67761356
5837.9500 3.63855044
5838.0000 3.65451623
5838.0500 3.68252392
5838.1000 3.71053161
5838.1500 3.7385393
5838.2000 3.76654699
5838.2500 3.78016935
5838.3000 3.77527874
5838.3500 3.77038813
5838.4000 3.76549752
5838.4500 3.7606069
5838.5000 3.75516663
5838.5500 3.74037442
5838.6000 3.7255822
5838.6500 3.71078999
5838.7000 3.69599778
5838.7500 3.68120557
5838.8000 3.68276721
5838.8500 3.69219578
5838.9000 3.70162434
5838.9500 3.71105291
5839.0000 3.72048148
5839.0500 3.72916563
5839.1000 3.73608207
5839.1500 3.74299851
5839.2000 3.74991495
5839.2500 3.75683139
5839.3000 3.76374784
5839.3500 3.76251671
5839.4000 3.76056644
5839.4500 3.75861617
5839.5000 3.7566659
5839.5500 3.75471563
5839.6000 3.75565245
5839.6500 3.75902005
5839.7000 3.76238764
5839.7500 3.76575524
5839.8000 3.76912284
5839.8500 3.7710748
5839.9000 3.76603377
5839.9500 3.76099275
5840.0000 3.75595173
5840.0500 3.7509107
5840.1000 3.74586968
5840.1500 3.75272091
5840.2000 3.76263403
5840.2500 3.77254715
5840.3000 3.78246026
5840.3500 3.79237338
5840.4000 3.79386362
5840.4500 3.78389198
5840.5000 3.77392034
5840.5500 3.7639487
5840.6000 3.75397706
5840.6500 3.74563034
5840.7000 3.76610859
5840.7500 3.78658684
5840.8000 3.80706508
5840.8500 3.82754333
5840.9000 3.84802158
5840.9500 3.86306619
5841.0000 3.87560734
5841.0500 3.88814849
5841.1000 3.90068964
5841.1500 3.91323078
5841.2000 3.91346253
5841.2500 3.88720375
5841.3000 3.86094496
5841.3500 3.83468617
5841.4000 3.80842739
5841.4500 3.7821686
5841.5000 3.76005541
5841.5500 3.73815415
5841.6000 3.71625288
5841.6500 3.69435162
5841.7000 3.67245036
5841.7500 3.68362053
5841.8000 3.71806675
5841.8500 3.75251296
5841.9000 3.78695918
5841.9500 3.8214054
5842.0000 3.84245464
5842.0500 3.81707153
5842.1000 3.79168842
5842.1500 3.76630532
5842.2000 3.74092221
5842.2500 3.7155391
5842.3000 3.70151723
5842.3500 3.68930863
5842.4000 3.67710002
5842.4500 3.66489141
5842.5000 3.6526828
5842.5500 3.64869236
5842.6000 3.65284619
5842.6500 3.65700003
5842.7000 3.66115386
5842.7500 3.66530769
5842.8000 3.6720862
5842.8500 3.69451816
5842.9000 3.71695011
5842.9500 3.73938207
5843.0000 3.76181403
5843.0500 3.78424599
5843.1000 3.77952686
5843.1500 3.76743222
5843.2000 3.75533759
5843.2500 3.74324295
5843.3000 3.73114831
5843.3500 3.71289585
5843.4000 3.68650112
5843.4500 3.66010639
5843.5000 3.63371166
5843.5500 3.60731693
5843.6000 3.58372924
5843.6500 3.59412671
5843.7000 3.60452419
5843.7500 3.61492166
5843.8000 3.62531913
5843.8500 3.63571661
5843.9000 3.64807454
5843.9500 3.66118198
5844.0000 3.67428942
5844.0500 3.68739686
5844.1000 3.70050431
5844.1500 3.70498097
5844.2000 3.69488732
5844.2500 3.68479368
5844.3000 3.67470003
5844.3500 3.66460638
5844.4000 3.65446101
5844.4500 3.64201848
5844.5000 3.62957596
5844.5500 3.61713343
5844.6000 3.60469091
5844.6500 3.59224839
5844.7000 3.61983505
5844.7500 3.66682723
5844.8000 3.71381941
5844.8500 3.76081158
5844.9000 3.80780376
5844.9500 3.82436011
5845.0000 3.77811178
5845.0500 3.73186344
5845.1000 3.68561511
5845.1500 3.63936677
5845.2000 3.59311844
5845.2500 3.57811331
5845.3000 3.5637199
5845.3500 3.54932648
5845.4000 3.53493306
5845.4500 3.52053964
5845.5000 3.53418365
5845.5500 3.56383119
5845.6000 3.59347872
5845.6500 3.62312626
5845.7000 3.65277379
5845.7500 3.66642331
5845.8000 3.64163685
5845.8500 3.61685039
5845.9000 3.59206393
5845.9500 3.56727747
5846.0000 3.54249102
5846.0500 3.56749205
5846.1000 3.5949691
5846.1500 3.62244615
5846.2000 3.64992319
5846.2500 3.67740024
5846.3000 3.69252461
5846.3500 3.699844
5846.4000 3.70716338
5846.4500 3.71448277
5846.5000 3.72180216
5846.5500 3.72003731
5846.6000 3.69425499
5846.6500 3.66847266
5846.7000 3.64269034
5846.7500 3.61690802
5846.8000 3.5911257
5846.8500 3.60121096
5846.9000 3.61368669
5846.9500 3.62616241
5847.0000 3.63863813
5847.0500 3.65111386
5847.1000 3.65572966
5847.1500 3.65515021
5847.2000 3.65457075
5847.2500 3.6539913
5847.3000 3.65341185
5847.3500 3.65065144
5847.4000 3.64193543
5847.4500 3.63321942
5847.5000 3.62450341
5847.5500 3.61578739
5847.6000 3.60707138
5847.6500 3.59505034
5847.7000 3.58280137
5847.7500 3.57055241
5847.8000 3.55830345
5847.8500 3.54605448
5847.9000 3.55899606
5847.9500 3.58842673
5848.0000 3.61785739
5848.0500 3.64728805
5848.1000 3.67671872
5848.1500 3.69965543
5848.2000 3.70544914
5848.2500 3.71124286
5848.3000 3.71703658
5848.3500 3.7228303
5848.4000 3.72862402
5848.4500 3.69217506
5848.5000 3.6533405
5848.5500 3.61450593
5848.6000 3.57567136
5848.6500 3.53683679
5848.7000 3.536934
5848.7500 3.56091212
5848.8000 3.58489023
5848.8500 3.60886835
5848.9000 3.63284646
5848.9500 3.65462451
5849.0000 3.6711328
5849.0500 3.68764108
5849.1000 3.70414936
5849.1500 3.72065765
5849.2000 3.73716593
5849.2500 3.71885275
5849.3000 3.69948855
5849.3500 3.68012435
5849.4000 3.66076015
5849.4500 3.64139595
5849.5000 3.64334736
5849.5500 3.65686073
5849.6000 3.6703741
5849.6500 3.68388747
5849.7000 3.69740084
5849.7500 3.70339857
5849.8000 3.69395793
5849.8500 3.6845173
5849.9000 3.67507666
5849.9500 3.66563603
5850.0000 3.65607577
5850.0500 3.63162175
5850.1000 3.60716773
5850.1500 3.5827137
5850.2000 3.55825968
5850.2500 3.53380566
5850.3000 3.52346128
5850.3500 3.51945683
5850.4000 3.51545239
5850.4500 3.51144794
5850.5000 3.5074435
5850.5500 3.50402162
5850.6000 3.5015772
5850.6500 3.49913278
5850.7000 3.49668836
5850.7500 3.49424394
5850.8000 3.49246117
5850.8500 3.50135501
5850.9000 3.51024886
5850.9500 3.51914271
5851.0000 3.52803655
5851.0500 3.5369304
5851.1000 3.56807788
5851.1500 3.60685296
5851.2000 3.64562805
5851.2500 3.68440313
5851.3000 3.72317821
5851.3500 3.73406376
5851.4000 3.70836574
5851.4500 3.68266773
5851.5000 3.65696971
5851.5500 3.63127169
5851.6000 3.60717644
5851.6500 3.59462918
5851.7000 3.58208192
5851.7500 3.56953467
5851.8000 3.55698741
5851.8500 3.54444015
5851.9000 3.57031727
5851.9500 3.60505361
5852.0000 3.63978994
5852.0500 3.67452628
5852.1000 3.70926261
5852.1500 3.70548874
5852.2000 3.66394573
5852.2500 3.62240272
5852.3000 3.58085971
5852.3500 3.5393167
5852.4000 3.51041689
5852.4500 3.53255478
5852.5000 3.55469266
5852.5500 3.57683055
5852.6000 3.59896844
5852.6500 3.62110633
5852.7000 3.60684991
5852.7500 3.58826388
5852.8000 3.56967785
5852.8500 3.55109183
5852.9000 3.5325058
5852.9500 3.51073362
5853.0000 3.48674999
5853.0500 3.46276636
5853.1000 3.43878272
5853.1500 3.41479909
5853.2000 3.4068367
5853.2500 3.43841324
5853.3000 3.46998977
5853.3500 3.50156631
5853.4000 3.53314285
5853.4500 3.56471938
5853.5000 3.57017029
5853.5500 3.57530092
5853.6000 3.58043156
5853.6500 3.5855622
5853.7000 3.59069283
5853.7500 3.58012922
5853.8000 3.56247773
5853.8500 3.54482624
5853.9000 3.52717475
5853.9500 3.50952327
5854.0000 3.49614457
5854.0500 3.48941137
5854.1000 3.48267818
5854.1500 3.47594498
5854.2000 3.46921179
5854.2500 3.46226074
5854.3000 3.45324078
5854.3500 3.44422082
5854.4000 3.43520086
5854.4500 3.4261809
5854.5000 3.41716094
5854.5500 3.40714428
5854.6000 3.39687945
5854.6500 3.38661462
5854.7000 3.37634979
5854.7500 3.36608496
5854.8000 3.35377599
5854.8500 3.33948331
5854.9000 3.32519063
5854.9500 3.31089795
5855.0000 3.29660527
5855.0500 3.29054452
5855.1000 3.31439429
5855.1500 3.33824405
5855.2000 3.36209381
5855.2500 3.38594358
5855.3000 3.40979334
5855.3500 3.43285619
5855.4000 3.45585579
5855.4500 3.47885539
5855.5000 3.50185499
5855.5500 3.52485459
5855.6000 3.52650763
5855.6500 3.51598841
5855.7000 3.50546918
5855.7500 3.49494995
5855.8000 3.48443072
5855.8500 3.47352987
5855.9000 3.46191895
5855.9500 3.45030803
5856.0000 3.43869711
5856.0500 3.42708619
5856.1000 3.41640464
5856.1500 3.41937196
5856.2000 3.42233929
5856.2500 3.42530661
5856.3000 3.42827393
5856.3500 3.43124125
5856.4000 3.41548979
5856.4500 3.39444023
5856.5000 3.37339067
5856.5500 3.35234111
5856.6000 3.33129155
5856.6500 3.32580192
5856.7000 3.33609044
5856.7500 3.34637896
5856.8000 3.35666747
5856.8500 3.36695599
5856.9000 3.37791943
5856.9500 3.39134558
5857.0000 3.40477172
5857.0500 3.41819787
5857.1000 3.43162402
5857.1500 3.44505017
5857.2000 3.42810588
5857.2500 3.40905581
5857.3000 3.39000574
5857.3500 3.37095567
5857.4000 3.3519056
5857.4500 3.34717275
5857.5000 3.34992502
5857.5500 3.35267729
5857.6000 3.35542956
5857.6500 3.35818183
5857.7000 3.36248593
5857.7500 3.36932543
5857.8000 3.37616493
5857.8500 3.38300443
5857.9000 3.38984393
5857.9500 3.39584323
5858.0000 3.39461465
5858.0500 3.39338607
5858.1000 3.39215748
5858.1500 3.3909289
5858.2000 3.38970032
5858.2500 3.3911388
5858.3000 3.39312327
5858.3500 3.39510773
5858.4000 3.3970922
5858.4500 3.39907667
5858.5000 3.40078158
5858.5500 3.40226459
5858.6000 3.40374759
5858.6500 3.40523059
5858.7000 3.4067136
5858.7500 3.40418205
5858.8000 3.3916454
5858.8500 3.37910875
5858.9000 3.36657209
5858.9500 3.35403544
5859.0000 3.34166549
5859.0500 3.33911256
5859.1000 3.33655963
5859.1500 3.33400669
5859.2000 3.33145376
5859.2500 3.32890083
5859.3000 3.31636508
5859.3500 3.30047533
5859.4000 3.28458559
5859.4500 3.26869584
5859.5000 3.2528061
5859.5500 3.24800159
5859.6000 3.25511949
5859.6500 3.2622374
5859.7000 3.2693553
5859.7500 3.2764732
5859.8000 3.28356657
5859.8500 3.29057119
5859.9000 3.29757581
5859.9500 3.30458042
5860.0000 3.31158504
5860.0500 3.31858966
5860.1000 3.32083761
5860.1500 3.32284997
5860.2000 3.32486232
5860.2500 3.32687467
5860.3000 3.32888702
5860.3500 3.32960421
5860.4000 3.32974091
5860.4500 3.32987761
5860.5000 3.33001431
5860.5500 3.33015102
5860.6000 3.32680955
5860.6500 3.31885185
5860.7000 3.31089415
5860.7500 3.30293646
5860.8000 3.29497876
5860.8500 3.28756701
5860.9000 3.28281396
5860.9500 3.27806091
5861.0000 3.27330786
5861.0500 3.2685548
5861.1000 3.26380175
5861.1500 3.27432662
5861.2000 3.28631661
5861.2500 3.29830661
5861.3000 3.31029661
5861.3500 3.32228661
5861.4000 3.30284782
5861.4500 3.26693548
5861.5000 3.23102314
5861.5500 3.19511081
5861.6000 3.15919847
5861.6500 3.15491199
5861.7000 3.19783067
5861.7500 3.24074936
5861.8000 3.28366805
5861.8500 3.32658674
5861.9000 3.36261164
5861.9500 3.35887043
5862.0000 3.35512922
5862.0500 3.35138801
5862.1000 3.3476468
5862.1500 3.34390559
5862.2000 3.34635835
5862.2500 3.34953172
5862.3000 3.3527051
5862.3500 3.35587848
5862.4000 3.35905186
5862.4500 3.33561914
5862.5000 3.29756165
5862.5500 3.25950415
5862.6000 3.22144666
5862.6500 3.18338917
5862.7000 3.17165743
5862.7500 3.20003112
5862.8000 3.22840481
5862.8500 3.2567785
5862.9000 3.28515219
5862.9500 3.3074273
5863.0000 3.29480332
5863.0500 3.28217934
5863.1000 3.26955536
5863.1500 3.25693139
5863.2000 3.24430741
5863.2500 3.27575137
5863.3000 3.31194527
5863.3500 3.34813916
5863.4000 3.38433306
5863.4500 3.42052696
5863.5000 3.4163718
5863.5500 3.39125667
5863.6000 3.36614153
5863.6500 3.3410264
5863.7000 3.31591126
5863.7500 3.29791069
5863.8000 3.28993787
5863.8500 3.28196505
5863.9000 3.27399223
5863.9500 3.26601941
5864.0000 3.26127477
5864.0500 3.27191757
5864.1000 3.28256036
5864.1500 3.29320316
5864.2000 3.30384595
5864.2500 3.31448875
5864.3000 3.31037779
5864.3500 3.305212
5864.4000 3.30004621
5864.4500 3.29488043
5864.5000 3.28971464
5864.5500 3.28370437
5864.6000 3.27732283
5864.6500 3.27094129
5864.7000 3.26455976
5864.7500 3.25817822
5864.8000 3.26032846
5864.8500 3.272598
5864.9000 3.28486754
5864.9500 3.29713708
5865.0000 3.30940662
5865.0500 3.32148419
5865.1000 3.33288803
5865.1500 3.34429187
5865.2000 3.35569572
5865.2500 3.36709956
5865.3000 3.3785034
5865.3500 3.38225808
5865.4000 3.38591619
5865.4500 3.3895743
5865.5000 3.39323241
5865.5500 3.39689052
5865.6000 3.37223387
5865.6500 3.33837902
5865.7000 3.30452417
5865.7500 3.27066932
5865.8000 3.23681447
5865.8500 3.22869407
5865.9000 3.24399306
5865.9500 3.25929206
5866.0000 3.27459105
5866.0500 3.28989005
5866.1000 3.30809854
5866.1500 3.33330114
5866.2000 3.35850374
5866.2500 3.38370634
5866.3000 3.40890894
5866.3500 3.43178377
5866.4000 3.42144594
5866.4500 3.41110812
5866.5000 3.40077029
5866.5500 3.39043247
5866.6000 3.38009464
5866.6500 3.34404981
5866.7000 3.30306081
5866.7500 3.2620718
5866.8000 3.22108279
5866.8500 3.18009379
5866.9000 3.17913374
5866.9500 3.2034046
5867.0000 3.22767546
5867.0500 3.25194632
5867.1000 3.27621719
5867.1500 3.29564411
5867.2000 3.30748009
5867.2500 3.31931606
5867.3000 3.33115204
5867.3500 3.34298802
5867.4000 3.35414479
5867.4500 3.36191841
5867.5000 3.36969203
5867.5500 3.37746564
5867.6000 3.38523926
5867.6500 3.39301288
5867.7000 3.39374531
5867.7500 3.39407842
5867.8000 3.39441153
5867.8500 3.39474464
5867.9000 3.39507776
5867.9500 3.39321517
5868.0000 3.39052788
5868.0500 3.38784059
5868.1000 3.3851533
5868.1500 3.382466
5868.2000 3.37788514
5868.2500 3.37147812
5868.3000 3.3650711
5868.3500 3.35866408
5868.4000 3.35225706
5868.4500 3.35109621
5868.5000 3.36261529
5868.5500 3.37413436
5868.6000 3.38565344
5868.6500 3.39717251
5868.7000 3.40727305
5868.7500 3.40054413
5868.8000 3.39381521
5868.8500 3.38708629
5868.9000 3.38035737
5868.9500 3.37362846
5869.0000 3.37498735
5869.0500 3.37761603
5869.1000 3.38024471
5869.1500 3.38287339
5869.2000 3.38550206
5869.2500 3.3735835
5869.3000 3.35391275
5869.3500 3.334242
5869.4000 3.31457125
5869.4500 3.29490051
5869.5000 3.28779093
5869.5500 3.29654539
5869.6000 3.30529984
5869.6500 3.3140543
5869.7000 3.32280875
5869.7500 3.32223138
5869.8000 3.29092381
5869.8500 3.25961624
5869.9000 3.22830867
5869.9500 3.1970011
5870.0000 3.16677245
5870.0500 3.17785106
5870.1000 3.18892967
5870.1500 3.20000828
5870.2000 3.21108688
5870.2500 3.22216549
5870.3000 3.24064529
5870.3500 3.26075565
5870.4000 3.280866
5870.4500 3.30097636
5870.5000 3.32108671
5870.5500 3.32343615
5870.6000 3.31466521
5870.6500 3.30589428
5870.7000 3.29712335
5870.7500 3.28835241
5870.8000 3.27914294
5870.8500 3.26930745
5870.9000 3.25947196
5870.9500 3.24963647
5871.0000 3.23980099
5871.0500 3.22891777
5871.1000 3.21410332
5871.1500 3.19928887
5871.2000 3.18447443
5871.2500 3.16965998
5871.3000 3.15522109
5871.3500 3.17651447
5871.4000 3.19780785
5871.4500 3.21910123
5871.5000 3.24039461
5871.5500 3.26168799
5871.6000 3.26210269
5871.6500 3.25767906
5871.7000 3.25325543
5871.7500 3.24883179
5871.8000 3.24440816
5871.8500 3.25104004
5871.9000 3.26459826
5871.9500 3.27815648
5872.0000 3.2917147
5872.0500 3.30527292
5872.1000 3.31868347
5872.1500 3.33188947
5872.2000 3.34509547
5872.2500 3.35830148
5872.3000 3.37150748
5872.3500 3.37425557
5872.4000 3.3410227
5872.4500 3.30778982
5872.5000 3.27455695
5872.5500 3.24132407
5872.6000 3.20976445
5872.6500 3.22781536
5872.7000 3.24586627
5872.7500 3.26391717
5872.8000 3.28196808
5872.8500 3.30001899
5872.9000 3.30787439
5872.9500 3.31381016
5873.0000 3.31974592
5873.0500 3.32568169
5873.1000 3.33161745
5873.1500 3.33405764
5873.2000 3.33463182
5873.2500 3.33520601
5873.3000 3.33578019
5873.3500 3.33635437
5873.4000 3.34175827
5873.4500 3.35274403
5873.5000 3.3637298
5873.5500 3.37471557
5873.6000 3.38570134
5873.6500 3.3905143
5873.7000 3.37923843
5873.7500 3.36796255
5873.8000 3.35668667
5873.8500 3.34541079
5873.9000 3.33530872
5873.9500 3.33676606
5874.0000 3.33822341
5874.0500 3.33968076
5874.1000 3.3411381
5874.1500 3.34259545
5874.2000 3.33333002
5874.2500 3.32298568
5874.3000 3.31264134
5874.3500 3.302297
5874.4000 3.29195267
5874.4500 3.29285533
5874.5000 3.29799268
5874.5500 3.30313003
5874.6000 3.30826738
5874.6500 3.31340473
5874.7000 3.31256548
5874.7500 3.30675383
5874.8000 3.30094218
5874.8500 3.29513054
5874.9000 3.28931889
5874.9500 3.28612968
5875.0000 3.28746865
5875.0500 3.28880762
5875.1000 3.29014659
5875.1500 3.29148556
5875.2000 3.291825
5875.2500 3.28787892
5875.3000 3.28393284
5875.3500 3.27998676
5875.4000 3.27604068
5875.4500 3.27208077
5875.5000 3.2670708
5875.5500 3.26206083
5875.6000 3.25705086
5875.6500 3.25204089
5875.7000 3.24703092
5875.7500 3.21777533
5875.8000 3.18384566
5875.8500 3.149916
5875.9000 3.11598633
5875.9500 3.08205666
5876.0000 3.08623776
5876.0500 3.10959586
5876.1000 3.13295396
5876.1500 3.15631205
5876.2000 3.17967015
5876.2500 3.2003583
5876.3000 3.21830751
5876.3500 3.23625673
5876.4000 3.25420595
5876.4500 3.27215516
5876.5000 3.28601215
5876.5500 3.29131133
5876.6000 3.29661051
5876.6500 3.30190969
5876.7000 3.30720887
5876.7500 3.30911325
5876.8000 3.29249161
5876.8500 3.27586996
5876.9000 3.25924832
5876.9500 3.24262668
5877.0000 3.22600504
5877.0500 3.2442244
5877.1000 3.26287632
5877.1500 3.28152825
5877.2000 3.30018017
5877.2500 3.31883209
5877.3000 3.31895684
5877.3500 3.31507258
5877.4000 3.31118832
5877.4500 3.30730406
5877.5000 3.3034198
5877.5500 3.29487014
5877.6000 3.28389539
5877.6500 3.27292064
5877.7000 3.26194589
5877.7500 3.25097113
5877.8000 3.24244766
5877.8500 3.23642146
5877.9000 3.23039526
5877.9500 3.22436906
5878.0000 3.21834286
5878.0500 3.21342273
5878.1000 3.21070586
5878.1500 3.207989
5878.2000 3.20527214
5878.2500 3.20255528
5878.3000 3.20165035
5878.3500 3.209311
5878.4000 3.21697166
5878.4500 3.22463232
5878.5000 3.23229297
5878.5500 3.23977445
5878.6000 3.23656202
5878.6500 3.23334959
5878.7000 3.23013716
5878.7500 3.22692473
5878.8000 3.2237123
5878.8500 3.22340807
5878.9000 3.22357782
5878.9500 3.22374756
5879.0000 3.22391731
5879.0500 3.22408706
5879.1000 3.2169652
5879.1500 3.20678846
5879.2000 3.19661173
5879.2500 3.186435
5879.3000 3.17625826
5879.3500 3.16273547
5879.4000 3.14648746
5879.4500 3.13023944
5879.5000 3.11399143
5879.5500 3.09774342
5879.6000 3.09487768
5879.6500 3.11216743
5879.7000 3.12945719
5879.7500 3.14674695
5879.8000 3.16403671
5879.8500 3.17716512
5879.9000 3.17770334
5879.9500 3.17824157
5880.0000 3.1787798
5880.0500 3.17931803
5880.1000 3.18109696
5880.1500 3.1941277
5880.2000 3.20715844
5880.2500 3.22018918
5880.3000 3.23321992
5880.3500 3.24625066
5880.4000 3.24282567
5880.4500 3.23856591
5880.5000 3.23430616
5880.5500 3.2300464
5880.6000 3.22578664
5880.6500 3.19217977
5880.7000 3.15149253
5880.7500 3.11080529
5880.8000 3.07011804
5880.8500 3.0294308
5880.9000 3.04343113
5880.9500 3.08547259
5881.0000 3.12751405
5881.0500 3.16955551
5881.1000 3.21159697
5881.1500 3.23240621
5881.2000 3.23345643
5881.2500 3.23450665
5881.3000 3.23555687
5881.3500 3.23660709
5881.4000 3.24187496
5881.4500 3.25413044
5881.5000 3.26638592
5881.5500 3.2786414
5881.6000 3.29089687
5881.6500 3.30070257
5881.7000 3.30259234
5881.7500 3.30448211
5881.8000 3.30637187
5881.8500 3.30826164
5881.9000 3.30943701
5881.9500 3.30402047
5882.0000 3.29860393
5882.0500 3.29318738
5882.1000 3.28777084
5882.1500 3.2823543
5882.2000 3.28204115
5882.2500 3.2819366
5882.3000 3.28183205
5882.3500 3.28172749
5882.4000 3.28162294
5882.4500 3.25967916
5882.5000 3.23310896
5882.5500 3.20653875
5882.6000 3.17996854
5882.6500 3.15339834
5882.7000 3.17398292
5882.7500 3.21563827
5882.8000 3.25729362
5882.8500 3.29894897
5882.9000 3.34060432
5882.9500 3.34930456
5883.0000 3.33196803
5883.0500 3.31463151
5883.1000 3.29729498
5883.1500 3.27995846
5883.2000 3.26991766
5883.2500 3.26964214
5883.3000 3.26936663
5883.3500 3.26909111
5883.4000 3.26881559
5883.4500 3.26255979
5883.5000 3.24222452
5883.5500 3.22188926
5883.6000 3.20155399
5883.6500 3.18121873
5883.7000 3.16517239
5883.7500 3.17004662
5883.8000 3.17492086
5883.8500 3.17979509
5883.9000 3.18466933
5883.9500 3.18995121
5884.0000 3.20416447
5884.0500 3.21837772
5884.1000 3.23259098
5884.1500 3.24680424
5884.2000 3.26101749
5884.2500 3.2776968
5884.3000 3.2945944
5884.3500 3.31149199
5884.4000 3.32838959
5884.4500 3.34528719
5884.5000 3.35017567
5884.5500 3.35197167
5884.6000 3.35376767
5884.6500 3.35556366
5884.7000 3.35735966
5884.7500 3.36553421
5884.8000 3.3768041
5884.8500 3.388074
5884.9000 3.3993439
5884.9500 3.4106138
5885.0000 3.40814758
5885.0500 3.39457108
5885.1000 3.38099458
5885.1500 3.36741808
5885.2000 3.35384158
5885.2500 3.33517126
5885.3000 3.3098557
5885.3500 3.28454014
5885.4000 3.25922458
5885.4500 3.23390902
5885.5000 3.21788629
5885.5500 3.22193083
5885.6000 3.22597537
5885.6500 3.23001991
5885.7000 3.23406444
5885.7500 3.23147708
5885.8000 3.20246424
5885.8500 3.1734514
5885.9000 3.14443855
5885.9500 3.11542571
5886.0000 3.0900533
5886.0500 3.10325436
5886.1000 3.11645542
5886.1500 3.12965649
5886.2000 3.14285755
5886.2500 3.15605861
5886.3000 3.15394161
5886.3500 3.15140556
5886.4000 3.14886952
5886.4500 3.14633347
5886.5000 3.14379742
5886.5500 3.16146144
5886.6000 3.18235879
5886.6500 3.20325613
5886.7000 3.22415348
5886.7500 3.24505083
5886.8000 3.24004418
5886.8500 3.22650321
5886.9000 3.21296223
5886.9500 3.19942126
5887.0000 3.18588029
5887.0500 3.17819128
5887.1000 3.17373912
5887.1500 3.16928695
5887.2000 3.16483479
5887.2500 3.16038262
5887.3000 3.14867276
5887.3500 3.13070687
5887.4000 3.11274098
5887.4500 3.09477509
5887.5000 3.0768092
5887.5500 3.07071829
5887.6000 3.08025516
5887.6500 3.08979204
5887.7000 3.09932891
5887.7500 3.10886579
5887.8000 3.12501512
5887.8500 3.15471173
5887.9000 3.18440833
5887.9500 3.21410494
5888.0000 3.24380154
5888.0500 3.26765582
5888.1000 3.27147278
5888.1500 3.27528974
5888.2000 3.2791067
5888.2500 3.28292366
5888.3000 3.28732867
5888.3500 3.29584948
5888.4000 3.3043703
5888.4500 3.31289111
5888.5000 3.32141192
5888.5500 3.32911973
5888.6000 3.30612507
5888.6500 3.28313042
5888.7000 3.26013576
5888.7500 3.2371411
5888.8000 3.21414644
5888.8500 3.23237015
5888.9000 3.25378714
5888.9500 3.27520413
5889.0000 3.29662112
5889.0500 3.31803812
5889.1000 3.29863488
5889.1500 3.27098426
5889.2000 3.24333364
5889.2500 3.21568302
5889.3000 3.18803241
5889.3500 3.16814077
5889.4000 3.15101427
5889.4500 3.13388777
5889.5000 3.11676127
5889.5500 3.09963477
5889.6000 3.08548313
5889.6500 3.07297516
5889.7000 3.06046718
5889.7500 3.0479592
5889.8000 3.03545122
5889.8500 3.02641681
5889.9000 3.02019586
5889.9500 3.01397492
5890.0000 3.00775398
5890.0500 3.00153303
5890.1000 3.00418966
5890.1500 3.0171678
5890.2000 3.03014594
5890.2500 3.04312409
5890.3000 3.05610223
5890.3500 3.06721596
5890.4000 3.07520661
5890.4500 3.08319725
5890.5000 3.09118789
5890.5500 3.09917854
5890.6000 3.10357673
5890.6500 3.09903956
5890.7000 3.0945024
5890.7500 3.08996524
5890.8000 3.08542807
5890.8500 3.08187581
5890.9000 3.08223324
5890.9500 3.08259067
5891.0000 3.08294811
5891.0500 3.08330554
5891.1000 3.07998672
5891.1500 3.04897906
5891.2000 3.0179714
5891.2500 2.98696374
5891.3000 2.95595608
5891.3500 2.9264487
5891.4000 2.93865589
5891.4500 2.95086307
5891.5000 2.96307026
5891.5500 2.97527744
5891.6000 2.98748463
5891.6500 2.98495652
5891.7000 2.98171383
5891.7500 2.97847114
5891.8000 2.97522846
5891.8500 2.97198577
5891.9000 2.97250518
5891.9500 2.97356546
5892.0000 2.97462574
5892.0500 2.97568602
5892.1000 2.9767463
5892.1500 2.98471859
5892.2000 2.99445811
5892.2500 3.00419764
5892.3000 3.01393717
5892.3500 3.0236767
5892.4000 3.03302932
5892.4500 3.04223148
5892.5000 3.05143363
5892.5500 3.06063578
5892.6000 3.06983793
5892.6500 3.07004235
5892.7000 3.06529698
5892.7500 3.06055162
5892.8000 3.05580625
5892.8500 3.05106088
5892.9000 3.05223389
5892.9500 3.05783957
5893.0000 3.06344526
5893.0500 3.06905094
5893.1000 3.07465662
5893.1500 3.0729352
5893.2000 3.06388503
5893.2500 3.05483487
5893.3000 3.04578471
5893.3500 3.03673454
5893.4000 3.0338587
5893.4500 3.03917919
5893.5000 3.04449968
5893.5500 3.04982017
5893.6000 3.05514066
5893.6500 3.05960591
5893.7000 3.0625565
5893.7500 3.0655071
5893.8000 3.0684577
5893.8500 3.07140829
5893.9000 3.06778234
5893.9500 3.04833592
5894.0000 3.02888949
5894.0500 3.00944307
5894.1000 2.98999665
5894.1500 2.98100442
5894.2000 3.00742599
5894.2500 3.03384757
5894.3000 3.06026914
5894.3500 3.08669072
5894.4000 3.10600564
5894.4500 3.08902258
5894.5000 3.07203951
5894.5500 3.05505644
5894.6000 3.03807337
5894.6500 3.02406416
5894.7000 3.036505
5894.7500 3.04894584
5894.8000 3.06138667
5894.8500 3.07382751
5894.9000 3.08660712
5894.9500 3.10753059
5895.0000 3.12845407
5895.0500 3.14937754
5895.1000 3.17030102
5895.1500 3.1912245
5895.2000 3.20561876
5895.2500 3.21988204
5895.3000 3.23414532
5895.3500 3.24840861
5895.4000 3.26267189
5895.4500 3.25620536
5895.5000 3.24799141
5895.5500 3.23977746
5895.6000 3.23156352
5895.6500 3.22334957
5895.7000 3.21524977
5895.7500 3.20716767
5895.8000 3.19908558
5895.8500 3.19100348
5895.9000 3.18292138
5895.9500 3.17047269
5896.0000 3.15700437
5896.0500 3.14353605
5896.1000 3.13006773
5896.1500 3.11659941
5896.2000 3.10368411
5896.2500 3.09094612
5896.3000 3.07820814
5896.3500 3.06547016
5896.4000 3.05273218
5896.4500 3.0382417
5896.5000 3.02301883
5896.5500 3.00779595
5896.6000 2.99257307
5896.6500 2.9773502
5896.7000 2.98611744
5896.7500 3.00752993
5896.8000 3.02894242
5896.8500 3.05035492
5896.9000 3.07176741
5896.9500 3.07649887
5897.0000 3.07038233
5897.0500 3.06426579
5897.1000 3.05814926
5897.1500 3.05203272
5897.2000 3.05642683
5897.2500 3.06912689
5897.3000 3.08182696
5897.3500 3.09452703
5897.4000 3.1072271
5897.4500 3.10335643
5897.5000 3.08373949
5897.5500 3.06412255
5897.6000 3.04450561
5897.6500 3.02488867
5897.7000 3.01310727
5897.7500 3.01021645
5897.8000 3.00732564
5897.8500 3.00443482
5897.9000 3.00154401
5897.9500 2.99460707
5898.0000 2.98221161
5898.0500 2.96981615
5898.1000 2.95742069
5898.1500 2.94502523
5898.2000 2.93980625
5898.2500 2.94607662
5898.3000 2.952347
5898.3500 2.95861737
5898.4000 2.96488774
5898.4500 2.97726749
5898.5000 3.00125766
5898.5500 3.02524783
5898.6000 3.04923799
5898.6500 3.07322816
5898.7000 3.0913323
5898.7500 3.09612581
5898.8000 3.10091932
5898.8500 3.10571283
5898.9000 3.11050635
5898.9500 3.1126804
5899.0000 3.10777193
5899.0500 3.10286346
5899.1000 3.09795499
5899.1500 3.09304652
5899.2000 3.08501917
5899.2500 3.06683333
5899.3000 3.04864749
5899.3500 3.03046166
5899.4000 3.01227582
5899.4500 2.99646125
5899.5000 2.99005236
5899.5500 2.98364347
5899.6000 2.97723458
5899.6500 2.97082569
5899.7000 2.96381224
5899.7500 2.95383302
5899.8000 2.9438538
5899.8500 2.93387458
5899.9000 2.92389535
5899.9500 2.92039453
5900.0000 2.95707356
5900.0500 2.99375259
5900.1000 3.03043162
5900.1500 3.06711065
5900.2000 3.10069371
5900.2500 3.10920267
5900.3000 3.11771163
5900.3500 3.12622059
5900.4000 3.13472955
5900.4500 3.14356767
5900.5000 3.15606668
5900.5500 3.16856569
5900.6000 3.18106469
5900.6500 3.1935637
5900.7000 3.20571924
5900.7500 3.21215246
5900.8000 3.21858568
5900.8500 3.22501891
5900.9000 3.23145213
5900.9500 3.2363449
5901.0000 3.19507419
5901.0500 3.15380349
5901.1000 3.11253278
5901.1500 3.07126207
5901.2000 3.03041764
5901.2500 3.03402831
5901.3000 3.03763898
5901.3500 3.04124965
5901.4000 3.04486032
5901.4500 3.04847099
5901.5000 3.08685991
5901.5500 3.12566259
5901.6000 3.16446528
5901.6500 3.20326796
5901.7000 3.24207065
5901.7500 3.23115529
5901.8000 3.2186243
5901.8500 3.20609331
5901.9000 3.19356231
5901.9500 3.18103132
5902.0000 3.19543091
5902.0500 3.21123744
5902.1000 3.22704398
5902.1500 3.24285052
5902.2000 3.25865706
5902.2500 3.27373426
5902.3000 3.28875967
5902.3500 3.30378509
5902.4000 3.31881051
5902.4500 3.33383593
5902.5000 3.33607185
5902.5500 3.33717473
5902.6000 3.3382776
5902.6500 3.33938048
5902.7000 3.34048336
5902.7500 3.34931547
5902.8000 3.35895834
5902.8500 3.36860121
5902.9000 3.37824408
5902.9500 3.38788695
5903.0000 3.36086226
5903.0500 3.32944629
5903.1000 3.29803032
5903.1500 3.26661434
5903.2000 3.23519837
5903.2500 3.25857249
5903.3000 3.28923619
5903.3500 3.31989989
5903.4000 3.35056359
5903.4500 3.3812273
5903.5000 3.37521467
5903.5500 3.36389763
5903.6000 3.35258059
5903.6500 3.34126356
5903.7000 3.32994652
5903.7500 3.32382347
5903.8000 3.31850231
5903.8500 3.31318115
5903.9000 3.30786
5903.9500 3.30253884
5904.0000 3.32731825
5904.0500 3.3569809
5904.1000 3.38664355
5904.1500 3.41630621
5904.2000 3.44596886
5904.2500 3.47192616
5904.3000 3.49726071
5904.3500 3.52259525
5904.4000 3.54792979
5904.4500 3.57326433
5904.5000 3.58068471
5904.5500 3.58502662
5904.6000 3.58936853
5904.6500 3.59371043
5904.7000 3.59805234
5904.7500 3.57526228
5904.8000 3.54776442
5904.8500 3.52026655
5904.9000 3.49276868
5904.9500 3.46527081
5905.0000 3.44659982
5905.0500 3.42945641
5905.1000 3.41231301
5905.1500 3.3951696
5905.2000 3.37802619
5905.2500 3.36572807
5905.3000 3.35425598
5905.3500 3.3427839
5905.4000 3.33131182
5905.4500 3.31983974
5905.5000 3.34944916
5905.5500 3.38587059
5905.6000 3.42229203
5905.6500 3.45871347
5905.7000 3.49513491
5905.7500 3.49772412
5905.8000 3.49493041
5905.8500 3.49213671
5905.9000 3.489343
5905.9500 3.48654929
5906.0000 3.4833018
5906.0500 3.47998605
5906.1000 3.4766703
5906.1500 3.47335455
5906.2000 3.47003879
5906.2500 3.46483052
5906.3000 3.45935757
5906.3500 3.45388461
5906.4000 3.44841166
5906.4500 3.44293871
5906.5000 3.44680091
5906.5500 3.45185342
5906.6000 3.45690594
5906.6500 3.46195846
5906.7000 3.46701097
5906.7500 3.46008777
5906.8000 3.45180525
5906.8500 3.44352272
5906.9000 3.4352402
5906.9500 3.42695768
5907.0000 3.41738008
5907.0500 3.40767558
5907.1000 3.39797109
5907.1500 3.38826659
5907.2000 3.3785621
5907.2500 3.35824791
5907.3000 3.33707365
5907.3500 3.31589939
5907.4000 3.29472513
5907.4500 3.27355088
5907.5000 3.28129235
5907.5500 3.29085296
5907.6000 3.30041358
5907.6500 3.30997419
5907.7000 3.31953481
5907.7500 3.30354956
5907.8000 3.28644874
5907.8500 3.26934793
5907.9000 3.25224711
5907.9500 3.23514629
5908.0000 3.24977513
5908.0500 3.26514914
5908.1000 3.28052315
5908.1500 3.29589716
5908.2000 3.31127117
5908.2500 3.31799773
5908.3000 3.32470261
5908.3500 3.33140749
5908.4000 3.33811237
5908.4500 3.34421407
5908.5000 3.31997824
5908.5500 3.29574242
5908.6000 3.27150659
5908.6500 3.24727077
5908.7000 3.22576577
5908.7500 3.26497718
5908.8000 3.30418859
5908.8500 3.3434
5908.9000 3.38261141
5908.9500 3.41794282
5909.0000 3.40021084
5909.0500 3.38247886
5909.1000 3.36474688
5909.1500 3.34701491
5909.2000 3.33020813
5909.2500 3.32223708
5909.3000 3.31426602
5909.3500 3.30629497
5909.4000 3.29832392
5909.4500 3.29275354
5909.5000 3.30430228
5909.5500 3.31585102
5909.6000 3.32739976
5909.6500 3.3389485
5909.7000 3.35037327
5909.7500 3.36111034
5909.8000 3.3718474
5909.8500 3.38258446
5909.9000 3.39332153
5909.9500 3.39994332
5910.0000 3.38832004
5910.0500 3.37669676
5910.1000 3.36507348
5910.1500 3.3534502
5910.2000 3.34261053
5910.2500 3.33460001
5910.3000 3.32658949
5910.3500 3.31857896
5910.4000 3.31056844
5910.4500 3.30126612
5910.5000 3.2881154
5910.5500 3.27496467
5910.6000 3.26181395
5910.6500 3.24866322
5910.7000 3.24465874
5910.7500 3.2633457
5910.8000 3.28203266
5910.8500 3.30071962
5910.9000 3.31940659
5910.9500 3.33745981
5911.0000 3.35419559
5911.0500 3.37093136
5911.1000 3.38766714
5911.1500 3.40440291
5911.2000 3.41464361
5911.2500 3.41352937
5911.3000 3.41241513
5911.3500 3.41130089
5911.4000 3.41018665
5911.4500 3.41093032
5911.5000 3.41440919
5911.5500 3.41788807
5911.6000 3.42136695
5911.6500 3.42484583
5911.7000 3.42332413
5911.7500 3.4156081
5911.8000 3.40789206
5911.8500 3.40017602
5911.9000 3.39245998
5911.9500 3.38964591
5912.0000 3.39192527
5912.0500 3.39420464
5912.1000 3.396484
5912.1500 3.39876337
5912.2000 3.38948027
5912.2500 3.37017649
5912.3000 3.35087272
5912.3500 3.33156894
5912.4000 3.31226517
5912.4500 3.30476936
5912.5000 3.30573434
5912.5500 3.30669932
5912.6000 3.3076643
5912.6500 3.30862928
5912.7000 3.30342313
5912.7500 3.29460788
5912.8000 3.28579263
5912.8500 3.27697738
5912.9000 3.26816213
5912.9500 3.28308446
5913.0000 3.30912892
5913.0500 3.33517337
5913.1000 3.36121782
5913.1500 3.38726227
5913.2000 3.38160085
5913.2500 3.36435912
5913.3000 3.3471174
5913.3500 3.32987567
5913.4000 3.31263395
5913.4500 3.31949219
5913.5000 3.33292942
5913.5500 3.34636666
5913.6000 3.35980389
5913.6500 3.37324112
5913.7000 3.36559649
5913.7500 3.35394209
5913.8000 3.3422877
5913.8500 3.3306333
5913.9000 3.31897891
5913.9500 3.34516921
5914.0000 3.37573355
5914.0500 3.4062979
5914.1000 3.43686225
5914.1500 3.4674266
5914.2000 3.44296913
5914.2500 3.41586801
5914.3000 3.38876688
5914.3500 3.36166576
5914.4000 3.33455275
5914.4500 3.30656949
5914.5000 3.27858623
5914.5500 3.25060297
5914.6000 3.22261971
5914.6500 3.19868568
5914.7000 3.2251606
5914.7500 3.25163553
5914.8000 3.27811045
5914.8500 3.30458538
5914.9000 3.3305548
5914.9500 3.3533344
5915.0000 3.37611399
5915.0500 3.39889358
5915.1000 3.42167318
5915.1500 3.4334459
5915.2000 3.40140942
5915.2500 3.36937294
5915.3000 3.33733646
5915.3500 3.30529998
5915.4000 3.2822979
5915.4500 3.28417948
5915.5000 3.28606107
5915.5500 3.28794266
5915.6000 3.28982424
5915.6500 3.28831023
5915.7000 3.2800096
5915.7500 3.27170898
5915.8000 3.26340836
5915.8500 3.25510773
5915.9000 3.25232762
5915.9500 3.25775379
5916.0000 3.26317995
5916.0500 3.26860612
5916.1000 3.27403228
5916.1500 3.2786281
5916.2000 3.28229661
5916.2500 3.28596513
5916.3000 3.28963364
5916.3500 3.29330216
5916.4000 3.30838116
5916.4500 3.33301586
5916.5000 3.35765056
5916.5500 3.38228526
5916.6000 3.40691996
5916.6500 3.42005107
5916.7000 3.42605976
5916.7500 3.43206845
5916.8000 3.43807714
5916.8500 3.44408583
5916.9000 3.43094263
5916.9500 3.40929711
5917.0000 3.38765158
5917.0500 3.36600606
5917.1000 3.34436053
5917.1500 3.3404401
5917.2000 3.34184255
5917.2500 3.34324499
5917.3000 3.34464743
5917.3500 3.34604987
5917.4000 3.3468917
5917.4500 3.34763236
5917.5000 3.34837301
5917.5500 3.34911366
5917.6000 3.34985432
5917.6500 3.32163528
5917.7000 3.29112745
5917.7500 3.26061961
5917.8000 3.23011177
5917.8500 3.19978775
5917.9000 3.19239009
5917.9500 3.18499244
5918.0000 3.17759478
5918.0500 3.17019712
5918.1000 3.16343173
5918.1500 3.16300357
5918.2000 3.1625754
5918.2500 3.16214724
5918.3000 3.16171908
5918.3500 3.1600519
5918.4000 3.15254564
5918.4500 3.14503938
5918.5000 3.13753313
5918.5500 3.13002687
5918.6000 3.11907061
5918.6500 3.09834331
5918.7000 3.07761601
5918.7500 3.05688871
5918.8000 3.0361614
5918.8500 3.03117174
5918.9000 3.05561399
5918.9500 3.08005624
5919.0000 3.10449849
5919.0500 3.12894074
5919.1000 3.12841949
5919.1500 3.09579515
5919.2000 3.06317081
5919.2500 3.03054647
5919.3000 2.99792212
5919.3500 2.99043098
5919.4000 3.00540334
5919.4500 3.0203757
5919.5000 3.03534806
5919.5500 3.05032042
5919.6000 3.07611703
5919.6500 3.10854185
5919.7000 3.14096668
5919.7500 3.1733915
5919.8000 3.20581632
5919.8500 3.22658332
5919.9000 3.24267954
5919.9500 3.25877575
5920.0000 3.27487196
5920.0500 3.29096817
5920.1000 3.30157222
5920.1500 3.31088176
5920.2000 3.3201913
5920.2500 3.32950084
5920.3000 3.33881038
5920.3500 3.33388284
5920.4000 3.32748046
5920.4500 3.32107807
5920.5000 3.31467569
5920.5500 3.30834286
5920.6000 3.31713562
5920.6500 3.32592837
5920.7000 3.33472112
5920.7500 3.34351388
5920.8000 3.35269226
5920.8500 3.36517196
5920.9000 3.37765166
5920.9500 3.39013136
5921.0000 3.40261106
5921.0500 3.41168777
5921.1000 3.40766247
5921.1500 3.40363718
5921.2000 3.39961188
5921.2500 3.39558658
5921.3000 3.39131753
5921.3500 3.38650426
5921.4000 3.38169098
5921.4500 3.37687771
5921.5000 3.37206443
5921.5500 3.36113741
5921.6000 3.34155898
5921.6500 3.32198055
5921.7000 3.30240212
5921.7500 3.2828237
5921.8000 3.26950351
5921.8500 3.26195167
5921.9000 3.25439983
5921.9500 3.24684799
5922.0000 3.23929615
5922.0500 3.23835012
5922.1000 3.24131308
5922.1500 3.24427604
5922.2000 3.247239
5922.2500 3.25020196
5922.3000 3.24697673
5922.3500 3.24155103
5922.4000 3.23612534
5922.4500 3.23069964
5922.5000 3.22527395
5922.5500 3.25876471
5922.6000 3.29919298
5922.6500 3.33962125
5922.7000 3.38004952
5922.7500 3.42047779
5922.8000 3.40508275
5922.8500 3.38744016
5922.9000 3.36979758
5922.9500 3.352155
5923.0000 3.33622178
5923.0500 3.3412309
5923.1000 3.34624002
5923.1500 3.35124915
5923.2000 3.35625827
5923.2500 3.35050404
5923.3000 3.29922039
5923.3500 3.24793674
5923.4000 3.19665309
5923.4500 3.14536945
5923.5000 3.10547156
5923.5500 3.09109256
5923.6000 3.07671357
5923.6500 3.06233458
5923.7000 3.04795558
5923.7500 3.05111664
5923.8000 3.07777579
5923.8500 3.10443494
5923.9000 3.13109409
5923.9500 3.15775325
5924.0000 3.16174397
5924.0500 3.14702786
5924.1000 3.13231176
5924.1500 3.11759565
5924.2000 3.10287955
5924.2500 3.11312387
5924.3000 3.13566683
5924.3500 3.1582098
5924.4000 3.18075276
5924.4500 3.20329572
5924.5000 3.19600971
5924.5500 3.18096261
5924.6000 3.16591551
5924.6500 3.1508684
5924.7000 3.1358213
5924.7500 3.16154275
5924.8000 3.19087065
5924.8500 3.22019855
5924.9000 3.24952646
5924.9500 3.27763414
5925.0000 3.28014379
5925.0500 3.28265344
5925.1000 3.28516309
5925.1500 3.28767274
5925.2000 3.29020656
5925.2500 3.29285527
5925.3000 3.29550397
5925.3500 3.29815268
5925.4000 3.30080138
5925.4500 3.30263735
5925.5000 3.3026106
5925.5500 3.30258385
5925.6000 3.30255711
5925.6500 3.30253036
5925.7000 3.30835853
5925.7500 3.32178269
5925.8000 3.33520686
5925.8500 3.34863102
5925.9000 3.36205519
5925.9500 3.36609282
5926.0000 3.36300201
5926.0500 3.3599112
5926.1000 3.35682039
5926.1500 3.35372958
5926.2000 3.33379244
5926.2500 3.30673908
5926.3000 3.27968573
5926.3500 3.25263237
5926.4000 3.22557901
5926.4500 3.24923551
5926.5000 3.28260352
5926.5500 3.31597153
5926.6000 3.34933954
5926.6500 3.38270754
5926.7000 3.39404371
5926.7500 3.40486336
5926.8000 3.415683
5926.8500 3.42650264
5926.9000 3.43084097
5926.9500 3.38602481
5927.0000 3.34120865
5927.0500 3.29639248
5927.1000 3.25157632
5927.1500 3.2202391
5927.2000 3.22777265
5927.2500 3.2353062
5927.3000 3.24283975
5927.3500 3.2503733
5927.4000 3.26111254
5927.4500 3.27665946
5927.5000 3.29220638
5927.5500 3.3077533
5927.6000 3.32330021
5927.6500 3.32303631
5927.7000 3.30952932
5927.7500 3.29602234
5927.8000 3.28251535
5927.8500 3.26900837
5927.9000 3.26785697
5927.9500 3.2722588
5928.0000 3.27666062
5928.0500 3.28106244
5928.1000 3.28546426
5928.1500 3.27354709
5928.2000 3.25845721
5928.2500 3.24336733
5928.3000 3.22827744
5928.3500 3.21318756
5928.4000 3.19998063
5928.4500 3.18680019
5928.5000 3.17361976
5928.5500 3.16043933
5928.6000 3.15068792
5928.6500 3.16261086
5928.7000 3.1745338
5928.7500 3.18645674
5928.8000 3.19837968
5928.8500 3.21127998
5928.9000 3.22658882
5928.9500 3.24189767
5929.0000 3.25720652
5929.0500 3.27251536
5929.1000 3.2788328
5929.1500 3.27381286
5929.2000 3.26879292
5929.2500 3.26377298
5929.3000 3.25875304
5929.3500 3.2695858
5929.4000 3.29109639
5929.4500 3.31260697
5929.5000 3.33411756
5929.5500 3.35562814
5929.6000 3.36333117
5929.6500 3.36653757
5929.7000 3.36974398
5929.7500 3.37295038
5929.8000 3.37615679
5929.8500 3.36653669
5929.9000 3.3556903
5929.9500 3.3448439
5930.0000 3.33399751
5930.0500 3.32240756
5930.1000 3.30133614
5930.1500 3.28026472
5930.2000 3.2591933
5930.2500 3.23812188
5930.3000 3.22098979
5930.3500 3.21673236
5930.4000 3.21247493
5930.4500 3.20821751
5930.5000 3.20396008
5930.5500 3.20099862
5930.6000 3.20000195
5930.6500 3.19900529
5930.7000 3.19800863
5930.7500 3.19701196
5930.8000 3.19317183
5930.8500 3.18711729
5930.9000 3.18106275
5930.9500 3.17500821
5931.0000 3.16895367
5931.0500 3.1872465
5931.1000 3.21461253
5931.1500 3.24197855
5931.2000 3.26934457
5931.2500 3.2967106
5931.3000 3.28817656
5931.3500 3.27549483
5931.4000 3.26281309
5931.4500 3.25013136
5931.5000 3.2369602
5931.5500 3.21685564
5931.6000 3.19675108
5931.6500 3.17664652
5931.7000 3.15654196
5931.7500 3.13165175
5931.8000 3.09135702
5931.8500 3.05106228
5931.9000 3.01076754
5931.9500 2.97047281
5932.0000 2.95294757
5932.0500 2.96822756
5932.1000 2.98350755
5932.1500 2.99878755
5932.2000 3.01406754
5932.2500 3.03109967
5932.3000 3.04938
5932.3500 3.06766033
5932.4000 3.08594066
5932.4500 3.10422099
5932.5000 3.11304362
5932.5500 3.118877
5932.6000 3.12471037
5932.6500 3.13054375
5932.7000 3.13637713
5932.7500 3.15044668
5932.8000 3.16506729
5932.8500 3.17968789
5932.9000 3.19430849
5932.9500 3.20635316
5933.0000 3.19883045
5933.0500 3.19130774
5933.1000 3.18378504
5933.1500 3.17626233
5933.2000 3.16944435
5933.2500 3.16429477
5933.3000 3.1591452
5933.3500 3.15399563
5933.4000 3.14884605
5933.4500 3.14711601
5933.5000 3.1491026
5933.5500 3.15108918
5933.6000 3.15307577
5933.6500 3.15506236
5933.7000 3.15168366
5933.7500 3.14557777
5933.8000 3.13947188
5933.8500 3.13336599
5933.9000 3.1272601
5933.9500 3.13599774
5934.0000 3.1473877
5934.0500 3.15877767
5934.1000 3.17016763
5934.1500 3.18075052
5934.2000 3.16934162
5934.2500 3.15793272
5934.3000 3.14652382
5934.3500 3.13511492
5934.4000 3.13301238
5934.4500 3.16315153
5934.5000 3.19329067
5934.5500 3.22342982
5934.6000 3.25356896
5934.6500 3.2618452
5934.7000 3.23919753
5934.7500 3.21654986
5934.8000 3.1939022
5934.8500 3.17125453
5934.9000 3.17419859
5934.9500 3.19378492
5935.0000 3.21337126
5935.0500 3.23295759
5935.1000 3.25254393
5935.1500 3.25395579
5935.2000 3.25080475
5935.2500 3.24765371
5935.3000 3.24450267
5935.3500 3.24135163
5935.4000 3.21161344
5935.4500 3.18172248
5935.5000 3.15183152
5935.5500 3.12194056
5935.6000 3.09710714
5935.6500 3.0937167
5935.7000 3.09032626
5935.7500 3.08693583
5935.8000 3.08354539
5935.8500 3.0803068
5935.9000 3.07730673
5935.9500 3.07430665
5936.0000 3.07130658
5936.0500 3.0683065
5936.1000 3.08402566
5936.1500 3.11282034
5936.2000 3.14161502
5936.2500 3.1704097
5936.3000 3.19920438
5936.3500 3.20603294
5936.4000 3.20702587
5936.4500 3.2080188
5936.5000 3.20901174
5936.5500 3.21000467
5936.6000 3.21601259
5936.6500 3.22205566
5936.7000 3.22809872
5936.7500 3.23414179
5936.8000 3.23631078
5936.8500 3.22274635
5936.9000 3.20918192
5936.9500 3.19561749
5937.0000 3.18205306
5937.0500 3.17222701
5937.1000 3.16792247
5937.1500 3.16361794
5937.2000 3.1593134
5937.2500 3.15500887
5937.3000 3.15590561
5937.3500 3.16010753
5937.4000 3.16430944
5937.4500 3.16851136
5937.5000 3.17271327
5937.5500 3.1521706
5937.6000 3.12622498
5937.6500 3.10027936
5937.7000 3.07433374
5937.7500 3.04875958
5937.8000 3.03452688
5937.8500 3.02029418
5937.9000 3.00606149
5937.9500 2.99182879
5938.0000 2.98570308
5938.0500 3.00466282
5938.1000 3.02362257
5938.1500 3.04258231
5938.2000 3.06154205
5938.2500 3.08283076
5938.3000 3.10687148
5938.3500 3.13091221
5938.4000 3.15495293
5938.4500 3.17899365
5938.5000 3.19303861
5938.5500 3.20225096
5938.6000 3.21146331
5938.6500 3.22067566
5938.7000 3.22988802
5938.7500 3.22564789
5938.8000 3.21976925
5938.8500 3.21389062
5938.9000 3.20801199
5938.9500 3.20518162
5939.0000 3.22692604
5939.0500 3.24867045
5939.1000 3.27041487
5939.1500 3.29215928
5939.2000 3.29566726
5939.2500 3.26229685
5939.3000 3.22892644
5939.3500 3.19555604
5939.4000 3.16218563
5939.4500 3.15634689
5939.5000 3.1727616
5939.5500 3.18917631
5939.6000 3.20559102
5939.6500 3.22200573
5939.7000 3.20788282
5939.7500 3.18498247
5939.8000 3.16208213
5939.8500 3.13918178
5939.9000 3.11629473
5939.9500 3.09981079
5940.0000 3.08332685
5940.0500 3.06684291
5940.1000 3.05035897
5940.1500 3.03670066
5940.2000 3.03255524
5940.2500 3.02840981
5940.3000 3.02426439
5940.3500 3.02011897
5940.4000 3.01456949
5940.4500 3.00735539
5940.5000 3.00014129
5940.5500 2.99292719
5940.6000 2.9857131
5940.6500 2.96666909
5940.7000 2.94225253
5940.7500 2.91783598
5940.8000 2.89341942
5940.8500 2.86900286
5940.9000 2.85600269
5940.9500 2.84400291
5941.0000 2.83200314
5941.0500 2.82000337
5941.1000 2.81322439
5941.1500 2.8353967
5941.2000 2.85756902
5941.2500 2.87974133
5941.3000 2.90191364
5941.3500 2.91332032
5941.4000 2.90772697
5941.4500 2.90213362
5941.5000 2.89654026
5941.5500 2.89094691
5941.6000 2.90986288
5941.6500 2.94352911
5941.7000 2.97719534
5941.7500 3.01086158
5941.8000 3.04452781
5941.8500 3.03678639
5941.9000 3.02244103
5941.9500 3.00809567
5942.0000 2.99375031
5942.0500 2.97812046
5942.1000 2.951209
5942.1500 2.92429753
5942.2000 2.89738607
5942.2500 2.8704746
5942.3000 2.85182861
5942.3500 2.84897323
5942.4000 2.84611785
5942.4500 2.84326246
5942.5000 2.84040708
5942.5500 2.84946371
5942.6000 2.86691617
5942.6500 2.88436864
5942.7000 2.9018211
5942.7500 2.91927357
5942.8000 2.94842698
5942.8500 2.97995733
5942.9000 3.01148767
5942.9500 3.04301802
5943.0000 3.07257575
5943.0500 3.07860422
5943.1000 3.08463269
5943.1500 3.09066116
5943.2000 3.09668963
5943.2500 3.1001993
5943.3000 3.09848127
5943.3500 3.09676323
5943.4000 3.0950452
5943.4500 3.09332717
5943.5000 3.09949563
5943.5500 3.1115037
5943.6000 3.12351178
5943.6500 3.13551985
5943.7000 3.14752793
5943.7500 3.14371125
5943.8000 3.13655123
5943.8500 3.12939122
5943.9000 3.12223121
5943.9500 3.11508511
5944.0000 3.10810299
5944.0500 3.10112087
5944.1000 3.09413875
5944.1500 3.08715663
5944.2000 3.07499909
5944.2500 3.05244895
5944.3000 3.0298988
5944.3500 3.00734866
5944.4000 2.98479851
5944.4500 2.9891843
5944.5000 3.01242152
5944.5500 3.03565873
5944.6000 3.05889595
5944.6500 3.08213317
5944.7000 3.06731149
5944.7500 3.04554784
5944.8000 3.0237842
5944.8500 3.00202056
5944.9000 2.98444854
5944.9500 3.00268081
5945.0000 3.02091308
5945.0500 3.03914536
5945.1000 3.05737763
5945.1500 3.06751408
5945.2000 3.06359492
5945.2500 3.05967576
5945.3000 3.0557566
5945.3500 3.05183744
5945.4000 3.02533942
5945.4500 2.98545305
5945.5000 2.94556667
5945.5500 2.9056803
5945.6000 2.86579392
5945.6500 2.84060072
5945.7000 2.81719279
5945.7500 2.79378487
5945.8000 2.77037694
5945.8500 2.75644634
5945.9000 2.79333865
5945.9500 2.83023096
5946.0000 2.86712328
5946.0500 2.90401559
5946.1000 2.9301867
5946.1500 2.94181045
5946.2000 2.9534342
5946.2500 2.96505795
5946.3000 2.97668171
5946.3500 2.95965645
5946.4000 2.92994111
5946.4500 2.90022576
5946.5000 2.87051042
5946.5500 2.84079507
5946.6000 2.84993856
5946.6500 2.86055951
5946.7000 2.87118046
5946.7500 2.8818014
5946.8000 2.89153713
5946.8500 2.89839652
5946.9000 2.9052559
5946.9500 2.91211529
5947.0000 2.91897468
5947.0500 2.92755557
5947.1000 2.93779771
5947.1500 2.94803985
5947.2000 2.95828199
5947.2500 2.96852413
5947.3000 2.98018297
5947.3500 2.99223192
5947.4000 3.00428086
5947.4500 3.01632981
5947.5000 3.0280571
5947.5500 3.03482435
5947.6000 3.04159159
5947.6500 3.04835883
5947.7000 3.05512608
5947.7500 3.05990663
5947.8000 3.0608189
5947.8500 3.06173116
5947.9000 3.06264343
5947.9500 3.0635557
5948.0000 3.06595253
5948.0500 3.06926177
5948.1000 3.07257102
5948.1500 3.07588026
5948.2000 3.0791895
5948.2500 3.06228544
5948.3000 3.04316037
5948.3500 3.02403531
5948.4000 3.00491025
5948.4500 2.98465973
5948.5000 2.95942686
5948.5500 2.934194
5948.6000 2.90896114
5948.6500 2.88372827
5948.7000 2.86884473
5948.7500 2.86567171
5948.8000 2.86249868
5948.8500 2.85932565
5948.9000 2.85615263
5948.9500 2.87243147
5949.0000 2.89500045
5949.0500 2.91756942
5949.1000 2.9401384
5949.1500 2.96070116
5949.2000 2.93742812
5949.2500 2.91415507
5949.3000 2.89088203
5949.3500 2.86760899
5949.4000 2.84797222
5949.4500 2.83560263
5949.5000 2.82323303
5949.5500 2.81086343
5949.6000 2.79849383
5949.6500 2.81238417
5949.7000 2.8420405
5949.7500 2.87169683
5949.8000 2.90135316
5949.8500 2.93100949
5949.9000 2.90988105
5949.9500 2.88420557
5950.0000 2.85853008
5950.0500 2.8328546
5950.1000 2.81705581
5950.1500 2.83787808
5950.2000 2.85870036
5950.2500 2.87952263
5950.3000 2.9003449
5950.3500 2.91694283
5950.4000 2.92945965
5950.4500 2.94197647
5950.5000 2.95449328
5950.5500 2.9670101
5950.6000 2.97236323
5950.6500 2.97599706
5950.7000 2.9796309
5950.7500 2.98326474
5950.8000 2.98734416
5950.8500 2.9951855
5950.9000 3.00302684
5950.9500 3.01086819
5951.0000 3.01870953
5951.0500 3.01133882
5951.1000 2.98180149
5951.1500 2.95226416
5951.2000 2.92272682
5951.2500 2.89318949
5951.3000 2.88530472
5951.3500 2.88627847
5951.4000 2.88725221
5951.4500 2.88822595
5951.5000 2.88918924
5951.5500 2.8894144
5951.6000 2.88963956
5951.6500 2.88986472
5951.7000 2.89008988
5951.7500 2.89697515
5951.8000 2.91801906
5951.8500 2.93906296
5951.9000 2.96010687
5951.9500 2.98115077
5952.0000 2.98176562
5952.0500 2.97025151
5952.1000 2.95873739
5952.1500 2.94722327
5952.2000 2.93570915
5952.2500 2.94587386
5952.3000 2.95750495
5952.3500 2.96913603
5952.4000 2.98076712
5952.4500 2.9855746
5952.5000 2.96962967
5952.5500 2.95368474
5952.6000 2.93773981
5952.6500 2.92179488
5952.7000 2.92845069
5952.7500 2.95287343
5952.8000 2.97729618
5952.8500 3.00171892
5952.9000 3.02614166
5952.9500 3.01685051
5953.0000 3.00269554
5953.0500 2.98854056
5953.1000 2.97438559
5953.1500 2.96512729
5953.2000 2.97679939
5953.2500 2.98847149
5953.3000 3.00014359
5953.3500 3.01181569
5953.4000 3.00856746
5953.4500 2.99080465
5953.5000 2.97304184
5953.5500 2.95527903
5953.6000 2.93751621
5953.6500 2.94982612
5953.7000 2.96847909
5953.7500 2.98713207
5953.8000 3.00578505
5953.8500 3.01917149
5953.9000 3.00184184
5953.9500 2.98451218
5954.0000 2.96718253
5954.0500 2.94985287
5954.1000 2.93790553
5954.1500 2.93206337
5954.2000 2.92622121
5954.2500 2.92037904
5954.3000 2.91453688
5954.3500 2.92280313
5954.4000 2.93476705
5954.4500 2.94673096
5954.5000 2.95869488
5954.5500 2.96632947
5954.6000 2.94153052
5954.6500 2.91673156
5954.7000 2.89193261
5954.7500 2.86713365
5954.8000 2.8547437
5954.8500 2.85784164
5954.9000 2.86093958
5954.9500 2.86403752
5955.0000 2.86713546
5955.0500 2.87386196
5955.1000 2.88165099
5955.1500 2.88944003
5955.2000 2.89722907
5955.2500 2.90519608
5955.3000 2.91469951
5955.3500 2.92420295
5955.4000 2.93370639
5955.4500 2.94320983
5955.5000 2.94811351
5955.5500 2.94706081
5955.6000 2.94600811
5955.6500 2.94495541
5955.7000 2.94390271
5955.7500 2.921876
5955.8000 2.89355982
5955.8500 2.86524364
5955.9000 2.83692746
5955.9500 2.80990211
5956.0000 2.7939382
5956.0500 2.77797429
5956.1000 2.76201037
5956.1500 2.74604646
5956.2000 2.74848294
5956.2500 2.77421258
5956.3000 2.79994221
5956.3500 2.82567184
5956.4000 2.85140147
5956.4500 2.86871255
5956.5000 2.8836461
5956.5500 2.89857964
5956.6000 2.91351319
5956.6500 2.92473034
5956.7000 2.90865803
5956.7500 2.89258571
5956.8000 2.8765134
5956.8500 2.86044109
5956.9000 2.85190329
5956.9500 2.85215448
5957.0000 2.85240568
5957.0500 2.85265687
5957.1000 2.85290807
5957.1500 2.85523455
5957.2000 2.85806399
5957.2500 2.86089343
5957.3000 2.86372287
5957.3500 2.86874747
5957.4000 2.88622162
5957.4500 2.90369576
5957.5000 2.92116991
5957.5500 2.93864406
5957.6000 2.92144365
5957.6500 2.86908008
5957.7000 2.81671651
5957.7500 2.76435294
5957.8000 2.71198937
5957.8500 2.72663651
5957.9000 2.75359984
5957.9500 2.78056317
5958.0000 2.80752651
5958.0500 2.82159987
5958.1000 2.7823294
5958.1500 2.74305893
5958.2000 2.70378846
5958.2500 2.664518
5958.3000 2.65449117
5958.3500 2.66876892
5958.4000 2.68304666
5958.4500 2.6973244
5958.5000 2.71160215
5958.5500 2.73052514
5958.6000 2.74996855
5958.6500 2.76941195
5958.7000 2.78885535
5958.7500 2.80918372
5958.8000 2.83211084
5958.8500 2.85503797
5958.9000 2.87796509
5958.9500 2.90089222
5959.0000 2.91628974
5959.0500 2.92688201
5959.1000 2.93747428
5959.1500 2.94806655
5959.2000 2.95865882
5959.2500 2.94647187
5959.3000 2.9335434
5959.3500 2.92061493
5959.4000 2.90768646
5959.4500 2.89760315
5959.5000 2.89334501
5959.5500 2.88908687
5959.6000 2.88482873
5959.6500 2.88057059
5959.7000 2.86917093
5959.7500 2.85455463
5959.8000 2.83993833
5959.8500 2.82532203
5959.9000 2.81300377
5959.9500 2.84223919
5960.0000 2.8714746
5960.0500 2.90071002
5960.1000 2.92994543
5960.1500 2.9591932
5960.2000 2.98845823
5960.2500 3.01772326
5960.3000 3.04698829
5960.3500 3.07625332
5960.4000 3.06283475
5960.4500 3.03760115
5960.5000 3.01236755
5960.5500 2.98713395
5960.6000 2.96668147
5960.6500 2.97309826
5960.7000 2.97951504
5960.7500 2.98593183
5960.8000 2.99234862
5960.8500 2.99733472
5960.9000 3.00100311
5960.9500 3.00467149
5961.0000 3.00833988
5961.0500 3.01200827
5961.1000 3.00394455
5961.1500 2.99445566
5961.2000 2.98496678
5961.2500 2.97547789
5961.3000 2.96596367
5961.3500 2.95637898
5961.4000 2.94679429
5961.4500 2.9372096
5961.5000 2.92762491
5961.5500 2.92744849
5961.6000 2.93259052
5961.6500 2.93773255
5961.7000 2.94287458
5961.7500 2.94799433
5961.8000 2.95164125
5961.8500 2.95528818
5961.9000 2.95893511
5961.9500 2.96258203
5962.0000 2.95916264
5962.0500 2.94481019
5962.1000 2.93045774
5962.1500 2.91610529
5962.2000 2.90175284
5962.2500 2.90657139
5962.3000 2.91705474
5962.3500 2.92753808
5962.4000 2.93802142
5962.4500 2.94435107
5962.5000 2.92766377
5962.5500 2.91097646
5962.6000 2.89428916
5962.6500 2.87760185
5962.7000 2.87965254
5962.7500 2.89795822
5962.8000 2.91626389
5962.8500 2.93456957
5962.9000 2.95287524
5962.9500 2.95117289
5963.0000 2.94772418
5963.0500 2.94427547
5963.1000 2.94082676
5963.1500 2.93782226
5963.2000 2.93582706
5963.2500 2.93383187
5963.3000 2.93183668
5963.3500 2.92984149
5963.4000 2.94361965
5963.4500 2.96438091
5963.5000 2.98514217
5963.5500 3.00590343
5963.6000 3.0243374
5963.6500 3.0168231
5963.7000 3.0093088
5963.7500 3.0017945
5963.8000 2.9942802
5963.8500 2.97233832
5963.9000 2.93432944
5963.9500 2.89632056
5964.0000 2.85831168
5964.0500 2.8203028
5964.1000 2.83796305
5964.1500 2.86426884
5964.2000 2.89057463
5964.2500 2.91688042
5964.3000 2.93689662
5964.3500 2.93898114
5964.4000 2.94106566
5964.4500 2.94315019
5964.5000 2.94523471
5964.5500 2.94748553
5964.6000 2.94982377
5964.6500 2.95216202
5964.7000 2.95450026
5964.7500 2.95510929
5964.8000 2.92469672
5964.8500 2.89428415
5964.9000 2.86387158
5964.9500 2.83345901
5965.0000 2.81136852
5965.0500 2.79937459
5965.1000 2.78738067
5965.1500 2.77538674
5965.2000 2.76339281
5965.2500 2.80392641
5965.3000 2.85354808
5965.3500 2.90316976
5965.4000 2.95279143
5965.4500 2.98940822
5965.5000 2.98799495
5965.5500 2.98658168
5965.6000 2.98516841
5965.6500 2.98375514
5965.7000 2.96447226
5965.7500 2.93593403
5965.8000 2.9073958
5965.8500 2.87885757
5965.9000 2.85285995
5965.9500 2.86377266
5966.0000 2.87468537
5966.0500 2.88559808
5966.1000 2.89651079
5966.1500 2.900839
5966.2000 2.89779133
5966.2500 2.89474367
5966.3000 2.891696
5966.3500 2.88864834
5966.4000 2.84828743
5966.4500 2.80286533
5966.5000 2.75744323
5966.5500 2.71202114
5966.6000 2.68850026
5966.6500 2.71831128
5966.7000 2.74812229
5966.7500 2.7779333
5966.8000 2.80774432
5966.8500 2.82277039
5966.9000 2.83155947
5966.9500 2.84034854
5967.0000 2.84913762
5967.0500 2.85728453
5967.1000 2.86059233
5967.1500 2.86390013
5967.2000 2.86720793
5967.2500 2.87051573
5967.3000 2.87168886
5967.3500 2.87098902
5967.4000 2.87028919
5967.4500 2.86958936
5967.5000 2.86888953
5967.5500 2.8268269
5967.6000 2.78257787
5967.6500 2.73832883
5967.7000 2.69407979
5967.7500 2.6571147
5967.8000 2.63262747
5967.8500 2.60814025
5967.9000 2.58365303
5967.9500 2.5591658
5968.0000 2.5689031
5968.0500 2.5877914
5968.1000 2.60667969
5968.1500 2.62556798
5968.2000 2.64519939
5968.2500 2.66760752
5968.3000 2.69001566
5968.3500 2.7124238
5968.4000 2.73483193
5968.4500 2.74244369
5968.5000 2.74154539
5968.5500 2.74064708
5968.6000 2.73974878
5968.6500 2.73963505
5968.7000 2.75175778
5968.7500 2.7638805
5968.8000 2.77600323
5968.8500 2.78812595
5968.9000 2.80062129
5968.9500 2.81350867
5969.0000 2.82639605
5969.0500 2.83928344
5969.1000 2.85217082
5969.1500 2.84623388
5969.2000 2.83857053
5969.2500 2.83090719
5969.3000 2.82324385
5969.3500 2.82428071
5969.4000 2.84173778
5969.4500 2.85919484
5969.5000 2.87665191
5969.5500 2.89410898
5969.6000 2.88181255
5969.6500 2.8610427
5969.7000 2.84027284
5969.7500 2.81950299
5969.8000 2.80585166
5969.8500 2.81866121
5969.9000 2.83147076
5969.9500 2.84428032
5970.0000 2.85708987
5970.0500 2.82714244
5970.1000 2.77389713
5970.1500 2.72065183
5970.2000 2.66740652
5970.2500 2.62075715
5970.3000 2.64579906
5970.3500 2.67084097
5970.4000 2.69588288
5970.4500 2.72092479
5970.5000 2.73606485
5970.5500 2.74216908
5970.6000 2.7482733
5970.6500 2.75437752
5970.7000 2.76048174
5970.7500 2.74088993
5970.8000 2.72031445
5970.8500 2.69973897
5970.9000 2.6791635
5970.9500 2.66399801
5971.0000 2.65677884
5971.0500 2.64955968
5971.1000 2.64234051
5971.1500 2.63512134
5971.2000 2.65361914
5971.2500 2.67670418
5971.3000 2.69978922
5971.3500 2.72287427
5971.4000 2.74131048
5971.4500 2.74857549
5971.5000 2.75584051
5971.5500 2.76310552
5971.6000 2.77037054
5971.6500 2.77570433
5971.7000 2.7803622
5971.7500 2.78502008
5971.8000 2.78967795
5971.8500 2.78786438
5971.9000 2.7583336
5971.9500 2.72880282
5972.0000 2.69927205
5972.0500 2.66974127
5972.1000 2.68165069
5972.1500 2.71692228
5972.2000 2.75219387
5972.2500 2.78746546
5972.3000 2.81951181
5972.3500 2.8194739
5972.4000 2.81943599
5972.4500 2.81939808
5972.5000 2.81936017
5972.5500 2.82051286
5972.6000 2.82266013
5972.6500 2.8248074
5972.7000 2.82695467
5972.7500 2.82909991
5972.8000 2.75510048
5972.8500 2.68110105
5972.9000 2.60710162
5972.9500 2.53310218
5973.0000 2.52198414
5973.0500 2.58562416
5973.1000 2.64926417
5973.1500 2.71290419
5973.2000 2.77654421
5973.2500 2.76892198
5973.3000 2.75470899
5973.3500 2.740496
5973.4000 2.72628301
5973.4500 2.71648139
5973.5000 2.7140167
5973.5500 2.711552
5973.6000 2.7090873
5973.6500 2.70662261
5973.7000 2.74126228
5973.7500 2.78311209
5973.8000 2.82496191
5973.8500 2.86681172
5973.9000 2.89476899
5973.9500 2.89042765
5974.0000 2.8860863
5974.0500 2.88174496
5974.1000 2.87740361
5974.1500 2.86974594
5974.2000 2.86107456
5974.2500 2.85240318
5974.3000 2.84373179
5974.3500 2.83960225
5974.4000 2.85045105
5974.4500 2.86129986
5974.5000 2.87214867
5974.5500 2.88299748
5974.6000 2.86379993
5974.6500 2.83179399
5974.7000 2.79978805
5974.7500 2.7677821
5974.8000 2.73403071
5974.8500 2.69183111
5974.9000 2.64963151
5974.9500 2.60743192
5975.0000 2.56523232
5975.0500 2.56810313
5975.1000 2.59599759
5975.1500 2.62389206
5975.2000 2.65178652
5975.2500 2.67708634
5975.3000 2.6826959
5975.3500 2.68830546
5975.4000 2.69391502
5975.4500 2.69952459
5975.5000 2.70894819
5975.5500 2.72100556
5975.6000 2.73306293
5975.6500 2.7451203
5975.7000 2.75739672
5975.7500 2.77266219
5975.8000 2.78792766
5975.8500 2.80319313
5975.9000 2.81845859
5975.9500 2.80428883
5976.0000 2.76571294
5976.0500 2.72713704
5976.1000 2.68856115
5976.1500 2.65176358
5976.2000 2.67957528
5976.2500 2.70738697
5976.3000 2.73519867
5976.3500 2.76301036
5976.4000 2.75993557
5976.4500 2.72701106
5976.5000 2.69408655
5976.5500 2.66116204
5976.6000 2.62823752
5976.6500 2.63780565
5976.7000 2.64771874
5976.7500 2.65763182
5976.8000 2.6675449
5976.8500 2.66403371
5976.9000 2.64580511
5976.9500 2.62757651
5977.0000 2.60934791
5977.0500 2.59111931
5977.1000 2.58989024
5977.1500 2.58930026
5977.2000 2.58871029
5977.2500 2.58812031
5977.3000 2.59867692
5977.3500 2.62273797
5977.4000 2.64679903
5977.4500 2.67086009
5977.5000 2.69492114
5977.5500 2.63947488
5977.6000 2.57915555
5977.6500 2.51883622
5977.7000 2.4585169
5977.7500 2.44666868
5977.8000 2.49803671
5977.8500 2.54940474
5977.9000 2.60077277
5977.9500 2.6521408
5978.0000 2.6527601
5978.0500 2.64940639
5978.1000 2.64605268
5978.1500 2.64269897
5978.2000 2.64238856
5978.2500 2.64623843
5978.3000 2.6500883
5978.3500 2.65393817
5978.4000 2.65778805
5978.4500 2.66557077
5978.5000 2.67369914
5978.5500 2.68182751
5978.6000 2.68995588
5978.6500 2.68745626
5978.7000 2.67013577
5978.7500 2.65281528
5978.8000 2.6354948
5978.8500 2.61817431
5978.9000 2.62520484
5978.9500 2.6344192
5979.0000 2.64363356
5979.0500 2.65284791
5979.1000 2.66295262
5979.1500 2.67428965
5979.2000 2.68562669
5979.2500 2.69696372
5979.3000 2.70830076
5979.3500 2.69839479
5979.4000 2.68671322
5979.4500 2.67503165
5979.5000 2.66335007
5979.5500 2.6551381
5979.6000 2.65156408
5979.6500 2.64799005
5979.7000 2.64441603
5979.7500 2.640842
5979.8000 2.66570069
5979.8500 2.69254567
5979.9000 2.71939065
5979.9500 2.74623563
5980.0000 2.74743854
5980.0500 2.71641745
5980.1000 2.68539635
5980.1500 2.65437525
5980.2000 2.62335415
5980.2500 2.65968627
5980.3000 2.69932352
5980.3500 2.73896077
5980.4000 2.77859801
5980.4500 2.77688777
5980.5000 2.72760397
5980.5500 2.67832016
5980.6000 2.62903636
5980.6500 2.57975256
5980.7000 2.58959305
5980.7500 2.600737
5980.8000 2.61188095
5980.8500 2.62302489
5980.9000 2.632906
5980.9500 2.64149122
5981.0000 2.65007643
5981.0500 2.65866164
5981.1000 2.66716071
5981.1500 2.66740101
5981.2000 2.66764132
5981.2500 2.66788162
5981.3000 2.66812192
5981.3500 2.67407284
5981.4000 2.68511278
5981.4500 2.69615272
5981.5000 2.70719267
5981.5500 2.71565893
5981.6000 2.67407416
5981.6500 2.63248939
5981.7000 2.59090462
5981.7500 2.54931985
5981.8000 2.5344596
5981.8500 2.53970181
5981.9000 2.54494401
5981.9500 2.55018622
5982.0000 2.55632876
5982.0500 2.5711304
5982.1000 2.58593203
5982.1500 2.60073367
5982.2000 2.6155353
5982.2500 2.62933516
5982.3000 2.64251928
5982.3500 2.65570339
5982.4000 2.66888751
5982.4500 2.68368769
5982.5000 2.70792882
5982.5500 2.73216995
5982.6000 2.75641108
5982.6500 2.78065221
5982.7000 2.78176777
5982.7500 2.77173138
5982.8000 2.76169498
5982.8500 2.75165858
5982.9000 2.74472384
5982.9500 2.74982994
5983.0000 2.75493603
5983.0500 2.76004213
5983.1000 2.76514823
5983.1500 2.74753161
5983.2000 2.72179303
5983.2500 2.69605445
5983.3000 2.67031586
5983.3500 2.64583284
5983.4000 2.62474091
5983.4500 2.60364897
5983.5000 2.58255703
5983.5500 2.56146509
5983.6000 2.55761981
5983.6500 2.55794134
5983.7000 2.55826287
5983.7500 2.55858441
5983.8000 2.57618858
5983.8500 2.62700113
5983.9000 2.67781367
5983.9500 2.72862621
5984.0000 2.77943876
5984.0500 2.7614801
5984.1000 2.73421886
5984.1500 2.70695762
5984.2000 2.67969638
5984.2500 2.65520928
5984.3000 2.63453613
5984.3500 2.61386298
5984.4000 2.59318983
5984.4500 2.57251668
5984.5000 2.49364629
5984.5500 2.41253969
5984.6000 2.33143309
5984.6500 2.25032649
5984.7000 2.22946865
5984.7500 2.26729237
5984.8000 2.30511608
5984.8500 2.3429398
5984.9000 2.38072155
5984.9500 2.41773605
5985.0000 2.45475054
5985.0500 2.49176504
5985.1000 2.52877953
5985.1500 2.52816179
5985.2000 2.50233117
5985.2500 2.47650055
5985.3000 2.45066993
5985.3500 2.43367226
5985.4000 2.46775093
5985.4500 2.5018296
5985.5000 2.53590827
5985.5500 2.56998694
5985.6000 2.57213582
5985.6500 2.56045332
5985.7000 2.54877081
5985.7500 2.5370883
5985.8000 2.52628759
5985.8500 2.51813597
5985.9000 2.50998435
5985.9500 2.50183273
5986.0000 2.49368111
5986.0500 2.50555799
5986.1000 2.52233576
5986.1500 2.53911353
5986.2000 2.55589129
5986.2500 2.56823687
5986.3000 2.57266051
5986.3500 2.57708415
5986.4000 2.58150779
5986.4500 2.58593143
5986.5000 2.58453496
5986.5500 2.58260335
5986.6000 2.58067174
5986.6500 2.57874013
5986.7000 2.56804322
5986.7500 2.54763931
5986.8000 2.52723541
5986.8500 2.5068315
5986.9000 2.48714201
5986.9500 2.48720302
5987.0000 2.48726403
5987.0500 2.48732505
5987.1000 2.48738606
5987.1500 2.48972511
5987.2000 2.493602
5987.2500 2.49747889
5987.3000 2.50135578
5987.3500 2.50761721
5987.4000 2.52632756
5987.4500 2.54503791
5987.5000 2.56374826
5987.5500 2.58245861
5987.6000 2.59171342
5987.6500 2.59740325
5987.7000 2.60309307
5987.7500 2.6087829
5987.8000 2.61166301
5987.8500 2.60777429
5987.9000 2.60388556
5987.9500 2.59999684
5988.0000 2.59610811
5988.0500 2.58797443
5988.1000 2.57916201
5988.1500 2.5703496
5988.2000 2.56153718
5988.2500 2.55423283
5988.3000 2.54890606
5988.3500 2.54357929
5988.4000 2.53825252
5988.4500 2.53300784
5988.5000 2.54465299
5988.5500 2.55629814
5988.6000 2.56794329
5988.6500 2.57958843
5988.7000 2.55458129
5988.7500 2.50289177
5988.8000 2.45120224
5988.8500 2.39951271
5988.9000 2.36269116
5988.9500 2.40738072
5989.0000 2.45207028
5989.0500 2.49675984
5989.1000 2.5414494
5989.1500 2.54918466
5989.2000 2.54335634
5989.2500 2.53752801
5989.3000 2.53169969
5989.3500 2.51771819
5989.4000 2.48562657
5989.4500 2.45353494
5989.5000 2.42144331
5989.5500 2.38935169
5989.6000 2.43140112
5989.6500 2.48251521
5989.7000 2.5336293
5989.7500 2.58474339
5989.8000 2.60563577
5989.8500 2.5929051
5989.9000 2.58017443
5989.9500 2.56744376
5990.0000 2.55328383
5990.0500 2.51563381
5990.1000 2.4779838
5990.1500 2.44033378
5990.2000 2.40268376
5990.2500 2.41760602
5990.3000 2.46171229
5990.3500 2.50581856
5990.4000 2.54992483
5990.4500 2.57915284
5990.5000 2.55868504
5990.5500 2.53821724
5990.6000 2.51774944
5990.6500 2.49728164
5990.7000 2.48694053
5990.7500 2.47883041
5990.8000 2.47072029
5990.8500 2.46261017
5990.9000 2.44810718
5990.9500 2.42441282
5991.0000 2.40071845
5991.0500 2.37702409
5991.1000 2.35345616
5991.1500 2.37744576
5991.2000 2.40143536
5991.2500 2.42542496
5991.3000 2.44941456
5991.3500 2.49470929
5991.4000 2.55439904
5991.4500 2.61408878
5991.5000 2.67377853
5991.5500 2.71222872
5991.6000 2.66163976
5991.6500 2.61105081
5991.7000 2.56046185
5991.7500 2.50987289
5991.8000 2.38552803
5991.8500 2.24159002
5991.9000 2.09765201
5991.9500 1.953714
5992.0000 1.9027051
5992.0500 1.99746909
5992.1000 2.09223309
5992.1500 2.18699709
5992.2000 2.28176108
5992.2500 2.35987979
5992.3000 2.43783381
5992.3500 2.51578783
5992.4000 2.59374185
5992.4500 2.60308542
5992.5000 2.56529757
5992.5500 2.52750971
5992.6000 2.48972186
5992.6500 2.47317497
5992.7000 2.54317297
5992.7500 2.61317098
5992.8000 2.68316898
5992.8500 2.75316699
5992.9000 2.68841787
5992.9500 2.59061901
5993.0000 2.49282014
5993.0500 2.39502127
5993.1000 2.36653353
5993.1500 2.43749754
5993.2000 2.50846156
5993.2500 2.57942558
5993.3000 2.64904976
5993.3500 2.6532193
5993.4000 2.65738884
5993.4500 2.66155837
5993.5000 2.66572791
5993.5500 2.64563431
5993.6000 2.61135873
5993.6500 2.57708314
5993.7000 2.54280756
5993.7500 2.51207314
5993.8000 2.49231902
5993.8500 2.47256489
5993.9000 2.45281076
5993.9500 2.43305664
5994.0000 2.44217602
5994.0500 2.45606229
5994.1000 2.46994856
5994.1500 2.48383483
5994.2000 2.49212824
5994.2500 2.49422605
5994.3000 2.49632386
5994.3500 2.49842168
5994.4000 2.50181151
5994.4500 2.51791225
5994.5000 2.534013
5994.5500 2.55011375
5994.6000 2.56621449
5994.6500 2.55950208
5994.7000 2.54355269
5994.7500 2.52760331
5994.8000 2.51165392
5994.8500 2.48862719
5994.9000 2.45142585
5994.9500 2.41422451
5995.0000 2.37702318
5995.0500 2.33982184
5995.1000 2.37019909
5995.1500 2.40369091
5995.2000 2.43718273
5995.2500 2.47067454
5995.3000 2.48171098
5995.3500 2.47652406
5995.4000 2.47133715
5995.4500 2.46615023
5995.5000 2.45104475
5995.5500 2.39791381
5995.6000 2.34478286
5995.6500 2.29165192
5995.7000 2.23852097
5995.7500 2.25549018
5995.8000 2.28632234
5995.8500 2.31715451
5995.9000 2.34798667
5995.9500 2.3741308
5996.0000 2.3948726
5996.0500 2.4156144
5996.1000 2.4363562
5996.1500 2.4565823
5996.2000 2.47195317
5996.2500 2.48732404
5996.3000 2.50269491
5996.3500 2.51806578
5996.4000 2.54401023
5996.4500 2.57388277
5996.5000 2.60375531
5996.5500 2.63362785
5996.6000 2.63721699
5996.6500 2.59487014
5996.7000 2.55252329
5996.7500 2.51017644
5996.8000 2.46784939
5996.8500 2.4696382
5996.9000 2.47142702
5996.9500 2.47321583
5997.0000 2.47500464
5997.0500 2.47677525
5997.1000 2.47853556
5997.1500 2.48029587
5997.2000 2.48205619
5997.2500 2.46916489
5997.3000 2.41832955
5997.3500 2.36749421
5997.4000 2.31665886
5997.4500 2.26582352
5997.5000 2.29652993
5997.5500 2.33430928
5997.6000 2.37208863
5997.6500 2.40986798
5997.7000 2.42972681
5997.7500 2.43570386
5997.8000 2.4416809
5997.8500 2.44765794
5997.9000 2.44095185
5997.9500 2.38610243
5998.0000 2.331253
5998.0500 2.27640358
5998.1000 2.22155415
5998.1500 2.25762106
5998.2000 2.30907773
5998.2500 2.3605344
5998.3000 2.41199108
5998.3500 2.43959302
5998.4000 2.44368621
5998.4500 2.4477794
5998.5000 2.45187259
5998.5500 2.4654052
5998.6000 2.53088245
5998.6500 2.5963597
5998.7000 2.66183695
5998.7500 2.72731421
5998.8000 2.72456496
5998.8500 2.70535233
5998.9000 2.68613969
5998.9500 2.66692706
5999.0000 2.62819763
5999.0500 2.56647727
5999.1000 2.50475691
5999.1500 2.44303655
5999.2000 2.39047017
5999.2500 2.40878772
5999.3000 2.42710526
5999.3500 2.44542281
5999.4000 2.46374035
5999.4500 2.47590596
5999.5000 2.48624756
5999.5500 2.49658916
5999.6000 2.50693076
5999.6500 2.50891873
5999.7000 2.49983127
5999.7500 2.49074382
5999.8000 2.48165637
5999.8500 2.47333711
5999.9000 2.47275626
5999.9500 2.47217541
6000.0000 2.47159456
6000.0500 2.47101371
6000.1000 2.45733772
6000.1500 2.43935152
6000.2000 2.42136533
6000.2500 2.40337913
6000.3000 2.37833063
6000.3500 2.34337286
6000.4000 2.30841508
6000.4500 2.27345731
6000.5000 2.24232698
6000.5500 2.25427756
6000.6000 2.26622813
6000.6500 2.27817871
6000.7000 2.29012928
6000.7500 2.33237925
6000.8000 2.38479537
6000.8500 2.43721149
6000.9000 2.48962761
6000.9500 2.50466278
6001.0000 2.46757658
6001.0500 2.43049038
6001.1000 2.39340419
6001.1500 2.36301627
6001.2000 2.40183596
6001.2500 2.44065564
6001.3000 2.47947532
6001.3500 2.51829501
6001.4000 2.5261014
6001.4500 2.5241433
6001.5000 2.52218519
6001.5500 2.52022708
6001.6000 2.50456915
6001.6500 2.47108466
6001.7000 2.43760018
6001.7500 2.4041157
6001.8000 2.37554821
6001.8500 2.38665513
6001.9000 2.39776206
6001.9500 2.40886898
6002.0000 2.41997591
6002.0500 2.42442529
6002.1000 2.42708027
6002.1500 2.42973526
6002.2000 2.43239024
6002.2500 2.42511545
6002.3000 2.40649974
6002.3500 2.38788402
6002.4000 2.36926831
6002.4500 2.34736737
6002.5000 2.30650527
6002.5500 2.26564317
6002.6000 2.22478107
6002.6500 2.18391898
6002.7000 2.19776625
6002.7500 2.22280074
6002.8000 2.24783524
6002.8500 2.27286974
6002.9000 2.27407471
6002.9500 2.2527931
6003.0000 2.23151148
6003.0500 2.21022986
6003.1000 2.19655422
6003.1500 2.21321226
6003.2000 2.2298703
6003.2500 2.24652834
6003.3000 2.26318638
6003.3500 2.26906181
6003.4000 2.27357952
6003.4500 2.27809724
6003.5000 2.28261495
6003.5500 2.2758297
6003.6000 2.26077744
6003.6500 2.24572518
6003.7000 2.23067292
6003.7500 2.23323951
6003.8000 2.28376269
6003.8500 2.33428587
6003.9000 2.38480905
6003.9500 2.43533224
6004.0000 2.44857081
6004.0500 2.46031675
6004.1000 2.47206269
6004.1500 2.48380863
6004.2000 2.46064182
6004.2500 2.41917094
6004.3000 2.37770006
6004.3500 2.33622918
6004.4000 2.2940362
6004.4500 2.25051567
6004.5000 2.20699514
6004.5500 2.1634746
6004.6000 2.12298492
6004.6500 2.13975813
6004.7000 2.15653134
6004.7500 2.17330455
6004.8000 2.19007776
6004.8500 2.21591655
6004.9000 2.24477801
6004.9500 2.27363947
6005.0000 2.30250093
6005.0500 2.3392982
6005.1000 2.38574222
6005.1500 2.43218623
6005.2000 2.47863024
6005.2500 2.51600922
6005.3000 2.50376381
6005.3500 2.49151841
6005.4000 2.479273
6005.4500 2.46702759
6005.5000 2.41934783
6005.5500 2.36586538
6005.6000 2.31238294
6005.6500 2.25890049
6005.7000 2.25641925
6005.7500 2.29307242
6005.8000 2.32972559
6005.8500 2.36637876
6005.9000 2.38603963
6005.9500 2.36069671
6006.0000 2.33535378
6006.0500 2.31001085
6006.1000 2.28466792
6006.1500 2.29535257
6006.2000 2.30662071
6006.2500 2.31788885
6006.3000 2.32915699
6006.3500 2.28907823
6006.4000 2.22654612
6006.4500 2.16401401
6006.5000 2.10148191
6006.5500 2.06753502
6006.6000 2.07486519
6006.6500 2.08219537
6006.7000 2.08952555
6006.7500 2.09775108
6006.8000 2.11228481
6006.8500 2.12681855
6006.9000 2.14135229
6006.9500 2.15588602
6007.0000 2.1939058
6007.0500 2.23636123
6007.1000 2.27881667
6007.1500 2.3212721
6007.2000 2.36442154
6007.2500 2.40811691
6007.3000 2.45181228
6007.3500 2.49550765
6007.4000 2.51788861
6007.4500 2.48545779
6007.5000 2.45302697
6007.5500 2.42059615
6007.6000 2.38815211
6007.6500 2.349078
6007.7000 2.31000388
6007.7500 2.27092977
6007.8000 2.23185566
6007.8500 2.25873166
6007.9000 2.31053376
6007.9500 2.36233586
6008.0000 2.41413796
6008.0500 2.45721837
6008.1000 2.48968863
6008.1500 2.52215889
6008.2000 2.55462914
6008.2500 2.5700818
6008.3000 2.50711917
6008.3500 2.44415654
6008.4000 2.38119392
6008.4500 2.31823129
6008.5000 2.36267735
6008.5500 2.41810996
6008.6000 2.47354257
6008.6500 2.52897519
6008.7000 2.51480191
6008.7500 2.46110189
6008.8000 2.40740186
6008.8500 2.35370184
6008.9000 2.3314641
6008.9500 2.36276575
6009.0000 2.39406739
6009.0500 2.42536904
6009.1000 2.45550922
6009.1500 2.47566297
6009.2000 2.49581671
6009.2500 2.51597046
6009.3000 2.5361242
6009.3500 2.47624586
6009.4000 2.4011186
6009.4500 2.32599134
6009.5000 2.25086408
6009.5500 2.26245238
6009.6000 2.33749412
6009.6500 2.41253586
6009.7000 2.48757761
6009.7500 2.529379
6009.8000 2.49945262
6009.8500 2.46952624
6009.9000 2.43959986
6009.9500 2.40966577
6010.0000 2.37960545
6010.0500 2.34954513
6010.1000 2.31948482
6010.1500 2.2894245
6010.2000 2.27377655
6010.2500 2.26172544
6010.3000 2.24967433
6010.3500 2.23762321
6010.4000 2.24717886
6010.4500 2.27479737
6010.5000 2.30241587
6010.5500 2.33003438
6010.6000 2.33444876
6010.6500 2.28226831
6010.7000 2.23008785
6010.7500 2.17790739
6010.8000 2.12653784
6010.8500 2.09535327
6010.9000 2.06416869
6010.9500 2.03298411
6011.0000 2.00179954
6011.0500 2.08621309
6011.1000 2.20169179
6011.1500 2.31717049
6011.2000 2.4326492
6011.2500 2.4844208
6011.3000 2.48180937
6011.3500 2.47919793
6011.4000 2.4765865
6011.4500 2.47291629
6011.5000 2.46668507
6011.5500 2.46045385
6011.6000 2.45422262
6011.6500 2.4483323
6011.7000 2.44931732
6011.7500 2.45030234
6011.8000 2.45128737
6011.8500 2.45227239
6011.9000 2.4436579
6011.9500 2.43269895
6012.0000 2.42174
6012.0500 2.41078105
6012.1000 2.34973029
6012.1500 2.2496258
6012.2000 2.1495213
6012.2500 2.0494168
6012.3000 2.01995991
6012.3500 2.13936905
6012.4000 2.2587782
6012.4500 2.37818735
6012.5000 2.49251852
6012.5500 2.55110758
6012.6000 2.60969664
6012.6500 2.66828571
6012.7000 2.72687477
6012.7500 2.66450272
6012.8000 2.58025952
6012.8500 2.49601633
6012.9000 2.41177313
6012.9500 2.35914701
6013.0000 2.32656674
6013.0500 2.29398647
6013.1000 2.2614062
6013.1500 2.23596498
6013.2000 2.22222972
6013.2500 2.20849446
6013.3000 2.1947592
6013.3500 2.19899027
6013.4000 2.30714215
6013.4500 2.41529403
6013.5000 2.52344592
6013.5500 2.6315978
6013.6000 2.57557376
6013.6500 2.50482694
6013.7000 2.43408012
6013.7500 2.3633333
6013.8000 2.33144357
6013.8500 2.31703296
6013.9000 2.30262235
6013.9500 2.28821174
6014.0000 2.29774088
6014.0500 2.33498034
6014.1000 2.3722198
6014.1500 2.40945925
6014.2000 2.41818645
6014.2500 2.33612463
6014.3000 2.2540628
6014.3500 2.17200098
6014.4000 2.09238309
6014.4500 2.16099442
6014.5000 2.22960574
6014.5500 2.29821707
6014.6000 2.36682839
6014.6500 2.3571181
6014.7000 2.32723379
6014.7500 2.29734949
6014.8000 2.26746518
6014.8500 2.28611685
6014.9000 2.34051547
6014.9500 2.39491408
6015.0000 2.4493127
6015.0500 2.45265939
6015.1000 2.36457167
6015.1500 2.27648395
6015.2000 2.18839623
6015.2500 2.1203601
6015.3000 2.17303407
6015.3500 2.22570803
6015.4000 2.278382
6015.4500 2.33105597
6015.5000 2.39047466
6015.5500 2.45041398
6015.6000 2.51035331
6015.6500 2.57029263
6015.7000 2.52525693
6015.7500 2.43857617
6015.8000 2.35189541
6015.8500 2.26521464
6015.9000 2.21662485
6015.9500 2.20532319
6016.0000 2.19402153
6016.0500 2.18271987
6016.1000 2.2157749
6016.1500 2.35411493
6016.2000 2.49245496
6016.2500 2.63079499
6016.3000 2.7519385
6016.3500 2.69759728
6016.4000 2.64325606
6016.4500 2.58891484
6016.5000 2.53457361
6016.5500 2.45086784
6016.6000 2.36330177
6016.6500 2.27573571
6016.7000 2.18816965
6016.7500 2.18255657
6016.8000 2.2154894
6016.8500 2.24842223
6016.9000 2.28135506
6016.9500 2.32322904
6017.0000 2.37486129
6017.0500 2.42649354
6017.1000 2.47812579
6017.1500 2.48718644
6017.2000 2.38564199
6017.2500 2.28409754
6017.3000 2.18255309
6017.3500 2.09334901
6017.4000 2.14715484
6017.4500 2.20096067
6017.5000 2.2547665
6017.5500 2.30857233
6017.6000 2.27782248
6017.6500 2.2358345
6017.7000 2.19384652
6017.7500 2.15185855
6017.8000 2.15348948
6017.8500 2.17493148
6017.9000 2.19637348
6017.9500 2.21781547
6018.0000 2.26832412
6018.0500 2.3485585
6018.1000 2.42879288
6018.1500 2.50902725
6018.2000 2.5691306
6018.2500 2.5828948
6018.3000 2.59665899
6018.3500 2.61042319
6018.4000 2.61745458
6018.4500 2.57166818
6018.5000 2.52588178
6018.5500 2.48009538
6018.6000 2.43430898
6018.6500 2.36287769
6018.7000 2.28936714
6018.7500 2.21585659
6018.8000 2.14234605
6018.8500 2.16821743
6018.9000 2.22924615
6018.9500 2.29027487
6019.0000 2.35130359
6019.0500 2.36883799
6019.1000 2.35137198
6019.1500 2.33390597
6019.2000 2.31643997
6019.2500 2.28130727
6019.3000 2.21625641
6019.3500 2.15120556
6019.4000 2.08615471
6019.4500 2.0397302
6019.5000 2.07262492
6019.5500 2.10551964
6019.6000 2.13841436
6019.6500 2.17215315
6019.7000 2.2830949
6019.7500 2.39403664
6019.8000 2.50497838
6019.8500 2.61592013
6019.9000 2.64170491
6019.9500 2.65044211
6020.0000 2.6591793
6020.0500 2.6679165
6020.1000 0
6020.1500 0
6020.2000 0
6020.2500 0
